2009.05.21 11:00:00.181,0.83225,0.8326,2.40,1.40
2009.05.21 11:00:01.100,0.8323,0.8326,3.80,1.40
2009.05.21 11:00:01.389,0.8323,0.8326,3.80,1.60
2009.05.21 11:00:03.359,0.8323,0.8326,3.80,1.40
2009.05.21 11:00:03.539,0.83225,0.8326,2.40,1.40
2009.05.21 11:00:08.328,0.8322,0.83255,4.20,1.00
2009.05.21 11:00:08.668,0.83225,0.8325,2.00,1.40
2009.05.21 11:00:08.998,0.83215,0.8325,2.40,1.40
2009.05.21 11:00:09.567,0.8322,0.83255,4.20,8.20
2009.05.21 11:00:09.807,0.8323,0.8326,1.60,1.60
2009.05.21 11:00:10.087,0.83225,0.8326,2.40,1.60
2009.05.21 11:00:10.317,0.83225,0.8326,2.40,1.40
2009.05.21 11:00:10.777,0.8323,0.8326,3.80,1.40
2009.05.21 11:00:11.187,0.8322,0.8326,6.60,1.40
2009.05.21 11:00:11.367,0.8322,0.8326,6.60,1.60
2009.05.21 11:00:11.587,0.8323,0.8326,1.60,1.60
2009.05.21 11:00:11.807,0.83225,0.8326,2.40,1.60
2009.05.21 11:00:12.027,0.8323,0.8326,9.60,1.60
2009.05.21 11:00:12.586,0.83225,0.8326,2.60,1.40
2009.05.21 11:00:12.816,0.83225,0.8326,4.20,1.40
2009.05.21 11:00:13.027,0.83225,0.8326,5.00,1.40
2009.05.21 11:00:13.436,0.83225,0.8326,2.60,1.40
2009.05.21 11:00:14.946,0.83225,0.8326,4.20,1.40
2009.05.21 11:00:15.246,0.8323,0.8326,4.00,1.40
2009.05.21 11:00:15.356,0.8323,0.8326,6.60,1.40
2009.05.21 11:00:15.656,0.8323,0.8327,5.80,1.60
2009.05.21 11:00:15.826,0.8323,0.8327,8.20,1.60
2009.05.21 11:00:19.235,0.8323,0.8327,4.20,1.60
2009.05.21 11:00:20.995,0.8323,0.8327,4.20,1.60
2009.05.21 11:00:21.265,0.8323,0.8327,4.20,1.60
2009.05.21 11:00:24.266,0.83235,0.8327,2.60,1.40
2009.05.21 11:00:24.674,0.83235,0.8327,2.40,1.40
2009.05.21 11:00:36.141,0.83235,0.8327,2.60,1.40
2009.05.21 11:00:36.581,0.83235,0.8327,2.40,1.40
2009.05.21 11:00:39.410,0.83235,0.8327,2.40,1.60
2009.05.21 11:00:40.060,0.8323,0.8327,4.20,1.60
2009.05.21 11:00:40.410,0.8323,0.8327,4.20,1.60
2009.05.21 11:00:40.530,0.8324,0.8327,1.60,1.60
2009.05.21 11:00:40.983,0.83225,0.8326,2.40,1.40
2009.05.21 11:00:41.440,0.8323,0.8326,3.80,1.40
2009.05.21 11:00:41.849,0.8322,0.8326,4.20,1.60
2009.05.21 11:00:42.139,0.83215,0.8325,2.60,1.40
2009.05.21 11:00:43.049,0.8322,0.8325,4.00,1.40
2009.05.21 11:00:43.379,0.83215,0.8325,2.60,1.40
2009.05.21 11:00:44.029,0.83215,0.8325,5.00,1.40
2009.05.21 11:00:44.319,0.83215,0.8325,4.60,1.40
2009.05.21 11:00:44.609,0.83215,0.8325,1.60,1.60
2009.05.21 11:00:44.849,0.8322,0.8325,1.80,1.60
2009.05.21 11:00:44.959,0.8322,0.8325,2.60,1.40
2009.05.21 11:00:45.309,0.8322,0.8325,2.40,1.40
2009.05.21 11:00:46.389,0.83225,0.8325,2.00,1.40
2009.05.21 11:00:46.788,0.83215,0.8325,2.40,1.40
2009.05.21 11:00:47.398,0.83215,0.8325,2.60,1.60
2009.05.21 11:00:47.558,0.83215,0.8325,4.00,1.60
2009.05.21 11:00:47.908,0.8322,0.8325,2.60,1.40
2009.05.21 11:00:48.128,0.8322,0.8325,2.40,1.40
2009.05.21 11:00:48.948,0.8322,0.8325,2.60,1.40
2009.05.21 11:00:49.288,0.8322,0.8326,4.20,1.60
2009.05.21 11:00:50.488,0.83225,0.8326,2.20,1.60
2009.05.21 11:00:50.957,0.8322,0.8326,12.20,1.60
2009.05.21 11:00:51.357,0.8322,0.8326,4.20,1.60
2009.05.21 11:00:56.076,0.83225,0.8326,2.60,1.60
2009.05.21 11:00:56.316,0.83235,0.8326,2.00,1.40
2009.05.21 11:00:56.716,0.8323,0.8327,4.20,1.60
2009.05.21 11:00:59.615,0.83225,0.8326,2.40,1.40
2009.05.21 11:01:11.052,0.83225,0.8326,4.80,1.40
2009.05.21 11:01:11.333,0.83225,0.8326,14.60,1.40
2009.05.21 11:01:11.572,0.8323,0.8326,2.40,1.40
2009.05.21 11:01:13.402,0.8323,0.8327,4.20,1.60
2009.05.21 11:01:13.942,0.8323,0.8327,6.20,1.60
2009.05.21 11:01:14.222,0.8324,0.8328,4.20,1.60
2009.05.21 11:01:14.512,0.83245,0.8328,2.40,1.40
2009.05.21 11:01:14.802,0.83245,0.8328,2.60,1.40
2009.05.21 11:01:15.081,0.83245,0.8328,2.40,1.40
2009.05.21 11:01:17.161,0.83245,0.8328,4.00,1.40
2009.05.21 11:01:17.501,0.83245,0.8328,2.40,1.40
2009.05.21 11:01:24.139,0.8325,0.8328,3.80,1.40
2009.05.21 11:01:24.639,0.8324,0.8328,4.20,1.60
2009.05.21 11:01:26.739,0.8325,0.83275,1.60,1.00
2009.05.21 11:01:26.959,0.83235,0.8327,2.40,1.40
2009.05.21 11:01:30.208,0.8324,0.8328,4.20,1.60
2009.05.21 11:01:30.858,0.8325,0.8328,4.00,1.40
2009.05.21 11:01:31.198,0.8327,0.8329,1.00,1.60
2009.05.21 11:01:31.378,0.83265,0.8329,2.60,1.40
2009.05.21 11:01:31.787,0.8327,0.83305,4.20,1.00
2009.05.21 11:01:32.008,0.83265,0.83305,2.40,1.00
2009.05.21 11:01:32.447,0.8326,0.8329,12.00,1.40
2009.05.21 11:01:32.797,0.8326,0.833,1.60,5.60
2009.05.21 11:01:33.157,0.8326,0.83285,1.60,1.00
2009.05.21 11:01:33.507,0.8324,0.8328,2.60,1.00
2009.05.21 11:01:33.897,0.8324,0.8328,2.40,1.00
2009.05.21 11:01:34.257,0.8324,0.8328,5.00,1.00
2009.05.21 11:01:34.777,0.83245,0.83285,2.40,1.00
2009.05.21 11:01:35.187,0.8325,0.83285,4.20,1.00
2009.05.21 11:01:35.297,0.8325,0.83285,2.40,1.00
2009.05.21 11:01:36.816,0.8325,0.83285,4.20,1.00
2009.05.21 11:01:37.626,0.8325,0.8329,4.20,1.60
2009.05.21 11:01:40.886,0.8325,0.83285,4.20,1.00
2009.05.21 11:01:43.105,0.8326,0.83285,1.60,1.00
2009.05.21 11:01:43.405,0.8325,0.8329,4.20,1.60
2009.05.21 11:01:43.984,0.8325,0.83285,4.20,1.00
2009.05.21 11:01:44.655,0.8326,0.83285,1.60,1.00
2009.05.21 11:01:44.894,0.8326,0.8328,1.60,1.00
2009.05.21 11:01:45.355,0.8325,0.8328,1.60,1.60
2009.05.21 11:01:45.634,0.8325,0.83275,1.60,1.00
2009.05.21 11:01:45.864,0.8324,0.8327,11.80,1.60
2009.05.21 11:01:46.154,0.8323,0.8327,4.20,1.60
2009.05.21 11:01:46.434,0.8324,0.8327,1.60,1.60
2009.05.21 11:01:46.724,0.83225,0.8326,2.40,1.40
2009.05.21 11:01:47.524,0.8323,0.8326,3.80,1.40
2009.05.21 11:01:47.864,0.8322,0.8326,4.20,1.60
2009.05.21 11:01:49.413,0.83225,0.8326,2.40,1.40
2009.05.21 11:01:52.383,0.8323,0.83255,1.60,1.00
2009.05.21 11:01:52.502,0.83215,0.8325,4.80,1.40
2009.05.21 11:01:52.823,0.83215,0.8325,2.40,1.40
2009.05.21 11:01:53.922,0.83225,0.8325,2.00,1.40
2009.05.21 11:01:54.222,0.83215,0.8325,2.40,1.40
2009.05.21 11:01:54.912,0.8321,0.8325,4.20,1.40
2009.05.21 11:01:55.462,0.8321,0.8325,4.20,1.60
2009.05.21 11:01:59.711,0.8321,0.8324,2.40,1.40
2009.05.21 11:01:59.831,0.83205,0.8324,2.40,1.40
2009.05.21 11:02:03.720,0.832,0.8324,4.20,1.60
2009.05.21 11:02:06.259,0.832,0.8323,1.60,1.60
2009.05.21 11:02:06.489,0.8318,0.8322,4.20,1.40
2009.05.21 11:02:06.829,0.8318,0.8322,4.20,1.60
2009.05.21 11:02:07.009,0.8318,0.8322,2.00,1.60
2009.05.21 11:02:09.858,0.8318,0.8322,4.20,1.60
2009.05.21 11:02:12.978,0.8318,0.8322,2.00,9.60
2009.05.21 11:02:13.547,0.8318,0.8322,2.00,1.60
2009.05.21 11:02:14.537,0.8318,0.8322,2.00,9.60
2009.05.21 11:02:15.177,0.8319,0.8321,1.60,1.00
2009.05.21 11:02:15.517,0.83175,0.8321,2.40,1.60
2009.05.21 11:02:17.506,0.83175,0.8321,2.40,1.40
2009.05.21 11:02:38.151,0.8317,0.8319,1.60,1.00
2009.05.21 11:02:38.421,0.8315,0.8319,4.20,1.60
2009.05.21 11:02:39.401,0.8316,0.8318,1.60,1.00
2009.05.21 11:02:39.741,0.8314,0.8318,12.20,6.40
2009.05.21 11:02:40.241,0.8314,0.8318,4.20,14.40
2009.05.21 11:02:40.861,0.8315,0.8318,1.60,4.00
2009.05.21 11:02:41.381,0.8313,0.8316,2.40,1.40
2009.05.21 11:02:41.681,0.8312,0.8316,4.20,1.60
2009.05.21 11:02:42.250,0.8312,0.83155,4.20,1.00
2009.05.21 11:02:45.060,0.8313,0.83155,1.60,1.00
2009.05.21 11:02:45.450,0.83115,0.8315,2.40,1.40
2009.05.21 11:02:46.849,0.83115,0.8315,2.60,1.40
2009.05.21 11:02:48.629,0.83115,0.8315,2.20,1.40
2009.05.21 11:02:48.859,0.8311,0.8315,4.20,1.60
2009.05.21 11:02:49.728,0.8311,0.8315,5.80,1.60
2009.05.21 11:02:49.959,0.8311,0.8315,4.20,1.60
2009.05.21 11:02:50.409,0.8311,0.8315,4.00,1.60
2009.05.21 11:02:51.168,0.8311,0.8315,5.60,1.60
2009.05.21 11:02:51.508,0.8311,0.8315,5.40,1.60
2009.05.21 11:02:51.618,0.8312,0.8315,1.60,1.60
2009.05.21 11:02:51.968,0.8311,0.8315,4.00,1.60
2009.05.21 11:02:52.258,0.8312,0.8315,1.60,1.60
2009.05.21 11:02:52.898,0.8311,0.8315,4.20,1.60
2009.05.21 11:02:53.398,0.8311,0.8315,4.20,1.60
2009.05.21 11:02:54.038,0.8312,0.8315,1.60,1.60
2009.05.21 11:02:57.467,0.8311,0.8315,4.20,1.60
2009.05.21 11:02:57.857,0.8311,0.8315,4.20,1.60
2009.05.21 11:02:58.217,0.8311,0.8315,4.20,1.60
2009.05.21 11:02:59.996,0.8311,0.8315,4.20,1.60
2009.05.21 11:03:01.157,0.8311,0.8315,4.20,1.60
2009.05.21 11:03:01.776,0.8312,0.8315,1.60,1.60
2009.05.21 11:03:02.006,0.83115,0.8315,2.60,1.60
2009.05.21 11:03:03.515,0.83115,0.8315,2.40,1.60
2009.05.21 11:03:04.015,0.8312,0.8315,3.80,1.60
2009.05.21 11:03:04.635,0.8311,0.8315,4.20,1.60
2009.05.21 11:03:05.315,0.8311,0.8315,5.80,1.60
2009.05.21 11:03:06.874,0.8312,0.8315,1.60,1.60
2009.05.21 11:03:07.085,0.83115,0.8315,2.40,1.40
2009.05.21 11:03:08.884,0.8312,0.8315,1.60,1.60
2009.05.21 11:03:09.054,0.8311,0.8315,4.20,1.60
2009.05.21 11:03:11.143,0.83115,0.8315,1.60,1.60
2009.05.21 11:03:11.194,0.8312,0.8315,2.00,1.60
2009.05.21 11:03:11.484,0.8312,0.8315,2.00,1.60
2009.05.21 11:03:11.603,0.8312,0.8316,5.80,1.60
2009.05.21 11:03:11.663,0.8312,0.8316,5.80,1.40
2009.05.21 11:03:11.953,0.8313,0.8316,1.60,1.40
2009.05.21 11:03:12.063,0.83125,0.8316,2.40,1.40
2009.05.21 11:03:14.573,0.8312,0.8316,4.20,1.40
2009.05.21 11:03:14.683,0.8312,0.8317,4.20,4.20
2009.05.21 11:03:14.803,0.8313,0.83155,1.60,3.00
2009.05.21 11:03:14.983,0.83115,0.8315,4.20,1.40
2009.05.21 11:03:15.392,0.8312,0.8315,12.20,1.40
2009.05.21 11:03:15.513,0.8312,0.8315,2.40,1.40
2009.05.21 11:03:15.862,0.8312,0.8315,12.20,1.40
2009.05.21 11:03:17.302,0.83115,0.8315,2.40,1.40
2009.05.21 11:03:18.542,0.83115,0.8315,2.60,1.40
2009.05.21 11:03:21.131,0.8312,0.8315,4.20,1.40
2009.05.21 11:03:21.371,0.8312,0.8315,2.60,1.40
2009.05.21 11:03:22.211,0.8312,0.8316,4.20,1.60
2009.05.21 11:03:23.751,0.8312,0.8316,6.60,1.60
2009.05.21 11:03:23.930,0.8312,0.8316,4.20,1.60
2009.05.21 11:03:24.501,0.8312,0.8316,4.20,1.60
2009.05.21 11:03:36.528,0.8313,0.8316,1.60,1.60
2009.05.21 11:03:36.748,0.83115,0.8315,2.60,1.40
2009.05.21 11:03:37.087,0.83115,0.8315,5.00,1.40
2009.05.21 11:03:37.917,0.83115,0.8315,2.40,1.40
2009.05.21 11:03:38.287,0.83115,0.8315,2.60,1.40
2009.05.21 11:03:38.517,0.83115,0.8315,5.00,1.40
2009.05.21 11:03:39.776,0.8312,0.8315,2.20,1.40
2009.05.21 11:03:40.127,0.83115,0.8315,13.80,1.40
2009.05.21 11:03:40.476,0.83115,0.8315,6.60,1.40
2009.05.21 11:03:41.226,0.8312,0.8315,12.20,1.40
2009.05.21 11:03:41.396,0.8312,0.8315,2.60,1.40
2009.05.21 11:03:43.726,0.8312,0.8316,4.20,1.60
2009.05.21 11:03:44.756,0.8312,0.8316,4.20,1.60
2009.05.21 11:03:45.775,0.8312,0.8316,4.20,1.60
2009.05.21 11:03:46.125,0.8312,0.8316,6.60,1.60
2009.05.21 11:03:46.425,0.8313,0.8316,1.60,1.60
2009.05.21 11:03:46.775,0.83125,0.8316,2.60,1.40
2009.05.21 11:03:48.765,0.83125,0.8316,2.40,1.40
2009.05.21 11:04:02.021,0.8313,0.8316,3.80,1.40
2009.05.21 11:04:04.740,0.83125,0.8316,2.40,1.40
2009.05.21 11:04:10.429,0.8313,0.8316,3.80,1.40
2009.05.21 11:04:14.678,0.8312,0.8316,4.20,1.60
2009.05.21 11:04:14.958,0.8312,0.8316,4.20,1.60
2009.05.21 11:04:15.288,0.8312,0.8316,4.20,1.60
2009.05.21 11:04:29.925,0.8313,0.83155,1.60,1.00
2009.05.21 11:04:30.165,0.83115,0.8315,2.40,1.40
2009.05.21 11:04:30.624,0.83115,0.8315,2.60,1.40
2009.05.21 11:04:31.144,0.83115,0.8315,2.40,1.40
2009.05.21 11:04:31.874,0.83115,0.8315,2.60,1.40
2009.05.21 11:04:32.264,0.83115,0.8315,2.40,1.40
2009.05.21 11:04:32.904,0.83115,0.8315,2.60,1.40
2009.05.21 11:04:33.593,0.8312,0.8315,12.20,1.40
2009.05.21 11:04:39.242,0.83115,0.8315,4.00,1.40
2009.05.21 11:04:39.592,0.83115,0.8315,4.20,1.40
2009.05.21 11:04:39.932,0.83115,0.8315,4.80,1.40
2009.05.21 11:04:40.222,0.8312,0.8315,3.80,1.40
2009.05.21 11:04:46.031,0.8311,0.8315,4.20,1.60
2009.05.21 11:04:46.311,0.83115,0.8315,2.00,1.60
2009.05.21 11:04:46.591,0.8312,0.8315,1.60,1.60
2009.05.21 11:04:46.650,0.83115,0.8315,2.60,1.40
2009.05.21 11:04:49.480,0.83115,0.8315,4.20,1.40
2009.05.21 11:04:50.390,0.83115,0.8315,6.60,1.40
2009.05.21 11:04:50.790,0.83115,0.8315,4.20,1.40
2009.05.21 11:04:51.819,0.83115,0.8315,4.00,1.40
2009.05.21 11:04:52.170,0.83115,0.8315,2.40,1.40
2009.05.21 11:04:53.259,0.8312,0.8315,3.80,1.40
2009.05.21 11:04:53.549,0.8311,0.8315,5.80,1.60
2009.05.21 11:04:54.689,0.8311,0.8315,4.20,1.60
2009.05.21 11:04:56.418,0.8311,0.8315,5.80,1.60
2009.05.21 11:04:57.998,0.8311,0.8315,4.20,1.60
2009.05.21 11:05:03.417,0.8311,0.83145,4.20,1.00
2009.05.21 11:05:03.966,0.8312,0.83145,1.60,1.00
2009.05.21 11:05:04.246,0.83105,0.8314,2.40,1.60
2009.05.21 11:05:04.526,0.831,0.8314,4.20,1.60
2009.05.21 11:05:05.486,0.831,0.8314,5.80,1.60
2009.05.21 11:05:09.195,0.831,0.8314,4.20,1.60
2009.05.21 11:05:10.345,0.831,0.8314,6.60,1.60
2009.05.21 11:05:10.575,0.8311,0.8314,1.60,1.60
2009.05.21 11:05:15.424,0.831,0.8314,4.20,1.60
2009.05.21 11:05:15.594,0.831,0.83135,4.20,1.00
2009.05.21 11:05:15.764,0.831,0.8313,2.40,1.40
2009.05.21 11:05:16.164,0.83105,0.8313,2.00,1.40
2009.05.21 11:05:16.893,0.83095,0.8313,2.40,1.40
2009.05.21 11:05:20.492,0.831,0.8313,3.80,2.20
2009.05.21 11:05:20.842,0.8309,0.8313,4.20,9.60
2009.05.21 11:05:21.072,0.8309,0.8313,4.20,1.60
2009.05.21 11:05:21.432,0.831,0.8313,1.60,1.60
2009.05.21 11:05:21.552,0.83095,0.8313,2.40,1.40
2009.05.21 11:05:30.880,0.83095,0.8313,4.00,1.40
2009.05.21 11:05:31.220,0.83095,0.8313,6.40,1.40
2009.05.21 11:05:34.169,0.83105,0.8314,4.80,1.60
2009.05.21 11:05:34.389,0.83105,0.8314,6.60,1.60
2009.05.21 11:05:34.799,0.83105,0.8314,2.40,1.60
2009.05.21 11:05:34.859,0.83105,0.8314,6.60,1.40
2009.05.21 11:05:35.209,0.83105,0.8314,2.60,1.40
2009.05.21 11:05:40.168,0.83085,0.8312,2.40,1.40
2009.05.21 11:05:40.468,0.83085,0.8312,2.40,1.60
2009.05.21 11:05:40.698,0.8309,0.8312,3.80,1.60
2009.05.21 11:05:43.297,0.83085,0.8312,2.40,1.60
2009.05.21 11:05:43.917,0.83085,0.8312,2.40,1.40
2009.05.21 11:05:47.496,0.83085,0.8312,4.00,1.40
2009.05.21 11:05:47.616,0.8309,0.8312,4.20,1.40
2009.05.21 11:05:47.676,0.8309,0.83125,2.00,1.00
2009.05.21 11:05:47.796,0.8309,0.8313,6.60,1.60
2009.05.21 11:05:50.715,0.8309,0.83125,4.20,1.00
2009.05.21 11:05:58.693,0.831,0.83125,1.60,1.00
2009.05.21 11:05:58.933,0.831,0.83125,1.60,3.20
2009.05.21 11:05:59.053,0.8309,0.8312,1.60,1.60
2009.05.21 11:05:59.343,0.83075,0.8312,2.40,9.60
2009.05.21 11:05:59.623,0.8308,0.8311,4.20,1.40
2009.05.21 11:05:59.953,0.8308,0.8312,2.40,1.00
2009.05.21 11:06:01.493,0.8307,0.83115,12.20,3.80
2009.05.21 11:06:01.662,0.8307,0.83115,4.20,3.80
2009.05.21 11:06:02.182,0.8307,0.83115,4.20,4.00
2009.05.21 11:06:08.411,0.8308,0.8311,1.60,9.60
2009.05.21 11:06:08.701,0.83075,0.8311,2.40,9.40
2009.05.21 11:06:08.761,0.83075,0.8311,2.40,1.40
2009.05.21 11:06:18.718,0.8308,0.8311,3.80,1.40
2009.05.21 11:06:19.008,0.8307,0.8311,4.20,1.60
2009.05.21 11:06:28.826,0.8308,0.8311,1.60,1.60
2009.05.21 11:06:29.276,0.83075,0.8311,4.80,1.40
2009.05.21 11:06:29.556,0.83075,0.8311,5.00,1.40
2009.05.21 11:06:29.776,0.83075,0.8311,2.40,1.40
2009.05.21 11:06:31.415,0.8308,0.8312,3.80,5.60
2009.05.21 11:06:31.945,0.8307,0.83105,4.20,1.00
2009.05.21 11:06:35.694,0.8307,0.831,3.80,1.40
2009.05.21 11:06:35.874,0.8306,0.831,4.20,1.60
2009.05.21 11:06:36.214,0.8307,0.831,1.60,1.60
2009.05.21 11:06:36.394,0.8307,0.83095,1.60,1.00
2009.05.21 11:06:43.292,0.8306,0.83095,2.00,1.00
2009.05.21 11:06:43.352,0.8306,0.83095,4.20,1.00
2009.05.21 11:06:43.632,0.8306,0.831,4.20,1.60
2009.05.21 11:06:43.862,0.8307,0.831,1.60,1.60
2009.05.21 11:06:44.442,0.8306,0.8309,11.00,1.40
2009.05.21 11:06:44.792,0.8306,0.83095,4.20,1.00
2009.05.21 11:06:45.382,0.8306,0.83095,4.20,1.00
2009.05.21 11:06:45.712,0.8307,0.83095,1.60,1.00
2009.05.21 11:06:46.002,0.83055,0.8309,2.40,1.40
2009.05.21 11:06:48.521,0.8306,0.8309,1.60,1.40
2009.05.21 11:06:48.581,0.8305,0.8309,4.20,1.40
2009.05.21 11:06:54.050,0.8305,0.8309,5.80,1.60
2009.05.21 11:06:54.340,0.8305,0.8309,5.40,1.60
2009.05.21 11:06:54.620,0.83055,0.8308,2.00,1.40
2009.05.21 11:06:54.899,0.83045,0.8308,4.20,1.40
2009.05.21 11:06:58.129,0.83045,0.8308,4.00,1.40
2009.05.21 11:07:00.278,0.83045,0.8308,2.40,1.40
2009.05.21 11:07:02.318,0.8304,0.8308,4.20,1.60
2009.05.21 11:07:02.678,0.8304,0.83075,4.20,1.00
2009.05.21 11:07:02.898,0.8305,0.83075,1.60,1.00
2009.05.21 11:07:03.008,0.83035,0.8307,2.60,1.40
2009.05.21 11:07:03.238,0.83035,0.8307,4.20,1.40
2009.05.21 11:07:03.517,0.8304,0.8307,4.20,1.40
2009.05.21 11:07:14.915,0.83035,0.8307,4.20,1.40
2009.05.21 11:07:15.305,0.8304,0.8307,1.60,1.40
2009.05.21 11:07:15.894,0.83035,0.8307,4.20,1.40
2009.05.21 11:07:18.614,0.8304,0.8307,12.20,1.40
2009.05.21 11:07:18.904,0.8304,0.8307,2.40,1.40
2009.05.21 11:07:18.954,0.8304,0.8308,4.20,1.60
2009.05.21 11:07:19.304,0.8304,0.8308,5.80,1.60
2009.05.21 11:07:19.484,0.83045,0.8308,2.40,1.60
2009.05.21 11:07:23.283,0.83045,0.8308,4.00,1.60
2009.05.21 11:07:23.463,0.83045,0.8308,2.40,1.60
2009.05.21 11:07:25.282,0.8305,0.8308,4.20,1.60
2009.05.21 11:07:25.692,0.8305,0.8308,4.00,1.40
2009.05.21 11:07:25.932,0.8305,0.8308,2.40,1.40
2009.05.21 11:07:32.311,0.8305,0.8309,5.80,1.60
2009.05.21 11:07:32.611,0.8306,0.8309,1.60,1.60
2009.05.21 11:07:32.891,0.83055,0.8309,2.60,1.40
2009.05.21 11:07:36.980,0.83055,0.8309,2.40,1.40
2009.05.21 11:07:38.029,0.8306,0.8309,3.80,1.40
2009.05.21 11:07:38.199,0.8305,0.8309,4.20,9.60
2009.05.21 11:07:38.319,0.8305,0.8309,2.00,9.60
2009.05.21 11:07:38.479,0.8306,0.83095,1.60,4.20
2009.05.21 11:07:38.660,0.83045,0.8308,2.40,1.40
2009.05.21 11:07:38.779,0.83045,0.8308,2.40,1.60
2009.05.21 11:07:39.462,0.8305,0.8308,1.60,1.60
2009.05.21 11:07:42.128,0.8305,0.8308,1.80,1.60
2009.05.21 11:07:42.248,0.83045,0.8308,1.80,1.60
2009.05.21 11:07:42.588,0.83045,0.8308,4.00,1.40
2009.05.21 11:07:43.158,0.8305,0.8308,4.00,1.40
2009.05.21 11:07:43.388,0.8305,0.8308,12.00,1.40
2009.05.21 11:07:44.488,0.83045,0.8308,6.60,1.40
2009.05.21 11:07:45.117,0.83045,0.8308,4.80,1.40
2009.05.21 11:07:45.277,0.83045,0.8308,4.20,1.40
2009.05.21 11:07:45.619,0.83045,0.8308,6.60,1.40
2009.05.21 11:07:50.576,0.83045,0.8308,4.20,1.40
2009.05.21 11:07:52.256,0.83045,0.8308,4.00,1.40
2009.05.21 11:07:55.945,0.83045,0.8308,2.40,1.40
2009.05.21 11:07:56.235,0.83045,0.8308,2.60,1.40
2009.05.21 11:07:57.194,0.8304,0.8308,6.60,1.40
2009.05.21 11:07:57.524,0.8305,0.8307,1.60,1.00
2009.05.21 11:07:57.735,0.8303,0.8307,4.20,1.60
2009.05.21 11:07:57.904,0.83035,0.8306,2.00,1.40
2009.05.21 11:07:58.084,0.83025,0.8306,2.60,1.40
2009.05.21 11:07:58.424,0.83025,0.8306,2.40,1.40
2009.05.21 11:07:58.594,0.8302,0.8306,4.20,1.60
2009.05.21 11:07:58.754,0.8302,0.8306,5.80,1.60
2009.05.21 11:07:58.874,0.8303,0.8306,1.60,1.60
2009.05.21 11:07:59.044,0.8302,0.8306,4.20,1.60
2009.05.21 11:07:59.274,0.8302,0.83055,4.20,1.00
2009.05.21 11:08:00.704,0.8302,0.83055,5.80,1.00
2009.05.21 11:08:00.824,0.8303,0.83055,1.60,1.00
2009.05.21 11:08:00.934,0.83025,0.8306,2.60,1.60
2009.05.21 11:08:02.273,0.83025,0.8306,2.40,1.60
2009.05.21 11:08:02.553,0.83015,0.8305,2.40,1.60
2009.05.21 11:08:02.663,0.83015,0.8305,2.60,1.60
2009.05.21 11:08:02.773,0.83015,0.8305,4.20,1.60
2009.05.21 11:08:03.813,0.83015,0.8305,6.60,1.60
2009.05.21 11:08:04.103,0.8302,0.8305,12.20,1.60
2009.05.21 11:08:04.223,0.8302,0.8305,2.40,1.40
2009.05.21 11:08:04.863,0.83015,0.8305,5.00,1.40
2009.05.21 11:08:05.213,0.83015,0.8305,2.60,1.40
2009.05.21 11:08:09.462,0.83015,0.8305,4.20,1.40
2009.05.21 11:08:09.641,0.83015,0.8305,6.60,1.40
2009.05.21 11:08:10.401,0.83025,0.8305,2.00,1.40
2009.05.21 11:08:18.259,0.83015,0.8304,9.80,1.60
2009.05.21 11:08:19.199,0.8301,0.8304,1.60,1.60
2009.05.21 11:08:19.649,0.8301,0.83035,1.60,1.00
2009.05.21 11:08:20.019,0.83005,0.8303,1.00,1.40
2009.05.21 11:08:20.309,0.83005,0.8303,1.00,1.60
2009.05.21 11:08:20.649,0.83005,0.8303,1.00,3.40
2009.05.21 11:08:21.099,0.82985,0.8302,2.20,1.60
2009.05.21 11:08:21.569,0.8299,0.8302,1.60,1.60
2009.05.21 11:08:22.089,0.8299,0.8302,1.80,1.60
2009.05.21 11:08:22.648,0.8299,0.8302,4.00,1.60
2009.05.21 11:08:22.948,0.8299,0.8302,4.00,1.40
2009.05.21 11:08:23.579,0.82995,0.8302,1.00,1.40
2009.05.21 11:08:24.368,0.8299,0.8302,4.00,1.40
2009.05.21 11:08:24.908,0.8299,0.8302,4.00,1.60
2009.05.21 11:08:25.717,0.82985,0.8302,2.60,1.60
2009.05.21 11:08:26.657,0.8299,0.8302,1.60,1.60
2009.05.21 11:08:27.227,0.8298,0.8302,4.00,1.60
2009.05.21 11:08:27.397,0.8298,0.83015,1.80,1.00
2009.05.21 11:08:27.637,0.82975,0.8301,2.60,1.40
2009.05.21 11:08:28.047,0.82975,0.8302,2.40,2.40
2009.05.21 11:08:29.497,0.82975,0.8301,2.40,1.40
2009.05.21 11:08:29.667,0.82975,0.8301,2.60,1.40
2009.05.21 11:08:29.777,0.8298,0.8301,4.00,1.40
2009.05.21 11:08:30.066,0.82975,0.8301,2.60,1.40
2009.05.21 11:08:34.246,0.82975,0.83015,2.60,1.00
2009.05.21 11:08:35.617,0.82975,0.8301,2.60,1.00
2009.05.21 11:08:36.565,0.82975,0.8301,2.40,1.00
2009.05.21 11:08:37.375,0.8298,0.8301,1.60,1.00
2009.05.21 11:08:41.694,0.8298,0.83,3.80,3.00
2009.05.21 11:08:41.974,0.82965,0.83005,2.20,6.00
2009.05.21 11:08:42.244,0.82965,0.8299,2.20,4.40
2009.05.21 11:08:42.464,0.8295,0.8299,4.20,4.40
2009.05.21 11:08:43.494,0.8295,0.8299,4.20,12.60
2009.05.21 11:08:43.773,0.8296,0.8299,1.60,12.60
2009.05.21 11:08:44.063,0.8296,0.8299,1.60,3.80
2009.05.21 11:08:44.453,0.8295,0.82985,2.00,9.40
2009.05.21 11:08:44.693,0.8295,0.82985,4.20,9.40
2009.05.21 11:08:44.973,0.8295,0.8299,4.20,12.60
2009.05.21 11:08:46.963,0.8296,0.8297,1.60,1.60
2009.05.21 11:08:47.143,0.8294,0.8296,6.40,3.00
2009.05.21 11:08:47.313,0.8296,0.82965,1.60,3.20
2009.05.21 11:08:47.492,0.8292,0.82955,8.00,1.40
2009.05.21 11:08:47.983,0.8292,0.8296,4.20,1.40
2009.05.21 11:08:48.492,0.8292,0.8296,2.60,1.40
2009.05.21 11:08:52.721,0.82925,0.8296,2.40,1.40
2009.05.21 11:08:53.071,0.8293,0.8297,4.00,10.40
2009.05.21 11:08:53.401,0.8293,0.8296,1.60,9.40
2009.05.21 11:08:53.691,0.82935,0.8296,2.20,1.40
2009.05.21 11:08:53.871,0.8294,0.8297,1.80,1.60
2009.05.21 11:08:56.350,0.8294,0.8297,4.00,1.40
2009.05.21 11:08:57.300,0.82945,0.8297,1.00,1.40
2009.05.21 11:08:57.590,0.8294,0.8297,4.00,1.40
2009.05.21 11:08:57.830,0.8293,0.8297,6.60,1.60
2009.05.21 11:08:58.060,0.8294,0.8297,1.60,1.60
2009.05.21 11:08:58.230,0.82935,0.8296,2.00,1.40
2009.05.21 11:08:58.460,0.8294,0.8296,1.00,1.40
2009.05.21 11:08:58.820,0.82935,0.8296,2.20,1.40
2009.05.21 11:08:59.050,0.8294,0.82965,1.80,1.00
2009.05.21 11:08:59.280,0.8294,0.8297,1.80,1.60
2009.05.21 11:08:59.640,0.82945,0.8297,1.00,1.60
2009.05.21 11:08:59.870,0.82945,0.8297,1.00,1.40
2009.05.21 11:09:01.089,0.8294,0.8297,2.60,1.40
2009.05.21 11:09:01.309,0.8295,0.8298,1.60,1.60
2009.05.21 11:09:01.539,0.8295,0.82975,1.60,1.00
2009.05.21 11:09:01.769,0.82935,0.8297,2.40,1.40
2009.05.21 11:09:03.979,0.82945,0.8298,2.40,1.40
2009.05.21 11:09:04.268,0.8295,0.82975,1.60,1.00
2009.05.21 11:09:04.858,0.8294,0.82965,1.60,1.00
2009.05.21 11:09:05.188,0.8293,0.82965,1.80,8.20
2009.05.21 11:09:05.468,0.8294,0.82965,1.60,1.60
2009.05.21 11:09:05.708,0.82925,0.8296,2.60,1.40
2009.05.21 11:09:06.698,0.82925,0.8297,2.60,5.40
2009.05.21 11:09:06.988,0.82925,0.8296,2.60,1.40
2009.05.21 11:09:08.218,0.82925,0.8297,2.40,5.40
2009.05.21 11:09:09.047,0.82925,0.8296,2.40,1.40
2009.05.21 11:09:09.327,0.82925,0.8297,2.40,5.40
2009.05.21 11:09:09.687,0.82925,0.8296,2.60,1.40
2009.05.21 11:09:14.586,0.8293,0.8296,4.00,1.40
2009.05.21 11:09:18.485,0.82925,0.8296,2.20,1.40
2009.05.21 11:09:18.655,0.8292,0.8296,4.20,1.60
2009.05.21 11:09:19.175,0.8292,0.8296,4.20,11.20
2009.05.21 11:09:21.914,0.8292,0.8296,4.00,11.20
2009.05.21 11:09:22.854,0.8293,0.8296,1.60,11.20
2009.05.21 11:09:23.364,0.8293,0.8296,1.60,9.60
2009.05.21 11:09:23.654,0.8293,0.8296,1.60,1.60
2009.05.21 11:09:24.823,0.8293,0.8296,1.80,1.60
2009.05.21 11:09:26.913,0.8293,0.8296,1.60,1.60
2009.05.21 11:09:28.572,0.82925,0.8296,2.20,1.40
2009.05.21 11:09:28.783,0.8293,0.8296,4.00,1.40
2009.05.21 11:09:29.412,0.8293,0.8297,4.00,1.60
2009.05.21 11:09:30.572,0.8293,0.8297,4.20,1.60
2009.05.21 11:09:30.942,0.8294,0.8297,1.60,1.60
2009.05.21 11:09:31.122,0.82945,0.8297,1.00,1.60
2009.05.21 11:09:31.542,0.8295,0.82975,1.80,1.00
2009.05.21 11:09:31.872,0.8295,0.8299,5.60,1.60
2009.05.21 11:09:32.342,0.8296,0.8299,3.80,1.40
2009.05.21 11:09:34.431,0.82955,0.8299,2.40,1.40
2009.05.21 11:09:34.671,0.8297,0.83,1.60,1.60
2009.05.21 11:09:34.951,0.8298,0.83,1.00,9.60
2009.05.21 11:09:35.381,0.8298,0.83,1.00,1.40
2009.05.21 11:09:35.911,0.8298,0.8301,2.20,1.40
2009.05.21 11:09:36.261,0.8299,0.83025,3.80,4.00
2009.05.21 11:09:37.061,0.82985,0.8302,2.20,1.60
2009.05.21 11:09:37.360,0.8299,0.8302,4.00,1.60
2009.05.21 11:09:38.060,0.82985,0.8302,2.20,1.60
2009.05.21 11:09:38.460,0.8299,0.8302,4.00,1.60
2009.05.21 11:09:38.800,0.83,0.8303,1.60,10.40
2009.05.21 11:09:39.200,0.83005,0.8303,1.00,1.40
2009.05.21 11:09:39.760,0.8301,0.83035,1.60,1.00
2009.05.21 11:09:40.050,0.83005,0.8304,2.20,1.60
2009.05.21 11:09:40.390,0.8301,0.8304,4.00,1.60
2009.05.21 11:09:40.630,0.8301,0.8304,2.20,1.40
2009.05.21 11:09:41.600,0.83015,0.8305,2.00,10.40
2009.05.21 11:09:41.769,0.8301,0.8305,3.80,2.40
2009.05.21 11:09:42.149,0.8301,0.8304,3.80,4.40
2009.05.21 11:09:42.499,0.83015,0.8303,1.00,9.40
2009.05.21 11:09:42.789,0.8301,0.8303,3.80,9.40
2009.05.21 11:09:43.079,0.8301,0.8304,3.80,1.60
2009.05.21 11:09:43.419,0.83005,0.8304,2.60,1.40
2009.05.21 11:09:43.709,0.83005,0.8304,2.40,1.40
2009.05.21 11:09:44.049,0.8301,0.8304,4.00,1.40
2009.05.21 11:09:44.389,0.8301,0.8305,4.00,1.60
2009.05.21 11:09:44.809,0.8301,0.8305,4.20,1.60
2009.05.21 11:09:45.278,0.8302,0.8305,3.80,1.60
2009.05.21 11:09:45.749,0.8301,0.8304,11.80,1.40
2009.05.21 11:09:45.928,0.83005,0.8304,2.20,1.40
2009.05.21 11:09:46.108,0.8301,0.8304,1.60,1.60
2009.05.21 11:09:48.937,0.83005,0.8303,1.00,1.40
2009.05.21 11:09:49.748,0.8301,0.8303,1.00,1.40
2009.05.21 11:09:50.727,0.83005,0.8303,2.40,1.40
2009.05.21 11:09:51.077,0.83,0.8303,1.60,1.40
2009.05.21 11:09:51.587,0.83,0.83025,1.60,1.00
2009.05.21 11:09:51.937,0.8299,0.8302,3.80,1.40
2009.05.21 11:09:52.807,0.8299,0.8302,1.60,9.60
2009.05.21 11:09:53.627,0.8299,0.8302,1.60,3.20
2009.05.21 11:09:53.917,0.8297,0.8301,6.20,4.60
2009.05.21 11:09:54.266,0.8297,0.8301,4.00,9.60
2009.05.21 11:09:54.676,0.8297,0.83,4.00,1.40
2009.05.21 11:09:54.976,0.82965,0.83,2.20,1.40
2009.05.21 11:09:55.266,0.82965,0.83,2.60,1.40
2009.05.21 11:09:55.826,0.8297,0.83,1.60,1.40
2009.05.21 11:09:56.096,0.8297,0.83,1.60,1.60
2009.05.21 11:10:01.015,0.82975,0.83,1.00,1.60
2009.05.21 11:10:01.195,0.82975,0.83,1.00,1.40
2009.05.21 11:10:02.285,0.82975,0.83,2.20,1.40
2009.05.21 11:10:03.334,0.8298,0.83015,1.60,8.80
2009.05.21 11:10:03.804,0.8297,0.83,9.60,1.60
2009.05.21 11:10:04.035,0.82955,0.82995,2.20,1.00
2009.05.21 11:10:06.293,0.8296,0.82995,2.20,1.00
2009.05.21 11:10:06.523,0.82975,0.82995,1.00,1.00
2009.05.21 11:10:06.853,0.8296,0.83,2.20,1.00
2009.05.21 11:10:06.973,0.82955,0.83,2.60,1.60
2009.05.21 11:10:07.093,0.82955,0.83,2.20,1.60
2009.05.21 11:10:07.613,0.8297,0.83,1.60,1.60
2009.05.21 11:10:14.641,0.8297,0.83,1.80,1.60
2009.05.21 11:10:14.871,0.8298,0.8301,1.80,1.60
2009.05.21 11:10:16.131,0.8298,0.8301,1.60,1.60
2009.05.21 11:10:16.481,0.82975,0.8301,2.20,1.60
2009.05.21 11:10:18.111,0.8298,0.8301,1.60,1.60
2009.05.21 11:10:18.401,0.8298,0.8301,1.80,1.60
2009.05.21 11:10:18.641,0.8298,0.83005,1.60,1.00
2009.05.21 11:10:18.870,0.82965,0.83,2.60,1.40
2009.05.21 11:10:19.320,0.82965,0.83,2.20,1.40
2009.05.21 11:10:19.910,0.82975,0.83,1.00,1.40
2009.05.21 11:10:20.270,0.8297,0.83,9.60,1.60
2009.05.21 11:10:20.641,0.8297,0.83,1.60,1.60
2009.05.21 11:10:22.090,0.8296,0.83,4.00,1.60
2009.05.21 11:10:22.490,0.8296,0.83,4.00,9.60
2009.05.21 11:10:22.720,0.8296,0.8299,1.80,1.60
2009.05.21 11:10:23.389,0.8295,0.8299,4.00,9.60
2009.05.21 11:10:23.689,0.8295,0.82985,4.00,1.00
2009.05.21 11:10:28.118,0.8296,0.82975,1.60,3.00
2009.05.21 11:10:28.238,0.8295,0.82975,3.80,3.00
2009.05.21 11:10:28.528,0.8295,0.8297,1.60,1.00
2009.05.21 11:10:28.698,0.8294,0.8297,1.60,1.60
2009.05.21 11:10:35.026,0.8294,0.82965,1.60,1.00
2009.05.21 11:10:35.706,0.8294,0.82965,1.80,1.00
2009.05.21 11:10:38.286,0.8293,0.8296,4.00,1.60
2009.05.21 11:10:38.465,0.8293,0.8296,12.00,1.60
2009.05.21 11:10:39.155,0.8293,0.8296,2.40,1.40
2009.05.21 11:10:39.386,0.82935,0.8296,9.80,1.40
2009.05.21 11:10:39.905,0.8293,0.8296,12.00,1.40
2009.05.21 11:10:40.415,0.8293,0.8296,2.40,1.40
2009.05.21 11:10:41.055,0.8293,0.8296,4.00,1.60
2009.05.21 11:10:41.805,0.82935,0.8296,1.00,1.60
2009.05.21 11:10:44.864,0.8293,0.8296,4.00,1.60
2009.05.21 11:10:45.484,0.82925,0.8296,2.20,1.60
2009.05.21 11:10:50.043,0.8293,0.8296,4.00,1.40
2009.05.21 11:10:51.722,0.82925,0.8296,2.20,1.40
2009.05.21 11:10:52.412,0.82935,0.8296,1.00,1.40
2009.05.21 11:10:53.102,0.8293,0.8296,4.00,1.40
2009.05.21 11:10:58.630,0.82935,0.8296,1.00,1.40
2009.05.21 11:10:59.142,0.8293,0.8296,4.00,1.40
2009.05.21 11:10:59.251,0.8293,0.8296,1.80,1.60
2009.05.21 11:10:59.490,0.8292,0.8296,4.20,1.60
2009.05.21 11:11:00.840,0.8292,0.82955,4.20,1.00
2009.05.21 11:11:02.620,0.8293,0.82955,1.60,1.00
2009.05.21 11:11:06.079,0.8292,0.82955,4.20,1.00
2009.05.21 11:11:06.489,0.8292,0.82955,4.00,1.00
2009.05.21 11:11:06.709,0.8293,0.82955,1.60,1.00
2009.05.21 11:11:09.218,0.82925,0.8295,2.00,1.40
2009.05.21 11:11:10.968,0.82915,0.8295,2.60,1.40
2009.05.21 11:11:19.256,0.8292,0.8295,1.60,1.60
2009.05.21 11:11:19.496,0.82915,0.8295,2.60,1.40
2009.05.21 11:11:19.796,0.8292,0.8295,4.00,1.40
2009.05.21 11:11:22.685,0.8292,0.8295,2.20,1.40
2009.05.21 11:11:30.463,0.8292,0.82955,4.00,1.60
2009.05.21 11:11:30.863,0.8292,0.82955,4.00,1.00
2009.05.21 11:11:31.923,0.8292,0.82955,4.20,1.00
2009.05.21 11:11:32.343,0.8292,0.8296,4.20,1.60
2009.05.21 11:11:32.812,0.8292,0.8296,4.00,1.60
2009.05.21 11:11:32.993,0.8292,0.82955,1.80,1.00
2009.05.21 11:11:33.672,0.8293,0.82955,1.60,1.00
2009.05.21 11:11:33.902,0.8293,0.8296,1.60,1.60
2009.05.21 11:11:34.182,0.82935,0.8296,1.00,1.60
2009.05.21 11:11:35.152,0.8292,0.8296,4.20,1.60
2009.05.21 11:11:36.292,0.8293,0.8296,1.80,1.60
2009.05.21 11:11:37.391,0.8293,0.8296,1.60,1.60
2009.05.21 11:11:37.621,0.8293,0.8296,1.80,1.60
2009.05.21 11:11:37.892,0.8293,0.8296,1.60,1.60
2009.05.21 11:11:41.840,0.8293,0.8296,1.80,1.60
2009.05.21 11:11:42.060,0.8293,0.8296,4.00,1.40
2009.05.21 11:11:42.460,0.82925,0.8296,2.60,1.40
2009.05.21 11:11:44.740,0.82925,0.8296,2.60,1.60
2009.05.21 11:11:46.639,0.82925,0.8296,2.20,1.60
2009.05.21 11:11:47.039,0.8293,0.8296,1.60,1.60
2009.05.21 11:11:48.589,0.8293,0.8296,1.80,1.60
2009.05.21 11:11:48.859,0.8292,0.8296,4.20,1.60
2009.05.21 11:11:49.139,0.8292,0.8296,4.00,1.60
2009.05.21 11:11:49.418,0.8292,0.8295,12.00,1.40
2009.05.21 11:11:50.358,0.8292,0.8295,4.00,1.40
2009.05.21 11:11:53.268,0.8292,0.8296,4.20,9.60
2009.05.21 11:11:53.497,0.8292,0.8296,4.20,1.60
2009.05.21 11:11:53.847,0.8293,0.8296,1.60,1.60
2009.05.21 11:11:53.967,0.82925,0.8296,2.40,1.60
2009.05.21 11:11:58.986,0.8293,0.8296,3.80,1.60
2009.05.21 11:11:59.046,0.8292,0.82955,4.20,1.40
2009.05.21 11:11:59.276,0.8292,0.82965,4.20,2.40
2009.05.21 11:11:59.396,0.8292,0.82965,4.20,10.40
2009.05.21 11:11:59.696,0.8293,0.82955,1.60,1.60
2009.05.21 11:11:59.976,0.82915,0.8295,2.60,1.40
2009.05.21 11:12:00.436,0.82915,0.8295,2.60,1.60
2009.05.21 11:12:02.355,0.82915,0.8295,2.40,1.60
2009.05.21 11:12:06.624,0.8292,0.8295,3.80,1.60
2009.05.21 11:12:06.744,0.8291,0.8295,4.20,1.60
2009.05.21 11:12:09.494,0.8291,0.8295,4.00,1.60
2009.05.21 11:12:10.034,0.8291,0.8294,12.00,1.40
2009.05.21 11:12:10.204,0.8291,0.8294,4.00,1.40
2009.05.21 11:12:11.813,0.829,0.8294,4.20,1.40
2009.05.21 11:12:11.993,0.8291,0.8294,1.80,9.40
2009.05.21 11:12:12.363,0.8291,0.8294,4.00,1.40
2009.05.21 11:12:13.523,0.8291,0.8294,4.20,1.40
2009.05.21 11:12:13.792,0.8291,0.8294,2.60,1.40
2009.05.21 11:12:17.312,0.8291,0.8294,2.20,1.40
2009.05.21 11:12:17.572,0.8291,0.8294,4.00,1.40
2009.05.21 11:12:21.371,0.82915,0.8294,1.00,1.40
2009.05.21 11:12:21.840,0.8291,0.8294,4.00,1.40
2009.05.21 11:12:22.480,0.8291,0.82945,1.80,1.00
2009.05.21 11:12:24.550,0.8291,0.8294,4.00,1.40
2009.05.21 11:12:29.469,0.82915,0.8294,1.00,1.40
2009.05.21 11:12:29.809,0.8291,0.8294,4.00,1.40
2009.05.21 11:12:30.099,0.8291,0.8295,4.00,2.40
2009.05.21 11:12:30.449,0.82905,0.8295,2.20,13.40
2009.05.21 11:12:30.918,0.8291,0.82935,1.60,9.40
2009.05.21 11:12:31.249,0.8291,0.8294,1.60,1.60
2009.05.21 11:12:31.488,0.8291,0.82935,1.60,1.00
2009.05.21 11:12:32.118,0.82905,0.8293,1.00,1.40
2009.05.21 11:12:33.518,0.82905,0.8294,1.00,2.40
2009.05.21 11:12:33.808,0.82895,0.8294,2.20,5.40
2009.05.21 11:12:34.108,0.829,0.8293,1.60,1.60
2009.05.21 11:12:34.838,0.8289,0.8293,4.20,1.60
2009.05.21 11:12:35.128,0.8289,0.8292,4.00,1.40
2009.05.21 11:12:35.468,0.82885,0.8293,2.20,8.60
2009.05.21 11:12:35.747,0.8289,0.8292,1.60,1.60
2009.05.21 11:12:36.027,0.82885,0.8291,2.20,1.40
2009.05.21 11:12:37.087,0.8289,0.8291,1.00,1.40
2009.05.21 11:12:37.368,0.8288,0.8291,4.40,1.40
2009.05.21 11:12:37.767,0.8288,0.8291,1.60,1.60
2009.05.21 11:12:38.267,0.8287,0.829,1.80,1.00
2009.05.21 11:12:38.667,0.8287,0.829,12.00,1.60
2009.05.21 11:12:38.897,0.8287,0.829,1.80,1.60
2009.05.21 11:12:39.347,0.8287,0.829,1.60,1.60
2009.05.21 11:12:39.467,0.82865,0.8289,9.80,1.40
2009.05.21 11:12:39.696,0.82865,0.8289,11.00,1.40
2009.05.21 11:12:39.876,0.82865,0.8289,12.00,1.40
2009.05.21 11:12:40.216,0.82865,0.8289,9.80,1.40
2009.05.21 11:12:40.576,0.82865,0.8289,1.00,1.40
2009.05.21 11:12:43.096,0.82865,0.8289,1.00,1.60
2009.05.21 11:12:43.665,0.8286,0.8289,9.80,1.60
2009.05.21 11:12:44.545,0.8286,0.8289,1.80,1.60
2009.05.21 11:12:45.705,0.8286,0.8289,9.80,1.60
2009.05.21 11:12:46.105,0.8286,0.8289,1.80,1.60
2009.05.21 11:12:47.824,0.82865,0.8289,1.00,1.60
2009.05.21 11:12:50.684,0.8286,0.8289,4.00,1.60
2009.05.21 11:12:51.364,0.8286,0.8289,1.80,1.60
2009.05.21 11:12:53.584,0.8286,0.8289,1.60,1.60
2009.05.21 11:12:53.823,0.8286,0.82885,1.60,1.00
2009.05.21 11:12:54.063,0.82855,0.8288,1.00,1.40
2009.05.21 11:12:57.572,0.82855,0.8289,1.00,2.60
2009.05.21 11:12:57.862,0.8285,0.8289,11.80,2.60
2009.05.21 11:12:58.202,0.8284,0.8288,4.20,1.60
2009.05.21 11:12:58.652,0.8285,0.82875,1.60,7.00
2009.05.21 11:12:59.042,0.8283,0.8286,9.00,1.40
2009.05.21 11:12:59.372,0.8283,0.8286,2.40,1.40
2009.05.21 11:12:59.672,0.8284,0.8286,1.00,1.40
2009.05.21 11:13:00.071,0.8284,0.8287,4.00,1.40
2009.05.21 11:13:00.401,0.8285,0.8287,1.60,1.40
2009.05.21 11:13:00.751,0.82865,0.8288,1.00,1.60
2009.05.21 11:13:00.982,0.8285,0.82895,2.40,4.20
2009.05.21 11:13:01.211,0.82855,0.8288,9.60,1.00
2009.05.21 11:13:01.441,0.82855,0.8288,1.60,8.20
2009.05.21 11:13:01.841,0.8284,0.8288,2.60,8.20
2009.05.21 11:13:02.121,0.8284,0.8288,2.40,1.00
2009.05.21 11:13:02.411,0.8284,0.8288,2.60,1.00
2009.05.21 11:13:02.711,0.8286,0.8288,1.00,1.00
2009.05.21 11:13:03.011,0.8284,0.8289,6.60,9.60
2009.05.21 11:13:03.301,0.8284,0.8289,4.20,1.60
2009.05.21 11:13:03.581,0.8285,0.82885,1.60,1.00
2009.05.21 11:13:03.981,0.82845,0.8288,2.40,1.40
2009.05.21 11:13:05.540,0.82845,0.8288,5.00,1.40
2009.05.21 11:13:06.060,0.8285,0.8288,12.00,1.40
2009.05.21 11:13:06.350,0.8285,0.8288,4.00,1.40
2009.05.21 11:13:06.750,0.8284,0.8288,5.80,1.60
2009.05.21 11:13:07.040,0.8285,0.8288,1.60,1.60
2009.05.21 11:13:07.560,0.82835,0.8287,2.60,1.40
2009.05.21 11:13:08.190,0.8284,0.8287,1.60,1.60
2009.05.21 11:13:09.050,0.8284,0.8287,1.80,9.60
2009.05.21 11:13:09.459,0.8284,0.8287,4.00,1.40
2009.05.21 11:13:10.390,0.8284,0.8287,4.20,1.40
2009.05.21 11:13:10.719,0.8284,0.8287,2.60,1.40
2009.05.21 11:13:11.079,0.8284,0.8287,2.20,1.40
2009.05.21 11:13:12.738,0.82845,0.8287,2.00,1.40
2009.05.21 11:13:13.078,0.82835,0.8287,2.60,1.40
2009.05.21 11:13:15.848,0.82835,0.8287,4.20,1.40
2009.05.21 11:13:16.757,0.8284,0.8287,4.20,1.40
2009.05.21 11:13:17.278,0.8284,0.8288,4.20,1.60
2009.05.21 11:13:17.927,0.8284,0.8288,5.80,1.60
2009.05.21 11:13:18.258,0.8285,0.8288,1.60,1.60
2009.05.21 11:13:18.657,0.8284,0.8288,4.20,1.60
2009.05.21 11:13:19.987,0.8285,0.8288,1.60,1.60
2009.05.21 11:13:20.566,0.82845,0.8288,2.40,1.40
2009.05.21 11:13:20.976,0.82845,0.8288,2.60,1.40
2009.05.21 11:13:21.436,0.82855,0.8288,1.00,1.40
2009.05.21 11:13:21.786,0.8285,0.8288,2.80,1.40
2009.05.21 11:13:22.017,0.8285,0.8288,4.20,1.40
2009.05.21 11:13:23.156,0.8285,0.8288,4.20,1.40
2009.05.21 11:13:23.326,0.8285,0.8288,4.20,1.40
2009.05.21 11:13:27.295,0.8285,0.8288,1.80,1.40
2009.05.21 11:13:27.515,0.8285,0.8288,4.00,1.40
2009.05.21 11:13:27.805,0.8285,0.8288,4.20,1.40
2009.05.21 11:13:28.095,0.8286,0.8288,2.20,1.40
2009.05.21 11:13:28.385,0.8286,0.8289,4.00,1.40
2009.05.21 11:13:28.605,0.82855,0.8289,2.40,1.40
2009.05.21 11:13:31.284,0.82855,0.8289,4.00,1.40
2009.05.21 11:13:31.454,0.82855,0.8289,2.40,1.40
2009.05.21 11:13:31.924,0.82855,0.8289,4.00,1.40
2009.05.21 11:13:32.094,0.8286,0.8289,4.00,1.40
2009.05.21 11:13:32.374,0.82855,0.8289,2.40,1.40
2009.05.21 11:13:32.954,0.8286,0.8289,4.00,1.40
2009.05.21 11:13:33.474,0.8285,0.8289,4.20,1.60
2009.05.21 11:13:34.453,0.8286,0.8289,1.80,1.60
2009.05.21 11:13:34.803,0.8285,0.8289,4.20,1.60
2009.05.21 11:13:34.973,0.8286,0.8289,3.80,1.60
2009.05.21 11:13:35.883,0.82855,0.8289,3.60,1.60
2009.05.21 11:13:36.223,0.8286,0.8289,4.00,1.60
2009.05.21 11:13:36.453,0.82855,0.8289,2.20,1.60
2009.05.21 11:13:36.693,0.8286,0.8289,3.80,1.60
2009.05.21 11:13:36.932,0.8285,0.8289,4.20,1.60
2009.05.21 11:13:38.242,0.8286,0.8289,1.60,1.60
2009.05.21 11:13:38.862,0.8285,0.8289,4.20,1.60
2009.05.21 11:13:39.212,0.8286,0.8289,1.60,1.60
2009.05.21 11:13:39.372,0.8285,0.8289,4.20,1.60
2009.05.21 11:13:43.251,0.8286,0.8289,1.60,1.60
2009.05.21 11:13:43.531,0.82855,0.8289,2.20,1.60
2009.05.21 11:13:45.340,0.8285,0.82885,4.20,1.00
2009.05.21 11:13:45.611,0.8285,0.82885,4.20,1.00
2009.05.21 11:13:45.840,0.8285,0.82885,4.00,1.00
2009.05.21 11:13:49.649,0.8286,0.82885,1.80,1.00
2009.05.21 11:13:50.809,0.8286,0.82885,1.60,1.00
2009.05.21 11:13:51.889,0.8286,0.8289,1.60,1.60
2009.05.21 11:13:52.639,0.8286,0.8289,1.80,1.60
2009.05.21 11:13:52.759,0.8286,0.8289,1.60,1.60
2009.05.21 11:13:53.099,0.8286,0.8289,1.80,1.60
2009.05.21 11:13:53.328,0.8286,0.8289,1.60,1.60
2009.05.21 11:13:53.669,0.8286,0.8289,1.80,1.60
2009.05.21 11:14:02.936,0.82865,0.829,2.60,1.40
2009.05.21 11:14:03.106,0.82865,0.829,2.40,1.60
2009.05.21 11:14:03.466,0.8287,0.829,3.80,1.60
2009.05.21 11:14:03.926,0.8286,0.829,4.20,1.60
2009.05.21 11:14:04.146,0.8287,0.829,1.60,1.60
2009.05.21 11:14:05.286,0.8286,0.829,4.20,1.60
2009.05.21 11:14:05.555,0.8286,0.82905,4.00,4.00
2009.05.21 11:14:06.125,0.8286,0.82905,4.20,4.00
2009.05.21 11:14:06.475,0.8286,0.829,4.20,9.60
2009.05.21 11:14:06.645,0.8287,0.829,1.60,1.60
2009.05.21 11:14:07.975,0.8287,0.829,1.80,1.60
2009.05.21 11:14:10.514,0.8287,0.829,1.60,1.60
2009.05.21 11:14:10.745,0.8287,0.829,1.60,9.60
2009.05.21 11:14:11.074,0.8287,0.829,1.80,9.60
2009.05.21 11:14:11.314,0.8287,0.829,1.80,1.60
2009.05.21 11:14:11.494,0.8287,0.829,4.00,1.40
2009.05.21 11:14:12.644,0.8287,0.829,12.00,1.40
2009.05.21 11:14:13.174,0.8287,0.8291,12.20,5.40
2009.05.21 11:14:13.294,0.82885,0.8291,1.00,10.20
2009.05.21 11:14:13.524,0.8289,0.829,1.00,8.00
2009.05.21 11:14:13.754,0.8289,0.8291,1.00,1.40
2009.05.21 11:14:13.984,0.8288,0.8291,12.00,1.40
2009.05.21 11:14:14.264,0.8288,0.8291,4.00,1.40
2009.05.21 11:14:14.484,0.8288,0.82905,1.80,1.00
2009.05.21 11:14:14.763,0.8288,0.829,1.00,1.40
2009.05.21 11:14:16.053,0.8287,0.829,12.00,1.40
2009.05.21 11:14:16.283,0.8287,0.82905,3.80,13.40
2009.05.21 11:14:16.443,0.8287,0.8289,1.60,8.20
2009.05.21 11:14:16.803,0.8285,0.8289,4.20,9.60
2009.05.21 11:14:16.983,0.8286,0.8289,1.60,1.60
2009.05.21 11:14:19.082,0.82855,0.8289,2.40,1.60
2009.05.21 11:14:20.932,0.82855,0.8289,2.20,1.60
2009.05.21 11:14:21.102,0.82855,0.8289,12.00,1.60
2009.05.21 11:14:21.272,0.82865,0.8289,9.60,1.60
2009.05.21 11:14:21.452,0.8285,0.8289,12.20,1.60
2009.05.21 11:14:21.832,0.8285,0.8289,4.20,1.60
2009.05.21 11:14:22.532,0.8285,0.8289,4.00,1.60
2009.05.21 11:14:22.831,0.82845,0.8288,2.60,1.40
2009.05.21 11:14:23.301,0.82845,0.8288,4.20,1.40
2009.05.21 11:14:23.531,0.8285,0.8288,4.20,1.40
2009.05.21 11:14:23.941,0.8285,0.8288,2.20,1.40
2009.05.21 11:14:24.061,0.82855,0.8288,2.00,1.40
2009.05.21 11:14:24.231,0.82855,0.8289,2.20,1.60
2009.05.21 11:14:24.521,0.82845,0.8289,14.60,1.60
2009.05.21 11:14:24.881,0.82845,0.8288,2.40,1.40
2009.05.21 11:14:25.501,0.82855,0.8288,1.00,1.40
2009.05.21 11:14:25.921,0.8285,0.8288,12.20,1.40
2009.05.21 11:14:26.270,0.8286,0.8289,1.60,1.60
2009.05.21 11:14:26.950,0.8285,0.8289,4.20,1.60
2009.05.21 11:14:27.470,0.8286,0.8289,1.60,1.60
2009.05.21 11:14:27.750,0.82845,0.8288,4.20,1.40
2009.05.21 11:14:28.390,0.82845,0.8288,6.60,1.40
2009.05.21 11:14:28.730,0.82845,0.8288,4.20,1.40
2009.05.21 11:14:29.830,0.8285,0.8288,12.00,1.40
2009.05.21 11:14:33.769,0.82845,0.8288,2.60,1.40
2009.05.21 11:14:34.459,0.82845,0.8288,2.40,1.40
2009.05.21 11:14:34.639,0.82845,0.8288,2.40,1.60
2009.05.21 11:14:34.988,0.82845,0.8288,2.60,1.60
2009.05.21 11:14:35.998,0.82845,0.8288,4.20,1.60
2009.05.21 11:14:36.178,0.82845,0.8288,4.20,1.40
2009.05.21 11:14:36.588,0.82845,0.8288,6.60,1.40
2009.05.21 11:14:37.008,0.82845,0.8288,4.80,1.40
2009.05.21 11:14:37.238,0.82845,0.8288,2.40,1.40
2009.05.21 11:14:39.558,0.8285,0.8288,3.80,1.40
2009.05.21 11:14:39.847,0.8284,0.8288,4.00,1.60
2009.05.21 11:14:40.197,0.82835,0.8287,2.40,1.40
2009.05.21 11:14:40.907,0.8284,0.8287,1.60,1.60
2009.05.21 11:14:43.116,0.8284,0.82865,1.60,3.80
2009.05.21 11:14:43.286,0.8282,0.82855,4.20,1.00
2009.05.21 11:14:44.876,0.8283,0.82855,1.60,1.00
2009.05.21 11:14:45.216,0.82825,0.82855,2.60,1.00
2009.05.21 11:14:45.326,0.82845,0.82855,1.00,1.00
2009.05.21 11:14:45.506,0.82845,0.8289,1.00,10.40
2009.05.21 11:14:45.886,0.82845,0.8288,1.00,1.40
2009.05.21 11:14:46.066,0.82845,0.8288,1.00,1.60
2009.05.21 11:14:46.296,0.8284,0.8288,1.60,1.60
2009.05.21 11:14:46.676,0.82835,0.8287,2.60,1.60
2009.05.21 11:14:47.325,0.8284,0.8287,4.00,1.60
2009.05.21 11:14:48.115,0.82835,0.8287,2.60,1.60
2009.05.21 11:14:51.094,0.8284,0.8287,3.80,1.60
2009.05.21 11:14:51.204,0.8283,0.8287,4.20,1.60
2009.05.21 11:14:51.494,0.8283,0.8286,4.20,1.40
2009.05.21 11:14:51.604,0.82825,0.8286,2.40,1.40
2009.05.21 11:14:51.945,0.8283,0.8286,1.60,1.40
2009.05.21 11:14:52.405,0.8282,0.8286,4.20,1.40
2009.05.21 11:14:52.754,0.8282,0.8286,4.20,1.60
2009.05.21 11:14:53.224,0.82825,0.8286,2.40,1.60
2009.05.21 11:14:53.634,0.82825,0.8286,2.40,1.40
2009.05.21 11:14:53.804,0.82825,0.8286,4.00,1.40
2009.05.21 11:14:54.034,0.82835,0.8286,1.00,1.40
2009.05.21 11:14:54.274,0.82835,0.8286,2.20,1.40
2009.05.21 11:14:54.624,0.8283,0.8287,4.20,1.60
2009.05.21 11:14:54.914,0.8283,0.8287,5.80,1.60
2009.05.21 11:14:55.364,0.82835,0.8287,2.20,1.60
2009.05.21 11:14:56.713,0.8284,0.8287,4.00,1.60
2009.05.21 11:14:56.945,0.82835,0.8287,2.20,1.60
2009.05.21 11:14:57.343,0.8284,0.8287,4.00,1.60
2009.05.21 11:14:57.913,0.82835,0.8287,2.20,1.60
2009.05.21 11:14:58.093,0.82845,0.8287,1.00,1.60
2009.05.21 11:15:00.392,0.8285,0.8287,1.00,1.40
2009.05.21 11:15:00.662,0.82845,0.8287,4.00,1.40
2009.05.21 11:15:00.952,0.82865,0.8287,1.00,1.40
2009.05.21 11:15:01.352,0.8286,0.8288,1.00,1.40
2009.05.21 11:15:01.802,0.8286,0.82885,1.60,1.00
2009.05.21 11:15:02.072,0.82855,0.82885,1.00,1.00
2009.05.21 11:15:02.292,0.8286,0.82885,1.00,1.00
2009.05.21 11:15:02.582,0.8287,0.8289,1.00,1.60
2009.05.21 11:15:02.872,0.8287,0.8289,1.00,1.40
2009.05.21 11:15:03.092,0.8288,0.8289,1.00,1.40
2009.05.21 11:15:03.382,0.82885,0.8291,1.00,1.00
2009.05.21 11:15:03.922,0.82905,0.8292,1.00,1.60
2009.05.21 11:15:04.272,0.82895,0.8292,9.20,1.40
2009.05.21 11:15:04.782,0.82895,0.8292,1.00,1.40
2009.05.21 11:15:05.131,0.82895,0.8293,4.40,1.40
2009.05.21 11:15:05.431,0.82895,0.8293,1.80,1.40
2009.05.21 11:15:05.771,0.8291,0.8294,5.80,1.40
2009.05.21 11:15:06.111,0.8291,0.8294,4.20,1.40
2009.05.21 11:15:06.451,0.82905,0.8294,2.40,1.40
2009.05.21 11:15:07.001,0.8291,0.8294,1.60,1.60
2009.05.21 11:15:07.341,0.8291,0.82935,1.60,1.00
2009.05.21 11:15:07.741,0.82905,0.8293,1.00,1.40
2009.05.21 11:15:09.330,0.829,0.8293,1.80,1.60
2009.05.21 11:15:09.390,0.82905,0.8293,1.00,1.60
2009.05.21 11:15:11.891,0.829,0.8293,1.80,1.60
2009.05.21 11:15:12.699,0.8289,0.8293,4.20,1.60
2009.05.21 11:15:12.879,0.8289,0.82925,1.80,1.00
2009.05.21 11:15:13.100,0.8289,0.8292,4.00,1.40
2009.05.21 11:15:14.429,0.82895,0.8292,1.00,1.40
2009.05.21 11:15:15.449,0.8289,0.8292,4.00,1.40
2009.05.21 11:15:15.869,0.8289,0.8292,1.80,1.60
2009.05.21 11:15:16.679,0.82895,0.8292,1.00,1.60
2009.05.21 11:15:16.979,0.8289,0.8292,1.80,1.60
2009.05.21 11:15:18.568,0.82895,0.8292,1.00,1.60
2009.05.21 11:15:19.868,0.8288,0.8292,4.20,1.60
2009.05.21 11:15:22.237,0.82875,0.8291,2.20,1.60
2009.05.21 11:15:22.477,0.8288,0.8291,3.80,1.60
2009.05.21 11:15:22.767,0.8287,0.8291,4.20,1.60
2009.05.21 11:15:22.947,0.8288,0.8291,3.80,9.60
2009.05.21 11:15:23.217,0.82885,0.8291,1.00,9.60
2009.05.21 11:15:23.637,0.82885,0.8291,1.00,1.60
2009.05.21 11:15:23.927,0.8289,0.8291,1.60,1.60
2009.05.21 11:15:24.287,0.82895,0.8292,1.00,1.60
2009.05.21 11:15:25.127,0.8289,0.8292,1.80,1.60
2009.05.21 11:15:27.036,0.8289,0.8292,1.60,1.60
2009.05.21 11:15:27.366,0.82895,0.8292,1.00,1.60
2009.05.21 11:15:28.755,0.82905,0.8292,1.00,1.40
2009.05.21 11:15:29.265,0.82895,0.8292,1.00,1.40
2009.05.21 11:15:29.445,0.829,0.8292,1.00,1.40
2009.05.21 11:15:29.845,0.8289,0.8292,3.40,1.40
2009.05.21 11:15:30.005,0.8289,0.8292,2.60,1.40
2009.05.21 11:15:30.235,0.8289,0.8292,1.80,1.60
2009.05.21 11:15:30.815,0.82895,0.8292,1.00,1.60
2009.05.21 11:15:31.155,0.8289,0.8292,1.60,1.60
2009.05.21 11:15:31.505,0.8289,0.8292,3.40,6.40
2009.05.21 11:15:31.965,0.82895,0.8292,1.00,1.60
2009.05.21 11:15:32.495,0.8289,0.8292,1.80,1.60
2009.05.21 11:15:32.775,0.82895,0.8292,1.00,1.60
2009.05.21 11:15:33.014,0.82895,0.8292,1.00,1.40
2009.05.21 11:15:33.244,0.82905,0.8292,1.00,1.40
2009.05.21 11:15:33.714,0.82905,0.82925,1.00,1.00
2009.05.21 11:15:33.984,0.829,0.82925,1.80,1.00
2009.05.21 11:15:34.224,0.82905,0.82925,1.00,1.00
2009.05.21 11:15:34.576,0.829,0.82925,1.80,1.00
2009.05.21 11:15:34.684,0.82905,0.82925,1.00,1.00
2009.05.21 11:15:34.974,0.82905,0.8293,1.00,1.60
2009.05.21 11:15:36.294,0.8291,0.8293,1.00,1.60
2009.05.21 11:15:40.363,0.82905,0.8293,1.00,1.60
2009.05.21 11:15:41.283,0.829,0.8293,1.60,1.60
2009.05.21 11:15:41.632,0.82895,0.8292,2.20,1.40
2009.05.21 11:15:42.022,0.82885,0.8292,2.40,1.40
2009.05.21 11:15:42.362,0.8289,0.82915,1.60,1.00
2009.05.21 11:15:42.882,0.82885,0.8291,1.20,1.40
2009.05.21 11:15:43.342,0.8289,0.82915,1.80,1.00
2009.05.21 11:15:43.672,0.82895,0.8292,1.00,1.40
2009.05.21 11:15:44.412,0.82895,0.8292,2.20,1.40
2009.05.21 11:15:44.762,0.829,0.8292,1.00,1.40
2009.05.21 11:15:45.062,0.82905,0.8293,1.00,3.20
2009.05.21 11:15:45.282,0.82905,0.8293,1.00,1.60
2009.05.21 11:15:45.582,0.82905,0.8292,1.00,1.40
2009.05.21 11:15:45.991,0.8289,0.8292,4.00,1.40
2009.05.21 11:15:46.391,0.82895,0.8292,1.00,3.00
2009.05.21 11:15:46.801,0.82895,0.8292,1.00,1.40
2009.05.21 11:15:48.051,0.8289,0.8292,1.80,1.60
2009.05.21 11:15:48.341,0.8289,0.8292,1.80,3.20
2009.05.21 11:15:48.751,0.8288,0.8292,4.20,3.20
2009.05.21 11:15:49.091,0.8288,0.82915,4.20,1.00
2009.05.21 11:15:50.300,0.8288,0.8291,2.40,1.40
2009.05.21 11:15:50.810,0.8288,0.8291,2.40,3.00
2009.05.21 11:15:51.440,0.82885,0.8291,2.00,3.00
2009.05.21 11:15:51.790,0.82875,0.8291,2.60,3.00
2009.05.21 11:15:52.200,0.8287,0.8291,4.20,1.40
2009.05.21 11:15:52.500,0.8287,0.8291,4.20,3.20
2009.05.21 11:15:52.850,0.8287,0.8291,4.20,1.60
2009.05.21 11:15:53.080,0.8287,0.8291,4.20,3.20
2009.05.21 11:15:58.048,0.82865,0.829,2.20,1.40
2009.05.21 11:15:58.328,0.8286,0.829,4.20,1.60
2009.05.21 11:15:58.618,0.8287,0.82895,1.60,1.00
2009.05.21 11:15:58.848,0.82855,0.829,2.40,2.40
2009.05.21 11:15:59.178,0.8286,0.829,3.80,2.40
2009.05.21 11:15:59.399,0.8285,0.8289,4.20,3.20
2009.05.21 11:15:59.959,0.8285,0.8289,4.20,3.20
2009.05.21 11:16:01.178,0.8286,0.8289,1.60,1.60
2009.05.21 11:16:01.568,0.82855,0.8289,2.40,3.00
2009.05.21 11:16:01.808,0.82855,0.8289,2.40,1.40
2009.05.21 11:16:04.177,0.82855,0.8289,2.40,3.00
2009.05.21 11:16:04.577,0.82855,0.8289,2.40,1.40
2009.05.21 11:16:08.486,0.82855,0.8289,2.40,3.00
2009.05.21 11:16:12.225,0.8286,0.8289,1.60,3.20
2009.05.21 11:16:12.385,0.8285,0.8289,4.20,3.20
2009.05.21 11:16:12.935,0.8285,0.8289,4.20,3.20
2009.05.21 11:16:13.375,0.8285,0.8289,4.20,3.20
2009.05.21 11:16:13.955,0.8285,0.8289,4.20,11.20
2009.05.21 11:16:14.125,0.8285,0.8289,4.20,11.20
2009.05.21 11:16:14.474,0.8285,0.8289,4.20,3.20
2009.05.21 11:16:15.994,0.8285,0.8289,4.00,3.20
2009.05.21 11:16:16.224,0.8285,0.8288,4.00,1.40
2009.05.21 11:16:16.454,0.82845,0.8288,2.20,1.60
2009.05.21 11:16:18.464,0.8285,0.8288,4.00,1.60
2009.05.21 11:16:18.804,0.82845,0.8288,2.20,1.60
2009.05.21 11:16:19.813,0.82845,0.8288,2.40,1.40
2009.05.21 11:16:20.283,0.82845,0.8288,2.40,3.00
2009.05.21 11:16:21.143,0.82845,0.8288,2.60,1.40
2009.05.21 11:16:21.323,0.82845,0.8288,2.40,1.40
2009.05.21 11:16:21.563,0.82845,0.8288,2.60,3.00
2009.05.21 11:16:21.803,0.82845,0.8288,2.60,1.40
2009.05.21 11:16:22.133,0.82845,0.8288,2.60,3.00
2009.05.21 11:16:22.363,0.8285,0.8288,2.60,3.00
2009.05.21 11:16:22.582,0.8285,0.8288,2.60,1.40
2009.05.21 11:16:22.692,0.8285,0.8289,4.20,3.20
2009.05.21 11:16:23.333,0.8286,0.8289,1.60,3.20
2009.05.21 11:16:23.852,0.82855,0.8289,2.60,1.40
2009.05.21 11:16:24.092,0.82855,0.8289,2.40,1.40
2009.05.21 11:16:24.362,0.82855,0.8289,2.60,1.40
2009.05.21 11:16:25.202,0.8287,0.82895,1.80,1.00
2009.05.21 11:16:25.672,0.8287,0.829,4.00,1.40
2009.05.21 11:16:25.972,0.8286,0.829,6.60,1.60
2009.05.21 11:16:26.552,0.8286,0.829,4.20,1.60
2009.05.21 11:16:26.852,0.8286,0.8289,4.00,1.40
2009.05.21 11:16:30.431,0.8286,0.8289,4.20,1.40
2009.05.21 11:16:30.831,0.8286,0.8289,2.80,1.40
2009.05.21 11:16:31.221,0.8286,0.82895,2.20,1.00
2009.05.21 11:16:31.440,0.82855,0.8289,12.20,1.40
2009.05.21 11:16:31.610,0.82855,0.8289,2.60,1.40
2009.05.21 11:16:31.960,0.82865,0.8289,1.00,1.40
2009.05.21 11:16:32.320,0.82865,0.8289,2.20,1.40
2009.05.21 11:16:32.710,0.82865,0.8289,12.00,1.40
2009.05.21 11:16:33.170,0.8286,0.8289,4.40,1.40
2009.05.21 11:16:33.580,0.8286,0.8289,2.20,1.40
2009.05.21 11:16:33.930,0.82855,0.8289,14.60,1.40
2009.05.21 11:16:34.230,0.82865,0.8289,1.00,1.40
2009.05.21 11:16:34.570,0.82855,0.8289,5.00,1.40
2009.05.21 11:16:39.009,0.82865,0.8289,1.00,1.40
2009.05.21 11:16:39.528,0.82855,0.8289,5.00,1.40
2009.05.21 11:16:40.258,0.82865,0.8289,1.00,1.40
2009.05.21 11:16:40.818,0.82855,0.8289,5.00,1.40
2009.05.21 11:16:42.887,0.82865,0.8289,1.00,1.40
2009.05.21 11:16:46.477,0.82855,0.8289,5.00,1.40
2009.05.21 11:16:47.656,0.82865,0.8289,1.00,1.40
2009.05.21 11:16:50.376,0.8287,0.829,12.00,1.40
2009.05.21 11:16:50.556,0.8287,0.829,9.60,1.60
2009.05.21 11:16:50.916,0.8287,0.829,9.60,3.20
2009.05.21 11:16:51.146,0.8287,0.829,1.60,3.20
2009.05.21 11:16:58.124,0.8286,0.829,6.60,3.20
2009.05.21 11:16:58.364,0.82855,0.8289,10.40,1.60
2009.05.21 11:16:58.774,0.8286,0.8289,1.60,3.20
2009.05.21 11:16:59.184,0.8285,0.8288,4.00,1.40
2009.05.21 11:16:59.584,0.8285,0.8288,1.60,1.40
2009.05.21 11:16:59.984,0.8285,0.8288,1.60,3.00
2009.05.21 11:17:00.263,0.8285,0.8288,1.60,1.40
2009.05.21 11:17:01.023,0.82845,0.8288,2.00,1.40
2009.05.21 11:17:01.253,0.82855,0.8288,1.00,1.40
2009.05.21 11:17:02.183,0.82855,0.8288,2.20,1.40
2009.05.21 11:17:02.583,0.8286,0.8289,1.60,3.20
2009.05.21 11:17:03.212,0.8285,0.8289,4.20,3.20
2009.05.21 11:17:03.843,0.8286,0.8289,1.60,3.20
2009.05.21 11:17:05.502,0.8286,0.82885,1.60,1.00
2009.05.21 11:17:05.742,0.8286,0.8288,1.60,1.60
2009.05.21 11:17:05.862,0.8285,0.8288,2.20,1.40
2009.05.21 11:17:06.352,0.8285,0.8288,4.00,1.40
2009.05.21 11:17:06.622,0.82855,0.8288,1.00,1.40
2009.05.21 11:17:06.902,0.82855,0.8288,10.60,1.40
2009.05.21 11:17:07.202,0.8285,0.8288,2.20,1.40
2009.05.21 11:17:07.432,0.82845,0.8288,5.00,1.40
2009.05.21 11:17:08.171,0.8285,0.8288,12.00,1.40
2009.05.21 11:17:08.342,0.82855,0.8288,1.60,1.40
2009.05.21 11:17:08.832,0.82855,0.8288,2.20,1.40
2009.05.21 11:17:09.131,0.8286,0.8289,1.60,1.60
2009.05.21 11:17:10.421,0.82855,0.8289,2.60,1.40
2009.05.21 11:17:11.921,0.8286,0.8289,1.60,1.60
2009.05.21 11:17:12.630,0.8286,0.8289,1.80,1.60
2009.05.21 11:17:12.870,0.8286,0.8289,1.60,1.60
2009.05.21 11:17:13.210,0.8286,0.8289,1.80,1.60
2009.05.21 11:17:13.560,0.8286,0.8289,1.60,1.60
2009.05.21 11:17:18.259,0.82855,0.8289,2.60,1.40
2009.05.21 11:17:19.069,0.8286,0.8289,4.00,1.40
2009.05.21 11:17:19.781,0.82855,0.8289,2.60,1.40
2009.05.21 11:17:28.207,0.8286,0.8289,4.00,1.40
2009.05.21 11:17:38.504,0.82855,0.8289,2.60,1.40
2009.05.21 11:17:38.744,0.82855,0.8289,4.20,1.40
2009.05.21 11:17:38.915,0.82855,0.8289,4.00,1.40
2009.05.21 11:17:39.194,0.82855,0.8289,2.40,1.40
2009.05.21 11:17:39.364,0.82855,0.8289,2.20,1.40
2009.05.21 11:17:39.484,0.8286,0.8289,3.80,1.40
2009.05.21 11:17:39.764,0.8285,0.8289,5.80,1.60
2009.05.21 11:17:39.944,0.8286,0.8289,1.60,1.60
2009.05.21 11:17:40.164,0.8285,0.8289,4.20,1.60
2009.05.21 11:17:40.465,0.8286,0.8289,1.60,1.60
2009.05.21 11:17:41.034,0.8285,0.8289,4.20,1.60
2009.05.21 11:17:41.653,0.8285,0.8289,5.80,1.60
2009.05.21 11:17:42.113,0.82855,0.8289,10.60,1.40
2009.05.21 11:17:42.383,0.82865,0.8289,9.60,1.40
2009.05.21 11:17:42.673,0.8286,0.8289,1.80,1.40
2009.05.21 11:17:42.963,0.8286,0.8289,1.60,1.60
2009.05.21 11:17:43.313,0.8286,0.8289,1.80,1.60
2009.05.21 11:17:43.663,0.8286,0.8289,4.00,1.60
2009.05.21 11:17:44.643,0.8286,0.8289,4.00,1.40
2009.05.21 11:17:45.253,0.8286,0.8289,4.20,1.40
2009.05.21 11:17:45.553,0.8286,0.8289,2.60,1.40
2009.05.21 11:17:46.172,0.8286,0.829,4.20,1.60
2009.05.21 11:17:47.412,0.8287,0.829,1.60,1.60
2009.05.21 11:17:47.882,0.8286,0.829,4.20,1.60
2009.05.21 11:17:48.292,0.8287,0.829,1.60,1.60
2009.05.21 11:17:48.632,0.8286,0.829,4.20,1.60
2009.05.21 11:17:52.451,0.8286,0.829,4.20,9.60
2009.05.21 11:17:52.851,0.8286,0.829,4.20,9.60
2009.05.21 11:17:53.152,0.8286,0.829,4.20,9.60
2009.05.21 11:17:53.541,0.8287,0.829,1.60,9.60
2009.05.21 11:17:53.960,0.82865,0.8289,2.00,1.40
2009.05.21 11:17:55.160,0.82855,0.8289,2.60,1.40
2009.05.21 11:17:56.670,0.82855,0.8289,4.20,1.40
2009.05.21 11:17:56.970,0.8286,0.8289,4.20,1.40
2009.05.21 11:17:57.140,0.8286,0.8289,2.60,1.40
2009.05.21 11:17:57.769,0.8286,0.829,4.20,1.60
2009.05.21 11:18:00.919,0.8287,0.829,1.60,1.60
2009.05.21 11:18:01.149,0.8287,0.829,1.80,1.60
2009.05.21 11:18:02.418,0.8287,0.829,1.60,1.60
2009.05.21 11:18:09.657,0.8286,0.8289,4.00,1.40
2009.05.21 11:18:09.877,0.82865,0.8289,1.00,1.40
2009.05.21 11:18:10.037,0.8286,0.8289,12.00,1.40
2009.05.21 11:18:10.317,0.82865,0.8289,1.00,1.40
2009.05.21 11:18:10.676,0.8286,0.82895,4.20,1.00
2009.05.21 11:18:12.246,0.8286,0.82895,4.00,1.00
2009.05.21 11:18:12.466,0.8287,0.82895,1.60,1.00
2009.05.21 11:18:12.766,0.8286,0.8289,2.20,1.40
2009.05.21 11:18:14.805,0.8286,0.8289,2.60,1.40
2009.05.21 11:18:14.925,0.8286,0.82895,4.20,1.00
2009.05.21 11:18:15.515,0.8287,0.82895,1.60,1.00
2009.05.21 11:18:15.745,0.8286,0.82895,4.20,1.00
2009.05.21 11:18:15.965,0.8287,0.829,1.60,1.60
2009.05.21 11:18:16.195,0.8286,0.829,4.20,1.60
2009.05.21 11:18:21.254,0.8287,0.829,1.60,1.60
2009.05.21 11:18:21.495,0.8287,0.829,1.80,1.60
2009.05.21 11:18:21.914,0.82875,0.829,1.00,1.60
2009.05.21 11:18:24.803,0.82885,0.8291,1.00,1.60
2009.05.21 11:18:25.084,0.8288,0.8291,1.80,1.60
2009.05.21 11:18:25.143,0.8288,0.8291,4.20,1.40
2009.05.21 11:18:25.473,0.8288,0.8291,12.20,1.40
2009.05.21 11:18:26.053,0.8288,0.8291,2.60,1.40
2009.05.21 11:18:26.573,0.8288,0.8291,2.20,1.40
2009.05.21 11:18:27.212,0.8288,0.8291,4.00,1.40
2009.05.21 11:18:29.202,0.8288,0.8291,4.00,1.60
2009.05.21 11:18:32.491,0.82875,0.8291,2.60,1.60
2009.05.21 11:18:32.881,0.8288,0.8291,1.60,1.60
2009.05.21 11:18:33.111,0.8288,0.8291,1.80,1.60
2009.05.21 11:18:33.571,0.8288,0.8291,1.60,1.60
2009.05.21 11:18:34.781,0.8288,0.8291,1.80,1.60
2009.05.21 11:18:35.960,0.8288,0.8291,2.00,1.60
2009.05.21 11:18:36.190,0.82885,0.8291,2.20,1.40
2009.05.21 11:18:36.410,0.8289,0.82915,1.60,1.00
2009.05.21 11:18:38.660,0.82885,0.8291,2.20,1.40
2009.05.21 11:18:38.880,0.8288,0.8291,4.00,1.60
2009.05.21 11:18:39.060,0.82875,0.8291,2.20,1.60
2009.05.21 11:18:39.640,0.8288,0.8291,1.60,1.60
2009.05.21 11:18:44.648,0.8288,0.8291,4.00,1.60
2009.05.21 11:18:45.848,0.82885,0.8291,1.00,1.60
2009.05.21 11:18:48.067,0.8288,0.8291,2.40,1.40
2009.05.21 11:18:48.467,0.82885,0.8291,1.80,1.40
2009.05.21 11:18:48.697,0.82885,0.8291,1.00,1.40
2009.05.21 11:18:49.037,0.82885,0.8292,4.80,1.60
2009.05.21 11:18:49.317,0.82895,0.8292,1.00,1.60
2009.05.21 11:18:49.559,0.82895,0.8292,2.20,1.40
2009.05.21 11:18:49.797,0.829,0.8293,1.60,1.60
2009.05.21 11:18:50.087,0.829,0.8294,3.20,1.60
2009.05.21 11:18:50.377,0.8291,0.8294,1.60,1.60
2009.05.21 11:18:51.227,0.8291,0.8294,4.00,1.40
2009.05.21 11:18:51.566,0.82915,0.8294,2.20,1.40
2009.05.21 11:18:52.186,0.8292,0.8295,1.60,1.60
2009.05.21 11:18:54.496,0.8291,0.8295,4.20,1.60
2009.05.21 11:18:55.676,0.8292,0.8295,1.60,1.60
2009.05.21 11:18:56.605,0.8291,0.8295,4.00,1.60
2009.05.21 11:18:57.065,0.8291,0.8294,2.20,1.40
2009.05.21 11:18:57.455,0.8291,0.8294,4.00,1.40
2009.05.21 11:18:58.535,0.82915,0.8294,1.00,1.40
2009.05.21 11:18:59.115,0.8291,0.8294,4.00,1.40
2009.05.21 11:18:59.354,0.82915,0.8294,1.00,1.40
2009.05.21 11:19:05.063,0.8291,0.8294,4.00,1.60
2009.05.21 11:19:05.363,0.82915,0.8294,1.00,1.60
2009.05.21 11:19:07.803,0.82915,0.8294,1.00,1.40
2009.05.21 11:19:10.432,0.8291,0.8294,4.00,1.40
2009.05.21 11:19:10.552,0.8291,0.8294,1.80,1.60
2009.05.21 11:19:12.042,0.8291,0.82935,1.60,1.00
2009.05.21 11:19:12.222,0.82895,0.8293,12.20,1.40
2009.05.21 11:19:12.341,0.82915,0.8293,1.00,1.40
2009.05.21 11:19:12.641,0.829,0.8293,2.60,1.40
2009.05.21 11:19:12.861,0.82905,0.8293,8.00,1.40
2009.05.21 11:19:13.092,0.82895,0.8293,4.20,1.40
2009.05.21 11:19:17.860,0.82895,0.8293,2.60,1.40
2009.05.21 11:19:18.030,0.82895,0.8293,4.20,1.40
2009.05.21 11:19:18.360,0.829,0.8293,4.00,1.40
2009.05.21 11:19:19.330,0.82895,0.8293,2.60,1.40
2009.05.21 11:19:20.709,0.829,0.8293,4.00,1.40
2009.05.21 11:19:20.999,0.82895,0.8293,2.60,1.40
2009.05.21 11:19:21.229,0.829,0.8293,4.00,1.40
2009.05.21 11:19:21.619,0.82895,0.8293,2.60,1.40
2009.05.21 11:19:21.849,0.829,0.8293,4.00,1.40
2009.05.21 11:19:22.029,0.82895,0.8293,2.60,1.40
2009.05.21 11:19:22.199,0.829,0.8293,4.00,1.40
2009.05.21 11:19:22.369,0.82895,0.8293,2.60,1.40
2009.05.21 11:19:23.459,0.829,0.8293,4.00,1.40
2009.05.21 11:19:23.639,0.82895,0.8293,2.60,1.40
2009.05.21 11:19:27.838,0.82895,0.8293,4.20,1.40
2009.05.21 11:19:27.958,0.829,0.8293,4.00,1.40
2009.05.21 11:19:28.358,0.829,0.8293,4.20,1.40
2009.05.21 11:19:28.468,0.829,0.8293,2.60,1.40
2009.05.21 11:19:28.927,0.829,0.8293,2.40,1.40
2009.05.21 11:19:36.916,0.829,0.8293,4.20,1.40
2009.05.21 11:19:39.815,0.829,0.8293,2.40,1.40
2009.05.21 11:19:41.894,0.829,0.8293,4.00,1.40
2009.05.21 11:19:49.063,0.829,0.8293,4.20,1.40
2009.05.21 11:19:49.423,0.8291,0.82935,1.60,1.00
2009.05.21 11:19:49.592,0.82905,0.8294,2.60,1.60
2009.05.21 11:19:50.054,0.82905,0.8294,2.40,1.60
2009.05.21 11:19:51.862,0.82905,0.8294,2.60,1.60
2009.05.21 11:19:55.952,0.8291,0.8294,3.80,1.60
2009.05.21 11:19:56.451,0.829,0.8294,4.20,1.60
2009.05.21 11:20:01.650,0.829,0.8294,4.20,1.60
2009.05.21 11:20:24.685,0.82905,0.82945,1.60,7.20
2009.05.21 11:20:24.954,0.82905,0.8293,1.60,1.60
2009.05.21 11:20:25.184,0.82905,0.8293,1.60,1.40
2009.05.21 11:20:25.714,0.829,0.8293,1.60,1.40
2009.05.21 11:20:26.114,0.829,0.8293,1.60,1.60
2009.05.21 11:20:26.414,0.82905,0.8293,1.60,1.60
2009.05.21 11:20:26.884,0.829,0.8293,1.60,1.60
2009.05.21 11:20:27.174,0.82905,0.8293,1.60,1.60
2009.05.21 11:20:28.333,0.82905,0.8293,1.60,1.60
2009.05.21 11:20:28.563,0.8291,0.8293,1.60,1.40
2009.05.21 11:20:30.513,0.82905,0.8293,9.80,1.40
2009.05.21 11:20:30.913,0.829,0.8293,2.20,1.60
2009.05.21 11:20:31.083,0.82895,0.8293,4.80,1.60
2009.05.21 11:20:31.253,0.82895,0.8293,2.40,1.60
2009.05.21 11:20:31.992,0.82895,0.8293,2.60,1.60
2009.05.21 11:20:32.112,0.82895,0.8293,4.20,1.60
2009.05.21 11:20:35.722,0.82895,0.8293,2.60,1.60
2009.05.21 11:20:35.951,0.82905,0.8293,1.60,1.60
2009.05.21 11:20:36.061,0.8291,0.8293,1.00,1.60
2009.05.21 11:20:36.521,0.8291,0.8294,1.60,1.60
2009.05.21 11:20:37.051,0.82905,0.8294,1.60,1.60
2009.05.21 11:20:37.861,0.829,0.8294,5.80,1.60
2009.05.21 11:20:38.261,0.8291,0.8294,4.00,1.40
2009.05.21 11:20:38.661,0.8291,0.8294,1.60,1.40
2009.05.21 11:20:39.481,0.8291,0.8294,1.60,1.40
2009.05.21 11:20:41.380,0.8291,0.8294,12.00,1.40
2009.05.21 11:20:41.890,0.82915,0.8294,2.20,1.40
2009.05.21 11:20:42.190,0.82915,0.8294,12.00,1.40
2009.05.21 11:20:43.779,0.82915,0.8294,1.60,1.40
2009.05.21 11:20:44.149,0.8292,0.8294,8.00,1.40
2009.05.21 11:20:44.389,0.8292,0.8295,9.80,1.60
2009.05.21 11:20:45.299,0.82925,0.8295,1.00,1.40
2009.05.21 11:20:45.589,0.82915,0.8295,2.20,1.60
2009.05.21 11:20:46.089,0.82915,0.8295,3.80,1.60
2009.05.21 11:20:46.419,0.8292,0.8295,1.80,1.60
2009.05.21 11:20:52.747,0.8292,0.8295,1.60,1.60
2009.05.21 11:20:59.146,0.8291,0.82945,4.20,1.00
2009.05.21 11:20:59.886,0.8291,0.82945,5.80,1.00
2009.05.21 11:21:01.915,0.8291,0.82945,4.20,1.00
2009.05.21 11:21:02.075,0.8291,0.82945,5.80,1.00
2009.05.21 11:21:10.523,0.8291,0.8295,5.80,1.60
2009.05.21 11:21:13.143,0.8291,0.8295,8.20,1.60
2009.05.21 11:21:13.832,0.8292,0.8295,1.60,1.60
2009.05.21 11:21:14.282,0.82915,0.8295,2.40,1.40
2009.05.21 11:21:15.982,0.8291,0.8295,8.20,1.60
2009.05.21 11:21:17.022,0.8291,0.8295,6.60,1.60
2009.05.21 11:21:17.321,0.8291,0.8295,4.20,1.60
2009.05.21 11:21:20.781,0.8292,0.8295,1.60,4.60
2009.05.21 11:21:21.071,0.8291,0.82945,1.80,1.00
2009.05.21 11:21:21.411,0.8291,0.8294,12.00,1.40
2009.05.21 11:21:21.690,0.8291,0.8294,4.00,1.40
2009.05.21 11:21:22.850,0.8291,0.8294,12.00,1.40
2009.05.21 11:21:37.436,0.8291,0.8294,2.00,1.40
2009.05.21 11:21:40.156,0.8291,0.8294,12.20,1.40
2009.05.21 11:21:45.705,0.8291,0.8294,4.20,1.40
2009.05.21 11:21:46.344,0.8291,0.8294,4.00,1.40
2009.05.21 11:21:47.044,0.8291,0.8294,4.00,1.60
2009.05.21 11:21:47.154,0.8291,0.8294,3.80,1.60
2009.05.21 11:21:48.814,0.82905,0.8294,2.20,1.60
2009.05.21 11:21:51.823,0.82905,0.8294,2.60,1.60
2009.05.21 11:21:51.943,0.82905,0.8294,2.60,1.40
2009.05.21 11:21:52.173,0.8291,0.8294,4.00,1.40
2009.05.21 11:21:52.293,0.8291,0.8294,12.20,1.40
2009.05.21 11:21:52.473,0.8292,0.8294,1.00,1.40
2009.05.21 11:21:52.583,0.8292,0.8295,1.80,1.60
2009.05.21 11:21:52.823,0.8292,0.8295,1.80,1.40
2009.05.21 11:21:52.873,0.8292,0.8295,4.00,1.40
2009.05.21 11:21:53.393,0.82915,0.8295,2.40,1.40
2009.05.21 11:21:56.412,0.8291,0.8295,4.20,1.60
2009.05.21 11:21:57.402,0.8291,0.82945,4.20,1.00
2009.05.21 11:21:59.851,0.8291,0.8294,2.60,1.40
2009.05.21 11:22:06.909,0.8292,0.8294,1.00,1.40
2009.05.21 11:22:07.249,0.82925,0.8295,1.00,1.60
2009.05.21 11:22:07.589,0.82925,0.8295,1.00,1.40
2009.05.21 11:22:15.067,0.8293,0.8295,1.00,1.40
2009.05.21 11:22:15.187,0.8293,0.82955,9.80,1.00
2009.05.21 11:22:15.298,0.8293,0.82955,9.60,1.00
2009.05.21 11:22:15.717,0.82925,0.82955,1.00,1.00
2009.05.21 11:22:16.127,0.82925,0.8295,1.00,1.40
2009.05.21 11:22:26.934,0.8292,0.8295,12.00,1.40
2009.05.21 11:22:27.284,0.8292,0.8295,4.00,1.40
2009.05.21 11:22:34.443,0.82915,0.8295,2.60,1.40
2009.05.21 11:22:34.713,0.82915,0.8295,2.40,1.40
2009.05.21 11:22:35.013,0.8292,0.8295,3.80,1.40
2009.05.21 11:22:35.283,0.8292,0.8295,1.60,4.60
2009.05.21 11:22:35.553,0.82905,0.8294,2.40,1.60
2009.05.21 11:22:47.120,0.82915,0.8294,1.00,1.60
2009.05.21 11:22:47.520,0.8292,0.8294,2.20,1.60
2009.05.21 11:22:47.750,0.82935,0.8296,1.00,1.60
2009.05.21 11:22:48.039,0.82935,0.82975,2.60,11.20
2009.05.21 11:22:48.140,0.82935,0.82975,2.60,1.00
2009.05.21 11:22:48.310,0.82935,0.82975,2.40,1.00
2009.05.21 11:22:49.799,0.82935,0.82975,2.60,1.00
2009.05.21 11:22:50.039,0.82935,0.8297,2.40,1.20
2009.05.21 11:22:50.279,0.82935,0.8297,2.40,1.00
2009.05.21 11:22:50.459,0.82935,0.8298,2.40,4.00
2009.05.21 11:22:51.429,0.82935,0.82975,2.40,9.60
2009.05.21 11:22:52.178,0.82935,0.82975,2.40,8.20
2009.05.21 11:22:52.628,0.82935,0.82975,2.40,1.00
2009.05.21 11:22:54.358,0.8294,0.82975,2.00,1.00
2009.05.21 11:22:54.578,0.8295,0.8298,1.60,1.60
2009.05.21 11:22:55.048,0.82945,0.8298,2.60,1.40
2009.05.21 11:22:55.438,0.82945,0.8298,5.00,1.40
2009.05.21 11:22:55.668,0.82955,0.8298,3.80,1.40
2009.05.21 11:22:55.888,0.82955,0.8298,2.00,1.40
2009.05.21 11:22:57.198,0.82945,0.8298,4.80,1.40
2009.05.21 11:22:57.718,0.8295,0.8298,1.60,1.60
2009.05.21 11:22:58.607,0.8294,0.8298,4.20,1.60
2009.05.21 11:23:06.315,0.8294,0.8298,4.20,1.60
2009.05.21 11:23:06.555,0.82945,0.8298,2.40,1.40
2009.05.21 11:23:07.245,0.8295,0.8298,4.20,1.40
2009.05.21 11:23:07.895,0.82945,0.8298,2.40,1.60
2009.05.21 11:23:12.324,0.8295,0.8298,2.60,1.40
2009.05.21 11:23:12.613,0.8295,0.8299,6.60,1.60
2009.05.21 11:23:12.894,0.8296,0.8299,1.60,1.60
2009.05.21 11:23:13.124,0.82955,0.8299,2.40,1.60
2009.05.21 11:23:14.333,0.8295,0.8299,4.20,1.60
2009.05.21 11:23:14.553,0.8295,0.8299,2.00,1.60
2009.05.21 11:23:14.883,0.8295,0.8298,12.20,1.40
2009.05.21 11:23:14.993,0.82945,0.8298,2.40,1.40
2009.05.21 11:23:18.742,0.8295,0.8298,4.20,1.40
2009.05.21 11:23:19.322,0.82955,0.8298,1.00,1.40
2009.05.21 11:23:19.552,0.8296,0.8299,1.60,1.60
2009.05.21 11:23:20.132,0.82955,0.8299,2.60,1.60
2009.05.21 11:23:24.001,0.8295,0.8299,4.20,1.60
2009.05.21 11:23:24.351,0.8295,0.8299,2.00,1.60
2009.05.21 11:23:25.161,0.8295,0.8299,4.20,1.60
2009.05.21 11:23:25.511,0.8296,0.82985,1.60,1.00
2009.05.21 11:23:31.329,0.8295,0.82985,2.00,1.00
2009.05.21 11:23:31.509,0.8296,0.8299,1.80,1.60
2009.05.21 11:23:32.899,0.8296,0.8299,1.60,1.60
2009.05.21 11:23:35.618,0.8295,0.8299,4.20,1.60
2009.05.21 11:23:37.608,0.8296,0.8299,1.60,1.60
2009.05.21 11:23:38.007,0.8295,0.8299,4.20,1.60
2009.05.21 11:23:42.217,0.82915,0.8294,1.00,9.40
2009.05.21 11:23:42.456,0.82915,0.8295,9.80,1.60
2009.05.21 11:23:42.986,0.8292,0.8295,1.00,1.60
2009.05.21 11:23:43.226,0.8292,0.8295,1.80,1.60
2009.05.21 11:23:44.556,0.8292,0.8295,1.60,1.60
2009.05.21 11:23:49.305,0.8292,0.8295,4.20,1.60
2009.05.21 11:23:49.645,0.8292,0.82955,4.20,1.00
2009.05.21 11:23:50.005,0.8293,0.8296,4.00,1.40
2009.05.21 11:23:50.234,0.82935,0.8296,1.00,1.40
2009.05.21 11:23:50.495,0.8294,0.8297,2.00,1.40
2009.05.21 11:23:50.834,0.8294,0.8298,4.20,14.40
2009.05.21 11:23:51.124,0.8294,0.8298,4.20,1.60
2009.05.21 11:23:54.973,0.82945,0.8298,2.40,1.40
2009.05.21 11:23:57.063,0.8295,0.8298,3.80,9.20
2009.05.21 11:23:57.384,0.8294,0.82985,4.20,13.80
2009.05.21 11:23:57.563,0.8294,0.8298,4.20,1.60
2009.05.21 11:23:58.073,0.82945,0.8298,2.40,1.60
2009.05.21 11:23:59.302,0.82945,0.8298,2.40,1.40
2009.05.21 11:24:00.522,0.82955,0.8298,1.00,1.40
2009.05.21 11:24:02.651,0.8296,0.82985,1.60,1.00
2009.05.21 11:24:04.131,0.8296,0.82985,1.60,3.20
2009.05.21 11:24:04.551,0.82955,0.8298,1.00,6.20
2009.05.21 11:24:04.721,0.82955,0.8298,2.20,1.40
2009.05.21 11:24:04.941,0.8296,0.8299,1.60,1.60
2009.05.21 11:24:05.404,0.8296,0.8299,4.00,1.40
2009.05.21 11:24:05.871,0.82955,0.8299,2.60,1.40
2009.05.21 11:24:06.271,0.82955,0.8299,2.60,1.60
2009.05.21 11:24:06.801,0.8296,0.8299,4.00,1.60
2009.05.21 11:24:10.370,0.8296,0.8299,4.00,1.40
2009.05.21 11:24:11.180,0.8296,0.8299,2.60,1.40
2009.05.21 11:24:11.839,0.82965,0.8299,2.20,1.40
2009.05.21 11:24:12.069,0.8297,0.83,1.60,1.60
2009.05.21 11:24:12.189,0.8296,0.83,4.20,1.60
2009.05.21 11:24:12.539,0.8297,0.82995,1.60,1.00
2009.05.21 11:24:12.889,0.82955,0.8299,2.60,1.40
2009.05.21 11:24:13.169,0.82955,0.8299,2.60,1.60
2009.05.21 11:24:15.198,0.82955,0.8299,2.20,1.60
2009.05.21 11:24:16.348,0.8296,0.8299,1.60,2.40
2009.05.21 11:24:16.528,0.8296,0.82995,1.80,10.40
2009.05.21 11:24:16.828,0.8296,0.82985,1.80,1.40
2009.05.21 11:24:17.048,0.8296,0.8299,1.60,1.60
2009.05.21 11:24:19.737,0.82955,0.8299,2.20,1.60
2009.05.21 11:24:20.027,0.8296,0.8299,3.80,1.60
2009.05.21 11:24:20.367,0.8295,0.82985,4.00,1.00
2009.05.21 11:24:20.667,0.8296,0.8299,1.80,1.60
2009.05.21 11:24:21.187,0.8296,0.8299,4.00,1.40
2009.05.21 11:24:21.657,0.8297,0.82995,1.60,1.00
2009.05.21 11:24:21.887,0.8297,0.83,1.60,1.60
2009.05.21 11:24:22.577,0.8296,0.83,4.00,1.60
2009.05.21 11:24:22.807,0.8297,0.82995,1.60,1.00
2009.05.21 11:24:23.327,0.8297,0.83,1.60,1.60
2009.05.21 11:24:26.635,0.8296,0.83,4.00,1.60
2009.05.21 11:24:28.495,0.8297,0.82995,1.60,1.00
2009.05.21 11:24:29.165,0.8296,0.8299,3.80,1.40
2009.05.21 11:24:29.515,0.8295,0.8299,4.20,1.60
2009.05.21 11:24:30.675,0.8296,0.82985,1.60,1.00
2009.05.21 11:24:32.244,0.8296,0.82985,1.60,3.20
2009.05.21 11:24:32.354,0.8295,0.8298,1.60,1.40
2009.05.21 11:24:33.044,0.8295,0.8298,1.60,1.60
2009.05.21 11:24:36.783,0.82945,0.8298,2.20,1.40
2009.05.21 11:24:37.003,0.82955,0.8298,1.00,1.40
2009.05.21 11:24:37.183,0.82945,0.8298,2.20,1.40
2009.05.21 11:24:37.873,0.82955,0.8298,1.00,1.40
2009.05.21 11:24:37.993,0.82945,0.8298,2.60,1.40
2009.05.21 11:24:39.203,0.82955,0.8298,1.00,1.40
2009.05.21 11:24:39.883,0.8295,0.8298,1.60,1.60
2009.05.21 11:24:40.302,0.8295,0.8298,1.80,1.60
2009.05.21 11:24:40.522,0.8295,0.8298,1.60,1.60
2009.05.21 11:24:40.692,0.82945,0.8298,2.20,1.40
2009.05.21 11:24:45.591,0.82945,0.8298,2.20,1.40
2009.05.21 11:24:46.161,0.82945,0.8298,2.20,1.60
2009.05.21 11:24:46.611,0.8295,0.8298,4.00,1.60
2009.05.21 11:24:46.881,0.82945,0.8298,2.20,1.40
2009.05.21 11:24:50.060,0.82945,0.8298,4.60,1.40
2009.05.21 11:24:50.340,0.82945,0.8298,2.20,1.40
2009.05.21 11:24:53.549,0.8295,0.8298,1.60,1.60
2009.05.21 11:24:54.019,0.8294,0.8298,4.00,1.60
2009.05.21 11:24:54.359,0.82935,0.8297,2.20,1.40
2009.05.21 11:24:54.589,0.8294,0.8297,9.80,1.40
2009.05.21 11:24:54.819,0.8293,0.8297,4.20,1.40
2009.05.21 11:24:55.109,0.8293,0.8297,4.20,1.60
2009.05.21 11:24:55.859,0.8294,0.8297,1.60,1.60
2009.05.21 11:24:56.869,0.8294,0.8297,4.00,1.40
2009.05.21 11:24:57.449,0.82945,0.8297,1.00,1.40
2009.05.21 11:24:57.688,0.82945,0.8297,2.20,1.40
2009.05.21 11:24:58.038,0.8295,0.8298,1.60,1.60
2009.05.21 11:24:58.508,0.82955,0.8298,2.20,1.40
2009.05.21 11:24:59.048,0.8296,0.8299,1.60,1.60
2009.05.21 11:25:01.237,0.8296,0.8299,1.80,1.60
2009.05.21 11:25:01.637,0.8296,0.8299,4.00,1.40
2009.05.21 11:25:04.217,0.8296,0.8299,3.80,1.40
2009.05.21 11:25:04.607,0.8296,0.8299,1.60,1.60
2009.05.21 11:25:10.385,0.8296,0.8299,1.80,1.60
2009.05.21 11:25:10.735,0.8296,0.8299,4.00,1.40
2009.05.21 11:25:15.554,0.8296,0.8299,4.00,1.60
2009.05.21 11:25:15.794,0.8296,0.8299,1.60,1.60
2009.05.21 11:25:16.034,0.8295,0.8299,4.20,1.60
2009.05.21 11:25:16.554,0.8295,0.8298,2.20,1.40
2009.05.21 11:25:17.064,0.8295,0.8298,4.00,1.40
2009.05.21 11:25:17.404,0.82945,0.8298,2.20,1.40
2009.05.21 11:25:17.993,0.8295,0.8298,1.60,1.60
2009.05.21 11:25:18.383,0.8294,0.8297,4.00,1.40
2009.05.21 11:25:18.613,0.82945,0.8298,1.00,1.60
2009.05.21 11:25:18.783,0.82935,0.8298,2.60,1.60
2009.05.21 11:25:19.003,0.8294,0.8297,4.00,1.40
2009.05.21 11:25:19.243,0.82935,0.8297,2.60,1.40
2009.05.21 11:25:24.642,0.82935,0.8297,2.20,1.40
2009.05.21 11:25:26.491,0.8294,0.8297,3.80,1.40
2009.05.21 11:25:26.771,0.8294,0.8297,3.80,1.60
2009.05.21 11:25:31.720,0.82935,0.8297,2.20,1.60
2009.05.21 11:25:39.618,0.8294,0.8297,3.80,1.60
2009.05.21 11:25:39.968,0.8293,0.8297,4.20,1.60
2009.05.21 11:25:40.878,0.8293,0.8297,4.20,9.60
2009.05.21 11:25:41.618,0.8294,0.8297,1.60,9.60
2009.05.21 11:25:41.848,0.8293,0.8297,4.20,1.60
2009.05.21 11:25:42.648,0.82935,0.8296,2.00,1.40
2009.05.21 11:25:42.992,0.82925,0.8296,2.60,1.40
2009.05.21 11:25:43.227,0.82925,0.8296,2.40,1.40
2009.05.21 11:25:43.397,0.8292,0.8296,4.20,1.60
2009.05.21 11:25:50.176,0.82915,0.8295,2.60,1.40
2009.05.21 11:25:50.635,0.8292,0.8295,1.60,1.40
2009.05.21 11:25:50.815,0.8292,0.8295,1.60,1.60
2009.05.21 11:25:51.545,0.8291,0.8295,4.20,1.60
2009.05.21 11:25:52.915,0.8292,0.8295,1.60,1.60
2009.05.21 11:25:53.195,0.82915,0.8295,2.60,1.60
2009.05.21 11:25:54.045,0.8292,0.8295,3.80,1.60
2009.05.21 11:25:54.285,0.8291,0.8295,4.20,1.60
2009.05.21 11:25:56.354,0.8292,0.82945,1.60,1.00
2009.05.21 11:25:56.705,0.82905,0.8294,5.00,1.40
2009.05.21 11:25:56.934,0.82905,0.8294,2.60,1.40
2009.05.21 11:25:57.104,0.82905,0.8294,2.60,1.60
2009.05.21 11:25:57.336,0.82915,0.8294,1.00,1.60
2009.05.21 11:25:57.564,0.82915,0.8294,2.60,1.40
2009.05.21 11:25:59.394,0.82915,0.8295,2.20,1.60
2009.05.21 11:25:59.913,0.8291,0.8295,4.00,1.60
2009.05.21 11:26:00.153,0.8291,0.8294,4.00,1.40
2009.05.21 11:26:02.343,0.8291,0.8294,2.60,1.40
2009.05.21 11:26:03.143,0.8291,0.8294,2.40,1.40
2009.05.21 11:26:03.312,0.829,0.82935,8.20,1.00
2009.05.21 11:26:03.822,0.829,0.8293,12.00,1.40
2009.05.21 11:26:04.112,0.8289,0.8292,2.20,1.60
2009.05.21 11:26:04.432,0.8289,0.82915,1.60,1.00
2009.05.21 11:26:05.122,0.8288,0.8291,2.00,1.00
2009.05.21 11:26:06.082,0.82875,0.8291,2.20,1.00
2009.05.21 11:26:06.502,0.82875,0.8291,2.20,1.00
2009.05.21 11:26:06.782,0.8288,0.82915,9.80,1.00
2009.05.21 11:26:07.012,0.82885,0.82915,1.00,1.00
2009.05.21 11:26:07.462,0.8288,0.82915,12.00,1.00
2009.05.21 11:26:07.683,0.8288,0.82915,2.40,1.00
2009.05.21 11:26:08.031,0.8288,0.82915,12.20,1.00
2009.05.21 11:26:08.091,0.8289,0.82915,8.00,1.00
2009.05.21 11:26:08.631,0.8288,0.82915,12.00,1.00
2009.05.21 11:26:09.071,0.8289,0.82915,9.80,1.00
2009.05.21 11:26:09.361,0.8289,0.8292,10.00,1.40
2009.05.21 11:26:09.591,0.8289,0.8292,2.60,1.40
2009.05.21 11:26:09.711,0.829,0.8292,1.00,1.40
2009.05.21 11:26:10.161,0.829,0.8293,1.80,1.60
2009.05.21 11:26:10.401,0.829,0.8293,1.60,1.60
2009.05.21 11:26:10.691,0.829,0.82925,1.60,1.00
2009.05.21 11:26:11.030,0.82885,0.82915,2.40,3.00
2009.05.21 11:26:11.320,0.8289,0.82915,1.60,3.20
2009.05.21 11:26:11.620,0.8289,0.82915,1.60,12.40
2009.05.21 11:26:11.850,0.8289,0.82915,1.60,12.60
2009.05.21 11:26:12.300,0.82875,0.8291,2.40,1.40
2009.05.21 11:26:12.990,0.82895,0.8291,1.00,1.40
2009.05.21 11:26:13.270,0.829,0.82915,1.60,1.00
2009.05.21 11:26:13.501,0.829,0.8295,4.20,2.40
2009.05.21 11:26:13.840,0.829,0.82945,5.80,9.40
2009.05.21 11:26:14.410,0.8291,0.8295,2.40,1.40
2009.05.21 11:26:14.760,0.8291,0.8295,4.20,1.60
2009.05.21 11:26:16.089,0.82915,0.8295,2.40,1.40
2009.05.21 11:26:16.699,0.8292,0.8295,3.80,1.60
2009.05.21 11:26:17.499,0.8292,0.8295,3.80,9.60
2009.05.21 11:26:17.609,0.8292,0.8295,3.80,2.40
2009.05.21 11:26:17.969,0.82905,0.82945,2.40,9.60
2009.05.21 11:26:18.249,0.8291,0.82945,4.00,1.00
2009.05.21 11:26:18.589,0.8291,0.8295,2.60,1.60
2009.05.21 11:26:18.758,0.8291,0.8295,4.20,1.60
2009.05.21 11:26:21.898,0.82925,0.8295,2.40,1.40
2009.05.21 11:26:22.248,0.8294,0.8296,1.00,1.60
2009.05.21 11:26:22.718,0.82925,0.8296,2.60,1.60
2009.05.21 11:26:23.058,0.8293,0.8296,4.00,1.40
2009.05.21 11:26:23.298,0.8293,0.8296,12.00,1.60
2009.05.21 11:26:23.638,0.82925,0.8296,2.40,1.60
2009.05.21 11:26:23.927,0.82925,0.8296,4.00,1.60
2009.05.21 11:26:24.268,0.82945,0.82975,1.00,4.20
2009.05.21 11:26:24.607,0.8294,0.8296,9.60,3.00
2009.05.21 11:26:25.128,0.8292,0.82955,8.00,1.00
2009.05.21 11:26:25.407,0.82915,0.8296,2.40,9.60
2009.05.21 11:26:25.747,0.82915,0.8295,2.40,1.00
2009.05.21 11:26:27.237,0.82915,0.82955,2.60,1.00
2009.05.21 11:26:28.836,0.82915,0.8295,2.60,1.00
2009.05.21 11:26:29.366,0.82915,0.8295,2.40,1.00
2009.05.21 11:26:29.876,0.82915,0.8295,2.00,3.20
2009.05.21 11:26:30.286,0.82905,0.8294,2.60,1.40
2009.05.21 11:26:33.795,0.8291,0.8294,4.00,1.40
2009.05.21 11:26:34.185,0.82905,0.8294,2.60,1.40
2009.05.21 11:26:34.705,0.8291,0.8294,12.00,1.40
2009.05.21 11:26:34.985,0.8291,0.8294,12.20,1.40
2009.05.21 11:26:35.274,0.8291,0.82945,4.20,1.00
2009.05.21 11:26:35.445,0.8291,0.8295,4.20,9.60
2009.05.21 11:26:35.884,0.8291,0.8295,4.20,1.60
2009.05.21 11:26:36.404,0.8292,0.8295,1.60,1.60
2009.05.21 11:26:36.694,0.82915,0.8295,2.60,1.40
2009.05.21 11:26:37.934,0.8292,0.8295,4.00,1.40
2009.05.21 11:26:38.524,0.8292,0.8295,12.00,1.40
2009.05.21 11:26:38.914,0.8292,0.8295,4.00,1.40
2009.05.21 11:26:41.014,0.82915,0.8295,2.60,1.40
2009.05.21 11:26:42.274,0.82915,0.8295,2.40,1.40
2009.05.21 11:26:42.563,0.82915,0.8295,2.60,1.40
2009.05.21 11:26:46.762,0.82925,0.8295,1.00,1.40
2009.05.21 11:26:48.621,0.8292,0.8295,4.00,1.40
2009.05.21 11:26:48.911,0.82925,0.8295,1.00,1.40
2009.05.21 11:26:49.091,0.8292,0.8295,4.00,1.40
2009.05.21 11:26:49.311,0.82915,0.8295,2.60,1.40
2009.05.21 11:26:49.711,0.82925,0.8295,1.00,1.40
2009.05.21 11:26:49.931,0.82915,0.8295,2.60,1.40
2009.05.21 11:27:15.525,0.8292,0.8295,4.00,1.40
2009.05.21 11:27:15.875,0.82915,0.8295,2.60,1.40
2009.05.21 11:27:16.205,0.8292,0.8295,4.00,1.40
2009.05.21 11:27:16.845,0.82915,0.8295,2.60,1.40
2009.05.21 11:27:17.065,0.8292,0.8295,1.60,1.60
2009.05.21 11:27:21.523,0.8292,0.8295,1.80,1.60
2009.05.21 11:27:22.933,0.8292,0.8295,4.00,1.40
2009.05.21 11:27:23.483,0.82915,0.8295,2.60,1.40
2009.05.21 11:27:35.470,0.82915,0.8294,2.40,3.00
2009.05.21 11:27:35.710,0.8292,0.8294,3.80,3.00
2009.05.21 11:27:36.230,0.8291,0.8294,1.80,9.60
2009.05.21 11:27:36.590,0.8291,0.8294,4.00,1.60
2009.05.21 11:27:36.870,0.82915,0.8294,1.00,1.40
2009.05.21 11:27:38.489,0.8292,0.82945,1.80,1.00
2009.05.21 11:27:39.289,0.8292,0.8295,1.80,1.60
2009.05.21 11:27:39.629,0.8292,0.8295,1.60,1.60
2009.05.21 11:27:40.979,0.8291,0.8295,4.20,1.60
2009.05.21 11:27:43.808,0.8292,0.8295,1.60,1.60
2009.05.21 11:27:45.728,0.8291,0.8295,4.20,1.60
2009.05.21 11:27:47.377,0.8292,0.8295,1.60,1.60
2009.05.21 11:27:50.297,0.8292,0.8295,1.80,1.60
2009.05.21 11:27:53.426,0.8292,0.8295,1.60,1.60
2009.05.21 11:27:53.816,0.8292,0.8295,1.80,1.60
2009.05.21 11:27:54.106,0.8292,0.8295,1.60,1.60
2009.05.21 11:27:54.406,0.8292,0.8295,1.80,1.60
2009.05.21 11:27:55.635,0.8292,0.8295,1.60,1.60
2009.05.21 11:27:56.395,0.8292,0.8295,1.80,1.60
2009.05.21 11:27:59.565,0.8292,0.8295,1.60,1.60
2009.05.21 11:27:59.854,0.8291,0.8295,4.20,1.60
2009.05.21 11:28:00.144,0.8291,0.8294,4.20,1.40
2009.05.21 11:28:08.673,0.82915,0.8294,2.20,1.40
2009.05.21 11:28:09.762,0.8292,0.8294,1.00,1.40
2009.05.21 11:28:10.002,0.8292,0.8295,1.80,1.60
2009.05.21 11:28:16.110,0.8292,0.8295,1.60,1.60
2009.05.21 11:28:20.359,0.8292,0.8295,1.80,1.60
2009.05.21 11:28:21.699,0.82925,0.8295,1.00,1.60
2009.05.21 11:28:22.169,0.8292,0.8295,1.80,1.60
2009.05.21 11:28:22.459,0.8292,0.8295,1.60,1.40
2009.05.21 11:28:22.729,0.82925,0.8295,1.00,1.40
2009.05.21 11:28:23.009,0.8292,0.8295,1.60,1.40
2009.05.21 11:28:23.468,0.82925,0.8295,1.00,1.40
2009.05.21 11:28:26.708,0.8293,0.8295,1.00,1.40
2009.05.21 11:28:27.067,0.82925,0.8295,1.00,1.40
2009.05.21 11:28:27.228,0.8293,0.8295,1.00,1.40
2009.05.21 11:28:27.687,0.8293,0.8296,1.80,1.60
2009.05.21 11:28:30.807,0.8293,0.8296,1.60,1.60
2009.05.21 11:28:46.403,0.82925,0.8295,2.20,1.40
2009.05.21 11:28:46.683,0.82925,0.8295,1.00,1.40
2009.05.21 11:28:52.721,0.8293,0.8296,1.80,1.60
2009.05.21 11:28:53.411,0.8293,0.8296,1.60,1.60
2009.05.21 11:29:00.690,0.8293,0.8296,1.80,1.60
2009.05.21 11:29:00.800,0.82935,0.8296,1.00,1.60
2009.05.21 11:29:01.310,0.82935,0.8296,1.00,1.40
2009.05.21 11:29:04.948,0.8293,0.8296,4.00,1.40
2009.05.21 11:29:07.058,0.8293,0.8296,4.00,1.60
2009.05.21 11:29:07.218,0.82925,0.8296,2.60,1.60
2009.05.21 11:29:07.678,0.8293,0.8296,1.60,1.60
2009.05.21 11:29:11.777,0.8293,0.8296,1.80,1.60
2009.05.21 11:29:13.617,0.8293,0.8296,1.60,1.60
2009.05.21 11:29:14.076,0.8293,0.82955,1.60,1.00
2009.05.21 11:29:14.456,0.82915,0.8295,2.60,1.40
2009.05.21 11:29:15.066,0.82925,0.8295,1.00,1.40
2009.05.21 11:29:15.356,0.82915,0.8295,2.60,1.40
2009.05.21 11:29:16.796,0.82915,0.8295,2.40,1.40
2009.05.21 11:29:16.967,0.82915,0.8295,2.40,1.60
2009.05.21 11:29:17.146,0.82915,0.8295,2.60,1.60
2009.05.21 11:29:17.265,0.82915,0.8295,2.40,1.60
2009.05.21 11:29:17.615,0.82915,0.8295,2.60,1.60
2009.05.21 11:29:17.786,0.82915,0.8295,2.40,1.60
2009.05.21 11:29:18.405,0.8292,0.8295,3.80,1.60
2009.05.21 11:29:18.935,0.8291,0.8295,4.20,1.60
2009.05.21 11:29:19.345,0.8291,0.8295,4.20,4.60
2009.05.21 11:29:19.685,0.8291,0.8295,4.20,12.60
2009.05.21 11:29:20.825,0.8291,0.8295,4.20,9.60
2009.05.21 11:29:21.234,0.8291,0.8295,4.20,1.60
2009.05.21 11:29:32.672,0.8292,0.8295,1.60,1.60
2009.05.21 11:29:33.062,0.8291,0.8295,4.20,1.60
2009.05.21 11:29:33.282,0.8292,0.8295,1.60,1.60
2009.05.21 11:29:38.990,0.8291,0.8295,4.20,1.60
2009.05.21 11:29:39.280,0.8292,0.8295,1.60,1.60
2009.05.21 11:29:42.950,0.82915,0.8295,2.20,1.40
2009.05.21 11:29:44.399,0.8292,0.8295,4.00,1.40
2009.05.21 11:29:50.408,0.82915,0.8295,2.60,1.40
2009.05.21 11:29:50.977,0.8292,0.8295,4.00,1.40
2009.05.21 11:29:51.277,0.82915,0.8295,2.60,1.40
2009.05.21 11:29:52.177,0.8292,0.8295,4.00,1.40
2009.05.21 11:29:54.277,0.82915,0.8295,2.60,1.40
2009.05.21 11:29:55.726,0.8292,0.8295,4.00,1.40
2009.05.21 11:30:02.665,0.82925,0.8295,1.00,1.40
2009.05.21 11:30:02.905,0.8293,0.8295,1.00,1.40
2009.05.21 11:30:03.205,0.82925,0.8296,2.20,3.20
2009.05.21 11:30:03.494,0.82925,0.8296,2.40,1.60
2009.05.21 11:30:03.654,0.82925,0.8296,2.40,3.20
2009.05.21 11:30:05.324,0.82925,0.8296,4.80,3.20
2009.05.21 11:30:05.724,0.82925,0.8296,2.40,3.20
2009.05.21 11:30:06.234,0.82925,0.8296,4.80,3.20
2009.05.21 11:30:07.273,0.8293,0.8296,2.20,3.20
2009.05.21 11:30:07.993,0.82925,0.8296,4.40,3.20
2009.05.21 11:30:08.333,0.8293,0.8296,1.60,3.20
2009.05.21 11:30:08.563,0.8292,0.8296,4.40,3.20
2009.05.21 11:30:08.853,0.8293,0.8296,1.60,3.20
2009.05.21 11:30:09.083,0.82925,0.8296,2.20,1.60
2009.05.21 11:30:09.443,0.8292,0.8296,6.60,1.60
2009.05.21 11:30:09.723,0.8292,0.82955,6.60,1.00
2009.05.21 11:30:09.963,0.82925,0.82955,2.20,1.00
2009.05.21 11:30:10.253,0.8292,0.82955,6.60,1.00
2009.05.21 11:30:10.483,0.8292,0.82955,4.20,1.00
2009.05.21 11:30:11.243,0.8292,0.8295,4.20,1.60
2009.05.21 11:30:11.423,0.8292,0.8295,4.20,3.00
2009.05.21 11:30:13.163,0.8292,0.8295,2.40,3.00
2009.05.21 11:30:13.512,0.8292,0.8295,2.40,1.40
2009.05.21 11:30:13.802,0.8292,0.8295,2.40,3.00
2009.05.21 11:30:13.982,0.8292,0.8295,2.40,1.40
2009.05.21 11:30:14.202,0.8292,0.8295,2.40,3.00
2009.05.21 11:30:14.722,0.8292,0.8295,2.40,1.40
2009.05.21 11:30:15.852,0.82925,0.8295,2.00,1.40
2009.05.21 11:30:16.201,0.82915,0.8295,2.40,1.60
2009.05.21 11:30:16.951,0.82915,0.8295,2.40,3.20
2009.05.21 11:30:20.390,0.82915,0.8295,2.60,1.60
2009.05.21 11:30:20.980,0.82915,0.8295,2.40,1.40
2009.05.21 11:30:21.660,0.82915,0.8295,2.60,3.00
2009.05.21 11:30:22.010,0.82915,0.8295,2.60,1.40
2009.05.21 11:30:22.870,0.82915,0.8295,2.40,1.40
2009.05.21 11:30:23.040,0.82915,0.8295,2.40,3.00
2009.05.21 11:30:23.270,0.82915,0.8295,2.60,3.00
2009.05.21 11:30:23.809,0.82915,0.8295,2.60,1.40
2009.05.21 11:30:24.949,0.82915,0.8295,2.40,1.40
2009.05.21 11:30:25.389,0.82915,0.8295,2.40,1.60
2009.05.21 11:30:26.139,0.8292,0.8295,3.80,1.60
2009.05.21 11:30:26.409,0.8291,0.8295,4.20,1.60
2009.05.21 11:30:26.709,0.8292,0.8294,1.60,1.60
2009.05.21 11:30:27.129,0.8291,0.8293,9.60,4.80
2009.05.21 11:30:27.479,0.829,0.8293,4.20,9.20
2009.05.21 11:30:27.889,0.82895,0.8293,2.40,9.20
2009.05.21 11:30:28.069,0.82895,0.8293,2.40,6.00
2009.05.21 11:30:28.928,0.829,0.8293,3.80,6.20
2009.05.21 11:30:32.677,0.829,0.82925,1.60,1.00
2009.05.21 11:30:33.017,0.82885,0.8292,2.40,1.40
2009.05.21 11:30:33.707,0.82885,0.8292,2.40,3.00
2009.05.21 11:30:33.947,0.82885,0.8292,2.40,3.20
2009.05.21 11:30:34.237,0.8289,0.8292,3.80,3.20
2009.05.21 11:30:34.417,0.8288,0.8292,4.20,3.20
2009.05.21 11:30:35.107,0.8288,0.8292,5.80,3.20
2009.05.21 11:30:35.287,0.8289,0.8292,1.60,3.20
2009.05.21 11:30:35.517,0.82885,0.8292,2.40,1.40
2009.05.21 11:30:44.105,0.8288,0.82915,4.20,1.00
2009.05.21 11:30:46.714,0.8288,0.8292,4.20,3.20
2009.05.21 11:30:47.354,0.8288,0.8292,4.20,3.20
2009.05.21 11:30:48.514,0.8289,0.8292,1.60,3.20
2009.05.21 11:30:48.694,0.8288,0.8292,5.80,3.20
2009.05.21 11:30:48.814,0.8288,0.8292,4.20,1.60
2009.05.21 11:30:49.053,0.8289,0.8292,1.60,3.20
2009.05.21 11:30:49.403,0.82885,0.8292,2.40,3.00
2009.05.21 11:30:49.623,0.82885,0.8292,2.40,1.40
2009.05.21 11:30:52.662,0.8289,0.8292,3.80,1.40
2009.05.21 11:30:56.112,0.82895,0.8292,1.00,1.60
2009.05.21 11:30:56.282,0.82895,0.8293,2.40,4.40
2009.05.21 11:30:56.502,0.82895,0.8293,2.40,3.20
2009.05.21 11:30:56.912,0.82895,0.8293,2.40,1.60
2009.05.21 11:30:57.151,0.82895,0.8293,2.40,3.20
2009.05.21 11:30:57.731,0.82895,0.8293,2.60,3.00
2009.05.21 11:30:58.001,0.82895,0.8293,2.40,3.00
2009.05.21 11:30:58.571,0.82895,0.8293,2.60,1.40
2009.05.21 11:31:01.890,0.82905,0.8293,2.20,1.40
2009.05.21 11:31:02.390,0.8291,0.8294,1.60,1.40
2009.05.21 11:31:02.690,0.82905,0.8294,2.60,1.40
2009.05.21 11:31:11.048,0.8291,0.8295,4.20,1.60
2009.05.21 11:31:15.057,0.8291,0.82945,4.20,1.00
2009.05.21 11:31:15.337,0.8291,0.82945,4.20,1.00
2009.05.21 11:31:15.567,0.8291,0.82945,4.20,1.00
2009.05.21 11:31:15.737,0.8291,0.8295,4.20,1.60
2009.05.21 11:31:16.017,0.8292,0.8295,1.60,1.60
2009.05.21 11:31:16.257,0.82915,0.8295,2.60,1.40
2009.05.21 11:31:19.346,0.82915,0.8295,4.20,1.40
2009.05.21 11:31:19.746,0.8292,0.8295,4.20,1.40
2009.05.21 11:31:20.136,0.8292,0.8295,2.60,1.40
2009.05.21 11:31:20.376,0.8292,0.8295,2.40,1.40
2009.05.21 11:31:20.646,0.8292,0.8296,5.80,1.60
2009.05.21 11:31:21.066,0.82935,0.8296,1.60,1.40
2009.05.21 11:31:21.506,0.8294,0.8297,2.00,1.40
2009.05.21 11:31:21.745,0.8294,0.8298,4.20,1.60
2009.05.21 11:31:22.625,0.8295,0.8298,1.60,1.60
2009.05.21 11:31:22.855,0.8295,0.8298,4.00,1.40
2009.05.21 11:31:23.215,0.8295,0.8298,4.20,1.40
2009.05.21 11:31:23.505,0.8295,0.8299,4.20,1.60
2009.05.21 11:31:26.135,0.8295,0.8299,4.20,1.60
2009.05.21 11:31:26.364,0.8296,0.8299,3.80,1.60
2009.05.21 11:31:26.714,0.82955,0.8299,2.40,1.60
2009.05.21 11:31:26.824,0.82955,0.8299,2.40,1.40
2009.05.21 11:31:27.344,0.8296,0.8299,4.20,1.40
2009.05.21 11:31:27.635,0.8296,0.8299,2.60,1.40
2009.05.21 11:31:28.094,0.8297,0.83,1.60,1.60
2009.05.21 11:31:28.324,0.82965,0.83,2.40,1.60
2009.05.21 11:31:29.004,0.82965,0.83,2.40,1.40
2009.05.21 11:31:30.104,0.82965,0.83,2.60,1.40
2009.05.21 11:31:30.613,0.8297,0.83,4.20,1.40
2009.05.21 11:31:31.073,0.82975,0.83,2.20,1.40
2009.05.21 11:31:31.473,0.8298,0.8301,1.60,1.60
2009.05.21 11:31:31.833,0.8298,0.8301,1.60,1.40
2009.05.21 11:31:32.273,0.82975,0.8301,2.20,1.40
2009.05.21 11:31:32.833,0.8298,0.8301,4.00,1.40
2009.05.21 11:31:35.992,0.82975,0.8301,2.60,1.40
2009.05.21 11:31:38.652,0.82975,0.8301,2.40,1.40
2009.05.21 11:31:39.411,0.8297,0.8301,4.20,1.60
2009.05.21 11:31:44.320,0.8297,0.83005,4.20,1.00
2009.05.21 11:31:48.669,0.8298,0.83005,1.60,1.00
2009.05.21 11:31:49.399,0.8297,0.83005,4.00,1.00
2009.05.21 11:31:49.569,0.8297,0.83,2.20,1.40
2009.05.21 11:31:49.679,0.8297,0.83005,2.20,1.00
2009.05.21 11:31:50.019,0.8297,0.83005,2.60,1.00
2009.05.21 11:31:50.368,0.8297,0.83005,4.20,1.00
2009.05.21 11:31:54.897,0.82965,0.83,4.80,1.40
2009.05.21 11:31:55.237,0.82965,0.83,2.40,1.40
2009.05.21 11:32:00.516,0.8296,0.83,4.20,1.60
2009.05.21 11:32:00.916,0.8297,0.83,1.60,1.60
2009.05.21 11:32:01.096,0.82965,0.83,2.40,1.40
2009.05.21 11:32:01.846,0.8297,0.83,1.60,1.60
2009.05.21 11:32:02.296,0.8296,0.83,4.20,1.60
2009.05.21 11:32:06.165,0.8296,0.82995,4.20,1.00
2009.05.21 11:32:09.024,0.8296,0.82995,4.20,1.00
2009.05.21 11:32:09.324,0.8297,0.83,1.60,1.60
2009.05.21 11:32:10.144,0.8297,0.8301,2.00,9.60
2009.05.21 11:32:10.504,0.8297,0.8301,4.20,4.60
2009.05.21 11:32:11.533,0.8297,0.83005,4.20,1.00
2009.05.21 11:32:15.643,0.8296,0.83,4.20,1.60
2009.05.21 11:32:15.822,0.8297,0.83,1.60,1.60
2009.05.21 11:32:16.342,0.82965,0.83,2.40,1.40
2009.05.21 11:32:17.112,0.82965,0.83,2.40,1.60
2009.05.21 11:32:17.342,0.8297,0.83,3.80,1.60
2009.05.21 11:32:18.272,0.82955,0.8299,4.80,1.40
2009.05.21 11:32:18.382,0.82955,0.8299,2.40,1.40
2009.05.21 11:32:18.622,0.82955,0.8299,4.00,1.40
2009.05.21 11:32:18.732,0.82965,0.8299,12.00,1.40
2009.05.21 11:32:24.920,0.8294,0.8297,12.00,1.40
2009.05.21 11:32:32.089,0.82925,0.8296,2.60,1.40
2009.05.21 11:32:32.659,0.82925,0.8296,2.20,1.40
2009.05.21 11:32:32.958,0.8293,0.8296,1.60,1.60
2009.05.21 11:32:33.418,0.8292,0.8296,14.60,1.60
2009.05.21 11:32:33.758,0.82925,0.8295,2.00,1.40
2009.05.21 11:32:34.038,0.82915,0.8295,2.40,1.40
2009.05.21 11:32:34.388,0.8292,0.8295,3.80,1.40
2009.05.21 11:32:34.688,0.8291,0.8295,4.20,1.60
2009.05.21 11:32:36.177,0.8292,0.8295,1.60,1.60
2009.05.21 11:32:36.577,0.8291,0.8295,4.20,1.60
2009.05.21 11:32:38.867,0.8291,0.8295,5.80,1.60
2009.05.21 11:32:39.047,0.82915,0.8295,2.60,1.40
2009.05.21 11:32:39.967,0.8292,0.8295,4.00,1.40
2009.05.21 11:32:40.826,0.8292,0.8295,12.00,1.40
2009.05.21 11:32:40.946,0.8292,0.8295,4.00,1.40
2009.05.21 11:32:41.576,0.82915,0.8295,2.60,1.40
2009.05.21 11:32:46.146,0.8292,0.8295,4.20,1.40
2009.05.21 11:32:46.535,0.8292,0.8295,2.40,1.40
2009.05.21 11:32:46.765,0.8292,0.8296,4.20,9.60
2009.05.21 11:32:58.302,0.8292,0.8296,4.20,1.60
2009.05.21 11:33:00.782,0.8293,0.8296,1.60,1.60
2009.05.21 11:33:01.072,0.8293,0.82955,1.60,1.00
2009.05.21 11:33:01.372,0.82925,0.8295,1.00,1.40
2009.05.21 11:33:02.291,0.82935,0.82955,1.00,1.00
2009.05.21 11:33:02.461,0.8293,0.8296,4.00,1.40
2009.05.21 11:33:02.872,0.82925,0.8296,2.60,1.40
2009.05.21 11:33:04.021,0.8293,0.8296,4.00,1.40
2009.05.21 11:33:05.211,0.82925,0.8296,2.60,1.40
2009.05.21 11:33:05.870,0.8293,0.82955,3.80,3.00
2009.05.21 11:33:06.030,0.8292,0.8295,1.60,1.40
2009.05.21 11:33:06.360,0.8291,0.8295,4.20,1.60
2009.05.21 11:33:06.930,0.8291,0.8295,5.80,1.60
2009.05.21 11:33:07.090,0.8292,0.8295,1.60,1.60
2009.05.21 11:33:07.210,0.82915,0.8295,2.60,1.40
2009.05.21 11:33:07.490,0.82915,0.8295,4.20,1.40
2009.05.21 11:33:07.610,0.82925,0.8295,1.00,1.40
2009.05.21 11:33:08.010,0.82925,0.8295,2.20,1.40
2009.05.21 11:33:08.300,0.82925,0.8295,10.20,1.40
2009.05.21 11:33:08.420,0.8293,0.8296,1.60,1.60
2009.05.21 11:33:09.460,0.8293,0.8296,2.00,1.60
2009.05.21 11:33:09.750,0.8293,0.8296,2.00,1.60
2009.05.21 11:33:09.979,0.82935,0.8297,4.80,1.60
2009.05.21 11:33:10.789,0.8294,0.8297,6.40,1.60
2009.05.21 11:33:10.969,0.8294,0.8296,1.60,1.00
2009.05.21 11:33:11.309,0.82925,0.8296,12.00,1.60
2009.05.21 11:33:11.639,0.82935,0.8296,1.60,1.60
2009.05.21 11:33:12.039,0.8292,0.8296,4.20,1.60
2009.05.21 11:33:13.079,0.8292,0.8296,4.20,1.60
2009.05.21 11:33:13.548,0.8293,0.8296,1.80,1.60
2009.05.21 11:33:13.889,0.8293,0.8296,4.00,1.60
2009.05.21 11:33:13.999,0.82925,0.8296,2.40,1.60
2009.05.21 11:33:14.298,0.8293,0.8296,1.60,1.60
2009.05.21 11:33:16.439,0.8293,0.8296,1.60,4.60
2009.05.21 11:33:16.498,0.8292,0.8296,4.20,1.60
2009.05.21 11:33:16.608,0.8292,0.8296,4.20,1.60
2009.05.21 11:33:16.848,0.8292,0.82955,2.00,1.00
2009.05.21 11:33:16.958,0.8292,0.82955,2.00,1.00
2009.05.21 11:33:17.238,0.8292,0.8295,12.20,1.40
2009.05.21 11:33:17.758,0.82915,0.8295,4.20,1.40
2009.05.21 11:33:18.047,0.82915,0.8295,2.40,4.40
2009.05.21 11:33:18.397,0.82915,0.8296,2.60,2.40
2009.05.21 11:33:18.757,0.82915,0.8295,2.40,1.40
2009.05.21 11:33:22.516,0.8292,0.8295,4.20,1.40
2009.05.21 11:33:22.796,0.8292,0.8295,2.40,1.40
2009.05.21 11:33:23.086,0.8292,0.8296,4.20,1.60
2009.05.21 11:33:23.586,0.8293,0.8296,3.80,1.40
2009.05.21 11:33:24.696,0.8292,0.8296,4.20,9.60
2009.05.21 11:33:25.336,0.8292,0.8296,4.20,12.60
2009.05.21 11:33:25.505,0.8292,0.8296,4.20,9.60
2009.05.21 11:33:25.786,0.8292,0.8296,4.20,4.60
2009.05.21 11:33:25.896,0.8292,0.8296,4.20,1.60
2009.05.21 11:33:26.256,0.8293,0.8296,1.60,1.60
2009.05.21 11:33:27.695,0.8292,0.8296,4.20,1.60
2009.05.21 11:33:30.794,0.8292,0.8296,4.00,1.60
2009.05.21 11:33:30.914,0.8293,0.82955,1.60,1.00
2009.05.21 11:33:31.494,0.8292,0.82955,4.20,1.00
2009.05.21 11:33:32.424,0.8292,0.82955,4.00,1.00
2009.05.21 11:33:32.944,0.8292,0.8295,2.20,1.40
2009.05.21 11:33:33.694,0.8292,0.8295,2.60,1.40
2009.05.21 11:33:33.974,0.8292,0.8295,4.20,1.40
2009.05.21 11:33:34.374,0.82925,0.8295,2.60,1.40
2009.05.21 11:33:34.603,0.82925,0.8296,2.60,1.60
2009.05.21 11:33:38.253,0.82925,0.8296,2.60,1.60
2009.05.21 11:33:38.812,0.8293,0.8296,2.80,1.60
2009.05.21 11:33:39.092,0.8293,0.8297,4.20,9.60
2009.05.21 11:33:39.262,0.8294,0.8297,1.60,1.60
2009.05.21 11:33:39.602,0.82935,0.8297,2.60,1.40
2009.05.21 11:33:44.171,0.8294,0.8297,12.20,1.40
2009.05.21 11:33:45.541,0.8294,0.8297,2.60,1.40
2009.05.21 11:33:46.001,0.8294,0.8298,4.20,1.60
2009.05.21 11:33:47.390,0.8294,0.8298,5.80,1.60
2009.05.21 11:33:47.510,0.8295,0.8298,1.60,1.60
2009.05.21 11:33:47.860,0.82945,0.8298,2.40,1.40
2009.05.21 11:33:49.010,0.8295,0.8298,1.60,1.60
2009.05.21 11:33:54.129,0.82915,0.8296,2.40,1.60
2009.05.21 11:33:55.168,0.8292,0.8296,4.20,1.60
2009.05.21 11:33:55.508,0.8294,0.82965,1.60,3.00
2009.05.21 11:33:55.918,0.82935,0.82965,2.00,3.00
2009.05.21 11:33:56.268,0.8293,0.8297,2.60,1.00
2009.05.21 11:33:56.888,0.82935,0.82975,2.40,3.20
2009.05.21 11:33:57.238,0.82935,0.82975,2.40,1.00
2009.05.21 11:33:57.988,0.8294,0.82975,2.00,3.00
2009.05.21 11:33:58.228,0.8292,0.82955,4.20,3.00
2009.05.21 11:33:58.518,0.8293,0.82955,1.60,3.00
2009.05.21 11:33:58.817,0.82925,0.8295,2.00,3.00
2009.05.21 11:33:58.878,0.82915,0.8295,2.40,3.00
2009.05.21 11:33:59.048,0.82915,0.82955,4.20,9.60
2009.05.21 11:33:59.268,0.8292,0.82955,3.60,9.40
2009.05.21 11:33:59.438,0.8292,0.8296,4.20,1.60
2009.05.21 11:33:59.957,0.8292,0.8296,4.20,1.40
2009.05.21 11:34:00.287,0.8292,0.8296,4.20,1.60
2009.05.21 11:34:00.817,0.8292,0.8296,4.20,1.60
2009.05.21 11:34:00.927,0.8292,0.8296,5.80,1.60
2009.05.21 11:34:01.037,0.8293,0.8296,1.60,1.60
2009.05.21 11:34:01.317,0.82925,0.8296,2.40,1.40
2009.05.21 11:34:02.017,0.82925,0.8297,2.40,2.40
2009.05.21 11:34:02.377,0.82925,0.8296,2.40,1.40
2009.05.21 11:34:02.657,0.82925,0.8296,2.60,1.40
2009.05.21 11:34:03.097,0.82925,0.8296,2.40,1.40
2009.05.21 11:34:03.496,0.8293,0.8296,4.20,1.40
2009.05.21 11:34:03.718,0.82935,0.8296,1.00,1.40
2009.05.21 11:34:03.897,0.8293,0.8297,6.60,1.60
2009.05.21 11:34:04.246,0.8293,0.8297,4.20,1.60
2009.05.21 11:34:04.476,0.82925,0.8296,2.40,1.40
2009.05.21 11:34:08.116,0.82925,0.8296,2.60,9.60
2009.05.21 11:34:08.406,0.82925,0.8296,2.60,1.60
2009.05.21 11:34:08.516,0.8293,0.8296,3.80,4.60
2009.05.21 11:34:08.635,0.8292,0.82955,4.20,1.00
2009.05.21 11:34:10.555,0.8293,0.82955,1.60,1.00
2009.05.21 11:34:10.725,0.82925,0.8296,2.40,1.40
2009.05.21 11:34:10.905,0.82925,0.8296,4.00,1.40
2009.05.21 11:34:11.124,0.82925,0.8296,4.20,1.40
2009.05.21 11:34:11.235,0.8293,0.8296,4.20,1.40
2009.05.21 11:34:11.355,0.8293,0.8296,2.40,1.40
2009.05.21 11:34:12.374,0.8293,0.82965,4.20,1.00
2009.05.21 11:34:14.354,0.8293,0.8296,2.00,1.40
2009.05.21 11:34:15.934,0.82935,0.8296,2.20,1.40
2009.05.21 11:34:16.054,0.82935,0.8296,2.40,1.40
2009.05.21 11:34:16.284,0.82935,0.8296,2.00,1.40
2009.05.21 11:34:16.343,0.8294,0.8296,9.60,1.40
2009.05.21 11:34:16.393,0.8294,0.8296,8.00,1.40
2009.05.21 11:34:16.563,0.82935,0.8296,11.80,1.40
2009.05.21 11:34:16.623,0.8293,0.8296,4.40,1.40
2009.05.21 11:34:16.863,0.82935,0.8296,11.80,1.40
2009.05.21 11:34:17.183,0.8294,0.8297,1.80,1.60
2009.05.21 11:34:17.743,0.82935,0.8296,8.00,1.40
2009.05.21 11:34:22.022,0.829,0.8294,4.20,1.60
2009.05.21 11:34:22.312,0.829,0.82935,4.20,1.00
2009.05.21 11:34:23.172,0.8291,0.82935,1.60,1.00
2009.05.21 11:34:23.513,0.82905,0.8294,2.40,1.60
2009.05.21 11:34:24.431,0.82905,0.8294,2.60,1.40
2009.05.21 11:34:32.869,0.82925,0.8295,8.00,1.40
2009.05.21 11:34:32.989,0.82925,0.8295,1.00,1.40
2009.05.21 11:34:33.549,0.8292,0.8295,12.40,1.40
2009.05.21 11:34:33.789,0.8292,0.8295,3.40,1.40
2009.05.21 11:34:34.009,0.8292,0.8295,3.80,1.40
2009.05.21 11:34:34.539,0.8292,0.8295,11.40,1.60
2009.05.21 11:34:35.070,0.8291,0.8295,6.40,1.60
2009.05.21 11:34:35.299,0.82915,0.8294,10.00,4.40
2009.05.21 11:34:35.579,0.829,0.82935,1.80,1.00
2009.05.21 11:34:35.859,0.82895,0.8293,2.60,1.40
2009.05.21 11:34:36.499,0.82895,0.8293,2.60,1.60
2009.05.21 11:34:37.198,0.82895,0.8293,2.20,1.60
2009.05.21 11:34:37.419,0.829,0.82925,1.60,3.00
2009.05.21 11:34:37.698,0.8289,0.82935,1.80,5.00
2009.05.21 11:34:37.998,0.8289,0.8292,12.20,1.40
2009.05.21 11:34:38.228,0.8289,0.8292,2.60,1.40
2009.05.21 11:34:38.458,0.82895,0.8292,2.20,1.40
2009.05.21 11:34:38.688,0.829,0.8293,1.60,1.60
2009.05.21 11:34:43.577,0.829,0.82925,1.60,1.00
2009.05.21 11:34:43.867,0.82895,0.8292,2.20,1.40
2009.05.21 11:34:49.486,0.829,0.8292,1.00,1.40
2009.05.21 11:34:49.596,0.829,0.8293,1.80,1.60
2009.05.21 11:34:51.625,0.82905,0.8293,1.00,1.60
2009.05.21 11:34:51.745,0.82905,0.8293,1.00,1.40
2009.05.21 11:34:52.335,0.82905,0.8293,2.20,1.40
2009.05.21 11:34:53.785,0.8291,0.8293,1.00,1.40
2009.05.21 11:34:53.844,0.8291,0.8294,2.00,1.60
2009.05.21 11:34:54.295,0.8291,0.82945,4.20,1.00
2009.05.21 11:34:57.334,0.8292,0.82945,1.60,1.00
2009.05.21 11:34:57.614,0.82915,0.8295,2.40,1.40
2009.05.21 11:35:00.903,0.8293,0.8295,1.00,1.40
2009.05.21 11:35:01.333,0.8293,0.82955,1.80,1.00
2009.05.21 11:35:01.572,0.8293,0.8296,4.00,1.40
2009.05.21 11:35:01.843,0.8293,0.8296,9.00,1.40
2009.05.21 11:35:02.232,0.82935,0.8296,1.20,1.40
2009.05.21 11:35:02.472,0.82935,0.8297,2.40,1.40
2009.05.21 11:35:02.702,0.82935,0.8297,2.40,3.00
2009.05.21 11:35:02.922,0.8294,0.8298,5.80,1.60
2009.05.21 11:35:03.202,0.8294,0.8298,5.80,1.60
2009.05.21 11:35:03.432,0.8294,0.8298,4.20,1.60
2009.05.21 11:35:05.901,0.82935,0.8297,2.40,1.40
2009.05.21 11:35:15.929,0.82945,0.8297,2.20,1.40
2009.05.21 11:35:16.169,0.8295,0.82975,1.60,1.00
2009.05.21 11:35:16.579,0.8294,0.82975,4.20,1.00
2009.05.21 11:35:17.679,0.82935,0.8297,2.40,1.60
2009.05.21 11:35:23.157,0.8294,0.8297,5.00,1.60
2009.05.21 11:35:23.387,0.8294,0.8297,13.00,1.40
2009.05.21 11:35:23.557,0.8294,0.8297,11.80,1.40
2009.05.21 11:35:24.107,0.82945,0.8297,1.00,1.40
2009.05.21 11:35:24.277,0.8295,0.8298,1.60,1.60
2009.05.21 11:35:27.466,0.8294,0.8298,4.20,1.60
2009.05.21 11:35:27.696,0.8295,0.8298,1.60,1.60
2009.05.21 11:35:28.456,0.8294,0.8298,4.20,1.60
2009.05.21 11:35:29.026,0.8295,0.8298,1.60,1.60
2009.05.21 11:35:29.296,0.8294,0.8298,4.00,1.60
2009.05.21 11:35:29.536,0.8294,0.8298,4.20,1.60
2009.05.21 11:35:39.214,0.8294,0.82975,2.00,1.00
2009.05.21 11:35:39.333,0.8295,0.82975,1.60,1.00
2009.05.21 11:35:39.624,0.82935,0.8297,2.60,1.40
2009.05.21 11:35:39.793,0.82935,0.8297,2.40,1.40
2009.05.21 11:35:39.903,0.8294,0.8297,3.80,1.40
2009.05.21 11:35:40.183,0.8293,0.8297,4.20,1.60
2009.05.21 11:35:41.283,0.8293,0.8297,4.20,1.60
2009.05.21 11:35:42.083,0.8294,0.82965,1.60,1.00
2009.05.21 11:35:42.533,0.82925,0.8296,2.60,1.40
2009.05.21 11:35:51.600,0.8293,0.8296,4.20,1.40
2009.05.21 11:35:51.700,0.8293,0.8296,2.40,1.40
2009.05.21 11:35:51.820,0.8294,0.8296,1.00,1.40
2009.05.21 11:35:51.880,0.8294,0.8296,1.00,1.40
2009.05.21 11:35:54.850,0.8294,0.8298,5.80,1.60
2009.05.21 11:35:55.189,0.8294,0.8298,4.20,1.60
2009.05.21 11:35:55.420,0.8294,0.8298,4.20,1.60
2009.05.21 11:35:55.539,0.8294,0.8298,5.80,1.60
2009.05.21 11:35:55.709,0.8295,0.8298,1.60,1.60
2009.05.21 11:35:55.879,0.8294,0.8298,8.20,1.60
2009.05.21 11:35:55.999,0.82945,0.8298,2.20,1.40
2009.05.21 11:35:56.169,0.82945,0.8298,2.60,1.40
2009.05.21 11:35:56.279,0.82945,0.8298,2.40,1.40
2009.05.21 11:35:58.399,0.8295,0.8298,3.80,1.40
2009.05.21 11:35:58.569,0.8294,0.8298,8.20,1.60
2009.05.21 11:35:58.629,0.8294,0.8298,5.80,1.60
2009.05.21 11:35:58.739,0.8294,0.8298,5.80,1.40
2009.05.21 11:35:59.189,0.8295,0.8298,3.80,1.40
2009.05.21 11:36:06.357,0.8294,0.8297,2.40,1.40
2009.05.21 11:36:07.207,0.82945,0.8297,2.40,1.40
2009.05.21 11:36:07.507,0.82945,0.8298,2.60,1.40
2009.05.21 11:36:07.797,0.8295,0.8298,4.20,1.40
2009.05.21 11:36:08.136,0.8295,0.8299,4.20,1.60
2009.05.21 11:36:08.426,0.8296,0.8299,1.60,1.60
2009.05.21 11:36:08.656,0.8294,0.8298,4.20,1.60
2009.05.21 11:36:08.946,0.8295,0.8298,1.60,1.60
2009.05.21 11:36:09.286,0.82935,0.82975,4.20,1.00
2009.05.21 11:36:10.716,0.82935,0.82975,4.00,1.00
2009.05.21 11:36:11.076,0.8294,0.82975,2.00,1.00
2009.05.21 11:36:11.426,0.82935,0.8297,12.20,1.60
2009.05.21 11:36:11.766,0.82935,0.8297,2.40,1.40
2009.05.21 11:36:13.585,0.8294,0.8297,2.00,1.40
2009.05.21 11:36:13.645,0.8293,0.8297,2.60,1.60
2009.05.21 11:36:15.395,0.82925,0.82965,2.60,1.00
2009.05.21 11:36:15.565,0.82925,0.82965,4.20,1.00
2009.05.21 11:36:15.674,0.8293,0.8296,4.00,1.40
2009.05.21 11:36:15.794,0.8293,0.8296,4.20,1.40
2009.05.21 11:36:16.084,0.8293,0.8296,12.20,1.40
2009.05.21 11:36:16.144,0.8293,0.8297,4.20,1.60
2009.05.21 11:36:16.594,0.8294,0.82965,1.60,1.00
2009.05.21 11:36:17.534,0.8292,0.8296,4.20,1.60
2009.05.21 11:36:18.224,0.8292,0.82955,4.20,1.00
2009.05.21 11:36:18.754,0.8293,0.82955,1.60,1.00
2009.05.21 11:36:18.864,0.82925,0.8295,2.00,1.40
2009.05.21 11:36:19.444,0.8292,0.8295,2.60,1.40
2009.05.21 11:36:19.784,0.8292,0.82955,4.20,1.00
2009.05.21 11:36:20.244,0.8293,0.8296,1.60,1.60
2009.05.21 11:36:20.514,0.8293,0.8296,1.60,1.40
2009.05.21 11:36:20.743,0.82925,0.8296,2.40,1.40
2009.05.21 11:36:20.983,0.8293,0.8296,1.60,1.60
2009.05.21 11:36:22.133,0.8292,0.8296,4.20,1.60
2009.05.21 11:36:30.081,0.8293,0.8296,4.00,1.40
2009.05.21 11:36:30.321,0.8293,0.8296,5.60,1.40
2009.05.21 11:36:30.721,0.8293,0.8296,13.60,1.40
2009.05.21 11:36:32.450,0.82925,0.8296,4.20,1.40
2009.05.21 11:36:32.790,0.82925,0.8296,2.60,1.40
2009.05.21 11:36:34.460,0.82925,0.8296,2.40,1.40
2009.05.21 11:36:34.570,0.8293,0.8296,3.80,4.40
2009.05.21 11:36:34.630,0.8293,0.82955,1.60,1.00
2009.05.21 11:36:34.870,0.82915,0.8295,2.60,1.40
2009.05.21 11:36:34.931,0.8292,0.8295,5.60,1.40
2009.05.21 11:36:34.990,0.8292,0.8295,5.80,1.40
2009.05.21 11:36:35.220,0.8292,0.8295,2.40,1.40
2009.05.21 11:36:35.730,0.8292,0.8295,2.60,1.40
2009.05.21 11:36:39.149,0.8292,0.8295,8.20,1.40
2009.05.21 11:36:39.379,0.8292,0.8295,6.60,1.40
2009.05.21 11:36:39.499,0.8292,0.8295,2.60,1.40
2009.05.21 11:36:39.789,0.82925,0.8296,2.40,1.60
2009.05.21 11:36:40.069,0.82925,0.8296,2.40,1.40
2009.05.21 11:36:40.469,0.8293,0.8296,5.80,1.40
2009.05.21 11:36:40.639,0.8293,0.8296,2.60,1.40
2009.05.21 11:36:41.268,0.82935,0.8296,2.20,1.40
2009.05.21 11:36:41.608,0.8293,0.82965,4.20,1.00
2009.05.21 11:36:41.848,0.8293,0.8297,4.20,1.60
2009.05.21 11:36:42.028,0.8294,0.8297,1.60,1.60
2009.05.21 11:36:42.268,0.8294,0.8297,3.20,1.60
2009.05.21 11:36:46.089,0.8295,0.82975,1.60,1.00
2009.05.21 11:36:46.207,0.8294,0.8298,4.20,1.60
2009.05.21 11:36:46.657,0.8295,0.8298,5.40,1.60
2009.05.21 11:36:47.877,0.82945,0.8298,2.20,1.60
2009.05.21 11:36:53.315,0.8294,0.8298,5.80,1.60
2009.05.21 11:36:57.135,0.8294,0.8297,13.60,1.40
2009.05.21 11:37:00.264,0.8294,0.8298,5.80,1.60
2009.05.21 11:37:00.604,0.8295,0.8298,1.60,1.60
2009.05.21 11:37:01.114,0.82945,0.8298,2.60,1.40
2009.05.21 11:37:01.923,0.82945,0.8298,2.40,1.40
2009.05.21 11:37:04.663,0.8294,0.8298,4.20,1.60
2009.05.21 11:37:05.343,0.8294,0.8298,4.20,1.60
2009.05.21 11:37:05.453,0.8295,0.8298,1.60,1.60
2009.05.21 11:37:05.562,0.8295,0.8298,1.60,9.40
2009.05.21 11:37:05.742,0.8295,0.82975,1.60,1.00
2009.05.21 11:37:05.853,0.82935,0.8297,2.60,1.40
2009.05.21 11:37:08.222,0.8294,0.8298,5.80,9.40
2009.05.21 11:37:08.402,0.8294,0.8298,4.20,14.40
2009.05.21 11:37:08.723,0.8294,0.8298,4.20,9.60
2009.05.21 11:37:08.892,0.8294,0.8298,5.80,1.60
2009.05.21 11:37:09.531,0.8294,0.8298,4.20,1.60
2009.05.21 11:37:17.310,0.8295,0.8298,1.60,1.60
2009.05.21 11:37:17.430,0.8295,0.8298,3.20,1.60
2009.05.21 11:37:17.600,0.8294,0.8298,5.80,1.60
2009.05.21 11:37:18.040,0.8294,0.8298,7.00,1.60
2009.05.21 11:37:18.420,0.8294,0.8298,4.20,1.60
2009.05.21 11:37:19.569,0.8294,0.8298,5.80,1.60
2009.05.21 11:37:19.969,0.8294,0.8298,5.80,9.60
2009.05.21 11:37:20.769,0.8294,0.8298,5.80,9.60
2009.05.21 11:37:21.059,0.8295,0.82975,1.60,1.00
2009.05.21 11:37:21.169,0.82935,0.8297,4.20,1.40
2009.05.21 11:37:21.469,0.8294,0.8297,1.80,1.40
2009.05.21 11:37:21.529,0.8294,0.8297,3.40,1.40
2009.05.21 11:37:21.709,0.8294,0.8297,3.60,1.40
2009.05.21 11:37:21.829,0.8294,0.8298,2.60,9.60
2009.05.21 11:37:22.299,0.8294,0.8298,4.20,9.60
2009.05.21 11:37:22.529,0.82945,0.8298,2.60,9.40
2009.05.21 11:37:22.878,0.82945,0.8298,2.40,1.40
2009.05.21 11:37:23.048,0.8295,0.8298,5.40,1.40
2009.05.21 11:37:23.288,0.8294,0.8298,4.20,9.60
2009.05.21 11:37:23.459,0.8294,0.8298,5.80,9.60
2009.05.21 11:37:23.678,0.8294,0.8298,5.80,1.60
2009.05.21 11:37:25.988,0.8295,0.82975,1.60,1.00
2009.05.21 11:37:26.277,0.82935,0.8297,2.40,1.40
2009.05.21 11:37:27.187,0.82935,0.8297,2.60,1.40
2009.05.21 11:37:28.217,0.8294,0.8297,1.60,1.60
2009.05.21 11:37:28.617,0.8293,0.8297,4.20,1.60
2009.05.21 11:37:28.957,0.8293,0.82965,4.20,9.40
2009.05.21 11:37:29.237,0.8293,0.82975,4.20,10.40
2009.05.21 11:37:29.417,0.8293,0.82975,7.40,2.40
2009.05.21 11:37:29.757,0.82935,0.82965,1.60,9.40
2009.05.21 11:37:30.047,0.82945,0.8297,1.00,1.40
2009.05.21 11:37:30.447,0.82945,0.8298,2.40,1.40
2009.05.21 11:37:30.746,0.82945,0.8298,2.60,1.40
2009.05.21 11:37:36.095,0.82955,0.8299,2.60,1.40
2009.05.21 11:37:36.255,0.8296,0.8299,1.60,1.40
2009.05.21 11:37:36.595,0.8296,0.8299,1.60,1.60
2009.05.21 11:37:37.515,0.8295,0.8299,4.20,1.60
2009.05.21 11:37:37.745,0.8296,0.82985,1.60,1.00
2009.05.21 11:37:40.134,0.82965,0.8299,2.60,1.40
2009.05.21 11:37:40.374,0.8297,0.83,4.20,1.60
2009.05.21 11:37:40.664,0.8297,0.83,2.60,1.40
2009.05.21 11:37:40.894,0.8297,0.8301,4.20,1.60
2009.05.21 11:37:42.933,0.8298,0.8301,1.60,1.60
2009.05.21 11:37:43.403,0.82975,0.8301,2.40,1.40
2009.05.21 11:37:44.173,0.82975,0.8301,2.60,1.40
2009.05.21 11:37:44.293,0.82995,0.8301,1.60,1.40
2009.05.21 11:37:44.453,0.82995,0.8301,6.40,1.40
2009.05.21 11:37:44.743,0.82995,0.83025,4.20,9.40
2009.05.21 11:37:45.033,0.83,0.8303,5.60,1.40
2009.05.21 11:37:45.263,0.83,0.8303,2.60,1.40
2009.05.21 11:37:45.553,0.83005,0.8304,2.40,1.60
2009.05.21 11:37:46.233,0.83,0.83035,4.20,1.00
2009.05.21 11:37:48.382,0.83,0.8304,4.20,1.60
2009.05.21 11:37:48.732,0.8301,0.8304,1.60,1.60
2009.05.21 11:37:48.902,0.83,0.8304,5.80,1.60
2009.05.21 11:37:49.322,0.8301,0.8304,1.60,1.60
2009.05.21 11:37:49.502,0.83,0.8304,4.20,1.60
2009.05.21 11:37:57.770,0.8301,0.8304,1.60,1.60
2009.05.21 11:37:58.000,0.83005,0.8304,2.40,1.40
2009.05.21 11:37:58.290,0.8301,0.8304,1.60,1.40
2009.05.21 11:37:58.880,0.8301,0.8304,3.20,1.40
2009.05.21 11:38:04.138,0.8301,0.83035,1.60,1.00
2009.05.21 11:38:04.468,0.82995,0.8303,2.40,1.40
2009.05.21 11:38:05.488,0.82995,0.8303,2.60,1.40
2009.05.21 11:38:07.488,0.82995,0.8303,2.40,1.40
2009.05.21 11:38:09.277,0.82995,0.8303,2.60,1.40
2009.05.21 11:38:09.447,0.82995,0.8303,2.20,1.40
2009.05.21 11:38:09.507,0.83,0.8303,1.60,1.60
2009.05.21 11:38:10.197,0.8299,0.8303,4.20,4.60
2009.05.21 11:38:10.257,0.8299,0.83025,4.20,1.00
2009.05.21 11:38:10.537,0.8299,0.8302,2.40,1.40
2009.05.21 11:38:10.997,0.8299,0.8302,4.00,1.40
2009.05.21 11:38:11.466,0.8299,0.8302,3.80,4.40
2009.05.21 11:38:11.647,0.8299,0.8301,3.80,4.80
2009.05.21 11:38:11.997,0.8298,0.8301,1.60,14.40
2009.05.21 11:38:12.176,0.82975,0.8301,2.60,1.40
2009.05.21 11:38:13.456,0.82975,0.8301,2.40,1.40
2009.05.21 11:38:13.806,0.8298,0.8301,3.80,1.40
2009.05.21 11:38:13.926,0.8297,0.8301,4.20,1.60
2009.05.21 11:38:14.826,0.8297,0.8301,4.20,4.60
2009.05.21 11:38:15.606,0.8297,0.8301,4.20,1.60
2009.05.21 11:38:15.826,0.8297,0.8301,4.20,9.60
2009.05.21 11:38:16.006,0.8297,0.83005,4.20,1.00
2009.05.21 11:38:17.085,0.82965,0.83,2.60,1.40
2009.05.21 11:38:17.765,0.8297,0.83,5.60,1.40
2009.05.21 11:38:22.634,0.8297,0.83,5.80,1.40
2009.05.21 11:38:23.054,0.8297,0.83,5.80,1.40
2009.05.21 11:38:23.944,0.82965,0.83,2.60,1.40
2009.05.21 11:38:24.054,0.82965,0.83,2.40,1.40
2009.05.21 11:38:24.624,0.82965,0.83,2.60,1.40
2009.05.21 11:38:24.803,0.82965,0.83,2.40,1.40
2009.05.21 11:38:25.333,0.8297,0.82995,1.60,9.40
2009.05.21 11:38:25.543,0.8297,0.83,1.60,1.60
2009.05.21 11:38:25.723,0.8297,0.83,3.20,9.60
2009.05.21 11:38:26.113,0.8297,0.83,3.20,1.60
2009.05.21 11:38:26.283,0.82965,0.8301,2.60,5.40
2009.05.21 11:38:26.633,0.82965,0.83,2.60,1.40
2009.05.21 11:38:33.281,0.8297,0.83,5.60,1.40
2009.05.21 11:38:33.501,0.8297,0.83,5.80,1.40
2009.05.21 11:38:33.611,0.8297,0.83,2.60,1.40
2009.05.21 11:38:33.961,0.8297,0.8301,4.20,1.60
2009.05.21 11:38:34.351,0.8298,0.83005,1.60,3.20
2009.05.21 11:38:34.461,0.8298,0.83005,1.60,12.60
2009.05.21 11:38:34.751,0.82965,0.83,2.40,1.40
2009.05.21 11:38:38.160,0.8298,0.83005,1.60,3.20
2009.05.21 11:38:38.560,0.82975,0.83,2.00,1.40
2009.05.21 11:38:39.890,0.8297,0.83,2.60,1.40
2009.05.21 11:38:40.010,0.8297,0.83005,4.20,1.00
2009.05.21 11:38:46.068,0.8298,0.8302,5.80,1.60
2009.05.21 11:38:46.248,0.8298,0.8302,5.80,4.60
2009.05.21 11:38:46.468,0.8298,0.8302,5.80,1.60
2009.05.21 11:38:46.828,0.8298,0.8302,5.80,9.60
2009.05.21 11:38:46.988,0.8298,0.8302,4.20,4.60
2009.05.21 11:38:47.398,0.8298,0.8302,4.20,12.60
2009.05.21 11:38:48.268,0.8298,0.8302,4.20,9.60
2009.05.21 11:38:48.729,0.8298,0.8302,5.80,1.60
2009.05.21 11:38:49.707,0.8298,0.8302,4.20,1.60
2009.05.21 11:38:53.726,0.82975,0.8301,2.40,1.40
2009.05.21 11:38:54.186,0.82975,0.8301,2.60,1.40
2009.05.21 11:38:54.936,0.82975,0.8301,2.40,1.40
2009.05.21 11:38:55.296,0.82975,0.8301,2.40,1.60
2009.05.21 11:38:56.506,0.82975,0.8301,2.60,1.60
2009.05.21 11:38:56.786,0.82975,0.8301,2.40,1.60
2009.05.21 11:38:57.076,0.82975,0.8301,2.60,1.60
2009.05.21 11:38:57.816,0.82975,0.8301,2.40,1.60
2009.05.21 11:39:01.925,0.82975,0.8301,2.40,4.60
2009.05.21 11:39:02.044,0.8297,0.8301,4.20,12.60
2009.05.21 11:39:02.454,0.8298,0.83005,1.60,1.00
2009.05.21 11:39:03.054,0.82965,0.83,2.40,1.40
2009.05.21 11:39:03.334,0.82965,0.83,2.60,1.40
2009.05.21 11:39:03.564,0.82965,0.83,2.40,1.40
2009.05.21 11:39:05.684,0.8297,0.83,3.20,1.60
2009.05.21 11:39:06.133,0.8296,0.83,4.20,1.60
2009.05.21 11:39:07.003,0.8296,0.83,4.20,4.60
2009.05.21 11:39:07.303,0.8297,0.82995,1.60,1.00
2009.05.21 11:39:07.583,0.8296,0.8298,1.60,1.00
2009.05.21 11:39:07.883,0.8294,0.8298,4.20,1.60
2009.05.21 11:39:08.813,0.8294,0.8298,4.20,4.60
2009.05.21 11:39:09.213,0.8294,0.8297,2.40,1.40
2009.05.21 11:39:09.394,0.82935,0.8297,2.40,1.40
2009.05.21 11:39:09.743,0.82935,0.8297,2.40,1.60
2009.05.21 11:39:11.612,0.82935,0.8297,2.60,1.60
2009.05.21 11:39:11.732,0.82935,0.8297,2.40,1.40
2009.05.21 11:39:14.201,0.8292,0.8295,2.40,4.40
2009.05.21 11:39:14.542,0.82925,0.8295,2.00,4.40
2009.05.21 11:39:14.721,0.8291,0.8295,4.20,4.60
2009.05.21 11:39:15.521,0.8292,0.8295,1.60,4.60
2009.05.21 11:39:15.811,0.8292,0.82945,1.60,1.00
2009.05.21 11:39:15.931,0.8291,0.8294,3.20,1.60
2009.05.21 11:39:16.161,0.8291,0.8294,1.60,1.60
2009.05.21 11:39:16.281,0.829,0.8294,4.20,1.60
2009.05.21 11:39:17.021,0.829,0.8293,5.60,1.40
2009.05.21 11:39:18.021,0.82905,0.8293,1.00,1.40
2009.05.21 11:39:18.251,0.829,0.8293,5.60,1.40
2009.05.21 11:39:18.852,0.82895,0.8293,2.60,1.40
2009.05.21 11:39:19.192,0.829,0.8293,1.60,1.60
2009.05.21 11:39:22.180,0.829,0.8293,1.60,6.20
2009.05.21 11:39:22.460,0.829,0.8293,1.60,1.40
2009.05.21 11:39:22.759,0.829,0.8293,1.60,9.60
2009.05.21 11:39:23.269,0.82895,0.8293,2.00,1.60
2009.05.21 11:39:23.629,0.82895,0.8293,4.20,1.40
2009.05.21 11:39:23.969,0.82895,0.8293,2.60,1.40
2009.05.21 11:39:25.509,0.82895,0.8293,2.20,1.40
2009.05.21 11:39:25.729,0.829,0.82925,3.80,3.00
2009.05.21 11:39:25.909,0.8289,0.8292,3.80,1.60
2009.05.21 11:39:25.969,0.8289,0.82915,1.60,1.00
2009.05.21 11:39:26.298,0.82875,0.8291,2.40,1.40
2009.05.21 11:39:26.628,0.8288,0.8291,1.60,1.60
2009.05.21 11:39:27.078,0.8287,0.829,1.60,1.40
2009.05.21 11:39:29.768,0.82865,0.829,4.20,1.40
2009.05.21 11:39:30.168,0.82865,0.829,2.60,1.40
2009.05.21 11:39:30.458,0.8287,0.829,1.60,1.40
2009.05.21 11:39:30.807,0.8287,0.829,1.60,1.40
2009.05.21 11:39:34.886,0.82875,0.829,1.00,1.40
2009.05.21 11:39:34.946,0.82875,0.829,1.60,1.40
2009.05.21 11:39:35.636,0.8288,0.829,1.00,1.40
2009.05.21 11:39:35.686,0.8288,0.8291,2.00,1.60
2009.05.21 11:39:35.866,0.8288,0.8291,2.00,1.60
2009.05.21 11:39:36.216,0.8289,0.8291,1.60,1.40
2009.05.21 11:39:36.266,0.8289,0.8291,1.80,1.40
2009.05.21 11:39:36.506,0.829,0.8292,1.60,1.40
2009.05.21 11:39:36.626,0.82895,0.8293,1.60,1.00
2009.05.21 11:39:37.026,0.82905,0.82935,1.60,1.00
2009.05.21 11:39:37.436,0.829,0.8294,5.80,1.60
2009.05.21 11:39:40.165,0.829,0.8293,4.00,1.40
2009.05.21 11:39:40.555,0.82895,0.8293,2.60,1.40
2009.05.21 11:39:41.015,0.82905,0.8293,1.00,1.40
2009.05.21 11:39:41.295,0.82905,0.8293,2.20,1.40
2009.05.21 11:39:42.815,0.82905,0.8294,1.60,1.60
2009.05.21 11:39:43.154,0.82905,0.8294,5.20,1.40
2009.05.21 11:39:43.625,0.82905,0.8294,6.60,1.40
2009.05.21 11:39:44.564,0.82905,0.8294,5.00,1.40
2009.05.21 11:39:45.294,0.82905,0.8294,2.60,1.40
2009.05.21 11:39:48.003,0.82905,0.8294,2.60,1.60
2009.05.21 11:39:48.573,0.8291,0.8294,5.40,1.60
2009.05.21 11:39:48.973,0.829,0.82935,4.20,1.00
2009.05.21 11:39:49.553,0.829,0.82935,4.20,1.00
2009.05.21 11:39:49.793,0.82895,0.8293,2.40,1.40
2009.05.21 11:39:49.963,0.829,0.8293,5.40,1.40
2009.05.21 11:39:50.193,0.8289,0.8293,4.20,1.60
2009.05.21 11:39:51.043,0.829,0.8293,1.60,1.60
2009.05.21 11:39:51.222,0.82885,0.8292,2.60,1.40
2009.05.21 11:39:51.562,0.8288,0.8292,6.60,1.40
2009.05.21 11:39:52.033,0.8288,0.8292,6.60,1.60
2009.05.21 11:39:52.212,0.8288,0.8292,4.20,1.60
2009.05.21 11:39:54.082,0.8288,0.8292,5.80,1.60
2009.05.21 11:39:55.212,0.8288,0.8292,4.20,1.60
2009.05.21 11:40:00.270,0.8288,0.8292,4.20,4.60
2009.05.21 11:40:01.440,0.82885,0.8291,2.00,1.40
2009.05.21 11:40:03.989,0.82875,0.8291,2.40,1.40
2009.05.21 11:40:09.048,0.82875,0.8291,2.40,4.40
2009.05.21 11:40:09.268,0.8288,0.8291,1.60,4.40
2009.05.21 11:40:09.328,0.8288,0.8291,1.60,1.40
2009.05.21 11:40:12.407,0.8288,0.8291,1.60,4.40
2009.05.21 11:40:12.757,0.8287,0.8291,4.20,4.60
2009.05.21 11:40:13.497,0.8287,0.82905,4.20,1.00
2009.05.21 11:40:13.798,0.8287,0.82905,5.80,1.00
2009.05.21 11:40:14.077,0.8288,0.8291,1.60,1.60
2009.05.21 11:40:16.437,0.8288,0.8291,3.20,1.60
2009.05.21 11:40:17.356,0.82875,0.8291,2.40,1.40
2009.05.21 11:40:19.176,0.8288,0.8291,1.60,4.60
2009.05.21 11:40:19.526,0.8288,0.8291,1.60,1.60
2009.05.21 11:40:19.706,0.8288,0.8291,1.60,4.60
2009.05.21 11:40:19.875,0.8288,0.82905,1.60,1.00
2009.05.21 11:40:20.635,0.8288,0.82905,1.60,3.20
2009.05.21 11:40:20.925,0.82865,0.829,2.40,1.40
2009.05.21 11:40:21.395,0.82865,0.829,2.60,1.40
2009.05.21 11:40:21.565,0.82865,0.829,2.40,1.40
2009.05.21 11:40:21.685,0.82865,0.829,2.40,6.20
2009.05.21 11:40:22.035,0.82865,0.829,2.60,1.40
2009.05.21 11:40:22.615,0.82865,0.829,2.40,1.40
2009.05.21 11:40:23.185,0.82865,0.829,2.60,1.40
2009.05.21 11:40:26.174,0.82865,0.829,6.60,1.40
2009.05.21 11:40:26.514,0.82865,0.829,4.20,1.40
2009.05.21 11:40:26.574,0.82865,0.829,2.60,1.40
2009.05.21 11:40:32.353,0.82865,0.829,4.20,1.40
2009.05.21 11:40:36.372,0.8287,0.829,3.80,1.40
2009.05.21 11:40:39.191,0.82865,0.829,2.60,1.40
2009.05.21 11:40:39.291,0.82865,0.829,4.20,1.40
2009.05.21 11:40:55.817,0.8288,0.8291,13.80,1.40
2009.05.21 11:40:56.107,0.82875,0.8291,2.60,1.40
2009.05.21 11:40:56.447,0.82875,0.8291,2.40,1.40
2009.05.21 11:40:56.787,0.82875,0.8291,4.00,1.40
2009.05.21 11:41:05.175,0.82875,0.8291,6.00,1.40
2009.05.21 11:41:05.576,0.82875,0.8291,6.40,1.40
2009.05.21 11:41:07.624,0.8288,0.8291,13.60,1.40
2009.05.21 11:41:08.324,0.82875,0.8291,6.40,1.40
2009.05.21 11:41:08.614,0.8288,0.8291,1.60,1.40
2009.05.21 11:41:08.894,0.82875,0.8291,6.40,1.40
2009.05.21 11:41:09.125,0.82885,0.8291,1.00,1.40
2009.05.21 11:41:09.244,0.82885,0.8291,2.00,1.40
2009.05.21 11:41:09.524,0.82885,0.8291,2.20,1.40
2009.05.21 11:41:09.634,0.82895,0.8292,2.00,1.40
2009.05.21 11:41:09.753,0.829,0.8293,1.60,1.60
2009.05.21 11:41:10.143,0.8289,0.8293,6.20,1.60
2009.05.21 11:41:11.163,0.829,0.82925,1.60,1.00
2009.05.21 11:41:11.663,0.82895,0.8292,2.00,1.40
2009.05.21 11:41:13.213,0.8288,0.8292,5.80,1.60
2009.05.21 11:41:13.563,0.8288,0.82915,4.20,1.00
2009.05.21 11:41:13.843,0.82885,0.8291,2.00,1.40
2009.05.21 11:41:14.072,0.82875,0.8291,3.80,1.40
2009.05.21 11:41:14.482,0.82875,0.8291,3.60,1.40
2009.05.21 11:41:14.602,0.8288,0.8291,5.60,1.40
2009.05.21 11:41:14.712,0.8288,0.8291,4.00,1.40
2009.05.21 11:41:15.002,0.82875,0.8291,3.80,1.40
2009.05.21 11:41:15.342,0.82875,0.8291,4.00,1.40
2009.05.21 11:41:15.462,0.82875,0.8291,2.80,1.40
2009.05.21 11:41:15.762,0.82875,0.8291,3.80,1.40
2009.05.21 11:41:15.872,0.8288,0.8291,3.80,1.40
2009.05.21 11:41:15.982,0.82875,0.8291,3.80,1.40
2009.05.21 11:41:16.342,0.8288,0.8291,5.40,1.40
2009.05.21 11:41:16.862,0.82875,0.8291,2.20,1.40
2009.05.21 11:41:16.982,0.82875,0.8291,3.80,1.40
2009.05.21 11:41:17.272,0.8288,0.8291,5.40,1.40
2009.05.21 11:41:17.572,0.8288,0.8291,3.80,1.40
2009.05.21 11:41:17.862,0.82885,0.8291,2.00,1.40
2009.05.21 11:41:18.711,0.8289,0.8291,2.00,1.40
2009.05.21 11:41:18.931,0.82885,0.8292,2.20,1.60
2009.05.21 11:41:19.281,0.8289,0.8292,3.80,1.60
2009.05.21 11:41:19.621,0.82885,0.8292,3.60,1.60
2009.05.21 11:41:19.911,0.8289,0.8292,13.40,1.60
2009.05.21 11:41:22.351,0.82885,0.8292,3.60,1.40
2009.05.21 11:41:22.820,0.8289,0.8292,5.40,1.60
2009.05.21 11:41:23.280,0.8289,0.8292,7.40,1.60
2009.05.21 11:41:23.730,0.8291,0.8294,1.60,12.60
2009.05.21 11:41:23.910,0.82895,0.8293,3.80,1.40
2009.05.21 11:41:24.660,0.829,0.8293,13.60,1.40
2009.05.21 11:41:25.240,0.82895,0.8293,3.80,1.40
2009.05.21 11:41:25.580,0.829,0.82925,13.40,3.00
2009.05.21 11:41:25.810,0.829,0.82925,3.80,3.00
2009.05.21 11:41:25.980,0.8289,0.8292,5.60,1.40
2009.05.21 11:41:26.220,0.8289,0.8292,1.60,1.40
2009.05.21 11:41:26.579,0.8289,0.8292,3.80,1.40
2009.05.21 11:41:26.809,0.8289,0.8292,3.60,1.40
2009.05.21 11:41:27.429,0.82895,0.8292,12.00,1.40
2009.05.21 11:41:27.659,0.829,0.8293,3.20,1.60
2009.05.21 11:41:27.899,0.8289,0.8293,7.00,1.60
2009.05.21 11:41:28.189,0.829,0.8293,1.60,1.60
2009.05.21 11:41:28.519,0.8289,0.8293,5.40,1.60
2009.05.21 11:41:28.899,0.829,0.8293,1.60,1.60
2009.05.21 11:41:29.179,0.82895,0.8293,1.60,1.60
2009.05.21 11:41:29.359,0.829,0.8293,1.60,1.60
2009.05.21 11:41:30.538,0.82895,0.8293,1.60,1.60
2009.05.21 11:41:30.769,0.829,0.8293,3.20,1.60
2009.05.21 11:41:31.868,0.8289,0.8293,5.60,1.60
2009.05.21 11:41:34.238,0.8289,0.8293,4.00,1.60
2009.05.21 11:41:34.997,0.829,0.8293,1.60,1.60
2009.05.21 11:41:35.377,0.8291,0.82935,3.20,9.60
2009.05.21 11:41:35.597,0.8291,0.82935,3.20,1.60
2009.05.21 11:41:36.007,0.82905,0.8294,1.60,1.60
2009.05.21 11:41:36.367,0.8291,0.8294,3.40,1.60
2009.05.21 11:41:36.827,0.8291,0.8294,3.20,1.60
2009.05.21 11:41:37.127,0.8291,0.8294,1.60,1.60
2009.05.21 11:41:37.517,0.8291,0.82935,1.60,1.00
2009.05.21 11:41:42.346,0.8292,0.8294,1.60,1.60
2009.05.21 11:41:42.586,0.8292,0.8295,4.80,1.40
2009.05.21 11:41:42.806,0.82925,0.8295,1.60,1.40
2009.05.21 11:41:43.036,0.8292,0.8296,7.40,1.60
2009.05.21 11:41:43.385,0.8292,0.8296,7.40,1.60
2009.05.21 11:41:43.735,0.82925,0.8296,1.60,1.60
2009.05.21 11:41:43.905,0.82925,0.8296,3.60,1.40
2009.05.21 11:41:44.205,0.8293,0.8296,1.60,1.40
2009.05.21 11:41:44.555,0.8293,0.8296,3.60,1.40
2009.05.21 11:41:45.195,0.8293,0.8296,1.60,1.60
2009.05.21 11:41:45.605,0.8293,0.8296,1.60,1.40
2009.05.21 11:41:45.775,0.82935,0.8297,3.60,1.00
2009.05.21 11:41:46.665,0.8294,0.8297,5.20,1.00
2009.05.21 11:41:47.165,0.8293,0.8296,2.00,1.00
2009.05.21 11:41:47.224,0.82935,0.8296,9.60,1.00
2009.05.21 11:41:47.734,0.8293,0.8296,1.60,1.60
2009.05.21 11:41:48.904,0.82945,0.8296,1.60,1.40
2009.05.21 11:41:49.134,0.8295,0.8298,5.60,9.40
2009.05.21 11:41:49.304,0.8295,0.8298,5.60,1.40
2009.05.21 11:41:49.534,0.8295,0.82985,5.40,1.00
2009.05.21 11:41:49.714,0.8295,0.82985,5.60,1.00
2009.05.21 11:41:49.954,0.8296,0.82985,3.20,3.20
2009.05.21 11:41:50.244,0.82945,0.8298,2.20,1.40
2009.05.21 11:41:50.714,0.8295,0.8298,3.80,4.40
2009.05.21 11:41:50.934,0.8295,0.8298,1.60,4.60
2009.05.21 11:41:51.503,0.8295,0.82975,1.60,1.00
2009.05.21 11:41:52.133,0.8295,0.82975,1.60,3.20
2009.05.21 11:41:52.363,0.8293,0.8297,5.80,1.60
2009.05.21 11:41:52.533,0.82945,0.8297,1.20,1.60
2009.05.21 11:41:52.873,0.8294,0.8297,3.60,1.60
2009.05.21 11:41:55.333,0.82935,0.8297,2.20,1.40
2009.05.21 11:41:55.563,0.82935,0.8297,3.80,1.40
2009.05.21 11:41:55.793,0.82935,0.8297,3.60,1.40
2009.05.21 11:41:56.143,0.82945,0.8297,2.00,1.40
2009.05.21 11:41:58.522,0.82935,0.8297,3.80,1.40
2009.05.21 11:41:58.872,0.82935,0.8297,3.60,1.40
2009.05.21 11:41:58.982,0.8295,0.8298,3.20,1.60
2009.05.21 11:41:59.572,0.8295,0.8298,1.60,1.60
2009.05.21 11:42:00.472,0.8295,0.8298,1.60,4.60
2009.05.21 11:42:01.671,0.8294,0.8297,1.60,1.60
2009.05.21 11:42:01.841,0.8293,0.8297,5.80,1.60
2009.05.21 11:42:02.111,0.8293,0.8297,6.00,1.60
2009.05.21 11:42:04.071,0.8293,0.8297,4.40,1.60
2009.05.21 11:42:04.420,0.8293,0.82965,4.20,1.00
2009.05.21 11:42:04.750,0.82935,0.8296,1.00,1.40
2009.05.21 11:42:05.090,0.8293,0.8296,2.60,1.40
2009.05.21 11:42:05.320,0.82935,0.8296,2.00,1.40
2009.05.21 11:42:05.540,0.8293,0.8296,4.00,1.40
2009.05.21 11:42:05.810,0.8293,0.8296,5.60,1.40
2009.05.21 11:42:06.380,0.8293,0.8296,5.80,1.40
2009.05.21 11:42:06.490,0.8293,0.8296,2.60,1.40
2009.05.21 11:42:07.410,0.8293,0.8296,2.40,1.40
2009.05.21 11:42:07.980,0.8293,0.8296,2.60,1.40
2009.05.21 11:42:09.339,0.8293,0.82965,4.20,1.00
2009.05.21 11:42:09.899,0.8293,0.8296,4.20,1.40
2009.05.21 11:42:10.199,0.82935,0.82965,2.20,1.00
2009.05.21 11:42:10.539,0.8293,0.82965,2.60,1.00
2009.05.21 11:42:10.829,0.8293,0.82965,4.20,1.00
2009.05.21 11:42:13.168,0.8293,0.82965,5.80,1.00
2009.05.21 11:42:13.688,0.8293,0.82965,4.20,1.00
2009.05.21 11:42:18.197,0.8293,0.82965,5.80,1.00
2009.05.21 11:42:18.517,0.8293,0.82965,4.20,1.00
2009.05.21 11:42:18.687,0.8293,0.82965,5.80,1.00
2009.05.21 11:42:19.037,0.8293,0.82965,4.20,1.00
2009.05.21 11:42:19.197,0.8293,0.82965,5.80,1.00
2009.05.21 11:42:19.657,0.8293,0.82965,4.20,1.00
2009.05.21 11:42:21.856,0.8293,0.82965,5.80,1.00
2009.05.21 11:42:22.146,0.8293,0.82965,4.20,1.00
2009.05.21 11:42:22.696,0.82935,0.82965,1.60,1.00
2009.05.21 11:42:22.986,0.8295,0.8297,1.00,1.40
2009.05.21 11:42:23.276,0.8295,0.8297,2.60,1.40
2009.05.21 11:42:23.696,0.8295,0.82985,2.60,1.20
2009.05.21 11:42:24.276,0.8296,0.82985,2.00,1.00
2009.05.21 11:42:24.445,0.8296,0.8299,2.00,1.20
2009.05.21 11:42:24.736,0.8296,0.82995,2.00,8.00
2009.05.21 11:42:24.975,0.8296,0.82985,2.00,3.00
2009.05.21 11:42:25.035,0.82945,0.8298,2.40,1.60
2009.05.21 11:42:25.415,0.82945,0.82985,2.40,4.20
2009.05.21 11:42:25.475,0.8295,0.8297,1.60,1.00
2009.05.21 11:42:25.765,0.82935,0.8297,2.40,1.60
2009.05.21 11:42:25.825,0.82935,0.8297,2.20,1.60
2009.05.21 11:42:25.935,0.8293,0.8297,12.20,1.60
2009.05.21 11:42:26.165,0.8293,0.8297,4.20,1.60
2009.05.21 11:42:27.135,0.8293,0.8297,4.00,1.60
2009.05.21 11:42:27.375,0.8293,0.8296,2.20,1.40
2009.05.21 11:42:31.864,0.82935,0.8296,1.20,1.40
2009.05.21 11:42:31.924,0.8293,0.8296,3.20,1.40
2009.05.21 11:42:32.644,0.82925,0.8296,4.20,1.40
2009.05.21 11:42:42.431,0.8293,0.8296,2.60,1.40
2009.05.21 11:42:43.141,0.8293,0.8297,4.20,1.60
2009.05.21 11:42:46.400,0.82935,0.8297,2.40,1.60
2009.05.21 11:42:50.449,0.8293,0.8296,2.60,1.40
2009.05.21 11:42:50.799,0.82925,0.8296,2.60,1.40
2009.05.21 11:42:51.159,0.8293,0.8296,1.60,1.40
2009.05.21 11:42:51.509,0.8293,0.8296,1.60,1.60
2009.05.21 11:42:56.088,0.8293,0.8296,3.20,1.60
2009.05.21 11:42:57.068,0.8292,0.8296,6.60,1.60
2009.05.21 11:42:57.178,0.8292,0.8296,5.00,1.60
2009.05.21 11:42:57.408,0.8292,0.8296,4.20,1.60
2009.05.21 11:42:57.747,0.82915,0.8295,7.20,1.40
2009.05.21 11:42:58.087,0.8292,0.8295,5.40,1.40
2009.05.21 11:42:58.427,0.8291,0.8294,3.80,1.40
2009.05.21 11:42:58.957,0.82905,0.8293,2.40,3.00
2009.05.21 11:42:59.297,0.829,0.82925,2.20,1.00
2009.05.21 11:42:59.647,0.82895,0.82925,2.20,1.00
2009.05.21 11:43:00.207,0.82885,0.8292,4.80,1.40
2009.05.21 11:43:00.437,0.82885,0.8292,2.40,1.40
2009.05.21 11:43:00.737,0.82885,0.8292,2.40,1.60
2009.05.21 11:43:01.027,0.82885,0.8292,2.40,1.40
2009.05.21 11:43:01.557,0.82885,0.8292,2.40,1.60
2009.05.21 11:43:02.026,0.82885,0.8292,1.80,1.60
2009.05.21 11:43:02.426,0.82885,0.8292,4.20,1.40
2009.05.21 11:43:04.146,0.82885,0.8292,2.60,1.40
2009.05.21 11:43:08.985,0.82885,0.8292,4.20,1.40
2009.05.21 11:43:09.215,0.8289,0.8292,5.40,1.40
2009.05.21 11:43:11.344,0.82885,0.8292,2.60,1.40
2009.05.21 11:43:11.704,0.8289,0.8292,1.60,1.40
2009.05.21 11:43:11.824,0.8289,0.8292,1.60,1.40
2009.05.21 11:43:12.104,0.8289,0.8292,2.00,1.40
2009.05.21 11:43:12.284,0.8289,0.8292,4.20,1.40
2009.05.21 11:43:17.133,0.829,0.8293,1.80,1.60
2009.05.21 11:43:17.423,0.829,0.8293,1.60,1.60
2009.05.21 11:43:17.873,0.829,0.8293,3.20,1.60
2009.05.21 11:43:22.702,0.8289,0.82925,4.20,1.00
2009.05.21 11:43:23.171,0.8289,0.82925,5.80,1.00
2009.05.21 11:43:23.222,0.829,0.8293,1.60,1.60
2009.05.21 11:43:23.901,0.829,0.8293,4.00,1.40
2009.05.21 11:43:26.311,0.82895,0.8293,2.40,1.60
2009.05.21 11:43:26.481,0.829,0.8293,4.00,1.60
2009.05.21 11:43:26.830,0.829,0.8293,13.60,1.40
2009.05.21 11:43:29.390,0.82895,0.8293,2.60,1.40
2009.05.21 11:43:37.998,0.82895,0.8293,4.20,1.40
2009.05.21 11:43:48.105,0.8289,0.8292,1.60,1.40
2009.05.21 11:43:48.395,0.8289,0.8292,13.60,1.40
2009.05.21 11:43:51.215,0.8289,0.8292,1.60,1.40
2009.05.21 11:43:51.384,0.8289,0.8292,13.60,1.40
2009.05.21 11:43:51.804,0.8289,0.8292,1.60,1.40
2009.05.21 11:43:54.404,0.8289,0.8292,3.80,1.40
2009.05.21 11:43:54.704,0.82895,0.8292,1.60,1.40
2009.05.21 11:43:54.814,0.82895,0.8292,1.60,1.40
2009.05.21 11:43:54.924,0.82895,0.8293,1.60,1.60
2009.05.21 11:43:57.973,0.829,0.82925,1.60,1.00
2009.05.21 11:43:58.203,0.8289,0.82925,8.00,1.00
2009.05.21 11:43:58.443,0.829,0.82925,1.60,1.00
2009.05.21 11:43:59.063,0.82885,0.8292,2.60,1.40
2009.05.21 11:44:01.632,0.8289,0.8292,5.40,1.40
2009.05.21 11:44:01.932,0.82885,0.8292,2.60,1.40
2009.05.21 11:44:03.512,0.82885,0.8292,4.20,1.40
2009.05.21 11:44:03.851,0.8289,0.8292,1.60,1.40
2009.05.21 11:44:08.040,0.82885,0.8292,2.00,1.40
2009.05.21 11:44:08.390,0.82885,0.8292,2.40,1.40
2009.05.21 11:44:08.790,0.8289,0.8292,1.60,1.40
2009.05.21 11:44:08.910,0.8289,0.8292,3.60,1.60
2009.05.21 11:44:09.270,0.8289,0.8292,1.60,1.60
2009.05.21 11:44:09.500,0.82885,0.8292,1.60,1.60
2009.05.21 11:44:09.730,0.8289,0.8292,4.00,1.40
2009.05.21 11:44:10.030,0.8289,0.8292,1.60,1.40
2009.05.21 11:44:11.880,0.8289,0.8292,1.60,1.40
2009.05.21 11:44:12.060,0.8289,0.8292,1.60,1.40
2009.05.21 11:44:12.180,0.8289,0.8292,1.60,1.40
2009.05.21 11:44:12.919,0.82895,0.8292,1.60,1.40
2009.05.21 11:44:16.538,0.82895,0.8292,1.60,1.40
2009.05.21 11:44:16.768,0.82895,0.8292,1.60,1.40
2009.05.21 11:44:18.168,0.8289,0.8292,4.20,1.40
2009.05.21 11:44:18.508,0.8289,0.8292,2.00,1.40
2009.05.21 11:44:19.298,0.82895,0.8292,1.60,1.40
2009.05.21 11:44:19.808,0.8289,0.8292,2.00,1.40
2009.05.21 11:44:22.297,0.82895,0.8292,1.60,1.40
2009.05.21 11:44:22.587,0.82895,0.8292,1.60,1.40
2009.05.21 11:44:22.817,0.82895,0.8292,1.60,1.40
2009.05.21 11:44:23.167,0.8289,0.8292,13.80,1.40
2009.05.21 11:44:30.375,0.8289,0.8292,2.00,1.40
2009.05.21 11:44:30.485,0.8289,0.8292,1.80,1.40
2009.05.21 11:44:30.695,0.8289,0.8292,1.60,1.40
2009.05.21 11:44:30.745,0.8289,0.8292,1.60,1.60
2009.05.21 11:44:34.554,0.82885,0.8292,3.60,1.60
2009.05.21 11:44:34.674,0.82885,0.8292,3.40,1.60
2009.05.21 11:44:35.024,0.82885,0.8292,1.60,1.60
2009.05.21 11:44:35.784,0.8288,0.8292,5.80,1.60
2009.05.21 11:44:38.143,0.8288,0.8292,5.80,1.60
2009.05.21 11:44:39.333,0.82885,0.8292,1.60,1.60
2009.05.21 11:44:39.453,0.82885,0.8292,1.60,1.60
2009.05.21 11:44:41.043,0.8289,0.8292,1.60,1.60
2009.05.21 11:44:41.393,0.82895,0.8292,1.60,1.60
2009.05.21 11:44:41.572,0.8289,0.8292,1.60,1.60
2009.05.21 11:44:42.202,0.82885,0.8292,1.60,1.60
2009.05.21 11:44:43.852,0.8289,0.8292,1.60,1.60
2009.05.21 11:44:44.872,0.82885,0.8292,1.60,1.60
2009.05.21 11:44:45.432,0.8289,0.8292,1.60,1.60
2009.05.21 11:44:46.111,0.82885,0.8292,1.60,1.60
2009.05.21 11:44:47.891,0.82885,0.8292,1.60,1.60
2009.05.21 11:44:48.111,0.82885,0.82915,1.60,1.00
2009.05.21 11:44:48.351,0.8288,0.8291,5.60,1.60
2009.05.21 11:44:48.731,0.82875,0.8291,4.20,1.60
2009.05.21 11:44:48.951,0.82875,0.8291,2.00,1.60
2009.05.21 11:44:49.401,0.8288,0.8291,1.60,1.60
2009.05.21 11:44:49.750,0.8287,0.829,5.00,1.40
2009.05.21 11:44:49.810,0.8287,0.829,2.00,1.40
2009.05.21 11:44:52.460,0.8287,0.829,11.40,1.40
2009.05.21 11:44:58.088,0.8285,0.82885,4.20,3.00
2009.05.21 11:44:58.438,0.82855,0.8288,2.00,4.40
2009.05.21 11:44:58.828,0.82845,0.8288,2.40,4.40
2009.05.21 11:44:59.178,0.82845,0.8288,2.40,1.40
2009.05.21 11:44:59.788,0.82845,0.8288,2.40,4.40
2009.05.21 11:45:01.807,0.8285,0.8288,3.80,1.40
2009.05.21 11:45:02.028,0.8284,0.8288,4.20,1.60
2009.05.21 11:45:03.677,0.8285,0.8288,1.60,4.60
2009.05.21 11:45:04.137,0.8284,0.8287,1.60,1.40
2009.05.21 11:45:04.257,0.8283,0.8287,4.40,3.20
2009.05.21 11:45:04.937,0.8283,0.8287,4.20,3.20
2009.05.21 11:45:05.577,0.82845,0.8287,1.00,3.00
2009.05.21 11:45:05.967,0.8285,0.8288,4.00,9.60
2009.05.21 11:45:06.256,0.8285,0.8288,4.00,1.40
2009.05.21 11:45:06.646,0.8285,0.8288,12.00,1.40
2009.05.21 11:45:06.976,0.8285,0.8288,12.20,1.40
2009.05.21 11:45:07.656,0.82845,0.8288,2.60,1.40
2009.05.21 11:45:08.207,0.8284,0.8288,4.20,1.60
2009.05.21 11:45:08.536,0.8285,0.8288,1.60,6.20
2009.05.21 11:45:08.866,0.82835,0.8287,2.40,1.40
2009.05.21 11:45:09.866,0.8284,0.8287,3.80,1.40
2009.05.21 11:45:10.226,0.8283,0.8287,4.20,1.60
2009.05.21 11:45:10.405,0.8283,0.8287,4.00,1.60
2009.05.21 11:45:10.985,0.8284,0.8287,1.60,3.20
2009.05.21 11:45:11.095,0.82835,0.8286,11.60,1.40
2009.05.21 11:45:11.455,0.82835,0.8286,9.60,4.40
2009.05.21 11:45:11.855,0.82825,0.8285,2.00,3.00
2009.05.21 11:45:12.065,0.8282,0.8285,4.00,1.60
2009.05.21 11:45:12.285,0.8282,0.8285,4.00,1.60
2009.05.21 11:45:12.575,0.8282,0.8285,3.60,1.60
2009.05.21 11:45:13.105,0.8281,0.8285,4.20,1.60
2009.05.21 11:45:13.405,0.8282,0.8285,4.00,3.20
2009.05.21 11:45:13.695,0.8282,0.8285,4.00,1.60
2009.05.21 11:45:13.875,0.8282,0.8285,3.80,1.60
2009.05.21 11:45:14.225,0.8282,0.8285,3.60,1.60
2009.05.21 11:45:15.094,0.8282,0.8285,2.80,1.60
2009.05.21 11:45:15.324,0.8282,0.8285,1.80,1.60
2009.05.21 11:45:15.854,0.8282,0.8285,1.60,3.20
2009.05.21 11:45:18.603,0.82815,0.8285,4.60,3.20
2009.05.21 11:45:18.824,0.82815,0.8285,2.40,3.20
2009.05.21 11:45:20.753,0.82815,0.8285,4.60,3.20
2009.05.21 11:45:21.043,0.82815,0.8285,2.40,1.60
2009.05.21 11:45:21.163,0.8282,0.8285,3.00,3.20
2009.05.21 11:45:21.333,0.8282,0.8285,2.80,1.60
2009.05.21 11:45:21.493,0.8282,0.8285,1.60,1.60
2009.05.21 11:45:21.873,0.8282,0.8285,4.00,1.60
2009.05.21 11:45:22.133,0.8282,0.8285,1.60,1.60
2009.05.21 11:45:25.102,0.8282,0.8285,2.60,1.60
2009.05.21 11:45:25.222,0.8282,0.8285,3.80,1.60
2009.05.21 11:45:25.562,0.8282,0.8285,1.60,1.60
2009.05.21 11:45:25.972,0.8282,0.8285,2.40,1.60
2009.05.21 11:45:26.152,0.82815,0.8285,1.60,1.60
2009.05.21 11:45:26.501,0.8282,0.8285,3.20,4.60
2009.05.21 11:45:26.901,0.8282,0.82845,1.60,1.00
2009.05.21 11:45:27.081,0.82805,0.8284,2.40,3.00
2009.05.21 11:45:27.201,0.82805,0.8284,2.40,3.20
2009.05.21 11:45:30.161,0.82825,0.8285,1.00,1.40
2009.05.21 11:45:30.401,0.8282,0.8285,12.00,1.40
2009.05.21 11:45:31.040,0.8282,0.8285,4.00,1.40
2009.05.21 11:45:31.560,0.8282,0.8285,12.00,1.40
2009.05.21 11:45:32.070,0.8282,0.8285,3.80,1.40
2009.05.21 11:45:32.480,0.8281,0.8285,4.20,3.20
2009.05.21 11:45:33.610,0.8281,0.8285,7.00,3.20
2009.05.21 11:45:34.000,0.8283,0.8285,1.00,1.40
2009.05.21 11:45:34.340,0.8283,0.82855,1.80,1.00
2009.05.21 11:45:34.570,0.8283,0.82855,1.60,1.00
2009.05.21 11:45:35.200,0.8283,0.82855,1.80,1.00
2009.05.21 11:45:36.429,0.8282,0.82855,5.80,1.00
2009.05.21 11:45:36.549,0.8283,0.82855,1.60,1.00
2009.05.21 11:45:36.889,0.8282,0.82855,5.60,1.00
2009.05.21 11:45:37.189,0.8282,0.82855,5.80,1.00
2009.05.21 11:45:37.709,0.8282,0.82855,4.20,1.00
2009.05.21 11:45:37.879,0.82835,0.82855,1.00,1.00
2009.05.21 11:45:38.269,0.8283,0.8286,3.80,1.40
2009.05.21 11:45:38.449,0.8283,0.8286,12.00,1.40
2009.05.21 11:45:38.858,0.8283,0.8286,2.60,1.40
2009.05.21 11:45:40.488,0.8283,0.8286,2.40,1.40
2009.05.21 11:45:41.108,0.8283,0.8286,2.60,1.40
2009.05.21 11:45:42.808,0.8283,0.8286,2.20,1.40
2009.05.21 11:45:43.157,0.8283,0.8286,2.60,1.40
2009.05.21 11:45:43.608,0.8283,0.8286,1.80,3.20
2009.05.21 11:45:43.898,0.82825,0.8286,2.20,3.20
2009.05.21 11:45:44.417,0.82825,0.8286,3.60,1.40
2009.05.21 11:45:44.697,0.82825,0.8286,2.60,1.40
2009.05.21 11:45:44.937,0.82825,0.8286,2.60,1.40
2009.05.21 11:45:50.296,0.8283,0.8286,4.00,1.40
2009.05.21 11:45:51.496,0.8283,0.8286,1.60,1.60
2009.05.21 11:45:51.785,0.8282,0.8286,5.00,4.60
2009.05.21 11:45:52.056,0.8283,0.8286,1.60,4.60
2009.05.21 11:45:52.345,0.82815,0.8285,3.60,1.40
2009.05.21 11:45:52.695,0.8282,0.8285,2.80,3.00
2009.05.21 11:45:52.995,0.82815,0.8285,2.20,3.20
2009.05.21 11:45:56.886,0.8282,0.82845,3.80,3.00
2009.05.21 11:45:57.164,0.82805,0.8284,12.00,1.60
2009.05.21 11:45:57.434,0.82815,0.8283,9.60,1.60
2009.05.21 11:45:57.764,0.82795,0.8283,1.60,1.60
2009.05.21 11:45:58.114,0.8279,0.8283,4.20,1.60
2009.05.21 11:45:58.454,0.8279,0.82825,2.00,1.00
2009.05.21 11:45:58.804,0.82785,0.8282,2.60,1.40
2009.05.21 11:45:59.034,0.82785,0.8282,2.40,1.40
2009.05.21 11:45:59.264,0.82785,0.8282,4.20,1.40
2009.05.21 11:45:59.564,0.8278,0.8282,5.80,1.60
2009.05.21 11:46:00.243,0.8279,0.8282,1.60,1.60
2009.05.21 11:46:00.533,0.82785,0.8282,2.40,1.40
2009.05.21 11:46:00.893,0.82785,0.8282,4.00,1.40
2009.05.21 11:46:01.184,0.82785,0.8282,2.40,1.40
2009.05.21 11:46:01.413,0.82785,0.8282,4.00,1.40
2009.05.21 11:46:01.703,0.82785,0.8282,4.20,1.40
2009.05.21 11:46:02.683,0.82785,0.8282,2.60,1.40
2009.05.21 11:46:03.353,0.82785,0.8282,4.20,1.40
2009.05.21 11:46:04.003,0.8279,0.8282,4.80,1.40
2009.05.21 11:46:04.343,0.82795,0.8282,4.00,1.40
2009.05.21 11:46:04.582,0.828,0.8283,1.60,1.60
2009.05.21 11:46:04.803,0.82805,0.8283,1.00,1.60
2009.05.21 11:46:05.032,0.828,0.8283,1.80,1.40
2009.05.21 11:46:05.393,0.82795,0.8283,1.60,1.40
2009.05.21 11:46:05.632,0.82795,0.8283,2.60,1.40
2009.05.21 11:46:05.982,0.82795,0.8283,3.80,1.60
2009.05.21 11:46:06.252,0.828,0.8283,4.20,1.40
2009.05.21 11:46:06.642,0.828,0.8284,5.80,1.60
2009.05.21 11:46:07.492,0.8281,0.8284,1.60,1.60
2009.05.21 11:46:08.112,0.82805,0.8284,2.40,1.40
2009.05.21 11:46:08.331,0.8281,0.8284,4.20,1.40
2009.05.21 11:46:08.561,0.8281,0.8284,4.20,1.40
2009.05.21 11:46:08.851,0.8281,0.8284,2.40,1.40
2009.05.21 11:46:09.661,0.8281,0.8284,2.60,1.40
2009.05.21 11:46:09.721,0.8281,0.8284,2.40,1.40
2009.05.21 11:46:10.121,0.8281,0.8284,2.60,1.40
2009.05.21 11:46:10.661,0.8281,0.8284,2.20,1.40
2009.05.21 11:46:10.991,0.82805,0.8284,2.40,1.40
2009.05.21 11:46:11.581,0.8281,0.8284,1.60,1.60
2009.05.21 11:46:12.021,0.82805,0.8284,2.00,1.40
2009.05.21 11:46:12.081,0.82805,0.8284,4.20,1.40
2009.05.21 11:46:13.970,0.8281,0.8284,4.00,1.40
2009.05.21 11:46:14.210,0.8281,0.8284,2.00,1.40
2009.05.21 11:46:14.320,0.8281,0.8284,4.20,1.40
2009.05.21 11:46:14.600,0.8281,0.8285,5.80,1.60
2009.05.21 11:46:14.940,0.8281,0.8285,8.20,1.60
2009.05.21 11:46:15.680,0.8281,0.8285,5.80,1.60
2009.05.21 11:46:16.280,0.8281,0.8285,4.20,1.60
2009.05.21 11:46:16.730,0.8281,0.8284,12.00,1.40
2009.05.21 11:46:17.090,0.82805,0.8284,3.40,1.40
2009.05.21 11:46:17.209,0.82805,0.8284,2.60,1.40
2009.05.21 11:46:17.699,0.8281,0.8284,4.40,1.40
2009.05.21 11:46:17.989,0.8281,0.8284,4.20,1.40
2009.05.21 11:46:18.279,0.8281,0.8285,4.00,1.60
2009.05.21 11:46:18.619,0.8281,0.8284,5.00,1.40
2009.05.21 11:46:18.919,0.8281,0.8284,3.80,1.40
2009.05.21 11:46:19.259,0.8281,0.8284,4.00,1.40
2009.05.21 11:46:19.649,0.82805,0.8284,2.60,1.40
2009.05.21 11:46:19.939,0.8281,0.8284,4.00,1.40
2009.05.21 11:46:20.408,0.82805,0.8284,2.60,1.40
2009.05.21 11:46:20.759,0.828,0.8284,4.20,1.60
2009.05.21 11:46:22.678,0.828,0.8284,4.20,4.60
2009.05.21 11:46:23.148,0.82795,0.8283,2.60,1.40
2009.05.21 11:46:24.398,0.828,0.8283,4.20,1.40
2009.05.21 11:46:24.628,0.828,0.8284,4.20,1.60
2009.05.21 11:46:36.065,0.828,0.8284,4.20,4.60
2009.05.21 11:46:37.295,0.828,0.8284,4.20,1.60
2009.05.21 11:46:43.183,0.8281,0.8284,3.80,1.60
2009.05.21 11:46:43.353,0.82805,0.8284,2.40,1.60
2009.05.21 11:46:50.031,0.82805,0.8284,2.60,1.60
2009.05.21 11:46:50.491,0.82805,0.8284,2.60,1.40
2009.05.21 11:46:51.021,0.8281,0.8284,2.80,1.40
2009.05.21 11:46:51.241,0.8281,0.8284,5.20,1.40
2009.05.21 11:46:51.361,0.8281,0.8284,2.60,1.40
2009.05.21 11:46:53.481,0.8281,0.8285,4.20,1.60
2009.05.21 11:46:59.089,0.8282,0.82845,1.60,1.00
2009.05.21 11:46:59.429,0.82805,0.8284,2.60,1.40
2009.05.21 11:47:02.089,0.82805,0.8284,2.40,1.60
2009.05.21 11:47:03.638,0.8281,0.8284,4.00,1.60
2009.05.21 11:47:08.318,0.82805,0.8284,2.40,1.60
2009.05.21 11:47:11.516,0.82805,0.8284,2.60,1.60
2009.05.21 11:47:13.226,0.82805,0.8284,2.40,1.60
2009.05.21 11:47:15.375,0.8281,0.8284,4.00,1.60
2009.05.21 11:47:15.715,0.82805,0.8284,2.40,1.60
2009.05.21 11:47:16.635,0.82805,0.8284,2.60,1.60
2009.05.21 11:47:19.504,0.82805,0.8284,2.40,1.60
2009.05.21 11:47:25.413,0.8281,0.8284,3.80,9.40
2009.05.21 11:47:25.753,0.828,0.8284,4.20,9.40
2009.05.21 11:47:26.393,0.828,0.8284,4.20,6.40
2009.05.21 11:47:26.633,0.828,0.8284,4.20,1.60
2009.05.21 11:47:29.162,0.8281,0.8284,1.60,1.60
2009.05.21 11:47:29.542,0.82805,0.8284,2.40,1.40
2009.05.21 11:47:33.711,0.82805,0.8284,2.40,10.20
2009.05.21 11:47:34.111,0.82805,0.8284,2.40,7.00
2009.05.21 11:47:34.341,0.82805,0.8284,2.40,1.40
2009.05.21 11:47:36.010,0.82805,0.8284,2.60,1.40
2009.05.21 11:47:38.240,0.82805,0.8284,4.20,1.40
2009.05.21 11:47:38.910,0.8281,0.8285,4.20,1.60
2009.05.21 11:47:39.269,0.82815,0.8285,2.40,1.40
2009.05.21 11:47:39.609,0.82815,0.8285,2.60,1.40
2009.05.21 11:47:40.199,0.82815,0.8285,2.40,4.40
2009.05.21 11:47:41.409,0.82815,0.8285,2.40,1.40
2009.05.21 11:47:44.338,0.8282,0.8285,4.00,1.40
2009.05.21 11:47:44.448,0.82825,0.8285,1.00,1.40
2009.05.21 11:47:44.688,0.8282,0.8285,4.00,1.40
2009.05.21 11:47:44.978,0.82815,0.8286,2.60,5.40
2009.05.21 11:47:45.148,0.8282,0.8286,4.00,2.40
2009.05.21 11:47:45.388,0.82815,0.8285,2.60,9.40
2009.05.21 11:47:45.858,0.8282,0.8285,4.00,9.40
2009.05.21 11:47:46.098,0.82815,0.8285,2.60,1.40
2009.05.21 11:47:46.269,0.82815,0.8285,2.20,1.40
2009.05.21 11:47:46.448,0.8281,0.82845,5.80,3.00
2009.05.21 11:47:46.748,0.8282,0.8285,1.60,9.60
2009.05.21 11:47:46.928,0.8281,0.8285,4.20,1.60
2009.05.21 11:47:47.838,0.8282,0.8285,1.60,1.60
2009.05.21 11:47:49.287,0.82815,0.8285,2.60,1.40
2009.05.21 11:47:49.687,0.8282,0.8285,4.00,1.40
2009.05.21 11:47:50.027,0.82815,0.8285,2.40,1.40
2009.05.21 11:47:51.577,0.8282,0.8285,1.60,1.60
2009.05.21 11:47:51.967,0.82825,0.8285,1.00,1.40
2009.05.21 11:47:52.257,0.8282,0.8285,13.20,1.40
2009.05.21 11:47:52.496,0.82815,0.8285,2.20,1.40
2009.05.21 11:47:52.856,0.8282,0.8285,2.60,1.60
2009.05.21 11:47:53.196,0.8281,0.8285,4.20,1.60
2009.05.21 11:47:53.556,0.8281,0.8285,5.80,1.60
2009.05.21 11:47:53.896,0.8282,0.8285,1.80,1.60
2009.05.21 11:47:54.646,0.8281,0.8285,4.20,4.60
2009.05.21 11:47:54.926,0.8281,0.8285,4.20,1.60
2009.05.21 11:47:55.276,0.8281,0.8285,5.80,1.60
2009.05.21 11:47:55.496,0.8282,0.8285,4.00,1.40
2009.05.21 11:47:56.706,0.82815,0.8285,2.60,1.40
2009.05.21 11:47:57.055,0.82815,0.8285,2.40,1.40
2009.05.21 11:47:57.337,0.82815,0.8285,2.60,1.40
2009.05.21 11:47:57.915,0.82815,0.8285,2.60,1.60
2009.05.21 11:48:01.504,0.82815,0.8285,2.60,3.20
2009.05.21 11:48:01.855,0.8282,0.8285,3.80,3.20
2009.05.21 11:48:02.094,0.8281,0.8285,4.20,3.20
2009.05.21 11:48:03.154,0.8281,0.8285,4.00,11.20
2009.05.21 11:48:03.384,0.8281,0.8284,4.00,1.40
2009.05.21 11:48:03.604,0.82805,0.8284,2.60,1.40
2009.05.21 11:48:04.084,0.82815,0.8284,2.00,1.40
2009.05.21 11:48:04.434,0.82815,0.8284,2.00,3.00
2009.05.21 11:48:04.783,0.8281,0.8284,2.20,1.40
2009.05.21 11:48:05.014,0.8281,0.8284,4.00,3.00
2009.05.21 11:48:05.193,0.82805,0.8284,2.40,3.00
2009.05.21 11:48:05.543,0.82805,0.8284,2.40,1.40
2009.05.21 11:48:05.933,0.82805,0.8284,2.60,1.40
2009.05.21 11:48:07.723,0.8281,0.8284,4.20,1.40
2009.05.21 11:48:07.833,0.8281,0.8284,2.60,1.40
2009.05.21 11:48:08.063,0.8281,0.8285,4.20,3.20
2009.05.21 11:48:08.533,0.8281,0.82845,4.20,3.00
2009.05.21 11:48:08.872,0.8281,0.8284,4.20,3.00
2009.05.21 11:48:09.252,0.8281,0.8285,4.20,1.60
2009.05.21 11:48:09.822,0.8281,0.8285,4.20,1.60
2009.05.21 11:48:10.092,0.8281,0.8285,4.20,4.60
2009.05.21 11:48:10.382,0.8281,0.8284,4.20,1.40
2009.05.21 11:48:11.092,0.8281,0.8285,4.20,1.60
2009.05.21 11:48:14.411,0.82815,0.8284,9.60,3.00
2009.05.21 11:48:14.941,0.8281,0.8284,2.40,1.40
2009.05.21 11:48:16.441,0.8281,0.8285,4.20,1.60
2009.05.21 11:48:16.610,0.8281,0.8285,4.20,3.20
2009.05.21 11:48:17.500,0.8281,0.8285,4.20,1.60
2009.05.21 11:48:18.061,0.8281,0.8285,4.20,3.20
2009.05.21 11:48:19.220,0.8281,0.8285,4.20,1.60
2009.05.21 11:48:19.560,0.8281,0.8285,4.20,3.20
2009.05.21 11:48:20.310,0.8281,0.8285,4.20,6.20
2009.05.21 11:48:20.830,0.8281,0.8285,4.20,3.20
2009.05.21 11:48:22.729,0.8281,0.8285,4.20,3.20
2009.05.21 11:48:23.089,0.8281,0.8284,2.40,1.40
2009.05.21 11:48:23.369,0.8281,0.82855,4.20,4.00
2009.05.21 11:48:23.659,0.8281,0.8285,4.20,14.20
2009.05.21 11:48:24.009,0.8281,0.8285,4.20,6.20
2009.05.21 11:48:24.529,0.8281,0.8285,4.20,1.60
2009.05.21 11:48:25.388,0.8282,0.8285,1.60,1.60
2009.05.21 11:48:25.618,0.8281,0.8285,4.20,1.60
2009.05.21 11:48:27.458,0.8282,0.8285,1.60,1.60
2009.05.21 11:48:32.527,0.82815,0.8285,2.60,1.40
2009.05.21 11:48:32.927,0.8282,0.8285,1.60,1.60
2009.05.21 11:48:34.036,0.8281,0.8285,4.20,1.60
2009.05.21 11:48:34.336,0.8281,0.8285,4.20,3.20
2009.05.21 11:48:34.686,0.8282,0.8285,1.60,1.60
2009.05.21 11:48:37.915,0.82815,0.8285,2.20,1.60
2009.05.21 11:48:38.385,0.8282,0.8285,3.80,1.60
2009.05.21 11:48:38.736,0.82815,0.8285,2.20,1.60
2009.05.21 11:48:39.255,0.8281,0.8285,4.20,1.60
2009.05.21 11:48:39.365,0.8282,0.8285,1.60,1.60
2009.05.21 11:48:44.354,0.82815,0.8285,2.20,1.60
2009.05.21 11:48:44.804,0.8282,0.8285,1.60,1.60
2009.05.21 11:48:45.094,0.8281,0.8285,4.20,1.60
2009.05.21 11:48:45.154,0.8281,0.8285,4.20,3.20
2009.05.21 11:48:45.503,0.8282,0.8285,1.60,1.60
2009.05.21 11:48:45.794,0.8282,0.8285,1.60,3.20
2009.05.21 11:48:46.073,0.8282,0.8285,1.60,1.60
2009.05.21 11:48:50.612,0.82815,0.8285,2.60,1.60
2009.05.21 11:48:51.022,0.82815,0.8285,2.20,1.60
2009.05.21 11:48:51.532,0.8282,0.8285,3.80,1.60
2009.05.21 11:48:51.882,0.82815,0.8285,2.20,3.20
2009.05.21 11:48:52.232,0.8281,0.8285,4.20,3.20
2009.05.21 11:48:53.462,0.82815,0.8285,2.60,1.40
2009.05.21 11:48:53.692,0.8282,0.8285,4.20,1.40
2009.05.21 11:48:53.972,0.8282,0.8285,2.60,1.40
2009.05.21 11:48:54.212,0.8282,0.8286,4.20,3.20
2009.05.21 11:48:55.021,0.8282,0.8286,4.20,1.60
2009.05.21 11:48:56.611,0.8283,0.8286,1.60,1.60
2009.05.21 11:48:56.911,0.82825,0.8286,2.40,1.40
2009.05.21 11:48:57.321,0.82825,0.8286,2.60,1.40
2009.05.21 11:48:57.611,0.8283,0.8286,4.20,1.40
2009.05.21 11:48:57.941,0.8283,0.8286,2.40,1.40
2009.05.21 11:48:58.231,0.82835,0.8286,2.40,1.40
2009.05.21 11:48:58.580,0.82835,0.8287,2.40,3.20
2009.05.21 11:48:58.920,0.82835,0.8287,2.40,1.60
2009.05.21 11:49:02.749,0.82835,0.8286,2.40,3.00
2009.05.21 11:49:02.920,0.82835,0.8286,2.40,1.40
2009.05.21 11:49:03.150,0.82835,0.8287,2.40,1.60
2009.05.21 11:49:04.189,0.82835,0.8287,2.40,1.40
2009.05.21 11:49:05.389,0.82845,0.8287,2.00,1.40
2009.05.21 11:49:08.518,0.8281,0.8286,6.60,3.20
2009.05.21 11:49:08.868,0.82815,0.8286,7.20,1.40
2009.05.21 11:49:09.228,0.82825,0.8287,2.40,3.20
2009.05.21 11:49:09.558,0.82835,0.8287,2.40,1.40
2009.05.21 11:49:09.678,0.8284,0.8287,2.20,1.40
2009.05.21 11:49:12.857,0.8284,0.8287,2.40,1.40
2009.05.21 11:49:13.667,0.8284,0.8287,2.20,4.40
2009.05.21 11:49:13.996,0.8284,0.8287,3.80,1.40
2009.05.21 11:49:14.527,0.82835,0.82875,2.40,10.20
2009.05.21 11:49:15.037,0.82835,0.82865,2.40,8.00
2009.05.21 11:49:15.436,0.82835,0.8287,2.40,1.40
2009.05.21 11:49:15.726,0.82835,0.8287,2.60,1.40
2009.05.21 11:49:15.966,0.8283,0.82865,4.00,1.00
2009.05.21 11:49:16.246,0.8284,0.82865,1.60,1.00
2009.05.21 11:49:16.596,0.8283,0.82865,2.00,1.00
2009.05.21 11:49:16.866,0.8284,0.82865,1.60,1.00
2009.05.21 11:49:17.106,0.8284,0.8287,4.00,1.40
2009.05.21 11:49:17.566,0.82835,0.8287,2.60,1.40
2009.05.21 11:49:17.966,0.8284,0.8287,4.00,3.00
2009.05.21 11:49:18.186,0.8284,0.8287,4.00,1.40
2009.05.21 11:49:18.895,0.82835,0.8287,2.40,1.40
2009.05.21 11:49:19.126,0.8284,0.8287,3.80,1.40
2009.05.21 11:49:19.295,0.8284,0.8287,3.80,3.00
2009.05.21 11:49:19.575,0.8283,0.8287,4.20,3.20
2009.05.21 11:49:19.735,0.8284,0.8287,1.60,6.20
2009.05.21 11:49:19.915,0.8283,0.82865,4.00,1.00
2009.05.21 11:49:21.445,0.8283,0.82865,4.20,1.00
2009.05.21 11:49:21.555,0.8283,0.8287,4.20,1.60
2009.05.21 11:49:23.075,0.8284,0.82865,1.60,3.00
2009.05.21 11:49:23.194,0.82825,0.8286,2.40,3.00
2009.05.21 11:49:26.424,0.82825,0.8286,2.40,6.00
2009.05.21 11:49:26.534,0.82825,0.8286,2.40,3.00
2009.05.21 11:49:26.813,0.8283,0.8285,3.80,3.00
2009.05.21 11:49:27.044,0.82815,0.8285,2.60,3.00
2009.05.21 11:49:27.473,0.8282,0.8285,4.20,1.40
2009.05.21 11:49:27.753,0.8282,0.8285,2.40,1.40
2009.05.21 11:49:27.974,0.8282,0.8285,2.60,1.40
2009.05.21 11:49:28.563,0.8282,0.8286,4.20,1.60
2009.05.21 11:49:28.793,0.8283,0.8286,1.60,1.60
2009.05.21 11:49:29.023,0.8282,0.8286,4.20,1.60
2009.05.21 11:49:29.263,0.8283,0.8286,2.00,1.60
2009.05.21 11:49:29.473,0.8283,0.8286,2.60,1.40
2009.05.21 11:49:29.643,0.8284,0.8287,2.00,1.40
2009.05.21 11:49:29.883,0.8284,0.8287,2.40,1.40
2009.05.21 11:49:30.393,0.8284,0.82875,4.20,1.00
2009.05.21 11:49:30.963,0.8284,0.8288,4.20,1.60
2009.05.21 11:49:34.722,0.8285,0.8288,4.20,1.40
2009.05.21 11:49:34.902,0.8285,0.8288,2.60,1.40
2009.05.21 11:49:35.372,0.8286,0.8288,2.00,1.40
2009.05.21 11:49:35.532,0.82855,0.8289,2.60,1.40
2009.05.21 11:49:35.812,0.82855,0.8289,2.40,1.40
2009.05.21 11:49:35.991,0.82855,0.8289,2.60,3.00
2009.05.21 11:49:36.461,0.8286,0.8289,1.60,3.20
2009.05.21 11:49:36.791,0.8285,0.8289,4.20,3.20
2009.05.21 11:49:40.670,0.8286,0.8289,1.60,3.20
2009.05.21 11:49:40.900,0.8285,0.8289,4.20,3.20
2009.05.21 11:49:41.590,0.8286,0.8289,1.60,3.20
2009.05.21 11:49:41.710,0.8285,0.8289,4.20,3.20
2009.05.21 11:49:44.259,0.8286,0.8289,1.60,3.20
2009.05.21 11:49:44.490,0.8285,0.8289,4.20,3.20
2009.05.21 11:49:44.929,0.8285,0.82885,2.00,1.00
2009.05.21 11:49:45.049,0.8286,0.82885,1.60,1.00
2009.05.21 11:49:45.379,0.8285,0.82885,2.00,1.00
2009.05.21 11:49:46.789,0.8286,0.82885,1.60,1.00
2009.05.21 11:49:47.379,0.8285,0.82885,1.80,1.00
2009.05.21 11:49:47.669,0.82855,0.8288,1.00,1.40
2009.05.21 11:49:48.138,0.82855,0.8288,2.20,1.40
2009.05.21 11:49:48.428,0.8286,0.8289,1.60,3.20
2009.05.21 11:49:54.067,0.8286,0.8289,4.00,1.40
2009.05.21 11:49:54.438,0.8286,0.8289,9.60,1.60
2009.05.21 11:49:54.768,0.8286,0.8289,1.60,1.60
2009.05.21 11:49:59.136,0.8285,0.8289,4.20,1.60
2009.05.21 11:49:59.246,0.8286,0.8289,1.60,1.60
2009.05.21 11:49:59.586,0.8286,0.8289,1.80,1.60
2009.05.21 11:50:02.815,0.8286,0.8289,9.80,1.40
2009.05.21 11:50:03.325,0.8286,0.8289,2.40,1.40
2009.05.21 11:50:03.895,0.8286,0.8289,12.00,1.40
2009.05.21 11:50:04.635,0.82865,0.8289,1.00,1.40
2009.05.21 11:50:04.745,0.82875,0.8289,1.00,1.40
2009.05.21 11:50:04.974,0.82875,0.829,1.00,1.60
2009.05.21 11:50:05.084,0.8288,0.829,2.00,1.40
2009.05.21 11:50:05.654,0.8289,0.8292,1.80,1.60
2009.05.21 11:50:05.924,0.8289,0.8292,1.60,3.20
2009.05.21 11:50:06.484,0.8289,0.8292,4.00,1.40
2009.05.21 11:50:06.774,0.8289,0.8292,4.20,1.40
2009.05.21 11:50:07.064,0.8289,0.8292,2.60,1.40
2009.05.21 11:50:11.563,0.8289,0.8292,2.40,1.40
2009.05.21 11:50:11.903,0.82885,0.8292,2.60,1.40
2009.05.21 11:50:12.132,0.8289,0.8292,4.20,1.40
2009.05.21 11:50:12.353,0.8291,0.8292,1.00,1.40
2009.05.21 11:50:12.943,0.8291,0.82935,4.20,9.40
2009.05.21 11:50:13.233,0.8291,0.8295,4.20,3.00
2009.05.21 11:50:13.532,0.8291,0.82945,1.80,1.00
2009.05.21 11:50:14.113,0.82905,0.8294,5.00,1.40
2009.05.21 11:50:14.802,0.82905,0.8294,2.60,1.40
2009.05.21 11:50:16.372,0.82915,0.8294,1.00,1.40
2009.05.21 11:50:16.662,0.82915,0.8294,2.20,1.40
2009.05.21 11:50:16.961,0.8293,0.8294,1.00,1.60
2009.05.21 11:50:17.232,0.8293,0.82975,4.20,9.60
2009.05.21 11:50:17.461,0.8293,0.82975,4.20,1.00
2009.05.21 11:50:17.791,0.8293,0.8298,4.20,1.60
2009.05.21 11:50:18.061,0.8293,0.82975,4.20,1.00
2009.05.21 11:50:18.931,0.82935,0.8296,2.00,1.40
2009.05.21 11:50:19.271,0.82925,0.8296,5.00,1.40
2009.05.21 11:50:21.620,0.82925,0.8296,2.60,1.40
2009.05.21 11:50:21.840,0.8293,0.8296,9.60,1.60
2009.05.21 11:50:22.070,0.8293,0.8296,1.60,1.60
2009.05.21 11:50:22.480,0.8292,0.82955,4.20,1.00
2009.05.21 11:50:22.921,0.8292,0.82955,1.80,1.00
2009.05.21 11:50:23.090,0.8292,0.8295,12.00,1.40
2009.05.21 11:50:24.250,0.82915,0.8295,2.40,1.60
2009.05.21 11:50:24.480,0.8291,0.8295,6.20,1.60
2009.05.21 11:50:24.780,0.82905,0.8294,13.00,1.40
2009.05.21 11:50:25.070,0.82905,0.8294,5.00,1.40
2009.05.21 11:50:25.420,0.8291,0.8294,12.00,1.40
2009.05.21 11:50:25.640,0.82905,0.8294,5.00,1.60
2009.05.21 11:50:27.449,0.82905,0.8294,4.80,1.60
2009.05.21 11:50:27.849,0.82905,0.8294,2.60,1.60
2009.05.21 11:50:30.508,0.829,0.82935,4.20,1.00
2009.05.21 11:50:31.008,0.82895,0.8293,2.20,1.40
2009.05.21 11:50:31.298,0.82895,0.8293,2.20,1.60
2009.05.21 11:50:34.667,0.829,0.8293,12.00,1.60
2009.05.21 11:50:37.037,0.829,0.8293,4.00,1.60
2009.05.21 11:50:40.586,0.82885,0.8292,2.40,3.20
2009.05.21 11:50:41.236,0.82885,0.8292,2.40,1.60
2009.05.21 11:50:41.456,0.8288,0.8292,4.20,3.20
2009.05.21 11:50:42.835,0.8289,0.8292,2.00,3.20
2009.05.21 11:50:42.945,0.8289,0.8292,2.00,1.60
2009.05.21 11:50:43.125,0.8289,0.8292,2.60,1.40
2009.05.21 11:50:43.465,0.8289,0.82925,4.20,1.00
2009.05.21 11:50:43.755,0.829,0.8293,4.00,3.00
2009.05.21 11:50:44.095,0.82905,0.8293,1.00,1.40
2009.05.21 11:50:44.515,0.8291,0.8294,1.60,3.00
2009.05.21 11:50:45.045,0.8291,0.8294,4.00,1.40
2009.05.21 11:50:45.165,0.8291,0.8294,12.00,1.40
2009.05.21 11:50:45.385,0.8291,0.8294,4.00,1.40
2009.05.21 11:50:45.495,0.8291,0.8295,5.80,3.20
2009.05.21 11:50:45.845,0.82925,0.8295,1.00,3.20
2009.05.21 11:50:45.954,0.82925,0.8295,2.00,1.40
2009.05.21 11:50:46.344,0.8291,0.8295,4.20,3.20
2009.05.21 11:50:46.794,0.8291,0.82945,2.00,1.00
2009.05.21 11:50:47.375,0.82905,0.8294,2.60,1.40
2009.05.21 11:50:48.534,0.8291,0.8294,4.00,1.40
2009.05.21 11:50:48.944,0.82905,0.8294,2.60,1.40
2009.05.21 11:50:50.033,0.82905,0.8294,2.40,1.40
2009.05.21 11:50:50.603,0.82905,0.8294,2.60,1.40
2009.05.21 11:50:51.703,0.82905,0.8294,5.00,1.40
2009.05.21 11:50:51.933,0.82905,0.8294,2.60,1.40
2009.05.21 11:50:55.722,0.8291,0.8294,13.80,1.40
2009.05.21 11:50:56.012,0.8292,0.8295,3.20,1.40
2009.05.21 11:50:56.642,0.82915,0.8295,2.60,1.40
2009.05.21 11:50:57.102,0.8292,0.8295,5.40,1.40
2009.05.21 11:50:57.392,0.8292,0.8295,3.80,1.60
2009.05.21 11:50:57.742,0.8291,0.82945,4.00,3.00
2009.05.21 11:50:58.092,0.8291,0.8294,2.20,1.40
2009.05.21 11:50:58.432,0.829,0.82935,9.80,1.00
2009.05.21 11:50:58.781,0.8289,0.8293,14.60,1.60
2009.05.21 11:50:59.251,0.8289,0.8293,4.20,1.60
2009.05.21 11:50:59.611,0.8289,0.8292,13.60,1.40
2009.05.21 11:50:59.781,0.82885,0.8292,5.00,1.40
2009.05.21 11:50:59.951,0.82885,0.8292,2.60,1.40
2009.05.21 11:51:00.131,0.8289,0.8292,3.20,1.60
2009.05.21 11:51:00.182,0.8288,0.8292,8.20,1.60
2009.05.21 11:51:00.511,0.8288,0.8292,6.40,1.60
2009.05.21 11:51:00.801,0.8288,0.8291,13.60,1.40
2009.05.21 11:51:01.241,0.82875,0.8291,2.60,1.40
2009.05.21 11:51:02.271,0.8288,0.8292,4.20,1.60
2009.05.21 11:51:02.451,0.8288,0.8292,5.80,1.60
2009.05.21 11:51:02.990,0.8288,0.82915,4.20,1.00
2009.05.21 11:51:03.460,0.8289,0.82915,1.60,1.00
2009.05.21 11:51:03.880,0.8289,0.82915,3.20,1.00
2009.05.21 11:51:04.240,0.8289,0.82915,1.60,1.00
2009.05.21 11:51:04.930,0.82885,0.8292,2.60,1.40
2009.05.21 11:51:05.392,0.8289,0.8292,2.20,1.40
2009.05.21 11:51:05.800,0.8289,0.8292,4.40,1.40
2009.05.21 11:51:06.470,0.829,0.8293,1.60,1.60
2009.05.21 11:51:06.740,0.829,0.8293,9.80,1.60
2009.05.21 11:51:07.139,0.829,0.8293,12.00,1.60
2009.05.21 11:51:07.430,0.829,0.8293,11.80,1.60
2009.05.21 11:51:07.729,0.8289,0.82925,14.60,1.00
2009.05.21 11:51:08.029,0.8289,0.82925,6.60,1.00
2009.05.21 11:51:08.949,0.8289,0.82925,14.60,1.00
2009.05.21 11:51:09.359,0.829,0.8293,9.80,1.60
2009.05.21 11:51:09.469,0.829,0.8293,9.80,1.40
2009.05.21 11:51:12.268,0.82905,0.8293,2.20,1.40
2009.05.21 11:51:13.558,0.829,0.8293,2.60,1.40
2009.05.21 11:51:13.858,0.829,0.8293,2.20,1.40
2009.05.21 11:51:14.098,0.829,0.8293,9.80,1.40
2009.05.21 11:51:14.948,0.829,0.8293,12.00,1.40
2009.05.21 11:51:16.958,0.82905,0.8293,1.00,1.40
2009.05.21 11:51:17.247,0.82915,0.8294,1.00,1.40
2009.05.21 11:51:17.647,0.82915,0.8295,2.60,1.60
2009.05.21 11:51:18.067,0.8292,0.8295,1.60,1.60
2009.05.21 11:51:18.479,0.8292,0.82945,1.60,1.00
2009.05.21 11:51:18.827,0.8292,0.8295,1.60,1.60
2009.05.21 11:51:19.177,0.82915,0.8295,2.20,4.60
2009.05.21 11:51:19.516,0.8291,0.8294,2.20,1.40
2009.05.21 11:51:19.986,0.829,0.8294,6.60,1.60
2009.05.21 11:51:20.606,0.829,0.8294,4.20,1.60
2009.05.21 11:51:21.076,0.8291,0.8294,1.60,1.60
2009.05.21 11:51:21.646,0.8291,0.8294,1.80,1.60
2009.05.21 11:51:21.856,0.8291,0.8294,4.00,1.40
2009.05.21 11:51:22.206,0.8291,0.8294,12.00,1.40
2009.05.21 11:51:22.426,0.82905,0.8294,2.60,1.40
2009.05.21 11:51:22.946,0.82905,0.8294,5.00,1.40
2009.05.21 11:51:23.935,0.8291,0.8294,12.00,1.40
2009.05.21 11:51:24.266,0.82905,0.8294,5.00,1.40
2009.05.21 11:51:24.625,0.8291,0.8294,12.00,1.40
2009.05.21 11:51:25.275,0.82915,0.8294,2.20,1.40
2009.05.21 11:51:25.445,0.82915,0.8294,4.00,1.40
2009.05.21 11:51:25.675,0.8292,0.8295,1.60,1.60
2009.05.21 11:51:26.665,0.82915,0.8295,2.40,1.40
2009.05.21 11:51:27.175,0.8292,0.8295,3.80,1.40
2009.05.21 11:51:27.454,0.8291,0.8295,4.20,1.60
2009.05.21 11:51:30.124,0.8291,0.8295,4.00,1.60
2009.05.21 11:51:30.574,0.8292,0.82945,1.60,9.60
2009.05.21 11:51:30.814,0.8292,0.82945,1.60,1.00
2009.05.21 11:51:31.553,0.82905,0.8294,2.40,1.40
2009.05.21 11:51:33.293,0.8291,0.8294,3.80,1.40
2009.05.21 11:51:33.463,0.829,0.8294,4.20,1.60
2009.05.21 11:51:33.813,0.829,0.8294,4.20,4.60
2009.05.21 11:51:34.223,0.8291,0.82935,1.60,1.00
2009.05.21 11:51:34.703,0.829,0.82935,4.20,1.00
2009.05.21 11:51:34.883,0.829,0.8294,4.20,1.60
2009.05.21 11:51:35.652,0.8291,0.8294,1.80,1.60
2009.05.21 11:51:38.452,0.8291,0.8294,4.00,1.40
2009.05.21 11:51:39.761,0.82905,0.8294,2.60,1.40
2009.05.21 11:51:50.209,0.8291,0.8294,4.20,1.40
2009.05.21 11:51:50.389,0.8291,0.8294,2.60,1.40
2009.05.21 11:51:50.599,0.8291,0.8294,2.40,1.40
2009.05.21 11:51:50.839,0.8291,0.8295,2.00,1.60
2009.05.21 11:51:51.130,0.8291,0.8295,2.00,1.60
2009.05.21 11:51:51.369,0.8291,0.8295,4.20,1.60
2009.05.21 11:51:51.659,0.8293,0.8295,1.60,1.00
2009.05.21 11:51:51.889,0.8293,0.82955,1.60,1.00
2009.05.21 11:51:52.939,0.8293,0.8296,1.60,1.60
2009.05.21 11:51:53.998,0.82935,0.8296,1.00,1.60
2009.05.21 11:51:54.388,0.82935,0.8296,1.00,1.40
2009.05.21 11:51:54.688,0.82935,0.8296,9.80,1.40
2009.05.21 11:51:54.988,0.82925,0.8296,11.40,1.40
2009.05.21 11:51:55.348,0.8293,0.8296,1.60,1.60
2009.05.21 11:51:55.578,0.82925,0.8296,2.40,1.60
2009.05.21 11:51:56.727,0.82935,0.8296,1.00,1.60
2009.05.21 11:51:57.197,0.82935,0.8296,1.00,1.40
2009.05.21 11:51:58.627,0.8293,0.8296,10.80,1.60
2009.05.21 11:51:58.677,0.8293,0.8296,9.60,4.60
2009.05.21 11:51:59.027,0.82915,0.8295,2.60,1.60
2009.05.21 11:51:59.537,0.8292,0.8295,2.60,1.40
2009.05.21 11:51:59.997,0.8292,0.8296,4.00,1.60
2009.05.21 11:52:00.177,0.8292,0.8295,12.00,1.40
2009.05.21 11:52:00.876,0.82915,0.8295,4.80,1.40
2009.05.21 11:52:01.046,0.82915,0.8295,2.40,1.40
2009.05.21 11:52:01.446,0.8292,0.8295,1.60,1.60
2009.05.21 11:52:02.906,0.82915,0.8295,5.80,1.60
2009.05.21 11:52:03.286,0.8292,0.8295,1.60,1.60
2009.05.21 11:52:03.646,0.8292,0.8295,1.80,1.60
2009.05.21 11:52:04.096,0.82925,0.8295,8.00,1.40
2009.05.21 11:52:04.606,0.82925,0.8295,9.80,1.40
2009.05.21 11:52:04.966,0.82925,0.8295,9.60,1.40
2009.05.21 11:52:05.145,0.8292,0.8295,8.80,1.40
2009.05.21 11:52:06.035,0.82915,0.8295,2.20,1.40
2009.05.21 11:52:06.155,0.8292,0.8295,1.60,1.60
2009.05.21 11:52:06.475,0.8291,0.8295,6.20,6.20
2009.05.21 11:52:06.755,0.8291,0.8294,2.20,1.40
2009.05.21 11:52:06.975,0.8291,0.8294,3.80,1.40
2009.05.21 11:52:07.095,0.82895,0.82935,2.40,1.00
2009.05.21 11:52:07.395,0.82895,0.8293,2.40,1.40
2009.05.21 11:52:07.915,0.8291,0.8293,1.00,1.60
2009.05.21 11:52:08.155,0.8291,0.8294,2.60,1.60
2009.05.21 11:52:08.655,0.8291,0.8294,2.40,1.60
2009.05.21 11:52:08.944,0.8292,0.8294,1.00,1.40
2009.05.21 11:52:09.284,0.8291,0.8294,2.40,1.40
2009.05.21 11:52:09.634,0.82915,0.8294,1.00,1.40
2009.05.21 11:52:11.294,0.82915,0.8294,9.80,1.40
2009.05.21 11:52:11.464,0.8292,0.8294,8.00,1.40
2009.05.21 11:52:11.764,0.82915,0.8294,9.80,1.40
2009.05.21 11:52:11.944,0.82915,0.8294,11.00,1.40
2009.05.21 11:52:12.164,0.82915,0.8294,12.00,1.40
2009.05.21 11:52:12.854,0.82915,0.8294,11.00,1.40
2009.05.21 11:52:13.033,0.8292,0.8294,1.00,1.40
2009.05.21 11:52:13.154,0.8292,0.8295,12.00,1.40
2009.05.21 11:52:13.384,0.82915,0.8295,2.40,1.40
2009.05.21 11:52:13.604,0.8292,0.8295,9.60,3.00
2009.05.21 11:52:13.773,0.8292,0.8295,9.60,1.40
2009.05.21 11:52:13.993,0.8291,0.8294,10.60,1.40
2009.05.21 11:52:14.163,0.8291,0.8294,12.00,1.40
2009.05.21 11:52:14.723,0.8291,0.8294,10.60,1.40
2009.05.21 11:52:15.203,0.8291,0.8294,2.60,1.40
2009.05.21 11:52:15.423,0.8291,0.8294,10.60,1.40
2009.05.21 11:52:16.163,0.8291,0.8294,2.60,1.40
2009.05.21 11:52:16.692,0.8291,0.8294,4.00,1.40
2009.05.21 11:52:19.882,0.8291,0.8294,2.60,1.60
2009.05.21 11:52:20.002,0.8291,0.8294,1.80,1.60
2009.05.21 11:52:20.292,0.8291,0.8294,1.60,1.60
2009.05.21 11:52:21.391,0.829,0.8294,4.20,1.60
2009.05.21 11:52:21.731,0.829,0.8294,4.20,3.20
2009.05.21 11:52:22.021,0.8291,0.8294,1.60,3.20
2009.05.21 11:52:22.251,0.8291,0.8294,1.60,1.60
2009.05.21 11:52:28.170,0.8291,0.8294,1.80,1.60
2009.05.21 11:52:29.020,0.8291,0.8294,10.60,1.60
2009.05.21 11:52:33.069,0.8292,0.8294,1.00,1.60
2009.05.21 11:52:33.188,0.8292,0.8295,1.60,1.60
2009.05.21 11:52:33.639,0.8292,0.8295,1.60,3.20
2009.05.21 11:52:42.126,0.8292,0.8295,4.00,3.00
2009.05.21 11:52:42.356,0.8292,0.8295,12.20,1.40
2009.05.21 11:52:42.746,0.8293,0.8296,1.80,3.20
2009.05.21 11:52:43.156,0.8293,0.8296,1.60,3.20
2009.05.21 11:52:44.296,0.8292,0.8296,4.20,3.20
2009.05.21 11:52:44.466,0.8293,0.8296,1.60,3.20
2009.05.21 11:52:45.456,0.8293,0.8296,1.80,3.20
2009.05.21 11:52:45.636,0.8292,0.8296,6.80,1.60
2009.05.21 11:52:45.856,0.8292,0.8296,4.40,3.20
2009.05.21 11:52:46.266,0.8293,0.8296,1.60,3.20
2009.05.21 11:52:49.215,0.82925,0.8296,2.60,3.20
2009.05.21 11:52:50.544,0.8293,0.8296,4.00,3.20
2009.05.21 11:52:50.834,0.8293,0.8296,4.00,1.60
2009.05.21 11:52:50.894,0.82925,0.8296,2.60,3.20
2009.05.21 11:52:50.944,0.8293,0.8296,4.00,3.20
2009.05.21 11:52:51.105,0.82925,0.8296,2.60,3.20
2009.05.21 11:52:51.394,0.82925,0.8296,2.60,1.60
2009.05.21 11:52:51.454,0.82925,0.8296,2.60,3.20
2009.05.21 11:52:58.213,0.82925,0.8296,2.20,3.00
2009.05.21 11:52:58.562,0.8293,0.8296,1.60,3.20
2009.05.21 11:53:04.201,0.82925,0.8296,2.60,1.40
2009.05.21 11:53:05.701,0.82925,0.8296,5.00,1.40
2009.05.21 11:53:05.861,0.82925,0.8296,2.60,1.40
2009.05.21 11:53:07.061,0.82925,0.8296,4.20,1.40
2009.05.21 11:53:07.240,0.8293,0.8296,4.00,1.40
2009.05.21 11:53:07.651,0.8293,0.8296,12.00,1.40
2009.05.21 11:53:10.440,0.8293,0.8296,12.20,1.40
2009.05.21 11:53:10.550,0.8293,0.82965,2.00,1.00
2009.05.21 11:53:16.948,0.8293,0.82965,3.20,1.00
2009.05.21 11:53:17.118,0.8293,0.82965,2.00,1.00
2009.05.21 11:53:17.298,0.8294,0.82965,1.80,1.00
2009.05.21 11:53:17.408,0.8294,0.8297,4.00,3.20
2009.05.21 11:53:17.578,0.82935,0.8297,4.80,3.20
2009.05.21 11:53:17.748,0.8293,0.8297,12.20,3.20
2009.05.21 11:53:18.088,0.8293,0.82965,4.20,1.00
2009.05.21 11:53:20.608,0.8293,0.8296,2.40,1.40
2009.05.21 11:53:22.107,0.8293,0.8297,4.20,3.20
2009.05.21 11:53:22.387,0.8293,0.8297,4.20,1.60
2009.05.21 11:53:22.547,0.8293,0.8297,4.20,3.20
2009.05.21 11:53:27.036,0.8293,0.8297,4.20,6.20
2009.05.21 11:53:27.205,0.8293,0.8297,4.20,3.20
2009.05.21 11:53:27.876,0.8293,0.8297,4.20,6.20
2009.05.21 11:53:28.105,0.8293,0.8297,4.20,3.20
2009.05.21 11:53:29.325,0.82935,0.8297,2.60,3.20
2009.05.21 11:53:29.675,0.82935,0.8297,2.60,1.60
2009.05.21 11:53:30.125,0.82935,0.8297,2.60,1.40
2009.05.21 11:53:30.465,0.8294,0.8297,12.00,1.40
2009.05.21 11:53:30.695,0.8294,0.8297,12.20,1.40
2009.05.21 11:53:30.815,0.8294,0.8297,2.60,1.40
2009.05.21 11:53:33.944,0.8294,0.8297,2.40,1.40
2009.05.21 11:53:44.531,0.8294,0.8297,2.20,1.40
2009.05.21 11:53:44.871,0.8294,0.8297,1.60,6.20
2009.05.21 11:53:45.271,0.82925,0.8297,2.60,5.20
2009.05.21 11:53:45.651,0.8292,0.82955,4.20,1.00
2009.05.21 11:53:45.891,0.82925,0.8295,2.00,1.40
2009.05.21 11:53:46.131,0.8292,0.8295,4.00,1.60
2009.05.21 11:53:46.371,0.8292,0.8295,1.60,1.60
2009.05.21 11:53:46.811,0.8292,0.8295,1.60,3.20
2009.05.21 11:53:46.971,0.8291,0.8295,4.20,3.20
2009.05.21 11:53:47.081,0.8291,0.8295,2.00,3.20
2009.05.21 11:53:47.311,0.8291,0.8294,4.00,1.40
2009.05.21 11:53:47.761,0.82915,0.8294,1.00,1.40
2009.05.21 11:53:48.061,0.82915,0.8294,2.20,1.40
2009.05.21 11:53:48.391,0.82915,0.8294,2.00,1.40
2009.05.21 11:53:48.510,0.8291,0.8294,2.20,1.40
2009.05.21 11:53:48.840,0.8291,0.8295,4.20,3.20
2009.05.21 11:53:54.280,0.8293,0.8296,2.60,1.40
2009.05.21 11:54:03.407,0.8293,0.8296,2.20,1.40
2009.05.21 11:54:20.393,0.82935,0.8296,2.20,1.40
2009.05.21 11:54:20.733,0.8293,0.8297,4.00,1.60
2009.05.21 11:54:20.853,0.8293,0.8297,4.00,3.20
2009.05.21 11:54:24.812,0.8294,0.8297,2.60,3.20
2009.05.21 11:54:25.102,0.8294,0.8297,7.40,1.60
2009.05.21 11:54:25.442,0.82945,0.8297,1.00,1.40
2009.05.21 11:54:25.561,0.82945,0.8297,1.00,1.40
2009.05.21 11:54:25.731,0.8295,0.8297,1.00,1.40
2009.05.21 11:54:26.111,0.8295,0.8298,1.60,4.60
2009.05.21 11:54:26.441,0.8295,0.8298,1.60,6.20
2009.05.21 11:54:26.621,0.8295,0.82975,1.60,1.00
2009.05.21 11:54:28.581,0.8294,0.82975,4.00,1.00
2009.05.21 11:54:29.051,0.8294,0.82975,6.40,1.00
2009.05.21 11:54:29.510,0.8295,0.8298,1.80,1.60
2009.05.21 11:54:29.780,0.8294,0.8298,4.00,1.60
2009.05.21 11:54:42.188,0.8294,0.8298,6.40,1.60
2009.05.21 11:54:42.528,0.8295,0.8298,1.80,1.60
2009.05.21 11:54:42.817,0.8295,0.8298,1.80,1.40
2009.05.21 11:54:44.827,0.8295,0.8298,4.00,1.40
2009.05.21 11:54:45.067,0.82955,0.8298,1.00,1.40
2009.05.21 11:54:45.297,0.82955,0.8298,2.20,1.40
2009.05.21 11:54:45.647,0.8296,0.82985,1.60,1.00
2009.05.21 11:54:48.536,0.8295,0.82985,4.00,1.00
2009.05.21 11:54:48.776,0.8295,0.8298,4.00,1.60
2009.05.21 11:54:49.916,0.8295,0.8298,1.60,1.60
2009.05.21 11:54:50.206,0.8294,0.8298,4.00,1.60
2009.05.21 11:54:58.904,0.82945,0.8298,2.20,1.40
2009.05.21 11:55:05.272,0.8294,0.8297,4.00,1.40
2009.05.21 11:55:05.712,0.8294,0.8297,12.00,1.40
2009.05.21 11:55:06.062,0.8294,0.8297,4.00,1.40
2009.05.21 11:55:06.362,0.82935,0.8297,2.60,1.40
2009.05.21 11:55:08.472,0.8294,0.8297,4.00,1.40
2009.05.21 11:55:11.101,0.8294,0.8297,4.20,1.40
2009.05.21 11:55:15.310,0.8294,0.8297,12.20,1.40
2009.05.21 11:55:15.419,0.8294,0.8297,4.20,1.40
2009.05.21 11:55:16.359,0.82945,0.8297,2.20,1.40
2009.05.21 11:55:16.580,0.8295,0.8298,1.60,1.60
2009.05.21 11:55:17.210,0.8295,0.8298,1.80,1.60
2009.05.21 11:55:17.769,0.82955,0.8298,1.00,1.40
2009.05.21 11:55:18.699,0.8296,0.8298,1.00,1.40
2009.05.21 11:55:19.688,0.82955,0.8298,9.60,1.40
2009.05.21 11:55:19.908,0.82955,0.8298,9.80,1.40
2009.05.21 11:55:20.088,0.82955,0.8298,1.00,1.40
2009.05.21 11:55:21.268,0.8295,0.8298,4.00,1.40
2009.05.21 11:55:21.748,0.82955,0.8298,1.00,1.40
2009.05.21 11:55:22.138,0.8295,0.8298,4.00,1.40
2009.05.21 11:55:23.808,0.82955,0.8298,1.00,1.40
2009.05.21 11:55:31.216,0.8295,0.8298,4.00,1.40
2009.05.21 11:55:32.765,0.82955,0.8298,1.00,1.40
2009.05.21 11:55:34.215,0.8295,0.8298,4.00,1.40
2009.05.21 11:55:34.445,0.82955,0.8298,1.00,1.40
2009.05.21 11:55:40.424,0.8295,0.8298,4.20,1.40
2009.05.21 11:55:40.653,0.8295,0.8299,4.20,2.60
2009.05.21 11:55:40.823,0.82945,0.8298,2.40,1.60
2009.05.21 11:55:56.779,0.82945,0.8298,2.60,1.60
2009.05.21 11:55:59.589,0.82945,0.8298,2.40,1.60
2009.05.21 11:56:16.325,0.8295,0.8298,3.80,1.60
2009.05.21 11:56:16.385,0.8293,0.8297,4.20,1.60
2009.05.21 11:56:17.814,0.8294,0.8297,1.60,1.60
2009.05.21 11:56:18.284,0.82935,0.8297,2.60,1.40
2009.05.21 11:56:20.044,0.82935,0.8297,10.60,1.40
2009.05.21 11:56:20.314,0.8294,0.8297,2.20,1.40
2009.05.21 11:56:20.714,0.8295,0.8298,1.60,1.60
2009.05.21 11:56:21.463,0.8295,0.8298,1.80,1.60
2009.05.21 11:56:21.813,0.8295,0.8298,4.00,1.40
2009.05.21 11:56:22.503,0.8295,0.8298,1.80,1.60
2009.05.21 11:56:23.143,0.8295,0.8299,1.80,2.60
2009.05.21 11:56:23.433,0.8295,0.8299,4.00,2.60
2009.05.21 11:56:24.113,0.8295,0.8299,2.40,2.60
2009.05.21 11:56:24.353,0.82955,0.8298,9.80,1.40
2009.05.21 11:56:24.583,0.8295,0.8298,2.60,1.40
2009.05.21 11:56:24.803,0.8295,0.8298,2.40,1.40
2009.05.21 11:56:25.203,0.8295,0.8298,1.60,9.60
2009.05.21 11:56:25.433,0.8295,0.8298,1.60,1.60
2009.05.21 11:56:26.832,0.82945,0.8298,1.80,1.60
2009.05.21 11:56:27.122,0.82945,0.8298,12.20,1.60
2009.05.21 11:56:27.573,0.82945,0.8298,1.80,1.60
2009.05.21 11:56:27.632,0.8295,0.8298,1.60,1.60
2009.05.21 11:56:36.330,0.82955,0.8298,1.00,1.40
2009.05.21 11:56:39.269,0.82955,0.8298,2.20,1.40
2009.05.21 11:56:39.559,0.8296,0.8299,1.60,1.60
2009.05.21 11:56:44.588,0.82955,0.8298,1.00,1.40
2009.05.21 11:56:57.215,0.82945,0.8298,2.40,1.40
2009.05.21 11:56:59.994,0.82945,0.8298,2.60,1.40
2009.05.21 11:57:01.084,0.8295,0.8298,6.60,1.40
2009.05.21 11:57:01.244,0.8295,0.8298,2.40,1.40
2009.05.21 11:57:03.433,0.82945,0.8298,2.40,1.40
2009.05.21 11:57:05.263,0.82945,0.8298,2.60,1.40
2009.05.21 11:57:05.833,0.82955,0.8298,2.00,1.40
2009.05.21 11:57:05.893,0.8295,0.8298,2.40,1.40
2009.05.21 11:57:11.582,0.8295,0.82985,4.20,1.00
2009.05.21 11:57:11.812,0.8295,0.82985,6.60,1.00
2009.05.21 11:57:21.559,0.8295,0.8298,1.60,1.40
2009.05.21 11:57:21.879,0.8295,0.8298,1.60,1.60
2009.05.21 11:57:24.618,0.8296,0.8298,1.60,1.60
2009.05.21 11:57:26.068,0.8295,0.8298,1.60,1.40
2009.05.21 11:57:26.878,0.8296,0.8298,1.60,1.40
2009.05.21 11:57:28.627,0.8297,0.8298,1.00,1.40
2009.05.21 11:57:28.907,0.8298,0.8299,1.00,1.40
2009.05.21 11:57:29.307,0.8298,0.8301,1.00,1.00
2009.05.21 11:57:29.597,0.82985,0.8302,2.20,9.60
2009.05.21 11:57:29.838,0.8299,0.8302,1.60,1.60
2009.05.21 11:57:31.846,0.8297,0.83,2.40,1.40
2009.05.21 11:57:32.136,0.8296,0.8299,4.20,1.40
2009.05.21 11:57:32.406,0.8296,0.8299,2.00,1.40
2009.05.21 11:57:33.826,0.8297,0.83,1.60,2.60
2009.05.21 11:57:33.876,0.8297,0.8299,1.60,1.60
2009.05.21 11:57:36.216,0.8297,0.8299,1.60,1.60
2009.05.21 11:57:36.395,0.8297,0.8299,1.60,1.40
2009.05.21 11:57:36.555,0.8297,0.8299,1.60,1.40
2009.05.21 11:57:36.786,0.82975,0.8299,1.00,1.40
2009.05.21 11:57:37.135,0.8298,0.8301,1.60,1.60
2009.05.21 11:57:39.545,0.82975,0.83,1.00,1.40
2009.05.21 11:57:42.144,0.83,0.8303,1.80,1.60
2009.05.21 11:57:43.414,0.83,0.8303,2.00,1.60
2009.05.21 11:57:43.644,0.8301,0.8303,1.80,1.00
2009.05.21 11:57:43.924,0.83015,0.8304,1.00,9.60
2009.05.21 11:57:44.444,0.83015,0.8304,1.00,1.60
2009.05.21 11:57:44.783,0.8301,0.83035,12.20,1.00
2009.05.21 11:57:45.243,0.8301,0.83035,4.20,1.00
2009.05.21 11:57:45.473,0.8301,0.8303,4.00,1.40
2009.05.21 11:57:46.323,0.8301,0.8303,4.00,1.40
2009.05.21 11:57:46.493,0.8301,0.8303,3.20,1.40
2009.05.21 11:57:47.193,0.8301,0.8303,1.20,1.40
2009.05.21 11:57:47.653,0.8301,0.8304,1.00,5.60
2009.05.21 11:57:48.093,0.83,0.8303,1.60,1.60
2009.05.21 11:57:48.783,0.83,0.83025,1.60,1.00
2009.05.21 11:57:49.132,0.82995,0.8302,1.00,1.40
2009.05.21 11:57:49.872,0.82995,0.8302,1.00,1.60
2009.05.21 11:57:50.372,0.8299,0.8302,6.20,1.60
2009.05.21 11:57:50.722,0.8299,0.8302,3.40,1.60
2009.05.21 11:57:51.242,0.8299,0.8302,2.60,1.60
2009.05.21 11:57:51.522,0.8299,0.8302,2.40,1.60
2009.05.21 11:57:52.152,0.8299,0.8302,4.80,1.40
2009.05.21 11:57:52.322,0.82995,0.8302,1.00,1.40
2009.05.21 11:57:56.501,0.8299,0.8302,14.40,1.40
2009.05.21 11:57:56.861,0.8299,0.8302,4.80,1.40
2009.05.21 11:57:57.040,0.8299,0.8302,6.40,1.40
2009.05.21 11:57:57.830,0.8299,0.8303,6.40,5.60
2009.05.21 11:57:57.940,0.8299,0.8302,4.00,1.60
2009.05.21 11:57:58.260,0.8299,0.8302,2.40,1.60
2009.05.21 11:58:01.080,0.8298,0.83015,2.80,1.00
2009.05.21 11:58:01.370,0.8298,0.8301,1.60,1.40
2009.05.21 11:58:02.149,0.8299,0.8301,1.60,1.40
2009.05.21 11:58:03.099,0.8298,0.8301,1.60,1.40
2009.05.21 11:58:03.329,0.8298,0.8301,1.60,1.60
2009.05.21 11:58:08.928,0.8298,0.8301,1.60,1.40
2009.05.21 11:58:09.668,0.8299,0.8301,1.60,1.40
2009.05.21 11:58:12.667,0.8298,0.8301,1.60,1.40
2009.05.21 11:58:13.656,0.8298,0.8301,4.20,1.40
2009.05.21 11:58:13.776,0.8298,0.8301,2.00,1.40
2009.05.21 11:58:14.066,0.82985,0.8302,2.40,1.60
2009.05.21 11:58:14.416,0.8299,0.83025,10.40,4.20
2009.05.21 11:58:14.936,0.8298,0.8301,1.60,1.40
2009.05.21 11:58:15.286,0.8298,0.8301,1.60,1.60
2009.05.21 11:58:18.055,0.82995,0.8302,1.00,1.60
2009.05.21 11:58:23.064,0.8298,0.83015,6.60,1.00
2009.05.21 11:58:23.344,0.8298,0.8302,1.60,5.60
2009.05.21 11:58:23.634,0.8299,0.8301,1.60,1.60
2009.05.21 11:58:23.875,0.8298,0.8301,1.60,1.60
2009.05.21 11:58:24.464,0.8299,0.8301,1.60,4.60
2009.05.21 11:58:24.814,0.8295,0.82995,6.60,1.00
2009.05.21 11:58:25.154,0.8295,0.8299,3.80,4.40
2009.05.21 11:58:25.504,0.8294,0.8298,3.20,1.00
2009.05.21 11:58:25.774,0.8294,0.8298,3.20,1.00
2009.05.21 11:58:26.014,0.8294,0.8298,5.80,1.00
2009.05.21 11:58:26.293,0.8294,0.8298,2.20,1.00
2009.05.21 11:58:26.693,0.8294,0.82975,2.20,1.00
2009.05.21 11:58:27.593,0.8294,0.8297,2.20,1.40
2009.05.21 11:58:29.323,0.82945,0.8297,2.20,1.40
2009.05.21 11:58:29.653,0.8294,0.8297,2.20,1.40
2009.05.21 11:58:29.993,0.8295,0.82975,1.60,1.00
2009.05.21 11:58:30.262,0.82945,0.82975,2.20,1.00
2009.05.21 11:58:30.882,0.82945,0.8297,2.20,1.40
2009.05.21 11:58:31.962,0.8295,0.8298,1.80,1.60
2009.05.21 11:58:35.251,0.8295,0.8298,4.00,1.40
2009.05.21 11:58:35.481,0.8296,0.82985,1.80,1.00
2009.05.21 11:58:35.881,0.8296,0.8299,1.60,1.60
2009.05.21 11:58:36.061,0.8296,0.82985,1.80,1.00
2009.05.21 11:58:37.311,0.8296,0.8299,1.80,1.60
2009.05.21 11:58:41.040,0.8297,0.8299,1.00,1.60
2009.05.21 11:58:41.400,0.82975,0.8299,1.00,1.40
2009.05.21 11:58:41.980,0.82975,0.83,1.00,1.60
2009.05.21 11:58:42.849,0.8297,0.83,1.80,1.60
2009.05.21 11:58:44.699,0.82975,0.83,1.00,1.60
2009.05.21 11:58:48.888,0.8297,0.82995,1.80,1.00
2009.05.21 11:58:49.468,0.82965,0.8299,1.00,1.40
2009.05.21 11:58:50.108,0.8296,0.8299,4.00,1.40
2009.05.21 11:58:52.397,0.82965,0.8299,1.00,1.40
2009.05.21 11:58:52.897,0.8296,0.8299,3.40,1.40
2009.05.21 11:58:53.077,0.8296,0.8299,4.00,1.40
2009.05.21 11:58:55.296,0.8296,0.8299,1.80,1.60
2009.05.21 11:58:55.576,0.8296,0.82985,1.60,1.00
2009.05.21 11:58:55.986,0.82955,0.8298,1.00,1.40
2009.05.21 11:58:56.866,0.8295,0.8298,4.00,1.40
2009.05.21 11:59:04.574,0.82945,0.8298,2.20,1.60
2009.05.21 11:59:05.154,0.8295,0.8298,1.60,1.60
2009.05.21 11:59:06.294,0.8294,0.8298,4.00,4.60
2009.05.21 11:59:06.624,0.8295,0.8297,1.00,1.40
2009.05.21 11:59:06.864,0.8294,0.8297,4.00,1.40
2009.05.21 11:59:08.313,0.82935,0.8297,2.60,1.40
2009.05.21 11:59:08.533,0.8294,0.8297,4.00,1.40
2009.05.21 11:59:10.163,0.82935,0.8297,2.60,1.40
2009.05.21 11:59:12.103,0.82935,0.8297,2.60,4.40
2009.05.21 11:59:13.372,0.82935,0.8297,2.60,4.60
2009.05.21 11:59:14.002,0.82935,0.8297,2.60,1.60
2009.05.21 11:59:14.512,0.8294,0.8297,4.00,1.60
2009.05.21 11:59:15.321,0.82945,0.8297,1.00,1.60
2009.05.21 11:59:15.592,0.82935,0.8297,2.60,1.40
2009.05.21 11:59:18.101,0.8293,0.8296,4.00,1.40
2009.05.21 11:59:18.461,0.82925,0.8296,2.60,1.40
2009.05.21 11:59:18.742,0.8293,0.8296,4.00,1.40
2009.05.21 11:59:22.700,0.82935,0.8296,1.00,1.40
2009.05.21 11:59:23.220,0.82935,0.8296,2.20,1.40
2009.05.21 11:59:33.127,0.8293,0.82965,1.80,1.00
2009.05.21 11:59:33.307,0.8294,0.82965,1.60,1.00
2009.05.21 11:59:33.607,0.82925,0.8296,2.40,2.40
2009.05.21 11:59:33.957,0.8292,0.8295,1.80,1.00
2009.05.21 11:59:34.247,0.8292,0.8295,1.80,1.60
2009.05.21 11:59:35.337,0.8292,0.8295,1.60,1.60
2009.05.21 11:59:38.066,0.82895,0.8293,2.40,1.40
2009.05.21 11:59:38.366,0.829,0.8293,1.60,1.40
2009.05.21 11:59:38.687,0.829,0.82925,1.60,1.00
2009.05.21 11:59:39.026,0.82885,0.8292,2.60,1.60
2009.05.21 11:59:40.846,0.82885,0.8292,2.40,1.60
2009.05.21 11:59:41.545,0.82885,0.8292,2.60,1.60
2009.05.21 11:59:41.665,0.82885,0.8292,2.40,4.60
2009.05.21 11:59:41.835,0.8289,0.8292,3.80,4.60
2009.05.21 11:59:41.955,0.8288,0.8292,4.20,4.60
2009.05.21 11:59:44.104,0.8287,0.829,3.40,1.60
2009.05.21 11:59:44.375,0.8287,0.829,3.60,1.60
2009.05.21 11:59:44.494,0.8287,0.8291,4.20,1.60
2009.05.21 11:59:44.715,0.8287,0.8291,6.40,1.60
2009.05.21 11:59:44.894,0.82875,0.8291,2.40,1.40
2009.05.21 11:59:46.044,0.8287,0.8291,4.20,4.60
2009.05.21 11:59:46.344,0.8287,0.8291,5.80,1.60
2009.05.21 11:59:46.974,0.8287,0.8291,5.80,4.60
2009.05.21 11:59:47.674,0.8288,0.82895,1.60,3.00
2009.05.21 11:59:47.914,0.8288,0.829,1.60,3.20
2009.05.21 11:59:48.274,0.8287,0.829,1.60,4.40
2009.05.21 11:59:48.633,0.82865,0.829,4.00,4.40
2009.05.21 11:59:48.813,0.82865,0.829,2.40,4.40
2009.05.21 11:59:49.423,0.8287,0.82895,3.80,3.00
2009.05.21 11:59:49.713,0.8286,0.829,4.20,5.60
2009.05.21 11:59:49.983,0.8287,0.829,1.60,5.60
2009.05.21 11:59:50.323,0.82865,0.829,2.60,4.40
2009.05.21 11:59:50.913,0.82865,0.829,2.60,1.40
2009.05.21 11:59:51.253,0.82875,0.829,2.20,1.40
2009.05.21 11:59:51.933,0.8288,0.8291,1.60,1.60
2009.05.21 11:59:52.163,0.8288,0.82905,1.60,1.00
2009.05.21 11:59:52.513,0.8287,0.829,12.00,1.40
2009.05.21 11:59:52.692,0.8287,0.829,4.00,1.40
2009.05.21 11:59:53.652,0.82875,0.829,2.60,1.40
2009.05.21 11:59:54.062,0.82875,0.8291,2.60,1.40
2009.05.21 11:59:54.352,0.82875,0.8291,2.40,4.40
2009.05.21 11:59:55.972,0.8288,0.8291,4.00,1.40
2009.05.21 11:59:56.332,0.8289,0.8292,1.60,4.60
2009.05.21 11:59:56.862,0.82885,0.8292,2.60,1.60
2009.05.21 11:59:57.041,0.82885,0.8292,2.60,1.40
2009.05.21 11:59:58.681,0.8289,0.8292,1.60,1.60
