2014.05.19 11:00:00.099,0.93169,0.93181,3.27,1.02
2014.05.19 11:00:00.301,0.93172,0.93182,2.10,1.77
2014.05.19 11:00:00.605,0.93175,0.93185,1.25,1.10
2014.05.19 11:00:00.815,0.93175,0.93181,1.00,1.10
2014.05.19 11:00:01.068,0.93174,0.93183,1.00,1.77
2014.05.19 11:00:01.600,0.93172,0.93182,1.77,1.00
2014.05.19 11:00:02.380,0.93172,0.93182,1.25,1.58
2014.05.19 11:00:06.456,0.93173,0.93182,1.00,1.10
2014.05.19 11:00:07.953,0.93173,0.93182,1.00,1.29
2014.05.19 11:00:08.994,0.93173,0.93182,1.00,1.02
2014.05.19 11:00:09.509,0.93172,0.93182,1.00,2.14
2014.05.19 11:00:10.013,0.93171,0.93182,1.25,1.32
2014.05.19 11:00:10.551,0.93173,0.93183,1.00,2.89
2014.05.19 11:00:11.336,0.93171,0.93182,1.25,1.32
2014.05.19 11:00:11.977,0.93171,0.93182,1.00,1.32
2014.05.19 11:00:13.986,0.93171,0.9318,1.00,1.10
2014.05.19 11:00:14.626,0.93169,0.9318,1.25,1.02
2014.05.19 11:00:15.494,0.93169,0.93179,1.25,1.10
2014.05.19 11:00:16.716,0.93169,0.9318,1.25,1.02
2014.05.19 11:00:17.382,0.93169,0.93181,2.52,1.02
2014.05.19 11:00:18.009,0.93169,0.93181,2.52,1.02
2014.05.19 11:00:23.199,0.9317,0.93181,1.25,1.02
2014.05.19 11:00:23.986,0.9317,0.93181,1.69,1.10
2014.05.19 11:00:26.348,0.93173,0.93184,1.69,1.39
2014.05.19 11:00:27.174,0.93175,0.93184,1.10,1.57
2014.05.19 11:00:27.476,0.93173,0.93184,1.69,1.39
2014.05.19 11:00:27.978,0.93173,0.93183,1.69,2.10
2014.05.19 11:00:28.496,0.93172,0.93182,1.10,1.32
2014.05.19 11:00:29.308,0.93173,0.93183,1.00,2.07
2014.05.19 11:00:29.858,0.93172,0.93182,1.02,1.25
2014.05.19 11:00:30.837,0.93171,0.93181,1.19,1.10
2014.05.19 11:00:31.785,0.93171,0.93181,1.25,1.10
2014.05.19 11:00:32.989,0.93171,0.93181,1.19,1.10
2014.05.19 11:00:35.057,0.9317,0.93181,1.69,1.10
2014.05.19 11:00:43.896,0.9317,0.93182,2.89,1.77
2014.05.19 11:00:44.480,0.9317,0.93182,2.14,1.77
2014.05.19 11:00:45.140,0.9317,0.93182,2.14,1.77
2014.05.19 11:00:46.907,0.93174,0.93183,1.10,2.07
2014.05.19 11:00:47.885,0.93173,0.93183,1.00,1.02
2014.05.19 11:00:47.986,0.93174,0.93186,1.02,2.14
2014.05.19 11:00:49.208,0.93174,0.93184,1.02,1.00
2014.05.19 11:00:49.511,0.93171,0.93182,2.07,1.00
2014.05.19 11:00:51.139,0.93171,0.93182,1.32,1.25
2014.05.19 11:00:52.197,0.93171,0.93182,1.13,1.19
2014.05.19 11:00:53.286,0.93173,0.93183,1.00,1.19
2014.05.19 11:00:53.356,0.93171,0.93182,1.32,1.25
2014.05.19 11:00:54.263,0.93171,0.93182,1.00,1.19
2014.05.19 11:00:57.382,0.93171,0.93182,1.25,1.25
2014.05.19 11:00:57.910,0.93173,0.93183,1.00,1.32
2014.05.19 11:00:58.889,0.93173,0.93183,1.00,1.32
2014.05.19 11:00:59.298,0.93171,0.93182,1.00,1.19
2014.05.19 11:01:00.093,0.9317,0.93182,1.69,1.19
2014.05.19 11:01:00.753,0.9317,0.93181,1.00,1.32
2014.05.19 11:01:01.680,0.93168,0.93181,3.27,1.32
2014.05.19 11:01:02.913,0.93168,0.93181,3.27,1.32
2014.05.19 11:01:04.021,0.93168,0.93181,3.27,1.32
2014.05.19 11:01:08.239,0.93169,0.93181,1.29,1.39
2014.05.19 11:01:08.517,0.93172,0.93181,1.00,1.39
2014.05.19 11:01:08.824,0.93174,0.93186,1.77,2.89
2014.05.19 11:01:08.875,0.93174,0.93186,1.77,2.89
2014.05.19 11:01:10.155,0.93174,0.93186,2.52,2.89
2014.05.19 11:01:13.170,0.93174,0.93186,2.52,1.39
2014.05.19 11:01:14.256,0.93174,0.93182,2.52,1.00
2014.05.19 11:01:18.545,0.93174,0.93186,2.52,1.39
2014.05.19 11:01:19.250,0.93174,0.93182,2.52,1.00
2014.05.19 11:01:19.454,0.93174,0.93186,3.27,1.02
2014.05.19 11:01:19.975,0.93176,0.93187,1.10,1.19
2014.05.19 11:01:20.608,0.93176,0.93187,1.02,1.25
2014.05.19 11:01:21.616,0.93178,0.93188,1.00,1.39
2014.05.19 11:01:23.376,0.93176,0.93187,1.02,1.25
2014.05.19 11:01:24.255,0.93178,0.93188,1.00,1.39
2014.05.19 11:01:25.466,0.93176,0.93187,1.02,1.25
2014.05.19 11:01:26.874,0.93176,0.93187,1.77,1.00
2014.05.19 11:01:27.748,0.93176,0.93187,1.77,1.13
2014.05.19 11:01:28.753,0.93176,0.93187,1.77,1.13
2014.05.19 11:01:29.856,0.93176,0.93187,1.77,1.13
2014.05.19 11:01:30.188,0.93176,0.93187,1.77,1.88
2014.05.19 11:01:30.289,0.93174,0.93186,1.77,1.39
2014.05.19 11:01:30.488,0.93174,0.93186,1.29,2.89
2014.05.19 11:01:30.639,0.93173,0.93183,1.69,1.20
2014.05.19 11:01:32.764,0.93171,0.93182,3.27,1.00
2014.05.19 11:01:33.324,0.93171,0.93181,1.19,1.10
2014.05.19 11:01:33.586,0.93173,0.93183,1.77,1.25
2014.05.19 11:01:33.994,0.93171,0.93182,1.02,1.25
2014.05.19 11:01:34.613,0.93171,0.93182,2.14,1.25
2014.05.19 11:01:34.815,0.93174,0.93182,1.10,1.00
2014.05.19 11:01:35.588,0.93172,0.93182,1.69,1.00
2014.05.19 11:01:36.092,0.93174,0.93182,1.10,1.00
2014.05.19 11:01:36.244,0.93172,0.93182,1.25,1.00
2014.05.19 11:01:36.748,0.93173,0.93182,1.10,1.00
2014.05.19 11:01:36.899,0.93171,0.93182,1.25,1.77
2014.05.19 11:01:37.864,0.93169,0.93182,4.99,2.52
2014.05.19 11:01:39.862,0.93169,0.93177,4.17,1.00
2014.05.19 11:01:40.890,0.93168,0.93177,2.07,1.00
2014.05.19 11:01:41.835,0.93168,0.93181,2.82,1.19
2014.05.19 11:01:42.936,0.93168,0.93177,2.07,1.00
2014.05.19 11:01:45.027,0.93168,0.9318,1.69,1.19
2014.05.19 11:01:45.139,0.93168,0.93177,1.25,1.00
2014.05.19 11:01:45.284,0.93168,0.9318,1.69,1.19
2014.05.19 11:01:51.907,0.93168,0.9318,1.50,1.19
2014.05.19 11:01:52.914,0.93168,0.93181,1.69,1.32
2014.05.19 11:01:54.020,0.93168,0.93181,1.69,1.32
2014.05.19 11:01:54.971,0.93168,0.93181,1.69,1.32
2014.05.19 11:01:55.931,0.93168,0.93181,1.69,1.32
2014.05.19 11:01:56.774,0.93168,0.93182,2.44,5.74
2014.05.19 11:01:56.824,0.93168,0.93177,2.44,1.10
2014.05.19 11:01:57.348,0.93168,0.93177,1.00,1.02
2014.05.19 11:01:58.506,0.93166,0.93177,2.07,1.77
2014.05.19 11:01:59.166,0.93168,0.93177,1.00,1.02
2014.05.19 11:02:00.266,0.93166,0.93177,2.82,1.58
2014.05.19 11:02:00.783,0.93168,0.93177,1.00,1.10
2014.05.19 11:02:01.367,0.93166,0.93177,2.82,1.58
2014.05.19 11:02:05.606,0.93165,0.93177,2.52,1.77
2014.05.19 11:02:07.084,0.93168,0.93177,1.00,1.02
2014.05.19 11:02:07.638,0.93165,0.93177,3.27,1.77
2014.05.19 11:02:13.604,0.93165,0.93177,3.64,1.58
2014.05.19 11:02:20.549,0.93165,0.93177,2.70,2.52
2014.05.19 11:02:21.559,0.93165,0.93177,2.89,2.52
2014.05.19 11:02:22.114,0.93168,0.93177,1.00,1.77
2014.05.19 11:02:22.971,0.93168,0.93177,1.00,1.02
2014.05.19 11:02:25.695,0.93168,0.9318,1.58,4.99
2014.05.19 11:02:25.746,0.93173,0.9318,1.00,2.52
2014.05.19 11:02:25.949,0.93173,0.93183,1.00,5.37
2014.05.19 11:02:28.488,0.93173,0.93182,1.00,1.02
2014.05.19 11:02:29.375,0.9317,0.93182,2.89,1.77
2014.05.19 11:02:29.527,0.9317,0.93181,1.32,1.02
2014.05.19 11:02:30.303,0.93169,0.9318,4.17,1.10
2014.05.19 11:02:30.862,0.93169,0.93181,4.99,1.02
2014.05.19 11:02:31.510,0.93169,0.93181,3.87,1.29
2014.05.19 11:02:32.518,0.93169,0.93181,4.62,1.02
2014.05.19 11:02:34.134,0.93169,0.93181,3.87,1.77
2014.05.19 11:02:34.684,0.93169,0.93178,3.04,1.10
2014.05.19 11:02:35.216,0.93169,0.93181,1.02,2.74
2014.05.19 11:02:37.042,0.93169,0.93181,1.02,1.99
2014.05.19 11:02:39.153,0.9317,0.93182,1.10,3.27
2014.05.19 11:02:40.092,0.9317,0.93182,1.77,1.77
2014.05.19 11:02:41.063,0.9317,0.93182,2.52,1.77
2014.05.19 11:02:45.084,0.9317,0.93182,1.77,1.77
2014.05.19 11:02:45.994,0.9317,0.93182,1.77,1.95
2014.05.19 11:02:46.324,0.93168,0.93177,1.00,1.10
2014.05.19 11:02:47.156,0.93168,0.93178,1.00,1.02
2014.05.19 11:02:49.104,0.93168,0.93178,1.00,1.77
2014.05.19 11:02:51.115,0.93168,0.93178,1.00,1.29
2014.05.19 11:02:53.360,0.93169,0.93179,1.10,1.19
2014.05.19 11:02:53.461,0.93169,0.93181,1.20,2.52
2014.05.19 11:02:54.350,0.93171,0.93181,1.10,1.19
2014.05.19 11:02:54.401,0.93171,0.93182,1.02,1.25
2014.05.19 11:02:59.244,0.93173,0.93183,1.00,1.62
2014.05.19 11:02:59.487,0.93171,0.93182,2.14,1.25
2014.05.19 11:03:00.666,0.93173,0.93183,1.00,1.62
2014.05.19 11:03:01.214,0.93171,0.93182,2.14,1.25
2014.05.19 11:03:02.919,0.93171,0.93182,1.20,1.19
2014.05.19 11:03:04.025,0.93171,0.93182,1.39,1.25
2014.05.19 11:03:08.146,0.93171,0.93182,1.39,1.25
2014.05.19 11:03:11.166,0.93171,0.93182,1.39,1.25
2014.05.19 11:03:14.885,0.93173,0.93183,1.00,1.62
2014.05.19 11:03:17.160,0.93173,0.93182,1.00,1.19
2014.05.19 11:03:17.261,0.93173,0.93183,1.00,2.37
2014.05.19 11:03:22.256,0.93171,0.93182,1.29,1.25
2014.05.19 11:03:23.264,0.93171,0.93182,1.10,1.32
2014.05.19 11:03:24.094,0.93173,0.93183,1.00,2.14
2014.05.19 11:03:24.643,0.9317,0.9318,1.00,1.02
2014.05.19 11:03:25.818,0.93169,0.93181,4.24,1.19
2014.05.19 11:03:26.834,0.93173,0.93182,1.00,2.52
2014.05.19 11:03:27.163,0.93169,0.93182,3.49,3.27
2014.05.19 11:03:27.836,0.93173,0.93182,1.00,2.52
2014.05.19 11:03:28.196,0.93173,0.93182,1.00,1.02
2014.05.19 11:03:28.703,0.93173,0.93181,1.00,1.10
2014.05.19 11:03:31.122,0.9317,0.93181,1.63,1.02
2014.05.19 11:03:31.740,0.9317,0.93181,1.13,1.77
2014.05.19 11:03:32.276,0.9317,0.93181,1.32,1.02
2014.05.19 11:03:36.295,0.9317,0.93181,1.32,1.10
2014.05.19 11:03:42.205,0.93169,0.9318,4.92,1.10
2014.05.19 11:03:43.228,0.93169,0.9318,4.17,1.02
2014.05.19 11:03:43.977,0.93172,0.93182,1.25,1.00
2014.05.19 11:03:44.282,0.93174,0.93184,1.10,1.19
2014.05.19 11:03:44.516,0.93173,0.93185,4.17,1.02
2014.05.19 11:03:44.616,0.93173,0.93185,4.05,2.52
2014.05.19 11:03:45.321,0.93171,0.93182,4.92,1.00
2014.05.19 11:03:45.827,0.93171,0.93182,1.32,1.25
2014.05.19 11:03:46.155,0.93173,0.93182,1.00,1.19
2014.05.19 11:03:46.307,0.9317,0.93182,2.29,1.32
2014.05.19 11:03:46.811,0.93171,0.93182,1.10,1.19
2014.05.19 11:03:47.393,0.93171,0.93182,1.02,1.25
2014.05.19 11:03:49.604,0.93173,0.93183,1.00,1.29
2014.05.19 11:03:49.715,0.93171,0.93182,1.02,1.25
2014.05.19 11:03:49.952,0.93173,0.93183,1.00,1.29
2014.05.19 11:03:50.483,0.93171,0.93182,1.29,1.00
2014.05.19 11:03:51.253,0.93171,0.93182,1.02,1.25
2014.05.19 11:03:53.092,0.9317,0.93179,2.07,1.10
2014.05.19 11:03:53.243,0.93169,0.93179,2.29,1.02
2014.05.19 11:03:53.930,0.93168,0.93178,4.17,1.10
2014.05.19 11:03:55.862,0.93168,0.93179,4.92,1.10
2014.05.19 11:03:56.876,0.93168,0.93179,4.17,1.10
2014.05.19 11:03:57.549,0.93168,0.93178,3.79,1.10
2014.05.19 11:03:57.866,0.93168,0.93178,3.04,1.10
2014.05.19 11:03:59.163,0.93169,0.93181,1.10,2.07
2014.05.19 11:03:59.265,0.93171,0.93181,1.10,1.19
2014.05.19 11:03:59.416,0.93173,0.93182,1.00,1.00
2014.05.19 11:03:59.923,0.93173,0.93184,1.58,1.32
2014.05.19 11:04:00.427,0.93171,0.93182,1.58,1.19
2014.05.19 11:04:02.289,0.93171,0.93182,1.25,1.77
2014.05.19 11:04:02.801,0.93173,0.93182,1.00,1.02
2014.05.19 11:04:03.164,0.93169,0.93182,5.74,1.77
2014.05.19 11:04:03.417,0.9317,0.9318,1.10,1.19
2014.05.19 11:04:03.518,0.93168,0.93179,1.25,1.02
2014.05.19 11:04:03.619,0.93167,0.93177,1.02,1.00
2014.05.19 11:04:04.261,0.93168,0.93177,1.00,1.10
2014.05.19 11:04:04.786,0.93168,0.93176,1.00,1.10
2014.05.19 11:04:05.243,0.93168,0.93178,1.00,1.77
2014.05.19 11:04:07.220,0.93168,0.93178,1.19,1.58
2014.05.19 11:04:08.728,0.93168,0.93178,1.00,1.77
2014.05.19 11:04:08.929,0.93168,0.93178,1.00,2.52
2014.05.19 11:04:10.365,0.93168,0.93179,2.70,1.50
2014.05.19 11:04:10.467,0.93169,0.93181,1.10,1.25
2014.05.19 11:04:11.343,0.93169,0.93181,1.77,1.25
2014.05.19 11:04:15.002,0.93173,0.93183,1.00,1.69
2014.05.19 11:04:15.513,0.93173,0.93183,1.00,1.19
2014.05.19 11:04:17.292,0.9317,0.93182,1.57,1.25
2014.05.19 11:04:17.812,0.9317,0.93182,2.14,1.19
2014.05.19 11:04:18.351,0.93171,0.93182,1.39,1.00
2014.05.19 11:04:18.872,0.9317,0.93182,1.39,1.19
2014.05.19 11:04:19.476,0.9317,0.93182,2.14,1.00
2014.05.19 11:04:20.395,0.9317,0.93182,1.57,1.00
2014.05.19 11:04:21.399,0.93169,0.93182,3.64,1.25
2014.05.19 11:04:24.562,0.93169,0.93178,2.82,1.10
2014.05.19 11:04:24.931,0.93166,0.93177,1.57,1.58
2014.05.19 11:04:26.973,0.93168,0.93178,1.25,1.00
2014.05.19 11:04:27.214,0.9317,0.93181,1.10,1.32
2014.05.19 11:04:27.267,0.9317,0.93182,1.02,4.32
2014.05.19 11:04:28.238,0.93168,0.93182,5.37,3.57
2014.05.19 11:04:28.852,0.9317,0.93182,1.10,3.57
2014.05.19 11:04:29.093,0.93173,0.93182,1.00,1.57
2014.05.19 11:04:29.732,0.93173,0.93182,1.00,1.57
2014.05.19 11:04:29.986,0.93174,0.93184,1.02,1.00
2014.05.19 11:04:30.591,0.93174,0.93186,1.02,1.39
2014.05.19 11:04:30.949,0.93174,0.93186,1.77,1.20
2014.05.19 11:04:32.054,0.93174,0.93186,1.02,1.39
2014.05.19 11:04:33.059,0.93174,0.93186,1.77,1.39
2014.05.19 11:04:33.791,0.93174,0.93186,1.77,1.39
2014.05.19 11:04:34.430,0.93174,0.93186,1.29,1.39
2014.05.19 11:04:35.486,0.93174,0.93186,1.77,1.39
2014.05.19 11:04:41.095,0.93174,0.93186,1.77,1.39
2014.05.19 11:04:43.106,0.93175,0.93186,1.19,1.20
2014.05.19 11:04:45.018,0.93178,0.93186,1.00,1.20
2014.05.19 11:04:47.623,0.93174,0.93186,1.77,1.39
2014.05.19 11:04:49.134,0.93174,0.93186,1.77,1.39
2014.05.19 11:04:51.144,0.93174,0.93186,1.77,1.39
2014.05.19 11:05:00.091,0.93178,0.93186,1.00,1.39
2014.05.19 11:05:00.596,0.93178,0.93186,1.00,1.39
2014.05.19 11:05:01.996,0.93178,0.93186,1.00,2.14
2014.05.19 11:05:02.909,0.93178,0.93188,1.00,2.14
2014.05.19 11:05:04.672,0.93176,0.93187,1.02,1.32
2014.05.19 11:05:07.228,0.93176,0.93187,1.29,1.32
2014.05.19 11:05:08.233,0.93176,0.93187,1.02,1.25
2014.05.19 11:05:09.954,0.93178,0.93188,1.00,2.14
2014.05.19 11:05:11.042,0.93178,0.93188,1.25,1.95
2014.05.19 11:05:14.157,0.93178,0.93188,1.00,2.14
2014.05.19 11:05:24.315,0.93178,0.93188,1.00,2.14
2014.05.19 11:05:29.400,0.93178,0.93186,1.00,1.10
2014.05.19 11:05:31.894,0.93175,0.93186,2.67,1.10
2014.05.19 11:05:33.103,0.93178,0.93186,1.00,1.10
2014.05.19 11:05:39.813,0.93175,0.93186,3.42,1.10
2014.05.19 11:05:43.431,0.93174,0.93186,2.89,1.02
2014.05.19 11:05:45.643,0.93174,0.93186,1.02,1.29
2014.05.19 11:05:47.160,0.93174,0.93186,1.29,1.29
2014.05.19 11:05:48.153,0.93174,0.93186,1.77,1.02
2014.05.19 11:05:49.159,0.93174,0.93186,1.02,1.29
2014.05.19 11:05:50.194,0.93174,0.93186,1.29,1.29
2014.05.19 11:05:51.167,0.93174,0.93186,1.29,1.02
2014.05.19 11:05:53.394,0.93174,0.93186,2.14,1.02
2014.05.19 11:05:53.747,0.93178,0.93187,1.10,1.88
2014.05.19 11:05:55.653,0.93178,0.93186,1.10,1.00
2014.05.19 11:05:55.703,0.93174,0.93185,2.93,1.57
2014.05.19 11:05:55.908,0.9317,0.93182,2.89,1.00
2014.05.19 11:05:56.602,0.93173,0.93184,1.00,2.07
2014.05.19 11:05:57.455,0.93174,0.93184,1.39,1.50
2014.05.19 11:05:57.758,0.93178,0.93186,1.00,1.19
2014.05.19 11:05:57.859,0.93178,0.93187,1.00,1.69
2014.05.19 11:05:58.356,0.93179,0.93189,1.10,1.25
2014.05.19 11:05:58.406,0.93183,0.93189,1.00,1.00
2014.05.19 11:05:58.911,0.93184,0.93191,1.10,1.32
2014.05.19 11:05:59.532,0.93183,0.93192,1.00,3.42
2014.05.19 11:05:59.892,0.93183,0.93192,1.00,3.42
2014.05.19 11:06:00.397,0.93183,0.93192,1.00,2.07
2014.05.19 11:06:00.920,0.93183,0.93191,1.00,3.42
2014.05.19 11:06:03.235,0.93181,0.93191,1.10,4.02
2014.05.19 11:06:03.286,0.93179,0.93188,1.02,1.38
2014.05.19 11:06:03.774,0.93183,0.93191,1.00,3.42
2014.05.19 11:06:12.644,0.93183,0.93191,1.00,3.42
2014.05.19 11:06:12.802,0.93178,0.93188,2.44,1.13
2014.05.19 11:06:13.752,0.93182,0.9319,1.10,3.42
2014.05.19 11:06:14.339,0.93182,0.93191,1.10,2.07
2014.05.19 11:06:14.950,0.93183,0.93191,1.00,2.07
2014.05.19 11:06:27.267,0.93183,0.93191,1.00,3.42
2014.05.19 11:06:34.234,0.93183,0.9319,1.00,1.32
2014.05.19 11:06:35.725,0.93183,0.93191,1.00,2.07
2014.05.19 11:06:38.139,0.93183,0.93192,1.00,4.17
2014.05.19 11:06:40.148,0.93183,0.93192,1.00,4.17
2014.05.19 11:06:43.120,0.93181,0.93191,1.10,1.32
2014.05.19 11:06:51.041,0.93183,0.93192,1.00,2.07
2014.05.19 11:06:56.150,0.93183,0.9319,1.00,1.19
2014.05.19 11:06:57.150,0.93183,0.93191,1.00,2.14
2014.05.19 11:06:58.737,0.93183,0.93191,1.00,2.14
2014.05.19 11:07:02.069,0.93179,0.93191,1.02,3.49
2014.05.19 11:07:03.367,0.93178,0.93189,1.58,1.19
2014.05.19 11:07:04.372,0.93178,0.9319,1.58,4.24
2014.05.19 11:07:07.386,0.93178,0.9319,1.77,4.24
2014.05.19 11:07:11.135,0.93178,0.93189,1.58,3.42
2014.05.19 11:07:12.110,0.93178,0.9319,1.77,4.99
2014.05.19 11:07:15.081,0.93178,0.93188,1.25,1.10
2014.05.19 11:07:24.139,0.93178,0.93188,1.00,1.29
2014.05.19 11:07:25.117,0.93178,0.93188,1.00,1.02
2014.05.19 11:07:26.300,0.93178,0.93185,1.00,1.80
2014.05.19 11:07:26.352,0.93176,0.93185,1.00,2.55
2014.05.19 11:07:26.563,0.93174,0.93183,1.00,3.49
2014.05.19 11:07:27.086,0.93173,0.93182,1.00,1.10
2014.05.19 11:07:28.341,0.93173,0.93181,1.00,1.10
2014.05.19 11:07:28.895,0.9317,0.93181,1.69,1.10
2014.05.19 11:07:28.996,0.9317,0.93177,1.69,1.00
2014.05.19 11:07:30.749,0.93169,0.93181,1.69,1.10
2014.05.19 11:07:31.618,0.93171,0.93182,1.02,3.42
2014.05.19 11:07:32.070,0.9317,0.93177,1.29,1.00
2014.05.19 11:07:33.171,0.93169,0.93177,1.19,1.00
2014.05.19 11:07:33.479,0.93169,0.93179,1.19,1.10
2014.05.19 11:07:37.119,0.93167,0.93177,2.14,1.00
2014.05.19 11:07:39.000,0.93167,0.93172,1.19,1.00
2014.05.19 11:07:39.766,0.93167,0.93177,1.19,1.00
2014.05.19 11:07:47.592,0.93167,0.93176,1.19,1.10
2014.05.19 11:07:47.693,0.93167,0.93172,1.19,1.00
2014.05.19 11:07:47.794,0.93164,0.93172,2.44,1.00
2014.05.19 11:07:47.895,0.93164,0.93176,3.27,1.10
2014.05.19 11:07:48.573,0.93165,0.93177,1.02,1.77
2014.05.19 11:07:49.081,0.93165,0.93177,1.77,1.77
2014.05.19 11:07:49.231,0.93165,0.93172,1.77,1.00
2014.05.19 11:07:52.083,0.93165,0.93177,1.02,2.52
2014.05.19 11:07:52.332,0.93164,0.93172,1.69,1.00
2014.05.19 11:07:52.534,0.9316,0.93172,2.89,1.58
2014.05.19 11:07:54.117,0.9316,0.9317,2.07,1.10
2014.05.19 11:07:56.219,0.9316,0.93172,1.29,2.14
2014.05.19 11:07:56.320,0.93159,0.9317,2.82,1.10
2014.05.19 11:08:00.090,0.93159,0.93169,2.07,1.10
2014.05.19 11:08:00.391,0.93159,0.93167,1.69,1.00
2014.05.19 11:08:00.969,0.93159,0.93167,1.19,1.00
2014.05.19 11:08:01.473,0.93158,0.93167,2.07,1.00
2014.05.19 11:08:02.349,0.93158,0.93167,2.07,1.00
2014.05.19 11:08:06.860,0.9316,0.93172,1.77,2.33
2014.05.19 11:08:07.368,0.9316,0.93171,1.69,1.10
2014.05.19 11:08:08.523,0.9316,0.93172,2.52,1.58
2014.05.19 11:08:09.137,0.9316,0.93171,1.69,1.10
2014.05.19 11:08:10.946,0.9316,0.93171,1.00,1.10
2014.05.19 11:08:11.048,0.93163,0.93174,1.00,2.33
2014.05.19 11:08:11.351,0.93166,0.93177,1.02,2.44
2014.05.19 11:08:12.380,0.93165,0.93177,2.14,3.08
2014.05.19 11:08:15.479,0.93166,0.93172,1.19,1.00
2014.05.19 11:08:15.650,0.93166,0.93177,1.19,1.58
2014.05.19 11:08:16.748,0.93166,0.93172,1.19,1.00
2014.05.19 11:08:18.396,0.93165,0.93172,1.29,1.00
2014.05.19 11:08:18.920,0.93163,0.93172,1.69,1.00
2014.05.19 11:08:21.411,0.93163,0.93172,1.77,1.00
2014.05.19 11:08:21.831,0.93161,0.93172,2.44,1.58
2014.05.19 11:08:23.157,0.93161,0.93171,1.19,1.10
2014.05.19 11:08:23.760,0.9316,0.93172,1.29,4.99
2014.05.19 11:08:25.200,0.93159,0.9317,1.19,1.10
2014.05.19 11:08:25.750,0.93159,0.93171,1.77,1.10
2014.05.19 11:08:25.851,0.93159,0.93167,1.77,1.00
2014.05.19 11:08:26.442,0.93159,0.93167,1.77,1.00
2014.05.19 11:08:26.620,0.93159,0.93171,1.77,1.02
2014.05.19 11:08:27.446,0.93159,0.93171,1.77,1.02
2014.05.19 11:08:27.547,0.93159,0.93169,1.19,1.10
2014.05.19 11:08:27.850,0.93159,0.93167,1.02,1.00
2014.05.19 11:08:29.298,0.93159,0.93167,1.29,1.00
2014.05.19 11:08:30.397,0.93159,0.93171,1.29,2.14
2014.05.19 11:08:30.502,0.93159,0.93167,1.29,1.00
2014.05.19 11:08:32.502,0.93157,0.93167,1.77,1.00
2014.05.19 11:08:32.560,0.93158,0.93169,1.19,1.10
2014.05.19 11:08:32.813,0.93157,0.93167,1.19,1.00
2014.05.19 11:08:33.369,0.93156,0.93167,1.19,1.58
2014.05.19 11:08:41.178,0.93156,0.93166,1.19,1.10
2014.05.19 11:08:41.731,0.93156,0.93167,1.19,1.95
2014.05.19 11:08:48.498,0.93156,0.93167,1.19,1.95
2014.05.19 11:08:49.093,0.93156,0.93166,1.19,1.10
2014.05.19 11:08:51.615,0.93156,0.93166,1.19,1.10
2014.05.19 11:08:52.550,0.93157,0.93166,1.19,1.10
2014.05.19 11:08:52.854,0.93159,0.93169,1.69,1.10
2014.05.19 11:08:53.172,0.93159,0.93167,1.69,1.10
2014.05.19 11:08:53.478,0.93159,0.93169,1.69,1.10
2014.05.19 11:08:55.375,0.9316,0.93168,1.19,1.10
2014.05.19 11:08:56.119,0.9316,0.93169,1.19,1.10
2014.05.19 11:08:56.220,0.9316,0.93167,1.19,1.00
2014.05.19 11:08:56.419,0.9316,0.93169,1.19,1.10
2014.05.19 11:08:58.435,0.9316,0.93172,2.14,1.77
2014.05.19 11:08:58.485,0.93161,0.93172,1.32,1.58
2014.05.19 11:08:59.404,0.93163,0.93172,1.00,2.52
2014.05.19 11:08:59.506,0.93159,0.9317,1.57,1.02
2014.05.19 11:09:00.119,0.93158,0.93169,4.92,1.10
2014.05.19 11:09:00.220,0.93158,0.93168,1.50,1.10
2014.05.19 11:09:00.321,0.93158,0.93163,1.50,1.10
2014.05.19 11:09:00.473,0.93155,0.93162,1.25,1.10
2014.05.19 11:09:00.998,0.93153,0.93162,1.19,1.10
2014.05.19 11:09:01.534,0.93155,0.93167,2.14,5.37
2014.05.19 11:09:01.585,0.93158,0.93167,1.00,4.62
2014.05.19 11:09:01.940,0.93158,0.93168,1.00,1.10
2014.05.19 11:09:01.991,0.93158,0.93168,1.69,1.10
2014.05.19 11:09:02.671,0.93158,0.93169,2.44,1.10
2014.05.19 11:09:06.936,0.9316,0.93171,1.02,1.32
2014.05.19 11:09:07.801,0.93158,0.9317,3.27,1.10
2014.05.19 11:09:07.917,0.9316,0.9317,1.19,1.10
2014.05.19 11:09:13.327,0.93163,0.9317,1.00,1.10
2014.05.19 11:09:14.026,0.93161,0.9317,1.19,1.10
2014.05.19 11:09:15.952,0.9316,0.9317,1.19,1.10
2014.05.19 11:09:21.097,0.9316,0.93169,1.19,1.10
2014.05.19 11:09:22.981,0.93159,0.93169,1.19,1.10
2014.05.19 11:09:23.605,0.93158,0.93169,1.69,1.02
2014.05.19 11:09:24.396,0.93159,0.93169,1.19,1.10
2014.05.19 11:09:25.216,0.93159,0.93168,1.19,1.10
2014.05.19 11:09:26.503,0.93159,0.9317,1.32,1.10
2014.05.19 11:09:26.857,0.93159,0.93168,1.32,1.10
2014.05.19 11:09:27.413,0.9316,0.93169,1.19,1.10
2014.05.19 11:09:29.655,0.93162,0.93169,1.19,1.10
2014.05.19 11:09:29.806,0.93162,0.93172,1.19,1.58
2014.05.19 11:09:30.159,0.93162,0.9317,1.19,1.10
2014.05.19 11:09:30.678,0.93163,0.9317,1.00,1.10
2014.05.19 11:09:31.251,0.93163,0.93168,1.00,1.10
2014.05.19 11:09:33.307,0.93161,0.93168,1.25,1.10
2014.05.19 11:09:34.357,0.93161,0.93168,1.19,1.10
2014.05.19 11:09:36.108,0.93163,0.9317,1.00,1.10
2014.05.19 11:09:36.420,0.93163,0.93172,1.25,1.10
2014.05.19 11:09:36.959,0.93163,0.93173,1.25,1.10
2014.05.19 11:09:37.790,0.93163,0.93174,1.69,1.10
2014.05.19 11:09:38.328,0.93163,0.93175,2.52,2.14
2014.05.19 11:09:38.831,0.93164,0.93174,1.69,1.10
2014.05.19 11:09:39.388,0.93164,0.93174,1.69,1.10
2014.05.19 11:09:40.147,0.93164,0.93175,1.69,1.10
2014.05.19 11:09:43.406,0.93164,0.93175,1.69,1.10
2014.05.19 11:09:43.997,0.93164,0.93174,1.69,1.10
2014.05.19 11:09:49.167,0.93164,0.93175,1.69,1.20
2014.05.19 11:09:54.503,0.93165,0.93175,1.19,1.20
2014.05.19 11:09:55.859,0.93165,0.93172,1.19,1.00
2014.05.19 11:09:55.910,0.93164,0.93172,1.25,1.58
2014.05.19 11:09:56.485,0.93161,0.93171,1.69,1.10
2014.05.19 11:09:57.016,0.93161,0.9317,1.19,1.10
2014.05.19 11:09:59.411,0.93163,0.93171,1.00,1.10
2014.05.19 11:10:01.047,0.93163,0.93172,1.00,1.02
2014.05.19 11:10:01.555,0.93163,0.93171,1.00,1.10
2014.05.19 11:10:02.350,0.93161,0.93171,1.19,1.10
2014.05.19 11:10:02.886,0.93163,0.9317,1.00,1.10
2014.05.19 11:10:03.056,0.93163,0.93172,1.00,1.10
2014.05.19 11:10:04.679,0.93164,0.93172,1.10,1.00
2014.05.19 11:10:05.214,0.93164,0.93176,2.52,1.39
2014.05.19 11:10:05.265,0.93166,0.93176,1.19,1.20
2014.05.19 11:10:09.765,0.93165,0.93174,1.19,1.10
2014.05.19 11:10:10.068,0.93162,0.93172,1.19,1.00
2014.05.19 11:10:10.588,0.93164,0.93172,2.52,1.00
2014.05.19 11:10:23.101,0.93165,0.93172,1.19,1.00
2014.05.19 11:10:27.123,0.93164,0.93172,1.19,1.00
2014.05.19 11:10:33.148,0.93164,0.93172,1.69,1.00
2014.05.19 11:10:34.155,0.93164,0.93172,1.69,1.00
2014.05.19 11:10:37.172,0.93164,0.93172,1.19,1.00
2014.05.19 11:10:37.329,0.93164,0.93174,1.19,1.10
2014.05.19 11:10:38.177,0.93163,0.93174,2.44,1.10
2014.05.19 11:10:39.313,0.93165,0.93174,1.19,1.10
2014.05.19 11:10:39.364,0.93165,0.93176,1.19,3.30
2014.05.19 11:10:39.929,0.93165,0.93175,1.19,1.10
2014.05.19 11:10:40.112,0.93165,0.93172,1.19,1.00
2014.05.19 11:10:40.163,0.93164,0.93172,1.69,1.00
2014.05.19 11:10:43.379,0.93163,0.93175,3.27,1.10
2014.05.19 11:10:46.661,0.93164,0.93176,2.14,1.02
2014.05.19 11:10:46.762,0.93166,0.93177,2.52,1.00
2014.05.19 11:10:47.337,0.93168,0.93178,1.00,1.39
2014.05.19 11:10:49.318,0.93166,0.93177,1.77,1.00
2014.05.19 11:10:50.175,0.93166,0.93177,1.29,1.00
2014.05.19 11:10:50.492,0.93163,0.93171,3.04,1.10
2014.05.19 11:10:50.593,0.93161,0.93171,4.39,1.10
2014.05.19 11:10:51.095,0.9316,0.9317,1.69,1.10
2014.05.19 11:10:51.603,0.93159,0.9317,1.19,1.10
2014.05.19 11:10:51.807,0.9316,0.9317,1.19,1.10
2014.05.19 11:10:51.908,0.93163,0.93173,1.00,3.04
2014.05.19 11:10:52.413,0.93164,0.93173,1.13,1.02
2014.05.19 11:10:52.514,0.93165,0.93176,1.32,1.10
2014.05.19 11:10:53.046,0.93165,0.93175,1.57,1.10
2014.05.19 11:10:55.439,0.93164,0.93175,1.32,1.10
2014.05.19 11:10:56.047,0.93164,0.93174,1.32,1.10
2014.05.19 11:10:56.818,0.93164,0.93174,1.13,1.02
2014.05.19 11:10:58.405,0.93164,0.93172,1.25,1.10
2014.05.19 11:10:58.606,0.93161,0.93172,2.07,1.58
2014.05.19 11:10:58.657,0.93161,0.9317,2.07,1.10
2014.05.19 11:10:59.524,0.93161,0.93171,1.32,1.10
2014.05.19 11:10:59.849,0.93162,0.93171,1.19,1.10
2014.05.19 11:10:59.950,0.93163,0.93174,1.19,1.20
2014.05.19 11:11:00.304,0.93163,0.93172,3.04,1.10
2014.05.19 11:11:00.405,0.93163,0.93174,1.19,1.10
2014.05.19 11:11:01.003,0.93164,0.93174,1.19,1.10
2014.05.19 11:11:01.731,0.93163,0.93174,2.44,1.10
2014.05.19 11:11:02.285,0.93163,0.93173,1.69,1.10
2014.05.19 11:11:02.836,0.93163,0.93173,1.25,1.10
2014.05.19 11:11:03.744,0.93163,0.93173,1.19,1.10
2014.05.19 11:11:05.438,0.93164,0.93175,1.32,1.29
2014.05.19 11:11:05.690,0.93165,0.93175,2.07,1.10
2014.05.19 11:11:05.791,0.93165,0.93177,2.89,1.58
2014.05.19 11:11:05.842,0.93168,0.93177,1.00,1.10
2014.05.19 11:11:06.380,0.93168,0.93177,1.19,1.10
2014.05.19 11:11:08.262,0.93168,0.93175,1.19,1.00
2014.05.19 11:11:08.874,0.93168,0.93175,1.25,1.00
2014.05.19 11:11:12.318,0.93167,0.93175,1.19,1.00
2014.05.19 11:11:23.544,0.93168,0.93175,1.77,1.00
2014.05.19 11:11:25.858,0.93168,0.93175,1.77,1.00
2014.05.19 11:11:29.331,0.93168,0.93175,1.77,1.00
2014.05.19 11:11:31.695,0.93167,0.93177,1.19,2.33
2014.05.19 11:11:31.951,0.93165,0.93172,1.77,1.00
2014.05.19 11:11:32.607,0.93165,0.93174,1.77,1.00
2014.05.19 11:11:32.893,0.93163,0.93174,1.77,1.50
2014.05.19 11:11:33.044,0.93163,0.93172,1.00,1.00
2014.05.19 11:11:33.196,0.93159,0.9317,1.29,2.29
2014.05.19 11:11:33.297,0.93159,0.9317,1.10,4.92
2014.05.19 11:11:33.692,0.93157,0.93167,1.02,1.50
2014.05.19 11:11:34.404,0.93155,0.93167,1.77,4.62
2014.05.19 11:11:34.657,0.93155,0.93162,1.77,1.00
2014.05.19 11:11:34.857,0.93155,0.93167,1.77,4.62
2014.05.19 11:11:35.372,0.93155,0.93166,1.25,1.02
2014.05.19 11:11:37.259,0.93154,0.93164,1.19,1.10
2014.05.19 11:11:37.460,0.9315,0.9316,1.25,1.00
2014.05.19 11:11:37.612,0.93146,0.93157,1.69,1.00
2014.05.19 11:11:37.713,0.93146,0.93157,1.58,1.00
2014.05.19 11:11:40.552,0.93146,0.93157,1.29,1.69
2014.05.19 11:11:41.557,0.93146,0.93157,1.02,1.69
2014.05.19 11:11:41.808,0.93146,0.93154,1.10,1.00
2014.05.19 11:11:41.909,0.93143,0.93152,1.25,1.58
2014.05.19 11:11:42.010,0.93141,0.9315,2.29,1.10
2014.05.19 11:11:42.313,0.93139,0.93149,2.10,1.02
2014.05.19 11:11:42.864,0.93138,0.93149,1.25,1.02
2014.05.19 11:11:43.227,0.9314,0.9315,1.10,1.69
2014.05.19 11:11:45.235,0.9314,0.9315,1.10,1.25
2014.05.19 11:11:46.387,0.93141,0.9315,1.10,1.00
2014.05.19 11:11:46.749,0.93143,0.9315,1.10,1.00
2014.05.19 11:11:46.906,0.93143,0.93152,1.10,1.50
2014.05.19 11:11:47.406,0.93141,0.93152,1.10,4.54
2014.05.19 11:11:47.558,0.93141,0.93149,1.10,1.00
2014.05.19 11:11:47.906,0.9314,0.93147,1.10,1.69
2014.05.19 11:11:48.958,0.93141,0.93147,1.10,1.00
2014.05.19 11:11:49.160,0.93138,0.93147,1.00,1.50
2014.05.19 11:11:49.476,0.9314,0.93147,1.10,1.50
2014.05.19 11:11:50.053,0.9314,0.93147,1.10,1.69
2014.05.19 11:11:51.158,0.93141,0.93147,1.10,1.00
2014.05.19 11:11:51.920,0.9314,0.93147,1.10,1.00
2014.05.19 11:11:52.574,0.93141,0.93147,1.10,1.00
2014.05.19 11:11:52.726,0.9314,0.93149,1.10,1.00
2014.05.19 11:11:52.877,0.9314,0.93147,1.10,1.00
2014.05.19 11:11:55.088,0.93138,0.93147,1.10,1.25
2014.05.19 11:11:57.318,0.93139,0.93149,1.10,1.69
2014.05.19 11:11:57.369,0.93139,0.93149,1.20,1.25
2014.05.19 11:11:57.955,0.93138,0.93149,1.77,1.25
2014.05.19 11:11:58.608,0.93138,0.93149,1.77,1.00
2014.05.19 11:12:00.422,0.93138,0.9315,2.52,1.77
2014.05.19 11:12:01.377,0.93138,0.9315,2.52,1.77
2014.05.19 11:12:02.441,0.93138,0.9315,3.64,1.77
2014.05.19 11:12:03.436,0.93138,0.9315,2.89,1.10
2014.05.19 11:12:04.789,0.93139,0.93151,1.29,1.77
2014.05.19 11:12:05.150,0.93139,0.9315,1.10,1.19
2014.05.19 11:12:05.461,0.93143,0.9315,1.00,1.19
2014.05.19 11:12:05.518,0.93139,0.9315,1.10,1.19
2014.05.19 11:12:08.128,0.93139,0.93151,1.02,1.77
2014.05.19 11:12:08.402,0.93142,0.93151,1.10,1.19
2014.05.19 11:12:08.554,0.93142,0.93152,1.10,1.69
2014.05.19 11:12:09.146,0.93142,0.93152,1.29,1.00
2014.05.19 11:12:10.596,0.93142,0.93152,1.02,1.00
2014.05.19 11:12:13.137,0.93143,0.93154,1.00,2.52
2014.05.19 11:12:13.360,0.93143,0.93153,1.00,1.19
2014.05.19 11:12:13.662,0.93139,0.93151,2.52,1.77
2014.05.19 11:12:14.567,0.93139,0.93151,1.58,2.52
2014.05.19 11:12:15.342,0.9314,0.93151,1.10,1.69
2014.05.19 11:12:16.599,0.9314,0.93151,3.72,1.00
2014.05.19 11:12:16.651,0.93143,0.93151,1.58,1.00
2014.05.19 11:12:16.701,0.93143,0.93154,1.58,1.25
2014.05.19 11:12:18.582,0.93143,0.93154,1.19,1.58
2014.05.19 11:12:19.620,0.93143,0.93154,1.32,2.52
2014.05.19 11:12:22.127,0.93144,0.93154,1.10,1.25
2014.05.19 11:12:22.672,0.93143,0.93154,2.07,1.58
2014.05.19 11:12:22.774,0.93143,0.93154,1.32,1.77
2014.05.19 11:12:23.283,0.93144,0.93154,1.10,1.25
2014.05.19 11:12:24.392,0.93144,0.93154,1.77,1.00
2014.05.19 11:12:25.354,0.93144,0.93154,1.29,1.00
2014.05.19 11:12:27.188,0.93144,0.93154,1.10,1.00
2014.05.19 11:12:27.518,0.9314,0.93151,4.39,1.10
2014.05.19 11:12:28.830,0.9314,0.93149,3.64,1.00
2014.05.19 11:12:30.137,0.93143,0.93149,1.00,1.00
2014.05.19 11:12:30.390,0.93143,0.93151,1.25,1.00
2014.05.19 11:12:31.159,0.93143,0.93151,1.69,1.00
2014.05.19 11:12:31.260,0.93143,0.93154,1.69,1.58
2014.05.19 11:12:32.002,0.93143,0.93154,1.25,1.77
2014.05.19 11:12:35.812,0.93144,0.93154,1.00,1.77
2014.05.19 11:12:36.164,0.93144,0.93154,2.52,1.00
2014.05.19 11:12:36.296,0.93144,0.93156,2.52,1.58
2014.05.19 11:12:37.560,0.93144,0.93156,2.52,1.77
2014.05.19 11:12:38.058,0.93144,0.93152,1.00,1.00
2014.05.19 11:12:38.601,0.93143,0.93152,1.32,1.00
2014.05.19 11:12:39.580,0.93143,0.93154,1.88,1.29
2014.05.19 11:12:40.121,0.93144,0.93154,1.35,1.02
2014.05.19 11:12:40.653,0.93143,0.93154,3.42,1.02
2014.05.19 11:12:41.212,0.93143,0.93154,1.00,2.52
2014.05.19 11:12:44.217,0.93143,0.93154,1.77,1.50
2014.05.19 11:12:44.755,0.93143,0.93153,1.00,1.77
2014.05.19 11:12:44.805,0.93143,0.93151,1.00,1.00
2014.05.19 11:12:48.506,0.93143,0.93154,1.77,1.00
2014.05.19 11:12:48.658,0.93143,0.93151,1.00,1.00
2014.05.19 11:12:49.359,0.93143,0.9315,1.00,1.00
2014.05.19 11:12:49.937,0.93143,0.93151,1.00,2.52
2014.05.19 11:12:50.783,0.93143,0.93151,1.00,2.52
2014.05.19 11:12:54.643,0.93143,0.93151,1.00,1.77
2014.05.19 11:12:58.003,0.93143,0.93153,1.77,1.00
2014.05.19 11:12:58.704,0.93143,0.93153,1.00,2.44
2014.05.19 11:13:01.984,0.93143,0.93153,1.00,2.44
2014.05.19 11:13:04.215,0.93143,0.93153,1.58,1.25
2014.05.19 11:13:04.477,0.93146,0.93153,1.10,1.00
2014.05.19 11:13:04.629,0.93148,0.93156,1.00,2.07
2014.05.19 11:13:06.454,0.93146,0.93156,1.10,1.25
2014.05.19 11:13:12.725,0.93148,0.93156,1.00,1.00
2014.05.19 11:13:13.515,0.93148,0.93157,1.00,1.69
2014.05.19 11:13:16.663,0.93148,0.93157,1.00,1.69
2014.05.19 11:13:17.708,0.93148,0.93157,1.00,1.69
2014.05.19 11:13:18.618,0.93152,0.93157,1.00,1.69
2014.05.19 11:13:19.296,0.93148,0.93157,1.00,1.69
2014.05.19 11:13:27.666,0.93148,0.93156,1.00,2.14
2014.05.19 11:13:27.767,0.93143,0.93154,1.77,1.25
2014.05.19 11:13:28.167,0.93143,0.93154,1.00,5.37
2014.05.19 11:13:36.673,0.93143,0.93153,1.58,1.69
2014.05.19 11:13:39.213,0.93145,0.93153,1.10,1.25
2014.05.19 11:13:39.536,0.93148,0.93154,1.00,1.69
2014.05.19 11:13:40.429,0.93143,0.93153,1.58,2.29
2014.05.19 11:13:41.700,0.93143,0.93153,1.58,2.29
2014.05.19 11:13:43.711,0.93143,0.93153,1.58,2.29
2014.05.19 11:13:44.423,0.93148,0.93155,1.00,2.52
2014.05.19 11:13:44.945,0.93148,0.93155,1.00,2.44
2014.05.19 11:13:45.512,0.93143,0.93154,2.14,2.29
2014.05.19 11:13:46.062,0.93143,0.93154,1.58,2.29
2014.05.19 11:13:47.144,0.93143,0.93154,1.58,2.29
2014.05.19 11:13:47.295,0.93143,0.93152,1.58,1.00
2014.05.19 11:13:54.853,0.93143,0.93153,1.58,3.04
2014.05.19 11:13:57.773,0.93143,0.93153,1.58,3.04
2014.05.19 11:13:58.776,0.93143,0.93153,1.58,3.04
2014.05.19 11:14:02.809,0.93143,0.93151,1.58,1.00
2014.05.19 11:14:02.961,0.93139,0.9315,1.77,1.00
2014.05.19 11:14:03.112,0.93142,0.9315,1.10,1.00
2014.05.19 11:14:03.801,0.93143,0.9315,1.00,1.00
2014.05.19 11:14:04.682,0.93143,0.93152,1.00,1.19
2014.05.19 11:14:05.188,0.93143,0.93152,1.00,1.25
2014.05.19 11:14:06.627,0.93145,0.93152,1.10,1.00
2014.05.19 11:14:06.779,0.93143,0.93155,2.89,1.00
2014.05.19 11:14:06.830,0.93143,0.93155,1.95,1.69
2014.05.19 11:14:07.334,0.93143,0.93152,1.00,1.00
2014.05.19 11:14:08.264,0.93142,0.93152,1.02,1.50
2014.05.19 11:14:09.035,0.93142,0.93152,1.10,2.44
2014.05.19 11:14:10.041,0.93142,0.93152,1.10,1.69
2014.05.19 11:14:12.052,0.93142,0.93152,1.10,1.69
2014.05.19 11:14:14.314,0.93139,0.93151,2.89,1.10
2014.05.19 11:14:14.466,0.93135,0.93147,2.33,1.95
2014.05.19 11:14:14.617,0.93134,0.93144,1.10,1.19
2014.05.19 11:14:15.151,0.93135,0.93144,1.10,1.19
2014.05.19 11:14:15.462,0.93138,0.93144,1.00,1.19
2014.05.19 11:14:16.783,0.93138,0.93145,1.00,1.19
2014.05.19 11:14:20.744,0.93134,0.93146,1.39,5.37
2014.05.19 11:14:21.624,0.93134,0.93146,1.10,5.37
2014.05.19 11:14:21.726,0.93133,0.93142,1.13,1.58
2014.05.19 11:14:21.928,0.93134,0.93144,1.10,1.00
2014.05.19 11:14:22.517,0.93133,0.93144,1.13,1.00
2014.05.19 11:14:23.935,0.93131,0.93142,1.57,1.00
2014.05.19 11:14:24.632,0.93131,0.93142,1.57,1.00
2014.05.19 11:14:25.405,0.93133,0.93143,1.00,1.77
2014.05.19 11:14:26.163,0.9313,0.93142,2.14,1.25
2014.05.19 11:14:26.672,0.9313,0.93142,2.14,1.77
2014.05.19 11:14:27.293,0.9313,0.93141,2.14,1.00
2014.05.19 11:14:27.894,0.93133,0.93141,1.00,1.00
2014.05.19 11:14:29.702,0.93133,0.93141,1.00,3.79
2014.05.19 11:14:29.954,0.93129,0.93139,1.02,2.10
2014.05.19 11:14:31.375,0.93128,0.93139,1.32,2.29
2014.05.19 11:14:31.879,0.93128,0.93138,1.58,1.69
2014.05.19 11:14:34.922,0.93128,0.93137,1.58,2.10
2014.05.19 11:14:35.023,0.93128,0.93135,1.58,2.29
2014.05.19 11:14:35.275,0.93125,0.93135,1.10,2.29
2014.05.19 11:14:35.580,0.93128,0.93134,1.00,1.00
2014.05.19 11:14:37.139,0.93128,0.93133,1.00,2.10
2014.05.19 11:14:38.083,0.93128,0.93134,1.00,1.25
2014.05.19 11:14:39.604,0.93128,0.93133,1.00,2.10
2014.05.19 11:14:40.339,0.93128,0.93134,1.00,3.04
2014.05.19 11:14:40.742,0.93128,0.93136,1.95,1.00
2014.05.19 11:14:41.283,0.93128,0.93138,1.95,1.19
2014.05.19 11:14:41.876,0.93128,0.93138,2.14,1.00
2014.05.19 11:14:48.294,0.93128,0.93136,1.13,1.00
2014.05.19 11:14:48.830,0.93128,0.93136,1.00,1.69
2014.05.19 11:14:52.295,0.93128,0.93135,1.00,3.04
2014.05.19 11:14:53.298,0.93128,0.93135,1.00,3.04
2014.05.19 11:14:53.826,0.93128,0.93136,1.00,1.25
2014.05.19 11:14:54.687,0.93128,0.93135,1.00,1.00
2014.05.19 11:14:55.228,0.93128,0.93134,1.00,1.25
2014.05.19 11:14:56.782,0.93123,0.93134,1.77,1.25
2014.05.19 11:14:57.112,0.93128,0.93134,1.00,1.25
2014.05.19 11:14:58.122,0.93128,0.93134,1.00,1.19
2014.05.19 11:14:58.231,0.93123,0.93134,1.58,1.19
2014.05.19 11:14:58.747,0.93123,0.93134,1.95,1.19
2014.05.19 11:14:58.901,0.93128,0.93134,1.00,1.00
2014.05.19 11:14:59.415,0.93128,0.93135,1.00,2.29
2014.05.19 11:14:59.927,0.93128,0.93134,1.00,2.29
2014.05.19 11:15:00.196,0.93124,0.93134,1.10,3.04
2014.05.19 11:15:00.852,0.93123,0.93134,1.95,3.04
2014.05.19 11:15:01.391,0.93123,0.93132,1.95,1.19
2014.05.19 11:15:01.492,0.93123,0.93128,1.00,1.10
2014.05.19 11:15:01.822,0.93113,0.93122,1.30,1.19
2014.05.19 11:15:01.873,0.93118,0.93123,1.00,2.29
2014.05.19 11:15:01.974,0.93118,0.93127,1.00,1.69
2014.05.19 11:15:02.126,0.93118,0.93124,1.00,1.10
2014.05.19 11:15:03.254,0.93114,0.93124,1.00,1.10
2014.05.19 11:15:03.773,0.93114,0.93124,1.19,1.10
2014.05.19 11:15:03.925,0.93113,0.93123,2.63,1.02
2014.05.19 11:15:03.976,0.93113,0.93121,2.25,1.10
2014.05.19 11:15:04.379,0.93109,0.93122,2.14,2.52
2014.05.19 11:15:04.430,0.93108,0.93117,4.32,1.10
2014.05.19 11:15:04.531,0.93108,0.93117,2.82,1.10
2014.05.19 11:15:05.237,0.93113,0.93117,1.00,1.10
2014.05.19 11:15:05.338,0.93113,0.93119,1.00,1.02
2014.05.19 11:15:05.439,0.93108,0.93119,2.07,1.02
2014.05.19 11:15:05.961,0.93109,0.9312,1.10,1.19
2014.05.19 11:15:06.479,0.93109,0.9312,1.10,1.19
2014.05.19 11:15:06.556,0.93113,0.9312,1.00,1.19
2014.05.19 11:15:09.524,0.93113,0.93122,1.00,1.69
2014.05.19 11:15:11.508,0.93113,0.9312,1.00,1.19
2014.05.19 11:15:13.181,0.93109,0.9312,1.10,1.69
2014.05.19 11:15:13.635,0.93108,0.93117,1.00,1.19
2014.05.19 11:15:14.256,0.93113,0.93118,1.00,1.50
2014.05.19 11:15:14.583,0.93108,0.93118,1.00,1.69
2014.05.19 11:15:20.956,0.93108,0.93117,1.00,1.77
2014.05.19 11:15:21.953,0.93105,0.93117,1.80,2.52
2014.05.19 11:15:22.871,0.93108,0.93116,1.00,1.19
2014.05.19 11:15:23.574,0.93108,0.93116,1.00,1.19
2014.05.19 11:15:26.618,0.93108,0.93117,1.00,1.77
2014.05.19 11:15:29.880,0.93108,0.93117,2.85,1.19
2014.05.19 11:15:29.931,0.9311,0.93119,2.70,1.77
2014.05.19 11:15:30.032,0.93113,0.93119,1.00,1.00
2014.05.19 11:15:30.184,0.93114,0.93123,1.10,1.19
2014.05.19 11:15:31.302,0.93114,0.93123,1.48,1.19
2014.05.19 11:15:31.404,0.93119,0.93123,1.10,1.00
2014.05.19 11:15:31.454,0.93119,0.93125,1.10,1.00
2014.05.19 11:15:31.505,0.93119,0.93127,1.10,1.00
2014.05.19 11:15:31.779,0.93115,0.93127,1.29,1.32
2014.05.19 11:15:31.829,0.93114,0.93125,1.02,1.25
2014.05.19 11:15:32.183,0.93114,0.93123,1.02,1.00
2014.05.19 11:15:32.695,0.93113,0.93123,2.18,1.25
2014.05.19 11:15:33.372,0.93113,0.93123,2.18,1.19
2014.05.19 11:15:39.776,0.93114,0.93122,1.58,1.25
2014.05.19 11:15:39.978,0.93114,0.93126,2.14,2.52
2014.05.19 11:15:40.331,0.93117,0.93126,1.10,1.69
2014.05.19 11:15:40.785,0.93115,0.93126,1.10,1.19
2014.05.19 11:15:41.305,0.93115,0.93125,1.10,1.19
2014.05.19 11:15:42.010,0.93115,0.93126,1.10,3.04
2014.05.19 11:15:42.060,0.93117,0.93126,1.10,1.19
2014.05.19 11:15:42.419,0.93119,0.93128,1.10,1.19
2014.05.19 11:15:42.471,0.93118,0.93129,1.00,2.89
2014.05.19 11:15:43.394,0.93122,0.9313,1.10,1.19
2014.05.19 11:15:43.915,0.93122,0.93131,1.10,1.19
2014.05.19 11:15:44.435,0.9312,0.93131,1.95,1.19
2014.05.19 11:15:44.962,0.9312,0.93132,2.14,1.69
2014.05.19 11:15:47.513,0.9312,0.93132,2.14,1.69
2014.05.19 11:15:48.091,0.93119,0.93132,1.29,2.82
2014.05.19 11:15:48.632,0.93119,0.93131,1.02,1.19
2014.05.19 11:15:49.214,0.9312,0.93131,1.10,1.19
2014.05.19 11:15:50.315,0.9312,0.93132,2.14,1.50
2014.05.19 11:15:51.097,0.93124,0.93132,1.10,1.00
2014.05.19 11:15:51.198,0.93122,0.93132,1.39,1.00
2014.05.19 11:15:54.903,0.93123,0.93134,1.13,3.27
2014.05.19 11:15:54.954,0.93126,0.93134,1.10,1.69
2014.05.19 11:15:55.257,0.93124,0.93132,1.10,1.00
2014.05.19 11:15:55.410,0.93122,0.93132,1.02,1.00
2014.05.19 11:15:59.561,0.93122,0.93132,1.10,1.19
2014.05.19 11:16:00.892,0.93124,0.93132,1.10,1.19
2014.05.19 11:16:01.144,0.93125,0.93135,1.10,1.19
2014.05.19 11:16:01.722,0.93126,0.93135,1.10,1.19
2014.05.19 11:16:02.479,0.93126,0.93135,1.10,1.19
2014.05.19 11:16:02.685,0.93126,0.93136,1.10,1.19
2014.05.19 11:16:03.199,0.93126,0.93137,1.10,1.19
2014.05.19 11:16:04.429,0.93127,0.93137,1.77,1.00
2014.05.19 11:16:04.480,0.93128,0.93139,1.00,1.02
2014.05.19 11:16:04.631,0.9313,0.93139,1.00,1.10
2014.05.19 11:16:05.163,0.9313,0.93141,2.10,1.29
2014.05.19 11:16:06.502,0.9313,0.93139,2.29,1.10
2014.05.19 11:16:06.905,0.9313,0.93137,2.10,1.00
2014.05.19 11:16:09.074,0.9313,0.9314,2.10,1.02
2014.05.19 11:16:09.405,0.9313,0.93137,2.10,1.00
2014.05.19 11:16:09.673,0.9313,0.9314,4.17,1.10
2014.05.19 11:16:09.726,0.93133,0.93142,1.19,1.58
2014.05.19 11:16:10.232,0.93135,0.93142,2.85,1.00
2014.05.19 11:16:12.738,0.93135,0.93142,2.29,1.00
2014.05.19 11:16:13.906,0.93135,0.93141,3.04,1.00
2014.05.19 11:16:14.058,0.93132,0.93138,2.29,1.00
2014.05.19 11:16:14.610,0.9313,0.93138,2.14,1.00
2014.05.19 11:16:15.172,0.9313,0.93135,1.77,1.00
2014.05.19 11:16:15.475,0.93127,0.93137,4.24,1.00
2014.05.19 11:16:15.626,0.93127,0.93133,1.19,1.00
2014.05.19 11:16:15.878,0.93128,0.93135,1.02,1.00
2014.05.19 11:16:19.813,0.93126,0.93135,3.87,1.00
2014.05.19 11:16:20.377,0.93126,0.93135,3.12,1.00
2014.05.19 11:16:22.385,0.93126,0.93132,3.12,1.00
2014.05.19 11:16:24.472,0.93124,0.93132,2.67,1.00
2014.05.19 11:16:24.825,0.93123,0.9313,1.77,1.00
2014.05.19 11:16:24.981,0.93124,0.93132,1.02,1.00
2014.05.19 11:16:25.575,0.93125,0.93135,2.93,1.25
2014.05.19 11:16:25.685,0.93125,0.93132,3.12,1.00
2014.05.19 11:16:26.623,0.93125,0.93132,3.12,1.00
2014.05.19 11:16:32.063,0.93126,0.93132,2.67,1.00
2014.05.19 11:16:32.215,0.93129,0.93137,1.19,1.00
2014.05.19 11:16:33.428,0.93129,0.93137,1.00,1.00
2014.05.19 11:16:35.285,0.93129,0.93137,1.19,1.00
2014.05.19 11:16:36.321,0.93128,0.93137,4.62,1.00
2014.05.19 11:16:36.812,0.93128,0.93133,2.85,1.00
2014.05.19 11:16:36.964,0.93126,0.93132,2.10,1.00
2014.05.19 11:16:37.018,0.93123,0.93132,1.25,1.00
2014.05.19 11:16:37.170,0.93123,0.93134,1.32,1.10
2014.05.19 11:16:37.220,0.93125,0.93136,1.02,1.00
2014.05.19 11:16:37.787,0.93124,0.93135,2.29,1.02
2014.05.19 11:16:38.102,0.93124,0.93137,4.24,2.44
2014.05.19 11:16:38.926,0.93124,0.93137,4.24,2.44
2014.05.19 11:16:40.182,0.93127,0.93137,1.10,1.25
2014.05.19 11:16:40.861,0.93127,0.93137,1.29,1.00
2014.05.19 11:16:41.615,0.93127,0.93137,1.10,1.69
2014.05.19 11:16:41.818,0.93121,0.93132,4.28,1.25
2014.05.19 11:16:41.868,0.93123,0.93133,1.50,3.27
2014.05.19 11:16:42.071,0.93125,0.93135,1.00,1.13
2014.05.19 11:16:42.122,0.93125,0.93132,1.25,1.00
2014.05.19 11:16:42.427,0.93127,0.93132,1.10,1.00
2014.05.19 11:16:42.856,0.93127,0.93137,1.10,1.25
2014.05.19 11:16:43.883,0.93127,0.93137,1.77,1.00
2014.05.19 11:16:44.831,0.93127,0.93137,1.77,1.00
2014.05.19 11:16:45.935,0.93127,0.93137,1.77,1.00
2014.05.19 11:16:47.843,0.93128,0.93137,1.19,1.00
2014.05.19 11:16:48.866,0.93129,0.93137,1.69,1.00
2014.05.19 11:16:49.118,0.93129,0.9314,1.69,1.00
2014.05.19 11:16:49.849,0.93131,0.93142,1.02,1.69
2014.05.19 11:16:50.863,0.9313,0.93142,4.99,1.69
2014.05.19 11:16:51.072,0.9313,0.93137,4.24,1.00
2014.05.19 11:16:52.105,0.93128,0.93137,3.42,1.00
2014.05.19 11:16:52.616,0.93126,0.93137,2.14,1.00
2014.05.19 11:16:53.781,0.93128,0.93137,1.19,1.00
2014.05.19 11:16:54.352,0.9313,0.93137,1.10,1.00
2014.05.19 11:16:55.234,0.9313,0.93141,1.10,1.19
2014.05.19 11:16:55.912,0.9313,0.93141,1.29,1.25
2014.05.19 11:16:56.795,0.9313,0.93141,1.02,1.25
2014.05.19 11:16:59.811,0.9313,0.93141,1.02,1.19
2014.05.19 11:17:00.837,0.9313,0.93141,1.39,1.25
2014.05.19 11:17:01.823,0.9313,0.93141,1.39,1.00
2014.05.19 11:17:02.832,0.9313,0.93141,2.14,1.00
2014.05.19 11:17:04.838,0.9313,0.93141,1.39,1.00
2014.05.19 11:17:06.950,0.9313,0.93141,1.20,1.19
2014.05.19 11:17:07.484,0.93129,0.93141,1.29,3.27
2014.05.19 11:17:08.010,0.9313,0.9314,1.02,1.00
2014.05.19 11:17:09.027,0.9313,0.9314,1.10,1.19
2014.05.19 11:17:09.542,0.93129,0.9314,1.02,1.25
2014.05.19 11:17:10.865,0.9313,0.93141,1.10,2.44
2014.05.19 11:17:13.016,0.9313,0.93141,1.02,1.69
2014.05.19 11:17:15.299,0.9313,0.93141,1.10,2.44
2014.05.19 11:17:16.403,0.9313,0.9314,1.10,1.19
2014.05.19 11:17:16.504,0.9313,0.93137,1.10,1.00
2014.05.19 11:17:16.922,0.93128,0.93137,1.02,1.00
2014.05.19 11:17:17.131,0.9313,0.93137,1.10,1.00
2014.05.19 11:17:19.355,0.9313,0.9314,1.10,1.19
2014.05.19 11:17:19.463,0.9313,0.93137,1.10,1.00
2014.05.19 11:17:20.434,0.93127,0.93137,1.02,1.00
2014.05.19 11:17:20.536,0.93127,0.93137,1.10,2.44
2014.05.19 11:17:20.789,0.93123,0.93134,1.58,1.19
2014.05.19 11:17:21.331,0.93124,0.93135,1.10,1.19
2014.05.19 11:17:21.918,0.93124,0.93136,1.10,1.69
2014.05.19 11:17:24.413,0.93125,0.93135,1.10,1.19
2014.05.19 11:17:24.514,0.93125,0.93136,2.14,1.00
2014.05.19 11:17:24.665,0.93129,0.93137,1.10,1.69
2014.05.19 11:17:25.265,0.93126,0.93137,1.32,1.58
2014.05.19 11:17:25.858,0.93126,0.93137,1.32,1.58
2014.05.19 11:17:28.878,0.93126,0.93137,4.24,1.00
2014.05.19 11:17:30.796,0.93128,0.93139,1.25,1.02
2014.05.19 11:17:31.530,0.93128,0.93139,1.19,1.10
2014.05.19 11:17:31.895,0.93127,0.93137,2.14,1.00
2014.05.19 11:17:32.798,0.93127,0.93137,2.14,1.00
2014.05.19 11:17:35.812,0.93127,0.93137,1.02,1.00
2014.05.19 11:17:38.425,0.93129,0.93137,1.10,1.00
2014.05.19 11:17:42.351,0.9313,0.93137,1.10,1.00
2014.05.19 11:17:56.632,0.9313,0.93141,1.02,1.19
2014.05.19 11:17:57.512,0.93129,0.93141,1.02,2.52
2014.05.19 11:17:58.532,0.93129,0.93141,1.10,2.52
2014.05.19 11:17:59.730,0.93128,0.9314,1.77,1.77
2014.05.19 11:18:00.073,0.93129,0.93141,1.29,1.77
2014.05.19 11:18:01.233,0.93129,0.93141,1.77,1.77
2014.05.19 11:18:05.601,0.93129,0.9314,1.19,1.10
2014.05.19 11:18:06.302,0.93131,0.93142,1.10,1.69
2014.05.19 11:18:07.012,0.93129,0.93141,1.77,1.02
2014.05.19 11:18:07.561,0.93129,0.93141,1.77,1.10
2014.05.19 11:18:08.422,0.93129,0.9314,1.19,1.10
2014.05.19 11:18:08.831,0.93129,0.93137,1.19,1.00
2014.05.19 11:18:09.120,0.93129,0.9314,1.19,1.10
2014.05.19 11:18:10.290,0.93131,0.93142,1.02,1.69
2014.05.19 11:18:10.871,0.9313,0.93142,1.29,2.52
2014.05.19 11:18:11.321,0.93129,0.93137,1.19,1.00
2014.05.19 11:18:11.422,0.93127,0.93137,1.39,1.00
2014.05.19 11:18:11.954,0.93126,0.93137,1.39,1.25
2014.05.19 11:18:12.580,0.93125,0.93137,1.63,1.77
2014.05.19 11:18:12.884,0.93125,0.93137,1.32,1.77
2014.05.19 11:18:13.583,0.93125,0.93137,1.32,1.77
2014.05.19 11:18:14.289,0.93125,0.93137,2.07,1.58
2014.05.19 11:18:19.907,0.93126,0.93137,1.32,1.58
2014.05.19 11:18:20.918,0.93126,0.93137,1.32,1.58
2014.05.19 11:18:22.343,0.93128,0.93138,1.19,1.10
2014.05.19 11:18:25.624,0.93128,0.93139,1.69,1.10
2014.05.19 11:18:26.137,0.93128,0.93138,1.69,1.10
2014.05.19 11:18:26.641,0.93128,0.93138,1.69,1.10
2014.05.19 11:18:27.341,0.93128,0.93138,1.19,1.10
2014.05.19 11:18:27.887,0.93128,0.93137,1.19,1.00
2014.05.19 11:18:28.434,0.93126,0.93137,2.52,1.00
2014.05.19 11:18:29.398,0.93127,0.93137,1.19,1.00
2014.05.19 11:18:29.974,0.93128,0.93138,1.19,1.10
2014.05.19 11:18:30.479,0.93128,0.93139,1.19,1.10
2014.05.19 11:18:30.923,0.93127,0.93137,3.27,1.00
2014.05.19 11:18:31.612,0.93128,0.93137,1.19,1.00
2014.05.19 11:18:32.902,0.93128,0.93139,1.69,1.10
2014.05.19 11:18:33.826,0.93128,0.93139,1.25,1.02
2014.05.19 11:18:34.331,0.93128,0.93138,2.07,1.10
2014.05.19 11:18:34.537,0.93128,0.9314,2.89,1.02
2014.05.19 11:18:35.341,0.93128,0.9314,2.89,1.10
2014.05.19 11:18:35.819,0.93128,0.9314,2.14,1.77
2014.05.19 11:18:35.871,0.93128,0.93137,1.39,1.00
2014.05.19 11:18:36.592,0.93128,0.93139,1.32,1.02
2014.05.19 11:18:36.644,0.93128,0.93139,2.07,1.10
2014.05.19 11:18:37.258,0.93128,0.9314,3.64,1.10
2014.05.19 11:18:38.104,0.93128,0.9314,2.89,1.29
2014.05.19 11:18:38.155,0.93128,0.93137,1.77,1.00
2014.05.19 11:18:39.109,0.93128,0.93137,1.32,1.00
2014.05.19 11:18:40.115,0.93128,0.93137,1.77,1.00
2014.05.19 11:18:40.558,0.93128,0.9314,1.77,1.77
2014.05.19 11:18:40.659,0.93128,0.9314,2.52,1.77
2014.05.19 11:18:42.095,0.93128,0.93137,1.77,1.00
2014.05.19 11:18:42.145,0.93128,0.93137,1.02,1.00
2014.05.19 11:18:43.564,0.93128,0.93138,1.25,1.02
2014.05.19 11:18:48.161,0.93128,0.93138,1.19,1.10
2014.05.19 11:18:49.156,0.93128,0.93138,1.25,1.10
2014.05.19 11:18:50.350,0.93128,0.93137,1.25,1.10
2014.05.19 11:18:51.164,0.93128,0.93137,1.19,1.10
2014.05.19 11:18:51.889,0.93128,0.93138,1.19,1.10
2014.05.19 11:18:52.403,0.93128,0.93137,1.69,1.10
2014.05.19 11:18:52.639,0.93128,0.93135,1.69,1.00
2014.05.19 11:18:52.943,0.93123,0.9313,1.38,1.10
2014.05.19 11:18:53.322,0.93123,0.93132,1.38,1.02
2014.05.19 11:18:53.682,0.93123,0.9313,1.00,1.10
2014.05.19 11:18:54.086,0.93118,0.93129,2.07,1.10
2014.05.19 11:18:54.241,0.93118,0.93126,1.00,1.10
2014.05.19 11:18:54.780,0.93116,0.93125,1.32,1.10
2014.05.19 11:18:54.881,0.93114,0.93124,4.17,1.10
2014.05.19 11:18:55.472,0.93114,0.93125,4.17,1.10
2014.05.19 11:18:56.727,0.93118,0.93125,1.00,1.10
2014.05.19 11:18:56.879,0.93118,0.93129,1.00,1.02
2014.05.19 11:18:56.980,0.93118,0.93126,1.25,1.10
2014.05.19 11:18:57.283,0.93118,0.93124,1.00,1.10
2014.05.19 11:18:57.384,0.93115,0.93124,2.29,1.10
2014.05.19 11:18:57.637,0.93114,0.93126,1.19,1.00
2014.05.19 11:18:57.891,0.9312,0.93127,1.00,1.00
2014.05.19 11:18:58.194,0.93123,0.93136,2.89,1.77
2014.05.19 11:18:58.244,0.93123,0.93136,3.64,1.02
2014.05.19 11:18:58.790,0.93126,0.93137,1.02,1.69
2014.05.19 11:18:59.260,0.93128,0.93139,1.00,2.52
2014.05.19 11:18:59.411,0.93128,0.93139,3.49,1.00
2014.05.19 11:19:00.002,0.93128,0.9314,4.24,1.10
2014.05.19 11:19:01.381,0.93128,0.9314,4.24,1.02
2014.05.19 11:19:02.338,0.93128,0.9314,3.49,1.29
2014.05.19 11:19:02.599,0.93132,0.93141,1.10,1.19
2014.05.19 11:19:02.700,0.9313,0.93142,1.02,2.89
2014.05.19 11:19:03.211,0.9313,0.93142,1.02,2.89
2014.05.19 11:19:03.869,0.93133,0.93142,1.00,2.14
2014.05.19 11:19:05.194,0.93136,0.93142,2.10,2.14
2014.05.19 11:19:05.345,0.93138,0.93146,1.00,1.00
2014.05.19 11:19:05.958,0.93138,0.93149,1.00,3.64
2014.05.19 11:19:06.600,0.93138,0.93147,1.00,1.19
2014.05.19 11:19:06.701,0.93134,0.93146,4.24,1.02
2014.05.19 11:19:07.879,0.93138,0.93146,1.58,1.25
2014.05.19 11:19:08.421,0.93141,0.93149,1.10,1.69
2014.05.19 11:19:08.523,0.93141,0.93151,1.10,2.07
2014.05.19 11:19:08.624,0.93139,0.9315,1.02,1.13
2014.05.19 11:19:08.725,0.93138,0.93148,1.00,1.00
2014.05.19 11:19:09.392,0.93138,0.93148,1.58,1.19
2014.05.19 11:19:12.389,0.93138,0.93148,1.00,1.25
2014.05.19 11:19:13.430,0.93138,0.93148,1.00,2.89
2014.05.19 11:19:15.078,0.93134,0.93146,2.14,1.02
2014.05.19 11:19:15.129,0.93134,0.93141,1.20,1.00
2014.05.19 11:19:15.230,0.93133,0.93143,3.87,1.00
2014.05.19 11:19:15.780,0.93134,0.93144,1.19,2.85
2014.05.19 11:19:16.611,0.93133,0.93144,2.52,2.85
2014.05.19 11:19:21.719,0.93134,0.93145,1.02,1.69
2014.05.19 11:19:21.871,0.93134,0.93145,2.14,1.00
2014.05.19 11:19:23.053,0.93134,0.93144,1.02,1.00
2014.05.19 11:19:23.103,0.93133,0.93142,1.69,1.10
2014.05.19 11:19:23.607,0.93133,0.93142,1.00,1.10
2014.05.19 11:19:24.141,0.93133,0.93143,1.00,1.02
2014.05.19 11:19:25.852,0.93133,0.93143,1.19,1.10
2014.05.19 11:19:26.580,0.93133,0.93143,1.00,1.02
2014.05.19 11:19:28.967,0.93133,0.93143,1.00,1.29
2014.05.19 11:19:31.078,0.93133,0.93143,1.00,1.77
2014.05.19 11:19:31.507,0.93133,0.93144,1.25,1.29
2014.05.19 11:19:31.937,0.93133,0.93142,1.00,1.19
2014.05.19 11:19:32.377,0.93133,0.93143,1.25,1.10
2014.05.19 11:19:32.908,0.93134,0.93145,1.20,1.19
2014.05.19 11:19:34.241,0.93133,0.93146,2.89,3.87
2014.05.19 11:19:36.155,0.93133,0.93145,1.58,2.07
2014.05.19 11:19:36.690,0.93133,0.93144,1.95,2.85
2014.05.19 11:19:37.346,0.93134,0.93146,1.20,1.19
2014.05.19 11:19:38.867,0.93134,0.93147,1.39,3.27
2014.05.19 11:19:40.374,0.93135,0.93147,1.19,2.33
2014.05.19 11:19:41.378,0.93134,0.93147,2.14,2.52
2014.05.19 11:19:42.768,0.93138,0.93147,1.00,1.77
2014.05.19 11:19:42.880,0.93135,0.93147,1.32,2.52
2014.05.19 11:19:43.520,0.93134,0.93147,2.14,2.52
2014.05.19 11:19:44.209,0.93138,0.93147,1.00,1.77
2014.05.19 11:19:44.310,0.93138,0.93148,1.00,1.02
2014.05.19 11:19:45.403,0.93138,0.93149,1.25,1.02
2014.05.19 11:19:51.367,0.93138,0.93149,1.00,1.77
2014.05.19 11:19:52.334,0.93138,0.93149,1.00,1.29
2014.05.19 11:19:59.387,0.93138,0.93149,1.00,2.52
2014.05.19 11:20:00.392,0.93138,0.93149,1.00,2.52
2014.05.19 11:20:01.398,0.93138,0.93148,1.19,1.10
2014.05.19 11:20:02.048,0.93138,0.93149,1.19,1.02
2014.05.19 11:20:02.801,0.9314,0.9315,1.10,1.25
2014.05.19 11:20:03.329,0.93138,0.93149,1.19,1.10
2014.05.19 11:20:03.890,0.93138,0.9315,1.77,1.02
2014.05.19 11:20:04.414,0.93138,0.93149,1.69,1.10
2014.05.19 11:20:06.322,0.93139,0.93151,1.02,1.77
2014.05.19 11:20:06.640,0.9314,0.93152,1.29,1.77
2014.05.19 11:20:07.460,0.93141,0.93152,1.29,1.00
2014.05.19 11:20:07.843,0.93143,0.93154,1.19,1.58
2014.05.19 11:20:08.146,0.93152,0.93156,1.50,1.58
2014.05.19 11:20:08.398,0.93158,0.93163,1.00,2.10
2014.05.19 11:20:08.499,0.93158,0.93169,1.00,1.13
2014.05.19 11:20:09.084,0.9316,0.93169,1.19,1.00
2014.05.19 11:20:09.190,0.93159,0.93169,1.19,1.00
2014.05.19 11:20:10.061,0.93163,0.93169,1.00,1.00
2014.05.19 11:20:10.374,0.93159,0.93169,1.19,1.00
2014.05.19 11:20:10.900,0.9316,0.9317,1.19,1.50
2014.05.19 11:20:11.444,0.93158,0.93169,1.69,1.00
2014.05.19 11:20:11.545,0.93158,0.93169,1.25,1.25
2014.05.19 11:20:12.460,0.93158,0.93169,1.00,1.69
2014.05.19 11:20:13.141,0.93155,0.93167,1.77,1.00
2014.05.19 11:20:13.649,0.93155,0.93166,1.77,2.10
2014.05.19 11:20:14.170,0.93155,0.93166,1.29,2.10
2014.05.19 11:20:15.272,0.93155,0.93166,1.02,2.29
2014.05.19 11:20:15.812,0.93154,0.93165,1.77,1.00
2014.05.19 11:20:16.439,0.93154,0.93165,1.02,1.25
2014.05.19 11:20:17.282,0.93154,0.93165,1.29,1.00
2014.05.19 11:20:20.741,0.93154,0.93165,1.02,1.19
2014.05.19 11:20:21.302,0.93154,0.93165,1.77,1.00
2014.05.19 11:20:22.338,0.93154,0.93165,1.29,1.00
2014.05.19 11:20:24.047,0.93154,0.93164,1.10,1.19
2014.05.19 11:20:25.051,0.93154,0.93164,1.10,1.19
2014.05.19 11:20:25.421,0.93158,0.93164,1.00,1.19
2014.05.19 11:20:25.649,0.93154,0.93164,1.10,1.19
2014.05.19 11:20:26.295,0.93154,0.93164,1.10,1.19
2014.05.19 11:20:26.396,0.93154,0.93165,1.10,1.25
2014.05.19 11:20:27.363,0.93154,0.93165,1.10,1.69
2014.05.19 11:20:29.389,0.93154,0.93164,1.10,1.19
2014.05.19 11:20:30.935,0.93154,0.93161,1.10,1.00
2014.05.19 11:20:31.306,0.93153,0.93159,1.00,1.19
2014.05.19 11:20:31.514,0.93148,0.93159,3.60,1.69
2014.05.19 11:20:31.564,0.93148,0.93157,3.60,1.19
2014.05.19 11:20:31.867,0.93148,0.93153,1.00,1.19
2014.05.19 11:20:33.176,0.93143,0.93152,2.93,1.19
2014.05.19 11:20:34.252,0.93143,0.93151,2.93,1.19
2014.05.19 11:20:35.357,0.93144,0.93152,1.30,1.19
2014.05.19 11:20:38.711,0.93148,0.93154,1.00,1.19
2014.05.19 11:20:38.863,0.93143,0.93154,2.70,1.19
2014.05.19 11:20:39.506,0.93148,0.93154,1.00,1.77
2014.05.19 11:20:43.694,0.93142,0.93153,1.95,1.19
2014.05.19 11:20:46.010,0.93143,0.93153,1.13,1.19
2014.05.19 11:20:46.547,0.93143,0.93149,1.00,1.32
2014.05.19 11:20:46.649,0.9314,0.93147,1.10,1.69
2014.05.19 11:20:46.750,0.93139,0.93146,1.10,1.19
2014.05.19 11:20:47.265,0.93138,0.93146,1.00,1.19
2014.05.19 11:20:49.630,0.93138,0.93144,1.00,1.19
2014.05.19 11:20:49.719,0.93134,0.93144,1.58,1.19
2014.05.19 11:20:51.039,0.93138,0.93144,1.00,1.19
2014.05.19 11:20:51.390,0.93133,0.93144,1.95,1.19
2014.05.19 11:20:51.919,0.93138,0.93144,1.00,1.19
2014.05.19 11:20:53.750,0.93138,0.93145,1.00,1.19
2014.05.19 11:20:56.228,0.93135,0.93146,1.38,1.77
2014.05.19 11:20:56.279,0.93135,0.93146,1.63,1.02
2014.05.19 11:20:56.430,0.93138,0.93146,1.00,1.02
2014.05.19 11:20:57.261,0.93138,0.93146,1.00,1.77
2014.05.19 11:20:57.751,0.93137,0.93146,1.38,1.19
2014.05.19 11:20:57.982,0.93138,0.93146,1.13,1.02
2014.05.19 11:20:58.414,0.93138,0.93146,1.00,1.77
2014.05.19 11:21:01.801,0.93138,0.93143,1.00,1.19
2014.05.19 11:21:01.851,0.93132,0.93142,2.33,1.54
2014.05.19 11:21:01.902,0.93129,0.93135,3.23,1.10
2014.05.19 11:21:02.004,0.93129,0.93134,2.85,1.10
2014.05.19 11:21:02.458,0.93128,0.93133,1.00,1.77
2014.05.19 11:21:02.609,0.93123,0.93133,1.00,1.77
2014.05.19 11:21:03.180,0.93123,0.93133,1.25,1.10
2014.05.19 11:21:06.270,0.93123,0.93132,1.13,1.10
2014.05.19 11:21:11.538,0.93123,0.93131,1.00,1.19
2014.05.19 11:21:11.639,0.9312,0.93131,1.95,1.19
2014.05.19 11:21:11.740,0.93119,0.93129,2.07,1.10
2014.05.19 11:21:11.942,0.93118,0.93128,1.00,2.52
2014.05.19 11:21:12.245,0.93118,0.93126,1.00,1.69
2014.05.19 11:21:12.751,0.93118,0.93124,1.00,1.19
2014.05.19 11:21:13.300,0.93112,0.93122,1.10,1.19
2014.05.19 11:21:13.706,0.93113,0.93121,1.00,1.77
2014.05.19 11:21:13.757,0.93113,0.93119,1.00,1.10
2014.05.19 11:21:14.110,0.93113,0.93123,1.35,1.19
2014.05.19 11:21:14.161,0.93118,0.93123,1.00,1.19
2014.05.19 11:21:14.363,0.93113,0.93124,1.25,1.02
2014.05.19 11:21:14.546,0.93113,0.93122,1.32,1.10
2014.05.19 11:21:15.250,0.93113,0.93123,2.07,1.10
2014.05.19 11:21:15.890,0.93118,0.93124,1.00,1.10
2014.05.19 11:21:16.101,0.93113,0.93124,2.67,1.10
2014.05.19 11:21:16.202,0.93113,0.93122,2.07,1.10
2014.05.19 11:21:17.179,0.93113,0.93121,2.07,1.10
2014.05.19 11:21:17.289,0.93113,0.93124,2.07,1.10
2014.05.19 11:21:17.340,0.93118,0.93124,1.00,1.10
2014.05.19 11:21:17.650,0.93118,0.93126,1.00,1.10
2014.05.19 11:21:18.181,0.93118,0.93124,1.00,1.10
2014.05.19 11:21:19.418,0.93116,0.93124,1.00,1.10
2014.05.19 11:21:19.520,0.93114,0.93121,1.50,1.10
2014.05.19 11:21:19.973,0.93118,0.93124,1.00,3.87
2014.05.19 11:21:21.511,0.93118,0.93122,1.00,1.10
2014.05.19 11:21:25.670,0.93112,0.93122,1.05,1.58
2014.05.19 11:21:25.991,0.93112,0.93119,1.05,1.10
2014.05.19 11:21:26.092,0.9311,0.93122,1.77,1.95
2014.05.19 11:21:26.144,0.9311,0.93122,1.02,4.99
2014.05.19 11:21:26.245,0.93108,0.93119,3.42,1.10
2014.05.19 11:21:26.771,0.9311,0.93121,1.10,1.19
2014.05.19 11:21:28.158,0.9311,0.9312,1.10,1.19
2014.05.19 11:21:28.695,0.93108,0.93119,1.25,1.02
2014.05.19 11:21:28.745,0.93108,0.93116,1.25,1.10
2014.05.19 11:21:28.897,0.93109,0.93119,1.00,1.02
2014.05.19 11:21:29.099,0.93107,0.93116,3.42,1.10
2014.05.19 11:21:29.301,0.93106,0.93116,1.69,1.10
2014.05.19 11:21:29.553,0.93106,0.93116,3.04,1.10
2014.05.19 11:21:29.654,0.93108,0.93119,1.25,1.39
2014.05.19 11:21:30.951,0.93113,0.93119,1.00,1.02
2014.05.19 11:21:32.398,0.93108,0.93117,1.25,1.10
2014.05.19 11:21:32.589,0.93108,0.93119,1.25,1.02
2014.05.19 11:21:32.639,0.93113,0.93119,1.00,1.02
2014.05.19 11:21:33.700,0.93108,0.93119,1.19,1.10
2014.05.19 11:21:37.681,0.93108,0.93119,1.25,1.02
2014.05.19 11:21:39.600,0.93108,0.93118,1.00,1.19
2014.05.19 11:21:40.107,0.93108,0.93116,1.00,1.10
2014.05.19 11:21:41.087,0.93113,0.93117,1.00,1.00
2014.05.19 11:21:41.188,0.93108,0.93119,1.63,1.02
2014.05.19 11:21:41.994,0.9311,0.93119,1.13,1.02
2014.05.19 11:21:42.503,0.9311,0.9312,2.07,1.10
2014.05.19 11:21:43.114,0.93109,0.93118,1.32,1.10
2014.05.19 11:21:43.167,0.93108,0.93117,1.25,1.00
2014.05.19 11:21:43.369,0.93108,0.93112,1.00,1.00
2014.05.19 11:21:43.622,0.93103,0.93112,1.63,1.00
2014.05.19 11:21:44.226,0.93103,0.93114,1.69,1.77
2014.05.19 11:21:44.888,0.93103,0.93112,1.25,1.00
2014.05.19 11:21:46.980,0.93103,0.93113,1.50,1.02
2014.05.19 11:21:47.540,0.93103,0.93112,1.50,1.19
2014.05.19 11:21:48.216,0.93103,0.9311,1.00,1.10
2014.05.19 11:21:49.147,0.93103,0.93113,1.00,1.02
2014.05.19 11:21:53.651,0.93105,0.93115,1.10,1.69
2014.05.19 11:21:53.802,0.93108,0.93118,1.00,1.02
2014.05.19 11:21:55.581,0.93108,0.93117,1.00,1.19
2014.05.19 11:21:56.486,0.93108,0.93116,1.00,1.77
2014.05.19 11:21:56.987,0.93105,0.93116,1.25,1.77
2014.05.19 11:21:57.090,0.93105,0.93116,1.69,1.10
2014.05.19 11:21:57.267,0.93108,0.93118,1.00,1.02
2014.05.19 11:21:57.369,0.93108,0.93115,1.00,1.10
2014.05.19 11:21:58.040,0.93108,0.93117,1.00,1.77
2014.05.19 11:21:58.343,0.93108,0.93115,1.00,1.19
2014.05.19 11:21:58.596,0.93108,0.93117,1.00,1.69
2014.05.19 11:22:00.244,0.93108,0.93118,1.00,4.62
2014.05.19 11:22:00.818,0.93113,0.93119,1.00,1.77
2014.05.19 11:22:01.764,0.93113,0.93118,1.00,1.19
2014.05.19 11:22:02.688,0.93108,0.93118,1.00,1.19
2014.05.19 11:22:03.579,0.93108,0.93116,1.00,1.19
2014.05.19 11:22:04.979,0.93108,0.93117,1.00,1.19
2014.05.19 11:22:05.551,0.93107,0.93117,1.10,1.25
2014.05.19 11:22:06.319,0.93108,0.93118,1.00,1.19
2014.05.19 11:22:07.408,0.93108,0.93119,1.73,1.77
2014.05.19 11:22:07.459,0.93113,0.93119,1.00,1.77
2014.05.19 11:22:07.611,0.93113,0.93123,1.58,1.69
2014.05.19 11:22:08.559,0.93111,0.93123,1.69,2.14
2014.05.19 11:22:08.660,0.93113,0.93123,1.00,2.14
2014.05.19 11:22:09.170,0.93112,0.93122,1.10,1.69
2014.05.19 11:22:09.688,0.93111,0.93122,1.25,1.69
2014.05.19 11:22:10.169,0.93113,0.93122,1.00,1.19
2014.05.19 11:22:10.699,0.93113,0.93123,1.00,1.77
2014.05.19 11:22:11.337,0.93113,0.93124,1.50,1.77
2014.05.19 11:22:11.640,0.93112,0.93121,1.10,1.25
2014.05.19 11:22:11.691,0.9311,0.93121,2.14,1.25
2014.05.19 11:22:11.842,0.9311,0.9312,1.58,1.19
2014.05.19 11:22:12.367,0.93111,0.9312,1.10,1.19
2014.05.19 11:22:12.930,0.93112,0.93122,1.10,3.19
2014.05.19 11:22:13.231,0.93114,0.93123,1.10,1.19
2014.05.19 11:22:13.737,0.93113,0.93123,1.00,1.77
2014.05.19 11:22:14.258,0.93113,0.93124,1.00,1.77
2014.05.19 11:22:14.797,0.93112,0.93122,1.05,1.00
2014.05.19 11:22:16.674,0.93113,0.93123,1.00,1.29
2014.05.19 11:22:17.308,0.93113,0.93123,1.00,1.02
2014.05.19 11:22:17.948,0.93112,0.93122,1.05,1.00
2014.05.19 11:22:19.063,0.9311,0.93122,1.29,1.69
2014.05.19 11:22:19.567,0.9311,0.93121,1.10,2.44
2014.05.19 11:22:19.896,0.9311,0.93117,1.10,1.00
2014.05.19 11:22:20.472,0.93111,0.93117,1.10,1.00
2014.05.19 11:22:20.981,0.93111,0.93119,1.10,1.19
2014.05.19 11:22:21.158,0.93111,0.93122,1.10,2.82
2014.05.19 11:22:23.086,0.9311,0.93122,1.39,3.27
2014.05.19 11:22:23.495,0.93113,0.93122,1.10,1.69
2014.05.19 11:22:23.596,0.93111,0.93122,1.32,1.25
2014.05.19 11:22:27.874,0.93111,0.93121,2.70,1.19
2014.05.19 11:22:28.794,0.93111,0.93122,1.69,1.77
2014.05.19 11:22:29.327,0.93112,0.93122,1.10,1.25
2014.05.19 11:22:29.871,0.93113,0.93123,1.00,1.77
2014.05.19 11:22:29.972,0.93113,0.93124,1.57,1.10
2014.05.19 11:22:30.476,0.93113,0.93124,2.52,1.25
2014.05.19 11:22:31.057,0.93113,0.93123,2.52,2.85
2014.05.19 11:22:32.333,0.93113,0.93123,1.50,4.62
2014.05.19 11:22:35.856,0.93113,0.93122,1.50,2.44
2014.05.19 11:22:36.008,0.93111,0.93121,1.00,1.02
2014.05.19 11:22:36.997,0.9311,0.93122,1.10,4.02
2014.05.19 11:22:37.315,0.93113,0.93121,1.00,1.19
2014.05.19 11:22:37.670,0.93113,0.93123,1.00,3.12
2014.05.19 11:22:39.487,0.93113,0.93124,1.25,1.39
2014.05.19 11:22:40.012,0.93113,0.93123,1.00,1.02
2014.05.19 11:22:42.413,0.93113,0.93123,1.00,3.87
2014.05.19 11:22:43.838,0.93112,0.93122,1.00,3.19
2014.05.19 11:22:44.040,0.9311,0.93122,1.95,4.02
2014.05.19 11:22:44.796,0.9311,0.93122,2.14,2.52
2014.05.19 11:22:45.155,0.9311,0.93116,1.25,1.10
2014.05.19 11:22:45.408,0.93108,0.93117,1.00,4.02
2014.05.19 11:22:46.137,0.93108,0.93119,1.77,1.19
2014.05.19 11:22:46.854,0.93108,0.9312,1.77,1.02
2014.05.19 11:22:49.219,0.93108,0.93121,3.27,1.39
2014.05.19 11:22:51.327,0.93108,0.93121,2.52,2.14
2014.05.19 11:22:51.610,0.93108,0.93118,2.07,1.10
2014.05.19 11:22:51.660,0.93108,0.93118,1.32,1.10
2014.05.19 11:22:52.036,0.93105,0.93117,2.89,1.58
2014.05.19 11:22:53.938,0.93105,0.93117,2.14,1.77
2014.05.19 11:22:54.557,0.93107,0.93117,1.39,1.00
2014.05.19 11:22:55.827,0.93108,0.93119,1.13,2.52
2014.05.19 11:22:56.373,0.93108,0.93119,1.32,1.77
2014.05.19 11:22:57.359,0.93108,0.93119,1.32,1.77
2014.05.19 11:23:00.376,0.93108,0.93119,1.32,1.77
2014.05.19 11:23:00.888,0.93107,0.93117,1.02,1.00
2014.05.19 11:23:02.289,0.93106,0.93117,2.52,1.00
2014.05.19 11:23:02.390,0.93108,0.93119,1.25,1.77
2014.05.19 11:23:07.312,0.93108,0.9312,2.14,1.77
2014.05.19 11:23:07.478,0.93108,0.93117,1.39,1.00
2014.05.19 11:23:07.699,0.93108,0.9312,2.14,1.77
2014.05.19 11:23:08.319,0.93108,0.9312,2.14,2.52
2014.05.19 11:23:08.911,0.93107,0.93117,1.29,1.00
2014.05.19 11:23:09.505,0.93108,0.93119,1.58,1.32
2014.05.19 11:23:10.350,0.93108,0.9312,1.77,2.89
2014.05.19 11:23:10.943,0.93109,0.9312,1.10,1.19
2014.05.19 11:23:11.499,0.93109,0.93121,1.02,2.52
2014.05.19 11:23:13.083,0.93111,0.93121,1.10,1.19
2014.05.19 11:23:13.135,0.93111,0.93122,1.02,1.25
2014.05.19 11:23:13.664,0.93112,0.93122,1.10,1.25
2014.05.19 11:23:15.097,0.93111,0.93122,1.02,1.25
2014.05.19 11:23:15.349,0.93113,0.93122,1.10,1.25
2014.05.19 11:23:15.451,0.93111,0.93122,3.87,1.25
2014.05.19 11:23:16.363,0.93111,0.93122,1.77,1.32
2014.05.19 11:23:16.939,0.93111,0.93121,1.00,1.19
2014.05.19 11:23:17.658,0.93112,0.93121,1.00,1.19
2014.05.19 11:23:17.961,0.9311,0.93121,1.25,1.02
2014.05.19 11:23:18.264,0.9311,0.93117,1.25,1.00
2014.05.19 11:23:18.365,0.9311,0.93121,1.00,1.77
2014.05.19 11:23:18.915,0.9311,0.93122,1.77,1.19
2014.05.19 11:23:19.494,0.9311,0.93122,1.77,1.25
2014.05.19 11:23:21.415,0.9311,0.93122,1.77,1.69
2014.05.19 11:23:24.066,0.9311,0.93117,1.77,1.00
2014.05.19 11:23:24.818,0.93111,0.93117,1.10,1.00
2014.05.19 11:23:25.823,0.9311,0.93117,1.10,1.00
2014.05.19 11:23:25.937,0.9311,0.9312,1.10,1.19
2014.05.19 11:23:26.367,0.9311,0.93122,1.02,3.64
2014.05.19 11:23:26.418,0.93113,0.93122,1.00,1.69
2014.05.19 11:23:27.878,0.93112,0.93122,1.10,1.25
2014.05.19 11:23:28.908,0.93113,0.93123,1.00,1.69
2014.05.19 11:23:33.067,0.93113,0.93122,1.00,2.44
2014.05.19 11:23:33.117,0.93111,0.93122,1.95,3.19
2014.05.19 11:23:33.965,0.93113,0.93122,1.00,1.32
2014.05.19 11:23:34.470,0.93113,0.93123,1.58,2.07
2014.05.19 11:23:35.292,0.93114,0.93123,1.10,1.19
2014.05.19 11:23:36.053,0.93113,0.93123,1.00,1.29
2014.05.19 11:23:37.727,0.93114,0.93123,1.10,1.19
2014.05.19 11:23:38.319,0.93113,0.93123,1.00,1.77
2014.05.19 11:23:38.837,0.93113,0.93123,1.13,1.02
2014.05.19 11:23:39.282,0.93113,0.93123,2.07,1.10
2014.05.19 11:23:39.333,0.93114,0.93126,1.39,3.87
2014.05.19 11:23:39.484,0.93118,0.93126,1.00,1.02
2014.05.19 11:23:39.703,0.93115,0.93127,1.02,2.52
2014.05.19 11:23:39.803,0.93118,0.93126,1.00,1.25
2014.05.19 11:23:40.106,0.93114,0.93125,1.95,3.04
2014.05.19 11:23:41.600,0.93114,0.93124,1.10,3.04
2014.05.19 11:23:42.187,0.93118,0.93124,1.00,3.04
2014.05.19 11:23:42.315,0.93113,0.93124,1.00,3.87
2014.05.19 11:23:43.663,0.93113,0.93123,1.00,1.77
2014.05.19 11:23:45.625,0.93113,0.93123,1.00,1.77
2014.05.19 11:23:47.634,0.93113,0.93123,1.00,1.77
2014.05.19 11:23:50.651,0.93113,0.93122,1.00,1.19
2014.05.19 11:23:51.537,0.93111,0.93122,1.10,1.69
2014.05.19 11:23:53.069,0.93111,0.93122,1.39,1.00
2014.05.19 11:23:53.597,0.93111,0.93122,1.10,1.69
2014.05.19 11:23:54.114,0.93112,0.93122,1.02,1.00
2014.05.19 11:23:54.953,0.93113,0.93124,1.00,1.77
2014.05.19 11:23:55.784,0.93113,0.93123,1.00,1.29
2014.05.19 11:23:59.543,0.93113,0.93123,1.00,1.77
2014.05.19 11:24:01.286,0.93111,0.93122,1.20,1.69
2014.05.19 11:24:01.805,0.9311,0.93122,2.52,2.89
2014.05.19 11:24:02.306,0.9311,0.93121,1.58,1.19
2014.05.19 11:24:02.816,0.93111,0.93121,1.10,1.19
2014.05.19 11:24:02.867,0.93113,0.93123,1.00,2.52
2014.05.19 11:24:03.577,0.93113,0.93124,1.25,1.02
2014.05.19 11:24:03.678,0.93116,0.93125,1.10,1.19
2014.05.19 11:24:03.779,0.93114,0.93124,1.00,1.02
2014.05.19 11:24:04.180,0.93114,0.93122,1.00,1.00
2014.05.19 11:24:04.337,0.93112,0.93122,1.58,1.25
2014.05.19 11:24:04.859,0.93113,0.93123,1.00,1.77
2014.05.19 11:24:05.061,0.93111,0.93122,2.14,1.25
2014.05.19 11:24:05.162,0.93113,0.93123,1.00,1.77
2014.05.19 11:24:06.047,0.93113,0.93123,1.00,1.77
2014.05.19 11:24:06.556,0.93113,0.93123,1.00,1.77
2014.05.19 11:24:07.226,0.93111,0.93122,1.63,1.25
2014.05.19 11:24:07.854,0.93113,0.93123,1.00,1.77
2014.05.19 11:24:08.871,0.93113,0.93124,1.00,3.87
2014.05.19 11:24:10.487,0.93114,0.93124,1.10,3.04
2014.05.19 11:24:11.066,0.93115,0.93124,1.10,3.04
2014.05.19 11:24:12.684,0.93113,0.93124,1.95,3.04
2014.05.19 11:24:15.035,0.93114,0.93124,1.10,3.04
2014.05.19 11:24:15.928,0.93114,0.93123,1.10,1.19
2014.05.19 11:24:16.693,0.93113,0.93123,1.58,1.19
2014.05.19 11:24:17.855,0.93114,0.93123,1.10,1.19
2014.05.19 11:24:18.917,0.93114,0.93122,1.10,1.19
2014.05.19 11:24:19.937,0.93114,0.93123,1.10,1.19
2014.05.19 11:24:20.925,0.93114,0.93122,1.10,1.19
2014.05.19 11:24:22.146,0.93113,0.93122,1.00,1.19
2014.05.19 11:24:25.005,0.93115,0.93122,1.10,1.19
2014.05.19 11:24:25.157,0.93116,0.93124,1.10,2.29
2014.05.19 11:24:25.258,0.93118,0.93125,1.58,3.04
2014.05.19 11:24:25.690,0.93118,0.93128,1.58,1.19
2014.05.19 11:24:26.859,0.93118,0.93128,1.58,1.19
2014.05.19 11:24:27.391,0.93119,0.93128,1.10,1.19
2014.05.19 11:24:27.966,0.93119,0.93129,1.10,1.19
2014.05.19 11:24:28.486,0.9312,0.93129,1.10,1.19
2014.05.19 11:24:29.257,0.93122,0.93129,1.10,1.19
2014.05.19 11:24:29.358,0.93121,0.93132,1.02,1.69
2014.05.19 11:24:29.868,0.93123,0.93132,1.10,1.25
2014.05.19 11:24:30.087,0.93121,0.93132,1.02,1.25
2014.05.19 11:24:30.627,0.9312,0.93132,1.39,2.52
2014.05.19 11:24:31.424,0.9312,0.93132,1.02,1.69
2014.05.19 11:24:32.835,0.93119,0.93131,2.89,1.77
2014.05.19 11:24:36.466,0.9312,0.93131,1.10,1.19
2014.05.19 11:24:37.031,0.9312,0.93132,1.02,2.52
2014.05.19 11:24:38.037,0.9312,0.93132,1.39,1.77
2014.05.19 11:24:39.040,0.9312,0.93132,1.39,1.77
2014.05.19 11:24:40.387,0.93123,0.93132,1.00,1.29
2014.05.19 11:24:40.488,0.93123,0.93133,1.00,4.62
2014.05.19 11:24:40.690,0.93123,0.93131,1.00,1.10
2014.05.19 11:24:41.051,0.93119,0.9313,2.82,1.10
2014.05.19 11:24:42.253,0.93119,0.93131,3.64,1.10
2014.05.19 11:24:42.863,0.93119,0.93131,2.89,1.02
2014.05.19 11:24:45.118,0.93123,0.93131,1.00,1.02
2014.05.19 11:24:49.670,0.9312,0.93131,1.69,1.10
2014.05.19 11:24:50.232,0.9312,0.93132,2.89,1.77
2014.05.19 11:24:50.705,0.9312,0.9313,1.32,1.10
2014.05.19 11:24:51.257,0.93119,0.9313,1.19,1.10
2014.05.19 11:24:52.039,0.93119,0.9313,1.25,1.02
2014.05.19 11:24:53.006,0.93119,0.9313,1.25,1.29
2014.05.19 11:24:54.111,0.93119,0.9313,1.25,1.02
2014.05.19 11:24:56.963,0.93119,0.9313,1.00,1.77
2014.05.19 11:24:59.055,0.93123,0.93131,1.58,1.69
2014.05.19 11:24:59.156,0.93123,0.93133,1.00,2.07
2014.05.19 11:24:59.777,0.93123,0.93134,1.00,1.77
2014.05.19 11:25:03.434,0.93121,0.93132,1.32,2.33
2014.05.19 11:25:03.644,0.93119,0.9313,2.07,1.10
2014.05.19 11:25:04.410,0.93119,0.9313,2.07,1.10
2014.05.19 11:25:04.908,0.93121,0.93132,1.62,1.50
2014.05.19 11:25:07.555,0.93121,0.93132,3.12,1.50
2014.05.19 11:25:07.857,0.93124,0.93136,1.49,1.77
2014.05.19 11:25:08.525,0.93123,0.93135,4.77,1.10
2014.05.19 11:25:08.626,0.93123,0.93132,1.92,1.00
2014.05.19 11:25:10.305,0.93124,0.93132,1.05,1.00
2014.05.19 11:25:10.608,0.93124,0.93132,5.59,1.00
2014.05.19 11:25:11.346,0.93124,0.93132,4.24,1.00
2014.05.19 11:25:11.929,0.93124,0.93132,3.87,1.00
2014.05.19 11:25:16.500,0.93125,0.93136,1.02,1.25
2014.05.19 11:25:16.803,0.93125,0.93137,1.32,1.58
2014.05.19 11:25:18.168,0.93126,0.93137,1.19,1.58
2014.05.19 11:25:22.179,0.93126,0.93132,1.19,1.00
2014.05.19 11:25:22.288,0.93126,0.93137,1.19,1.58
2014.05.19 11:25:24.417,0.93126,0.93137,3.42,1.58
2014.05.19 11:25:25.412,0.93126,0.93137,1.32,1.58
2014.05.19 11:25:27.421,0.93126,0.93137,1.32,1.58
2014.05.19 11:25:28.740,0.93126,0.93137,1.32,1.58
2014.05.19 11:25:34.094,0.93126,0.93132,1.19,1.00
2014.05.19 11:25:34.658,0.93126,0.93132,1.19,1.00
2014.05.19 11:25:35.464,0.93125,0.93132,2.52,1.00
2014.05.19 11:25:36.470,0.93125,0.93132,2.52,1.00
2014.05.19 11:25:37.321,0.93125,0.93137,2.89,1.77
2014.05.19 11:25:37.724,0.93125,0.93132,2.89,1.00
2014.05.19 11:25:39.485,0.93124,0.93132,1.77,1.00
2014.05.19 11:25:40.372,0.93123,0.93132,1.02,1.00
2014.05.19 11:25:40.573,0.93121,0.93132,1.02,1.25
2014.05.19 11:25:41.090,0.93119,0.93131,2.14,1.02
2014.05.19 11:25:41.465,0.93119,0.93127,2.14,1.00
2014.05.19 11:25:43.209,0.93119,0.93127,1.39,1.00
2014.05.19 11:25:46.522,0.93119,0.93127,1.39,1.00
2014.05.19 11:25:47.556,0.93119,0.93127,1.39,1.00
2014.05.19 11:25:54.532,0.93118,0.93127,2.14,1.00
2014.05.19 11:25:55.164,0.93116,0.93127,2.14,1.00
2014.05.19 11:26:02.363,0.93116,0.93126,1.19,1.10
2014.05.19 11:26:02.666,0.9311,0.93117,5.52,1.00
2014.05.19 11:26:02.717,0.93109,0.93117,2.48,1.00
2014.05.19 11:26:02.768,0.93109,0.93119,2.48,1.02
2014.05.19 11:26:02.869,0.93108,0.93119,1.13,1.77
2014.05.19 11:26:03.231,0.93109,0.9312,1.02,1.69
2014.05.19 11:26:04.111,0.93109,0.9312,1.39,1.25
2014.05.19 11:26:04.447,0.93106,0.93117,3.49,1.00
2014.05.19 11:26:05.163,0.93106,0.93117,3.49,1.00
2014.05.19 11:26:06.393,0.93106,0.93116,2.67,1.10
2014.05.19 11:26:06.444,0.93106,0.93116,2.10,1.29
2014.05.19 11:26:06.748,0.93106,0.93117,1.02,1.69
2014.05.19 11:26:06.799,0.93106,0.93117,3.49,1.69
2014.05.19 11:26:08.403,0.93108,0.93119,1.13,1.29
2014.05.19 11:26:09.904,0.93108,0.93117,2.14,1.00
2014.05.19 11:26:10.430,0.93108,0.93119,2.07,1.29
2014.05.19 11:26:10.932,0.93108,0.93117,1.32,1.00
2014.05.19 11:26:13.100,0.93108,0.93121,3.64,1.77
2014.05.19 11:26:13.443,0.93112,0.93121,1.10,1.19
2014.05.19 11:26:14.076,0.93112,0.93121,1.10,1.25
2014.05.19 11:26:14.776,0.93109,0.9312,1.48,1.69
2014.05.19 11:26:15.079,0.93105,0.93115,1.13,1.19
2014.05.19 11:26:15.282,0.93105,0.93113,1.00,1.77
2014.05.19 11:26:15.523,0.93103,0.93112,1.13,1.02
2014.05.19 11:26:16.390,0.93101,0.93112,2.07,1.58
2014.05.19 11:26:16.816,0.93103,0.93114,1.63,1.10
2014.05.19 11:26:16.867,0.93102,0.93114,1.67,1.10
2014.05.19 11:26:17.019,0.93126,0.93133,1.38,2.10
2014.05.19 11:26:17.523,0.93128,0.93134,1.00,1.00
2014.05.19 11:26:17.624,0.93123,0.93134,4.80,1.00
2014.05.19 11:26:17.675,0.93123,0.93128,3.98,1.00
2014.05.19 11:26:17.978,0.93118,0.93128,2.85,1.00
2014.05.19 11:26:18.482,0.93118,0.93128,1.13,1.19
2014.05.19 11:26:19.025,0.93119,0.9313,2.48,1.19
2014.05.19 11:26:19.181,0.93119,0.93131,2.67,1.69
2014.05.19 11:26:23.197,0.93118,0.9313,1.88,1.19
2014.05.19 11:26:23.511,0.93119,0.93131,1.39,1.69
2014.05.19 11:26:24.457,0.93119,0.93131,1.39,1.25
2014.05.19 11:26:24.876,0.93123,0.93132,1.00,1.69
2014.05.19 11:26:26.065,0.93123,0.93133,1.00,1.69
2014.05.19 11:26:29.574,0.93121,0.93132,1.39,1.25
2014.05.19 11:26:30.488,0.93121,0.93132,2.14,1.25
2014.05.19 11:26:31.140,0.93121,0.93132,1.10,1.69
2014.05.19 11:26:31.649,0.93119,0.93132,4.99,1.25
2014.05.19 11:26:32.639,0.9312,0.93132,1.57,1.00
2014.05.19 11:26:32.814,0.93119,0.9313,3.23,1.19
2014.05.19 11:26:33.117,0.93113,0.93124,1.00,1.00
2014.05.19 11:26:33.654,0.9311,0.93122,3.42,1.00
2014.05.19 11:26:33.756,0.9311,0.93121,1.20,1.19
2014.05.19 11:26:33.857,0.9311,0.93122,1.39,1.69
2014.05.19 11:26:34.400,0.93108,0.93121,4.92,1.19
2014.05.19 11:26:34.963,0.93109,0.93122,1.39,2.44
2014.05.19 11:26:35.196,0.9311,0.93122,3.42,1.69
2014.05.19 11:26:35.398,0.93109,0.93122,4.24,1.69
2014.05.19 11:26:35.944,0.93109,0.93121,1.25,1.19
2014.05.19 11:26:36.374,0.93111,0.93121,1.10,1.19
2014.05.19 11:26:37.007,0.93111,0.93122,1.10,2.07
2014.05.19 11:26:37.645,0.93113,0.93122,1.00,1.19
2014.05.19 11:26:37.824,0.93111,0.93122,1.10,1.69
2014.05.19 11:26:38.264,0.93113,0.93122,1.00,1.02
2014.05.19 11:26:39.474,0.93118,0.93125,1.00,1.19
2014.05.19 11:26:39.579,0.93118,0.93126,1.00,1.25
2014.05.19 11:26:39.694,0.93115,0.93126,1.02,1.25
2014.05.19 11:26:39.896,0.93113,0.93124,1.25,1.02
2014.05.19 11:26:41.242,0.93115,0.93125,1.10,1.69
2014.05.19 11:26:41.594,0.93113,0.93124,4.43,1.54
2014.05.19 11:26:41.695,0.93113,0.93121,1.00,1.19
2014.05.19 11:26:41.998,0.93113,0.93123,1.58,1.19
2014.05.19 11:26:42.401,0.93113,0.93125,1.25,2.14
2014.05.19 11:26:42.582,0.93115,0.93125,1.10,1.19
2014.05.19 11:26:42.888,0.93113,0.93125,2.52,1.77
2014.05.19 11:26:44.384,0.93113,0.93124,1.58,1.19
2014.05.19 11:26:49.609,0.93113,0.93125,1.77,1.77
2014.05.19 11:26:50.691,0.93113,0.93124,1.58,1.19
2014.05.19 11:26:51.967,0.93113,0.93125,1.77,2.89
2014.05.19 11:26:53.482,0.93113,0.93123,1.00,1.19
2014.05.19 11:26:54.667,0.93113,0.93123,1.00,4.24
2014.05.19 11:27:02.113,0.9311,0.93122,1.02,3.64
2014.05.19 11:27:04.331,0.93113,0.93122,1.58,1.19
2014.05.19 11:27:04.382,0.93113,0.93123,1.58,2.29
2014.05.19 11:27:04.768,0.93113,0.93125,2.52,2.14
2014.05.19 11:27:06.618,0.93113,0.93125,1.77,2.89
2014.05.19 11:27:08.971,0.93113,0.93125,1.77,2.14
2014.05.19 11:27:10.994,0.93114,0.93126,1.77,1.77
2014.05.19 11:27:11.511,0.93118,0.93126,1.00,1.25
2014.05.19 11:27:12.189,0.93115,0.93126,1.02,1.25
2014.05.19 11:27:12.954,0.93115,0.93126,1.29,1.25
2014.05.19 11:27:15.992,0.93115,0.93126,1.02,1.25
2014.05.19 11:27:16.976,0.93115,0.93126,1.29,1.25
2014.05.19 11:27:18.892,0.93115,0.93125,1.19,1.10
2014.05.19 11:27:19.647,0.93114,0.93125,1.19,1.20
2014.05.19 11:27:23.044,0.93113,0.93125,1.77,1.39
2014.05.19 11:27:24.059,0.93113,0.93125,1.77,1.39
2014.05.19 11:27:28.045,0.93113,0.93125,2.52,1.10
2014.05.19 11:27:29.241,0.93118,0.93125,1.00,1.10
2014.05.19 11:27:29.823,0.93114,0.93126,1.29,1.77
2014.05.19 11:27:30.601,0.93114,0.93125,1.19,1.10
2014.05.19 11:27:30.926,0.93118,0.93125,1.00,1.10
2014.05.19 11:27:31.117,0.93114,0.93125,1.32,1.10
2014.05.19 11:27:31.931,0.93118,0.93125,1.00,1.10
2014.05.19 11:27:31.982,0.93118,0.93127,1.00,1.77
2014.05.19 11:27:33.311,0.93117,0.93127,1.02,1.25
2014.05.19 11:27:33.412,0.93115,0.93127,1.02,2.89
2014.05.19 11:27:33.641,0.93118,0.93127,1.00,2.14
2014.05.19 11:27:34.182,0.93118,0.93128,1.00,1.57
2014.05.19 11:27:35.287,0.93118,0.93127,1.00,1.19
2014.05.19 11:27:35.791,0.93118,0.93129,1.00,2.89
2014.05.19 11:27:36.593,0.93118,0.93129,1.00,2.89
2014.05.19 11:27:38.023,0.93118,0.93127,1.00,1.10
2014.05.19 11:27:38.288,0.93118,0.9313,2.52,4.62
2014.05.19 11:27:39.124,0.93118,0.9313,2.52,1.00
2014.05.19 11:27:39.750,0.93119,0.93131,1.29,2.14
2014.05.19 11:27:40.676,0.93119,0.93131,1.02,2.14
2014.05.19 11:27:47.141,0.93119,0.93127,1.02,1.00
2014.05.19 11:27:47.714,0.93118,0.93128,1.25,1.95
2014.05.19 11:27:51.080,0.93118,0.93127,1.10,1.00
2014.05.19 11:27:51.181,0.93115,0.93126,1.00,1.39
2014.05.19 11:27:51.739,0.93113,0.93125,1.77,1.20
2014.05.19 11:27:52.276,0.93113,0.93124,1.25,1.02
2014.05.19 11:27:54.836,0.93113,0.93124,1.00,4.24
2014.05.19 11:28:00.133,0.93113,0.93121,1.00,1.19
2014.05.19 11:28:00.724,0.93113,0.93123,1.00,3.57
2014.05.19 11:28:01.716,0.93113,0.93123,1.00,2.07
2014.05.19 11:28:01.868,0.93109,0.93121,2.14,1.19
2014.05.19 11:28:02.324,0.93113,0.93121,1.00,1.19
2014.05.19 11:28:02.374,0.93113,0.93123,1.00,2.82
2014.05.19 11:28:02.632,0.9311,0.93122,1.29,2.89
2014.05.19 11:28:02.733,0.93113,0.93122,1.10,1.32
2014.05.19 11:28:02.834,0.9311,0.93122,1.29,2.89
2014.05.19 11:28:02.935,0.93113,0.93122,1.10,2.07
2014.05.19 11:28:03.087,0.93109,0.93121,1.02,1.77
2014.05.19 11:28:03.854,0.93109,0.9312,1.10,1.19
2014.05.19 11:28:04.360,0.93108,0.93116,1.00,1.19
2014.05.19 11:28:05.386,0.93105,0.93117,1.20,2.52
2014.05.19 11:28:06.515,0.93104,0.93116,3.87,2.14
2014.05.19 11:28:06.566,0.93104,0.93114,2.85,1.77
2014.05.19 11:28:07.022,0.93103,0.93113,1.00,2.52
2014.05.19 11:28:08.507,0.93103,0.93114,1.00,1.32
2014.05.19 11:28:08.609,0.93103,0.93113,1.00,1.29
2014.05.19 11:28:09.776,0.93103,0.93115,1.25,1.19
2014.05.19 11:28:09.878,0.93108,0.93115,1.00,1.19
2014.05.19 11:28:10.779,0.93108,0.93115,1.00,1.77
2014.05.19 11:28:12.922,0.93103,0.93115,1.00,1.77
2014.05.19 11:28:15.810,0.93103,0.93115,1.25,1.32
2014.05.19 11:28:17.819,0.93103,0.93114,1.00,1.69
2014.05.19 11:28:22.876,0.93103,0.93115,1.25,3.87
2014.05.19 11:28:24.858,0.93103,0.93114,1.00,1.32
2014.05.19 11:28:28.347,0.931,0.93112,2.07,1.00
2014.05.19 11:28:28.885,0.931,0.93112,1.19,1.32
2014.05.19 11:28:29.181,0.93103,0.93112,1.00,1.32
2014.05.19 11:28:29.730,0.931,0.93112,1.19,2.07
2014.05.19 11:28:30.171,0.93103,0.93112,1.00,1.32
2014.05.19 11:28:32.905,0.93103,0.93112,1.00,1.32
2014.05.19 11:28:32.956,0.93099,0.93112,1.19,2.07
2014.05.19 11:28:34.131,0.93103,0.93112,1.00,2.07
2014.05.19 11:28:34.240,0.93098,0.93112,3.27,2.07
2014.05.19 11:28:37.210,0.93103,0.93112,1.00,1.32
2014.05.19 11:28:38.970,0.93099,0.93112,1.57,1.19
2014.05.19 11:28:40.231,0.93099,0.93112,1.57,1.25
2014.05.19 11:28:41.393,0.93099,0.93112,3.42,1.19
2014.05.19 11:28:42.598,0.93099,0.93112,3.42,1.19
2014.05.19 11:28:46.024,0.93099,0.93112,3.42,1.25
2014.05.19 11:28:47.322,0.93099,0.93112,3.42,1.19
2014.05.19 11:28:48.367,0.93098,0.93112,3.64,1.69
2014.05.19 11:28:52.964,0.93099,0.93112,1.32,1.19
2014.05.19 11:28:54.052,0.93099,0.93113,2.07,3.27
2014.05.19 11:28:55.362,0.93103,0.93112,1.00,1.25
2014.05.19 11:28:55.965,0.93103,0.93112,1.00,1.19
2014.05.19 11:28:56.067,0.93099,0.93112,1.32,1.69
2014.05.19 11:28:58.111,0.93098,0.93107,2.89,1.00
2014.05.19 11:28:59.986,0.93099,0.93107,1.57,1.00
2014.05.19 11:29:00.530,0.93099,0.93112,1.57,1.69
2014.05.19 11:29:02.041,0.93099,0.93112,1.32,1.69
2014.05.19 11:29:04.005,0.93099,0.93112,1.32,1.69
2014.05.19 11:29:04.811,0.93101,0.93112,1.19,1.00
2014.05.19 11:29:05.325,0.93103,0.93112,1.19,1.00
2014.05.19 11:29:05.427,0.93105,0.93115,2.52,1.00
2014.05.19 11:29:05.478,0.93105,0.93115,3.64,1.00
2014.05.19 11:29:05.579,0.93107,0.93117,1.32,1.58
2014.05.19 11:29:05.681,0.93106,0.93117,3.04,1.58
2014.05.19 11:29:06.625,0.93105,0.93117,1.39,4.02
2014.05.19 11:29:06.827,0.93105,0.93115,1.20,1.19
2014.05.19 11:29:06.978,0.931,0.93112,4.17,1.25
2014.05.19 11:29:14.088,0.93102,0.93112,3.42,1.00
2014.05.19 11:29:14.240,0.93106,0.93112,1.10,1.00
2014.05.19 11:29:14.290,0.93106,0.93116,1.10,1.32
2014.05.19 11:29:14.391,0.93107,0.93117,2.10,2.82
2014.05.19 11:29:14.963,0.93107,0.93117,2.10,2.44
2014.05.19 11:29:22.583,0.93104,0.93117,1.69,2.89
2014.05.19 11:29:22.634,0.93103,0.93112,2.67,1.00
2014.05.19 11:29:26.091,0.93103,0.93112,2.93,1.00
2014.05.19 11:29:26.627,0.93103,0.93115,2.85,1.19
2014.05.19 11:29:27.283,0.93103,0.93115,1.25,1.69
2014.05.19 11:29:28.600,0.93103,0.93115,1.63,1.69
2014.05.19 11:29:28.852,0.93103,0.93116,2.89,1.25
2014.05.19 11:29:30.061,0.93103,0.93116,2.89,1.19
2014.05.19 11:29:31.049,0.93103,0.93116,2.89,1.19
2014.05.19 11:29:33.081,0.93103,0.93116,2.89,1.25
2014.05.19 11:29:37.496,0.93103,0.93116,2.89,1.19
2014.05.19 11:29:38.582,0.93103,0.93116,2.89,1.25
2014.05.19 11:29:42.244,0.93103,0.93115,2.14,1.19
2014.05.19 11:29:42.777,0.93104,0.93115,1.13,1.19
2014.05.19 11:29:47.118,0.93103,0.93116,2.89,1.19
2014.05.19 11:29:51.120,0.93103,0.93112,1.39,1.00
2014.05.19 11:29:51.876,0.93103,0.93112,1.39,1.00
2014.05.19 11:29:52.609,0.93103,0.93115,2.14,1.19
2014.05.19 11:29:54.364,0.93103,0.93115,1.63,1.19
2014.05.19 11:29:57.212,0.93103,0.93116,2.89,1.25
2014.05.19 11:30:00.133,0.93106,0.93117,1.10,2.44
2014.05.19 11:30:00.637,0.93106,0.93117,1.02,1.69
2014.05.19 11:30:01.188,0.93105,0.93112,1.32,1.00
2014.05.19 11:30:01.788,0.93103,0.93112,5.74,1.00
2014.05.19 11:30:02.730,0.93103,0.93117,6.49,2.44
2014.05.19 11:30:03.650,0.93103,0.93117,6.49,2.44
2014.05.19 11:30:03.751,0.93103,0.93112,4.99,1.00
2014.05.19 11:30:04.618,0.93103,0.93112,4.24,1.00
2014.05.19 11:30:05.278,0.93103,0.93112,5.74,1.00
2014.05.19 11:30:06.112,0.93103,0.93117,6.49,2.82
2014.05.19 11:30:07.371,0.93106,0.93117,1.10,1.69
2014.05.19 11:30:07.774,0.93105,0.93112,2.67,1.00
2014.05.19 11:30:07.980,0.93105,0.93117,2.67,1.19
2014.05.19 11:30:08.515,0.93105,0.93117,2.67,1.25
2014.05.19 11:30:09.791,0.93104,0.93117,2.07,1.19
2014.05.19 11:30:12.132,0.93104,0.93117,2.07,1.19
2014.05.19 11:30:14.292,0.93104,0.93117,2.07,1.19
2014.05.19 11:30:18.340,0.93104,0.93117,2.07,1.19
2014.05.19 11:30:19.348,0.93104,0.93117,1.63,1.69
2014.05.19 11:30:19.851,0.93104,0.93117,1.32,1.69
2014.05.19 11:30:20.510,0.93104,0.93117,1.63,1.69
2014.05.19 11:30:21.104,0.93103,0.93117,5.74,2.44
2014.05.19 11:30:22.060,0.93104,0.93117,1.32,1.69
2014.05.19 11:30:22.830,0.93104,0.93117,1.32,1.69
2014.05.19 11:30:32.712,0.93104,0.93117,3.42,2.52
2014.05.19 11:30:33.675,0.93104,0.93117,2.07,1.77
2014.05.19 11:30:38.601,0.93105,0.93117,2.14,1.50
2014.05.19 11:30:39.197,0.93104,0.93117,3.42,2.52
2014.05.19 11:30:42.614,0.93104,0.93117,3.42,2.52
2014.05.19 11:30:43.622,0.93104,0.93117,3.42,2.52
2014.05.19 11:30:45.680,0.93108,0.93117,1.00,1.77
2014.05.19 11:30:46.451,0.93104,0.93117,1.57,2.52
2014.05.19 11:30:49.541,0.93103,0.93115,2.07,1.19
2014.05.19 11:30:50.045,0.93103,0.93115,2.07,1.25
2014.05.19 11:30:50.555,0.93101,0.93112,1.57,1.00
2014.05.19 11:30:51.160,0.931,0.93112,2.89,1.25
2014.05.19 11:30:52.045,0.93103,0.93113,1.00,1.19
2014.05.19 11:30:53.062,0.93103,0.93114,1.13,1.19
2014.05.19 11:30:53.264,0.93104,0.93116,1.39,1.69
2014.05.19 11:30:53.466,0.93103,0.93115,2.07,1.19
2014.05.19 11:30:53.668,0.93104,0.93116,1.29,1.19
2014.05.19 11:30:54.649,0.93105,0.93117,1.02,2.44
2014.05.19 11:30:55.190,0.93108,0.93117,1.10,2.44
2014.05.19 11:30:55.672,0.93105,0.93116,1.02,1.25
2014.05.19 11:30:57.091,0.93103,0.93116,2.14,3.79
2014.05.19 11:30:58.652,0.93103,0.93114,1.95,1.19
2014.05.19 11:31:02.120,0.93105,0.93114,1.10,1.19
2014.05.19 11:31:02.374,0.93103,0.93113,1.00,1.25
2014.05.19 11:31:04.679,0.93103,0.93114,1.25,1.32
2014.05.19 11:31:05.799,0.93104,0.93115,1.19,1.50
2014.05.19 11:31:07.345,0.93103,0.93115,1.77,1.19
2014.05.19 11:31:08.233,0.93104,0.93117,1.19,2.82
2014.05.19 11:31:08.536,0.93107,0.93117,1.10,2.07
2014.05.19 11:31:08.899,0.93108,0.93119,1.58,2.44
2014.05.19 11:31:09.612,0.93108,0.93119,1.77,1.25
2014.05.19 11:31:09.663,0.93108,0.93117,1.02,1.00
2014.05.19 11:31:11.165,0.93105,0.93117,2.14,1.69
2014.05.19 11:31:11.733,0.93105,0.93117,1.77,2.07
2014.05.19 11:31:12.266,0.93105,0.93117,1.02,2.82
2014.05.19 11:31:13.269,0.93105,0.93117,1.02,2.82
2014.05.19 11:31:15.653,0.93105,0.93117,1.02,2.82
2014.05.19 11:31:16.761,0.93105,0.93117,1.02,2.82
2014.05.19 11:31:19.772,0.93105,0.93117,1.29,2.07
2014.05.19 11:31:23.844,0.93105,0.93117,1.02,2.07
2014.05.19 11:31:26.212,0.93105,0.93117,1.29,1.69
2014.05.19 11:31:30.076,0.93108,0.93117,1.10,1.32
2014.05.19 11:31:30.429,0.93111,0.93119,1.10,1.19
2014.05.19 11:31:30.619,0.93109,0.93119,1.10,1.19
2014.05.19 11:31:31.540,0.9311,0.93119,1.10,1.19
2014.05.19 11:31:32.054,0.93112,0.93119,1.10,1.25
2014.05.19 11:31:32.206,0.9311,0.93119,1.10,1.25
2014.05.19 11:31:38.230,0.9311,0.93117,1.10,1.00
2014.05.19 11:31:38.558,0.9311,0.93119,1.10,1.32
2014.05.19 11:31:47.356,0.93111,0.93119,1.10,1.00
2014.05.19 11:31:47.457,0.93113,0.93121,1.10,2.85
2014.05.19 11:31:48.291,0.93112,0.93121,1.10,1.13
2014.05.19 11:31:49.744,0.93112,0.93121,1.10,1.32
2014.05.19 11:31:52.178,0.93114,0.93122,1.10,2.82
2014.05.19 11:31:52.280,0.93114,0.93122,1.10,1.50
2014.05.19 11:31:52.381,0.93115,0.93124,1.10,1.00
2014.05.19 11:31:52.885,0.93116,0.93126,1.10,2.29
2014.05.19 11:31:53.409,0.93117,0.93126,1.10,1.54
2014.05.19 11:31:53.984,0.93115,0.93127,1.02,3.12
2014.05.19 11:31:55.240,0.93115,0.93126,1.02,1.05
2014.05.19 11:31:59.231,0.93115,0.93125,1.02,1.00
2014.05.19 11:31:59.636,0.93115,0.93125,1.02,1.38
2014.05.19 11:31:59.939,0.93112,0.93121,1.10,1.13
2014.05.19 11:32:00.612,0.93111,0.9312,1.10,1.32
2014.05.19 11:32:01.978,0.9311,0.9312,1.10,1.25
2014.05.19 11:32:03.686,0.9311,0.9312,1.10,1.32
2014.05.19 11:32:10.118,0.9311,0.9312,1.02,1.32
2014.05.19 11:32:10.269,0.93112,0.93121,1.10,1.19
2014.05.19 11:32:11.123,0.93112,0.93121,1.10,1.00
2014.05.19 11:32:13.483,0.93112,0.93122,1.10,1.25
2014.05.19 11:32:16.278,0.93113,0.93122,1.10,1.25
2014.05.19 11:32:16.935,0.93114,0.93122,1.10,1.25
2014.05.19 11:32:18.704,0.93114,0.93123,1.10,1.25
2014.05.19 11:32:19.359,0.93115,0.93124,1.10,3.04
2014.05.19 11:32:20.201,0.93115,0.93126,1.10,2.29
2014.05.19 11:32:23.519,0.93115,0.93126,1.02,1.54
2014.05.19 11:32:24.532,0.93115,0.93126,1.10,1.54
2014.05.19 11:32:26.491,0.93115,0.93126,1.02,1.25
2014.05.19 11:32:29.961,0.93117,0.93126,1.10,1.25
2014.05.19 11:32:30.264,0.9312,0.93132,1.29,6.87
2014.05.19 11:32:30.466,0.9312,0.93127,1.29,1.00
2014.05.19 11:32:30.618,0.93118,0.93127,1.77,1.00
2014.05.19 11:32:31.024,0.9312,0.9313,1.02,2.10
2014.05.19 11:32:31.612,0.9312,0.93132,1.02,4.62
2014.05.19 11:32:31.877,0.9312,0.93127,1.02,1.00
2014.05.19 11:32:31.928,0.93118,0.93127,1.77,1.00
2014.05.19 11:32:32.230,0.9312,0.9313,1.10,1.19
2014.05.19 11:32:32.874,0.9312,0.9313,1.02,1.00
2014.05.19 11:32:34.860,0.9312,0.93132,1.02,2.52
2014.05.19 11:32:35.163,0.93122,0.93132,1.02,1.00
2014.05.19 11:32:35.850,0.93123,0.93135,1.00,2.52
2014.05.19 11:32:36.003,0.93123,0.93135,1.69,1.77
2014.05.19 11:32:37.410,0.93124,0.93136,1.10,2.52
2014.05.19 11:32:37.881,0.93125,0.93137,1.29,2.37
2014.05.19 11:32:38.869,0.93126,0.93137,1.77,1.25
2014.05.19 11:32:42.671,0.93125,0.93136,1.19,1.10
2014.05.19 11:32:43.185,0.93125,0.93136,1.19,1.10
2014.05.19 11:32:43.897,0.93124,0.93136,2.52,1.10
2014.05.19 11:32:44.747,0.93125,0.93137,1.29,3.49
2014.05.19 11:32:45.267,0.93125,0.93137,1.77,3.30
2014.05.19 11:32:45.783,0.93125,0.93136,1.19,1.10
2014.05.19 11:32:47.378,0.93126,0.93137,1.19,2.55
2014.05.19 11:32:47.889,0.93128,0.93138,1.00,2.74
2014.05.19 11:32:48.457,0.93128,0.93136,1.25,1.10
2014.05.19 11:32:50.330,0.93126,0.93136,1.19,1.10
2014.05.19 11:32:56.048,0.93128,0.93136,1.00,1.10
2014.05.19 11:32:56.587,0.93126,0.93136,1.19,1.10
2014.05.19 11:32:58.106,0.93125,0.93136,1.19,1.20
2014.05.19 11:32:59.039,0.93125,0.93135,1.19,1.00
2014.05.19 11:33:03.830,0.93124,0.93135,1.10,1.25
2014.05.19 11:33:08.237,0.93124,0.93136,1.29,1.02
2014.05.19 11:33:09.270,0.93124,0.93136,1.77,1.10
2014.05.19 11:33:11.551,0.93124,0.93136,1.02,1.29
2014.05.19 11:33:12.414,0.93124,0.93136,2.14,1.29
2014.05.19 11:33:13.255,0.93124,0.93136,2.89,1.62
2014.05.19 11:33:14.375,0.93128,0.93137,1.10,1.25
2014.05.19 11:33:14.527,0.93125,0.93137,1.02,2.89
2014.05.19 11:33:14.578,0.93125,0.93135,1.02,1.00
2014.05.19 11:33:18.006,0.93123,0.93135,2.52,1.62
2014.05.19 11:33:18.310,0.93121,0.93131,1.69,1.00
2014.05.19 11:33:18.361,0.93121,0.93131,1.25,1.25
2014.05.19 11:33:19.392,0.9312,0.93131,1.77,1.19
2014.05.19 11:33:21.448,0.9312,0.93131,1.58,2.07
2014.05.19 11:33:25.420,0.9312,0.93131,1.58,2.07
2014.05.19 11:33:33.453,0.9312,0.93131,1.58,1.69
2014.05.19 11:33:34.995,0.9312,0.93129,1.00,1.19
2014.05.19 11:33:35.197,0.9312,0.93129,1.10,1.25
2014.05.19 11:33:35.399,0.93118,0.93129,1.25,1.77
2014.05.19 11:33:36.174,0.93119,0.93129,1.10,1.25
2014.05.19 11:33:36.589,0.93118,0.93125,1.00,3.60
2014.05.19 11:33:36.691,0.93115,0.9312,1.00,1.10
2014.05.19 11:33:36.793,0.93109,0.9312,1.00,1.77
2014.05.19 11:33:36.944,0.93113,0.9312,1.10,1.25
2014.05.19 11:33:37.147,0.93111,0.9312,1.10,1.25
2014.05.19 11:33:37.399,0.93113,0.93121,1.00,1.25
2014.05.19 11:33:38.397,0.93113,0.9312,1.10,1.19
2014.05.19 11:33:38.447,0.9311,0.9312,1.00,1.77
2014.05.19 11:33:38.599,0.93108,0.9312,2.14,1.77
2014.05.19 11:33:39.787,0.93108,0.93117,1.39,1.00
2014.05.19 11:33:40.165,0.93108,0.9312,2.14,1.77
2014.05.19 11:33:40.215,0.93111,0.93121,1.10,1.69
2014.05.19 11:33:40.536,0.93113,0.93121,1.10,1.25
2014.05.19 11:33:40.637,0.93111,0.93121,1.02,1.25
2014.05.19 11:33:40.935,0.93108,0.93117,1.39,1.00
2014.05.19 11:33:41.136,0.93108,0.9312,2.14,1.77
2014.05.19 11:33:41.586,0.93108,0.93117,1.39,1.00
2014.05.19 11:33:42.127,0.93108,0.9312,2.14,1.77
2014.05.19 11:33:42.656,0.93107,0.93117,1.10,1.25
2014.05.19 11:33:42.757,0.93104,0.93116,1.77,2.52
2014.05.19 11:33:42.807,0.93104,0.93116,2.52,1.58
2014.05.19 11:33:43.111,0.93108,0.93118,1.00,1.69
2014.05.19 11:33:43.627,0.93106,0.93117,1.39,1.25
2014.05.19 11:33:44.237,0.93108,0.93118,1.00,1.19
2014.05.19 11:33:44.626,0.93108,0.93119,1.77,1.25
2014.05.19 11:33:45.615,0.93108,0.93119,1.58,1.19
2014.05.19 11:33:46.425,0.93108,0.93119,1.19,1.00
2014.05.19 11:33:46.947,0.93108,0.9312,1.19,1.25
2014.05.19 11:33:51.125,0.93108,0.93119,1.00,1.19
2014.05.19 11:33:51.428,0.93108,0.93116,1.00,1.29
2014.05.19 11:33:51.579,0.93103,0.93115,4.39,1.02
2014.05.19 11:33:51.680,0.93103,0.93113,2.44,1.10
2014.05.19 11:33:52.134,0.93102,0.93112,1.10,1.69
2014.05.19 11:33:52.235,0.931,0.93112,1.00,1.69
2014.05.19 11:33:52.365,0.93103,0.93112,1.00,1.19
2014.05.19 11:33:54.113,0.93103,0.93112,1.00,1.19
2014.05.19 11:33:55.115,0.93103,0.93111,1.00,1.19
2014.05.19 11:33:56.723,0.93104,0.93113,1.10,1.32
2014.05.19 11:33:57.302,0.93103,0.93113,2.33,1.19
2014.05.19 11:33:57.844,0.93103,0.93114,2.33,1.19
2014.05.19 11:34:00.141,0.93103,0.93112,1.00,1.19
2014.05.19 11:34:01.166,0.93103,0.93113,1.00,1.19
2014.05.19 11:34:02.884,0.93105,0.93115,1.10,1.69
2014.05.19 11:34:03.416,0.93108,0.93115,1.00,1.69
2014.05.19 11:34:03.656,0.93104,0.93115,1.10,1.19
2014.05.19 11:34:03.758,0.93108,0.93115,1.00,1.19
2014.05.19 11:34:04.263,0.93108,0.93117,1.00,2.52
2014.05.19 11:34:05.194,0.93105,0.93116,1.00,1.77
2014.05.19 11:34:05.729,0.93104,0.93116,1.39,1.77
2014.05.19 11:34:06.248,0.93104,0.93116,1.39,1.77
2014.05.19 11:34:07.617,0.93108,0.93116,1.10,1.19
2014.05.19 11:34:08.284,0.93108,0.93119,1.00,1.77
2014.05.19 11:34:08.611,0.93108,0.93116,1.00,1.10
2014.05.19 11:34:08.953,0.93104,0.93116,2.89,1.10
2014.05.19 11:34:09.895,0.93105,0.93117,2.14,1.77
2014.05.19 11:34:10.436,0.93105,0.93117,2.14,1.77
2014.05.19 11:34:10.753,0.93105,0.93117,1.02,2.52
2014.05.19 11:34:11.070,0.93108,0.9312,3.45,1.02
2014.05.19 11:34:11.278,0.93108,0.9312,1.95,1.77
2014.05.19 11:34:11.430,0.93105,0.93117,2.14,1.77
2014.05.19 11:34:11.581,0.93108,0.93117,1.00,1.29
2014.05.19 11:34:11.702,0.93105,0.93117,2.14,1.77
2014.05.19 11:34:14.627,0.93105,0.93117,1.77,1.77
2014.05.19 11:34:14.829,0.93105,0.93116,1.10,1.32
2014.05.19 11:34:14.879,0.93103,0.93115,2.52,1.29
2014.05.19 11:34:15.989,0.93103,0.93112,1.02,1.00
2014.05.19 11:34:17.388,0.93103,0.93115,1.77,2.14
2014.05.19 11:34:18.208,0.93103,0.93112,1.02,1.00
2014.05.19 11:34:18.329,0.93103,0.93115,1.77,2.14
2014.05.19 11:34:20.837,0.93105,0.93115,1.10,1.19
2014.05.19 11:34:21.659,0.93105,0.93117,1.02,2.52
2014.05.19 11:34:22.478,0.93108,0.93117,1.10,1.00
2014.05.19 11:34:27.995,0.93108,0.93119,1.58,1.19
2014.05.19 11:34:28.506,0.93108,0.9312,1.77,1.77
2014.05.19 11:34:29.401,0.93108,0.9312,2.14,1.02
2014.05.19 11:34:32.423,0.93108,0.9312,1.77,1.29
2014.05.19 11:34:34.461,0.93108,0.9312,1.77,1.02
2014.05.19 11:34:35.495,0.93108,0.9312,1.77,1.39
2014.05.19 11:34:35.807,0.93108,0.93117,1.29,1.00
2014.05.19 11:34:36.685,0.93108,0.9312,1.77,1.39
2014.05.19 11:34:38.462,0.93108,0.9312,1.77,2.14
2014.05.19 11:34:41.489,0.93108,0.93119,1.58,1.32
2014.05.19 11:34:43.283,0.93108,0.93117,1.10,1.00
2014.05.19 11:34:43.815,0.93108,0.9312,1.58,2.14
2014.05.19 11:34:44.386,0.93108,0.9312,1.77,2.14
2014.05.19 11:34:47.396,0.93108,0.9312,1.77,2.14
2014.05.19 11:34:48.478,0.93108,0.9312,1.77,2.14
2014.05.19 11:34:49.197,0.93108,0.9312,2.52,1.39
2014.05.19 11:34:54.356,0.93108,0.93117,1.29,1.00
2014.05.19 11:34:58.194,0.93108,0.93117,2.89,1.00
2014.05.19 11:34:59.067,0.93107,0.93117,1.63,1.58
2014.05.19 11:34:59.118,0.93109,0.9312,1.39,1.25
2014.05.19 11:34:59.421,0.93109,0.93117,2.14,1.00
2014.05.19 11:34:59.572,0.93109,0.9312,1.32,1.02
2014.05.19 11:35:00.244,0.93109,0.9312,1.19,1.10
2014.05.19 11:35:01.231,0.93109,0.9312,1.25,1.02
2014.05.19 11:35:02.891,0.93109,0.9312,1.63,1.02
2014.05.19 11:35:03.093,0.9311,0.93122,1.57,1.77
2014.05.19 11:35:03.305,0.93113,0.93122,1.00,1.02
2014.05.19 11:35:03.858,0.93111,0.93121,1.32,1.10
2014.05.19 11:35:04.472,0.9311,0.9312,1.32,1.10
2014.05.19 11:35:05.012,0.9311,0.93121,1.32,1.02
2014.05.19 11:35:05.366,0.93113,0.93121,1.00,1.02
2014.05.19 11:35:05.837,0.9311,0.93121,1.32,1.02
2014.05.19 11:35:06.342,0.9311,0.93121,1.13,1.29
2014.05.19 11:35:06.878,0.9311,0.9312,1.00,1.54
2014.05.19 11:35:07.030,0.93108,0.93117,1.00,1.25
2014.05.19 11:35:07.080,0.93108,0.93117,1.00,1.69
2014.05.19 11:35:07.282,0.93108,0.93119,1.58,1.19
2014.05.19 11:35:08.389,0.93108,0.9312,2.89,1.77
2014.05.19 11:35:09.554,0.93108,0.9312,2.89,1.77
2014.05.19 11:35:13.295,0.93108,0.9312,3.64,1.02
2014.05.19 11:35:13.586,0.93109,0.93121,2.07,1.02
2014.05.19 11:35:14.093,0.93111,0.93122,1.32,1.58
2014.05.19 11:35:20.676,0.93113,0.93122,2.14,1.00
2014.05.19 11:35:21.183,0.93113,0.93122,1.58,1.00
2014.05.19 11:35:22.394,0.93113,0.93125,2.52,1.29
2014.05.19 11:35:22.676,0.93115,0.93126,1.10,1.19
2014.05.19 11:35:23.397,0.93115,0.93127,1.10,3.27
2014.05.19 11:35:24.103,0.93115,0.93127,1.02,3.27
2014.05.19 11:35:27.859,0.93115,0.93127,1.10,3.27
2014.05.19 11:35:28.405,0.93115,0.93127,1.39,1.77
2014.05.19 11:35:30.170,0.93115,0.93127,1.67,1.77
2014.05.19 11:35:32.197,0.93115,0.93127,1.39,1.77
2014.05.19 11:35:33.195,0.93115,0.93127,1.39,2.52
2014.05.19 11:35:33.739,0.93115,0.93127,1.39,2.52
2014.05.19 11:35:34.763,0.93115,0.93127,1.39,1.77
2014.05.19 11:35:35.425,0.93114,0.93125,2.82,1.10
2014.05.19 11:35:35.527,0.93114,0.93125,1.69,1.10
2014.05.19 11:35:35.577,0.93114,0.93122,1.69,1.00
2014.05.19 11:35:35.678,0.93114,0.93126,1.77,1.10
2014.05.19 11:35:36.184,0.93115,0.93127,1.10,1.77
2014.05.19 11:35:37.144,0.93115,0.93127,1.02,2.52
2014.05.19 11:35:38.147,0.93115,0.93127,1.02,2.52
2014.05.19 11:35:39.652,0.93118,0.93127,1.10,1.69
2014.05.19 11:35:39.803,0.93119,0.9313,1.39,3.04
2014.05.19 11:35:40.904,0.93119,0.93131,1.39,1.25
2014.05.19 11:35:42.175,0.9312,0.93132,2.07,1.77
2014.05.19 11:35:43.026,0.9312,0.93127,1.69,1.00
2014.05.19 11:35:43.128,0.93118,0.93131,3.64,1.02
2014.05.19 11:35:43.481,0.9312,0.93127,1.32,1.00
2014.05.19 11:35:44.196,0.9312,0.93127,1.19,1.00
2014.05.19 11:35:44.544,0.93119,0.93131,1.32,1.10
2014.05.19 11:35:45.144,0.93121,0.93132,1.02,1.25
2014.05.19 11:35:45.758,0.93121,0.93132,1.20,1.69
2014.05.19 11:35:46.350,0.93121,0.93132,1.39,1.19
2014.05.19 11:35:46.966,0.93121,0.93132,1.39,1.19
2014.05.19 11:35:47.516,0.93121,0.93132,1.39,1.19
2014.05.19 11:35:48.411,0.93121,0.93132,1.39,1.25
2014.05.19 11:35:50.255,0.93121,0.93132,1.02,1.69
2014.05.19 11:35:50.306,0.93119,0.9313,2.07,1.10
2014.05.19 11:35:50.356,0.93119,0.9313,1.32,1.02
2014.05.19 11:35:52.253,0.93118,0.9313,2.89,1.77
2014.05.19 11:35:55.243,0.93118,0.9313,2.89,1.77
2014.05.19 11:35:57.084,0.93118,0.93127,1.95,1.00
2014.05.19 11:35:59.869,0.93117,0.93127,3.98,1.19
2014.05.19 11:36:01.950,0.93117,0.93127,3.98,1.25
2014.05.19 11:36:02.967,0.93118,0.9313,2.14,1.77
2014.05.19 11:36:03.702,0.93118,0.93127,1.32,1.00
2014.05.19 11:36:04.801,0.93118,0.9313,1.88,1.77
2014.05.19 11:36:08.822,0.93118,0.9313,2.07,1.77
2014.05.19 11:36:10.067,0.93119,0.9313,1.00,1.77
2014.05.19 11:36:10.168,0.93123,0.93133,1.00,1.19
2014.05.19 11:36:10.269,0.93123,0.93134,1.25,1.02
2014.05.19 11:36:10.682,0.93125,0.93137,1.02,7.62
2014.05.19 11:36:12.656,0.93127,0.93137,1.10,1.19
2014.05.19 11:36:13.201,0.93128,0.93138,1.00,1.19
2014.05.19 11:36:14.864,0.93128,0.93138,1.00,1.19
2014.05.19 11:36:15.544,0.93126,0.93137,1.39,1.25
2014.05.19 11:36:18.693,0.93126,0.93136,1.10,1.32
2014.05.19 11:36:18.945,0.93121,0.93132,2.52,1.00
2014.05.19 11:36:19.046,0.93125,0.93135,1.10,3.79
2014.05.19 11:36:19.338,0.93126,0.93137,1.10,3.57
2014.05.19 11:36:20.597,0.93126,0.93137,1.10,1.19
2014.05.19 11:36:22.628,0.93126,0.93132,1.10,1.00
2014.05.19 11:36:23.155,0.93125,0.93136,1.00,1.77
2014.05.19 11:36:24.006,0.93125,0.93136,1.00,1.77
2014.05.19 11:36:27.532,0.93125,0.93137,2.14,2.37
2014.05.19 11:36:27.956,0.93128,0.93137,1.10,1.25
2014.05.19 11:36:29.643,0.93127,0.93137,1.02,1.25
2014.05.19 11:36:31.085,0.93127,0.93137,1.10,1.69
2014.05.19 11:36:31.238,0.93125,0.93137,1.58,2.52
2014.05.19 11:36:31.836,0.93124,0.93134,1.00,1.10
2014.05.19 11:36:31.937,0.93122,0.93132,1.25,1.58
2014.05.19 11:36:32.175,0.93123,0.93135,2.70,1.77
2014.05.19 11:36:32.660,0.93123,0.93133,2.70,1.19
2014.05.19 11:36:32.963,0.93123,0.93129,1.13,1.25
2014.05.19 11:36:33.283,0.93118,0.93127,1.00,2.10
2014.05.19 11:36:33.466,0.93116,0.93127,1.10,3.79
2014.05.19 11:36:33.617,0.93116,0.93126,1.10,1.19
2014.05.19 11:36:33.718,0.93114,0.93125,1.10,1.19
2014.05.19 11:36:34.255,0.93113,0.93125,1.77,2.07
2014.05.19 11:36:34.457,0.93116,0.93124,1.10,1.19
2014.05.19 11:36:35.283,0.93116,0.93125,1.10,3.04
2014.05.19 11:36:35.786,0.93116,0.93125,1.02,2.85
2014.05.19 11:36:36.089,0.93118,0.93125,1.00,2.29
2014.05.19 11:36:36.139,0.93116,0.93125,1.10,2.29
2014.05.19 11:36:36.672,0.93115,0.93125,1.10,2.29
2014.05.19 11:36:36.723,0.93115,0.93125,1.10,3.04
2014.05.19 11:36:37.625,0.93115,0.93125,1.10,2.10
2014.05.19 11:36:37.676,0.93118,0.93125,1.00,2.10
2014.05.19 11:36:37.878,0.93116,0.93126,1.10,1.19
2014.05.19 11:36:38.954,0.93115,0.93127,1.10,4.92
2014.05.19 11:36:39.456,0.93114,0.93126,1.77,1.95
2014.05.19 11:36:39.658,0.93118,0.93126,1.00,1.13
2014.05.19 11:36:39.861,0.93113,0.93126,1.77,2.07
2014.05.19 11:36:40.831,0.93113,0.93125,1.77,1.32
2014.05.19 11:36:41.341,0.93113,0.93126,2.52,1.57
2014.05.19 11:36:41.642,0.93118,0.93126,1.00,1.57
2014.05.19 11:36:43.325,0.93118,0.93126,1.00,1.32
2014.05.19 11:36:43.480,0.93114,0.93126,1.77,1.32
2014.05.19 11:36:44.054,0.93114,0.93126,1.02,2.07
2014.05.19 11:36:44.840,0.93114,0.93126,1.29,1.32
2014.05.19 11:36:45.384,0.93115,0.93126,1.19,1.13
2014.05.19 11:36:47.474,0.93114,0.93126,1.19,1.25
2014.05.19 11:36:51.470,0.93113,0.93126,2.89,1.19
2014.05.19 11:36:52.004,0.93113,0.93125,1.77,2.89
2014.05.19 11:36:52.976,0.93113,0.93124,1.00,1.77
2014.05.19 11:36:53.277,0.93113,0.93123,1.00,1.19
2014.05.19 11:36:53.378,0.9311,0.93122,2.14,1.77
2014.05.19 11:36:53.480,0.93109,0.93121,1.58,2.52
2014.05.19 11:36:53.783,0.93106,0.93117,1.29,1.00
2014.05.19 11:36:53.985,0.93105,0.93116,1.32,1.02
2014.05.19 11:36:58.206,0.93108,0.93116,1.00,1.02
2014.05.19 11:37:00.921,0.93108,0.93118,1.00,1.77
2014.05.19 11:37:01.923,0.93108,0.93118,1.00,1.77
2014.05.19 11:37:03.932,0.93108,0.93118,1.00,1.29
2014.05.19 11:37:04.954,0.93108,0.9312,2.89,2.18
2014.05.19 11:37:05.105,0.93108,0.9312,2.14,2.37
2014.05.19 11:37:05.576,0.93109,0.93121,1.29,1.77
2014.05.19 11:37:06.080,0.9311,0.93122,2.89,3.68
2014.05.19 11:37:06.433,0.93114,0.93124,1.10,1.19
2014.05.19 11:37:06.584,0.93114,0.93125,1.29,1.25
2014.05.19 11:37:07.223,0.93118,0.93125,1.00,1.25
2014.05.19 11:37:08.104,0.93114,0.93125,1.39,1.25
2014.05.19 11:37:08.689,0.93114,0.93126,1.77,1.77
2014.05.19 11:37:09.196,0.93114,0.93126,1.77,1.77
2014.05.19 11:37:09.586,0.93114,0.93126,2.52,1.02
2014.05.19 11:37:09.637,0.93118,0.93128,1.00,4.92
2014.05.19 11:37:09.823,0.93114,0.93127,2.52,1.32
2014.05.19 11:37:09.873,0.93114,0.93126,1.77,1.19
2014.05.19 11:37:10.574,0.93113,0.93125,1.58,2.52
2014.05.19 11:37:11.394,0.93118,0.93125,1.00,1.32
2014.05.19 11:37:11.596,0.93113,0.93124,1.00,1.19
2014.05.19 11:37:12.052,0.93115,0.93124,1.10,1.19
2014.05.19 11:37:13.105,0.93115,0.93125,1.10,1.25
2014.05.19 11:37:13.156,0.93118,0.93126,1.58,3.42
2014.05.19 11:37:13.614,0.93118,0.93125,1.00,1.19
2014.05.19 11:37:15.135,0.93118,0.93126,1.58,2.67
2014.05.19 11:37:17.665,0.93115,0.93125,1.10,1.25
2014.05.19 11:37:17.734,0.93115,0.93125,1.10,1.69
2014.05.19 11:37:17.842,0.93113,0.93125,1.95,2.52
2014.05.19 11:37:19.063,0.93118,0.93124,1.00,1.19
2014.05.19 11:37:19.164,0.93118,0.93125,1.00,1.25
2014.05.19 11:37:20.035,0.93118,0.93125,1.00,3.79
2014.05.19 11:37:22.018,0.93118,0.93123,1.00,1.19
2014.05.19 11:37:23.604,0.93118,0.93125,1.00,2.85
2014.05.19 11:37:24.124,0.93118,0.93125,1.00,3.04
2014.05.19 11:37:25.558,0.93114,0.93126,1.02,1.32
2014.05.19 11:37:25.609,0.93116,0.93124,1.10,1.19
2014.05.19 11:37:26.194,0.93115,0.93124,1.10,1.19
2014.05.19 11:37:26.701,0.93115,0.93124,1.10,1.19
2014.05.19 11:37:27.124,0.93118,0.93126,1.00,2.07
2014.05.19 11:37:28.146,0.93118,0.93126,1.00,1.32
2014.05.19 11:37:29.072,0.93113,0.93126,2.14,1.19
2014.05.19 11:37:29.453,0.93123,0.93128,1.00,1.00
2014.05.19 11:37:29.989,0.93123,0.9313,1.00,1.69
2014.05.19 11:37:30.515,0.93118,0.9313,1.19,1.69
2014.05.19 11:37:31.214,0.93118,0.9313,2.14,1.69
2014.05.19 11:37:31.265,0.93123,0.9313,1.00,1.00
2014.05.19 11:37:31.366,0.93123,0.93133,1.00,2.10
2014.05.19 11:37:31.734,0.93123,0.93133,1.00,2.07
2014.05.19 11:37:32.827,0.93123,0.93132,1.00,1.19
2014.05.19 11:37:33.774,0.93123,0.93132,1.00,1.19
2014.05.19 11:37:39.134,0.93123,0.93133,1.58,1.25
2014.05.19 11:37:39.320,0.93123,0.93136,2.52,1.32
2014.05.19 11:37:39.421,0.93128,0.93136,1.00,1.32
2014.05.19 11:37:40.342,0.93128,0.93137,1.00,2.82
2014.05.19 11:37:42.573,0.93123,0.93137,3.64,3.57
2014.05.19 11:37:44.591,0.93124,0.93132,1.19,1.00
2014.05.19 11:37:44.994,0.93124,0.93136,1.02,1.77
2014.05.19 11:37:45.629,0.93124,0.93136,1.02,1.77
2014.05.19 11:37:46.132,0.93124,0.93136,1.77,1.02
2014.05.19 11:37:46.534,0.93125,0.93137,1.32,2.25
2014.05.19 11:37:47.143,0.93128,0.93139,1.00,2.52
2014.05.19 11:37:47.693,0.93128,0.93139,1.25,1.77
2014.05.19 11:37:48.586,0.93128,0.93139,1.25,1.77
2014.05.19 11:37:49.094,0.93126,0.93137,2.07,1.00
2014.05.19 11:37:49.641,0.93126,0.93137,1.32,1.25
2014.05.19 11:37:50.885,0.93126,0.93137,1.32,1.25
2014.05.19 11:37:52.811,0.93128,0.93138,1.00,2.07
2014.05.19 11:37:53.476,0.93128,0.93138,1.00,1.32
2014.05.19 11:37:56.954,0.93129,0.93139,1.10,2.07
2014.05.19 11:37:57.281,0.93133,0.93139,1.00,1.00
2014.05.19 11:37:57.559,0.9313,0.93141,1.77,1.13
2014.05.19 11:37:57.761,0.93133,0.93142,1.00,2.89
2014.05.19 11:37:58.072,0.93138,0.93142,1.00,1.00
2014.05.19 11:37:58.294,0.93133,0.93142,1.77,1.00
2014.05.19 11:37:59.846,0.93132,0.93142,1.02,1.69
2014.05.19 11:38:02.376,0.93133,0.93142,1.00,1.25
2014.05.19 11:38:02.883,0.93132,0.93142,1.10,2.44
2014.05.19 11:38:03.666,0.93131,0.93142,1.10,2.44
2014.05.19 11:38:03.944,0.93133,0.93142,1.00,1.19
2014.05.19 11:38:05.992,0.93131,0.93142,1.10,1.69
2014.05.19 11:38:06.984,0.93133,0.93142,1.00,1.57
2014.05.19 11:38:07.732,0.93133,0.93144,1.00,2.52
2014.05.19 11:38:07.934,0.93135,0.93144,1.00,1.00
2014.05.19 11:38:08.168,0.93136,0.93147,1.77,1.00
2014.05.19 11:38:08.434,0.93139,0.9315,1.02,2.67
2014.05.19 11:38:08.771,0.93137,0.93147,1.25,1.00
2014.05.19 11:38:09.572,0.93137,0.93147,1.19,1.00
2014.05.19 11:38:10.596,0.93137,0.93147,1.77,1.25
2014.05.19 11:38:12.482,0.93138,0.93149,1.00,1.77
2014.05.19 11:38:13.084,0.93138,0.93149,1.25,1.02
2014.05.19 11:38:13.912,0.93137,0.93147,1.77,1.00
2014.05.19 11:38:14.487,0.93137,0.93147,2.89,1.00
2014.05.19 11:38:15.099,0.93137,0.93147,3.64,1.00
2014.05.19 11:38:16.247,0.93137,0.93147,2.52,1.00
2014.05.19 11:38:18.317,0.93137,0.93147,2.52,1.00
2014.05.19 11:38:20.213,0.93141,0.93147,1.10,1.00
2014.05.19 11:38:20.314,0.93139,0.93147,1.20,1.00
2014.05.19 11:38:21.496,0.93137,0.93147,2.89,1.00
2014.05.19 11:38:22.151,0.93138,0.93149,1.25,1.02
2014.05.19 11:38:22.689,0.93138,0.93149,1.19,1.02
2014.05.19 11:38:23.363,0.93137,0.93147,3.64,1.00
2014.05.19 11:38:23.993,0.93137,0.93147,3.64,1.00
2014.05.19 11:38:24.902,0.93138,0.93149,1.25,1.02
2014.05.19 11:38:25.895,0.93137,0.93147,3.64,1.00
2014.05.19 11:38:27.215,0.93137,0.93147,2.52,1.00
2014.05.19 11:38:27.755,0.93137,0.93147,1.58,1.19
2014.05.19 11:38:28.421,0.93137,0.93147,1.77,1.00
2014.05.19 11:38:36.967,0.93137,0.93147,1.29,1.00
2014.05.19 11:38:38.573,0.93136,0.93146,1.69,1.10
2014.05.19 11:38:38.724,0.93135,0.93146,1.69,1.10
2014.05.19 11:38:39.280,0.93135,0.93145,1.69,1.10
2014.05.19 11:38:40.972,0.93135,0.93146,1.69,1.10
2014.05.19 11:38:41.844,0.93135,0.93146,1.25,1.02
2014.05.19 11:38:45.291,0.93135,0.93142,1.25,1.00
2014.05.19 11:38:45.731,0.93135,0.93146,1.25,1.02
2014.05.19 11:38:45.832,0.93135,0.93146,1.00,1.77
2014.05.19 11:38:46.163,0.93137,0.93147,1.10,1.19
2014.05.19 11:38:48.451,0.93138,0.93147,1.10,1.19
2014.05.19 11:38:48.811,0.93135,0.93146,1.32,1.02
2014.05.19 11:38:48.862,0.93134,0.93144,1.95,1.19
2014.05.19 11:38:49.114,0.93133,0.93142,1.20,1.25
2014.05.19 11:38:49.215,0.93133,0.93145,2.14,2.52
2014.05.19 11:38:49.266,0.93137,0.93145,1.10,1.19
2014.05.19 11:38:49.468,0.93135,0.93145,1.10,1.19
2014.05.19 11:38:49.582,0.93135,0.93142,1.10,1.00
2014.05.19 11:38:49.662,0.93133,0.93142,2.14,1.00
2014.05.19 11:38:49.820,0.93135,0.93142,1.10,1.00
2014.05.19 11:38:51.037,0.93132,0.93142,1.02,1.00
2014.05.19 11:38:51.498,0.9313,0.93142,2.14,2.52
2014.05.19 11:38:53.068,0.93129,0.93141,1.10,2.07
2014.05.19 11:38:53.871,0.93129,0.93137,1.10,1.00
2014.05.19 11:38:53.972,0.93127,0.93137,1.39,1.00
2014.05.19 11:38:54.577,0.93128,0.93139,1.00,2.14
2014.05.19 11:38:55.109,0.93127,0.93137,1.10,1.25
2014.05.19 11:38:59.041,0.93128,0.93138,1.00,1.19
2014.05.19 11:39:02.221,0.93129,0.93139,1.10,1.32
2014.05.19 11:39:02.323,0.93129,0.93141,1.02,4.17
2014.05.19 11:39:10.279,0.9313,0.93141,1.29,1.00
2014.05.19 11:39:10.430,0.93133,0.93144,1.25,1.39
2014.05.19 11:39:10.632,0.93134,0.93146,1.77,1.02
2014.05.19 11:39:13.989,0.93133,0.93144,4.92,1.10
2014.05.19 11:39:14.191,0.93133,0.93144,1.69,1.02
2014.05.19 11:39:15.180,0.93133,0.93144,1.00,1.29
2014.05.19 11:39:15.790,0.93133,0.93143,1.00,2.14
2014.05.19 11:39:15.841,0.93132,0.93137,1.00,1.00
2014.05.19 11:39:15.892,0.93129,0.93137,2.29,1.58
2014.05.19 11:39:15.993,0.93126,0.93137,3.57,1.58
2014.05.19 11:39:16.669,0.93128,0.93137,1.02,1.00
2014.05.19 11:39:17.042,0.93128,0.9314,1.77,1.29
2014.05.19 11:39:17.589,0.93129,0.93139,1.10,1.32
2014.05.19 11:39:20.170,0.93129,0.93137,1.10,1.00
2014.05.19 11:39:24.884,0.93128,0.93137,1.10,1.25
2014.05.19 11:39:24.985,0.9313,0.93137,1.10,1.25
2014.05.19 11:39:26.007,0.93129,0.93137,1.10,1.00
2014.05.19 11:39:28.062,0.93129,0.93141,1.77,1.02
2014.05.19 11:39:28.581,0.93131,0.93142,1.58,1.19
2014.05.19 11:39:29.114,0.93131,0.93142,1.77,1.25
2014.05.19 11:39:29.859,0.93131,0.93142,1.77,1.00
2014.05.19 11:39:30.896,0.93131,0.93142,1.29,1.25
2014.05.19 11:39:31.869,0.93131,0.93142,1.77,1.00
2014.05.19 11:39:35.285,0.93131,0.93142,1.02,1.25
2014.05.19 11:39:36.389,0.93131,0.93142,1.29,1.00
2014.05.19 11:39:42.912,0.93133,0.93142,1.10,1.00
2014.05.19 11:39:43.319,0.93133,0.93142,1.77,1.00
2014.05.19 11:39:43.480,0.93133,0.93145,3.64,1.02
2014.05.19 11:39:43.595,0.93133,0.93142,2.89,1.00
2014.05.19 11:39:44.172,0.93134,0.93142,1.19,1.00
2014.05.19 11:39:44.626,0.93133,0.93142,2.89,1.00
2014.05.19 11:39:45.094,0.93135,0.93147,1.10,3.64
2014.05.19 11:39:45.198,0.93135,0.93147,1.77,2.52
2014.05.19 11:39:45.702,0.93138,0.93147,1.02,1.00
2014.05.19 11:39:46.656,0.93138,0.93147,1.29,1.00
2014.05.19 11:39:48.084,0.9314,0.93147,1.10,1.00
2014.05.19 11:39:48.734,0.93141,0.93147,1.10,1.00
2014.05.19 11:39:49.522,0.93139,0.93147,1.29,1.00
2014.05.19 11:39:50.029,0.93139,0.93147,1.10,1.00
2014.05.19 11:39:50.181,0.93136,0.93147,2.14,1.25
2014.05.19 11:39:52.093,0.93136,0.93147,1.77,1.25
2014.05.19 11:39:53.234,0.93137,0.93147,1.10,1.25
2014.05.19 11:39:54.080,0.93137,0.93147,1.39,1.00
2014.05.19 11:39:56.291,0.93137,0.93147,1.20,1.25
2014.05.19 11:40:01.314,0.93137,0.93147,1.77,1.00
2014.05.19 11:40:01.933,0.93136,0.93147,1.02,1.25
2014.05.19 11:40:02.561,0.93137,0.93147,1.10,1.25
2014.05.19 11:40:03.110,0.93137,0.93147,1.29,1.00
2014.05.19 11:40:04.134,0.93137,0.93147,1.02,1.00
2014.05.19 11:40:05.139,0.93137,0.93147,1.77,1.00
2014.05.19 11:40:08.354,0.93137,0.93147,1.77,1.00
2014.05.19 11:40:09.891,0.93137,0.93147,1.77,1.00
2014.05.19 11:40:10.891,0.93137,0.93147,2.52,1.00
2014.05.19 11:40:11.218,0.93137,0.93147,1.77,1.00
2014.05.19 11:40:12.216,0.93137,0.93147,1.77,1.00
2014.05.19 11:40:15.141,0.93137,0.93147,1.77,1.00
2014.05.19 11:40:15.644,0.93137,0.93147,1.02,1.00
2014.05.19 11:40:17.655,0.93136,0.93147,1.77,1.00
2014.05.19 11:40:18.359,0.93136,0.93147,1.02,1.19
2014.05.19 11:40:19.481,0.93136,0.93147,1.29,1.25
2014.05.19 11:40:21.677,0.93136,0.93147,1.77,1.00
2014.05.19 11:40:26.699,0.93137,0.93147,2.14,1.00
2014.05.19 11:40:28.562,0.93138,0.93147,1.19,1.00
2014.05.19 11:40:29.018,0.93137,0.93147,1.39,1.00
2014.05.19 11:40:30.022,0.93137,0.93147,1.29,1.00
2014.05.19 11:40:33.040,0.93136,0.93147,1.69,1.58
2014.05.19 11:40:35.391,0.93138,0.93147,1.00,1.10
2014.05.19 11:40:40.562,0.93136,0.93147,3.04,1.58
2014.05.19 11:40:44.089,0.93136,0.93147,3.04,1.77
2014.05.19 11:40:45.294,0.93136,0.93147,2.85,2.52
2014.05.19 11:40:45.859,0.93138,0.93147,1.00,1.77
2014.05.19 11:40:46.433,0.93138,0.93147,1.00,1.29
2014.05.19 11:40:48.306,0.93138,0.93148,1.00,1.77
2014.05.19 11:40:49.528,0.93138,0.93149,1.69,1.29
2014.05.19 11:40:50.057,0.93139,0.9315,2.67,1.77
2014.05.19 11:40:51.058,0.9314,0.9315,1.00,1.29
2014.05.19 11:40:51.211,0.93141,0.93152,1.20,1.69
2014.05.19 11:40:51.725,0.93142,0.93152,1.25,1.25
2014.05.19 11:40:53.341,0.93142,0.93152,1.19,1.00
2014.05.19 11:40:54.401,0.93142,0.93152,1.69,1.00
2014.05.19 11:40:55.348,0.93142,0.93152,1.69,1.00
2014.05.19 11:40:55.803,0.93141,0.93151,1.69,1.10
2014.05.19 11:40:55.955,0.9314,0.93149,3.04,1.10
2014.05.19 11:40:56.207,0.93139,0.93151,4.99,1.02
2014.05.19 11:40:56.705,0.93142,0.93152,1.69,1.00
2014.05.19 11:40:58.369,0.93142,0.93152,1.25,1.25
2014.05.19 11:41:02.480,0.93142,0.93151,1.00,1.10
2014.05.19 11:41:02.732,0.93139,0.93151,3.68,1.77
2014.05.19 11:41:02.883,0.93141,0.93151,1.10,1.19
2014.05.19 11:41:03.200,0.93139,0.93151,3.68,1.77
2014.05.19 11:41:03.796,0.93139,0.93151,3.87,1.77
2014.05.19 11:41:04.811,0.93141,0.93151,1.10,1.19
2014.05.19 11:41:05.013,0.93141,0.93152,2.89,1.25
2014.05.19 11:41:05.332,0.93142,0.93152,1.19,1.00
2014.05.19 11:41:06.122,0.93141,0.93152,4.54,1.77
2014.05.19 11:41:07.161,0.93143,0.93154,1.00,2.14
2014.05.19 11:41:07.679,0.93143,0.93154,1.25,2.14
2014.05.19 11:41:09.358,0.93143,0.93154,1.19,1.39
2014.05.19 11:41:09.878,0.93143,0.93155,3.64,1.10
2014.05.19 11:41:10.839,0.93143,0.93155,3.64,1.02
2014.05.19 11:41:12.653,0.93145,0.93157,1.10,3.64
2014.05.19 11:41:13.371,0.93145,0.93155,3.04,1.10
2014.05.19 11:41:14.302,0.93145,0.93156,1.19,1.02
2014.05.19 11:41:14.959,0.93146,0.93157,1.25,1.77
2014.05.19 11:41:17.373,0.93146,0.93157,2.07,1.58
2014.05.19 11:41:19.109,0.93147,0.93157,1.25,1.25
2014.05.19 11:41:20.630,0.93147,0.93157,1.69,1.58
2014.05.19 11:41:21.300,0.93145,0.93157,1.69,1.32
2014.05.19 11:41:21.351,0.93145,0.93152,1.69,1.00
2014.05.19 11:41:21.401,0.93144,0.93152,1.25,1.00
2014.05.19 11:41:21.452,0.93144,0.9315,1.25,1.10
2014.05.19 11:41:21.503,0.93141,0.9315,1.19,1.10
2014.05.19 11:41:21.654,0.93141,0.93152,1.19,1.77
2014.05.19 11:41:22.007,0.93145,0.93152,1.00,1.25
2014.05.19 11:41:22.208,0.93145,0.93156,1.25,1.02
2014.05.19 11:41:22.831,0.93145,0.93156,1.69,1.10
2014.05.19 11:41:23.401,0.93145,0.93157,2.89,1.00
2014.05.19 11:41:25.819,0.93146,0.93157,2.89,1.00
2014.05.19 11:41:26.824,0.93148,0.93157,1.19,1.00
2014.05.19 11:41:27.383,0.93147,0.93157,1.32,1.58
2014.05.19 11:41:28.089,0.93147,0.93152,1.25,1.00
2014.05.19 11:41:29.349,0.93146,0.93152,1.25,1.00
2014.05.19 11:41:29.739,0.93146,0.93154,1.25,1.10
2014.05.19 11:41:30.290,0.93146,0.93155,1.25,1.10
2014.05.19 11:41:30.480,0.93146,0.93157,1.25,1.77
2014.05.19 11:41:31.376,0.93146,0.93157,1.19,1.77
2014.05.19 11:41:31.986,0.93146,0.93152,1.19,1.00
2014.05.19 11:41:32.599,0.93146,0.93157,1.19,1.77
2014.05.19 11:41:34.045,0.93146,0.93152,1.77,1.00
2014.05.19 11:41:34.146,0.93148,0.93157,1.10,1.25
2014.05.19 11:41:37.286,0.93147,0.93157,1.32,1.00
2014.05.19 11:41:38.432,0.93147,0.93157,1.32,1.00
2014.05.19 11:41:39.399,0.93147,0.93157,1.32,1.00
2014.05.19 11:41:43.620,0.93147,0.93152,1.25,1.00
2014.05.19 11:41:44.122,0.93147,0.93157,1.25,1.58
2014.05.19 11:41:44.562,0.93147,0.93152,1.25,1.00
2014.05.19 11:41:44.682,0.93147,0.93157,1.25,1.00
2014.05.19 11:41:44.779,0.93147,0.93152,1.25,1.00
2014.05.19 11:41:45.111,0.93147,0.93157,1.25,1.00
2014.05.19 11:41:47.533,0.93147,0.93152,1.25,1.00
2014.05.19 11:41:47.754,0.93147,0.93157,1.25,1.00
2014.05.19 11:41:48.452,0.93147,0.93157,1.69,1.00
2014.05.19 11:41:49.507,0.93147,0.93157,1.69,1.00
2014.05.19 11:41:50.280,0.93148,0.93153,1.10,1.00
2014.05.19 11:41:51.382,0.93147,0.93157,2.52,1.00
2014.05.19 11:41:52.372,0.93147,0.93153,2.33,1.00
2014.05.19 11:41:52.702,0.93147,0.93157,2.52,1.00
2014.05.19 11:41:54.492,0.93147,0.93157,2.52,1.00
2014.05.19 11:41:54.646,0.93147,0.93152,2.52,1.00
2014.05.19 11:41:55.497,0.93147,0.93159,2.52,1.02
2014.05.19 11:42:00.465,0.93147,0.93152,2.52,1.00
2014.05.19 11:42:00.627,0.93147,0.93157,1.69,1.00
2014.05.19 11:42:01.436,0.93147,0.93157,1.69,1.00
2014.05.19 11:42:02.444,0.93147,0.93157,1.69,1.00
2014.05.19 11:42:03.450,0.93148,0.93157,1.19,1.00
2014.05.19 11:42:05.568,0.93147,0.93157,1.00,1.00
2014.05.19 11:42:09.169,0.93148,0.93158,1.00,1.02
2014.05.19 11:42:11.039,0.93146,0.93157,1.77,1.00
2014.05.19 11:42:11.804,0.93146,0.93157,1.69,1.58
2014.05.19 11:42:12.811,0.93146,0.93157,2.52,1.00
2014.05.19 11:42:13.846,0.93146,0.93157,2.89,1.00
2014.05.19 11:42:15.358,0.93146,0.93156,1.32,1.10
2014.05.19 11:42:16.338,0.93145,0.93156,1.69,1.10
2014.05.19 11:42:16.856,0.93146,0.93157,1.39,1.25
2014.05.19 11:42:17.270,0.93148,0.93158,1.00,1.29
2014.05.19 11:42:17.820,0.93146,0.93157,1.39,1.25
2014.05.19 11:42:19.409,0.93146,0.93157,1.39,1.25
2014.05.19 11:42:20.415,0.93149,0.93157,1.10,1.25
2014.05.19 11:42:20.516,0.93148,0.9316,1.58,1.77
2014.05.19 11:42:20.769,0.9315,0.93161,1.19,1.02
2014.05.19 11:42:21.290,0.9315,0.93162,1.02,3.64
2014.05.19 11:42:21.939,0.9315,0.9316,1.10,1.19
2014.05.19 11:42:22.346,0.9315,0.93157,1.10,1.00
2014.05.19 11:42:22.767,0.9315,0.93161,1.10,1.32
2014.05.19 11:42:22.909,0.9315,0.93157,1.10,1.00
2014.05.19 11:42:23.485,0.9315,0.93157,1.29,1.00
2014.05.19 11:42:23.542,0.9315,0.93162,1.29,3.64
2014.05.19 11:42:25.262,0.9315,0.93157,1.29,1.00
2014.05.19 11:42:25.752,0.9315,0.93159,1.10,1.25
2014.05.19 11:42:25.954,0.93148,0.93159,1.58,2.07
2014.05.19 11:42:26.256,0.9315,0.93161,1.10,1.63
2014.05.19 11:42:26.559,0.93148,0.93158,1.00,1.39
2014.05.19 11:42:26.943,0.93148,0.93159,1.19,2.14
2014.05.19 11:42:28.141,0.93148,0.93158,1.69,1.10
2014.05.19 11:42:29.857,0.93147,0.93157,1.19,1.00
2014.05.19 11:42:30.338,0.93148,0.93153,1.00,1.10
2014.05.19 11:42:30.439,0.93143,0.93152,2.82,1.10
2014.05.19 11:42:30.641,0.93143,0.93154,2.82,1.10
2014.05.19 11:42:30.842,0.93148,0.93155,1.00,1.10
2014.05.19 11:42:31.051,0.93148,0.93157,1.00,1.10
2014.05.19 11:42:31.102,0.93148,0.93152,1.00,1.10
2014.05.19 11:42:31.203,0.93143,0.93155,1.77,3.68
2014.05.19 11:42:31.304,0.93143,0.93153,1.19,1.10
2014.05.19 11:42:32.237,0.93144,0.93153,1.19,1.10
2014.05.19 11:42:32.547,0.93148,0.93155,1.00,1.10
2014.05.19 11:42:34.241,0.93144,0.93155,1.69,1.10
2014.05.19 11:42:34.744,0.93148,0.93155,1.00,1.10
2014.05.19 11:42:35.009,0.93144,0.93155,2.07,1.10
2014.05.19 11:42:35.266,0.93148,0.93155,1.00,1.10
2014.05.19 11:42:35.469,0.93144,0.93156,3.64,1.02
2014.05.19 11:42:35.570,0.93148,0.93156,1.00,1.02
2014.05.19 11:42:36.689,0.93148,0.93157,1.00,1.02
2014.05.19 11:42:37.838,0.93148,0.93156,1.00,1.10
2014.05.19 11:42:38.339,0.93148,0.93157,1.00,1.02
2014.05.19 11:42:38.541,0.9315,0.93161,1.02,1.63
2014.05.19 11:42:39.034,0.9315,0.93162,1.77,2.14
2014.05.19 11:42:39.166,0.93153,0.93162,1.00,1.02
2014.05.19 11:42:40.236,0.93153,0.93161,1.00,1.10
2014.05.19 11:42:40.812,0.93153,0.93162,1.00,1.02
2014.05.19 11:42:41.529,0.93153,0.93163,1.25,1.02
2014.05.19 11:42:42.218,0.93153,0.93163,1.19,1.10
2014.05.19 11:42:45.108,0.93153,0.93162,1.19,1.00
2014.05.19 11:42:46.287,0.93151,0.93162,2.14,1.00
2014.05.19 11:42:46.592,0.93151,0.93162,1.39,1.19
2014.05.19 11:42:46.899,0.93153,0.93163,1.00,1.77
2014.05.19 11:42:48.510,0.93151,0.93162,1.39,1.19
2014.05.19 11:42:49.267,0.93151,0.93162,1.39,1.00
2014.05.19 11:42:49.778,0.93151,0.93162,2.14,1.00
2014.05.19 11:42:52.687,0.93151,0.93162,2.14,1.00
2014.05.19 11:42:53.248,0.93153,0.93164,1.00,1.77
2014.05.19 11:42:54.301,0.93154,0.93165,1.10,1.19
2014.05.19 11:42:54.403,0.93155,0.93166,1.63,1.58
2014.05.19 11:42:54.504,0.93158,0.93167,1.38,1.25
2014.05.19 11:42:54.795,0.93161,0.93171,1.50,1.69
2014.05.19 11:42:55.006,0.93162,0.93171,1.32,1.50
2014.05.19 11:42:55.157,0.93165,0.93175,1.00,1.77
2014.05.19 11:42:55.460,0.93165,0.93172,1.00,1.00
2014.05.19 11:42:55.855,0.93165,0.93174,1.00,1.10
2014.05.19 11:42:56.658,0.93165,0.93172,1.25,1.00
2014.05.19 11:42:57.508,0.93164,0.93172,2.07,1.00
2014.05.19 11:42:59.659,0.93164,0.93172,1.19,1.58
2014.05.19 11:43:00.096,0.93163,0.93172,1.69,1.00
2014.05.19 11:43:00.247,0.93162,0.9317,1.19,1.10
2014.05.19 11:43:00.550,0.93162,0.93167,1.19,1.00
2014.05.19 11:43:01.054,0.93161,0.93167,2.44,1.00
2014.05.19 11:43:01.910,0.93161,0.93171,2.44,1.10
2014.05.19 11:43:02.789,0.93161,0.93167,1.69,1.00
2014.05.19 11:43:05.681,0.9316,0.93167,1.00,1.00
2014.05.19 11:43:06.224,0.93158,0.93167,2.07,1.00
2014.05.19 11:43:06.785,0.93158,0.93167,1.32,1.00
2014.05.19 11:43:07.356,0.93158,0.93167,1.32,1.00
2014.05.19 11:43:11.722,0.93157,0.93167,3.64,1.00
2014.05.19 11:43:12.729,0.93157,0.93167,3.64,1.00
2014.05.19 11:43:30.818,0.93157,0.93167,2.82,1.00
2014.05.19 11:43:32.822,0.93158,0.93167,1.32,1.00
2014.05.19 11:43:34.152,0.93158,0.93167,2.07,1.00
2014.05.19 11:43:38.845,0.93157,0.93167,2.82,1.00
2014.05.19 11:43:40.854,0.93157,0.93167,2.82,1.00
2014.05.19 11:43:41.886,0.93159,0.93167,2.14,1.00
2014.05.19 11:43:42.964,0.93159,0.93167,2.82,1.00
2014.05.19 11:43:47.928,0.9316,0.93167,1.57,1.00
2014.05.19 11:43:48.028,0.9316,0.93172,2.14,1.58
2014.05.19 11:43:49.007,0.93163,0.93172,1.00,1.00
2014.05.19 11:43:49.307,0.93163,0.93172,1.69,1.00
2014.05.19 11:43:50.434,0.93165,0.93172,1.19,1.00
2014.05.19 11:43:52.887,0.93163,0.9317,2.25,1.00
2014.05.19 11:43:53.109,0.93165,0.93172,1.19,1.00
2014.05.19 11:43:53.927,0.93165,0.93172,1.19,1.00
2014.05.19 11:43:54.240,0.93166,0.93177,1.69,1.00
2014.05.19 11:43:54.825,0.93168,0.93177,1.32,1.00
2014.05.19 11:43:55.103,0.93168,0.93173,1.13,1.00
2014.05.19 11:43:55.701,0.93167,0.93172,1.39,1.00
2014.05.19 11:43:55.852,0.93166,0.93172,1.13,1.00
2014.05.19 11:43:57.040,0.93165,0.93172,1.32,1.00
2014.05.19 11:43:57.581,0.93163,0.93172,1.32,1.58
2014.05.19 11:43:58.225,0.93163,0.93172,1.00,1.58
2014.05.19 11:43:58.612,0.93163,0.93167,1.00,1.00
2014.05.19 11:44:01.137,0.93163,0.93172,1.00,1.77
2014.05.19 11:44:05.081,0.93163,0.93172,1.19,1.58
2014.05.19 11:44:05.776,0.93163,0.9317,1.19,1.10
2014.05.19 11:44:06.187,0.93163,0.93167,1.25,1.00
2014.05.19 11:44:07.408,0.93163,0.9317,1.00,1.10
2014.05.19 11:44:11.254,0.93163,0.93171,1.25,1.10
2014.05.19 11:44:12.155,0.93163,0.93168,1.00,1.10
2014.05.19 11:44:12.256,0.9316,0.93166,1.00,1.10
2014.05.19 11:44:12.357,0.93157,0.93166,1.25,1.10
2014.05.19 11:44:12.862,0.93155,0.93165,1.32,1.10
2014.05.19 11:44:13.670,0.93157,0.93166,1.29,2.10
2014.05.19 11:44:13.876,0.93155,0.93166,1.69,2.93
2014.05.19 11:44:14.348,0.93157,0.93167,1.77,3.98
2014.05.19 11:44:15.688,0.93156,0.93167,1.77,1.25
2014.05.19 11:44:16.649,0.93156,0.93167,1.77,1.19
2014.05.19 11:44:17.107,0.93157,0.93167,1.77,1.00
2014.05.19 11:44:17.649,0.93156,0.93167,1.77,1.25
2014.05.19 11:44:18.556,0.93156,0.93167,1.77,1.19
2014.05.19 11:44:19.170,0.93157,0.93167,1.19,1.00
2014.05.19 11:44:20.398,0.93159,0.93168,1.77,1.00
2014.05.19 11:44:20.919,0.93159,0.93169,1.19,2.10
2014.05.19 11:44:21.698,0.93158,0.93169,1.77,2.29
2014.05.19 11:44:22.297,0.93157,0.93167,1.19,1.00
2014.05.19 11:44:22.916,0.9316,0.93169,1.10,3.42
2014.05.19 11:44:23.017,0.93157,0.93167,1.77,1.00
2014.05.19 11:44:23.118,0.93161,0.93169,1.10,2.10
2014.05.19 11:44:23.735,0.93159,0.9317,1.77,2.10
2014.05.19 11:44:24.089,0.93163,0.9317,1.10,2.10
2014.05.19 11:44:30.026,0.93163,0.9317,1.00,3.12
2014.05.19 11:44:30.327,0.93158,0.9317,1.77,3.12
2014.05.19 11:44:31.083,0.9316,0.9317,1.05,3.12
2014.05.19 11:44:31.134,0.93163,0.9317,1.00,3.12
2014.05.19 11:44:31.908,0.93163,0.93169,1.00,1.00
2014.05.19 11:44:32.602,0.93163,0.93171,1.00,2.89
2014.05.19 11:44:33.457,0.93163,0.93171,1.00,2.89
2014.05.19 11:44:34.084,0.93163,0.93171,1.00,1.77
2014.05.19 11:44:35.761,0.93163,0.93171,1.00,1.58
2014.05.19 11:44:36.065,0.93163,0.93173,3.12,1.00
2014.05.19 11:44:36.644,0.93163,0.93174,3.12,4.17
2014.05.19 11:44:37.327,0.93165,0.93174,1.02,3.23
2014.05.19 11:44:37.378,0.93168,0.93174,1.00,1.13
2014.05.19 11:44:37.630,0.93165,0.93175,3.27,1.00
2014.05.19 11:44:39.080,0.93167,0.93175,1.19,1.58
2014.05.19 11:44:40.716,0.93167,0.93174,1.19,1.10
2014.05.19 11:44:41.237,0.93166,0.93174,1.19,1.10
2014.05.19 11:44:41.747,0.93166,0.93175,1.19,1.58
2014.05.19 11:44:42.149,0.93165,0.93172,1.19,1.10
2014.05.19 11:44:42.656,0.93165,0.93171,1.19,1.10
2014.05.19 11:44:42.707,0.93163,0.93171,1.69,1.10
2014.05.19 11:44:43.226,0.93163,0.93172,1.19,1.58
2014.05.19 11:44:43.277,0.93163,0.9317,1.19,1.10
2014.05.19 11:44:43.393,0.93163,0.93172,1.19,1.58
2014.05.19 11:44:44.806,0.93162,0.93171,1.32,1.10
2014.05.19 11:44:45.356,0.93163,0.93169,1.25,1.10
2014.05.19 11:44:45.508,0.93163,0.93171,1.25,1.10
2014.05.19 11:44:45.659,0.93163,0.93171,1.69,1.10
2014.05.19 11:44:46.396,0.93163,0.93173,2.82,1.10
2014.05.19 11:44:48.807,0.93164,0.93171,1.19,1.10
2014.05.19 11:44:50.338,0.93163,0.93168,1.00,1.10
2014.05.19 11:44:50.389,0.93162,0.93168,1.32,1.10
2014.05.19 11:44:50.440,0.93162,0.9317,1.32,1.10
2014.05.19 11:44:50.541,0.93162,0.93168,1.32,1.10
2014.05.19 11:44:50.692,0.9316,0.93168,1.69,1.10
2014.05.19 11:44:54.965,0.9316,0.93167,1.69,1.00
2014.05.19 11:44:55.514,0.9316,0.93168,1.69,1.10
2014.05.19 11:44:56.351,0.9316,0.93168,1.25,1.10
2014.05.19 11:44:56.974,0.93158,0.93167,2.67,1.58
2014.05.19 11:44:57.618,0.93158,0.93167,1.32,1.58
2014.05.19 11:44:57.829,0.93158,0.93165,1.00,1.10
2014.05.19 11:44:59.365,0.93157,0.93165,1.00,1.10
2014.05.19 11:45:00.245,0.93158,0.93165,1.00,1.10
2014.05.19 11:45:01.279,0.93157,0.93165,1.25,1.10
2014.05.19 11:45:01.831,0.93158,0.93165,1.00,1.10
2014.05.19 11:45:02.447,0.93157,0.93165,1.00,1.10
2014.05.19 11:45:04.757,0.93158,0.93165,1.00,1.10
2014.05.19 11:45:10.438,0.93158,0.93167,1.00,1.02
2014.05.19 11:45:10.590,0.93158,0.93165,1.00,1.10
2014.05.19 11:45:10.893,0.93158,0.93164,1.00,3.04
2014.05.19 11:45:10.944,0.93153,0.93159,1.25,1.10
2014.05.19 11:45:11.045,0.93153,0.93163,1.25,1.02
2014.05.19 11:45:11.095,0.93158,0.93163,1.00,1.02
2014.05.19 11:45:11.196,0.93153,0.93164,1.77,3.04
2014.05.19 11:45:11.781,0.93153,0.93162,1.25,2.10
2014.05.19 11:45:12.141,0.93153,0.9316,1.25,1.10
2014.05.19 11:45:13.376,0.93152,0.9316,1.25,1.10
2014.05.19 11:45:13.680,0.93153,0.93162,1.00,3.87
2014.05.19 11:45:13.903,0.93151,0.93159,1.25,1.10
2014.05.19 11:45:15.409,0.93151,0.93158,1.25,1.10
2014.05.19 11:45:15.510,0.93149,0.93158,1.25,1.10
2014.05.19 11:45:16.034,0.93149,0.93159,2.07,1.10
2014.05.19 11:45:16.603,0.93149,0.93158,2.07,1.10
2014.05.19 11:45:17.829,0.93148,0.93157,2.44,1.10
2014.05.19 11:45:18.367,0.93148,0.93158,1.13,3.12
2014.05.19 11:45:18.857,0.93153,0.93158,1.00,3.12
2014.05.19 11:45:19.315,0.93148,0.93158,1.32,3.12
2014.05.19 11:45:27.855,0.93148,0.93159,1.00,1.77
2014.05.19 11:45:28.872,0.93148,0.93159,1.32,1.29
2014.05.19 11:45:32.794,0.93148,0.93157,1.00,1.00
2014.05.19 11:45:32.845,0.93146,0.93157,1.02,1.50
2014.05.19 11:45:32.946,0.93144,0.93155,1.32,1.10
2014.05.19 11:45:33.349,0.93143,0.93153,1.19,1.10
2014.05.19 11:45:34.148,0.93143,0.93155,1.77,1.02
2014.05.19 11:45:35.204,0.93143,0.93155,3.64,1.10
2014.05.19 11:45:36.208,0.93143,0.93155,2.89,1.02
2014.05.19 11:45:36.987,0.93143,0.93154,2.07,1.10
2014.05.19 11:45:40.926,0.93143,0.93154,2.82,1.10
2014.05.19 11:45:41.188,0.93145,0.93157,1.39,3.27
2014.05.19 11:45:42.364,0.93145,0.93157,2.89,1.77
2014.05.19 11:45:42.517,0.93145,0.93154,1.19,1.10
2014.05.19 11:45:43.220,0.93144,0.93154,1.32,1.10
2014.05.19 11:45:43.724,0.93144,0.93154,1.32,1.10
2014.05.19 11:45:44.517,0.93143,0.93154,1.69,1.02
2014.05.19 11:45:45.573,0.93143,0.93154,1.00,1.77
2014.05.19 11:45:46.678,0.93143,0.93154,1.00,1.29
2014.05.19 11:45:46.981,0.9314,0.93148,1.00,1.10
2014.05.19 11:45:47.132,0.93138,0.93148,1.69,1.02
2014.05.19 11:45:47.944,0.93143,0.93148,1.00,1.58
2014.05.19 11:45:48.046,0.93143,0.93152,1.38,1.10
2014.05.19 11:45:48.147,0.93143,0.93152,1.00,1.10
2014.05.19 11:45:48.836,0.93141,0.93149,1.19,1.10
2014.05.19 11:45:48.977,0.93141,0.93151,1.19,1.10
2014.05.19 11:45:49.687,0.9314,0.93151,2.07,1.10
2014.05.19 11:45:50.261,0.9314,0.93151,2.07,1.02
2014.05.19 11:45:50.312,0.9314,0.93148,2.07,1.10
2014.05.19 11:45:50.565,0.93143,0.93152,1.00,1.29
2014.05.19 11:45:51.441,0.93143,0.93149,1.00,1.10
2014.05.19 11:45:51.955,0.9314,0.9315,2.07,1.10
2014.05.19 11:45:52.627,0.9314,0.9315,2.07,1.10
2014.05.19 11:45:53.298,0.9314,0.93149,1.32,1.10
2014.05.19 11:45:53.399,0.93138,0.93148,1.69,1.10
2014.05.19 11:45:53.966,0.93138,0.93148,1.00,1.77
2014.05.19 11:45:59.647,0.93136,0.93147,1.32,1.25
2014.05.19 11:46:00.611,0.93137,0.93147,1.19,1.00
2014.05.19 11:46:01.624,0.93138,0.93147,1.19,1.00
2014.05.19 11:46:05.489,0.93138,0.93148,1.69,1.10
2014.05.19 11:46:06.497,0.93138,0.93148,1.69,1.10
2014.05.19 11:46:07.034,0.93138,0.93147,1.19,1.00
2014.05.19 11:46:07.550,0.93138,0.93148,1.69,1.10
2014.05.19 11:46:08.062,0.93138,0.9315,2.89,1.77
2014.05.19 11:46:08.113,0.93139,0.9315,1.19,1.58
2014.05.19 11:46:08.727,0.93141,0.93151,1.02,1.25
2014.05.19 11:46:09.105,0.93143,0.93151,1.00,1.25
2014.05.19 11:46:10.315,0.93141,0.93151,1.02,1.25
2014.05.19 11:46:10.426,0.93143,0.93151,1.00,1.25
2014.05.19 11:46:10.536,0.9314,0.93151,1.19,1.77
2014.05.19 11:46:11.529,0.93143,0.93151,1.00,1.77
2014.05.19 11:46:12.170,0.93143,0.93151,1.00,2.89
2014.05.19 11:46:12.771,0.93143,0.93151,1.00,1.58
2014.05.19 11:46:13.085,0.93148,0.93157,1.00,2.52
2014.05.19 11:46:14.550,0.93148,0.93156,1.00,1.19
2014.05.19 11:46:14.652,0.93144,0.93156,1.39,1.19
2014.05.19 11:46:15.566,0.93144,0.93156,1.29,2.52
2014.05.19 11:46:15.839,0.93143,0.93153,2.07,1.10
2014.05.19 11:46:16.356,0.93143,0.93154,2.07,1.10
2014.05.19 11:46:17.053,0.93144,0.93153,1.19,1.10
2014.05.19 11:46:17.671,0.93143,0.93151,2.07,1.10
2014.05.19 11:46:18.677,0.93143,0.93151,1.32,1.10
2014.05.19 11:46:19.707,0.93141,0.93151,1.69,1.10
2014.05.19 11:46:20.394,0.93141,0.9315,1.69,1.10
2014.05.19 11:46:21.372,0.93142,0.93151,1.19,1.10
2014.05.19 11:46:21.971,0.93143,0.93151,1.19,1.10
2014.05.19 11:46:22.922,0.93142,0.93151,1.19,1.10
2014.05.19 11:46:23.805,0.93143,0.93152,1.32,1.10
2014.05.19 11:46:24.326,0.93143,0.93153,1.32,1.02
2014.05.19 11:46:24.869,0.93143,0.93153,1.63,1.02
2014.05.19 11:46:25.123,0.93146,0.93156,1.13,1.00
2014.05.19 11:46:25.224,0.93147,0.93157,1.48,1.00
2014.05.19 11:46:25.414,0.93149,0.93161,4.99,1.77
2014.05.19 11:46:25.798,0.93149,0.93159,4.92,1.10
2014.05.19 11:46:26.100,0.93147,0.93156,1.69,1.10
2014.05.19 11:46:26.403,0.93148,0.93158,1.25,1.10
2014.05.19 11:46:26.908,0.93148,0.9316,1.32,1.77
2014.05.19 11:46:27.896,0.93148,0.9316,1.32,2.52
2014.05.19 11:46:28.098,0.9315,0.9316,1.57,1.10
2014.05.19 11:46:28.546,0.9315,0.93157,2.07,1.00
2014.05.19 11:46:28.648,0.9315,0.93157,1.00,1.00
2014.05.19 11:46:28.699,0.93148,0.93159,2.07,1.10
2014.05.19 11:46:29.226,0.93148,0.93157,2.14,1.00
2014.05.19 11:46:29.737,0.93148,0.93157,1.32,1.00
2014.05.19 11:46:31.366,0.93149,0.93157,3.23,1.00
2014.05.19 11:46:31.417,0.93152,0.93162,1.10,1.69
2014.05.19 11:46:32.076,0.93151,0.93161,1.19,1.10
2014.05.19 11:46:32.177,0.9315,0.93161,1.25,1.02
2014.05.19 11:46:32.278,0.93149,0.93159,2.82,1.10
2014.05.19 11:46:32.837,0.93153,0.93159,1.00,1.10
2014.05.19 11:46:33.723,0.93153,0.93163,1.00,2.44
2014.05.19 11:46:34.358,0.93153,0.93163,1.00,1.19
2014.05.19 11:46:34.726,0.93153,0.93162,1.00,1.29
2014.05.19 11:46:35.683,0.93153,0.93162,1.00,1.29
2014.05.19 11:46:36.261,0.93153,0.93162,1.00,1.02
2014.05.19 11:46:36.876,0.93153,0.93159,1.00,1.10
2014.05.19 11:46:37.435,0.93153,0.93161,1.00,1.02
2014.05.19 11:46:37.961,0.93153,0.93162,1.00,1.58
2014.05.19 11:46:38.471,0.93153,0.93161,1.00,1.02
2014.05.19 11:46:39.187,0.93153,0.93162,1.00,1.10
2014.05.19 11:46:39.727,0.93153,0.93164,1.00,5.37
2014.05.19 11:46:41.943,0.93153,0.9316,1.00,1.10
2014.05.19 11:46:41.995,0.9315,0.93159,1.19,2.10
2014.05.19 11:46:42.045,0.93148,0.93156,1.58,1.00
2014.05.19 11:46:42.197,0.93143,0.93152,3.00,1.10
2014.05.19 11:46:42.500,0.93143,0.93154,1.00,1.77
2014.05.19 11:46:42.870,0.93148,0.93154,1.00,1.02
2014.05.19 11:46:43.492,0.93148,0.93156,1.00,1.77
2014.05.19 11:46:47.936,0.93144,0.93152,2.07,1.10
2014.05.19 11:46:48.039,0.93144,0.93154,1.25,1.10
2014.05.19 11:46:48.549,0.93143,0.93155,2.14,1.77
2014.05.19 11:46:48.776,0.93143,0.93151,1.32,1.10
2014.05.19 11:46:49.079,0.93153,0.93158,2.70,2.10
2014.05.19 11:46:49.230,0.93153,0.93162,1.00,3.53
2014.05.19 11:46:52.166,0.9315,0.93162,4.99,2.37
2014.05.19 11:46:52.769,0.93151,0.93162,1.19,2.18
2014.05.19 11:46:53.411,0.9315,0.93162,2.89,2.37
2014.05.19 11:46:53.956,0.9315,0.93162,2.89,1.77
2014.05.19 11:46:54.695,0.93153,0.93162,1.00,1.02
2014.05.19 11:46:57.033,0.93153,0.93162,1.69,1.10
2014.05.19 11:46:57.386,0.93158,0.93163,1.00,1.10
2014.05.19 11:46:57.929,0.93158,0.93164,1.00,1.02
2014.05.19 11:46:58.326,0.93153,0.93164,1.19,1.02
2014.05.19 11:46:58.936,0.93153,0.93163,1.19,1.10
2014.05.19 11:46:59.459,0.93151,0.93162,1.69,1.77
2014.05.19 11:46:59.827,0.93153,0.93162,2.07,1.10
2014.05.19 11:46:59.928,0.93154,0.93166,1.39,1.29
2014.05.19 11:47:00.085,0.93156,0.93166,1.19,1.10
2014.05.19 11:47:00.388,0.93159,0.93167,1.02,1.00
2014.05.19 11:47:00.690,0.93159,0.93169,2.52,2.10
2014.05.19 11:47:00.741,0.93159,0.93171,2.89,1.02
2014.05.19 11:47:02.170,0.93159,0.9317,1.19,1.10
2014.05.19 11:47:03.283,0.93158,0.9317,2.89,1.02
2014.05.19 11:47:04.386,0.93159,0.9317,1.19,1.10
2014.05.19 11:47:05.585,0.93163,0.93172,1.00,1.19
2014.05.19 11:47:05.636,0.93163,0.93173,1.25,1.10
2014.05.19 11:47:06.304,0.93163,0.93174,2.44,1.10
2014.05.19 11:47:06.796,0.93163,0.93169,1.69,1.10
2014.05.19 11:47:07.099,0.93159,0.93164,1.00,1.10
2014.05.19 11:47:07.150,0.93158,0.93164,1.19,1.10
2014.05.19 11:47:07.251,0.93158,0.93167,1.19,1.58
2014.05.19 11:47:07.313,0.93157,0.93167,1.25,1.58
2014.05.19 11:47:07.465,0.93157,0.93164,1.25,1.10
2014.05.19 11:47:07.666,0.93158,0.93169,1.19,1.10
2014.05.19 11:47:08.620,0.93158,0.93169,1.69,1.10
2014.05.19 11:47:10.725,0.93158,0.93168,1.69,1.10
2014.05.19 11:47:11.875,0.93158,0.93165,2.44,1.10
2014.05.19 11:47:11.976,0.9316,0.93169,1.32,1.10
2014.05.19 11:47:12.077,0.93163,0.93172,1.13,1.10
2014.05.19 11:47:12.379,0.93163,0.93175,2.70,1.02
2014.05.19 11:47:12.681,0.93165,0.93177,1.02,4.62
2014.05.19 11:47:13.649,0.93165,0.93177,1.19,1.77
2014.05.19 11:47:14.136,0.93165,0.93172,1.19,1.00
2014.05.19 11:47:14.388,0.93165,0.93174,1.19,1.10
2014.05.19 11:47:15.097,0.93165,0.93174,1.00,1.10
2014.05.19 11:47:15.234,0.93165,0.93172,1.00,1.00
2014.05.19 11:47:15.583,0.93165,0.93174,1.00,1.10
2014.05.19 11:47:16.152,0.93165,0.93172,1.00,1.00
2014.05.19 11:47:16.356,0.93165,0.93174,1.00,1.02
2014.05.19 11:47:16.797,0.93166,0.93177,1.02,1.69
2014.05.19 11:47:19.086,0.93165,0.93172,1.77,1.00
2014.05.19 11:47:19.631,0.93165,0.93172,1.00,1.00
2014.05.19 11:47:19.682,0.93165,0.93175,1.00,1.02
2014.05.19 11:47:19.883,0.93165,0.93177,1.77,2.14
2014.05.19 11:47:20.578,0.93165,0.93177,1.77,2.14
2014.05.19 11:47:20.629,0.93165,0.93172,1.00,1.00
2014.05.19 11:47:20.831,0.93162,0.93172,1.69,1.58
2014.05.19 11:47:21.214,0.93163,0.93175,1.77,1.39
2014.05.19 11:47:21.937,0.93163,0.93172,1.02,1.00
2014.05.19 11:47:22.538,0.93161,0.93172,1.77,1.25
2014.05.19 11:47:22.849,0.93161,0.9317,1.19,1.10
2014.05.19 11:47:22.934,0.93161,0.93172,1.77,1.00
2014.05.19 11:47:23.325,0.93163,0.9317,1.00,1.19
2014.05.19 11:47:23.377,0.9316,0.9317,1.10,1.19
2014.05.19 11:47:23.579,0.93163,0.93171,1.00,1.19
2014.05.19 11:47:23.680,0.93163,0.93173,3.60,1.50
2014.05.19 11:47:23.731,0.93167,0.93176,1.10,1.00
2014.05.19 11:47:24.033,0.93167,0.93177,1.77,1.00
2014.05.19 11:47:25.002,0.93168,0.93179,1.19,1.10
2014.05.19 11:47:25.344,0.93168,0.93181,3.64,1.02
2014.05.19 11:47:26.435,0.93169,0.93181,1.19,1.20
2014.05.19 11:47:27.841,0.93169,0.93181,1.19,1.39
2014.05.19 11:47:29.852,0.93168,0.93181,2.52,2.14
2014.05.19 11:47:32.524,0.93168,0.93181,3.27,1.39
2014.05.19 11:47:33.121,0.93168,0.93179,2.44,1.10
2014.05.19 11:47:33.740,0.93168,0.93179,2.44,1.02
2014.05.19 11:47:34.576,0.93168,0.93179,1.69,1.29
2014.05.19 11:47:35.328,0.93167,0.93177,1.39,1.00
2014.05.19 11:47:35.636,0.93165,0.93174,3.19,1.10
2014.05.19 11:47:36.091,0.93163,0.93175,3.64,1.29
2014.05.19 11:47:37.373,0.93165,0.93176,1.10,4.17
2014.05.19 11:47:37.707,0.93163,0.93173,1.25,1.10
2014.05.19 11:47:38.473,0.93161,0.93172,2.89,1.00
2014.05.19 11:47:40.114,0.93161,0.9317,1.69,1.10
2014.05.19 11:47:40.662,0.93161,0.93171,1.69,1.10
2014.05.19 11:47:41.619,0.93161,0.93171,1.19,1.10
2014.05.19 11:47:42.433,0.93162,0.93172,1.02,1.25
2014.05.19 11:47:43.509,0.93163,0.93172,1.00,1.00
2014.05.19 11:47:43.660,0.93163,0.93175,1.69,1.77
2014.05.19 11:47:44.343,0.93163,0.93172,1.25,1.00
2014.05.19 11:47:46.593,0.93161,0.93172,1.69,1.58
2014.05.19 11:47:47.898,0.93161,0.93172,2.44,1.58
2014.05.19 11:47:55.634,0.93161,0.93172,2.44,1.77
2014.05.19 11:47:59.656,0.93161,0.93172,3.27,1.00
2014.05.19 11:48:00.570,0.93162,0.93172,1.19,1.00
2014.05.19 11:48:01.565,0.93162,0.93172,2.14,1.00
2014.05.19 11:48:03.895,0.93163,0.93174,1.25,3.49
2014.05.19 11:48:04.573,0.93162,0.93172,1.29,1.00
2014.05.19 11:48:05.096,0.93161,0.93172,1.19,2.14
2014.05.19 11:48:06.099,0.93161,0.93172,1.25,2.14
2014.05.19 11:48:07.743,0.93161,0.93172,1.69,1.77
2014.05.19 11:48:10.494,0.93163,0.93172,1.10,1.25
2014.05.19 11:48:13.239,0.93163,0.93172,1.10,2.07
2014.05.19 11:48:13.542,0.93161,0.93167,1.00,1.25
2014.05.19 11:48:13.593,0.93157,0.93167,1.02,1.25
2014.05.19 11:48:14.191,0.93156,0.93167,1.02,2.07
2014.05.19 11:48:14.953,0.93155,0.93167,1.77,2.89
2014.05.19 11:48:18.963,0.93155,0.93162,1.77,1.00
2014.05.19 11:48:20.242,0.93155,0.93167,1.77,3.64
2014.05.19 11:48:20.846,0.93155,0.93167,1.02,3.64
2014.05.19 11:48:22.665,0.93155,0.93162,1.10,1.00
2014.05.19 11:48:23.398,0.93153,0.9316,1.00,1.20
2014.05.19 11:48:23.701,0.93146,0.93152,1.00,1.00
2014.05.19 11:48:23.954,0.93144,0.93155,1.95,1.19
2014.05.19 11:48:24.203,0.93144,0.93156,2.14,1.19
2014.05.19 11:48:25.610,0.93144,0.93157,2.14,3.79
2014.05.19 11:48:27.605,0.93146,0.93157,1.10,3.79
2014.05.19 11:48:28.133,0.93144,0.93157,3.64,2.29
2014.05.19 11:48:30.893,0.93149,0.93157,1.10,2.29
2014.05.19 11:48:31.497,0.93148,0.93158,1.58,1.19
2014.05.19 11:48:32.083,0.93147,0.93157,1.02,2.10
2014.05.19 11:48:33.225,0.93146,0.93158,1.77,5.14
2014.05.19 11:48:34.360,0.93145,0.93158,1.39,3.79
2014.05.19 11:48:36.671,0.93144,0.93158,2.89,3.79
2014.05.19 11:48:48.143,0.93145,0.93158,1.17,3.79
2014.05.19 11:48:48.493,0.93148,0.93158,1.00,3.79
2014.05.19 11:48:48.997,0.93148,0.93158,1.00,3.79
2014.05.19 11:48:49.740,0.93148,0.93158,1.00,3.04
2014.05.19 11:48:53.001,0.93148,0.93158,1.00,2.29
2014.05.19 11:48:56.272,0.93148,0.93159,1.88,1.19
2014.05.19 11:48:56.323,0.93148,0.9316,2.89,3.04
2014.05.19 11:48:56.424,0.93153,0.93162,1.00,3.79
2014.05.19 11:48:56.620,0.93149,0.93162,1.32,2.44
2014.05.19 11:48:56.993,0.9315,0.93162,1.19,1.25
2014.05.19 11:48:57.094,0.93149,0.93162,2.89,1.19
2014.05.19 11:48:57.336,0.9315,0.93162,2.14,1.25
2014.05.19 11:48:57.694,0.93149,0.93162,2.07,1.19
2014.05.19 11:48:58.797,0.93149,0.93162,2.89,1.25
2014.05.19 11:49:00.682,0.93153,0.93163,1.00,2.29
2014.05.19 11:49:02.442,0.93151,0.93162,1.29,1.25
2014.05.19 11:49:02.987,0.93151,0.93162,1.02,1.25
2014.05.19 11:49:04.648,0.93149,0.93162,1.57,1.69
2014.05.19 11:49:04.951,0.93147,0.9316,2.07,1.77
2014.05.19 11:49:05.894,0.93147,0.93159,1.00,1.69
2014.05.19 11:49:06.651,0.93145,0.93159,3.64,1.69
2014.05.19 11:49:07.245,0.93145,0.93159,2.89,1.69
2014.05.19 11:49:08.755,0.93146,0.93159,1.39,1.69
2014.05.19 11:49:09.161,0.93148,0.93159,1.00,1.69
2014.05.19 11:49:09.924,0.93145,0.93159,3.64,1.69
2014.05.19 11:49:10.862,0.93145,0.93159,3.64,1.19
2014.05.19 11:49:12.810,0.93145,0.93159,3.64,1.69
2014.05.19 11:49:13.774,0.93148,0.93159,1.00,1.69
2014.05.19 11:49:15.093,0.93145,0.93159,2.89,1.69
2014.05.19 11:49:15.784,0.93145,0.93159,3.64,1.69
2014.05.19 11:49:16.524,0.93148,0.93159,1.00,1.69
2014.05.19 11:49:17.624,0.93146,0.93159,1.57,1.19
2014.05.19 11:49:18.161,0.93146,0.93159,1.57,1.25
2014.05.19 11:49:18.811,0.93148,0.93159,1.00,1.19
2014.05.19 11:49:21.965,0.93148,0.93156,1.00,1.39
2014.05.19 11:49:22.016,0.93145,0.93154,1.00,1.00
2014.05.19 11:49:22.117,0.93143,0.93153,1.00,3.04
2014.05.19 11:49:22.318,0.93141,0.93147,1.69,1.00
2014.05.19 11:49:22.577,0.93141,0.93152,1.69,3.87
2014.05.19 11:49:23.245,0.93141,0.93152,1.50,4.99
2014.05.19 11:49:24.230,0.93141,0.93151,1.50,1.19
2014.05.19 11:49:24.761,0.93138,0.93147,2.07,1.00
2014.05.19 11:49:24.863,0.93138,0.93149,2.82,1.10
2014.05.19 11:49:25.793,0.9314,0.93151,1.10,3.04
2014.05.19 11:49:26.247,0.93138,0.9315,3.64,1.29
2014.05.19 11:49:26.845,0.93138,0.93149,3.57,1.02
2014.05.19 11:49:27.789,0.93142,0.93152,1.10,1.25
2014.05.19 11:49:28.092,0.93144,0.93152,1.10,1.00
2014.05.19 11:49:28.585,0.93144,0.93156,1.10,3.87
2014.05.19 11:49:29.102,0.93144,0.93156,1.29,3.12
2014.05.19 11:49:29.254,0.93144,0.93152,1.29,1.00
2014.05.19 11:49:29.802,0.93146,0.93156,1.02,2.10
2014.05.19 11:49:30.105,0.93148,0.93157,1.00,2.33
2014.05.19 11:49:30.408,0.93137,0.93147,1.95,1.00
2014.05.19 11:49:30.710,0.93139,0.9315,1.02,3.04
2014.05.19 11:49:31.014,0.93138,0.93147,2.44,1.00
2014.05.19 11:49:31.115,0.93138,0.93149,2.44,1.02
2014.05.19 11:49:31.267,0.93138,0.93147,1.19,1.00
2014.05.19 11:49:31.368,0.93138,0.93149,1.69,1.02
2014.05.19 11:49:31.605,0.93139,0.93151,1.62,4.24
2014.05.19 11:49:31.927,0.93144,0.93151,1.10,2.48
2014.05.19 11:49:32.441,0.93143,0.93151,1.10,2.10
2014.05.19 11:49:32.963,0.93142,0.93151,1.10,2.10
2014.05.19 11:49:33.475,0.93141,0.93151,1.05,2.10
2014.05.19 11:49:35.632,0.93142,0.93152,1.10,2.07
2014.05.19 11:49:37.808,0.93143,0.93152,1.00,1.19
2014.05.19 11:49:38.355,0.93142,0.93152,1.10,2.44
2014.05.19 11:49:38.658,0.93143,0.93147,1.10,1.00
2014.05.19 11:49:38.710,0.93139,0.93147,1.54,1.00
2014.05.19 11:49:39.213,0.93139,0.93147,1.10,1.00
2014.05.19 11:49:40.067,0.93138,0.93147,1.02,1.00
2014.05.19 11:49:40.269,0.93139,0.93147,1.77,1.00
2014.05.19 11:49:40.574,0.93143,0.93147,1.10,1.00
2014.05.19 11:49:40.641,0.93143,0.93152,1.10,1.25
2014.05.19 11:49:41.363,0.93142,0.93152,1.10,1.25
2014.05.19 11:49:43.783,0.93143,0.93152,1.10,1.00
2014.05.19 11:49:44.685,0.93141,0.93152,3.27,1.13
2014.05.19 11:49:45.284,0.93141,0.93147,1.77,1.00
2014.05.19 11:49:45.537,0.93137,0.93147,1.00,2.85
2014.05.19 11:49:46.079,0.93135,0.93146,1.19,2.93
2014.05.19 11:49:46.288,0.93136,0.93142,1.29,1.00
2014.05.19 11:49:46.649,0.93134,0.93142,2.89,1.00
2014.05.19 11:49:47.412,0.93136,0.93142,1.10,1.00
2014.05.19 11:49:47.463,0.93136,0.93146,1.10,2.29
2014.05.19 11:49:48.078,0.93136,0.93142,1.10,1.00
2014.05.19 11:49:48.130,0.93136,0.93146,1.10,2.29
2014.05.19 11:49:49.510,0.93134,0.93146,2.52,3.12
2014.05.19 11:49:50.181,0.93134,0.93146,2.52,3.12
2014.05.19 11:49:51.639,0.93134,0.93146,2.89,3.12
2014.05.19 11:49:51.942,0.93134,0.93144,1.25,1.10
2014.05.19 11:49:52.244,0.93134,0.93142,1.00,1.00
2014.05.19 11:49:53.063,0.93134,0.9314,1.00,1.10
2014.05.19 11:49:53.367,0.93128,0.93137,1.19,1.58
2014.05.19 11:49:54.083,0.93131,0.93137,1.00,1.58
2014.05.19 11:49:54.242,0.93127,0.93137,2.14,1.00
2014.05.19 11:49:54.760,0.93129,0.93139,1.32,1.02
2014.05.19 11:49:55.702,0.93129,0.93139,1.32,1.10
2014.05.19 11:49:55.932,0.93129,0.93137,1.32,1.00
2014.05.19 11:49:57.323,0.93129,0.93137,1.32,1.00
2014.05.19 11:49:57.636,0.93126,0.93132,1.25,1.00
2014.05.19 11:49:57.692,0.93126,0.93136,1.25,1.02
2014.05.19 11:49:58.031,0.93126,0.93136,1.00,2.08
2014.05.19 11:49:58.182,0.9312,0.9313,4.17,1.10
2014.05.19 11:49:58.636,0.93121,0.93131,1.19,1.10
2014.05.19 11:49:59.139,0.93121,0.93132,1.19,1.58
2014.05.19 11:50:00.162,0.93123,0.93133,1.25,1.02
2014.05.19 11:50:00.662,0.93123,0.93135,2.52,1.02
2014.05.19 11:50:01.288,0.93125,0.93136,1.19,1.02
2014.05.19 11:50:02.090,0.93125,0.93135,1.19,1.10
2014.05.19 11:50:02.342,0.93128,0.93139,1.69,1.39
2014.05.19 11:50:03.314,0.93128,0.93139,1.69,1.29
2014.05.19 11:50:03.958,0.93128,0.93137,1.25,1.00
2014.05.19 11:50:05.623,0.93128,0.93137,2.14,1.00
2014.05.19 11:50:05.775,0.93133,0.93144,1.77,2.29
2014.05.19 11:50:05.926,0.93134,0.93142,1.02,1.00
2014.05.19 11:50:07.398,0.93133,0.93142,1.19,1.00
2014.05.19 11:50:08.970,0.93132,0.93142,1.00,2.55
2014.05.19 11:50:09.021,0.93132,0.9314,1.00,1.10
2014.05.19 11:50:09.324,0.93129,0.93137,2.44,1.00
2014.05.19 11:50:11.406,0.93129,0.93137,1.19,1.00
2014.05.19 11:50:12.234,0.93129,0.93135,1.19,1.10
2014.05.19 11:50:12.284,0.93128,0.93135,1.25,1.10
2014.05.19 11:50:12.537,0.93127,0.93137,1.19,1.00
2014.05.19 11:50:13.709,0.93128,0.93137,1.63,1.00
2014.05.19 11:50:14.275,0.93129,0.93137,1.32,1.00
2014.05.19 11:50:15.232,0.93129,0.93137,1.19,1.00
2014.05.19 11:50:15.634,0.93131,0.93137,2.52,1.00
2014.05.19 11:50:15.786,0.93133,0.93142,2.52,1.00
2014.05.19 11:50:16.143,0.93133,0.93142,2.44,1.00
2014.05.19 11:50:16.527,0.93133,0.93141,1.00,1.02
2014.05.19 11:50:16.578,0.93131,0.93141,1.25,1.02
2014.05.19 11:50:17.113,0.93131,0.93142,2.44,1.77
2014.05.19 11:50:17.417,0.93132,0.93142,1.69,1.00
2014.05.19 11:50:18.193,0.93132,0.93137,1.00,1.00
2014.05.19 11:50:18.869,0.93132,0.93137,1.19,1.00
2014.05.19 11:50:19.195,0.93132,0.93142,1.19,1.58
2014.05.19 11:50:19.692,0.93131,0.9314,1.69,1.10
2014.05.19 11:50:19.995,0.93127,0.93137,1.69,1.58
2014.05.19 11:50:20.566,0.93126,0.93137,2.82,1.58
2014.05.19 11:50:21.083,0.93128,0.93137,1.19,1.00
2014.05.19 11:50:22.154,0.93129,0.93137,1.19,1.00
2014.05.19 11:50:23.483,0.93129,0.93139,1.69,1.10
2014.05.19 11:50:23.534,0.93131,0.93139,1.19,1.10
2014.05.19 11:50:23.837,0.93131,0.93137,1.19,1.00
2014.05.19 11:50:24.268,0.93129,0.9314,2.07,1.10
2014.05.19 11:50:24.786,0.93131,0.93141,1.69,1.10
2014.05.19 11:50:25.347,0.93131,0.93139,1.19,1.10
2014.05.19 11:50:25.683,0.93129,0.93137,2.44,1.00
2014.05.19 11:50:25.890,0.93129,0.93139,2.44,1.10
2014.05.19 11:50:26.093,0.9313,0.93141,3.04,1.10
2014.05.19 11:50:26.600,0.9313,0.93142,3.87,1.77
2014.05.19 11:50:26.971,0.93131,0.93139,1.19,1.10
2014.05.19 11:50:27.072,0.93131,0.93142,1.77,1.25
2014.05.19 11:50:27.590,0.93132,0.93142,1.69,1.00
2014.05.19 11:50:28.276,0.93133,0.93142,1.19,1.00
2014.05.19 11:50:28.824,0.93134,0.93142,1.19,1.00
2014.05.19 11:50:29.647,0.93132,0.93142,2.07,1.00
2014.05.19 11:50:31.870,0.93132,0.93142,2.07,1.00
2014.05.19 11:50:33.985,0.93132,0.93142,2.07,1.00
2014.05.19 11:50:38.819,0.93133,0.93143,1.32,1.10
2014.05.19 11:50:39.710,0.93134,0.93142,1.32,1.00
2014.05.19 11:50:40.647,0.93134,0.93142,1.19,1.00
2014.05.19 11:50:41.043,0.93133,0.93142,1.19,1.00
2014.05.19 11:50:41.558,0.93131,0.93142,3.64,1.00
2014.05.19 11:50:42.147,0.93132,0.93142,1.19,1.00
2014.05.19 11:50:42.941,0.93132,0.93142,1.19,1.00
2014.05.19 11:50:45.055,0.93132,0.93142,1.19,1.00
2014.05.19 11:50:45.721,0.93133,0.93143,1.19,1.10
2014.05.19 11:50:47.569,0.93133,0.93143,1.25,1.02
2014.05.19 11:50:48.385,0.93132,0.93142,1.32,1.00
2014.05.19 11:50:53.524,0.93131,0.93141,2.07,1.10
2014.05.19 11:50:53.625,0.9313,0.9314,1.57,1.10
2014.05.19 11:50:54.145,0.93131,0.9314,1.69,1.10
2014.05.19 11:50:54.472,0.93131,0.93142,1.69,1.77
2014.05.19 11:50:54.582,0.93131,0.9314,1.69,1.10
2014.05.19 11:50:55.616,0.9313,0.9314,2.82,1.10
2014.05.19 11:50:57.004,0.9313,0.93138,1.69,1.10
2014.05.19 11:50:57.586,0.93129,0.93138,1.19,1.10
2014.05.19 11:50:58.632,0.93128,0.93138,2.07,1.10
2014.05.19 11:50:59.679,0.93128,0.93138,2.07,1.10
2014.05.19 11:51:02.082,0.93128,0.93137,1.57,1.00
2014.05.19 11:51:03.460,0.93128,0.93137,1.57,1.00
2014.05.19 11:51:03.977,0.93128,0.9314,2.89,1.29
2014.05.19 11:51:04.078,0.9313,0.93141,2.07,1.02
2014.05.19 11:51:04.289,0.9313,0.93139,2.07,1.10
2014.05.19 11:51:04.390,0.93128,0.93138,2.07,1.10
2014.05.19 11:51:05.408,0.93128,0.93136,1.69,1.10
2014.05.19 11:51:05.509,0.93128,0.93138,1.25,1.02
2014.05.19 11:51:06.171,0.93126,0.93137,2.07,1.00
2014.05.19 11:51:06.375,0.93129,0.93141,1.02,4.99
2014.05.19 11:51:06.526,0.93129,0.93139,1.32,1.10
2014.05.19 11:51:06.829,0.9313,0.93141,1.19,1.02
2014.05.19 11:51:07.360,0.93131,0.93141,1.19,1.10
2014.05.19 11:51:07.889,0.93131,0.93141,1.69,1.10
2014.05.19 11:51:08.661,0.93131,0.93142,1.69,1.58
2014.05.19 11:51:10.401,0.93132,0.93142,1.19,1.58
2014.05.19 11:51:15.629,0.93133,0.93142,1.25,1.10
2014.05.19 11:51:16.765,0.93133,0.93142,1.69,1.10
2014.05.19 11:51:17.302,0.93133,0.93143,1.69,1.10
2014.05.19 11:51:17.921,0.93133,0.93142,1.19,1.00
2014.05.19 11:51:18.693,0.93131,0.93141,1.25,1.10
2014.05.19 11:51:19.547,0.93131,0.93142,1.77,1.25
2014.05.19 11:51:19.684,0.93131,0.93142,2.52,1.00
2014.05.19 11:51:20.217,0.93134,0.93142,2.07,1.00
2014.05.19 11:51:20.267,0.93137,0.93146,1.77,1.00
2014.05.19 11:51:20.597,0.93139,0.93147,1.69,1.00
2014.05.19 11:51:20.698,0.93141,0.9315,1.10,3.79
2014.05.19 11:51:20.900,0.93145,0.93152,1.77,1.00
2014.05.19 11:51:20.950,0.93145,0.93155,1.77,6.45
2014.05.19 11:51:21.152,0.93148,0.93155,1.10,2.85
2014.05.19 11:51:21.253,0.93146,0.93155,1.02,2.85
2014.05.19 11:51:21.810,0.93145,0.93155,1.02,2.29
2014.05.19 11:51:24.691,0.93148,0.93155,1.00,2.29
2014.05.19 11:51:25.082,0.93144,0.93156,1.77,1.77
2014.05.19 11:51:25.132,0.93145,0.93156,1.19,1.58
2014.05.19 11:51:25.352,0.93144,0.93156,1.02,2.52
2014.05.19 11:51:25.655,0.93143,0.93152,1.39,1.00
2014.05.19 11:51:26.179,0.93143,0.93154,1.77,1.19
2014.05.19 11:51:26.531,0.93143,0.93155,2.52,4.24
2014.05.19 11:51:27.580,0.93144,0.93155,1.02,1.32
2014.05.19 11:51:27.883,0.9314,0.93152,1.19,3.42
2014.05.19 11:51:28.191,0.93143,0.93152,1.00,2.29
2014.05.19 11:51:28.723,0.93143,0.93154,1.00,2.52
2014.05.19 11:51:29.456,0.93143,0.93154,1.25,1.77
2014.05.19 11:51:30.122,0.93142,0.93152,1.19,1.00
2014.05.19 11:51:30.661,0.9314,0.93151,2.07,1.10
2014.05.19 11:51:31.174,0.9314,0.93152,2.07,1.77
2014.05.19 11:51:32.416,0.9314,0.93152,1.19,2.14
2014.05.19 11:51:33.389,0.9314,0.93152,1.19,2.14
2014.05.19 11:51:37.029,0.93142,0.93152,1.19,1.00
2014.05.19 11:51:43.044,0.93141,0.93152,1.32,1.77
2014.05.19 11:51:43.651,0.93143,0.93152,1.00,1.02
2014.05.19 11:51:45.382,0.93143,0.93153,1.25,1.02
2014.05.19 11:51:46.062,0.93143,0.93153,1.69,1.10
2014.05.19 11:51:46.720,0.93143,0.93155,2.52,1.77
2014.05.19 11:51:48.050,0.93143,0.93152,1.77,1.00
2014.05.19 11:51:48.551,0.93143,0.93155,1.77,2.52
2014.05.19 11:51:49.078,0.93143,0.93155,2.89,1.77
2014.05.19 11:51:51.401,0.93145,0.93155,1.19,1.10
2014.05.19 11:51:51.962,0.93145,0.93156,1.19,1.02
2014.05.19 11:51:52.904,0.93145,0.93156,1.19,1.10
2014.05.19 11:51:58.155,0.9315,0.93157,1.10,1.00
2014.05.19 11:51:58.257,0.9315,0.93161,1.02,3.04
2014.05.19 11:51:58.660,0.9315,0.93157,1.25,1.00
2014.05.19 11:51:58.711,0.9315,0.93162,1.77,2.89
2014.05.19 11:51:59.141,0.93151,0.93162,1.19,2.14
2014.05.19 11:51:59.875,0.93151,0.93162,1.32,1.77
2014.05.19 11:52:00.402,0.93151,0.93161,1.19,1.10
2014.05.19 11:52:00.728,0.93147,0.93157,1.19,1.00
2014.05.19 11:52:01.193,0.9315,0.93157,1.32,1.00
2014.05.19 11:52:01.243,0.9315,0.9316,2.14,2.10
2014.05.19 11:52:01.396,0.93152,0.93162,1.19,2.85
2014.05.19 11:52:02.761,0.93153,0.93162,1.19,1.00
2014.05.19 11:52:06.071,0.93153,0.9316,1.19,1.10
2014.05.19 11:52:06.122,0.93151,0.9316,1.69,1.10
2014.05.19 11:52:06.275,0.93151,0.93157,1.00,1.00
2014.05.19 11:52:06.780,0.93148,0.93157,2.52,1.00
2014.05.19 11:52:07.062,0.93148,0.93157,1.58,1.25
2014.05.19 11:52:07.595,0.93147,0.93157,1.77,1.25
2014.05.19 11:52:08.137,0.93147,0.93157,2.52,1.00
2014.05.19 11:52:09.476,0.93148,0.93159,1.19,3.87
2014.05.19 11:52:09.659,0.9315,0.93162,1.10,2.89
2014.05.19 11:52:09.936,0.93151,0.93162,1.19,1.95
2014.05.19 11:52:10.439,0.93151,0.93161,1.19,1.00
2014.05.19 11:52:11.022,0.93151,0.93162,1.19,4.05
2014.05.19 11:52:11.114,0.9315,0.93162,1.77,4.99
2014.05.19 11:52:12.135,0.9315,0.9316,1.19,1.10
2014.05.19 11:52:13.946,0.93153,0.9316,1.00,1.10
2014.05.19 11:52:14.547,0.93153,0.93161,1.69,1.10
2014.05.19 11:52:15.347,0.93153,0.93161,1.69,1.10
2014.05.19 11:52:21.900,0.93153,0.93161,1.00,1.10
2014.05.19 11:52:22.202,0.93151,0.93159,1.19,1.10
2014.05.19 11:52:24.197,0.9315,0.93159,1.19,1.10
2014.05.19 11:52:25.202,0.9315,0.93159,1.19,1.10
2014.05.19 11:52:26.109,0.93149,0.93159,2.82,1.10
2014.05.19 11:52:26.159,0.93149,0.93157,2.44,1.00
2014.05.19 11:52:26.362,0.93149,0.93159,2.44,1.10
2014.05.19 11:52:26.463,0.93149,0.93157,2.44,1.10
2014.05.19 11:52:26.564,0.93149,0.93159,2.44,1.10
2014.05.19 11:52:26.615,0.93149,0.93157,2.44,1.00
2014.05.19 11:52:26.833,0.93149,0.93159,1.69,1.10
2014.05.19 11:52:27.116,0.93149,0.93157,1.00,1.10
2014.05.19 11:52:29.539,0.93149,0.93158,1.25,1.10
2014.05.19 11:52:30.226,0.93149,0.93157,1.00,1.58
2014.05.19 11:52:30.768,0.93148,0.93159,2.82,1.10
2014.05.19 11:52:31.356,0.93148,0.9316,3.64,1.02
2014.05.19 11:52:32.142,0.9315,0.9316,1.19,1.10
2014.05.19 11:52:32.857,0.93148,0.93158,2.07,1.10
2014.05.19 11:52:33.269,0.9315,0.9316,1.19,1.10
2014.05.19 11:52:35.131,0.9315,0.93157,1.19,1.10
2014.05.19 11:52:35.467,0.93148,0.93157,1.69,1.10
2014.05.19 11:52:35.990,0.93148,0.93158,1.19,1.10
2014.05.19 11:52:36.527,0.93147,0.93157,1.69,1.58
2014.05.19 11:52:38.566,0.93148,0.93159,2.07,1.02
2014.05.19 11:52:38.616,0.9315,0.93159,1.19,1.10
2014.05.19 11:52:39.141,0.9315,0.9316,1.19,2.93
2014.05.19 11:52:39.242,0.93149,0.9316,1.25,1.10
2014.05.19 11:52:39.530,0.93149,0.93158,1.25,1.10
2014.05.19 11:52:40.416,0.93149,0.9316,1.69,1.02
2014.05.19 11:52:42.105,0.93149,0.9316,1.69,1.10
2014.05.19 11:52:42.616,0.93149,0.9316,1.19,1.02
2014.05.19 11:52:43.117,0.93149,0.9316,1.69,1.10
2014.05.19 11:52:44.068,0.9315,0.93158,1.19,1.10
2014.05.19 11:52:44.227,0.93149,0.93157,1.25,1.10
2014.05.19 11:52:44.729,0.93148,0.93155,1.19,1.10
2014.05.19 11:52:45.261,0.93148,0.93155,1.25,1.10
2014.05.19 11:52:48.580,0.93148,0.93157,3.57,1.10
2014.05.19 11:52:48.682,0.93149,0.9316,1.57,2.93
2014.05.19 11:52:49.198,0.9315,0.9316,2.07,1.10
2014.05.19 11:52:49.650,0.9315,0.93158,2.07,1.10
2014.05.19 11:52:49.809,0.93151,0.9316,1.19,1.10
2014.05.19 11:52:50.551,0.93153,0.9316,1.00,1.10
2014.05.19 11:52:51.951,0.93152,0.9316,1.19,1.10
2014.05.19 11:52:54.122,0.9315,0.9316,2.07,1.10
2014.05.19 11:52:55.128,0.9315,0.9316,2.07,1.10
2014.05.19 11:52:56.171,0.93151,0.9316,1.32,1.10
2014.05.19 11:52:57.144,0.93151,0.9316,1.32,1.10
2014.05.19 11:52:57.674,0.93151,0.93161,2.07,1.10
2014.05.19 11:53:01.077,0.93152,0.93161,1.19,1.10
2014.05.19 11:53:02.112,0.93152,0.9316,1.19,1.10
2014.05.19 11:53:07.152,0.93151,0.9316,2.07,1.10
2014.05.19 11:53:07.420,0.93153,0.93163,1.25,1.10
2014.05.19 11:53:07.719,0.93153,0.93163,1.69,1.10
2014.05.19 11:53:08.830,0.93153,0.93163,1.25,1.02
2014.05.19 11:53:08.932,0.93151,0.9316,2.82,1.10
2014.05.19 11:53:09.405,0.93153,0.93164,1.19,1.02
2014.05.19 11:53:10.041,0.93153,0.93163,1.19,1.10
2014.05.19 11:53:10.704,0.93153,0.93164,1.69,1.02
2014.05.19 11:53:10.838,0.93153,0.93164,1.00,1.77
2014.05.19 11:53:11.194,0.93153,0.9316,1.00,1.10
2014.05.19 11:53:18.339,0.93153,0.9316,1.19,1.10
2014.05.19 11:53:18.758,0.93158,0.93163,1.00,1.10
2014.05.19 11:53:19.830,0.93158,0.93163,1.00,1.77
2014.05.19 11:53:19.881,0.93153,0.93163,1.00,1.77
2014.05.19 11:53:19.982,0.93153,0.9316,1.00,1.10
2014.05.19 11:53:21.090,0.93158,0.93163,1.00,1.29
2014.05.19 11:53:21.530,0.93153,0.9316,1.00,1.10
2014.05.19 11:53:29.768,0.93153,0.93161,1.25,1.10
2014.05.19 11:53:35.169,0.93158,0.93163,1.00,1.00
2014.05.19 11:53:38.088,0.93158,0.93162,1.00,1.10
2014.05.19 11:53:38.749,0.93151,0.93161,2.82,1.10
2014.05.19 11:53:39.738,0.93158,0.93162,1.00,1.10
2014.05.19 11:53:39.991,0.93158,0.93164,1.00,1.02
2014.05.19 11:53:40.344,0.93161,0.93168,1.00,1.29
2014.05.19 11:53:40.446,0.93163,0.9317,1.00,2.37
2014.05.19 11:53:40.547,0.93163,0.93172,1.00,2.44
2014.05.19 11:53:50.648,0.93163,0.93169,1.00,1.10
2014.05.19 11:53:53.332,0.93163,0.93173,1.25,1.02
2014.05.19 11:53:54.121,0.93163,0.93174,1.69,1.02
2014.05.19 11:53:54.633,0.93163,0.93173,2.44,1.10
2014.05.19 11:53:54.792,0.93163,0.93173,1.69,1.10
2014.05.19 11:53:54.939,0.93168,0.93173,1.00,1.10
2014.05.19 11:54:03.627,0.93163,0.93173,1.25,1.10
2014.05.19 11:54:04.441,0.93163,0.93173,1.19,1.10
2014.05.19 11:54:06.452,0.93163,0.93173,1.25,1.02
2014.05.19 11:54:09.158,0.93163,0.9317,1.25,1.10
2014.05.19 11:54:09.461,0.93163,0.93168,1.00,1.10
2014.05.19 11:54:11.801,0.9316,0.93166,1.19,1.10
2014.05.19 11:54:11.902,0.9316,0.93165,1.19,1.10
2014.05.19 11:54:12.004,0.93158,0.93163,1.69,1.10
2014.05.19 11:54:15.336,0.93158,0.93162,1.00,1.10
2014.05.19 11:54:18.318,0.93153,0.93162,1.32,1.10
2014.05.19 11:54:18.950,0.93153,0.93162,1.32,1.10
2014.05.19 11:54:21.798,0.93153,0.93161,1.25,1.10
2014.05.19 11:54:25.644,0.93153,0.93161,1.19,1.10
2014.05.19 11:54:28.200,0.93153,0.93161,1.25,1.10
2014.05.19 11:54:31.328,0.93158,0.93164,1.00,1.29
2014.05.19 11:54:31.379,0.93158,0.93165,1.00,2.29
2014.05.19 11:54:32.868,0.93154,0.93165,1.19,1.02
2014.05.19 11:54:32.919,0.93153,0.93162,1.32,1.10
2014.05.19 11:54:33.875,0.93153,0.93162,1.25,1.10
2014.05.19 11:54:37.793,0.93153,0.93162,1.19,1.10
2014.05.19 11:54:39.928,0.93153,0.93162,1.25,1.10
2014.05.19 11:54:52.180,0.93153,0.9316,1.00,1.10
2014.05.19 11:54:55.698,0.93153,0.93158,1.00,1.10
2014.05.19 11:54:59.268,0.93153,0.93157,1.00,1.10
2014.05.19 11:54:59.812,0.93153,0.93158,1.00,1.10
2014.05.19 11:55:00.328,0.93149,0.93155,1.00,1.10
2014.05.19 11:55:01.335,0.93153,0.93158,1.00,1.10
2014.05.19 11:55:01.438,0.93149,0.93156,1.69,1.10
2014.05.19 11:55:01.749,0.93153,0.93158,1.00,1.10
2014.05.19 11:55:02.334,0.93153,0.9316,1.00,1.10
2014.05.19 11:55:02.557,0.93153,0.93157,1.00,1.10
2014.05.19 11:55:03.296,0.93148,0.93156,2.44,1.10
2014.05.19 11:55:04.861,0.93153,0.93158,1.00,1.10
2014.05.19 11:55:05.364,0.93153,0.93159,1.00,1.10
2014.05.19 11:55:07.928,0.93153,0.93158,1.00,1.10
2014.05.19 11:55:08.504,0.93153,0.93157,1.00,1.10
2014.05.19 11:55:09.129,0.93148,0.93157,1.25,1.10
2014.05.19 11:55:10.990,0.93153,0.93157,1.00,1.10
2014.05.19 11:55:11.319,0.93148,0.93157,1.25,1.10
2014.05.19 11:55:11.848,0.93148,0.93159,2.52,1.19
2014.05.19 11:55:11.906,0.93153,0.93159,1.00,1.19
2014.05.19 11:55:12.449,0.93153,0.9316,1.00,1.19
2014.05.19 11:55:14.328,0.93153,0.93159,1.00,1.19
2014.05.19 11:55:14.389,0.93148,0.93159,2.89,1.19
2014.05.19 11:55:14.868,0.93153,0.93158,1.00,1.02
2014.05.19 11:55:14.937,0.93148,0.93158,1.69,1.02
2014.05.19 11:55:15.175,0.93153,0.93158,1.00,1.02
2014.05.19 11:55:15.742,0.93153,0.93158,1.00,1.29
2014.05.19 11:55:17.689,0.93148,0.93158,1.00,1.77
2014.05.19 11:55:17.938,0.93153,0.93158,1.00,1.77
2014.05.19 11:55:18.020,0.93148,0.93158,1.00,1.77
2014.05.19 11:55:19.337,0.93153,0.93158,1.00,1.29
2014.05.19 11:55:19.999,0.93148,0.93158,1.13,1.29
2014.05.19 11:55:20.549,0.93153,0.93158,1.00,1.77
2014.05.19 11:55:27.283,0.93153,0.93158,1.00,1.10
2014.05.19 11:55:27.852,0.93153,0.9316,1.00,3.04
2014.05.19 11:55:29.130,0.93153,0.93159,1.00,1.19
2014.05.19 11:55:29.790,0.93148,0.93158,1.13,1.29
2014.05.19 11:55:30.018,0.93153,0.93158,1.00,1.29
2014.05.19 11:55:32.319,0.93148,0.93158,1.00,1.29
2014.05.19 11:55:33.357,0.93148,0.93156,1.00,1.10
2014.05.19 11:55:33.610,0.93148,0.93154,1.00,1.10
2014.05.19 11:55:33.915,0.93148,0.93156,1.00,1.02
2014.05.19 11:55:34.128,0.93148,0.93154,1.00,1.10
2014.05.19 11:55:34.907,0.93148,0.93156,1.00,1.02
2014.05.19 11:55:34.971,0.93148,0.93154,1.00,1.10
2014.05.19 11:55:35.425,0.93145,0.93154,1.63,1.10
2014.05.19 11:55:35.889,0.93146,0.93157,1.63,1.29
2014.05.19 11:55:36.152,0.93153,0.93159,1.00,1.77
2014.05.19 11:55:37.143,0.93153,0.93159,1.00,1.02
2014.05.19 11:55:37.362,0.93147,0.93159,3.49,1.02
2014.05.19 11:55:37.580,0.93153,0.9316,1.00,3.04
2014.05.19 11:55:42.308,0.93149,0.9316,1.02,3.04
2014.05.19 11:55:42.409,0.93149,0.93159,1.10,1.19
2014.05.19 11:55:43.011,0.93148,0.93159,1.00,1.77
2014.05.19 11:55:43.438,0.93153,0.93159,1.00,1.77
2014.05.19 11:55:43.628,0.93148,0.93159,1.00,1.77
2014.05.19 11:55:43.785,0.93148,0.93159,1.19,1.02
2014.05.19 11:55:43.886,0.93153,0.9316,1.00,3.04
2014.05.19 11:55:45.360,0.93153,0.93159,1.00,1.19
2014.05.19 11:55:45.410,0.93148,0.93159,2.14,1.19
2014.05.19 11:55:46.299,0.93148,0.93159,1.00,1.77
2014.05.19 11:55:49.440,0.93153,0.93159,1.00,1.77
2014.05.19 11:55:51.428,0.93148,0.93157,1.00,1.02
2014.05.19 11:55:51.902,0.93153,0.93157,1.00,1.10
2014.05.19 11:55:51.953,0.93153,0.9316,1.00,3.87
2014.05.19 11:55:52.839,0.93153,0.93158,1.00,1.10
2014.05.19 11:55:52.940,0.93148,0.93157,1.69,1.10
2014.05.19 11:55:53.042,0.93148,0.93155,1.25,1.10
2014.05.19 11:55:53.440,0.93143,0.93154,1.69,1.02
2014.05.19 11:55:53.491,0.93143,0.93152,1.69,1.10
2014.05.19 11:55:53.819,0.93148,0.93156,1.58,1.32
2014.05.19 11:55:54.466,0.93148,0.93157,1.58,1.57
2014.05.19 11:55:56.386,0.93148,0.93159,1.58,1.19
2014.05.19 11:55:57.160,0.93149,0.93159,1.10,1.19
2014.05.19 11:55:57.948,0.93153,0.93158,1.00,1.19
2014.05.19 11:55:58.482,0.93153,0.93159,1.00,1.19
2014.05.19 11:55:58.802,0.93153,0.93163,1.58,1.19
2014.05.19 11:55:59.127,0.93158,0.93163,1.00,1.00
2014.05.19 11:55:59.338,0.93153,0.93163,1.95,1.19
2014.05.19 11:55:59.887,0.93157,0.93163,1.10,1.19
2014.05.19 11:56:00.038,0.93158,0.93166,1.00,1.69
2014.05.19 11:56:00.333,0.93158,0.93167,1.00,2.14
2014.05.19 11:56:00.434,0.9316,0.93168,1.10,1.57
2014.05.19 11:56:00.737,0.93163,0.93172,1.00,1.77
2014.05.19 11:56:01.348,0.93163,0.93173,1.00,1.77
2014.05.19 11:56:02.307,0.93168,0.93173,1.00,1.29
2014.05.19 11:56:02.408,0.93168,0.93174,1.00,1.25
2014.05.19 11:56:02.678,0.93166,0.93175,1.10,2.07
2014.05.19 11:56:02.884,0.93168,0.93174,1.00,1.00
2014.05.19 11:56:03.467,0.93168,0.93176,1.00,2.07
2014.05.19 11:56:04.010,0.93168,0.93176,1.00,1.69
2014.05.19 11:56:05.009,0.93168,0.93177,1.00,1.19
2014.05.19 11:56:05.836,0.93168,0.93177,1.00,1.19
2014.05.19 11:56:10.306,0.93166,0.93177,1.02,1.69
2014.05.19 11:56:10.357,0.93166,0.93175,1.10,1.19
2014.05.19 11:56:10.458,0.93164,0.93173,1.10,1.13
2014.05.19 11:56:10.861,0.93163,0.93172,1.00,4.24
2014.05.19 11:56:11.103,0.9316,0.93171,1.02,1.19
2014.05.19 11:56:11.154,0.9316,0.93169,1.10,1.19
2014.05.19 11:56:11.205,0.93158,0.93169,2.07,1.19
2014.05.19 11:56:12.209,0.93158,0.93169,1.00,1.19
2014.05.19 11:56:13.166,0.93158,0.93169,1.25,1.19
2014.05.19 11:56:17.585,0.93158,0.93169,1.00,1.19
2014.05.19 11:56:18.671,0.93163,0.93169,1.00,1.19
2014.05.19 11:56:18.887,0.93158,0.93169,1.00,1.19
2014.05.19 11:56:19.795,0.93158,0.93169,1.25,1.19
2014.05.19 11:56:20.907,0.93163,0.93169,1.00,1.19
2014.05.19 11:56:21.612,0.93163,0.9317,1.00,1.19
2014.05.19 11:56:22.207,0.93163,0.9317,1.00,1.19
2014.05.19 11:56:23.211,0.93163,0.9317,1.00,1.19
2014.05.19 11:56:26.265,0.93163,0.93172,1.00,1.69
2014.05.19 11:56:29.054,0.93163,0.9317,1.00,1.19
2014.05.19 11:56:29.255,0.93163,0.93172,1.00,1.19
2014.05.19 11:56:29.787,0.93168,0.93176,1.00,4.17
2014.05.19 11:56:30.090,0.93168,0.93178,1.00,1.69
2014.05.19 11:56:30.511,0.93169,0.9318,1.25,1.32
2014.05.19 11:56:31.596,0.93169,0.9318,1.00,1.19
2014.05.19 11:56:32.215,0.9317,0.9318,1.10,1.19
2014.05.19 11:56:32.560,0.93173,0.9318,1.00,1.19
2014.05.19 11:56:32.968,0.93169,0.93181,1.25,1.19
2014.05.19 11:56:33.435,0.93173,0.93181,1.00,1.19
2014.05.19 11:56:33.767,0.93169,0.9318,1.58,1.19
2014.05.19 11:56:35.471,0.93168,0.9318,2.44,1.19
2014.05.19 11:56:36.109,0.93168,0.93178,1.00,1.19
2014.05.19 11:56:36.728,0.9317,0.93178,1.10,1.19
2014.05.19 11:56:37.057,0.93168,0.93178,1.00,1.19
2014.05.19 11:56:37.608,0.93168,0.93179,1.25,1.77
2014.05.19 11:56:38.704,0.93168,0.93177,1.25,1.10
2014.05.19 11:56:39.326,0.9317,0.93179,1.10,1.19
2014.05.19 11:56:39.579,0.93168,0.93178,1.00,1.29
2014.05.19 11:56:41.205,0.93168,0.93178,1.58,1.19
2014.05.19 11:56:42.556,0.9317,0.93179,1.10,1.19
2014.05.19 11:56:43.095,0.93169,0.93179,1.10,1.19
2014.05.19 11:56:43.433,0.93173,0.93179,1.00,1.19
2014.05.19 11:56:44.339,0.93169,0.9318,1.10,1.19
2014.05.19 11:56:45.101,0.93169,0.9318,1.02,1.19
2014.05.19 11:56:46.223,0.93169,0.93178,1.02,1.00
2014.05.19 11:56:46.848,0.93168,0.93178,1.00,1.77
2014.05.19 11:56:47.586,0.93168,0.93178,1.00,1.19
2014.05.19 11:56:50.226,0.9317,0.93178,1.10,1.19
2014.05.19 11:56:50.559,0.93168,0.93178,1.58,1.19
2014.05.19 11:56:51.372,0.93173,0.93178,1.00,1.00
2014.05.19 11:56:51.423,0.93173,0.93179,1.00,1.19
2014.05.19 11:56:53.685,0.93173,0.9318,1.00,1.19
2014.05.19 11:56:54.890,0.93173,0.9318,1.00,1.19
2014.05.19 11:56:56.092,0.93173,0.9318,1.00,1.19
2014.05.19 11:56:57.435,0.93173,0.93179,1.00,2.29
2014.05.19 11:56:57.637,0.93169,0.9318,1.10,2.07
2014.05.19 11:56:57.953,0.93168,0.93178,1.00,1.77
2014.05.19 11:56:59.587,0.93168,0.93178,1.00,1.32
2014.05.19 11:57:00.824,0.93168,0.93178,1.00,1.32
2014.05.19 11:57:01.852,0.93168,0.93178,1.00,1.57
2014.05.19 11:57:02.427,0.93168,0.93178,1.00,2.67
2014.05.19 11:57:02.881,0.93165,0.93177,1.29,1.32
2014.05.19 11:57:03.565,0.93167,0.93177,1.10,1.57
2014.05.19 11:57:04.087,0.93166,0.93177,1.77,1.32
2014.05.19 11:57:04.139,0.93168,0.93178,1.00,2.14
2014.05.19 11:57:06.061,0.93168,0.93176,1.00,1.32
2014.05.19 11:57:06.113,0.93166,0.93176,1.58,1.32
2014.05.19 11:57:06.988,0.93163,0.93172,2.85,1.19
2014.05.19 11:57:07.291,0.93166,0.93172,1.10,1.00
2014.05.19 11:57:07.392,0.93164,0.93174,1.58,1.19
2014.05.19 11:57:07.894,0.93165,0.93175,1.00,1.19
2014.05.19 11:57:07.995,0.93166,0.93177,1.10,2.07
2014.05.19 11:57:09.052,0.93166,0.93177,1.02,2.07
2014.05.19 11:57:09.525,0.93168,0.93177,1.10,2.07
2014.05.19 11:57:10.027,0.93168,0.93178,1.00,1.39
2014.05.19 11:57:12.115,0.93166,0.93177,1.19,1.77
2014.05.19 11:57:12.751,0.93164,0.93176,2.52,1.39
2014.05.19 11:57:13.806,0.93168,0.93178,1.00,2.89
2014.05.19 11:57:14.776,0.93168,0.93178,1.00,1.57
2014.05.19 11:57:15.957,0.93168,0.9318,1.77,2.89
2014.05.19 11:57:16.260,0.93169,0.9318,1.19,1.39
2014.05.19 11:57:16.691,0.93168,0.93178,1.69,1.10
2014.05.19 11:57:17.657,0.93168,0.93178,1.00,1.77
2014.05.19 11:57:19.128,0.93168,0.93178,1.00,1.77
2014.05.19 11:57:19.437,0.9317,0.93178,1.10,1.19
2014.05.19 11:57:19.488,0.9317,0.9318,1.10,1.19
2014.05.19 11:57:19.755,0.93172,0.93182,1.00,2.37
2014.05.19 11:57:20.167,0.93174,0.93184,1.10,1.19
2014.05.19 11:57:20.695,0.93175,0.93185,1.10,1.19
2014.05.19 11:57:21.207,0.93174,0.93185,1.10,1.32
2014.05.19 11:57:21.863,0.93173,0.93184,1.69,1.29
2014.05.19 11:57:22.408,0.93173,0.93185,1.69,1.77
2014.05.19 11:57:23.065,0.93173,0.93183,1.25,1.02
2014.05.19 11:57:24.173,0.93173,0.93185,1.19,2.89
2014.05.19 11:57:24.556,0.93172,0.93182,1.77,1.00
2014.05.19 11:57:24.987,0.93171,0.93182,2.07,1.77
2014.05.19 11:57:25.609,0.93169,0.9318,1.10,1.19
2014.05.19 11:57:26.139,0.93168,0.93178,1.00,1.10
2014.05.19 11:57:27.928,0.9317,0.9318,1.10,3.79
2014.05.19 11:57:28.030,0.93169,0.9318,1.10,1.25
2014.05.19 11:57:28.140,0.93169,0.9318,1.10,1.69
2014.05.19 11:57:28.683,0.93168,0.93179,1.00,1.29
2014.05.19 11:57:29.333,0.93168,0.93177,1.00,1.10
2014.05.19 11:57:39.106,0.93168,0.93179,2.14,2.29
2014.05.19 11:57:39.417,0.93173,0.93181,1.00,2.10
2014.05.19 11:57:39.518,0.93173,0.93183,1.25,2.29
2014.05.19 11:57:41.535,0.93173,0.93185,2.44,3.12
2014.05.19 11:57:45.280,0.93174,0.93186,1.32,1.29
2014.05.19 11:57:47.294,0.93174,0.93186,1.19,1.02
2014.05.19 11:57:47.546,0.93178,0.93187,1.00,1.69
2014.05.19 11:57:47.647,0.93174,0.93187,3.04,2.82
2014.05.19 11:57:48.059,0.93178,0.93187,1.00,2.07
2014.05.19 11:57:49.303,0.93178,0.93187,1.00,2.07
2014.05.19 11:57:49.660,0.93178,0.93188,1.00,1.69
2014.05.19 11:57:50.177,0.93178,0.93189,1.00,1.13
2014.05.19 11:57:50.379,0.93183,0.93191,1.00,1.63
2014.05.19 11:57:50.480,0.93183,0.93192,1.00,1.13
2014.05.19 11:57:51.056,0.93183,0.93193,1.00,1.58
2014.05.19 11:57:53.477,0.93188,0.93194,1.00,1.69
2014.05.19 11:57:53.763,0.93188,0.93196,1.00,1.69
2014.05.19 11:57:55.675,0.93188,0.93197,1.00,1.25
2014.05.19 11:57:56.427,0.93188,0.93198,1.00,1.50
2014.05.19 11:57:58.105,0.93188,0.93198,1.00,2.44
2014.05.19 11:58:00.468,0.93185,0.93195,1.19,1.00
2014.05.19 11:58:00.569,0.93183,0.93195,1.19,3.04
2014.05.19 11:58:01.339,0.93183,0.93193,1.00,1.57
2014.05.19 11:58:01.441,0.93178,0.9319,2.44,4.24
2014.05.19 11:58:01.542,0.93178,0.93188,1.00,2.29
2014.05.19 11:58:02.836,0.93178,0.93187,1.00,1.77
2014.05.19 11:58:08.464,0.93178,0.93186,1.00,1.19
2014.05.19 11:58:09.469,0.93178,0.93185,1.00,1.19
2014.05.19 11:58:10.199,0.93178,0.93187,1.00,2.89
2014.05.19 11:58:12.486,0.93178,0.93187,1.00,2.07
2014.05.19 11:58:15.343,0.93178,0.93187,1.25,1.13
2014.05.19 11:58:18.344,0.93179,0.93188,1.10,3.42
2014.05.19 11:58:18.647,0.93183,0.93189,1.00,2.07
2014.05.19 11:58:20.225,0.93183,0.93189,1.00,2.07
2014.05.19 11:58:20.774,0.93177,0.93188,1.60,2.14
2014.05.19 11:58:21.915,0.93178,0.93188,1.00,2.14
2014.05.19 11:58:22.464,0.93178,0.93185,1.00,1.29
2014.05.19 11:58:22.665,0.93173,0.93181,1.00,1.10
2014.05.19 11:58:22.966,0.93173,0.9318,1.00,1.32
2014.05.19 11:58:23.394,0.93175,0.93181,1.10,1.19
2014.05.19 11:58:23.498,0.93174,0.93182,1.10,2.10
2014.05.19 11:58:23.599,0.93176,0.93185,1.19,2.85
2014.05.19 11:58:23.901,0.93183,0.93187,1.00,1.10
2014.05.19 11:58:23.952,0.93183,0.9319,1.00,3.42
2014.05.19 11:58:24.104,0.93179,0.9319,1.02,3.42
2014.05.19 11:58:24.745,0.93178,0.93188,1.25,1.02
2014.05.19 11:58:24.847,0.93183,0.93188,1.00,1.02
2014.05.19 11:58:25.464,0.93183,0.93189,1.00,1.02
2014.05.19 11:58:28.793,0.93176,0.93186,1.25,1.48
2014.05.19 11:58:29.046,0.93175,0.93183,1.50,1.10
2014.05.19 11:58:29.348,0.93178,0.93185,1.00,2.14
2014.05.19 11:58:30.224,0.93178,0.93186,1.00,2.14
2014.05.19 11:58:30.376,0.93173,0.93185,1.77,1.32
2014.05.19 11:58:31.298,0.93173,0.93184,1.25,1.39
2014.05.19 11:58:32.310,0.93173,0.93185,1.77,1.77
2014.05.19 11:58:33.414,0.93178,0.93185,1.00,1.77
2014.05.19 11:58:35.638,0.93178,0.93185,1.00,1.10
2014.05.19 11:58:36.059,0.93174,0.93185,1.19,1.10
2014.05.19 11:58:36.573,0.93173,0.93184,2.82,1.10
2014.05.19 11:58:36.624,0.93178,0.93185,1.00,1.10
2014.05.19 11:58:37.130,0.93178,0.93188,1.00,2.89
2014.05.19 11:58:38.472,0.93178,0.93188,1.00,2.14
2014.05.19 11:58:41.917,0.93178,0.93187,1.00,1.29
2014.05.19 11:58:46.915,0.93178,0.93187,1.00,1.77
2014.05.19 11:58:48.490,0.93178,0.93184,1.00,2.48
2014.05.19 11:58:48.641,0.93173,0.93182,1.00,1.10
2014.05.19 11:58:48.944,0.93178,0.93185,1.00,2.07
2014.05.19 11:58:50.052,0.93178,0.93185,1.00,1.19
2014.05.19 11:58:52.974,0.93178,0.93187,1.35,1.02
2014.05.19 11:58:53.112,0.93183,0.93189,1.00,1.32
2014.05.19 11:58:53.366,0.93178,0.93189,1.54,1.29
2014.05.19 11:58:53.547,0.93178,0.93188,1.35,1.19
2014.05.19 11:58:55.574,0.93178,0.93187,1.35,1.19
2014.05.19 11:58:56.566,0.93178,0.93187,1.35,1.29
2014.05.19 11:58:56.617,0.93176,0.93188,3.04,1.77
2014.05.19 11:58:56.874,0.93176,0.93185,2.10,1.19
2014.05.19 11:58:57.473,0.93176,0.93183,2.10,1.10
2014.05.19 11:58:58.374,0.93176,0.93184,2.10,1.02
2014.05.19 11:59:01.193,0.93177,0.93186,2.85,1.77
2014.05.19 11:59:01.344,0.93178,0.93188,1.00,1.02
2014.05.19 11:59:01.868,0.93178,0.93187,1.00,1.10
2014.05.19 11:59:03.236,0.93178,0.93187,1.00,1.77
2014.05.19 11:59:04.195,0.93178,0.93187,1.00,1.02
2014.05.19 11:59:04.708,0.93178,0.93189,1.00,1.29
2014.05.19 11:59:09.423,0.93178,0.93187,1.00,1.19
2014.05.19 11:59:09.726,0.93178,0.93185,1.00,1.77
2014.05.19 11:59:09.835,0.93173,0.93185,2.52,1.77
2014.05.19 11:59:10.668,0.93173,0.93185,2.52,1.77
2014.05.19 11:59:15.373,0.93173,0.93184,1.69,1.10
2014.05.19 11:59:15.675,0.93173,0.9318,1.00,1.77
2014.05.19 11:59:17.784,0.93173,0.93179,1.00,1.10
2014.05.19 11:59:18.310,0.93173,0.93181,1.00,2.29
2014.05.19 11:59:18.595,0.93168,0.93181,2.44,1.19
2014.05.19 11:59:18.645,0.93168,0.93175,2.44,1.10
2014.05.19 11:59:18.696,0.93168,0.93175,1.50,1.10
2014.05.19 11:59:18.898,0.93168,0.93173,1.00,1.77
2014.05.19 11:59:19.100,0.93168,0.93174,1.00,1.58
2014.05.19 11:59:19.402,0.93163,0.93174,1.19,3.68
2014.05.19 11:59:19.909,0.93163,0.93174,1.25,3.04
2014.05.19 11:59:20.605,0.93168,0.93174,1.00,3.04
2014.05.19 11:59:21.146,0.93163,0.93174,1.77,1.19
2014.05.19 11:59:21.666,0.93163,0.93172,1.25,1.10
2014.05.19 11:59:25.143,0.93163,0.93171,1.25,1.10
2014.05.19 11:59:25.913,0.93163,0.93173,1.25,1.02
2014.05.19 11:59:26.143,0.93161,0.9317,1.00,1.10
2014.05.19 11:59:26.445,0.93163,0.93172,1.00,3.30
2014.05.19 11:59:26.949,0.93163,0.93173,1.00,1.39
2014.05.19 11:59:27.463,0.93163,0.93173,1.00,1.39
2014.05.19 11:59:31.346,0.93163,0.93173,1.00,1.77
2014.05.19 11:59:32.315,0.93163,0.93173,1.00,1.29
2014.05.19 11:59:33.321,0.93163,0.93173,1.25,1.02
2014.05.19 11:59:34.859,0.93163,0.93172,1.00,1.19
2014.05.19 11:59:34.960,0.93158,0.9317,2.52,1.10
2014.05.19 11:59:35.061,0.93161,0.9317,1.19,1.10
2014.05.19 11:59:35.213,0.93163,0.93172,1.00,1.02
2014.05.19 11:59:36.382,0.93163,0.93173,1.19,1.58
2014.05.19 11:59:36.886,0.93163,0.93173,1.00,1.29
2014.05.19 11:59:37.184,0.93163,0.93171,1.00,1.29
2014.05.19 11:59:37.789,0.93163,0.93172,1.00,1.77
2014.05.19 11:59:38.857,0.93163,0.93173,1.25,1.02
2014.05.19 11:59:39.925,0.93163,0.9317,1.25,1.10
2014.05.19 11:59:40.026,0.93163,0.93172,1.00,1.58
2014.05.19 11:59:41.564,0.93168,0.93173,1.00,1.29
2014.05.19 11:59:42.489,0.93168,0.93173,1.00,1.02
2014.05.19 11:59:42.878,0.93161,0.9317,3.04,1.10
2014.05.19 11:59:42.929,0.93163,0.9317,1.00,1.10
2014.05.19 11:59:43.232,0.93163,0.93172,1.25,1.20
2014.05.19 11:59:44.103,0.93163,0.93172,1.00,1.29
2014.05.19 11:59:44.305,0.93163,0.93169,1.00,1.10
2014.05.19 11:59:44.833,0.93163,0.9317,1.00,1.02
2014.05.19 11:59:45.135,0.93163,0.93168,1.00,1.10
2014.05.19 11:59:45.236,0.93163,0.93171,1.00,1.58
2014.05.19 11:59:45.784,0.93163,0.9317,1.00,1.10
2014.05.19 11:59:45.903,0.93167,0.93173,1.00,2.07
2014.05.19 11:59:46.121,0.93163,0.93171,1.00,1.10
2014.05.19 11:59:46.637,0.93163,0.9317,1.00,1.10
2014.05.19 11:59:50.023,0.93163,0.93172,1.00,1.32
2014.05.19 11:59:50.074,0.93168,0.93173,1.00,1.57
2014.05.19 11:59:50.427,0.93168,0.93175,1.00,1.29
2014.05.19 11:59:51.014,0.93168,0.93175,1.00,1.10
2014.05.19 11:59:51.562,0.93168,0.93176,1.00,1.02
2014.05.19 11:59:53.250,0.93173,0.93178,1.00,1.63
2014.05.19 11:59:53.351,0.93173,0.93179,1.00,1.00
2014.05.19 11:59:53.604,0.93173,0.93183,1.00,2.14
2014.05.19 11:59:54.127,0.93173,0.93179,1.00,1.10
2014.05.19 11:59:54.466,0.93173,0.93181,1.00,1.39
2014.05.19 11:59:55.010,0.93173,0.93182,1.00,1.39
2014.05.19 11:59:55.514,0.93173,0.93181,1.00,1.10
2014.05.19 11:59:55.896,0.93168,0.93179,1.69,1.58
2014.05.19 11:59:56.098,0.93173,0.93179,1.00,1.95
2014.05.19 11:59:56.628,0.93173,0.9318,1.00,1.10
2014.05.19 11:59:58.110,0.93168,0.9318,4.62,2.14
2014.05.19 11:59:58.211,0.93168,0.93176,3.04,1.10
2014.05.19 11:59:58.312,0.93168,0.93178,3.04,1.10
2014.05.19 11:59:59.071,0.93168,0.93177,1.25,1.20
2014.05.19 11:59:59.691,0.93169,0.93177,1.00,1.10
2014.05.19 11:59:59.742,0.93172,0.93181,1.10,1.25
