2013.08.19 13:00:00.067,0.94793,0.94804,1.50,1.43
2013.08.19 13:00:00.764,0.94793,0.94805,2.18,1.99
2013.08.19 13:00:01.065,0.94796,0.94806,1.13,2.25
2013.08.19 13:00:01.124,0.94796,0.94806,1.32,2.25
2013.08.19 13:00:04.453,0.94794,0.94807,1.43,3.49
2013.08.19 13:00:04.764,0.94794,0.94806,1.43,1.13
2013.08.19 13:00:05.004,0.94792,0.94802,1.69,1.80
2013.08.19 13:00:05.184,0.94788,0.94801,2.44,1.35
2013.08.19 13:00:05.363,0.94788,0.948,1.77,1.35
2013.08.19 13:00:06.583,0.94788,0.948,2.82,1.35
2013.08.19 13:00:07.803,0.94788,0.948,2.44,1.35
2013.08.19 13:00:07.923,0.94789,0.94801,1.43,1.50
2013.08.19 13:00:08.496,0.94789,0.94801,1.43,1.88
2013.08.19 13:00:11.913,0.94788,0.94801,2.29,2.55
2013.08.19 13:00:12.153,0.94788,0.94798,1.50,1.05
2013.08.19 13:00:12.274,0.94784,0.94794,2.37,1.05
2013.08.19 13:00:12.515,0.94781,0.9479,1.35,1.13
2013.08.19 13:00:12.573,0.94778,0.94787,1.50,1.43
2013.08.19 13:00:13.267,0.94776,0.94788,2.55,1.43
2013.08.19 13:00:13.768,0.94778,0.94788,1.50,1.05
2013.08.19 13:00:14.585,0.94778,0.94788,1.50,1.05
2013.08.19 13:00:14.823,0.94778,0.9479,2.44,1.88
2013.08.19 13:00:14.949,0.94779,0.94792,1.62,3.49
2013.08.19 13:00:15.255,0.94783,0.94794,2.37,1.13
2013.08.19 13:00:16.575,0.94783,0.94796,3.49,1.62
2013.08.19 13:00:16.635,0.94783,0.94796,4.24,1.05
2013.08.19 13:00:16.694,0.94784,0.94796,1.69,1.05
2013.08.19 13:00:16.995,0.94784,0.94795,2.44,1.80
2013.08.19 13:00:17.055,0.94782,0.94794,4.92,1.43
2013.08.19 13:00:17.176,0.94782,0.94794,4.17,1.05
2013.08.19 13:00:17.236,0.9478,0.94792,1.62,2.74
2013.08.19 13:00:17.596,0.94783,0.94793,1.43,1.99
2013.08.19 13:00:17.776,0.94785,0.94796,1.99,1.13
2013.08.19 13:00:17.835,0.94786,0.94796,2.44,1.13
2013.08.19 13:00:17.957,0.94787,0.94797,1.69,1.13
2013.08.19 13:00:18.097,0.94786,0.94795,1.69,1.13
2013.08.19 13:00:18.286,0.94784,0.94795,1.69,1.80
2013.08.19 13:00:18.645,0.94783,0.94793,1.69,1.05
2013.08.19 13:00:19.306,0.94783,0.94791,1.69,1.05
2013.08.19 13:00:19.935,0.94781,0.9479,1.69,1.43
2013.08.19 13:00:21.594,0.94778,0.94789,1.69,1.13
2013.08.19 13:00:21.654,0.94778,0.94789,2.44,1.13
2013.08.19 13:00:21.833,0.94777,0.94785,1.50,1.05
2013.08.19 13:00:22.014,0.94774,0.94785,1.69,1.05
2013.08.19 13:00:22.517,0.94773,0.94785,3.19,1.05
2013.08.19 13:00:22.994,0.94777,0.94787,1.50,2.55
2013.08.19 13:00:23.234,0.94778,0.94789,2.44,1.24
2013.08.19 13:00:23.593,0.94783,0.94791,1.50,2.55
2013.08.19 13:00:25.345,0.94783,0.94791,1.50,1.88
2013.08.19 13:00:26.853,0.94783,0.94791,1.50,1.80
2013.08.19 13:00:27.133,0.94781,0.94789,1.50,1.05
2013.08.19 13:00:27.193,0.94779,0.94789,1.69,1.05
2013.08.19 13:00:32.716,0.94778,0.94788,1.69,1.05
2013.08.19 13:00:33.074,0.94774,0.94784,1.50,1.62
2013.08.19 13:00:33.194,0.94774,0.94785,1.69,1.24
2013.08.19 13:00:33.493,0.94774,0.94785,1.69,1.99
2013.08.19 13:00:33.553,0.94773,0.94783,2.37,1.13
2013.08.19 13:00:34.215,0.94773,0.94783,1.69,1.13
2013.08.19 13:00:34.764,0.94773,0.94783,1.69,1.13
2013.08.19 13:00:35.304,0.94773,0.94783,1.69,1.13
2013.08.19 13:00:35.845,0.94773,0.94781,1.69,1.05
2013.08.19 13:00:36.364,0.94773,0.94781,1.50,1.05
2013.08.19 13:00:37.034,0.94772,0.94781,1.50,1.05
2013.08.19 13:00:37.674,0.94769,0.94781,2.44,1.05
2013.08.19 13:00:38.058,0.94763,0.94774,2.82,1.24
2013.08.19 13:00:38.576,0.94765,0.94776,1.50,2.55
2013.08.19 13:00:38.827,0.94763,0.94776,2.37,2.55
2013.08.19 13:00:39.844,0.94763,0.94774,1.69,1.05
2013.08.19 13:00:39.907,0.94765,0.94774,1.50,1.05
2013.08.19 13:00:41.045,0.94763,0.94775,1.69,1.80
2013.08.19 13:00:41.104,0.94763,0.94774,1.69,1.43
2013.08.19 13:00:41.343,0.94761,0.94773,1.69,2.48
2013.08.19 13:00:42.456,0.9476,0.94772,1.69,2.18
2013.08.19 13:00:44.337,0.94759,0.94772,3.87,2.29
2013.08.19 13:00:48.374,0.94762,0.94774,2.37,1.39
2013.08.19 13:00:49.033,0.94766,0.94779,1.62,2.55
2013.08.19 13:00:50.763,0.94768,0.94779,1.69,1.24
2013.08.19 13:00:50.824,0.94768,0.9478,1.69,2.10
2013.08.19 13:00:51.004,0.94771,0.94782,1.62,1.02
2013.08.19 13:00:53.123,0.94769,0.94781,2.37,1.43
2013.08.19 13:00:54.083,0.94768,0.94781,2.37,1.43
2013.08.19 13:00:54.643,0.94769,0.94781,1.62,2.37
2013.08.19 13:00:55.273,0.94769,0.94781,1.62,2.74
2013.08.19 13:00:55.394,0.94767,0.94778,1.43,1.32
2013.08.19 13:00:56.035,0.94763,0.94775,2.37,1.43
2013.08.19 13:00:56.514,0.94763,0.94776,1.62,1.43
2013.08.19 13:00:56.633,0.94767,0.94778,1.13,1.43
2013.08.19 13:00:56.813,0.94769,0.94781,1.50,2.10
2013.08.19 13:00:56.933,0.9477,0.94782,1.43,1.50
2013.08.19 13:00:57.664,0.94769,0.94781,2.44,1.35
2013.08.19 13:00:58.454,0.94769,0.94781,3.12,1.35
2013.08.19 13:01:15.594,0.9477,0.94781,1.50,1.43
2013.08.19 13:01:15.653,0.94769,0.94781,1.62,1.43
2013.08.19 13:01:15.834,0.94768,0.9478,2.10,2.25
2013.08.19 13:01:16.194,0.94762,0.94774,1.50,1.62
2013.08.19 13:01:19.585,0.94761,0.94773,2.37,1.50
2013.08.19 13:01:20.176,0.94761,0.94773,1.69,2.25
2013.08.19 13:01:23.674,0.94761,0.94774,3.12,2.25
2013.08.19 13:01:26.045,0.94761,0.94773,1.69,1.50
2013.08.19 13:01:26.576,0.9476,0.94772,2.44,2.10
2013.08.19 13:01:31.224,0.94761,0.94774,2.37,2.29
2013.08.19 13:01:31.403,0.94763,0.94774,1.50,1.54
2013.08.19 13:01:33.443,0.94763,0.94776,1.69,2.93
2013.08.19 13:01:36.793,0.94763,0.94776,1.69,2.93
2013.08.19 13:01:39.593,0.94763,0.94776,1.69,2.93
2013.08.19 13:01:47.724,0.94763,0.94776,1.88,3.23
2013.08.19 13:01:48.044,0.94763,0.94775,1.50,2.07
2013.08.19 13:01:48.804,0.94763,0.94773,1.50,2.85
2013.08.19 13:01:49.533,0.94762,0.94773,2.63,2.93
2013.08.19 13:01:49.893,0.9476,0.94769,2.07,1.43
2013.08.19 13:01:51.517,0.94759,0.94769,1.13,1.43
2013.08.19 13:01:51.578,0.94759,0.94769,1.13,1.24
2013.08.19 13:01:51.884,0.9475,0.94762,1.80,1.88
2013.08.19 13:01:52.064,0.94748,0.94758,1.80,1.02
2013.08.19 13:01:52.304,0.94747,0.94759,1.13,1.05
2013.08.19 13:01:52.484,0.94748,0.94759,2.25,1.62
2013.08.19 13:01:52.784,0.94749,0.94759,1.35,1.69
2013.08.19 13:01:53.144,0.9475,0.94762,1.80,1.54
2013.08.19 13:01:53.714,0.94749,0.94763,3.04,4.17
2013.08.19 13:01:54.796,0.94749,0.94763,3.04,3.87
2013.08.19 13:01:55.634,0.9475,0.94763,1.80,3.87
2013.08.19 13:01:56.543,0.9475,0.94763,1.80,4.17
2013.08.19 13:02:00.703,0.94751,0.94763,2.07,3.23
2013.08.19 13:02:00.763,0.94752,0.94763,1.50,2.93
2013.08.19 13:02:01.463,0.94752,0.94762,1.50,1.43
2013.08.19 13:02:03.256,0.94752,0.94763,1.50,2.18
2013.08.19 13:02:03.994,0.94752,0.94764,2.18,1.50
2013.08.19 13:02:05.215,0.94752,0.94764,2.18,1.50
2013.08.19 13:02:09.884,0.94754,0.94766,1.43,2.29
2013.08.19 13:02:11.024,0.94755,0.94769,1.43,2.48
2013.08.19 13:02:11.563,0.94757,0.9477,1.62,1.05
2013.08.19 13:02:11.884,0.9476,0.94772,2.37,1.43
2013.08.19 13:02:12.063,0.94762,0.94774,1.62,1.43
2013.08.19 13:02:14.993,0.94761,0.94774,1.62,2.18
2013.08.19 13:02:16.203,0.94762,0.94774,2.37,1.43
2013.08.19 13:02:22.224,0.94763,0.94776,2.93,1.24
2013.08.19 13:02:22.905,0.94763,0.94776,2.93,1.32
2013.08.19 13:02:23.264,0.94768,0.9478,1.73,1.35
2013.08.19 13:02:24.174,0.9477,0.94783,2.18,1.88
2013.08.19 13:02:25.204,0.9477,0.94784,2.55,2.48
2013.08.19 13:02:25.937,0.94773,0.94786,2.85,1.13
2013.08.19 13:02:26.755,0.94773,0.94787,3.04,3.00
2013.08.19 13:02:26.884,0.94773,0.94785,2.29,1.13
2013.08.19 13:02:29.914,0.94773,0.94786,3.79,1.99
2013.08.19 13:02:30.613,0.94773,0.94785,2.85,1.58
2013.08.19 13:02:30.926,0.94773,0.94784,1.50,1.13
2013.08.19 13:02:31.424,0.94773,0.94784,1.43,1.20
2013.08.19 13:02:33.173,0.9477,0.94783,1.62,1.43
2013.08.19 13:02:37.054,0.9477,0.9478,2.37,1.13
2013.08.19 13:02:37.355,0.94764,0.94772,2.10,1.88
2013.08.19 13:02:37.474,0.94756,0.94768,1.43,1.80
2013.08.19 13:02:37.714,0.94753,0.94766,1.50,1.35
2013.08.19 13:02:37.834,0.94754,0.94767,2.10,1.80
2013.08.19 13:02:37.894,0.94756,0.94768,1.43,1.62
2013.08.19 13:02:38.074,0.94755,0.9477,1.54,3.12
2013.08.19 13:02:38.495,0.94756,0.9477,1.54,1.05
2013.08.19 13:02:39.045,0.94757,0.9477,2.29,1.05
2013.08.19 13:02:39.405,0.94759,0.9477,1.50,1.05
2013.08.19 13:02:39.857,0.94759,0.94772,2.18,1.32
2013.08.19 13:02:41.035,0.94758,0.94771,2.37,1.05
2013.08.19 13:02:41.155,0.94756,0.9477,3.12,1.43
2013.08.19 13:02:41.215,0.94755,0.94768,1.43,1.43
2013.08.19 13:02:41.513,0.94757,0.94769,1.43,3.72
2013.08.19 13:02:42.903,0.94758,0.94771,1.62,1.43
2013.08.19 13:02:44.123,0.94757,0.94771,3.04,2.18
2013.08.19 13:02:44.424,0.94755,0.94767,1.43,1.69
2013.08.19 13:02:44.904,0.94752,0.94765,1.69,1.73
2013.08.19 13:02:45.455,0.94752,0.94764,1.69,1.05
2013.08.19 13:02:45.813,0.94749,0.94762,1.43,2.37
2013.08.19 13:02:45.874,0.94749,0.94762,1.43,1.24
2013.08.19 13:02:47.625,0.94748,0.94762,3.87,2.29
2013.08.19 13:02:48.043,0.94752,0.94763,2.25,1.35
2013.08.19 13:02:48.223,0.94752,0.94764,3.19,1.43
2013.08.19 13:02:48.283,0.94753,0.94766,2.37,1.05
2013.08.19 13:02:48.824,0.94755,0.94767,1.43,1.43
2013.08.19 13:02:49.376,0.94755,0.9477,2.29,1.54
2013.08.19 13:02:51.027,0.94755,0.94768,2.37,1.43
2013.08.19 13:02:51.624,0.94755,0.94763,1.62,1.13
2013.08.19 13:02:51.924,0.94755,0.94763,1.50,1.24
2013.08.19 13:02:52.045,0.94756,0.94764,1.50,2.10
2013.08.19 13:02:52.343,0.94753,0.94766,3.19,1.05
2013.08.19 13:03:01.044,0.94752,0.94765,3.19,1.35
2013.08.19 13:03:01.163,0.94752,0.94763,2.44,1.35
2013.08.19 13:03:15.613,0.94751,0.94763,2.44,1.43
2013.08.19 13:03:15.913,0.94749,0.94762,1.69,2.18
2013.08.19 13:03:25.949,0.94749,0.94762,1.69,2.93
2013.08.19 13:03:27.293,0.94749,0.94761,1.69,1.05
2013.08.19 13:03:27.803,0.94748,0.94759,1.69,1.05
2013.08.19 13:03:28.353,0.94747,0.94759,2.44,1.05
2013.08.19 13:03:36.123,0.94748,0.94761,2.10,2.25
2013.08.19 13:03:36.424,0.94749,0.94762,1.24,3.12
2013.08.19 13:03:36.784,0.94759,0.94767,2.44,2.74
2013.08.19 13:03:37.095,0.94758,0.94767,3.87,2.07
2013.08.19 13:03:37.214,0.9476,0.94767,2.37,1.50
2013.08.19 13:03:37.805,0.9476,0.94771,1.62,1.13
2013.08.19 13:03:38.414,0.9476,0.94772,1.62,1.95
2013.08.19 13:03:38.937,0.94759,0.94772,1.54,1.58
2013.08.19 13:03:39.066,0.94759,0.94772,1.54,1.58
2013.08.19 13:03:39.634,0.94764,0.94775,1.62,1.88
2013.08.19 13:03:39.713,0.94766,0.94777,1.62,2.55
2013.08.19 13:03:40.263,0.94766,0.94777,1.62,1.88
2013.08.19 13:03:45.155,0.94766,0.94779,3.12,2.93
2013.08.19 13:03:45.215,0.94768,0.94779,1.69,2.18
2013.08.19 13:03:45.573,0.9477,0.94782,1.62,1.88
2013.08.19 13:03:46.393,0.9477,0.94783,2.37,1.62
2013.08.19 13:03:46.753,0.94769,0.94782,3.12,2.63
2013.08.19 13:03:47.054,0.94769,0.94781,1.43,2.18
2013.08.19 13:03:47.494,0.94766,0.94777,1.69,1.50
2013.08.19 13:03:48.014,0.94767,0.94779,2.10,1.69
2013.08.19 13:03:49.984,0.94767,0.94779,1.43,2.37
2013.08.19 13:03:53.153,0.94767,0.94779,1.62,2.37
2013.08.19 13:03:53.706,0.94768,0.94779,2.44,1.62
2013.08.19 13:03:54.374,0.94767,0.94779,2.37,1.62
2013.08.19 13:03:54.434,0.94767,0.94777,2.37,1.13
2013.08.19 13:03:54.494,0.94767,0.94776,1.43,1.13
2013.08.19 13:03:54.675,0.94763,0.94775,2.44,1.05
2013.08.19 13:03:55.384,0.94763,0.94775,1.69,1.05
2013.08.19 13:03:55.886,0.94763,0.94775,1.69,1.80
2013.08.19 13:03:56.536,0.94763,0.94775,1.69,1.99
2013.08.19 13:03:57.587,0.94763,0.94775,1.69,2.18
2013.08.19 13:03:58.913,0.94764,0.94776,1.43,1.80
2013.08.19 13:03:59.093,0.94764,0.94777,1.43,3.12
2013.08.19 13:04:00.984,0.94767,0.94777,1.35,1.58
2013.08.19 13:04:01.344,0.94774,0.94782,1.35,1.50
2013.08.19 13:04:01.886,0.94773,0.94782,1.54,1.50
2013.08.19 13:04:02.432,0.94773,0.94782,1.54,1.50
2013.08.19 13:04:02.974,0.94772,0.94782,2.37,1.50
2013.08.19 13:04:03.364,0.94772,0.94782,2.37,1.20
2013.08.19 13:04:09.203,0.94771,0.94782,3.04,1.20
2013.08.19 13:04:09.753,0.9477,0.94782,2.29,1.95
2013.08.19 13:04:09.993,0.9477,0.94782,4.47,1.95
2013.08.19 13:04:11.953,0.94771,0.94782,1.54,1.95
2013.08.19 13:04:14.875,0.94771,0.94782,1.35,2.48
2013.08.19 13:04:14.937,0.94769,0.94782,2.29,3.23
2013.08.19 13:04:15.114,0.9477,0.94782,1.62,2.85
2013.08.19 13:04:15.294,0.94773,0.94785,1.50,1.62
2013.08.19 13:04:15.355,0.94775,0.94787,1.35,1.69
2013.08.19 13:04:15.474,0.94777,0.94787,1.35,1.50
2013.08.19 13:04:15.534,0.94774,0.94787,2.67,1.50
2013.08.19 13:04:16.224,0.94773,0.94787,3.94,3.98
2013.08.19 13:04:16.795,0.94773,0.94786,3.87,1.05
2013.08.19 13:04:17.583,0.94774,0.94786,2.10,1.13
2013.08.19 13:04:20.015,0.94774,0.94787,2.85,1.95
2013.08.19 13:04:20.194,0.94776,0.94787,1.24,2.33
2013.08.19 13:04:20.499,0.94781,0.94792,2.10,1.88
2013.08.19 13:04:20.923,0.94777,0.94788,2.44,1.50
2013.08.19 13:04:21.624,0.94777,0.94788,2.44,2.25
2013.08.19 13:04:22.485,0.94777,0.94788,2.44,2.25
2013.08.19 13:04:23.005,0.94775,0.94787,1.69,1.80
2013.08.19 13:04:27.994,0.94775,0.94787,1.69,1.43
2013.08.19 13:04:29.614,0.94775,0.94786,1.69,1.35
2013.08.19 13:04:30.244,0.94775,0.94787,1.69,2.10
2013.08.19 13:04:30.825,0.94775,0.94787,2.37,2.10
2013.08.19 13:04:31.376,0.94777,0.94789,1.69,1.50
2013.08.19 13:04:33.797,0.94777,0.94788,1.69,1.13
2013.08.19 13:04:36.054,0.94776,0.94787,1.69,1.05
2013.08.19 13:04:36.546,0.94776,0.94786,1.69,1.35
2013.08.19 13:04:36.944,0.94777,0.94788,1.69,2.85
2013.08.19 13:04:40.370,0.94778,0.94786,1.50,1.43
2013.08.19 13:04:41.774,0.94778,0.94785,1.50,1.35
2013.08.19 13:04:43.403,0.94773,0.94782,1.32,1.35
2013.08.19 13:04:43.684,0.94778,0.94784,1.50,1.35
2013.08.19 13:04:43.873,0.94778,0.94785,1.50,1.43
2013.08.19 13:04:44.414,0.94778,0.94784,1.50,1.35
2013.08.19 13:04:46.064,0.94773,0.94784,2.44,1.35
2013.08.19 13:04:46.183,0.94773,0.94784,2.44,1.35
2013.08.19 13:04:46.693,0.94773,0.94782,1.69,1.35
2013.08.19 13:04:47.263,0.94773,0.94783,1.69,1.35
2013.08.19 13:04:48.084,0.94773,0.94782,2.44,1.43
2013.08.19 13:04:48.474,0.94773,0.94781,1.50,1.35
2013.08.19 13:04:49.814,0.94773,0.94781,1.50,1.35
2013.08.19 13:04:50.354,0.94773,0.94782,1.50,1.43
2013.08.19 13:04:50.414,0.94773,0.94784,1.69,1.43
2013.08.19 13:04:50.835,0.94773,0.94783,1.69,1.43
2013.08.19 13:04:51.194,0.94773,0.94784,2.07,2.18
2013.08.19 13:04:53.984,0.94773,0.94784,2.44,2.18
2013.08.19 13:04:54.343,0.94773,0.94784,2.07,2.18
2013.08.19 13:04:54.647,0.94774,0.94784,1.32,1.43
2013.08.19 13:05:03.361,0.94776,0.94784,1.50,2.10
2013.08.19 13:05:04.103,0.94776,0.94785,1.50,1.35
2013.08.19 13:05:07.243,0.94776,0.94786,1.50,1.43
2013.08.19 13:05:08.446,0.94774,0.94786,1.32,1.43
2013.08.19 13:05:10.855,0.94776,0.94792,1.50,1.62
2013.08.19 13:05:10.975,0.94777,0.94789,1.13,1.35
2013.08.19 13:05:11.154,0.94779,0.94791,1.43,1.24
2013.08.19 13:05:11.214,0.9478,0.94792,1.43,1.50
2013.08.19 13:05:11.937,0.94781,0.94792,1.50,1.88
2013.08.19 13:05:12.264,0.94779,0.94788,2.44,1.43
2013.08.19 13:05:12.804,0.94779,0.94791,2.44,2.29
2013.08.19 13:05:12.864,0.94779,0.94791,2.44,2.29
2013.08.19 13:05:13.183,0.94779,0.94791,2.82,2.29
2013.08.19 13:05:15.194,0.9478,0.94791,1.32,2.18
2013.08.19 13:05:15.924,0.9478,0.94791,1.32,1.50
2013.08.19 13:05:17.935,0.94779,0.94792,3.49,3.60
2013.08.19 13:05:18.296,0.94776,0.94787,2.18,1.50
2013.08.19 13:05:18.354,0.94774,0.94785,2.07,1.35
2013.08.19 13:05:18.534,0.94774,0.94784,1.50,1.35
2013.08.19 13:05:18.594,0.94773,0.94782,1.69,1.35
2013.08.19 13:05:19.255,0.94774,0.94784,1.13,1.35
2013.08.19 13:05:19.614,0.94778,0.94792,1.99,2.18
2013.08.19 13:05:19.674,0.94778,0.94792,1.92,1.50
2013.08.19 13:05:19.793,0.94777,0.94792,3.12,2.93
2013.08.19 13:05:20.034,0.94779,0.94792,1.54,1.50
2013.08.19 13:05:20.153,0.9478,0.94793,1.35,2.37
2013.08.19 13:05:20.493,0.94783,0.94795,1.35,1.13
2013.08.19 13:05:20.674,0.94781,0.94795,1.35,1.80
2013.08.19 13:05:21.333,0.9478,0.94793,1.62,1.62
2013.08.19 13:05:21.503,0.9478,0.94793,1.62,2.18
2013.08.19 13:05:23.185,0.94779,0.94787,1.43,1.50
2013.08.19 13:05:23.308,0.94777,0.94787,1.50,2.18
2013.08.19 13:05:24.614,0.94776,0.94786,1.50,1.43
2013.08.19 13:05:24.914,0.94776,0.94787,1.50,1.43
2013.08.19 13:05:25.454,0.94774,0.94786,3.19,1.35
2013.08.19 13:05:25.974,0.94774,0.94786,3.19,1.35
2013.08.19 13:05:26.507,0.94776,0.94786,1.50,1.35
2013.08.19 13:05:26.638,0.94774,0.94786,3.19,1.35
2013.08.19 13:05:27.184,0.94773,0.94785,2.29,1.35
2013.08.19 13:05:27.743,0.94773,0.94784,2.10,1.35
2013.08.19 13:05:28.574,0.94771,0.94784,1.50,1.43
2013.08.19 13:05:28.704,0.94769,0.94782,1.69,1.35
2013.08.19 13:05:29.543,0.94773,0.94784,1.50,2.18
2013.08.19 13:05:29.664,0.94773,0.94784,1.50,1.43
2013.08.19 13:05:29.784,0.94773,0.94784,2.10,2.10
2013.08.19 13:05:29.965,0.94773,0.94786,2.44,2.10
2013.08.19 13:05:30.084,0.94773,0.94786,1.69,2.10
2013.08.19 13:05:32.554,0.94773,0.94786,2.44,2.29
2013.08.19 13:05:36.914,0.94773,0.94786,1.50,2.29
2013.08.19 13:05:37.709,0.94771,0.94783,2.44,1.43
2013.08.19 13:05:39.864,0.94772,0.94783,1.50,1.80
2013.08.19 13:05:40.048,0.94767,0.94779,1.69,1.43
2013.08.19 13:05:40.295,0.94766,0.94779,1.50,2.29
2013.08.19 13:05:40.475,0.94765,0.94779,1.43,1.99
2013.08.19 13:05:41.004,0.94764,0.94777,1.62,2.10
2013.08.19 13:05:41.245,0.94764,0.94776,2.18,1.05
2013.08.19 13:05:41.768,0.94763,0.94774,1.69,1.54
2013.08.19 13:05:42.417,0.94763,0.94774,1.69,1.54
2013.08.19 13:05:45.297,0.94761,0.94774,2.37,2.59
2013.08.19 13:05:45.355,0.94761,0.94771,1.50,1.35
2013.08.19 13:05:45.535,0.9476,0.94771,1.69,1.35
2013.08.19 13:05:45.655,0.9476,0.94774,2.37,2.67
2013.08.19 13:05:45.775,0.9476,0.94773,2.74,2.18
2013.08.19 13:05:48.007,0.9476,0.94773,2.74,2.18
2013.08.19 13:05:48.315,0.9476,0.94773,3.49,2.18
2013.08.19 13:05:55.244,0.9476,0.94773,1.62,2.18
2013.08.19 13:06:07.324,0.94759,0.94772,1.54,1.88
2013.08.19 13:06:07.446,0.94758,0.9477,1.69,2.10
2013.08.19 13:06:08.576,0.94758,0.94769,2.44,1.54
2013.08.19 13:06:09.134,0.94758,0.94767,1.69,1.43
2013.08.19 13:06:13.185,0.94758,0.94769,1.50,1.54
2013.08.19 13:06:18.107,0.94757,0.94768,3.19,1.43
2013.08.19 13:06:18.814,0.94757,0.94766,2.44,1.35
2013.08.19 13:06:19.548,0.94757,0.94766,1.69,1.35
2013.08.19 13:06:20.286,0.94757,0.94767,1.50,1.43
2013.08.19 13:06:20.825,0.94754,0.94766,1.50,2.48
2013.08.19 13:06:21.006,0.94753,0.94762,2.25,1.05
2013.08.19 13:06:21.065,0.94753,0.94762,1.50,1.80
2013.08.19 13:06:21.306,0.9475,0.94762,1.43,1.80
2013.08.19 13:06:21.810,0.94749,0.94762,2.37,1.80
2013.08.19 13:06:22.944,0.94749,0.9476,2.44,1.73
2013.08.19 13:06:24.988,0.94749,0.94756,1.50,1.50
2013.08.19 13:06:25.054,0.94745,0.94756,2.37,2.48
2013.08.19 13:06:25.355,0.94737,0.94747,1.50,1.35
2013.08.19 13:06:25.414,0.94736,0.94747,1.73,1.35
2013.08.19 13:06:25.474,0.94738,0.94747,1.50,1.05
2013.08.19 13:06:26.204,0.94739,0.94751,2.10,2.37
2013.08.19 13:06:26.264,0.94743,0.94751,1.50,1.99
2013.08.19 13:06:26.383,0.94743,0.94753,1.50,1.80
2013.08.19 13:06:26.894,0.94741,0.94753,1.69,1.24
2013.08.19 13:06:27.214,0.94741,0.94753,1.69,1.80
2013.08.19 13:06:27.274,0.94741,0.94752,1.69,1.62
2013.08.19 13:06:27.454,0.94738,0.94749,1.32,1.35
2013.08.19 13:06:27.694,0.94738,0.94751,2.37,1.13
2013.08.19 13:06:27.814,0.94738,0.94749,1.69,1.35
2013.08.19 13:06:28.285,0.94738,0.9475,2.25,1.80
2013.08.19 13:06:28.355,0.94737,0.94748,1.69,1.73
2013.08.19 13:06:28.624,0.94736,0.94747,2.44,2.18
2013.08.19 13:06:28.926,0.94729,0.94741,1.69,1.05
2013.08.19 13:06:29.234,0.94729,0.94741,2.07,1.05
2013.08.19 13:06:30.274,0.94733,0.94745,1.05,1.73
2013.08.19 13:06:30.635,0.94739,0.94749,1.43,1.69
2013.08.19 13:06:30.755,0.9474,0.94749,1.13,1.69
2013.08.19 13:06:30.935,0.94739,0.94749,1.80,1.02
2013.08.19 13:06:31.354,0.9474,0.94752,1.13,1.99
2013.08.19 13:06:31.884,0.9474,0.94752,2.48,1.32
2013.08.19 13:06:32.196,0.94741,0.94752,1.05,1.32
2013.08.19 13:06:32.779,0.94741,0.94752,1.80,1.32
2013.08.19 13:06:33.347,0.94743,0.94752,1.80,1.13
2013.08.19 13:06:33.814,0.94745,0.94757,1.32,1.69
2013.08.19 13:06:33.935,0.94743,0.94756,1.69,1.62
2013.08.19 13:06:34.174,0.94743,0.94755,2.25,1.43
2013.08.19 13:06:34.294,0.94743,0.94753,1.88,1.35
2013.08.19 13:06:34.943,0.94742,0.94753,1.88,1.35
2013.08.19 13:06:35.636,0.94742,0.94753,1.88,1.54
2013.08.19 13:06:36.876,0.94742,0.94753,1.88,1.43
2013.08.19 13:06:37.270,0.94739,0.94751,1.69,1.35
2013.08.19 13:06:37.334,0.94738,0.94751,1.69,1.35
2013.08.19 13:06:37.885,0.94738,0.9475,1.50,1.80
2013.08.19 13:06:39.215,0.94738,0.94749,1.50,1.32
2013.08.19 13:06:39.704,0.94738,0.94749,1.50,1.32
2013.08.19 13:06:40.166,0.94731,0.9474,1.88,1.73
2013.08.19 13:06:40.241,0.94728,0.9474,2.18,1.05
2013.08.19 13:06:41.244,0.94729,0.94742,2.03,2.44
2013.08.19 13:06:41.603,0.94733,0.94745,1.43,2.74
2013.08.19 13:06:42.144,0.94733,0.94745,2.85,1.13
2013.08.19 13:06:43.204,0.94733,0.94745,1.43,1.99
2013.08.19 13:06:46.384,0.94733,0.94745,2.74,1.05
2013.08.19 13:06:46.685,0.94738,0.94749,2.10,1.13
2013.08.19 13:06:46.986,0.94727,0.94737,1.43,3.42
2013.08.19 13:06:47.048,0.94726,0.94732,2.86,1.88
2013.08.19 13:06:47.295,0.94722,0.94729,3.75,1.32
2013.08.19 13:06:47.534,0.94723,0.94729,1.43,1.99
2013.08.19 13:06:47.655,0.94717,0.94729,1.43,2.07
2013.08.19 13:06:48.024,0.94718,0.94729,1.13,1.05
2013.08.19 13:06:48.384,0.94721,0.94735,2.18,2.85
2013.08.19 13:06:48.864,0.94724,0.94736,1.54,1.13
2013.08.19 13:06:50.418,0.94725,0.94736,1.43,1.13
2013.08.19 13:06:51.265,0.94723,0.94736,3.12,3.23
2013.08.19 13:06:51.444,0.94723,0.94732,1.50,2.29
2013.08.19 13:06:51.565,0.94718,0.9473,2.18,1.62
2013.08.19 13:06:51.624,0.94716,0.94728,1.58,1.62
2013.08.19 13:06:52.058,0.9472,0.94729,1.50,1.13
2013.08.19 13:06:52.654,0.94721,0.94732,1.50,1.99
2013.08.19 13:06:53.385,0.94723,0.94732,1.50,1.99
2013.08.19 13:06:53.624,0.94726,0.94733,1.50,2.37
2013.08.19 13:06:54.994,0.94723,0.94733,1.50,1.80
2013.08.19 13:06:55.174,0.94723,0.9473,1.50,1.05
2013.08.19 13:06:55.414,0.94721,0.94732,1.58,2.29
2013.08.19 13:06:55.534,0.94718,0.94731,3.68,1.32
2013.08.19 13:06:55.775,0.94718,0.94729,1.50,1.54
2013.08.19 13:06:56.283,0.94718,0.9473,1.50,1.99
2013.08.19 13:06:56.764,0.94716,0.94728,2.25,1.05
2013.08.19 13:06:58.091,0.94717,0.94729,1.43,1.32
2013.08.19 13:06:58.454,0.94719,0.9473,1.43,1.02
2013.08.19 13:06:59.466,0.94719,0.94732,2.10,2.52
2013.08.19 13:07:03.206,0.9472,0.94732,1.43,1.77
2013.08.19 13:07:03.325,0.9472,0.94733,1.62,1.43
2013.08.19 13:07:03.517,0.94723,0.94734,1.43,1.02
2013.08.19 13:07:04.386,0.94722,0.94734,1.35,1.77
2013.08.19 13:07:05.194,0.94723,0.94735,1.43,1.39
2013.08.19 13:07:05.494,0.94724,0.94737,2.10,1.69
2013.08.19 13:07:06.614,0.94724,0.94737,2.10,1.39
2013.08.19 13:07:09.994,0.94723,0.94736,1.62,1.88
2013.08.19 13:07:10.638,0.94723,0.94735,1.62,1.13
2013.08.19 13:07:10.754,0.94722,0.94734,1.99,1.50
2013.08.19 13:07:10.997,0.94719,0.94732,1.43,1.80
2013.08.19 13:07:11.513,0.94718,0.9473,1.35,1.58
2013.08.19 13:07:12.835,0.94717,0.94728,1.43,1.50
2013.08.19 13:07:13.137,0.94711,0.94722,1.43,1.58
2013.08.19 13:07:13.645,0.94711,0.94723,1.35,2.63
2013.08.19 13:07:14.184,0.94712,0.94723,1.73,1.20
2013.08.19 13:07:16.168,0.94713,0.94724,2.10,1.20
2013.08.19 13:07:16.671,0.94713,0.94726,2.10,1.88
2013.08.19 13:07:17.016,0.94713,0.94725,1.35,1.58
2013.08.19 13:07:17.564,0.9471,0.94724,2.67,2.25
2013.08.19 13:07:18.117,0.9471,0.94722,1.92,1.50
2013.08.19 13:07:19.807,0.94711,0.94724,1.43,1.69
2013.08.19 13:07:19.866,0.9471,0.94722,1.92,1.50
2013.08.19 13:07:21.414,0.94709,0.94722,2.18,1.80
2013.08.19 13:07:21.474,0.94709,0.94721,1.50,1.35
2013.08.19 13:07:21.534,0.94709,0.94721,1.13,2.29
2013.08.19 13:07:21.954,0.94712,0.94723,1.05,2.55
2013.08.19 13:07:22.509,0.94712,0.94723,1.80,1.13
2013.08.19 13:07:23.082,0.94709,0.94722,1.62,1.50
2013.08.19 13:07:23.645,0.94709,0.94722,1.43,1.69
2013.08.19 13:07:24.025,0.94711,0.94723,1.43,1.80
2013.08.19 13:07:24.084,0.9471,0.94722,1.35,1.77
2013.08.19 13:07:24.654,0.94711,0.94723,1.43,2.07
2013.08.19 13:07:27.904,0.94713,0.94723,2.18,1.20
2013.08.19 13:07:28.824,0.94713,0.94725,2.85,1.58
2013.08.19 13:07:29.715,0.94713,0.94725,1.69,2.25
2013.08.19 13:07:30.806,0.94713,0.94725,2.37,1.58
2013.08.19 13:07:36.526,0.94713,0.94726,2.85,1.32
2013.08.19 13:07:38.597,0.94713,0.94727,3.90,2.74
2013.08.19 13:07:38.717,0.94714,0.94727,2.37,1.43
2013.08.19 13:07:38.834,0.94716,0.9473,2.37,2.48
2013.08.19 13:07:39.177,0.94718,0.9473,1.62,2.18
2013.08.19 13:07:39.297,0.94718,0.9473,1.43,1.80
2013.08.19 13:07:39.366,0.94717,0.9473,1.62,1.80
2013.08.19 13:07:40.004,0.94715,0.94729,1.69,2.10
2013.08.19 13:07:40.064,0.94714,0.94726,1.69,1.43
2013.08.19 13:07:40.574,0.94714,0.94727,1.54,3.00
2013.08.19 13:07:41.515,0.94714,0.94727,1.54,2.33
2013.08.19 13:07:42.996,0.94716,0.94727,1.43,1.58
2013.08.19 13:07:44.674,0.94718,0.9473,2.37,1.99
2013.08.19 13:07:44.734,0.94719,0.9473,1.43,1.13
2013.08.19 13:07:44.855,0.94721,0.94731,1.62,1.05
2013.08.19 13:07:44.914,0.94724,0.94736,1.35,1.20
2013.08.19 13:07:45.457,0.94725,0.94737,1.35,1.02
2013.08.19 13:07:45.695,0.94726,0.94738,1.35,1.69
2013.08.19 13:07:45.994,0.94733,0.94746,1.43,2.07
2013.08.19 13:07:46.854,0.94731,0.94744,1.43,2.29
2013.08.19 13:07:46.914,0.94731,0.94743,1.43,1.62
2013.08.19 13:07:47.094,0.9473,0.94743,1.43,1.54
2013.08.19 13:07:47.576,0.94728,0.94738,2.18,1.35
2013.08.19 13:07:47.755,0.94722,0.94734,1.43,1.43
2013.08.19 13:07:47.875,0.94721,0.94732,1.35,1.58
2013.08.19 13:07:48.116,0.94718,0.94729,1.50,1.32
2013.08.19 13:07:48.295,0.94717,0.94729,1.43,2.07
2013.08.19 13:07:48.658,0.94718,0.94729,2.10,1.13
2013.08.19 13:07:48.785,0.9472,0.94732,1.35,2.33
2013.08.19 13:07:48.964,0.94722,0.94732,1.43,1.58
2013.08.19 13:07:49.434,0.94723,0.94736,1.50,1.54
2013.08.19 13:07:49.555,0.94725,0.94737,1.43,1.02
2013.08.19 13:07:50.984,0.9473,0.94739,1.50,1.43
2013.08.19 13:07:51.291,0.9473,0.94742,1.43,2.74
2013.08.19 13:07:52.184,0.94732,0.94743,1.50,1.43
2013.08.19 13:07:52.304,0.94732,0.94743,1.50,1.43
2013.08.19 13:07:52.872,0.94732,0.94745,2.18,1.62
2013.08.19 13:07:53.586,0.94733,0.94745,1.50,1.62
2013.08.19 13:07:53.947,0.94732,0.94741,1.43,1.13
2013.08.19 13:07:54.196,0.94727,0.94739,1.50,1.62
2013.08.19 13:07:54.816,0.94728,0.94739,1.50,1.62
2013.08.19 13:07:55.174,0.94731,0.94742,1.50,1.43
2013.08.19 13:07:55.594,0.94733,0.94742,1.50,1.50
2013.08.19 13:07:55.714,0.94733,0.94743,1.50,1.43
2013.08.19 13:07:56.884,0.94731,0.94742,1.62,2.25
2013.08.19 13:07:57.004,0.9473,0.9474,1.35,2.37
2013.08.19 13:07:57.124,0.94728,0.9474,1.62,1.69
2013.08.19 13:07:57.244,0.94727,0.94738,1.50,1.43
2013.08.19 13:07:57.605,0.94724,0.94735,1.50,1.43
2013.08.19 13:08:08.844,0.94728,0.94735,1.50,1.43
2013.08.19 13:08:09.264,0.94726,0.94733,1.50,1.43
2013.08.19 13:08:09.913,0.94726,0.94734,1.50,2.85
2013.08.19 13:08:13.275,0.94723,0.94734,1.50,2.10
2013.08.19 13:08:13.395,0.94722,0.94729,1.50,1.35
2013.08.19 13:08:13.519,0.94718,0.94728,1.50,1.35
2013.08.19 13:08:13.647,0.94718,0.94732,1.50,1.80
2013.08.19 13:08:13.708,0.94718,0.9473,1.50,1.35
2013.08.19 13:08:13.945,0.94721,0.94733,1.43,1.43
2013.08.19 13:08:14.187,0.94722,0.94732,1.50,1.50
2013.08.19 13:08:15.344,0.94722,0.94732,1.50,1.43
2013.08.19 13:08:15.527,0.94721,0.94732,1.50,2.18
2013.08.19 13:08:16.234,0.94721,0.94732,2.55,1.50
2013.08.19 13:08:16.294,0.94722,0.94732,1.50,1.50
2013.08.19 13:08:16.595,0.94728,0.94739,1.58,1.43
2013.08.19 13:08:16.714,0.94732,0.94743,1.50,1.35
2013.08.19 13:08:16.835,0.94732,0.94745,2.37,2.18
2013.08.19 13:08:18.754,0.94733,0.94744,1.43,1.43
2013.08.19 13:08:19.045,0.94731,0.94743,1.62,1.80
2013.08.19 13:08:19.404,0.94727,0.94736,1.69,1.43
2013.08.19 13:08:20.788,0.94727,0.94736,1.50,1.43
2013.08.19 13:08:23.244,0.94727,0.94736,1.50,2.10
2013.08.19 13:08:23.903,0.94727,0.94735,1.50,1.35
2013.08.19 13:08:27.524,0.94727,0.94736,1.50,2.10
2013.08.19 13:08:28.111,0.94727,0.94736,1.50,1.43
2013.08.19 13:08:33.605,0.94723,0.94736,3.12,1.43
2013.08.19 13:08:33.724,0.94723,0.94736,3.12,1.62
2013.08.19 13:08:34.264,0.94722,0.94733,1.69,1.43
2013.08.19 13:08:34.834,0.94722,0.94733,1.50,2.18
2013.08.19 13:08:35.135,0.94724,0.94735,1.65,1.77
2013.08.19 13:08:35.315,0.94727,0.94737,1.43,1.43
2013.08.19 13:08:35.574,0.9473,0.94742,1.35,1.77
2013.08.19 13:08:35.643,0.94731,0.94745,1.35,2.37
2013.08.19 13:08:37.134,0.94731,0.94743,1.35,1.80
2013.08.19 13:08:38.484,0.94729,0.94742,1.62,1.62
2013.08.19 13:08:41.114,0.94729,0.94742,1.62,1.62
2013.08.19 13:08:45.765,0.94729,0.94738,1.43,1.13
2013.08.19 13:08:46.066,0.94722,0.94729,2.18,1.13
2013.08.19 13:08:46.126,0.94717,0.94729,1.43,1.13
2013.08.19 13:08:46.684,0.94716,0.94727,1.43,1.88
2013.08.19 13:08:46.984,0.94715,0.94727,1.35,1.13
2013.08.19 13:08:47.526,0.94714,0.94727,1.35,1.80
2013.08.19 13:08:47.584,0.94714,0.94727,1.35,3.12
2013.08.19 13:08:50.705,0.94713,0.94725,2.29,1.05
2013.08.19 13:08:51.387,0.94713,0.94725,1.62,1.05
2013.08.19 13:09:00.045,0.94713,0.94725,1.62,1.58
2013.08.19 13:09:03.475,0.94713,0.94725,1.43,2.14
2013.08.19 13:09:03.834,0.94717,0.94723,1.35,1.43
2013.08.19 13:09:03.894,0.94717,0.94727,1.35,1.43
2013.08.19 13:09:04.017,0.94719,0.9473,1.13,3.15
2013.08.19 13:09:04.135,0.9472,0.9473,1.35,1.80
2013.08.19 13:09:04.605,0.94721,0.9473,2.18,1.80
2013.08.19 13:09:04.895,0.94721,0.94733,2.37,1.02
2013.08.19 13:09:05.934,0.94721,0.94734,2.37,1.43
2013.08.19 13:09:09.726,0.94723,0.94735,2.55,1.88
2013.08.19 13:09:09.904,0.94724,0.94737,1.35,1.69
2013.08.19 13:09:10.470,0.94724,0.94736,1.43,1.43
2013.08.19 13:09:15.755,0.94726,0.94737,1.05,2.18
2013.08.19 13:09:15.874,0.94728,0.94738,1.13,1.43
2013.08.19 13:09:15.994,0.94728,0.9474,2.10,1.43
2013.08.19 13:09:16.115,0.94729,0.94744,1.35,1.62
2013.08.19 13:09:16.895,0.94731,0.94743,1.35,1.95
2013.08.19 13:09:17.364,0.94729,0.94743,1.54,2.63
2013.08.19 13:09:20.374,0.9473,0.94743,1.54,2.63
2013.08.19 13:09:20.929,0.94731,0.94743,1.35,1.77
2013.08.19 13:09:21.324,0.94728,0.94741,1.62,1.43
2013.08.19 13:09:22.579,0.94727,0.94739,1.62,1.43
2013.08.19 13:09:22.826,0.94724,0.94737,2.37,2.10
2013.08.19 13:09:23.184,0.94726,0.9474,1.35,2.55
2013.08.19 13:09:23.545,0.94728,0.94739,1.43,1.13
2013.08.19 13:09:23.915,0.94731,0.94742,2.10,1.50
2013.08.19 13:09:24.275,0.94733,0.94742,1.35,1.13
2013.08.19 13:09:24.334,0.94731,0.94742,1.35,1.13
2013.08.19 13:09:24.394,0.94729,0.94742,2.10,1.88
2013.08.19 13:09:24.874,0.94731,0.94742,1.35,2.63
2013.08.19 13:09:25.194,0.94731,0.94741,1.35,1.13
2013.08.19 13:09:25.834,0.94729,0.94741,1.35,1.13
2013.08.19 13:09:27.165,0.94729,0.94741,1.35,1.13
2013.08.19 13:09:29.135,0.94729,0.94741,1.35,1.88
2013.08.19 13:09:29.195,0.94728,0.94741,2.97,1.88
2013.08.19 13:09:29.735,0.94728,0.9474,1.62,1.80
2013.08.19 13:09:29.794,0.94729,0.9474,1.43,1.80
2013.08.19 13:09:29.855,0.9473,0.94741,2.37,2.18
2013.08.19 13:09:30.035,0.94732,0.94744,1.43,2.10
2013.08.19 13:09:31.714,0.94731,0.94744,1.54,2.93
2013.08.19 13:09:31.834,0.9473,0.94742,1.50,2.18
2013.08.19 13:09:32.135,0.9473,0.94744,3.04,1.88
2013.08.19 13:09:32.566,0.94737,0.94745,2.10,1.80
2013.08.19 13:09:32.915,0.94747,0.94755,1.35,2.18
2013.08.19 13:09:34.394,0.94745,0.94755,1.35,1.13
2013.08.19 13:09:34.455,0.94744,0.94755,1.35,1.13
2013.08.19 13:09:35.814,0.94742,0.94755,2.78,1.13
2013.08.19 13:09:39.537,0.94742,0.94755,2.29,1.32
2013.08.19 13:09:40.155,0.94742,0.94755,2.29,1.13
2013.08.19 13:09:40.829,0.94741,0.94754,1.43,1.05
2013.08.19 13:09:46.598,0.9474,0.94754,2.29,1.80
2013.08.19 13:09:46.658,0.9474,0.94753,2.29,1.20
2013.08.19 13:09:46.728,0.9474,0.94753,2.10,1.02
2013.08.19 13:09:46.914,0.94737,0.94752,3.79,2.37
2013.08.19 13:09:47.096,0.94738,0.94752,1.62,2.37
2013.08.19 13:09:48.783,0.94738,0.94751,1.62,1.62
2013.08.19 13:09:54.344,0.94738,0.94751,1.62,2.29
2013.08.19 13:09:54.929,0.94737,0.94748,2.25,1.35
2013.08.19 13:10:01.184,0.94736,0.94747,1.69,1.43
2013.08.19 13:10:01.365,0.94735,0.94747,1.69,1.43
2013.08.19 13:10:01.544,0.94734,0.94746,2.33,2.78
2013.08.19 13:10:04.443,0.94733,0.94743,1.69,1.35
2013.08.19 13:10:15.094,0.94733,0.94745,1.50,1.35
2013.08.19 13:10:15.796,0.94733,0.94746,2.25,2.10
2013.08.19 13:10:18.766,0.94735,0.94746,1.50,1.35
2013.08.19 13:10:19.218,0.94737,0.94748,1.50,2.37
2013.08.19 13:10:19.764,0.94738,0.94751,2.37,1.05
2013.08.19 13:10:19.825,0.94739,0.94751,1.50,1.05
2013.08.19 13:10:21.586,0.9474,0.94752,2.18,2.37
2013.08.19 13:10:21.645,0.9474,0.94752,2.18,1.62
2013.08.19 13:10:26.204,0.94738,0.94752,2.37,1.54
2013.08.19 13:10:26.264,0.94738,0.94752,1.69,1.54
2013.08.19 13:10:26.444,0.94737,0.94749,1.58,1.05
2013.08.19 13:10:26.755,0.94736,0.94748,1.58,1.54
2013.08.19 13:10:27.175,0.94735,0.94747,1.43,1.62
2013.08.19 13:10:28.394,0.94733,0.94744,1.50,1.05
2013.08.19 13:10:28.514,0.94732,0.94744,1.43,1.05
2013.08.19 13:10:29.054,0.94731,0.94743,1.69,1.54
2013.08.19 13:10:29.294,0.94731,0.94743,2.44,1.54
2013.08.19 13:10:33.009,0.94731,0.94743,2.93,1.62
2013.08.19 13:10:33.136,0.94731,0.94744,2.25,2.48
2013.08.19 13:10:33.435,0.94729,0.94742,2.29,1.62
2013.08.19 13:10:33.495,0.9473,0.94743,1.50,1.73
2013.08.19 13:10:34.036,0.94733,0.94744,2.10,2.07
2013.08.19 13:10:36.914,0.94733,0.94742,1.35,1.32
2013.08.19 13:10:37.095,0.94731,0.94742,1.54,2.07
2013.08.19 13:10:37.455,0.94729,0.94742,1.54,1.99
2013.08.19 13:10:37.984,0.9473,0.94742,1.43,1.62
2013.08.19 13:10:38.434,0.94731,0.94743,1.35,1.69
2013.08.19 13:10:39.154,0.94731,0.94743,1.35,1.58
2013.08.19 13:10:40.824,0.94731,0.94743,1.35,1.58
2013.08.19 13:10:40.884,0.94728,0.94734,2.18,1.32
2013.08.19 13:10:41.184,0.94718,0.94732,3.04,2.25
2013.08.19 13:10:41.244,0.94718,0.94732,3.04,2.18
2013.08.19 13:10:41.545,0.94718,0.94729,2.48,1.13
2013.08.19 13:10:41.905,0.94724,0.94733,1.50,2.10
2013.08.19 13:10:42.205,0.94727,0.94734,1.50,1.35
2013.08.19 13:10:42.385,0.94727,0.94737,1.50,1.43
2013.08.19 13:10:42.445,0.94728,0.94737,1.50,1.43
2013.08.19 13:10:44.316,0.94728,0.94737,1.58,1.80
2013.08.19 13:10:44.677,0.94716,0.94722,1.50,1.35
2013.08.19 13:10:44.736,0.94711,0.94722,2.18,1.80
2013.08.19 13:10:44.916,0.94709,0.94721,1.43,3.83
2013.08.19 13:10:44.975,0.94708,0.94718,1.50,1.35
2013.08.19 13:10:45.036,0.94708,0.94718,1.50,1.35
2013.08.19 13:10:45.276,0.94709,0.94722,2.55,1.62
2013.08.19 13:10:45.335,0.94709,0.94723,2.55,2.29
2013.08.19 13:10:45.875,0.94712,0.94723,1.58,1.54
2013.08.19 13:10:46.234,0.94709,0.94717,1.13,1.35
2013.08.19 13:10:46.534,0.94709,0.94719,1.13,1.54
2013.08.19 13:10:47.099,0.94709,0.9472,1.50,2.29
2013.08.19 13:10:47.815,0.94709,0.9472,1.50,1.50
2013.08.19 13:10:50.027,0.94708,0.94721,2.93,1.62
2013.08.19 13:10:50.084,0.94708,0.9472,2.18,1.69
2013.08.19 13:10:50.607,0.94706,0.94716,1.50,1.05
2013.08.19 13:10:51.124,0.94707,0.94717,1.50,1.69
2013.08.19 13:10:51.545,0.94707,0.94718,1.50,1.43
2013.08.19 13:10:51.664,0.94709,0.94721,2.18,1.62
2013.08.19 13:10:51.785,0.9471,0.94723,2.18,2.44
2013.08.19 13:10:52.147,0.94712,0.94723,1.50,1.69
2013.08.19 13:10:52.334,0.94713,0.94725,1.50,3.60
2013.08.19 13:10:52.574,0.94712,0.94723,1.43,1.02
2013.08.19 13:10:54.354,0.94709,0.94717,2.10,1.35
2013.08.19 13:10:54.714,0.94703,0.94716,2.67,1.43
2013.08.19 13:10:55.088,0.94706,0.94717,1.35,1.69
2013.08.19 13:10:55.695,0.94711,0.94723,1.43,1.62
2013.08.19 13:10:55.755,0.94711,0.94723,2.48,1.35
2013.08.19 13:10:55.815,0.94711,0.94722,3.15,1.05
2013.08.19 13:10:56.355,0.9471,0.94721,1.43,1.32
2013.08.19 13:10:56.415,0.9471,0.94723,1.50,1.54
2013.08.19 13:10:56.534,0.94714,0.94725,1.43,1.69
2013.08.19 13:10:56.594,0.94712,0.94725,1.43,1.43
2013.08.19 13:10:56.654,0.94712,0.94725,1.43,1.80
2013.08.19 13:10:57.128,0.94712,0.94722,1.43,2.07
2013.08.19 13:10:59.496,0.9471,0.94722,1.35,2.07
2013.08.19 13:11:05.644,0.94709,0.94721,1.43,1.62
2013.08.19 13:11:05.824,0.94711,0.94722,1.05,2.10
2013.08.19 13:11:05.884,0.94716,0.94722,1.43,1.43
2013.08.19 13:11:06.004,0.94718,0.94726,1.43,1.32
2013.08.19 13:11:06.064,0.94719,0.94727,1.35,1.50
2013.08.19 13:11:06.185,0.94722,0.94728,1.43,1.32
2013.08.19 13:11:06.545,0.9472,0.94729,1.35,1.05
2013.08.19 13:11:07.226,0.94721,0.94729,1.05,1.05
2013.08.19 13:11:07.405,0.94722,0.94733,1.43,3.60
2013.08.19 13:11:07.465,0.94722,0.94733,1.43,1.50
2013.08.19 13:11:07.586,0.94725,0.94737,1.43,2.37
2013.08.19 13:11:07.765,0.94724,0.94738,2.78,2.29
2013.08.19 13:11:08.428,0.94728,0.94738,1.50,1.43
2013.08.19 13:11:11.114,0.94729,0.9474,1.50,1.73
2013.08.19 13:11:11.174,0.94729,0.94741,2.18,1.54
2013.08.19 13:11:11.714,0.94732,0.94745,2.25,1.54
2013.08.19 13:11:12.546,0.94732,0.94744,1.50,1.62
2013.08.19 13:11:15.296,0.9473,0.94742,1.50,1.43
2013.08.19 13:11:15.854,0.94729,0.9474,1.50,1.43
2013.08.19 13:11:17.728,0.94729,0.94739,1.50,1.43
2013.08.19 13:11:19.864,0.94729,0.94739,1.50,2.10
2013.08.19 13:11:20.658,0.94729,0.94739,1.50,1.43
2013.08.19 13:11:24.725,0.94728,0.9474,2.18,1.58
2013.08.19 13:11:24.786,0.94727,0.94734,2.37,1.13
2013.08.19 13:11:24.964,0.94721,0.94734,1.43,1.80
2013.08.19 13:11:26.105,0.94723,0.94735,2.18,1.62
2013.08.19 13:11:26.465,0.94723,0.94735,2.18,1.62
2013.08.19 13:11:27.055,0.94723,0.94735,2.18,1.62
2013.08.19 13:11:29.175,0.94723,0.94735,1.43,1.62
2013.08.19 13:11:32.589,0.94723,0.94735,1.43,1.62
2013.08.19 13:11:33.015,0.94725,0.94737,1.43,1.50
2013.08.19 13:11:33.075,0.94725,0.94738,2.63,1.35
2013.08.19 13:11:33.255,0.94728,0.94741,2.03,1.62
2013.08.19 13:11:33.375,0.94731,0.94744,1.43,1.62
2013.08.19 13:11:34.017,0.94733,0.94746,1.43,1.24
2013.08.19 13:11:35.945,0.94732,0.94739,1.43,1.28
2013.08.19 13:11:36.005,0.94728,0.94737,2.18,1.50
2013.08.19 13:11:36.124,0.94727,0.94733,1.43,1.43
2013.08.19 13:11:36.186,0.94723,0.9473,1.43,1.20
2013.08.19 13:11:36.245,0.94719,0.94727,1.80,1.13
2013.08.19 13:11:36.305,0.94716,0.94727,1.43,1.80
2013.08.19 13:11:36.425,0.94713,0.94727,2.18,2.48
2013.08.19 13:11:36.605,0.94715,0.94727,1.50,1.73
2013.08.19 13:11:36.942,0.94715,0.94726,1.50,1.80
2013.08.19 13:11:37.124,0.94715,0.94726,1.50,1.05
2013.08.19 13:11:42.224,0.94714,0.94728,2.18,3.19
2013.08.19 13:11:42.464,0.94716,0.94729,2.10,1.69
2013.08.19 13:11:42.705,0.9472,0.94731,1.35,1.32
2013.08.19 13:11:43.367,0.94718,0.94732,2.10,2.37
2013.08.19 13:11:44.547,0.94718,0.94732,2.85,2.37
2013.08.19 13:11:45.136,0.94718,0.94729,1.43,1.43
2013.08.19 13:11:45.196,0.94718,0.94729,1.43,2.37
2013.08.19 13:11:45.731,0.94716,0.94729,2.18,3.04
2013.08.19 13:11:46.164,0.94716,0.94729,2.93,2.29
2013.08.19 13:11:51.034,0.94719,0.94731,1.35,1.13
2013.08.19 13:11:51.394,0.94718,0.94731,2.18,1.80
2013.08.19 13:11:53.844,0.94718,0.9473,1.50,2.29
2013.08.19 13:11:54.934,0.94716,0.94727,2.18,1.50
2013.08.19 13:11:54.995,0.94716,0.94727,2.25,1.50
2013.08.19 13:11:55.415,0.94715,0.94727,1.43,1.99
2013.08.19 13:11:55.535,0.94715,0.94727,1.43,1.62
2013.08.19 13:11:56.976,0.94717,0.94729,1.43,1.43
2013.08.19 13:11:57.095,0.94717,0.9473,1.43,1.54
2013.08.19 13:11:58.268,0.94717,0.94729,1.50,2.29
2013.08.19 13:11:58.457,0.94717,0.94728,1.50,1.05
2013.08.19 13:11:58.695,0.94717,0.94726,1.50,1.35
2013.08.19 13:11:59.535,0.94716,0.94729,1.13,3.04
2013.08.19 13:12:00.039,0.94715,0.94728,2.93,1.62
2013.08.19 13:12:01.974,0.94717,0.94729,1.43,2.44
2013.08.19 13:12:03.715,0.94717,0.94729,1.43,1.43
2013.08.19 13:12:03.954,0.94718,0.94731,2.18,1.62
2013.08.19 13:12:05.514,0.94718,0.94731,2.18,1.62
2013.08.19 13:12:06.139,0.94718,0.94731,2.25,1.62
2013.08.19 13:12:06.934,0.94719,0.94731,1.20,1.43
2013.08.19 13:12:08.178,0.94721,0.94732,1.43,3.79
2013.08.19 13:12:08.247,0.94719,0.94731,1.35,2.33
2013.08.19 13:12:08.377,0.94717,0.9473,1.50,1.43
2013.08.19 13:12:08.914,0.94722,0.94733,1.43,1.32
2013.08.19 13:12:09.415,0.94721,0.94733,1.35,2.07
2013.08.19 13:12:09.546,0.94721,0.94733,1.35,1.69
2013.08.19 13:12:10.054,0.94722,0.94734,1.43,1.69
2013.08.19 13:12:11.296,0.94721,0.94733,1.43,1.62
2013.08.19 13:12:11.804,0.94717,0.94729,2.37,1.50
2013.08.19 13:12:11.875,0.94715,0.94729,1.92,2.18
2013.08.19 13:12:12.454,0.94716,0.94729,1.62,2.18
2013.08.19 13:12:12.638,0.94719,0.94731,1.43,2.37
2013.08.19 13:12:13.051,0.9472,0.94733,2.18,2.37
2013.08.19 13:12:13.228,0.9472,0.94732,1.43,1.50
2013.08.19 13:12:13.784,0.94718,0.9473,2.85,1.69
2013.08.19 13:12:14.886,0.94718,0.9473,2.85,1.32
2013.08.19 13:12:15.187,0.9471,0.94723,2.63,1.35
2013.08.19 13:12:15.724,0.9471,0.94724,2.63,2.10
2013.08.19 13:12:16.714,0.94713,0.94726,2.10,2.44
2013.08.19 13:12:17.525,0.94713,0.94724,2.25,1.69
2013.08.19 13:12:17.765,0.94718,0.94729,1.43,1.88
2013.08.19 13:12:17.827,0.9472,0.94731,1.35,1.43
2013.08.19 13:12:18.005,0.94719,0.94731,1.43,1.43
2013.08.19 13:12:18.874,0.94719,0.9473,1.43,1.50
2013.08.19 13:12:19.389,0.94711,0.94722,2.10,3.23
2013.08.19 13:12:19.458,0.94712,0.94717,1.62,1.13
2013.08.19 13:12:19.577,0.94705,0.94715,4.50,1.35
2013.08.19 13:12:19.755,0.94703,0.94716,1.43,1.35
2013.08.19 13:12:19.814,0.94703,0.94716,2.10,1.62
2013.08.19 13:12:20.116,0.94708,0.94717,1.50,1.69
2013.08.19 13:12:20.175,0.94708,0.94717,2.18,1.50
2013.08.19 13:12:20.234,0.94709,0.94721,1.43,2.07
2013.08.19 13:12:20.437,0.94709,0.94721,1.50,1.50
2013.08.19 13:12:20.798,0.94714,0.94726,1.54,1.50
2013.08.19 13:12:20.926,0.94715,0.94726,1.43,2.63
2013.08.19 13:12:21.105,0.94712,0.94724,1.43,1.69
2013.08.19 13:12:21.645,0.94711,0.94723,2.18,1.62
2013.08.19 13:12:22.284,0.94713,0.94724,1.50,1.80
2013.08.19 13:12:24.114,0.94714,0.94725,2.18,1.69
2013.08.19 13:12:24.655,0.94717,0.94728,1.13,1.05
2013.08.19 13:12:24.954,0.94712,0.94726,3.30,2.37
2013.08.19 13:12:28.116,0.94713,0.94726,2.18,1.62
2013.08.19 13:12:28.234,0.94713,0.94726,2.55,1.62
2013.08.19 13:12:28.608,0.94714,0.94726,1.13,1.62
2013.08.19 13:12:30.519,0.94714,0.94727,1.73,3.94
2013.08.19 13:12:30.853,0.94713,0.94726,3.30,1.62
2013.08.19 13:12:31.346,0.94713,0.94726,3.30,1.62
2013.08.19 13:12:31.885,0.94715,0.94727,1.43,2.52
2013.08.19 13:12:32.054,0.94715,0.94727,1.43,1.77
2013.08.19 13:12:32.115,0.94717,0.94729,1.50,2.82
2013.08.19 13:12:32.295,0.94719,0.94731,2.55,3.12
2013.08.19 13:12:33.414,0.94719,0.94731,1.13,1.43
2013.08.19 13:12:33.534,0.94718,0.9473,3.12,1.50
2013.08.19 13:12:34.716,0.94718,0.9473,1.80,1.58
2013.08.19 13:12:35.596,0.94718,0.9473,1.80,1.58
2013.08.19 13:12:36.136,0.94717,0.94729,2.07,1.50
2013.08.19 13:12:46.264,0.94718,0.9473,1.43,1.50
2013.08.19 13:12:46.446,0.9472,0.94731,1.43,1.43
2013.08.19 13:12:46.624,0.94719,0.94732,1.35,3.94
2013.08.19 13:12:46.944,0.9472,0.94732,1.43,1.69
2013.08.19 13:12:47.606,0.94722,0.94732,1.13,2.85
2013.08.19 13:12:48.145,0.94723,0.94735,1.43,1.05
2013.08.19 13:12:49.150,0.94723,0.94736,1.80,3.04
2013.08.19 13:12:49.682,0.94724,0.94737,1.43,2.74
2013.08.19 13:12:52.775,0.94727,0.94736,1.35,1.13
2013.08.19 13:12:53.085,0.94719,0.94731,2.10,1.20
2013.08.19 13:12:53.145,0.94719,0.9473,1.35,1.50
2013.08.19 13:12:53.504,0.94717,0.94727,1.35,2.63
2013.08.19 13:12:55.787,0.94714,0.94726,1.05,1.43
2013.08.19 13:12:56.355,0.94714,0.94726,1.05,1.43
2013.08.19 13:12:56.474,0.94714,0.94727,1.05,2.93
2013.08.19 13:12:57.407,0.94714,0.94727,1.05,3.87
2013.08.19 13:12:57.932,0.94713,0.94725,1.88,1.43
2013.08.19 13:12:58.354,0.94714,0.94726,1.05,2.10
2013.08.19 13:12:58.855,0.94716,0.94729,1.13,1.99
2013.08.19 13:12:59.403,0.9472,0.94731,1.13,1.43
2013.08.19 13:13:00.036,0.9472,0.94732,1.13,1.35
2013.08.19 13:13:00.765,0.94722,0.94731,1.50,1.35
2013.08.19 13:13:01.350,0.94722,0.9473,1.50,1.35
2013.08.19 13:13:02.374,0.94719,0.94731,1.13,1.54
2013.08.19 13:13:05.314,0.94719,0.94732,1.80,2.55
2013.08.19 13:13:05.844,0.94718,0.9473,2.25,1.13
2013.08.19 13:13:10.905,0.94718,0.94731,2.25,2.85
2013.08.19 13:13:14.196,0.94718,0.94729,1.50,1.43
2013.08.19 13:13:15.905,0.94718,0.94729,1.69,1.35
2013.08.19 13:13:16.144,0.94718,0.94731,2.74,2.10
2013.08.19 13:13:16.985,0.94721,0.94733,1.50,1.92
2013.08.19 13:13:17.045,0.9472,0.94732,1.13,3.60
2013.08.19 13:13:17.165,0.94718,0.94731,2.82,2.10
2013.08.19 13:13:17.224,0.94718,0.9473,1.88,1.35
2013.08.19 13:13:17.285,0.94718,0.94728,1.50,1.28
2013.08.19 13:13:17.647,0.94713,0.94725,1.13,3.98
2013.08.19 13:13:17.706,0.94714,0.94725,1.13,2.29
2013.08.19 13:13:17.949,0.94713,0.94727,2.74,1.99
2013.08.19 13:13:18.348,0.94712,0.94726,2.37,1.92
2013.08.19 13:13:18.894,0.94713,0.94725,2.10,1.13
2013.08.19 13:13:19.414,0.94713,0.94726,2.10,1.69
2013.08.19 13:13:20.305,0.94711,0.94724,2.37,1.35
2013.08.19 13:13:20.607,0.94711,0.94724,2.18,3.04
2013.08.19 13:13:21.135,0.94709,0.94722,1.62,2.63
2013.08.19 13:13:21.659,0.94708,0.94722,2.29,2.63
2013.08.19 13:13:23.187,0.94708,0.94721,2.67,1.20
2013.08.19 13:13:24.556,0.9471,0.94722,1.13,2.25
2013.08.19 13:13:24.615,0.94711,0.94723,1.13,2.48
2013.08.19 13:13:26.674,0.94713,0.94724,1.50,1.50
2013.08.19 13:13:26.854,0.94713,0.94725,1.50,2.29
2013.08.19 13:13:27.335,0.94713,0.94724,1.54,2.25
2013.08.19 13:13:27.395,0.9471,0.94723,1.32,1.50
2013.08.19 13:13:27.774,0.94708,0.94721,1.80,1.43
2013.08.19 13:13:28.286,0.94708,0.9472,1.13,2.85
2013.08.19 13:13:28.592,0.94708,0.94719,1.13,1.43
2013.08.19 13:13:29.286,0.94709,0.94719,1.13,1.43
2013.08.19 13:13:29.525,0.9471,0.9472,1.13,1.69
2013.08.19 13:13:30.524,0.94711,0.94721,1.13,1.43
2013.08.19 13:13:31.064,0.94712,0.94724,1.43,1.69
2013.08.19 13:13:32.916,0.94711,0.94722,1.50,2.29
2013.08.19 13:13:33.454,0.94708,0.9472,1.99,1.35
2013.08.19 13:13:33.695,0.94708,0.94719,1.13,1.43
2013.08.19 13:13:35.645,0.94705,0.94716,1.54,2.18
2013.08.19 13:13:35.824,0.94703,0.94715,1.13,1.73
2013.08.19 13:13:36.665,0.94703,0.94711,1.50,1.35
2013.08.19 13:13:37.665,0.94699,0.94707,1.69,1.43
2013.08.19 13:13:37.876,0.94699,0.94707,1.69,1.50
2013.08.19 13:13:37.976,0.94697,0.94703,1.50,1.35
2013.08.19 13:13:38.085,0.94693,0.94702,1.13,1.35
2013.08.19 13:13:38.150,0.94693,0.94704,1.13,1.35
2013.08.19 13:13:38.215,0.94693,0.94704,1.13,1.35
2013.08.19 13:13:38.335,0.94693,0.94706,1.80,1.35
2013.08.19 13:13:38.655,0.94693,0.94705,1.13,1.54
2013.08.19 13:13:39.015,0.94701,0.94708,1.13,1.43
2013.08.19 13:13:39.075,0.94698,0.9471,1.88,1.62
2013.08.19 13:13:39.194,0.94697,0.9471,2.48,1.62
2013.08.19 13:13:39.735,0.94696,0.94708,2.07,1.54
2013.08.19 13:13:40.554,0.94698,0.94708,1.50,1.54
2013.08.19 13:13:41.444,0.94698,0.9471,1.50,1.54
2013.08.19 13:13:42.005,0.947,0.94712,1.50,1.62
2013.08.19 13:13:42.185,0.947,0.94714,2.18,2.48
2013.08.19 13:13:42.245,0.947,0.94713,3.12,1.13
2013.08.19 13:13:42.545,0.947,0.94711,1.50,1.62
2013.08.19 13:13:43.104,0.947,0.94711,1.88,1.62
2013.08.19 13:13:43.447,0.947,0.94712,2.85,2.52
2013.08.19 13:13:43.969,0.947,0.94711,2.85,1.13
2013.08.19 13:13:46.305,0.94701,0.94711,1.43,1.13
2013.08.19 13:13:46.966,0.94703,0.94713,3.30,1.13
2013.08.19 13:13:47.205,0.94709,0.9472,1.43,1.50
2013.08.19 13:13:47.324,0.94709,0.94722,2.18,3.57
2013.08.19 13:13:47.926,0.94709,0.94721,1.50,1.73
2013.08.19 13:13:48.454,0.94709,0.94722,2.18,2.07
2013.08.19 13:13:49.191,0.94709,0.94721,2.18,1.13
2013.08.19 13:13:50.235,0.94709,0.94721,2.18,1.32
2013.08.19 13:13:51.017,0.94708,0.94718,1.50,1.35
2013.08.19 13:13:51.584,0.94707,0.94718,2.25,1.43
2013.08.19 13:13:53.745,0.94708,0.94718,1.50,1.43
2013.08.19 13:13:57.135,0.94709,0.94718,1.13,1.43
2013.08.19 13:13:57.662,0.94712,0.94721,1.50,1.13
2013.08.19 13:13:58.445,0.94712,0.94719,1.50,1.77
2013.08.19 13:13:58.564,0.94708,0.94719,2.55,2.44
2013.08.19 13:13:58.804,0.94708,0.94718,1.88,1.69
2013.08.19 13:14:00.224,0.94708,0.94717,1.50,2.37
2013.08.19 13:14:00.645,0.94705,0.94716,1.50,1.13
2013.08.19 13:14:00.824,0.94703,0.94715,2.82,1.43
2013.08.19 13:14:00.945,0.94703,0.94715,2.44,2.18
2013.08.19 13:14:01.065,0.94702,0.94713,1.77,1.05
2013.08.19 13:14:01.365,0.94701,0.94712,2.37,2.48
2013.08.19 13:14:01.484,0.94701,0.94712,1.69,1.92
2013.08.19 13:14:02.495,0.94701,0.94712,1.50,1.99
2013.08.19 13:14:04.344,0.94703,0.94711,1.13,1.43
2013.08.19 13:14:04.466,0.94703,0.94714,1.50,1.69
2013.08.19 13:14:04.705,0.94704,0.94716,1.13,2.10
2013.08.19 13:14:04.768,0.94705,0.94716,1.50,2.10
2013.08.19 13:14:05.065,0.94707,0.94718,1.13,1.35
2013.08.19 13:14:05.247,0.94706,0.94717,2.25,1.43
2013.08.19 13:14:07.996,0.94704,0.94715,1.13,1.43
2013.08.19 13:14:08.474,0.94707,0.94718,1.50,2.29
2013.08.19 13:14:08.657,0.94705,0.94717,1.13,1.43
2013.08.19 13:14:09.078,0.94704,0.94715,1.13,2.10
2013.08.19 13:14:09.208,0.94703,0.94714,1.88,2.29
2013.08.19 13:14:09.518,0.94702,0.94711,1.20,1.54
2013.08.19 13:14:09.849,0.947,0.94709,1.13,1.54
2013.08.19 13:14:10.576,0.94699,0.94709,1.13,1.54
2013.08.19 13:14:10.926,0.94698,0.94711,2.63,2.67
2013.08.19 13:14:13.204,0.94698,0.9471,1.50,2.37
2013.08.19 13:14:14.394,0.947,0.9471,1.50,2.37
2013.08.19 13:14:16.638,0.94699,0.9471,1.88,1.43
2013.08.19 13:14:17.095,0.947,0.94712,1.50,1.69
2013.08.19 13:14:17.486,0.94701,0.94712,2.10,1.69
2013.08.19 13:14:17.789,0.94709,0.9472,1.80,1.58
2013.08.19 13:14:18.096,0.94713,0.94722,1.50,1.80
2013.08.19 13:14:19.446,0.94709,0.94721,1.50,1.35
2013.08.19 13:14:19.804,0.94709,0.94721,1.88,1.35
2013.08.19 13:14:19.865,0.94709,0.94721,1.88,1.35
2013.08.19 13:14:21.268,0.94711,0.94721,1.50,1.35
2013.08.19 13:14:21.328,0.94711,0.94722,1.88,2.18
2013.08.19 13:14:21.577,0.94711,0.94722,1.50,1.43
2013.08.19 13:14:22.465,0.94713,0.94721,1.50,1.35
2013.08.19 13:14:23.865,0.94713,0.94722,1.50,1.43
2013.08.19 13:14:24.973,0.9471,0.94721,1.13,1.35
2013.08.19 13:14:25.095,0.9471,0.94721,1.13,1.35
2013.08.19 13:14:25.645,0.94712,0.94722,1.13,3.79
2013.08.19 13:14:26.004,0.94713,0.94722,1.50,1.54
2013.08.19 13:14:27.435,0.94713,0.94723,2.25,1.35
2013.08.19 13:14:27.555,0.94713,0.94725,2.25,1.54
2013.08.19 13:14:29.224,0.94717,0.94724,1.50,1.43
2013.08.19 13:14:29.587,0.94719,0.94727,1.50,2.29
2013.08.19 13:14:30.158,0.94719,0.94728,1.50,1.62
2013.08.19 13:14:30.515,0.94712,0.94725,2.14,1.35
2013.08.19 13:14:30.576,0.94713,0.94725,1.58,1.35
2013.08.19 13:14:36.015,0.94714,0.94724,1.13,1.62
2013.08.19 13:14:37.465,0.94718,0.94725,1.20,1.35
2013.08.19 13:14:37.526,0.94719,0.94728,1.13,2.10
2013.08.19 13:14:37.585,0.94718,0.94729,1.20,1.43
2013.08.19 13:14:37.705,0.94718,0.94731,2.25,1.05
2013.08.19 13:14:37.978,0.94718,0.94731,2.33,1.54
2013.08.19 13:14:38.346,0.94718,0.94728,2.33,2.10
2013.08.19 13:14:38.917,0.94718,0.94728,2.33,2.10
2013.08.19 13:14:42.145,0.94718,0.94729,2.25,1.62
2013.08.19 13:14:45.905,0.94718,0.94728,1.43,1.50
2013.08.19 13:14:46.264,0.94715,0.94727,1.88,2.10
2013.08.19 13:14:46.848,0.94718,0.94728,1.50,2.18
2013.08.19 13:14:47.377,0.94717,0.94724,1.50,1.05
2013.08.19 13:14:47.436,0.94715,0.94723,2.18,1.43
2013.08.19 13:14:47.496,0.94715,0.94721,1.43,1.05
2013.08.19 13:14:47.795,0.94707,0.94717,1.69,1.43
2013.08.19 13:14:47.915,0.94707,0.94717,1.69,1.43
2013.08.19 13:14:49.415,0.94708,0.9472,1.50,3.04
2013.08.19 13:14:49.927,0.94708,0.9472,1.50,2.29
2013.08.19 13:14:52.195,0.94708,0.94718,1.50,1.05
2013.08.19 13:14:52.496,0.94703,0.94712,2.18,1.50
2013.08.19 13:14:56.406,0.94702,0.94712,1.13,2.25
2013.08.19 13:14:56.966,0.94702,0.94712,1.80,1.50
2013.08.19 13:14:57.267,0.94705,0.94716,1.50,3.04
2013.08.19 13:14:57.327,0.94705,0.94717,1.62,2.18
2013.08.19 13:14:57.387,0.94705,0.94717,1.62,2.18
2013.08.19 13:14:58.145,0.94704,0.94716,1.77,2.18
2013.08.19 13:14:58.695,0.94704,0.94716,1.69,1.43
2013.08.19 13:14:59.576,0.94705,0.94717,1.62,3.12
2013.08.19 13:14:59.916,0.9471,0.9472,1.50,1.69
2013.08.19 13:14:59.975,0.9471,0.94721,1.50,2.18
2013.08.19 13:15:00.095,0.94713,0.94723,1.50,2.37
2013.08.19 13:15:00.216,0.9471,0.94719,1.62,1.50
2013.08.19 13:15:00.456,0.94712,0.94724,1.43,3.75
2013.08.19 13:15:02.186,0.9471,0.94722,1.62,2.33
2013.08.19 13:15:02.246,0.9471,0.94721,1.62,1.50
2013.08.19 13:15:03.095,0.94707,0.94719,2.74,1.43
2013.08.19 13:15:06.285,0.94707,0.94718,1.99,1.50
2013.08.19 13:15:09.666,0.94708,0.94718,1.69,2.18
2013.08.19 13:15:10.225,0.94708,0.94718,1.50,1.50
2013.08.19 13:15:11.905,0.94707,0.94716,1.50,1.88
2013.08.19 13:15:12.085,0.94703,0.94714,1.62,1.88
2013.08.19 13:15:12.145,0.94702,0.94711,1.50,2.48
2013.08.19 13:15:12.385,0.94698,0.94709,1.50,1.05
2013.08.19 13:15:12.505,0.94698,0.94708,1.50,1.73
2013.08.19 13:15:12.685,0.94698,0.94707,1.50,1.43
2013.08.19 13:15:13.226,0.94701,0.94708,1.50,1.65
2013.08.19 13:15:13.585,0.94698,0.9471,1.80,3.12
2013.08.19 13:15:14.125,0.94703,0.9471,1.50,2.18
2013.08.19 13:15:15.045,0.94701,0.94708,1.50,1.35
2013.08.19 13:15:15.464,0.94695,0.94706,1.50,3.64
2013.08.19 13:15:15.824,0.94689,0.94702,2.18,3.12
2013.08.19 13:15:16.127,0.94694,0.94705,1.32,1.50
2013.08.19 13:15:16.197,0.94695,0.94704,1.58,1.05
2013.08.19 13:15:16.555,0.94695,0.94705,1.43,1.20
2013.08.19 13:15:16.675,0.94695,0.94705,2.93,1.02
2013.08.19 13:15:17.336,0.94698,0.94707,1.50,1.88
2013.08.19 13:15:17.517,0.94698,0.94708,1.50,2.25
2013.08.19 13:15:19.215,0.94698,0.94709,1.50,1.62
2013.08.19 13:15:19.525,0.94703,0.9471,1.50,1.05
2013.08.19 13:15:19.884,0.94702,0.9471,1.50,1.62
2013.08.19 13:15:19.944,0.94703,0.9471,1.50,1.24
2013.08.19 13:15:24.127,0.94698,0.94708,1.69,1.13
2013.08.19 13:15:24.504,0.94698,0.9471,1.69,1.99
2013.08.19 13:15:26.115,0.94702,0.9471,1.50,1.99
2013.08.19 13:15:26.416,0.94698,0.9471,1.69,1.62
2013.08.19 13:15:26.967,0.94698,0.9471,1.69,1.62
2013.08.19 13:15:27.855,0.94698,0.94708,1.50,1.43
2013.08.19 13:15:28.398,0.94698,0.94708,1.50,1.43
2013.08.19 13:15:28.766,0.94696,0.94707,1.99,1.50
2013.08.19 13:15:29.007,0.94694,0.94707,2.37,2.93
2013.08.19 13:15:29.366,0.94694,0.94707,1.69,2.93
2013.08.19 13:15:29.986,0.94698,0.94707,1.50,2.18
2013.08.19 13:15:30.284,0.9469,0.94702,1.13,1.43
2013.08.19 13:15:30.405,0.9469,0.94701,1.13,1.35
2013.08.19 13:15:31.015,0.9469,0.94701,1.13,1.35
2013.08.19 13:15:31.316,0.94684,0.94694,1.54,1.80
2013.08.19 13:15:31.377,0.94685,0.94694,1.43,1.80
2013.08.19 13:15:31.496,0.94683,0.94694,1.50,1.80
2013.08.19 13:15:31.560,0.94683,0.94692,1.50,3.04
2013.08.19 13:15:31.946,0.94683,0.94693,1.50,1.62
2013.08.19 13:15:32.445,0.94686,0.94693,1.50,1.62
2013.08.19 13:15:32.577,0.94683,0.94694,1.50,2.29
2013.08.19 13:15:33.575,0.94683,0.94694,2.18,2.07
2013.08.19 13:15:33.785,0.94683,0.94694,2.18,2.07
2013.08.19 13:15:34.286,0.94683,0.94693,1.50,1.62
2013.08.19 13:15:34.465,0.94681,0.94691,1.43,1.39
2013.08.19 13:15:34.589,0.94681,0.94691,1.43,1.39
2013.08.19 13:15:35.208,0.9468,0.94691,2.10,1.39
2013.08.19 13:15:35.895,0.94682,0.94691,1.50,1.32
2013.08.19 13:15:36.106,0.94682,0.94692,1.80,1.69
2013.08.19 13:15:36.167,0.94688,0.94694,1.13,1.50
2013.08.19 13:15:36.408,0.94692,0.947,1.50,4.88
2013.08.19 13:15:36.476,0.94692,0.94703,1.50,1.73
2013.08.19 13:15:36.537,0.94691,0.94699,1.43,1.13
2013.08.19 13:15:36.715,0.94688,0.94697,1.50,1.50
2013.08.19 13:15:39.035,0.94688,0.94697,1.13,2.37
2013.08.19 13:15:39.155,0.94689,0.94699,1.43,1.43
2013.08.19 13:15:39.275,0.94689,0.94702,2.10,3.34
2013.08.19 13:15:39.335,0.9469,0.94701,1.43,1.73
2013.08.19 13:15:39.647,0.94686,0.94697,1.62,2.25
2013.08.19 13:15:39.708,0.94686,0.94697,1.62,2.25
2013.08.19 13:15:41.345,0.94688,0.94697,1.88,1.50
2013.08.19 13:15:41.525,0.9469,0.947,1.43,1.02
2013.08.19 13:15:41.585,0.9469,0.94703,2.55,2.74
2013.08.19 13:15:42.202,0.94693,0.94704,1.43,1.69
2013.08.19 13:15:42.386,0.94692,0.94702,1.43,1.69
2013.08.19 13:15:42.675,0.94691,0.94704,1.43,3.12
2013.08.19 13:15:43.234,0.94691,0.94702,1.43,1.69
2013.08.19 13:15:43.475,0.9469,0.94702,2.25,2.37
2013.08.19 13:15:43.714,0.94691,0.94702,1.43,1.69
2013.08.19 13:15:44.545,0.94689,0.94701,1.80,1.69
2013.08.19 13:15:44.726,0.94689,0.94701,1.05,1.69
2013.08.19 13:15:45.349,0.9469,0.94701,2.10,1.69
2013.08.19 13:15:45.476,0.94692,0.94701,1.35,1.69
2013.08.19 13:15:45.535,0.94692,0.94701,1.35,1.69
2013.08.19 13:15:46.455,0.94692,0.94703,1.43,1.50
2013.08.19 13:15:46.695,0.94692,0.94702,2.18,2.25
2013.08.19 13:15:47.214,0.94689,0.947,1.13,1.43
2013.08.19 13:15:47.565,0.94689,0.947,1.13,2.18
2013.08.19 13:15:47.896,0.94688,0.947,1.50,2.18
2013.08.19 13:15:48.415,0.94689,0.94701,1.43,2.18
2013.08.19 13:15:48.834,0.94691,0.94702,1.35,1.69
2013.08.19 13:15:49.315,0.9469,0.94702,1.43,1.69
2013.08.19 13:15:49.565,0.94691,0.94703,1.88,2.18
2013.08.19 13:15:49.625,0.94691,0.94703,1.88,2.18
2013.08.19 13:15:49.865,0.94697,0.94706,1.35,1.32
2013.08.19 13:15:49.924,0.94697,0.94707,1.35,2.07
2013.08.19 13:15:50.224,0.94695,0.94707,1.35,2.07
2013.08.19 13:15:50.784,0.94695,0.94707,1.35,1.77
2013.08.19 13:15:52.895,0.94693,0.94705,1.80,1.69
2013.08.19 13:15:57.975,0.94693,0.94704,2.37,1.43
2013.08.19 13:15:58.095,0.94689,0.94702,2.55,1.50
2013.08.19 13:15:58.429,0.94689,0.94699,1.13,1.62
2013.08.19 13:15:58.517,0.94688,0.94699,1.50,1.99
2013.08.19 13:15:58.645,0.9469,0.94699,1.50,2.37
2013.08.19 13:15:58.765,0.94687,0.94699,1.43,3.04
2013.08.19 13:16:06.156,0.94686,0.94698,3.00,1.69
2013.08.19 13:16:06.995,0.94688,0.94697,1.50,1.62
2013.08.19 13:16:07.524,0.94688,0.94696,1.50,1.35
2013.08.19 13:16:08.385,0.94688,0.94697,1.50,2.29
2013.08.19 13:16:08.924,0.94688,0.94698,2.25,1.54
2013.08.19 13:16:10.165,0.94686,0.94697,1.50,2.10
2013.08.19 13:16:10.348,0.94686,0.94695,1.50,1.35
2013.08.19 13:16:10.525,0.94683,0.94695,3.19,1.35
2013.08.19 13:16:11.045,0.94683,0.94696,3.87,1.54
2013.08.19 13:16:11.165,0.94683,0.94695,3.68,1.24
2013.08.19 13:16:11.907,0.94683,0.94694,1.43,2.18
2013.08.19 13:16:11.981,0.94681,0.94693,1.62,1.50
2013.08.19 13:16:12.184,0.94683,0.94694,2.25,2.18
2013.08.19 13:16:12.486,0.94685,0.94694,1.50,1.50
2013.08.19 13:16:12.845,0.94687,0.94697,1.88,1.50
2013.08.19 13:16:13.205,0.94698,0.94708,1.50,1.43
2013.08.19 13:16:13.265,0.947,0.94711,1.43,1.13
2013.08.19 13:16:13.445,0.94696,0.94708,1.69,1.43
2013.08.19 13:16:13.625,0.947,0.94709,1.50,1.35
2013.08.19 13:16:14.287,0.94703,0.9471,1.50,2.10
2013.08.19 13:16:14.705,0.94703,0.94713,1.50,1.62
2013.08.19 13:16:21.975,0.947,0.94712,1.43,1.13
2013.08.19 13:16:22.035,0.94699,0.94711,2.93,1.24
2013.08.19 13:16:22.605,0.94698,0.94711,2.93,2.18
2013.08.19 13:16:23.234,0.94698,0.94711,2.93,1.99
2013.08.19 13:16:24.955,0.94698,0.94711,2.18,3.12
2013.08.19 13:16:26.441,0.94699,0.94711,1.50,1.99
2013.08.19 13:16:29.920,0.947,0.94712,1.43,1.80
2013.08.19 13:16:30.284,0.94701,0.94714,2.18,2.40
2013.08.19 13:16:34.994,0.94702,0.94713,1.50,1.05
2013.08.19 13:16:35.354,0.94699,0.94709,1.50,1.05
2013.08.19 13:16:37.355,0.94698,0.94709,1.50,1.24
2013.08.19 13:16:38.464,0.94697,0.94708,1.50,1.62
2013.08.19 13:16:38.585,0.94697,0.94707,1.50,1.73
2013.08.19 13:16:41.145,0.94696,0.94707,1.50,2.48
2013.08.19 13:16:41.324,0.94695,0.94707,1.58,3.42
2013.08.19 13:16:41.884,0.94694,0.94706,1.58,1.54
2013.08.19 13:16:42.416,0.94695,0.94706,1.58,1.35
2013.08.19 13:16:42.855,0.94698,0.94708,1.50,1.92
2013.08.19 13:16:43.617,0.94698,0.94708,1.50,1.05
2013.08.19 13:16:44.168,0.94698,0.94708,1.50,1.05
2013.08.19 13:16:45.714,0.94698,0.9471,1.43,1.99
2013.08.19 13:16:46.464,0.94698,0.94711,2.18,1.80
2013.08.19 13:16:47.188,0.94698,0.94712,2.85,3.19
2013.08.19 13:16:48.906,0.94699,0.94712,1.43,3.19
2013.08.19 13:16:50.075,0.94698,0.9471,1.43,1.62
2013.08.19 13:16:50.627,0.94697,0.94709,2.63,2.10
2013.08.19 13:16:53.537,0.94695,0.94707,1.69,1.13
2013.08.19 13:16:53.656,0.94693,0.94705,2.44,1.43
2013.08.19 13:16:53.775,0.94692,0.94702,1.50,1.50
2013.08.19 13:16:53.896,0.94689,0.94702,1.43,2.25
2013.08.19 13:16:54.194,0.94687,0.947,2.18,1.43
2013.08.19 13:16:56.168,0.94687,0.947,2.55,2.37
2013.08.19 13:16:56.476,0.94693,0.94705,1.43,1.43
2013.08.19 13:16:56.658,0.94694,0.94707,1.35,2.44
2013.08.19 13:16:57.427,0.94692,0.94704,2.10,2.25
2013.08.19 13:16:57.995,0.94691,0.94702,1.43,1.77
2013.08.19 13:16:58.534,0.9469,0.94702,2.85,1.77
2013.08.19 13:16:59.044,0.9469,0.94702,2.85,1.02
2013.08.19 13:16:59.346,0.94691,0.94704,1.43,3.04
2013.08.19 13:16:59.894,0.94693,0.94704,1.43,2.37
2013.08.19 13:17:00.446,0.94692,0.94704,1.43,2.48
2013.08.19 13:17:01.604,0.94691,0.94702,1.35,1.95
2013.08.19 13:17:01.784,0.9469,0.94702,1.43,2.93
2013.08.19 13:17:04.144,0.9469,0.94701,2.18,1.02
2013.08.19 13:17:04.388,0.94691,0.94702,1.50,1.62
2013.08.19 13:17:04.514,0.94692,0.94702,1.35,1.54
2013.08.19 13:17:04.709,0.94689,0.94702,4.17,2.22
2013.08.19 13:17:04.954,0.94691,0.94702,2.10,1.54
2013.08.19 13:17:07.185,0.94692,0.94703,1.43,1.17
2013.08.19 13:17:07.305,0.94692,0.94705,1.43,2.07
2013.08.19 13:17:07.425,0.94693,0.94705,1.50,2.29
2013.08.19 13:17:07.545,0.94692,0.94704,1.43,1.13
2013.08.19 13:17:08.066,0.94691,0.94704,2.29,1.73
2013.08.19 13:17:09.626,0.94691,0.94704,2.10,3.04
2013.08.19 13:17:10.904,0.94691,0.94703,1.43,2.18
2013.08.19 13:17:11.244,0.94691,0.94703,2.18,1.05
2013.08.19 13:17:11.664,0.94694,0.94705,1.43,1.69
2013.08.19 13:17:11.904,0.94695,0.94706,1.50,1.58
2013.08.19 13:17:12.025,0.94693,0.94702,2.85,1.13
2013.08.19 13:17:12.144,0.94693,0.94702,2.85,1.50
2013.08.19 13:17:12.205,0.9469,0.94702,1.88,2.85
2013.08.19 13:17:12.264,0.9469,0.94701,2.07,1.35
2013.08.19 13:17:12.444,0.94692,0.94705,1.43,1.62
2013.08.19 13:17:12.684,0.94695,0.94707,1.50,2.48
2013.08.19 13:17:15.345,0.94693,0.94706,2.37,2.48
2013.08.19 13:17:15.884,0.94692,0.94704,1.35,1.43
2013.08.19 13:17:15.944,0.94698,0.94704,1.50,1.43
2013.08.19 13:17:16.125,0.94698,0.94706,1.50,1.69
2013.08.19 13:17:16.186,0.94695,0.94705,1.35,1.50
2013.08.19 13:17:16.365,0.94694,0.94704,1.35,1.13
2013.08.19 13:17:16.605,0.94695,0.94704,1.43,1.05
2013.08.19 13:17:16.785,0.94698,0.94706,1.50,1.50
2013.08.19 13:17:16.845,0.94698,0.94708,1.50,1.69
2013.08.19 13:17:16.964,0.94698,0.94709,1.50,1.62
2013.08.19 13:17:17.145,0.94698,0.9471,1.43,1.02
2013.08.19 13:17:17.324,0.94698,0.9471,1.43,1.02
2013.08.19 13:17:17.674,0.94698,0.9471,1.43,1.02
2013.08.19 13:17:18.165,0.94698,0.9471,1.43,2.07
2013.08.19 13:17:19.524,0.94697,0.94711,3.42,1.99
2013.08.19 13:17:22.175,0.94699,0.94711,1.50,3.23
2013.08.19 13:17:24.835,0.94703,0.94714,1.50,1.43
2013.08.19 13:17:24.894,0.94703,0.94714,1.50,1.43
2013.08.19 13:17:25.455,0.94703,0.94716,2.55,1.62
2013.08.19 13:17:26.575,0.94703,0.94716,2.55,1.62
2013.08.19 13:17:26.877,0.94707,0.94718,1.88,1.54
2013.08.19 13:17:27.457,0.94707,0.94717,1.13,1.43
2013.08.19 13:17:28.005,0.94705,0.94716,1.50,1.05
2013.08.19 13:17:28.606,0.94706,0.94715,1.13,1.43
2013.08.19 13:17:33.464,0.94705,0.94717,2.25,2.48
2013.08.19 13:17:36.830,0.94704,0.94717,2.18,2.85
2013.08.19 13:17:36.903,0.94705,0.94714,1.50,1.35
2013.08.19 13:17:37.027,0.94703,0.94714,1.50,1.35
2013.08.19 13:17:38.284,0.94703,0.94713,1.50,1.73
2013.08.19 13:17:38.586,0.94693,0.94705,2.85,1.80
2013.08.19 13:17:38.644,0.94692,0.94705,2.55,1.80
2013.08.19 13:17:39.184,0.94691,0.94703,1.54,1.47
2013.08.19 13:17:39.426,0.94693,0.94705,1.50,1.43
2013.08.19 13:17:41.684,0.9469,0.94702,1.13,1.50
2013.08.19 13:17:41.924,0.9469,0.94702,1.13,1.80
2013.08.19 13:17:42.296,0.94692,0.94702,1.13,1.05
2013.08.19 13:17:43.754,0.94693,0.94704,1.13,1.99
2013.08.19 13:17:44.015,0.94694,0.94704,1.50,1.24
2013.08.19 13:17:44.135,0.94694,0.94706,1.50,1.54
2013.08.19 13:17:44.255,0.94694,0.94707,2.55,1.43
2013.08.19 13:17:44.736,0.94696,0.94709,1.43,1.69
2013.08.19 13:17:45.265,0.94696,0.94709,1.43,2.07
2013.08.19 13:17:45.325,0.94696,0.94707,1.43,1.35
2013.08.19 13:17:45.685,0.94688,0.947,1.43,1.13
2013.08.19 13:17:45.745,0.94686,0.94699,2.37,1.43
2013.08.19 13:17:45.868,0.94686,0.94698,1.43,1.43
2013.08.19 13:17:45.985,0.94684,0.94698,2.44,2.85
2013.08.19 13:17:47.484,0.94683,0.94697,3.04,2.18
2013.08.19 13:17:48.085,0.94684,0.94696,1.54,1.50
2013.08.19 13:17:48.387,0.94686,0.94696,1.43,1.50
2013.08.19 13:17:48.745,0.94684,0.94696,1.69,2.18
2013.08.19 13:17:49.163,0.94683,0.94696,2.37,2.18
2013.08.19 13:17:51.244,0.94683,0.94696,2.29,2.18
2013.08.19 13:17:54.336,0.94683,0.94696,2.29,2.18
2013.08.19 13:17:54.892,0.94682,0.94695,2.18,1.99
2013.08.19 13:17:56.385,0.94682,0.94695,2.18,1.99
2013.08.19 13:17:56.906,0.94685,0.94695,1.50,1.99
2013.08.19 13:17:58.434,0.94685,0.94696,1.69,1.35
2013.08.19 13:17:58.495,0.94688,0.94698,1.50,1.35
2013.08.19 13:17:58.674,0.94691,0.947,1.50,1.35
2013.08.19 13:17:58.854,0.94691,0.94703,1.50,1.62
2013.08.19 13:17:59.866,0.94691,0.94702,1.50,1.43
2013.08.19 13:18:01.580,0.94687,0.94699,2.37,1.50
2013.08.19 13:18:01.766,0.94688,0.94697,2.10,1.50
2013.08.19 13:18:02.305,0.94687,0.94696,1.50,1.50
2013.08.19 13:18:04.264,0.94688,0.94696,1.50,1.50
2013.08.19 13:18:07.474,0.94688,0.94697,1.50,1.50
2013.08.19 13:18:08.476,0.94688,0.94697,1.50,1.50
2013.08.19 13:18:09.787,0.94688,0.94697,1.50,1.50
2013.08.19 13:18:09.846,0.94688,0.94697,1.50,1.50
2013.08.19 13:18:10.647,0.94687,0.94697,2.25,1.50
2013.08.19 13:18:14.761,0.94687,0.94698,1.50,2.55
2013.08.19 13:18:16.657,0.94686,0.94697,1.43,1.50
2013.08.19 13:18:22.483,0.94686,0.94697,1.43,1.69
2013.08.19 13:18:23.124,0.94686,0.94697,1.43,1.69
2013.08.19 13:18:23.775,0.94687,0.94698,1.43,2.44
2013.08.19 13:18:24.316,0.94687,0.94697,1.43,1.69
2013.08.19 13:18:25.094,0.94687,0.94697,1.80,1.69
2013.08.19 13:18:25.274,0.94689,0.94701,1.43,1.62
2013.08.19 13:18:25.334,0.94689,0.94701,1.43,1.62
2013.08.19 13:18:26.067,0.94689,0.94698,2.18,1.50
2013.08.19 13:18:26.257,0.94684,0.94695,1.69,1.43
2013.08.19 13:18:27.194,0.94684,0.94695,1.58,1.43
2013.08.19 13:18:27.704,0.94684,0.94696,2.25,1.43
2013.08.19 13:18:28.417,0.94684,0.94696,2.25,1.62
2013.08.19 13:18:28.730,0.94684,0.94695,1.58,1.43
2013.08.19 13:18:31.754,0.94688,0.94697,1.13,2.10
2013.08.19 13:18:31.875,0.94688,0.94698,1.80,2.18
2013.08.19 13:18:32.405,0.94688,0.947,2.93,1.62
2013.08.19 13:18:35.035,0.94689,0.94697,1.50,1.50
2013.08.19 13:18:35.575,0.94686,0.94697,1.88,1.69
2013.08.19 13:18:36.116,0.94687,0.94697,1.62,1.50
2013.08.19 13:18:36.240,0.94688,0.94699,1.50,1.99
2013.08.19 13:18:36.794,0.94688,0.94698,1.50,1.62
2013.08.19 13:18:40.465,0.94688,0.94698,1.50,1.43
2013.08.19 13:18:40.810,0.94688,0.947,1.50,2.29
2013.08.19 13:18:40.875,0.94688,0.94699,1.50,1.62
2013.08.19 13:18:41.235,0.94688,0.94699,1.50,1.43
2013.08.19 13:18:41.924,0.94688,0.94699,1.88,1.43
2013.08.19 13:18:42.427,0.94688,0.94699,1.88,1.43
2013.08.19 13:18:43.064,0.94688,0.94696,1.50,2.18
2013.08.19 13:18:45.475,0.94684,0.94696,2.07,2.25
2013.08.19 13:18:46.015,0.94686,0.94696,1.43,1.77
2013.08.19 13:18:46.374,0.94688,0.94698,2.25,1.88
2013.08.19 13:18:49.843,0.94688,0.94698,1.50,1.69
2013.08.19 13:18:51.966,0.94688,0.94699,2.18,1.50
2013.08.19 13:18:52.026,0.9469,0.94698,1.43,1.50
2013.08.19 13:18:52.445,0.94688,0.94699,2.18,1.50
2013.08.19 13:18:53.587,0.94689,0.94699,1.43,1.50
2013.08.19 13:18:53.765,0.94694,0.94702,1.05,1.43
2013.08.19 13:18:54.065,0.94698,0.9471,2.10,1.35
2013.08.19 13:18:54.244,0.94698,0.94711,2.10,2.78
2013.08.19 13:18:56.534,0.94698,0.9471,1.50,2.18
2013.08.19 13:19:00.294,0.94698,0.9471,1.50,2.37
2013.08.19 13:19:01.746,0.94698,0.94709,1.50,2.29
2013.08.19 13:19:03.554,0.94698,0.94708,1.50,2.89
2013.08.19 13:19:09.955,0.94698,0.94708,1.43,2.18
2013.08.19 13:19:10.467,0.94698,0.94708,1.43,2.37
2013.08.19 13:19:10.885,0.94695,0.94707,1.50,2.18
2013.08.19 13:19:11.205,0.94694,0.94705,1.43,1.13
2013.08.19 13:19:11.265,0.94693,0.94705,1.35,1.13
2013.08.19 13:19:11.776,0.94691,0.94705,2.93,1.99
2013.08.19 13:19:12.524,0.94691,0.94702,2.18,1.50
2013.08.19 13:19:14.105,0.9469,0.94702,1.54,1.88
2013.08.19 13:19:14.225,0.94693,0.94703,1.80,1.05
2013.08.19 13:19:14.285,0.94693,0.94705,1.80,2.18
2013.08.19 13:19:14.465,0.94695,0.94708,1.50,1.35
2013.08.19 13:19:14.525,0.94696,0.94709,1.35,1.02
2013.08.19 13:19:14.885,0.94695,0.94706,2.25,1.43
2013.08.19 13:19:15.674,0.94694,0.94706,2.18,1.43
2013.08.19 13:19:16.248,0.94695,0.94708,1.43,1.62
2013.08.19 13:19:18.064,0.94694,0.94706,2.10,1.20
2013.08.19 13:19:18.586,0.94694,0.94706,1.35,1.50
2013.08.19 13:19:18.875,0.94693,0.94706,1.43,2.18
2013.08.19 13:19:18.935,0.94693,0.94705,2.18,1.13
2013.08.19 13:19:19.474,0.94695,0.94705,1.50,2.10
2013.08.19 13:19:19.774,0.94695,0.94704,1.50,1.54
2013.08.19 13:19:20.014,0.94693,0.94702,1.50,1.35
2013.08.19 13:19:20.555,0.94691,0.94702,1.43,1.69
2013.08.19 13:19:20.615,0.94689,0.94702,2.25,2.29
2013.08.19 13:19:21.425,0.94693,0.94701,1.50,1.62
2013.08.19 13:19:23.504,0.94692,0.94704,2.25,1.69
2013.08.19 13:19:24.064,0.94692,0.94704,2.25,1.69
2013.08.19 13:19:24.424,0.9469,0.94701,1.35,1.50
2013.08.19 13:19:28.615,0.94689,0.94701,1.35,1.50
2013.08.19 13:19:29.118,0.94688,0.94701,3.60,1.50
2013.08.19 13:19:29.476,0.94694,0.94702,1.43,1.13
2013.08.19 13:19:30.344,0.94694,0.94706,1.43,1.80
2013.08.19 13:19:30.466,0.94694,0.94706,1.43,1.99
2013.08.19 13:19:32.035,0.94694,0.94705,1.43,1.02
2013.08.19 13:19:32.395,0.94693,0.94702,1.50,1.35
2013.08.19 13:19:32.514,0.94691,0.94702,1.50,1.54
2013.08.19 13:19:32.695,0.94691,0.94703,1.50,2.29
2013.08.19 13:19:32.875,0.94691,0.94703,1.50,1.43
2013.08.19 13:19:33.415,0.94697,0.94706,1.50,1.13
2013.08.19 13:19:33.775,0.94696,0.94706,1.50,2.25
2013.08.19 13:19:34.076,0.94694,0.94704,1.50,1.62
2013.08.19 13:19:34.764,0.94693,0.94704,1.50,1.62
2013.08.19 13:19:34.954,0.94693,0.94704,1.50,1.62
2013.08.19 13:19:35.465,0.94693,0.94704,1.50,1.62
2013.08.19 13:19:37.175,0.94694,0.94706,1.43,1.84
2013.08.19 13:19:37.718,0.94695,0.94706,2.10,1.92
2013.08.19 13:19:38.074,0.94693,0.94705,1.50,2.10
2013.08.19 13:19:38.674,0.94693,0.94703,1.50,1.35
2013.08.19 13:19:39.524,0.94692,0.94702,1.50,1.43
2013.08.19 13:19:44.724,0.94691,0.94702,1.50,2.37
2013.08.19 13:19:44.905,0.94689,0.947,2.18,1.43
2013.08.19 13:19:45.029,0.94688,0.94698,2.25,1.35
2013.08.19 13:19:45.574,0.94685,0.94697,1.50,2.10
2013.08.19 13:19:46.804,0.94685,0.94696,1.50,1.43
2013.08.19 13:19:52.284,0.94685,0.94696,1.50,1.62
2013.08.19 13:20:00.967,0.94683,0.94695,2.25,1.62
2013.08.19 13:20:03.245,0.94682,0.94695,3.00,1.62
2013.08.19 13:20:03.305,0.94682,0.94694,2.33,1.43
2013.08.19 13:20:04.026,0.94682,0.94694,2.33,2.10
2013.08.19 13:20:04.636,0.94683,0.94694,1.50,1.43
2013.08.19 13:20:06.187,0.94683,0.94694,1.50,1.62
2013.08.19 13:20:10.115,0.94683,0.94694,1.50,1.99
2013.08.19 13:20:12.951,0.94679,0.94692,2.37,3.53
2013.08.19 13:20:13.196,0.94678,0.94691,2.18,1.92
2013.08.19 13:20:16.654,0.94679,0.9469,1.50,1.50
2013.08.19 13:20:16.954,0.9468,0.9469,1.50,1.43
2013.08.19 13:20:17.589,0.94683,0.94693,1.50,1.43
2013.08.19 13:20:18.991,0.94683,0.94693,1.50,1.43
2013.08.19 13:20:19.504,0.94683,0.94691,1.50,1.43
2013.08.19 13:20:28.055,0.9468,0.94691,1.88,2.10
2013.08.19 13:20:28.236,0.94678,0.94691,1.50,2.29
2013.08.19 13:20:28.414,0.94678,0.94689,1.50,1.35
2013.08.19 13:20:28.474,0.94678,0.94689,1.50,1.35
2013.08.19 13:20:29.264,0.94677,0.94688,1.50,1.43
2013.08.19 13:20:32.996,0.94678,0.94688,1.50,1.43
2013.08.19 13:20:33.315,0.9468,0.94688,1.50,1.43
2013.08.19 13:20:33.855,0.9468,0.94689,1.50,1.35
2013.08.19 13:20:33.916,0.94678,0.94688,1.50,1.43
2013.08.19 13:20:34.094,0.94677,0.94688,1.50,1.43
2013.08.19 13:20:34.154,0.94679,0.94691,1.35,2.29
2013.08.19 13:20:34.354,0.94677,0.94688,1.50,1.43
2013.08.19 13:20:34.926,0.94677,0.94688,1.50,2.10
2013.08.19 13:20:35.474,0.94677,0.94687,1.50,2.10
2013.08.19 13:20:35.536,0.94674,0.94684,2.37,1.43
2013.08.19 13:20:35.655,0.94673,0.94683,1.69,1.05
2013.08.19 13:20:35.835,0.94668,0.94681,2.18,1.80
2013.08.19 13:20:38.348,0.94668,0.94679,1.50,1.69
2013.08.19 13:20:44.126,0.94668,0.94682,1.50,3.15
2013.08.19 13:20:44.308,0.94673,0.94683,1.43,1.43
2013.08.19 13:20:44.379,0.94673,0.94684,2.10,1.69
2013.08.19 13:20:44.934,0.94673,0.94685,2.37,1.62
2013.08.19 13:20:48.244,0.94674,0.94684,1.43,1.50
2013.08.19 13:20:49.215,0.94674,0.94684,2.18,1.50
2013.08.19 13:20:53.014,0.94675,0.94685,1.50,1.50
2013.08.19 13:20:54.994,0.94675,0.94686,1.50,1.50
2013.08.19 13:20:55.483,0.94681,0.9469,1.13,1.54
2013.08.19 13:20:55.552,0.94682,0.94694,1.43,1.43
2013.08.19 13:20:55.618,0.94682,0.94695,2.18,1.35
2013.08.19 13:20:55.675,0.94682,0.94692,2.10,1.69
2013.08.19 13:20:56.034,0.94678,0.9469,2.44,2.78
2013.08.19 13:20:56.586,0.94676,0.94688,1.50,1.43
2013.08.19 13:21:00.805,0.94676,0.94688,1.50,2.25
2013.08.19 13:21:03.534,0.94676,0.94687,1.50,2.10
2013.08.19 13:21:06.555,0.94676,0.94686,1.50,1.43
2013.08.19 13:21:09.744,0.94676,0.94687,1.50,2.37
2013.08.19 13:21:13.256,0.94676,0.94687,1.50,1.62
2013.08.19 13:21:13.463,0.94676,0.94687,1.50,2.37
2013.08.19 13:21:14.118,0.94676,0.94686,1.50,2.10
2013.08.19 13:21:18.066,0.94673,0.94686,3.00,2.29
2013.08.19 13:21:18.127,0.94673,0.94686,3.00,2.29
2013.08.19 13:21:18.246,0.94673,0.94684,2.33,1.35
2013.08.19 13:21:18.727,0.94672,0.94684,2.33,1.35
2013.08.19 13:21:18.800,0.94672,0.94686,3.00,2.67
2013.08.19 13:21:19.045,0.94672,0.94686,3.00,2.67
2013.08.19 13:21:19.656,0.94672,0.94686,2.33,2.67
2013.08.19 13:21:20.654,0.94672,0.94686,3.00,2.29
2013.08.19 13:21:20.835,0.94674,0.94686,1.43,2.07
2013.08.19 13:21:21.807,0.94673,0.94686,2.18,2.07
2013.08.19 13:21:23.354,0.94672,0.94685,2.25,1.99
2013.08.19 13:21:25.357,0.94672,0.94684,2.25,1.50
2013.08.19 13:21:25.894,0.94672,0.94684,2.25,1.73
2013.08.19 13:21:26.435,0.94672,0.94683,2.33,1.43
2013.08.19 13:21:28.007,0.94673,0.94683,1.58,1.43
2013.08.19 13:21:28.956,0.94673,0.94686,2.25,1.62
2013.08.19 13:21:30.245,0.94676,0.94686,1.50,1.43
2013.08.19 13:21:30.365,0.94678,0.9469,1.43,2.37
2013.08.19 13:21:30.492,0.94678,0.94691,1.43,1.69
2013.08.19 13:21:30.614,0.94678,0.94692,2.18,2.82
2013.08.19 13:21:30.916,0.94682,0.94695,1.43,1.43
2013.08.19 13:21:31.479,0.94684,0.94695,2.25,1.05
2013.08.19 13:21:32.065,0.94684,0.94696,2.25,1.35
2013.08.19 13:21:32.185,0.94684,0.94696,1.50,1.73
2013.08.19 13:21:32.807,0.94684,0.94697,2.18,2.67
2013.08.19 13:21:32.865,0.94684,0.94697,2.93,1.92
2013.08.19 13:21:33.477,0.94684,0.94696,2.93,1.80
2013.08.19 13:21:33.986,0.94687,0.94699,2.25,1.43
2013.08.19 13:21:34.046,0.94687,0.94699,3.12,1.43
2013.08.19 13:21:34.166,0.94688,0.94701,1.62,1.05
2013.08.19 13:21:34.527,0.9469,0.94702,2.25,1.73
2013.08.19 13:21:35.044,0.9469,0.94702,1.58,1.73
2013.08.19 13:21:39.667,0.9469,0.94703,2.18,1.92
2013.08.19 13:21:39.941,0.9469,0.94702,1.43,2.55
2013.08.19 13:21:40.125,0.9469,0.94701,1.43,1.69
2013.08.19 13:21:40.485,0.94687,0.94699,2.85,2.18
2013.08.19 13:21:40.545,0.94687,0.94699,2.18,2.18
2013.08.19 13:21:41.607,0.94685,0.94697,1.43,1.02
2013.08.19 13:21:45.166,0.94685,0.94698,2.18,2.44
2013.08.19 13:21:45.227,0.94686,0.94698,1.50,1.50
2013.08.19 13:21:47.948,0.9469,0.94699,1.50,1.43
2013.08.19 13:21:48.697,0.9469,0.94703,2.18,1.99
2013.08.19 13:21:49.288,0.9469,0.94703,2.18,1.99
2013.08.19 13:21:56.383,0.9469,0.94702,2.18,1.99
2013.08.19 13:21:57.606,0.94691,0.94702,1.43,1.13
2013.08.19 13:22:03.622,0.9469,0.94702,2.18,1.62
2013.08.19 13:22:04.238,0.9469,0.94702,2.18,1.62
2013.08.19 13:22:05.245,0.9469,0.94702,2.18,1.43
2013.08.19 13:22:05.426,0.9469,0.94702,1.43,2.18
2013.08.19 13:22:09.206,0.9469,0.94702,2.18,1.43
2013.08.19 13:22:09.532,0.9469,0.94702,2.18,2.18
2013.08.19 13:22:10.194,0.9469,0.94702,2.18,2.18
2013.08.19 13:22:10.835,0.9469,0.94702,2.18,2.18
2013.08.19 13:22:12.534,0.9469,0.94702,2.18,1.43
2013.08.19 13:22:27.985,0.9469,0.94702,1.50,2.37
2013.08.19 13:22:28.045,0.9469,0.94701,1.50,1.05
2013.08.19 13:22:28.227,0.94689,0.94701,1.77,1.73
2013.08.19 13:22:28.765,0.94689,0.94702,1.50,3.42
2013.08.19 13:22:28.825,0.94689,0.94702,2.25,2.67
2013.08.19 13:22:29.370,0.94692,0.947,1.50,1.43
2013.08.19 13:22:29.628,0.94688,0.947,1.50,2.48
2013.08.19 13:22:30.165,0.94688,0.94699,2.18,1.58
2013.08.19 13:22:30.685,0.94686,0.94699,2.18,1.50
2013.08.19 13:22:32.384,0.94688,0.947,1.43,1.99
2013.08.19 13:22:33.415,0.94688,0.947,2.18,1.43
2013.08.19 13:22:33.716,0.94692,0.94701,1.50,1.35
2013.08.19 13:22:33.836,0.94693,0.94702,1.50,1.43
2013.08.19 13:22:34.075,0.94693,0.94705,2.18,1.13
2013.08.19 13:22:35.785,0.94693,0.94705,2.18,1.80
2013.08.19 13:22:38.737,0.94693,0.94706,2.55,1.54
2013.08.19 13:22:38.797,0.94693,0.94706,2.55,1.54
2013.08.19 13:22:39.098,0.94702,0.94711,1.50,1.54
2013.08.19 13:22:39.894,0.94702,0.94714,2.18,1.05
2013.08.19 13:22:41.258,0.94702,0.94714,2.18,1.62
2013.08.19 13:22:44.846,0.94702,0.94713,1.43,1.50
2013.08.19 13:22:45.205,0.94699,0.94712,2.18,1.43
2013.08.19 13:22:47.354,0.94699,0.94713,2.10,2.25
2013.08.19 13:22:48.165,0.94701,0.94714,1.43,1.62
2013.08.19 13:22:50.615,0.94702,0.94714,1.50,1.43
2013.08.19 13:22:58.210,0.94701,0.94713,2.18,1.05
2013.08.19 13:22:58.275,0.947,0.94712,2.10,1.73
2013.08.19 13:22:58.336,0.947,0.94711,2.10,1.05
2013.08.19 13:22:58.695,0.94698,0.94708,1.50,1.35
2013.08.19 13:22:58.815,0.94698,0.94711,1.50,2.10
2013.08.19 13:22:59.055,0.94699,0.94711,1.50,2.10
2013.08.19 13:22:59.659,0.94699,0.94711,2.18,1.43
2013.08.19 13:23:02.067,0.947,0.94711,1.50,1.43
2013.08.19 13:23:04.086,0.94701,0.94711,1.50,2.10
2013.08.19 13:23:06.775,0.947,0.9471,1.50,1.43
2013.08.19 13:23:06.956,0.94699,0.94709,1.50,1.35
2013.08.19 13:23:07.327,0.94701,0.94709,1.50,1.35
2013.08.19 13:23:10.187,0.94701,0.9471,2.25,2.10
2013.08.19 13:23:10.994,0.94701,0.9471,2.25,1.43
2013.08.19 13:23:17.618,0.94698,0.9471,1.50,1.62
2013.08.19 13:23:17.867,0.94697,0.94709,2.18,1.02
2013.08.19 13:23:18.046,0.94695,0.94707,1.43,1.43
2013.08.19 13:23:18.109,0.94694,0.94707,1.43,1.43
2013.08.19 13:23:19.309,0.94693,0.94705,2.25,1.43
2013.08.19 13:23:20.326,0.94695,0.94705,1.50,1.43
2013.08.19 13:23:47.347,0.94694,0.94706,2.18,1.13
2013.08.19 13:23:55.265,0.94693,0.94704,1.58,1.43
2013.08.19 13:23:56.398,0.94693,0.94704,1.50,1.43
2013.08.19 13:23:56.845,0.94693,0.94707,2.74,2.25
2013.08.19 13:23:56.965,0.94693,0.94707,3.42,2.25
2013.08.19 13:23:57.534,0.94694,0.94707,1.24,3.00
2013.08.19 13:23:57.715,0.94694,0.94705,1.24,1.35
2013.08.19 13:23:58.016,0.94693,0.94703,1.43,1.92
2013.08.19 13:23:58.077,0.94696,0.94704,1.43,1.69
2013.08.19 13:23:58.196,0.94698,0.94711,1.43,3.19
2013.08.19 13:23:58.256,0.94698,0.9471,1.43,1.39
2013.08.19 13:23:58.315,0.94697,0.94709,1.43,1.69
2013.08.19 13:23:59.896,0.94695,0.94707,1.43,2.07
2013.08.19 13:24:06.955,0.94698,0.94708,1.13,1.43
2013.08.19 13:24:07.075,0.947,0.9471,1.35,1.02
2013.08.19 13:24:07.195,0.94702,0.94713,1.43,1.13
2013.08.19 13:24:07.715,0.94702,0.94715,2.18,1.05
2013.08.19 13:24:08.265,0.94703,0.94716,2.10,1.80
2013.08.19 13:24:08.639,0.94703,0.94716,2.10,1.80
2013.08.19 13:24:09.385,0.94703,0.94716,2.10,2.55
2013.08.19 13:24:20.495,0.94703,0.94715,2.10,1.32
2013.08.19 13:24:20.616,0.94701,0.94714,1.54,1.50
2013.08.19 13:24:20.975,0.94701,0.94709,1.35,1.50
2013.08.19 13:24:21.155,0.94698,0.94708,2.18,1.32
2013.08.19 13:24:21.215,0.94696,0.94708,1.43,1.50
2013.08.19 13:24:21.455,0.94694,0.94707,1.54,2.63
2013.08.19 13:24:21.636,0.94692,0.94705,2.10,1.62
2013.08.19 13:24:22.165,0.94691,0.94704,1.43,1.62
2013.08.19 13:24:22.465,0.94691,0.94704,1.43,1.62
2013.08.19 13:24:23.067,0.94693,0.94704,1.43,2.29
2013.08.19 13:24:23.308,0.94689,0.94701,1.62,1.43
2013.08.19 13:24:23.369,0.94688,0.94701,2.37,1.43
2013.08.19 13:24:23.438,0.94688,0.94701,1.62,1.62
2013.08.19 13:24:23.676,0.94688,0.94701,1.43,1.99
2013.08.19 13:24:24.105,0.94689,0.94702,1.35,3.19
2013.08.19 13:24:24.645,0.94691,0.94703,1.43,1.88
2013.08.19 13:24:25.068,0.94691,0.94704,2.18,1.43
2013.08.19 13:24:25.127,0.94693,0.94704,1.43,1.50
2013.08.19 13:24:25.245,0.94693,0.94706,2.18,2.44
2013.08.19 13:24:25.305,0.94695,0.94706,1.35,1.77
2013.08.19 13:24:25.665,0.94693,0.94706,2.85,1.02
2013.08.19 13:24:27.685,0.94693,0.94705,2.18,1.62
2013.08.19 13:24:29.095,0.9469,0.94702,1.50,1.80
2013.08.19 13:24:32.335,0.94689,0.94702,1.43,2.74
2013.08.19 13:24:35.416,0.94688,0.94701,1.80,3.15
2013.08.19 13:24:35.718,0.94684,0.94697,1.43,2.59
2013.08.19 13:24:36.075,0.94687,0.94697,1.43,1.13
2013.08.19 13:24:36.596,0.94686,0.94697,2.10,1.13
2013.08.19 13:24:37.635,0.94689,0.94697,1.35,1.13
2013.08.19 13:24:37.867,0.94689,0.94699,1.35,1.69
2013.08.19 13:24:39.966,0.94689,0.94702,1.35,3.79
2013.08.19 13:24:40.146,0.9469,0.94702,1.43,1.69
2013.08.19 13:24:40.266,0.94692,0.94702,1.50,1.50
2013.08.19 13:24:40.795,0.94692,0.94704,2.18,1.05
2013.08.19 13:24:44.265,0.94692,0.94704,2.18,1.62
2013.08.19 13:24:46.304,0.94693,0.94705,1.43,1.69
2013.08.19 13:24:46.836,0.94693,0.94704,1.43,1.32
2013.08.19 13:24:48.736,0.94693,0.94705,2.85,1.69
2013.08.19 13:24:51.895,0.94693,0.94703,2.10,1.50
2013.08.19 13:24:52.076,0.94693,0.94704,2.85,1.50
2013.08.19 13:24:52.136,0.94691,0.94702,1.58,2.10
2013.08.19 13:24:52.257,0.94689,0.94702,1.54,2.25
2013.08.19 13:24:52.617,0.94688,0.94701,3.98,1.05
2013.08.19 13:24:52.979,0.94689,0.94701,2.37,2.67
2013.08.19 13:24:54.056,0.94688,0.94699,1.88,1.62
2013.08.19 13:24:55.805,0.94688,0.94699,1.58,1.62
2013.08.19 13:25:01.146,0.94689,0.94698,1.35,1.13
2013.08.19 13:25:01.825,0.94689,0.94698,1.35,1.13
2013.08.19 13:25:05.356,0.94689,0.947,2.03,2.82
2013.08.19 13:25:05.658,0.94693,0.94701,1.35,1.32
2013.08.19 13:25:07.510,0.94693,0.94701,1.35,1.69
2013.08.19 13:25:07.816,0.94693,0.94703,2.10,1.58
2013.08.19 13:25:07.935,0.94694,0.94704,1.43,2.14
2013.08.19 13:25:08.055,0.94695,0.94704,1.43,2.07
2013.08.19 13:25:08.296,0.94695,0.94704,1.43,1.13
2013.08.19 13:25:08.715,0.94693,0.94702,1.35,1.50
2013.08.19 13:25:09.265,0.94693,0.94702,1.35,1.50
2013.08.19 13:25:10.885,0.94692,0.94702,1.35,1.50
2013.08.19 13:25:11.445,0.94692,0.94702,1.43,1.32
2013.08.19 13:25:12.285,0.94693,0.94704,1.43,1.32
2013.08.19 13:25:12.345,0.94693,0.94704,1.43,1.32
2013.08.19 13:25:12.585,0.94694,0.94705,1.43,1.13
2013.08.19 13:25:13.865,0.94693,0.94702,1.35,1.88
2013.08.19 13:25:16.545,0.94692,0.94702,1.35,3.57
2013.08.19 13:25:17.302,0.94691,0.94702,1.35,3.57
2013.08.19 13:25:18.606,0.94692,0.94702,1.50,2.44
2013.08.19 13:25:18.847,0.94693,0.94704,2.18,1.50
2013.08.19 13:25:28.966,0.94692,0.94702,1.35,1.50
2013.08.19 13:25:31.635,0.94692,0.94702,1.35,1.58
2013.08.19 13:25:31.756,0.9469,0.94702,1.35,2.33
2013.08.19 13:25:32.055,0.94688,0.94701,1.43,3.00
2013.08.19 13:25:32.565,0.94688,0.947,2.10,1.50
2013.08.19 13:25:33.257,0.94689,0.947,1.35,1.50
2013.08.19 13:25:35.197,0.94689,0.947,1.35,1.50
2013.08.19 13:25:35.713,0.94688,0.947,1.35,1.50
2013.08.19 13:25:36.587,0.94688,0.947,1.35,1.50
2013.08.19 13:25:36.646,0.9469,0.947,1.35,1.50
2013.08.19 13:25:36.885,0.94688,0.947,1.43,1.50
2013.08.19 13:25:36.946,0.94688,0.947,1.43,1.50
2013.08.19 13:25:40.405,0.94691,0.947,1.35,1.50
2013.08.19 13:25:41.995,0.94691,0.94702,1.35,2.25
2013.08.19 13:25:46.725,0.94691,0.94701,1.35,1.32
2013.08.19 13:25:47.026,0.94687,0.94699,1.35,2.25
2013.08.19 13:25:47.085,0.94688,0.94699,1.43,2.25
2013.08.19 13:25:47.265,0.94688,0.94699,2.10,2.63
2013.08.19 13:25:47.858,0.9469,0.94699,1.35,2.63
2013.08.19 13:25:49.644,0.9469,0.94699,1.35,2.33
2013.08.19 13:25:51.806,0.94688,0.94699,1.35,2.33
2013.08.19 13:25:53.426,0.94692,0.94702,1.35,2.07
2013.08.19 13:25:54.127,0.94692,0.947,1.35,1.69
2013.08.19 13:25:54.307,0.94687,0.94697,2.10,1.88
2013.08.19 13:25:54.426,0.94685,0.94697,1.43,2.14
2013.08.19 13:25:54.767,0.94683,0.94694,2.10,1.32
2013.08.19 13:25:58.596,0.94684,0.94694,1.35,1.69
2013.08.19 13:25:58.659,0.94685,0.94694,1.43,1.50
2013.08.19 13:25:59.147,0.94688,0.94698,1.43,1.13
2013.08.19 13:26:00.926,0.94688,0.94698,2.10,1.50
2013.08.19 13:26:02.045,0.94687,0.94697,1.35,2.07
2013.08.19 13:26:02.105,0.94686,0.94697,1.35,2.07
2013.08.19 13:26:02.535,0.94685,0.94697,1.35,2.67
2013.08.19 13:26:03.165,0.94685,0.94695,1.35,1.13
2013.08.19 13:26:05.528,0.94685,0.94695,1.35,1.02
2013.08.19 13:26:05.831,0.9469,0.94701,1.35,1.20
2013.08.19 13:26:05.895,0.94692,0.94702,1.35,1.20
2013.08.19 13:26:09.906,0.94692,0.94702,1.35,1.58
2013.08.19 13:26:10.145,0.94691,0.94702,1.43,1.58
2013.08.19 13:26:19.437,0.94691,0.94702,2.18,1.50
2013.08.19 13:26:19.797,0.94693,0.94704,2.55,1.50
2013.08.19 13:26:19.975,0.94698,0.94709,1.43,1.13
2013.08.19 13:26:21.237,0.94698,0.9471,1.43,2.63
2013.08.19 13:26:21.576,0.94698,0.94709,1.43,1.50
2013.08.19 13:26:23.445,0.94698,0.9471,2.18,2.18
2013.08.19 13:26:26.056,0.94698,0.9471,2.18,1.43
2013.08.19 13:26:26.116,0.947,0.94711,1.43,1.43
2013.08.19 13:26:26.475,0.947,0.94712,1.43,1.88
2013.08.19 13:26:26.655,0.947,0.94711,1.43,1.88
2013.08.19 13:26:34.595,0.94699,0.94712,2.29,1.50
2013.08.19 13:26:34.775,0.94703,0.94715,1.43,5.63
2013.08.19 13:26:36.497,0.94703,0.94714,1.43,1.20
2013.08.19 13:26:36.676,0.94704,0.94715,1.35,2.25
2013.08.19 13:26:37.378,0.94704,0.94715,1.35,2.25
2013.08.19 13:26:37.885,0.94703,0.94715,1.43,2.25
2013.08.19 13:26:38.008,0.94702,0.94712,2.18,1.13
2013.08.19 13:26:38.128,0.94699,0.94712,1.62,1.80
2013.08.19 13:26:38.247,0.94697,0.9471,2.18,1.24
2013.08.19 13:26:38.425,0.94697,0.94709,1.43,1.32
2013.08.19 13:26:38.786,0.94698,0.9471,1.43,1.24
2013.08.19 13:26:39.266,0.947,0.94709,1.43,1.13
2013.08.19 13:26:40.896,0.947,0.94709,1.43,1.13
2013.08.19 13:26:41.453,0.94699,0.9471,2.10,1.13
2013.08.19 13:26:45.485,0.94699,0.94712,2.10,2.82
2013.08.19 13:26:45.665,0.94701,0.94712,1.35,1.39
2013.08.19 13:26:45.905,0.94699,0.94712,2.10,2.82
2013.08.19 13:26:46.457,0.94699,0.94709,2.10,1.13
2013.08.19 13:26:48.236,0.947,0.94709,1.35,1.13
2013.08.19 13:26:48.795,0.94701,0.9471,1.35,1.13
2013.08.19 13:26:50.246,0.94701,0.94712,1.35,2.07
2013.08.19 13:26:50.801,0.94702,0.94712,1.35,1.88
2013.08.19 13:26:54.235,0.94702,0.94712,1.35,1.88
2013.08.19 13:26:54.778,0.94704,0.94712,1.43,1.50
2013.08.19 13:26:55.198,0.94705,0.94717,1.43,1.13
2013.08.19 13:26:56.088,0.94705,0.94714,1.43,1.13
2013.08.19 13:26:56.747,0.94705,0.94714,1.35,1.88
2013.08.19 13:26:57.485,0.94705,0.94718,1.35,1.13
2013.08.19 13:26:57.906,0.94707,0.94719,2.10,1.50
2013.08.19 13:26:58.266,0.94709,0.94719,1.35,1.13
2013.08.19 13:26:58.747,0.94707,0.94719,1.43,1.13
2013.08.19 13:26:58.866,0.94709,0.9472,1.35,1.13
2013.08.19 13:26:58.925,0.94709,0.94722,1.35,3.75
2013.08.19 13:26:59.177,0.94707,0.94721,2.10,1.62
2013.08.19 13:27:00.399,0.94709,0.9472,1.35,1.13
2013.08.19 13:27:00.708,0.94712,0.94723,1.43,1.50
2013.08.19 13:27:00.827,0.94714,0.94727,1.35,4.05
2013.08.19 13:27:01.367,0.94713,0.94725,2.18,1.50
2013.08.19 13:27:01.606,0.94713,0.94723,1.50,1.43
2013.08.19 13:27:02.215,0.94713,0.94723,1.50,1.43
2013.08.19 13:27:02.465,0.94713,0.94724,1.50,1.54
2013.08.19 13:27:02.527,0.94712,0.94724,1.43,1.62
2013.08.19 13:27:03.895,0.94713,0.94724,1.43,1.69
2013.08.19 13:27:04.448,0.94711,0.94724,2.18,2.37
2013.08.19 13:27:04.805,0.94713,0.94724,1.43,1.50
2013.08.19 13:27:04.865,0.94713,0.94726,1.43,2.74
2013.08.19 13:27:05.399,0.94713,0.94726,1.43,2.74
2013.08.19 13:27:07.505,0.94713,0.94724,1.43,1.13
2013.08.19 13:27:09.115,0.94711,0.94723,1.62,1.69
2013.08.19 13:27:09.671,0.94709,0.94722,2.37,2.18
2013.08.19 13:27:09.795,0.94709,0.94722,2.37,2.18
2013.08.19 13:27:11.905,0.94709,0.9472,1.69,1.43
2013.08.19 13:27:13.156,0.94709,0.9472,1.69,1.43
2013.08.19 13:27:15.706,0.94708,0.94721,2.82,1.43
2013.08.19 13:27:16.065,0.94711,0.94723,1.13,1.43
2013.08.19 13:27:32.055,0.94713,0.94721,1.50,1.50
2013.08.19 13:27:32.418,0.94718,0.94728,1.50,2.18
2013.08.19 13:27:32.477,0.94718,0.94728,1.50,1.43
2013.08.19 13:27:32.837,0.94718,0.94728,1.50,1.43
2013.08.19 13:27:33.365,0.94718,0.94728,1.50,1.43
2013.08.19 13:27:33.905,0.94718,0.94728,1.50,2.18
2013.08.19 13:27:41.335,0.94719,0.9473,1.50,1.43
2013.08.19 13:27:41.577,0.94721,0.94732,1.50,2.37
2013.08.19 13:27:42.087,0.94721,0.94732,2.18,1.88
2013.08.19 13:27:42.860,0.94723,0.94733,1.50,1.05
2013.08.19 13:27:43.526,0.94723,0.94735,1.50,1.43
2013.08.19 13:27:43.587,0.94723,0.94736,1.50,2.29
2013.08.19 13:27:44.236,0.94723,0.94735,1.50,1.43
2013.08.19 13:27:49.779,0.94723,0.94734,1.50,1.50
2013.08.19 13:27:50.086,0.94722,0.94734,1.43,2.07
2013.08.19 13:27:50.327,0.9472,0.94733,1.62,1.54
2013.08.19 13:27:50.886,0.94722,0.94733,1.50,1.54
2013.08.19 13:27:52.236,0.94722,0.94732,1.50,1.50
2013.08.19 13:27:52.826,0.94723,0.94732,1.50,1.50
2013.08.19 13:27:53.355,0.94723,0.94732,1.50,1.50
2013.08.19 13:27:55.886,0.94722,0.94732,1.43,2.25
2013.08.19 13:27:57.625,0.94721,0.94732,1.43,2.25
2013.08.19 13:28:00.115,0.94721,0.94732,1.43,2.25
2013.08.19 13:28:01.125,0.94721,0.94733,2.18,2.74
2013.08.19 13:28:01.642,0.94723,0.94735,2.85,1.13
2013.08.19 13:28:02.206,0.94724,0.94735,1.43,1.13
2013.08.19 13:28:02.785,0.94724,0.94736,2.10,2.07
2013.08.19 13:28:03.217,0.94725,0.94737,1.80,2.44
2013.08.19 13:28:03.576,0.94731,0.94742,1.43,1.13
2013.08.19 13:28:04.300,0.9473,0.94742,2.93,1.05
2013.08.19 13:28:04.545,0.9473,0.94741,2.93,1.13
2013.08.19 13:28:04.785,0.9473,0.94742,2.18,1.80
2013.08.19 13:28:05.066,0.9473,0.94741,2.18,1.13
2013.08.19 13:28:15.716,0.9473,0.94741,2.18,1.50
2013.08.19 13:28:16.017,0.94724,0.94735,1.05,1.80
2013.08.19 13:28:16.076,0.94724,0.94734,1.05,1.13
2013.08.19 13:28:16.325,0.94722,0.94734,2.37,1.13
2013.08.19 13:28:16.401,0.94724,0.94735,1.32,1.43
2013.08.19 13:28:16.473,0.94728,0.94737,1.50,2.37
2013.08.19 13:28:16.981,0.94728,0.94737,1.50,1.50
2013.08.19 13:28:17.105,0.9473,0.94738,1.50,1.50
2013.08.19 13:28:17.855,0.94728,0.94737,1.50,1.50
2013.08.19 13:28:18.226,0.94729,0.94739,1.50,2.37
2013.08.19 13:28:18.755,0.9473,0.94739,1.50,1.69
2013.08.19 13:28:23.515,0.9473,0.9474,1.50,1.43
2013.08.19 13:28:25.296,0.9473,0.9474,1.50,1.80
2013.08.19 13:28:25.535,0.94728,0.9474,2.18,1.62
2013.08.19 13:28:25.856,0.94728,0.9474,2.18,1.62
2013.08.19 13:28:26.466,0.94728,0.9474,2.18,1.62
2013.08.19 13:28:27.006,0.94727,0.94737,1.50,1.62
2013.08.19 13:28:27.549,0.94728,0.94738,1.50,1.62
2013.08.19 13:28:28.457,0.94725,0.94737,1.69,1.99
2013.08.19 13:28:28.818,0.94724,0.94736,3.90,2.29
2013.08.19 13:28:29.337,0.94727,0.94736,1.50,1.62
2013.08.19 13:28:30.028,0.94724,0.94735,1.73,1.62
2013.08.19 13:28:30.639,0.94727,0.94735,1.50,2.37
2013.08.19 13:28:30.827,0.94727,0.94735,1.50,2.37
2013.08.19 13:28:34.876,0.94727,0.94738,1.50,1.62
2013.08.19 13:28:34.996,0.94727,0.94738,1.50,1.62
2013.08.19 13:28:35.605,0.94728,0.94737,1.50,1.50
2013.08.19 13:28:36.730,0.94728,0.94737,1.50,1.50
2013.08.19 13:28:37.725,0.94728,0.94738,1.50,1.43
2013.08.19 13:28:42.526,0.94728,0.94738,1.50,1.43
2013.08.19 13:28:53.526,0.94727,0.94737,1.50,1.43
2013.08.19 13:28:53.646,0.94729,0.9474,1.35,1.13
2013.08.19 13:28:53.946,0.94729,0.94742,2.10,3.12
2013.08.19 13:28:54.185,0.9473,0.94742,1.43,2.37
2013.08.19 13:28:55.126,0.94728,0.94741,2.25,1.62
2013.08.19 13:28:57.077,0.94728,0.94741,2.25,1.43
2013.08.19 13:29:00.457,0.9473,0.94742,1.43,2.25
2013.08.19 13:29:00.635,0.9473,0.94742,2.18,1.50
2013.08.19 13:29:01.007,0.94731,0.94743,1.50,1.62
2013.08.19 13:29:04.415,0.94733,0.94743,1.50,1.62
2013.08.19 13:29:06.185,0.94732,0.94743,1.58,1.62
2013.08.19 13:29:07.215,0.94732,0.94743,1.50,1.43
2013.08.19 13:29:09.265,0.9473,0.94741,2.18,1.50
2013.08.19 13:29:12.245,0.94731,0.94742,1.50,2.37
2013.08.19 13:29:12.366,0.94733,0.94742,1.50,2.37
2013.08.19 13:29:12.666,0.94733,0.94746,4.09,1.35
2013.08.19 13:29:13.896,0.94733,0.94745,2.18,1.43
2013.08.19 13:29:13.955,0.94733,0.94744,1.50,1.43
2013.08.19 13:29:14.485,0.94731,0.94743,1.58,2.48
2013.08.19 13:29:16.419,0.94733,0.94746,3.87,1.43
2013.08.19 13:29:16.715,0.94738,0.9475,1.50,1.54
2013.08.19 13:29:17.448,0.94738,0.94751,2.18,1.62
2013.08.19 13:29:17.966,0.94738,0.94752,2.18,3.04
2013.08.19 13:29:18.146,0.94738,0.94751,2.18,1.62
2013.08.19 13:29:18.327,0.94739,0.94752,2.10,1.69
2013.08.19 13:29:18.850,0.94739,0.94752,2.85,2.44
2013.08.19 13:29:18.918,0.9474,0.94752,2.18,1.69
2013.08.19 13:29:19.036,0.94742,0.94753,1.43,1.39
2013.08.19 13:29:19.778,0.94742,0.94753,1.43,1.02
2013.08.19 13:29:19.989,0.94742,0.94753,1.43,1.02
2013.08.19 13:29:20.109,0.94743,0.94755,1.88,1.62
2013.08.19 13:29:20.238,0.94745,0.94757,1.32,1.62
2013.08.19 13:29:20.561,0.94745,0.94757,2.37,1.43
2013.08.19 13:29:20.746,0.94745,0.94758,1.69,3.23
2013.08.19 13:29:20.925,0.94743,0.94755,1.50,2.18
2013.08.19 13:29:21.046,0.94743,0.94754,1.50,1.99
2013.08.19 13:29:21.406,0.9474,0.94751,2.44,1.43
2013.08.19 13:29:21.706,0.94738,0.94749,2.33,1.43
2013.08.19 13:29:22.246,0.94736,0.94749,1.13,2.10
2013.08.19 13:29:22.366,0.94735,0.94748,2.37,1.43
2013.08.19 13:29:22.427,0.94735,0.94748,1.43,2.18
2013.08.19 13:29:25.176,0.94734,0.94747,2.37,2.85
2013.08.19 13:29:25.783,0.94735,0.94747,2.10,1.50
2013.08.19 13:29:28.006,0.94736,0.94748,1.43,2.18
2013.08.19 13:29:30.461,0.94738,0.94748,1.50,2.18
2013.08.19 13:29:30.965,0.94738,0.94748,1.50,2.18
2013.08.19 13:29:31.469,0.94738,0.94748,1.50,2.55
2013.08.19 13:29:32.055,0.94738,0.94748,1.50,2.55
2013.08.19 13:29:35.925,0.94737,0.94748,1.58,1.43
2013.08.19 13:29:36.675,0.94737,0.94748,1.58,1.80
2013.08.19 13:29:37.215,0.94734,0.94745,2.52,1.05
2013.08.19 13:29:37.745,0.94736,0.94745,1.50,1.05
2013.08.19 13:29:41.505,0.94736,0.94748,2.18,1.99
2013.08.19 13:29:42.006,0.94736,0.94747,1.50,1.24
2013.08.19 13:29:46.111,0.94737,0.94748,1.43,1.13
2013.08.19 13:29:47.225,0.94737,0.94748,1.50,1.13
2013.08.19 13:29:49.905,0.94735,0.94747,1.54,1.20
2013.08.19 13:29:50.086,0.94735,0.94747,1.54,1.20
2013.08.19 13:29:50.206,0.94735,0.94747,1.54,1.20
2013.08.19 13:29:50.758,0.94735,0.94747,1.54,1.20
2013.08.19 13:29:51.446,0.94736,0.94748,1.43,3.15
2013.08.19 13:29:51.506,0.94736,0.94748,1.43,1.80
2013.08.19 13:29:52.082,0.94736,0.94748,1.43,1.99
2013.08.19 13:29:54.673,0.94736,0.94748,1.43,1.80
2013.08.19 13:29:55.167,0.94735,0.94747,1.62,1.80
2013.08.19 13:30:00.330,0.94735,0.94748,1.62,1.80
2013.08.19 13:30:00.602,0.94734,0.94748,3.94,1.43
2013.08.19 13:30:01.177,0.94737,0.94748,1.80,1.50
2013.08.19 13:30:01.479,0.94738,0.94748,1.88,1.32
2013.08.19 13:30:02.016,0.94739,0.9475,1.43,1.69
2013.08.19 13:30:03.436,0.94738,0.9475,2.93,1.62
2013.08.19 13:30:04.715,0.94739,0.94751,2.10,1.39
2013.08.19 13:30:05.267,0.94738,0.9475,2.93,1.32
2013.08.19 13:30:05.816,0.94738,0.9475,2.18,2.07
2013.08.19 13:30:06.856,0.94738,0.94749,1.50,1.73
2013.08.19 13:30:07.556,0.94738,0.94748,1.50,1.05
2013.08.19 13:30:07.916,0.94733,0.94744,1.69,2.48
2013.08.19 13:30:08.096,0.94733,0.94743,1.69,1.43
2013.08.19 13:30:08.275,0.94732,0.94743,1.32,1.43
2013.08.19 13:30:08.729,0.94732,0.9474,1.13,3.30
2013.08.19 13:30:08.787,0.94726,0.94736,1.32,1.43
2013.08.19 13:30:09.325,0.94723,0.94735,1.43,1.24
2013.08.19 13:30:09.688,0.94724,0.94738,2.25,3.60
2013.08.19 13:30:09.867,0.94729,0.94738,1.58,1.62
2013.08.19 13:30:10.406,0.94729,0.94739,1.77,1.43
2013.08.19 13:30:24.367,0.94728,0.94737,1.62,1.13
2013.08.19 13:30:24.429,0.94728,0.94737,2.18,1.13
2013.08.19 13:30:24.497,0.94728,0.94737,2.18,1.13
2013.08.19 13:30:24.619,0.94728,0.94738,2.18,1.32
2013.08.19 13:30:24.796,0.94728,0.94736,1.43,1.50
2013.08.19 13:30:25.336,0.94725,0.94737,1.62,1.62
2013.08.19 13:30:25.877,0.94726,0.94737,1.50,1.32
2013.08.19 13:30:27.685,0.94723,0.94735,2.18,2.07
2013.08.19 13:30:29.337,0.94725,0.94735,1.43,1.50
2013.08.19 13:30:29.457,0.94725,0.94737,1.62,1.43
2013.08.19 13:30:29.637,0.94728,0.94738,1.43,1.20
2013.08.19 13:30:30.445,0.94728,0.94741,1.43,1.62
2013.08.19 13:30:33.166,0.94727,0.9474,2.93,2.48
2013.08.19 13:30:34.016,0.94727,0.94738,2.93,1.80
2013.08.19 13:30:37.136,0.94727,0.94738,1.43,3.87
2013.08.19 13:30:37.677,0.94724,0.94735,1.50,1.54
2013.08.19 13:30:38.819,0.94726,0.94738,1.43,2.82
2013.08.19 13:30:39.008,0.94727,0.94738,1.13,2.18
2013.08.19 13:30:39.187,0.94728,0.94739,1.69,1.13
2013.08.19 13:30:39.726,0.94727,0.94739,1.80,2.55
2013.08.19 13:30:40.526,0.94727,0.94739,2.93,1.43
2013.08.19 13:30:40.587,0.9473,0.9474,1.43,1.62
2013.08.19 13:30:40.956,0.9473,0.94743,1.43,1.62
2013.08.19 13:30:46.205,0.94731,0.94743,1.43,2.55
2013.08.19 13:30:50.857,0.94734,0.94743,2.25,2.18
2013.08.19 13:30:51.035,0.94736,0.94747,1.43,1.88
2013.08.19 13:30:51.575,0.94736,0.94748,2.10,1.05
2013.08.19 13:30:52.517,0.94737,0.94749,1.43,1.50
2013.08.19 13:30:54.718,0.94736,0.94747,1.43,1.43
2013.08.19 13:30:54.838,0.94733,0.94745,3.94,1.80
2013.08.19 13:30:56.447,0.94732,0.94743,1.69,1.13
2013.08.19 13:30:58.747,0.94733,0.94743,1.43,1.13
2013.08.19 13:31:00.076,0.94733,0.94743,1.43,1.13
2013.08.19 13:31:00.318,0.94733,0.94743,1.43,1.50
2013.08.19 13:31:00.567,0.94731,0.9474,1.43,1.32
2013.08.19 13:31:00.748,0.94732,0.94743,1.50,3.04
2013.08.19 13:31:00.867,0.94732,0.94743,1.50,1.62
2013.08.19 13:31:00.926,0.94732,0.9474,1.50,1.35
2013.08.19 13:31:01.167,0.94731,0.94742,2.25,1.35
2013.08.19 13:31:01.406,0.94731,0.94744,2.93,1.73
2013.08.19 13:31:01.639,0.94732,0.94746,1.80,1.92
2013.08.19 13:31:01.698,0.94734,0.94746,1.43,1.24
2013.08.19 13:31:02.236,0.94735,0.94747,1.43,1.13
2013.08.19 13:31:03.297,0.94736,0.94747,1.50,1.13
2013.08.19 13:31:03.598,0.94733,0.94745,1.50,1.32
2013.08.19 13:31:03.718,0.94733,0.94745,1.50,1.32
2013.08.19 13:31:04.836,0.94733,0.94745,1.43,2.07
2013.08.19 13:31:05.366,0.94733,0.94745,1.43,2.07
2013.08.19 13:31:05.726,0.94743,0.94752,1.43,1.32
2013.08.19 13:31:05.787,0.94743,0.94753,1.43,1.13
2013.08.19 13:31:05.907,0.94743,0.94753,1.43,1.13
2013.08.19 13:31:06.266,0.94738,0.94752,2.67,1.99
2013.08.19 13:31:06.826,0.94738,0.94752,2.67,1.99
2013.08.19 13:31:07.355,0.94738,0.94752,2.67,1.99
2013.08.19 13:31:07.836,0.94739,0.94752,1.43,1.99
2013.08.19 13:31:08.377,0.94739,0.94752,1.43,1.99
2013.08.19 13:31:09.759,0.94739,0.94752,1.43,2.18
2013.08.19 13:31:10.007,0.94736,0.94747,2.29,1.13
2013.08.19 13:31:10.128,0.94734,0.94747,1.35,1.32
2013.08.19 13:31:10.850,0.94734,0.94746,1.35,1.32
2013.08.19 13:31:10.920,0.94733,0.94745,1.43,2.07
2013.08.19 13:31:11.499,0.9473,0.94742,1.50,1.73
2013.08.19 13:31:12.064,0.9473,0.94743,2.37,1.05
2013.08.19 13:31:12.368,0.94725,0.94736,1.69,1.05
2013.08.19 13:31:12.677,0.94723,0.94736,1.69,1.05
2013.08.19 13:31:13.096,0.94722,0.94733,1.13,1.80
2013.08.19 13:31:13.398,0.94715,0.94722,1.50,1.50
2013.08.19 13:31:13.458,0.94709,0.94722,1.43,1.50
2013.08.19 13:31:13.517,0.9471,0.94723,1.50,1.54
2013.08.19 13:31:13.877,0.94711,0.94723,1.43,1.05
2013.08.19 13:31:14.356,0.94715,0.94726,1.13,1.54
2013.08.19 13:31:14.957,0.94715,0.94725,1.88,1.35
2013.08.19 13:31:16.806,0.94712,0.94723,1.88,1.35
2013.08.19 13:31:16.866,0.94712,0.94723,1.50,1.35
2013.08.19 13:31:17.046,0.9471,0.94723,1.88,1.92
2013.08.19 13:31:17.636,0.94707,0.94721,2.63,2.67
2013.08.19 13:31:17.696,0.94707,0.94719,1.58,1.54
2013.08.19 13:31:18.236,0.94708,0.94719,2.25,1.35
2013.08.19 13:31:18.791,0.94708,0.94719,2.25,1.35
2013.08.19 13:31:19.507,0.94709,0.9472,1.50,2.10
2013.08.19 13:31:21.225,0.94709,0.94719,1.50,1.35
2013.08.19 13:31:21.468,0.94708,0.94718,1.50,1.05
2013.08.19 13:31:21.586,0.94707,0.94717,3.00,1.05
2013.08.19 13:31:21.887,0.94704,0.94714,1.20,1.35
2013.08.19 13:31:22.257,0.94703,0.94712,2.10,1.35
2013.08.19 13:31:22.386,0.94704,0.94715,1.50,1.69
2013.08.19 13:31:22.446,0.94704,0.94713,1.50,1.35
2013.08.19 13:31:22.987,0.94701,0.94713,1.50,1.54
2013.08.19 13:31:23.926,0.94701,0.94714,2.18,1.43
2013.08.19 13:31:24.728,0.94701,0.94714,2.37,1.43
2013.08.19 13:31:25.266,0.94704,0.94717,2.18,1.05
2013.08.19 13:31:25.397,0.94704,0.94718,2.18,2.10
2013.08.19 13:31:26.626,0.94704,0.94717,1.43,1.43
2013.08.19 13:31:26.685,0.94704,0.94717,1.43,1.80
2013.08.19 13:31:26.987,0.94704,0.94717,2.18,2.55
2013.08.19 13:31:28.366,0.94705,0.94717,1.50,1.43
2013.08.19 13:31:30.615,0.94705,0.94718,1.50,2.29
2013.08.19 13:31:31.379,0.94705,0.94718,1.50,2.29
2013.08.19 13:31:32.476,0.94708,0.94719,1.13,3.12
2013.08.19 13:31:32.536,0.94708,0.94718,1.13,1.54
2013.08.19 13:31:35.335,0.94708,0.9472,1.13,1.35
2013.08.19 13:31:36.431,0.94704,0.9471,1.50,1.05
2013.08.19 13:31:36.498,0.94699,0.9471,1.58,1.80
2013.08.19 13:31:36.557,0.94697,0.94709,1.43,1.69
2013.08.19 13:31:36.677,0.94697,0.94706,1.43,1.13
2013.08.19 13:31:37.036,0.94696,0.94708,1.43,1.32
2013.08.19 13:31:37.158,0.94697,0.94709,1.43,1.24
2013.08.19 13:31:37.457,0.94695,0.94708,1.43,3.12
2013.08.19 13:31:37.575,0.94695,0.94708,1.43,2.37
2013.08.19 13:31:39.166,0.94694,0.94706,1.50,1.62
2013.08.19 13:31:39.717,0.94698,0.94706,1.13,1.62
2013.08.19 13:31:39.840,0.94703,0.94712,1.13,1.43
2013.08.19 13:31:40.027,0.94705,0.94716,1.35,1.13
2013.08.19 13:31:40.147,0.94706,0.94719,1.43,2.37
2013.08.19 13:31:40.718,0.94706,0.94718,1.43,1.43
2013.08.19 13:31:41.770,0.94706,0.94718,1.43,1.24
2013.08.19 13:31:41.839,0.94705,0.94717,1.35,1.13
2013.08.19 13:31:42.315,0.94703,0.94716,2.67,1.88
2013.08.19 13:31:45.115,0.94704,0.94717,1.62,1.20
2013.08.19 13:31:46.087,0.94704,0.94717,1.62,1.50
2013.08.19 13:31:46.773,0.94703,0.94716,1.99,1.50
2013.08.19 13:31:47.019,0.94703,0.94715,1.32,1.35
2013.08.19 13:31:48.008,0.94703,0.94715,1.32,1.35
2013.08.19 13:31:48.516,0.94703,0.94715,1.13,1.35
2013.08.19 13:31:49.729,0.94702,0.94713,1.13,1.35
2013.08.19 13:31:50.459,0.94701,0.94714,2.37,1.35
2013.08.19 13:31:50.946,0.94701,0.94714,2.37,1.05
2013.08.19 13:31:51.646,0.94701,0.94714,2.37,1.43
2013.08.19 13:31:51.706,0.94702,0.94715,1.50,3.42
2013.08.19 13:31:51.885,0.94704,0.94716,1.35,2.07
2013.08.19 13:31:54.276,0.94707,0.94717,1.35,1.50
2013.08.19 13:31:54.457,0.94708,0.94718,1.13,1.35
2013.08.19 13:31:54.577,0.94711,0.9472,1.43,1.50
2013.08.19 13:31:54.696,0.94712,0.94724,1.43,1.02
2013.08.19 13:31:55.207,0.94712,0.94724,1.43,1.02
2013.08.19 13:31:58.825,0.94712,0.94725,1.62,2.18
2013.08.19 13:31:59.079,0.94714,0.94725,2.22,2.18
2013.08.19 13:31:59.198,0.94716,0.94728,2.07,1.43
2013.08.19 13:31:59.258,0.94718,0.94728,2.37,1.43
2013.08.19 13:31:59.437,0.94721,0.94734,1.43,2.07
2013.08.19 13:31:59.995,0.94723,0.94734,1.43,1.39
2013.08.19 13:32:00.888,0.94723,0.94734,1.43,1.58
2013.08.19 13:32:00.959,0.94721,0.94734,1.43,1.50
2013.08.19 13:32:01.028,0.9472,0.94734,1.54,1.88
2013.08.19 13:32:01.099,0.9472,0.94729,1.54,1.13
2013.08.19 13:32:01.469,0.94717,0.94726,1.43,1.13
2013.08.19 13:32:01.537,0.94716,0.94726,1.35,1.13
2013.08.19 13:32:01.658,0.94717,0.94727,1.43,1.58
2013.08.19 13:32:01.957,0.94719,0.94729,1.35,1.69
2013.08.19 13:32:02.287,0.9472,0.94729,1.35,1.69
2013.08.19 13:32:02.818,0.9472,0.94729,1.35,1.69
2013.08.19 13:32:03.178,0.94718,0.94726,1.35,1.62
2013.08.19 13:32:03.476,0.94715,0.94725,1.43,1.73
2013.08.19 13:32:03.596,0.94715,0.94725,2.37,1.73
2013.08.19 13:32:03.878,0.94718,0.94729,1.43,1.32
2013.08.19 13:32:04.416,0.94719,0.94731,1.35,1.39
2013.08.19 13:32:04.917,0.94719,0.94731,1.35,1.20
2013.08.19 13:32:05.207,0.94717,0.94728,2.37,1.13
2013.08.19 13:32:06.136,0.94717,0.94728,2.37,1.13
2013.08.19 13:32:06.827,0.94716,0.94728,2.37,2.63
2013.08.19 13:32:10.048,0.94716,0.94728,2.37,1.88
2013.08.19 13:32:18.196,0.94715,0.94728,2.18,2.07
2013.08.19 13:32:18.556,0.94711,0.94723,1.43,1.13
2013.08.19 13:32:22.158,0.94711,0.94723,1.43,1.39
2013.08.19 13:32:22.277,0.94711,0.94723,1.43,1.39
2013.08.19 13:32:22.399,0.9471,0.94722,1.35,1.32
2013.08.19 13:32:22.636,0.94708,0.94722,3.04,2.55
2013.08.19 13:32:22.876,0.94708,0.94721,1.62,1.43
2013.08.19 13:32:24.166,0.94707,0.9472,2.37,1.80
2013.08.19 13:32:24.406,0.94705,0.94716,1.35,1.13
2013.08.19 13:32:24.466,0.94704,0.94717,1.50,2.18
2013.08.19 13:32:24.586,0.94706,0.94718,1.43,1.99
2013.08.19 13:32:25.566,0.94707,0.94718,1.50,2.07
2013.08.19 13:32:26.106,0.94705,0.94718,1.43,3.12
2013.08.19 13:32:26.526,0.94704,0.94717,1.43,1.99
2013.08.19 13:32:27.257,0.94704,0.94717,2.93,1.24
2013.08.19 13:32:27.817,0.94707,0.94717,2.18,1.43
2013.08.19 13:32:31.366,0.94707,0.94719,2.18,1.13
2013.08.19 13:32:31.785,0.94707,0.94723,2.18,2.55
2013.08.19 13:32:32.026,0.94716,0.94725,1.43,2.25
2013.08.19 13:32:32.149,0.94716,0.94728,1.43,2.37
2013.08.19 13:32:32.693,0.94717,0.94729,1.43,1.69
2013.08.19 13:32:33.469,0.94717,0.9473,1.43,1.62
2013.08.19 13:32:34.886,0.94717,0.94731,2.55,2.37
2013.08.19 13:32:35.006,0.94719,0.94731,1.43,1.62
2013.08.19 13:32:36.176,0.94721,0.94734,1.43,1.54
2013.08.19 13:32:38.297,0.94722,0.94734,1.50,1.54
2013.08.19 13:32:39.096,0.94719,0.94732,3.12,2.25
2013.08.19 13:32:39.156,0.94719,0.9473,2.44,1.43
2013.08.19 13:32:39.276,0.94719,0.94731,1.50,1.43
2013.08.19 13:32:40.287,0.9472,0.94731,1.50,1.43
2013.08.19 13:32:41.116,0.94719,0.94731,1.50,1.35
2013.08.19 13:32:41.357,0.94718,0.94731,1.50,1.54
2013.08.19 13:32:43.955,0.94719,0.94729,1.50,1.43
2013.08.19 13:32:44.256,0.94718,0.94731,2.37,1.54
2013.08.19 13:32:45.066,0.94718,0.9473,2.37,1.50
2013.08.19 13:32:45.606,0.94718,0.94728,1.69,1.43
2013.08.19 13:32:45.966,0.94716,0.94727,1.43,1.62
2013.08.19 13:32:46.216,0.94714,0.94727,3.30,1.54
2013.08.19 13:32:47.396,0.94715,0.94726,1.50,2.78
2013.08.19 13:32:47.456,0.94715,0.94725,1.50,1.35
2013.08.19 13:32:47.996,0.94712,0.94723,1.13,1.54
2013.08.19 13:32:50.686,0.94712,0.94723,1.13,1.35
2013.08.19 13:32:51.166,0.94712,0.94725,1.99,1.43
2013.08.19 13:32:51.346,0.94712,0.94724,1.32,1.35
2013.08.19 13:32:56.048,0.94714,0.94724,1.13,1.35
2013.08.19 13:32:56.349,0.94717,0.94729,1.43,2.29
2013.08.19 13:32:56.907,0.94717,0.9473,1.62,1.43
2013.08.19 13:32:57.887,0.94718,0.9473,1.69,1.43
2013.08.19 13:32:58.366,0.94715,0.94726,1.50,1.35
2013.08.19 13:32:59.410,0.94714,0.94726,2.44,1.35
2013.08.19 13:32:59.600,0.94715,0.94725,1.58,1.54
2013.08.19 13:32:59.728,0.94713,0.94725,1.69,1.54
2013.08.19 13:33:01.936,0.94713,0.94725,1.50,1.54
2013.08.19 13:33:02.537,0.94713,0.94725,1.50,1.54
2013.08.19 13:33:03.468,0.94714,0.94725,1.50,2.29
2013.08.19 13:33:03.976,0.94716,0.94728,1.62,1.43
2013.08.19 13:33:04.616,0.94716,0.94728,1.62,2.55
2013.08.19 13:33:04.856,0.94708,0.94719,2.44,1.05
2013.08.19 13:33:04.976,0.94707,0.94719,1.69,1.05
2013.08.19 13:33:05.036,0.94707,0.94719,1.69,1.05
2013.08.19 13:33:05.156,0.94705,0.94714,2.25,1.13
2013.08.19 13:33:05.337,0.94701,0.94712,1.62,2.18
2013.08.19 13:33:05.920,0.94702,0.94714,1.50,1.43
2013.08.19 13:33:07.396,0.94703,0.94715,1.50,2.10
2013.08.19 13:33:12.546,0.94703,0.94715,2.25,1.54
2013.08.19 13:33:13.828,0.94704,0.94716,1.50,1.43
2013.08.19 13:33:14.458,0.94706,0.94718,1.13,1.43
2013.08.19 13:33:14.517,0.94706,0.94719,2.07,1.35
2013.08.19 13:33:14.578,0.94708,0.94721,1.43,1.43
2013.08.19 13:33:14.936,0.94708,0.9472,1.50,1.54
2013.08.19 13:33:16.338,0.94708,0.9472,3.00,1.35
2013.08.19 13:33:16.456,0.94708,0.94722,4.24,2.93
2013.08.19 13:33:17.387,0.94709,0.94721,2.25,1.24
2013.08.19 13:33:17.746,0.9471,0.94719,1.50,1.43
2013.08.19 13:33:18.269,0.94708,0.94719,1.50,1.43
2013.08.19 13:33:18.387,0.94708,0.94719,1.50,1.43
2013.08.19 13:33:18.688,0.94708,0.9472,1.43,1.43
2013.08.19 13:33:20.260,0.9471,0.94722,1.50,1.43
2013.08.19 13:33:20.626,0.94709,0.94721,1.43,1.13
2013.08.19 13:33:21.236,0.94709,0.94721,1.43,1.13
2013.08.19 13:33:22.211,0.94708,0.9472,2.85,1.20
2013.08.19 13:33:22.579,0.94708,0.94716,1.50,1.43
2013.08.19 13:33:24.196,0.94708,0.94719,1.50,1.84
2013.08.19 13:33:24.706,0.94709,0.94719,1.50,1.32
2013.08.19 13:33:25.127,0.94712,0.94722,1.50,2.44
2013.08.19 13:33:25.547,0.94713,0.94723,2.18,1.13
2013.08.19 13:33:26.237,0.94713,0.94725,2.18,1.02
2013.08.19 13:33:26.768,0.94713,0.94725,2.93,1.39
2013.08.19 13:33:27.600,0.94713,0.94725,2.93,1.02
2013.08.19 13:33:27.668,0.94713,0.94725,2.93,1.02
2013.08.19 13:33:28.286,0.94713,0.94726,3.12,1.50
2013.08.19 13:33:29.020,0.94717,0.94727,1.50,1.62
2013.08.19 13:33:33.196,0.94713,0.94726,1.43,2.07
2013.08.19 13:33:33.317,0.94712,0.94724,1.69,1.43
2013.08.19 13:33:35.586,0.94712,0.94724,2.25,1.43
2013.08.19 13:33:40.459,0.94711,0.94724,1.43,1.80
2013.08.19 13:33:40.768,0.9471,0.94721,1.50,1.99
2013.08.19 13:33:40.828,0.9471,0.94722,1.50,1.99
2013.08.19 13:33:41.376,0.94711,0.94722,2.18,1.13
2013.08.19 13:33:42.016,0.94711,0.94723,2.18,1.50
2013.08.19 13:33:43.266,0.9471,0.94722,1.69,2.10
2013.08.19 13:33:49.638,0.94713,0.94722,1.13,2.10
2013.08.19 13:33:49.877,0.94716,0.94726,1.43,2.18
2013.08.19 13:33:50.056,0.94718,0.9473,1.43,1.43
2013.08.19 13:33:50.626,0.94718,0.94731,1.43,1.50
2013.08.19 13:33:54.176,0.94716,0.9473,1.62,1.35
2013.08.19 13:33:58.988,0.94718,0.94731,2.18,1.88
2013.08.19 13:34:04.018,0.94718,0.94729,1.43,1.13
2013.08.19 13:34:04.376,0.94715,0.94727,2.37,1.99
2013.08.19 13:34:06.436,0.94716,0.94727,2.18,1.13
2013.08.19 13:34:06.683,0.94718,0.9473,1.43,2.37
2013.08.19 13:34:08.009,0.94718,0.94732,2.85,3.68
2013.08.19 13:34:09.007,0.94718,0.94731,2.85,1.58
2013.08.19 13:34:10.788,0.94719,0.94732,1.43,1.73
2013.08.19 13:34:10.968,0.94725,0.94733,1.73,1.35
2013.08.19 13:34:11.207,0.94728,0.9474,1.43,1.50
2013.08.19 13:34:11.718,0.94727,0.94739,1.32,1.43
2013.08.19 13:34:14.586,0.94728,0.94741,1.43,2.29
2013.08.19 13:34:15.249,0.94729,0.94742,1.43,2.74
2013.08.19 13:34:16.018,0.94731,0.94743,2.40,1.05
2013.08.19 13:34:16.436,0.94729,0.94741,1.50,1.43
2013.08.19 13:34:17.126,0.94729,0.94741,2.25,1.43
2013.08.19 13:34:19.109,0.94733,0.94742,1.35,2.10
2013.08.19 13:34:19.480,0.94733,0.94743,1.50,1.05
2013.08.19 13:34:19.786,0.9473,0.94742,1.43,1.05
2013.08.19 13:34:20.289,0.94731,0.94741,1.50,1.32
2013.08.19 13:34:20.588,0.94731,0.94742,1.50,1.62
2013.08.19 13:34:23.220,0.94732,0.94744,1.43,1.62
2013.08.19 13:34:23.347,0.94733,0.94746,1.43,2.74
2013.08.19 13:34:23.470,0.94734,0.94747,1.24,3.04
2013.08.19 13:34:23.657,0.94738,0.94749,1.43,1.43
2013.08.19 13:34:24.187,0.94738,0.94751,2.10,1.99
2013.08.19 13:34:24.250,0.94739,0.94751,1.43,1.99
2013.08.19 13:34:24.797,0.94742,0.94754,1.43,2.07
2013.08.19 13:34:24.856,0.94742,0.94754,1.43,2.07
2013.08.19 13:34:29.600,0.94741,0.94754,1.50,1.62
2013.08.19 13:34:30.150,0.94745,0.94758,1.62,2.55
2013.08.19 13:34:30.668,0.94746,0.9476,1.80,1.99
2013.08.19 13:34:31.208,0.94749,0.94762,1.62,1.88
2013.08.19 13:34:31.567,0.94746,0.94758,1.69,2.55
2013.08.19 13:34:32.077,0.94745,0.94757,1.99,1.50
2013.08.19 13:34:32.437,0.94742,0.94755,1.69,2.10
2013.08.19 13:34:32.617,0.94742,0.94755,1.69,1.35
2013.08.19 13:34:32.918,0.94743,0.94753,2.07,1.35
2013.08.19 13:34:35.406,0.94742,0.94752,2.25,1.35
2013.08.19 13:34:35.826,0.94742,0.94754,1.50,2.48
2013.08.19 13:34:36.959,0.94742,0.94753,1.50,1.05
2013.08.19 13:34:37.439,0.94738,0.9475,2.37,1.62
2013.08.19 13:34:37.558,0.94738,0.9475,1.43,1.62
2013.08.19 13:34:38.106,0.94734,0.94747,3.12,1.43
2013.08.19 13:34:38.650,0.94735,0.94748,1.69,1.43
2013.08.19 13:34:41.107,0.94736,0.94748,1.62,1.80
2013.08.19 13:34:42.066,0.94736,0.94747,1.62,1.69
2013.08.19 13:34:42.497,0.94733,0.94746,3.72,1.35
2013.08.19 13:34:42.557,0.94734,0.94747,1.99,1.35
2013.08.19 13:34:42.677,0.94737,0.94749,2.93,1.43
2013.08.19 13:34:42.796,0.94738,0.94751,1.43,2.55
2013.08.19 13:34:42.980,0.94738,0.94751,1.43,1.80
2013.08.19 13:34:44.698,0.94739,0.94753,1.50,1.80
2013.08.19 13:34:44.877,0.94743,0.94753,1.13,1.54
2013.08.19 13:34:44.997,0.94746,0.94756,1.43,1.62
2013.08.19 13:34:45.060,0.94744,0.94756,1.80,1.62
2013.08.19 13:34:45.129,0.94746,0.94758,1.24,1.13
2013.08.19 13:34:45.307,0.94748,0.94761,1.80,2.29
2013.08.19 13:34:45.426,0.94748,0.94761,1.43,1.62
2013.08.19 13:34:45.547,0.94747,0.94761,1.43,1.62
2013.08.19 13:34:45.849,0.94744,0.94757,1.32,1.54
2013.08.19 13:34:46.328,0.94745,0.94757,1.62,1.62
2013.08.19 13:34:46.387,0.94746,0.94758,1.50,2.48
2013.08.19 13:34:46.686,0.94744,0.94755,1.62,1.88
2013.08.19 13:34:46.806,0.94743,0.94755,1.50,2.55
2013.08.19 13:34:47.706,0.94742,0.94754,1.50,1.05
2013.08.19 13:34:47.928,0.9474,0.94753,1.62,1.05
2013.08.19 13:34:48.286,0.94738,0.94752,1.43,3.04
2013.08.19 13:34:48.346,0.94737,0.94752,2.44,3.42
2013.08.19 13:34:48.647,0.94738,0.9475,1.50,1.35
2013.08.19 13:34:48.766,0.94738,0.94752,2.18,3.42
2013.08.19 13:34:49.279,0.94738,0.94752,2.18,3.23
2013.08.19 13:34:49.396,0.94738,0.94751,2.18,1.62
2013.08.19 13:34:49.820,0.94741,0.94752,1.43,1.88
2013.08.19 13:34:50.057,0.94741,0.94753,2.37,1.13
2013.08.19 13:34:50.685,0.94743,0.94753,1.50,1.80
2013.08.19 13:34:50.832,0.94738,0.9475,3.12,1.50
2013.08.19 13:34:51.172,0.94738,0.9475,1.62,1.50
2013.08.19 13:34:52.666,0.94738,0.9475,2.18,1.50
2013.08.19 13:34:53.087,0.94738,0.94749,1.50,1.43
2013.08.19 13:34:53.388,0.94739,0.94749,1.50,1.43
2013.08.19 13:34:53.736,0.94739,0.94748,1.50,1.35
2013.08.19 13:34:54.147,0.94738,0.94748,1.50,1.35
2013.08.19 13:34:54.688,0.94738,0.94747,1.50,1.43
2013.08.19 13:34:55.209,0.94736,0.94747,1.50,1.43
2013.08.19 13:34:55.727,0.94736,0.94748,1.50,2.37
2013.08.19 13:34:56.527,0.94735,0.94747,1.43,1.13
2013.08.19 13:34:56.647,0.94734,0.94746,1.43,1.05
2013.08.19 13:34:56.887,0.94729,0.94743,3.12,1.92
2013.08.19 13:34:56.947,0.9473,0.94742,1.13,1.43
2013.08.19 13:34:57.307,0.94733,0.94745,1.50,1.50
2013.08.19 13:35:01.116,0.94732,0.94746,1.43,3.42
2013.08.19 13:35:01.237,0.9473,0.94743,2.10,1.62
2013.08.19 13:35:01.356,0.9473,0.94743,1.43,1.62
2013.08.19 13:35:03.078,0.94733,0.94744,1.50,1.62
2013.08.19 13:35:05.286,0.94733,0.94744,1.50,1.62
2013.08.19 13:35:05.816,0.94733,0.94746,1.50,1.69
2013.08.19 13:35:06.117,0.94736,0.94749,1.43,1.99
2013.08.19 13:35:08.497,0.94736,0.94749,2.18,1.80
2013.08.19 13:35:12.846,0.94736,0.94749,3.12,1.62
2013.08.19 13:35:14.086,0.94739,0.94751,1.50,1.62
2013.08.19 13:35:14.628,0.94738,0.94751,2.18,1.62
2013.08.19 13:35:15.376,0.9474,0.94751,1.50,1.43
2013.08.19 13:35:16.310,0.94742,0.94752,1.99,1.35
2013.08.19 13:35:16.608,0.94746,0.9476,2.74,1.54
2013.08.19 13:35:16.726,0.94746,0.94759,2.74,1.43
2013.08.19 13:35:16.847,0.94746,0.94757,1.13,1.43
2013.08.19 13:35:17.027,0.94743,0.94757,3.04,1.43
2013.08.19 13:35:17.388,0.94742,0.94753,1.88,1.43
2013.08.19 13:35:17.691,0.94742,0.94752,1.69,1.50
2013.08.19 13:35:17.997,0.9474,0.94752,1.62,3.23
2013.08.19 13:35:18.178,0.94739,0.94751,2.85,1.05
2013.08.19 13:35:21.118,0.94739,0.94752,1.62,2.48
2013.08.19 13:35:21.686,0.94739,0.94752,2.37,2.48
2013.08.19 13:35:21.927,0.94744,0.94753,1.13,2.67
2013.08.19 13:35:22.047,0.94744,0.94754,1.13,1.35
2013.08.19 13:35:22.167,0.94746,0.94756,1.50,1.54
2013.08.19 13:35:22.226,0.94745,0.94757,1.62,1.62
2013.08.19 13:35:22.586,0.94743,0.94756,1.69,2.29
2013.08.19 13:35:22.766,0.94743,0.94754,1.69,1.35
2013.08.19 13:35:23.676,0.94742,0.94755,2.44,1.43
2013.08.19 13:35:24.330,0.94742,0.94755,1.62,2.25
2013.08.19 13:35:24.568,0.94744,0.94756,1.13,2.29
2013.08.19 13:35:25.467,0.94749,0.94759,1.50,1.35
2013.08.19 13:35:25.707,0.94754,0.94766,2.18,1.62
2013.08.19 13:35:25.767,0.94754,0.94767,2.18,2.29
2013.08.19 13:35:29.247,0.94754,0.94767,2.25,2.10
2013.08.19 13:35:29.427,0.94754,0.94767,1.58,2.10
2013.08.19 13:35:30.436,0.94753,0.94764,1.69,1.05
2013.08.19 13:35:30.497,0.94752,0.94764,2.37,1.43
2013.08.19 13:35:30.616,0.94749,0.94761,2.10,1.13
2013.08.19 13:35:30.737,0.94746,0.9476,1.62,1.92
2013.08.19 13:35:30.857,0.94749,0.94759,1.32,1.43
2013.08.19 13:35:31.036,0.94753,0.94764,1.50,1.43
2013.08.19 13:35:31.157,0.94753,0.94763,2.18,1.13
2013.08.19 13:35:31.276,0.94749,0.9476,1.43,1.13
2013.08.19 13:35:31.397,0.94746,0.94757,1.35,1.88
2013.08.19 13:35:31.456,0.94743,0.94757,3.60,2.55
2013.08.19 13:35:31.636,0.94742,0.94755,1.43,2.10
2013.08.19 13:35:33.076,0.94741,0.94754,1.50,1.43
2013.08.19 13:35:33.616,0.94742,0.94755,1.43,2.48
2013.08.19 13:35:36.476,0.94743,0.94754,1.50,1.05
2013.08.19 13:35:38.508,0.9474,0.94753,1.43,1.62
2013.08.19 13:35:43.876,0.94743,0.94755,2.93,1.50
2013.08.19 13:35:47.948,0.94743,0.94755,2.18,2.29
2013.08.19 13:35:48.249,0.94737,0.94749,2.29,1.13
2013.08.19 13:35:48.799,0.94738,0.94751,2.10,2.37
2013.08.19 13:35:49.158,0.94742,0.94751,1.13,1.35
2013.08.19 13:35:49.549,0.94748,0.94754,1.50,1.50
2013.08.19 13:35:50.277,0.94748,0.9476,1.50,2.29
2013.08.19 13:35:50.807,0.94749,0.9476,1.50,3.04
2013.08.19 13:35:50.867,0.94752,0.9476,1.50,2.29
2013.08.19 13:35:51.227,0.94758,0.94767,2.25,1.05
2013.08.19 13:35:51.407,0.94758,0.9477,2.25,1.80
2013.08.19 13:35:51.827,0.94759,0.94769,1.50,3.15
2013.08.19 13:35:52.566,0.94758,0.94766,1.50,1.35
2013.08.19 13:35:54.829,0.94758,0.94767,1.50,1.35
2013.08.19 13:35:56.236,0.94756,0.94767,1.50,1.43
2013.08.19 13:35:56.537,0.94752,0.9476,1.43,2.10
2013.08.19 13:35:56.657,0.94749,0.94757,1.50,1.73
2013.08.19 13:35:56.717,0.94747,0.94757,1.50,1.73
2013.08.19 13:35:59.900,0.94748,0.94757,1.88,1.43
2013.08.19 13:35:59.967,0.94752,0.9476,1.50,1.92
2013.08.19 13:36:00.387,0.94748,0.94759,2.44,1.54
2013.08.19 13:36:00.567,0.94747,0.94759,1.69,1.54
2013.08.19 13:36:02.246,0.94747,0.94759,2.44,1.54
2013.08.19 13:36:02.606,0.94752,0.94763,1.69,2.10
2013.08.19 13:36:02.726,0.94753,0.94763,1.50,1.35
2013.08.19 13:36:02.848,0.94753,0.94763,1.50,1.35
2013.08.19 13:36:03.387,0.94757,0.94766,1.50,1.73
2013.08.19 13:36:04.226,0.94757,0.94767,1.50,2.18
2013.08.19 13:36:05.917,0.94754,0.94767,2.37,2.18
2013.08.19 13:36:08.006,0.94754,0.94767,2.37,2.18
2013.08.19 13:36:08.316,0.94754,0.94765,1.69,1.80
2013.08.19 13:36:10.259,0.94754,0.94765,1.69,1.73
2013.08.19 13:36:10.499,0.94752,0.94762,1.43,1.13
2013.08.19 13:36:10.677,0.94749,0.94761,2.52,2.48
2013.08.19 13:36:10.737,0.94748,0.94758,1.77,1.35
2013.08.19 13:36:11.037,0.94748,0.94761,2.44,1.05
2013.08.19 13:36:11.570,0.9475,0.94762,1.43,2.63
2013.08.19 13:36:13.986,0.94749,0.94761,2.18,1.05
2013.08.19 13:36:14.857,0.9475,0.94761,1.50,1.73
2013.08.19 13:36:15.096,0.94753,0.94763,1.62,1.43
2013.08.19 13:36:15.606,0.94753,0.94766,2.29,1.62
2013.08.19 13:36:16.448,0.94753,0.94763,1.35,1.13
2013.08.19 13:36:16.686,0.94751,0.94763,1.43,1.73
2013.08.19 13:36:17.196,0.94751,0.94763,1.43,3.08
2013.08.19 13:36:17.437,0.94755,0.94764,1.35,1.13
2013.08.19 13:36:17.497,0.94753,0.94764,3.04,1.13
2013.08.19 13:36:17.796,0.94754,0.94765,1.43,1.88
2013.08.19 13:36:19.060,0.94753,0.94765,2.29,1.88
2013.08.19 13:36:19.397,0.94753,0.94765,2.37,1.80
2013.08.19 13:36:19.936,0.94753,0.94765,3.12,1.43
2013.08.19 13:36:21.566,0.94753,0.94766,3.12,1.80
2013.08.19 13:36:21.867,0.94753,0.94762,1.50,1.13
2013.08.19 13:36:21.986,0.94749,0.94761,2.52,1.05
2013.08.19 13:36:22.530,0.94749,0.94761,1.58,1.24
2013.08.19 13:36:23.017,0.94748,0.9476,1.50,1.35
2013.08.19 13:36:28.218,0.94748,0.9476,3.38,1.35
2013.08.19 13:36:28.577,0.94758,0.94766,1.50,1.35
2013.08.19 13:36:29.416,0.94757,0.94763,1.50,1.35
2013.08.19 13:36:30.118,0.94758,0.94764,1.50,1.35
2013.08.19 13:36:30.846,0.94758,0.94766,1.50,2.48
2013.08.19 13:36:31.468,0.94758,0.94766,1.50,2.48
2013.08.19 13:36:33.356,0.94758,0.94766,1.50,2.48
2013.08.19 13:36:33.627,0.94753,0.94765,2.25,1.24
2013.08.19 13:36:33.687,0.94753,0.94765,1.50,1.24
2013.08.19 13:36:34.107,0.94751,0.94762,1.43,1.39
2013.08.19 13:36:37.615,0.94752,0.94763,1.50,1.24
2013.08.19 13:36:38.177,0.94753,0.94765,1.50,2.74
2013.08.19 13:36:38.237,0.94754,0.94765,1.50,2.74
2013.08.19 13:36:38.357,0.94757,0.94767,1.43,1.32
2013.08.19 13:36:38.906,0.94757,0.94767,1.43,1.13
2013.08.19 13:36:40.166,0.94755,0.94766,1.50,1.13
2013.08.19 13:36:40.227,0.94754,0.94766,1.62,1.13
2013.08.19 13:36:41.866,0.94755,0.94766,1.50,2.18
2013.08.19 13:36:42.048,0.94756,0.94767,1.50,1.99
2013.08.19 13:36:42.836,0.94756,0.94766,1.50,1.13
2013.08.19 13:36:42.896,0.94754,0.94766,1.54,1.88
2013.08.19 13:36:43.016,0.94753,0.94765,1.43,1.24
2013.08.19 13:36:43.318,0.9475,0.94763,2.29,1.88
2013.08.19 13:36:44.326,0.9475,0.94762,1.54,1.20
2013.08.19 13:36:44.837,0.94749,0.94762,2.37,1.88
2013.08.19 13:36:47.396,0.94749,0.94762,2.37,1.50
2013.08.19 13:36:47.697,0.94756,0.94763,1.50,1.35
2013.08.19 13:36:47.817,0.94756,0.94765,1.50,1.43
2013.08.19 13:36:49.757,0.94754,0.94766,1.69,1.35
2013.08.19 13:36:50.251,0.94756,0.94766,1.50,1.35
2013.08.19 13:36:50.558,0.94763,0.94771,1.50,1.80
2013.08.19 13:36:51.119,0.94763,0.94772,1.50,1.05
2013.08.19 13:36:51.238,0.94763,0.94773,1.50,1.54
2013.08.19 13:36:51.478,0.94763,0.94776,1.50,1.73
2013.08.19 13:36:51.996,0.94765,0.94777,1.43,1.62
2013.08.19 13:36:53.068,0.94765,0.94777,1.43,1.43
2013.08.19 13:36:53.197,0.94763,0.94776,2.18,1.35
2013.08.19 13:36:53.888,0.94763,0.94776,2.93,1.35
2013.08.19 13:36:53.947,0.94763,0.94776,2.93,1.35
2013.08.19 13:36:54.221,0.94768,0.94781,1.35,2.18
2013.08.19 13:36:54.726,0.94769,0.94781,1.62,2.03
2013.08.19 13:36:55.756,0.94769,0.94781,1.62,1.73
2013.08.19 13:36:56.116,0.94767,0.9478,2.37,2.18
2013.08.19 13:36:58.666,0.94768,0.94781,1.43,4.35
2013.08.19 13:37:00.797,0.94768,0.94781,1.43,2.48
2013.08.19 13:37:00.917,0.9477,0.94781,1.35,1.80
2013.08.19 13:37:01.356,0.94771,0.94781,1.43,1.80
2013.08.19 13:37:01.657,0.94776,0.94787,2.85,1.50
2013.08.19 13:37:01.717,0.94777,0.94789,1.43,1.80
2013.08.19 13:37:02.261,0.94778,0.94792,2.10,4.28
2013.08.19 13:37:02.807,0.94779,0.94792,2.85,3.53
2013.08.19 13:37:03.227,0.94778,0.9479,1.50,1.54
2013.08.19 13:37:03.747,0.94778,0.9479,1.50,1.35
2013.08.19 13:37:03.927,0.94776,0.94788,1.58,2.10
2013.08.19 13:37:04.582,0.94774,0.94787,2.82,1.35
2013.08.19 13:37:04.968,0.94774,0.94787,1.69,2.10
2013.08.19 13:37:05.027,0.94774,0.94787,1.50,2.10
2013.08.19 13:37:05.146,0.94774,0.94787,1.50,2.10
2013.08.19 13:37:05.897,0.94772,0.94784,3.12,1.28
2013.08.19 13:37:06.259,0.94769,0.94782,1.43,2.37
2013.08.19 13:37:06.567,0.94765,0.94778,1.62,1.43
2013.08.19 13:37:07.088,0.94767,0.94779,1.50,1.35
2013.08.19 13:37:07.507,0.94768,0.94781,2.18,2.10
2013.08.19 13:37:08.136,0.94768,0.9478,1.50,1.35
2013.08.19 13:37:09.437,0.94768,0.9478,2.18,1.35
2013.08.19 13:37:10.227,0.94769,0.94781,1.50,1.35
2013.08.19 13:37:10.706,0.94766,0.94778,1.50,1.43
2013.08.19 13:37:11.458,0.94765,0.94778,1.43,1.80
2013.08.19 13:37:13.037,0.94766,0.94779,1.58,3.42
2013.08.19 13:37:13.097,0.94766,0.94778,1.50,1.43
2013.08.19 13:37:13.578,0.94767,0.9478,3.12,1.54
2013.08.19 13:37:17.409,0.94767,0.9478,2.18,1.54
2013.08.19 13:37:17.946,0.94772,0.94782,1.50,1.35
2013.08.19 13:37:19.732,0.9477,0.94782,1.50,2.10
2013.08.19 13:37:19.919,0.9477,0.9478,1.50,1.35
2013.08.19 13:37:19.977,0.94768,0.9478,2.25,1.35
2013.08.19 13:37:24.927,0.9477,0.9478,2.18,1.35
2013.08.19 13:37:25.167,0.94773,0.94785,1.35,1.13
2013.08.19 13:37:25.406,0.9477,0.94783,1.43,1.69
2013.08.19 13:37:25.587,0.94768,0.94782,2.37,3.04
2013.08.19 13:37:25.887,0.94769,0.94783,1.62,1.43
2013.08.19 13:37:26.438,0.9477,0.94782,1.43,1.43
2013.08.19 13:37:26.978,0.9477,0.94783,1.35,1.77
2013.08.19 13:37:27.517,0.94771,0.94783,1.43,1.77
2013.08.19 13:37:28.817,0.9477,0.94783,2.10,1.77
2013.08.19 13:37:29.119,0.94768,0.94781,2.18,1.84
2013.08.19 13:37:33.797,0.94766,0.94777,1.43,2.18
2013.08.19 13:37:34.157,0.94757,0.9477,1.43,1.35
2013.08.19 13:37:34.279,0.94759,0.94772,1.35,2.74
2013.08.19 13:37:34.636,0.94757,0.94771,2.10,2.25
2013.08.19 13:37:34.697,0.94758,0.94772,1.43,3.87
2013.08.19 13:37:34.757,0.94758,0.94772,2.18,3.12
2013.08.19 13:37:38.067,0.94761,0.94774,1.62,1.13
2013.08.19 13:37:38.597,0.94763,0.94774,1.43,1.13
2013.08.19 13:37:41.156,0.94762,0.94774,2.10,1.13
2013.08.19 13:37:41.669,0.94763,0.94776,1.43,1.62
2013.08.19 13:37:42.103,0.94761,0.94775,1.43,1.35
2013.08.19 13:37:42.357,0.94764,0.94777,1.43,2.82
2013.08.19 13:37:42.819,0.94764,0.94776,1.43,1.77
2013.08.19 13:37:43.057,0.9476,0.94772,2.18,1.35
2013.08.19 13:37:43.116,0.9476,0.94772,1.43,2.22
2013.08.19 13:37:43.596,0.94761,0.94772,1.35,1.54
2013.08.19 13:37:44.917,0.94762,0.94773,1.43,2.29
2013.08.19 13:37:45.036,0.94762,0.94774,2.18,1.69
2013.08.19 13:37:45.587,0.94763,0.94777,2.10,3.42
2013.08.19 13:37:46.163,0.94764,0.94777,1.43,3.42
2013.08.19 13:37:46.477,0.94763,0.94777,2.85,3.12
2013.08.19 13:37:47.017,0.94763,0.94776,1.50,1.62
2013.08.19 13:37:47.549,0.94764,0.94777,1.43,2.44
2013.08.19 13:37:51.176,0.94764,0.94777,1.43,2.18
2013.08.19 13:37:51.368,0.94764,0.94777,1.43,2.18
2013.08.19 13:37:51.877,0.94762,0.94774,2.18,1.43
2013.08.19 13:37:52.507,0.94762,0.94774,1.50,1.43
2013.08.19 13:37:53.040,0.94762,0.94775,2.18,1.43
2013.08.19 13:37:53.828,0.94761,0.94773,2.18,1.43
2013.08.19 13:37:54.368,0.94759,0.94772,2.10,1.58
2013.08.19 13:37:54.847,0.94761,0.94772,1.50,1.43
2013.08.19 13:37:55.151,0.94767,0.94774,1.43,1.05
2013.08.19 13:37:55.528,0.94768,0.9478,1.43,2.10
2013.08.19 13:37:55.718,0.94768,0.9478,1.43,1.50
2013.08.19 13:37:55.837,0.94769,0.94781,1.43,1.69
2013.08.19 13:37:56.497,0.94771,0.94783,1.43,1.43
2013.08.19 13:37:56.737,0.94773,0.94785,1.43,1.58
2013.08.19 13:37:56.856,0.94774,0.94785,1.35,1.58
2013.08.19 13:37:56.916,0.94772,0.94785,1.43,2.25
2013.08.19 13:37:57.250,0.94774,0.94785,1.35,1.58
2013.08.19 13:37:57.909,0.94774,0.94785,1.35,1.58
2013.08.19 13:37:58.457,0.94774,0.94785,1.43,1.58
2013.08.19 13:37:58.757,0.94768,0.94781,1.69,1.05
2013.08.19 13:37:58.877,0.94766,0.94777,2.29,1.58
2013.08.19 13:37:58.997,0.94764,0.94777,2.29,1.58
2013.08.19 13:37:59.297,0.94763,0.94776,1.35,1.50
2013.08.19 13:37:59.859,0.94763,0.94776,1.35,1.50
2013.08.19 13:38:00.195,0.94765,0.94777,1.35,2.33
2013.08.19 13:38:02.228,0.94765,0.94777,2.10,2.33
2013.08.19 13:38:03.309,0.94767,0.94777,1.35,2.33
2013.08.19 13:38:03.618,0.94769,0.9478,1.35,1.50
2013.08.19 13:38:03.857,0.94772,0.94782,1.35,1.50
2013.08.19 13:38:04.277,0.94773,0.94785,1.62,1.02
2013.08.19 13:38:04.457,0.94774,0.94787,1.35,1.69
2013.08.19 13:38:04.758,0.94777,0.9479,1.43,1.43
2013.08.19 13:38:05.678,0.94777,0.94791,2.18,2.10
2013.08.19 13:38:05.860,0.94778,0.94791,1.13,2.18
2013.08.19 13:38:05.918,0.94778,0.94791,1.32,1.35
2013.08.19 13:38:06.456,0.94779,0.94791,1.43,1.35
2013.08.19 13:38:07.307,0.9478,0.94793,2.18,4.47
2013.08.19 13:38:07.487,0.9478,0.94794,2.18,3.04
2013.08.19 13:38:08.657,0.94783,0.94796,1.50,1.35
2013.08.19 13:38:09.266,0.94782,0.94795,2.18,1.43
2013.08.19 13:38:09.807,0.94783,0.94794,2.10,1.35
2013.08.19 13:38:10.776,0.94781,0.94793,1.35,1.58
2013.08.19 13:38:11.078,0.94784,0.94794,1.35,1.43
2013.08.19 13:38:11.619,0.94783,0.94797,3.60,3.68
2013.08.19 13:38:12.586,0.94783,0.94797,3.60,2.93
2013.08.19 13:38:12.790,0.94784,0.94797,1.43,1.43
2013.08.19 13:38:13.097,0.94787,0.94799,1.43,2.25
2013.08.19 13:38:13.957,0.94787,0.94799,1.43,1.43
2013.08.19 13:38:14.259,0.94789,0.94801,2.29,1.50
2013.08.19 13:38:14.561,0.94789,0.94801,2.85,1.50
2013.08.19 13:38:14.627,0.94788,0.94801,2.18,2.18
2013.08.19 13:38:15.106,0.94789,0.94801,1.43,1.50
2013.08.19 13:38:15.407,0.94793,0.94806,2.10,1.43
2013.08.19 13:38:15.468,0.94794,0.94806,1.43,1.43
2013.08.19 13:38:15.647,0.94794,0.94806,1.43,1.43
2013.08.19 13:38:20.579,0.94793,0.94802,1.43,1.92
2013.08.19 13:38:20.697,0.94788,0.94798,1.43,1.13
2013.08.19 13:38:20.937,0.94785,0.94797,2.10,1.50
2013.08.19 13:38:21.368,0.94785,0.94794,1.35,1.32
2013.08.19 13:38:21.489,0.94782,0.94793,1.35,1.58
2013.08.19 13:38:22.784,0.94782,0.9479,1.35,2.85
2013.08.19 13:38:23.099,0.94777,0.94786,1.35,1.88
2013.08.19 13:38:23.338,0.94777,0.94787,1.35,2.25
2013.08.19 13:38:23.897,0.94778,0.94789,2.10,1.50
2013.08.19 13:38:24.437,0.94778,0.94789,1.43,1.50
2013.08.19 13:38:24.677,0.94775,0.94787,2.29,1.13
2013.08.19 13:38:25.247,0.94775,0.94787,2.29,1.13
2013.08.19 13:38:25.797,0.94775,0.94788,3.04,2.18
2013.08.19 13:38:26.097,0.94777,0.94789,1.50,1.62
2013.08.19 13:38:26.337,0.9478,0.94794,1.35,3.42
2013.08.19 13:38:26.941,0.94779,0.94791,1.43,1.50
2013.08.19 13:38:27.007,0.94779,0.94788,1.43,1.43
2013.08.19 13:38:27.694,0.94778,0.94788,1.50,1.43
2013.08.19 13:38:33.627,0.94778,0.94788,1.50,2.10
2013.08.19 13:38:34.818,0.94778,0.94786,1.88,1.50
2013.08.19 13:38:34.878,0.9478,0.94787,1.05,1.50
2013.08.19 13:38:35.118,0.94781,0.94792,1.62,1.50
2013.08.19 13:38:35.418,0.94782,0.94793,1.50,2.10
2013.08.19 13:38:36.010,0.94781,0.94791,2.37,1.50
2013.08.19 13:38:40.820,0.94782,0.94791,1.50,1.58
2013.08.19 13:38:40.940,0.94782,0.94792,1.50,1.50
2013.08.19 13:38:42.247,0.94782,0.94791,1.50,1.35
2013.08.19 13:38:42.427,0.94779,0.94792,1.43,2.55
2013.08.19 13:38:42.667,0.94782,0.94792,2.18,1.88
2013.08.19 13:38:45.437,0.94782,0.94792,1.50,1.50
2013.08.19 13:38:46.035,0.94782,0.94793,1.50,2.22
2013.08.19 13:38:49.747,0.9478,0.94792,2.10,1.50
2013.08.19 13:38:49.928,0.9478,0.94792,1.35,2.44
2013.08.19 13:38:50.289,0.94778,0.94789,1.43,1.50
2013.08.19 13:38:50.527,0.94775,0.94789,1.73,2.18
2013.08.19 13:38:52.841,0.94774,0.94787,2.29,1.43
2013.08.19 13:38:58.927,0.94775,0.94787,1.43,2.18
2013.08.19 13:39:00.019,0.94774,0.94787,2.10,2.18
2013.08.19 13:39:02.537,0.94774,0.94785,2.85,1.35
2013.08.19 13:39:03.858,0.94774,0.94781,2.10,1.35
2013.08.19 13:39:04.217,0.94774,0.94781,1.35,1.50
2013.08.19 13:39:04.757,0.94773,0.94781,1.43,1.62
2013.08.19 13:39:04.817,0.94768,0.9478,2.10,1.50
2013.08.19 13:39:05.567,0.94768,0.94779,1.50,1.35
2013.08.19 13:39:05.868,0.94772,0.94783,1.32,2.93
2013.08.19 13:39:05.987,0.94774,0.94782,1.13,1.35
2013.08.19 13:39:06.467,0.94775,0.94784,1.50,1.43
2013.08.19 13:39:06.527,0.94774,0.94785,1.99,1.43
2013.08.19 13:39:07.038,0.94775,0.94787,1.13,2.93
2013.08.19 13:39:07.099,0.94773,0.94784,2.44,1.43
2013.08.19 13:39:07.157,0.94773,0.94784,2.44,1.43
2013.08.19 13:39:07.718,0.94771,0.94784,3.49,2.18
2013.08.19 13:39:08.289,0.94773,0.94784,2.18,1.50
2013.08.19 13:39:08.826,0.94773,0.94785,2.18,1.43
2013.08.19 13:39:09.509,0.94773,0.94785,1.80,2.18
2013.08.19 13:39:09.627,0.94773,0.94785,2.55,1.43
2013.08.19 13:39:09.867,0.94775,0.94787,1.43,1.69
2013.08.19 13:39:15.657,0.94777,0.94787,1.62,1.50
2013.08.19 13:39:16.137,0.94772,0.94782,1.99,1.50
2013.08.19 13:39:17.157,0.94776,0.94785,1.43,1.50
2013.08.19 13:39:18.048,0.94775,0.94786,1.62,2.55
2013.08.19 13:39:18.898,0.94774,0.94784,1.69,1.35
2013.08.19 13:39:19.197,0.94771,0.94782,2.37,1.50
2013.08.19 13:39:19.769,0.94771,0.94782,2.37,1.50
2013.08.19 13:39:19.889,0.94768,0.94781,2.37,1.80
2013.08.19 13:39:20.187,0.94768,0.94779,1.62,1.50
2013.08.19 13:39:21.230,0.94768,0.94779,3.12,1.13
2013.08.19 13:39:22.077,0.94768,0.94781,3.12,1.80
2013.08.19 13:39:22.456,0.94768,0.9478,3.12,1.73
2013.08.19 13:39:22.516,0.94768,0.9478,3.12,1.73
2013.08.19 13:39:23.476,0.94768,0.94778,2.37,1.13
2013.08.19 13:39:26.787,0.94768,0.9478,2.37,1.50
2013.08.19 13:39:28.828,0.94768,0.94781,2.37,1.43
2013.08.19 13:39:28.948,0.94768,0.94781,2.74,2.18
2013.08.19 13:39:29.308,0.9477,0.94782,1.62,1.50
2013.08.19 13:39:29.787,0.94769,0.94782,2.29,2.63
2013.08.19 13:39:32.942,0.94768,0.94779,3.12,1.50
2013.08.19 13:39:37.950,0.94768,0.94779,2.37,1.88
2013.08.19 13:39:39.160,0.94768,0.94779,2.37,1.50
2013.08.19 13:39:41.397,0.94769,0.94779,1.54,1.50
2013.08.19 13:39:43.076,0.94769,0.94779,1.54,1.50
2013.08.19 13:39:43.660,0.94768,0.94779,3.04,1.50
2013.08.19 13:39:44.746,0.94768,0.9478,4.35,1.13
2013.08.19 13:39:45.417,0.94769,0.9478,1.43,1.13
2013.08.19 13:39:51.096,0.94768,0.94781,2.10,1.99
2013.08.19 13:39:53.769,0.94768,0.9478,2.10,1.13
2013.08.19 13:39:59.788,0.94768,0.9478,2.10,1.13
2013.08.19 13:40:00.087,0.94768,0.94777,1.35,1.50
2013.08.19 13:40:00.569,0.94768,0.94779,2.85,1.13
2013.08.19 13:40:01.410,0.94768,0.94781,2.85,2.14
2013.08.19 13:40:01.779,0.9477,0.94781,1.43,1.50
2013.08.19 13:40:02.087,0.94772,0.9478,1.50,1.88
2013.08.19 13:40:03.949,0.9477,0.9478,1.02,2.93
2013.08.19 13:40:04.247,0.9477,0.94782,1.62,1.50
2013.08.19 13:40:05.000,0.94769,0.94782,1.43,3.30
2013.08.19 13:40:05.508,0.94768,0.9478,1.62,1.43
2013.08.19 13:40:06.161,0.94768,0.9478,1.43,1.43
2013.08.19 13:40:06.676,0.94768,0.9478,1.43,1.62
2013.08.19 13:40:06.930,0.94769,0.94781,1.35,1.02
2013.08.19 13:40:08.257,0.94769,0.94782,1.35,2.37
2013.08.19 13:40:08.377,0.94771,0.94782,1.35,1.69
2013.08.19 13:40:08.736,0.94773,0.94785,1.35,1.58
2013.08.19 13:40:17.740,0.94775,0.94784,1.13,1.73
2013.08.19 13:40:18.048,0.94782,0.94793,1.13,2.18
2013.08.19 13:40:18.345,0.94783,0.94796,2.29,1.43
2013.08.19 13:40:18.486,0.94783,0.94796,2.29,1.43
2013.08.19 13:40:18.989,0.94783,0.94796,2.29,1.62
2013.08.19 13:40:20.168,0.94783,0.94796,2.67,1.43
2013.08.19 13:40:21.471,0.94783,0.94796,2.67,2.55
2013.08.19 13:40:21.592,0.94783,0.94796,2.37,2.55
2013.08.19 13:40:21.899,0.94784,0.94796,1.35,1.50
2013.08.19 13:40:22.088,0.94784,0.94795,1.35,1.50
2013.08.19 13:40:22.447,0.94784,0.94794,1.50,1.47
2013.08.19 13:40:22.949,0.94787,0.94799,1.43,1.43
2013.08.19 13:40:23.217,0.94787,0.94799,1.43,1.43
2013.08.19 13:40:23.957,0.94788,0.948,2.18,1.35
2013.08.19 13:40:24.017,0.94789,0.94801,1.43,1.80
2013.08.19 13:40:24.077,0.94789,0.94801,1.43,1.80
2013.08.19 13:40:24.377,0.94792,0.94804,1.43,1.80
2013.08.19 13:40:24.788,0.94788,0.94802,3.19,2.85
2013.08.19 13:40:26.737,0.94788,0.94801,3.19,1.35
2013.08.19 13:40:27.339,0.9479,0.94802,1.69,2.10
2013.08.19 13:40:28.288,0.9479,0.94803,2.37,1.43
2013.08.19 13:40:28.617,0.9479,0.94802,1.62,1.50
2013.08.19 13:40:28.738,0.9479,0.94802,1.43,3.60
2013.08.19 13:40:29.040,0.94788,0.94798,1.69,1.13
2013.08.19 13:40:29.579,0.94787,0.94799,1.02,3.08
2013.08.19 13:40:30.120,0.94787,0.94799,1.69,2.48
2013.08.19 13:40:30.249,0.94788,0.94799,1.58,1.73
2013.08.19 13:40:32.920,0.94786,0.94799,2.48,2.10
2013.08.19 13:40:33.287,0.94788,0.948,1.58,1.28
2013.08.19 13:40:33.726,0.94787,0.94799,1.43,1.35
2013.08.19 13:40:34.207,0.94785,0.94797,1.50,1.43
2013.08.19 13:40:34.567,0.94784,0.94797,1.80,2.22
2013.08.19 13:40:35.467,0.94784,0.94795,1.13,1.28
2013.08.19 13:40:35.766,0.94785,0.94797,1.05,1.43
2013.08.19 13:40:36.267,0.94785,0.94798,1.73,2.63
2013.08.19 13:40:36.837,0.94784,0.94796,1.69,1.28
2013.08.19 13:40:37.529,0.94784,0.94795,2.44,1.35
2013.08.19 13:40:37.789,0.94784,0.94796,1.69,1.43
2013.08.19 13:40:38.327,0.94784,0.94796,1.69,1.43
2013.08.19 13:40:39.937,0.94783,0.94796,2.48,2.40
2013.08.19 13:40:40.690,0.94782,0.94795,2.55,2.14
2013.08.19 13:40:42.459,0.94782,0.94795,2.25,2.14
2013.08.19 13:40:44.650,0.94783,0.94795,1.77,1.28
2013.08.19 13:40:44.898,0.94787,0.94797,1.32,1.43
2013.08.19 13:40:45.877,0.94785,0.94797,2.37,1.35
2013.08.19 13:40:46.187,0.94785,0.94797,1.69,1.35
2013.08.19 13:40:46.427,0.94785,0.94797,1.69,2.10
2013.08.19 13:40:47.827,0.94785,0.94797,1.69,2.10
2013.08.19 13:40:50.228,0.94787,0.94797,1.43,1.35
2013.08.19 13:40:50.707,0.94786,0.94797,1.32,2.10
2013.08.19 13:40:50.857,0.94786,0.94797,1.32,2.10
2013.08.19 13:40:51.621,0.94786,0.94797,1.69,1.35
2013.08.19 13:40:53.087,0.94787,0.94796,1.13,1.43
2013.08.19 13:40:53.447,0.94788,0.948,1.13,1.43
2013.08.19 13:40:53.988,0.94788,0.948,3.00,1.43
2013.08.19 13:40:54.347,0.94789,0.948,1.02,1.43
2013.08.19 13:40:54.467,0.94792,0.94801,1.32,1.35
2013.08.19 13:40:54.647,0.94793,0.94803,1.13,1.43
2013.08.19 13:40:55.727,0.94793,0.94803,1.50,1.43
2013.08.19 13:40:56.395,0.94792,0.94803,1.77,1.43
2013.08.19 13:41:00.448,0.94793,0.94803,1.88,1.43
2013.08.19 13:41:00.961,0.94793,0.94803,1.88,1.43
2013.08.19 13:41:02.567,0.94793,0.94803,1.50,1.43
2013.08.19 13:41:05.618,0.94791,0.94802,1.02,2.55
2013.08.19 13:41:05.678,0.94791,0.94802,1.02,2.55
2013.08.19 13:41:06.820,0.94789,0.948,1.88,1.35
2013.08.19 13:41:17.119,0.94788,0.948,3.38,1.43
2013.08.19 13:41:21.527,0.94788,0.948,3.38,1.80
2013.08.19 13:41:22.508,0.94788,0.94796,1.88,1.13
2013.08.19 13:41:22.708,0.94783,0.94792,2.33,1.13
2013.08.19 13:41:22.830,0.94782,0.9479,1.62,1.13
2013.08.19 13:41:23.397,0.94776,0.94788,1.50,1.43
2013.08.19 13:41:23.519,0.94778,0.94785,1.50,1.50
2013.08.19 13:41:23.638,0.94777,0.94785,1.43,2.22
2013.08.19 13:41:23.697,0.94767,0.9478,2.18,2.93
2013.08.19 13:41:23.758,0.94764,0.94773,1.24,1.13
2013.08.19 13:41:23.878,0.94764,0.94772,1.24,1.50
2013.08.19 13:41:24.118,0.94762,0.94772,1.02,1.32
2013.08.19 13:41:24.478,0.94763,0.94772,1.69,1.32
2013.08.19 13:41:24.657,0.94762,0.94772,1.02,2.37
2013.08.19 13:41:25.609,0.9476,0.9477,1.69,1.43
2013.08.19 13:41:25.908,0.94762,0.9477,1.13,1.43
2013.08.19 13:41:26.567,0.94763,0.94773,1.69,1.05
2013.08.19 13:41:27.107,0.94763,0.94774,2.63,2.10
2013.08.19 13:41:27.647,0.94764,0.94774,1.58,1.43
2013.08.19 13:41:28.351,0.94764,0.94774,1.13,1.13
2013.08.19 13:41:28.658,0.94764,0.94772,1.13,1.13
2013.08.19 13:41:29.497,0.94763,0.94773,1.50,1.80
2013.08.19 13:41:29.558,0.94763,0.94773,1.50,1.05
2013.08.19 13:41:30.100,0.94765,0.94776,2.37,1.88
2013.08.19 13:41:31.558,0.94765,0.94772,1.69,1.13
2013.08.19 13:41:32.398,0.94763,0.94774,1.50,2.85
2013.08.19 13:41:34.438,0.94763,0.94774,2.25,2.67
2013.08.19 13:41:35.043,0.94765,0.94776,1.88,2.74
2013.08.19 13:41:36.877,0.94764,0.94775,1.50,1.32
2013.08.19 13:41:38.017,0.94766,0.94776,1.13,1.99
2013.08.19 13:41:38.719,0.94767,0.94778,3.12,2.07
2013.08.19 13:41:39.580,0.94768,0.94778,1.13,2.07
2013.08.19 13:41:45.432,0.94768,0.94779,1.13,2.18
2013.08.19 13:41:45.498,0.94768,0.94779,1.13,1.43
2013.08.19 13:41:45.857,0.9477,0.94783,2.07,2.18
2013.08.19 13:41:46.158,0.94778,0.94785,1.05,1.13
2013.08.19 13:41:46.700,0.94778,0.94787,1.13,2.89
2013.08.19 13:41:46.820,0.94774,0.94781,1.43,1.13
2013.08.19 13:41:48.040,0.94773,0.94781,2.25,1.13
2013.08.19 13:41:48.277,0.94772,0.94781,3.12,1.13
2013.08.19 13:41:48.787,0.94772,0.94781,3.12,1.13
2013.08.19 13:41:49.331,0.94772,0.94781,3.12,1.13
2013.08.19 13:41:52.217,0.94772,0.94781,3.12,1.13
2013.08.19 13:41:55.297,0.94771,0.94781,1.88,1.13
2013.08.19 13:41:56.457,0.94773,0.94782,1.13,1.13
2013.08.19 13:41:56.927,0.94773,0.94781,1.13,1.13
2013.08.19 13:42:00.917,0.94771,0.94781,2.07,1.13
2013.08.19 13:42:05.389,0.94773,0.94783,1.58,1.80
2013.08.19 13:42:06.680,0.94776,0.94785,1.13,1.43
2013.08.19 13:42:06.808,0.94777,0.94789,2.74,2.37
2013.08.19 13:42:08.387,0.94779,0.9479,1.05,1.13
2013.08.19 13:42:09.767,0.94779,0.94788,1.80,1.13
2013.08.19 13:42:10.287,0.94778,0.94788,3.30,1.13
2013.08.19 13:42:20.648,0.94781,0.94789,1.05,1.13
2013.08.19 13:42:23.078,0.94781,0.9479,1.13,1.43
2013.08.19 13:42:30.963,0.94783,0.94794,2.18,1.50
2013.08.19 13:42:32.537,0.94782,0.94792,1.50,1.50
2013.08.19 13:42:33.105,0.9478,0.94792,2.37,1.50
2013.08.19 13:42:34.741,0.94778,0.94788,1.62,1.50
2013.08.19 13:42:34.809,0.94777,0.94786,1.47,1.35
2013.08.19 13:42:35.108,0.94773,0.94785,1.69,1.35
2013.08.19 13:42:35.227,0.94771,0.94781,1.69,1.13
2013.08.19 13:42:36.547,0.94769,0.9478,1.32,1.80
2013.08.19 13:42:39.369,0.94776,0.94784,1.13,2.37
2013.08.19 13:42:39.909,0.94774,0.94786,1.13,1.43
2013.08.19 13:42:42.863,0.94778,0.94788,1.50,1.62
2013.08.19 13:42:43.587,0.94777,0.94787,2.18,2.55
2013.08.19 13:42:48.917,0.94776,0.94787,1.02,2.18
2013.08.19 13:42:49.447,0.94777,0.94787,1.58,1.43
2013.08.19 13:42:50.060,0.94777,0.94787,1.69,1.43
2013.08.19 13:42:50.327,0.94776,0.94787,1.32,2.55
2013.08.19 13:42:51.527,0.94776,0.94787,2.18,1.50
2013.08.19 13:42:54.389,0.94776,0.94788,3.00,1.99
2013.08.19 13:42:54.447,0.94777,0.94788,1.13,1.99
2013.08.19 13:42:58.228,0.94776,0.94786,1.50,1.73
2013.08.19 13:42:58.529,0.94773,0.94786,2.07,1.54
2013.08.19 13:42:58.590,0.94773,0.94784,2.07,1.43
2013.08.19 13:42:58.648,0.94773,0.94784,1.88,1.43
2013.08.19 13:42:59.128,0.94774,0.94785,1.02,1.43
2013.08.19 13:42:59.604,0.94778,0.94789,2.18,1.88
2013.08.19 13:43:01.389,0.94777,0.94786,1.88,1.43
2013.08.19 13:43:03.178,0.94777,0.94783,1.05,1.35
2013.08.19 13:43:03.299,0.94774,0.94783,1.69,1.35
2013.08.19 13:43:06.323,0.94774,0.94784,1.32,1.35
2013.08.19 13:43:06.928,0.94774,0.94785,2.07,1.43
2013.08.19 13:43:07.108,0.94777,0.94788,2.14,1.43
2013.08.19 13:43:07.290,0.94778,0.9479,1.13,1.43
2013.08.19 13:43:07.349,0.94783,0.94791,1.13,2.18
2013.08.19 13:43:07.409,0.94784,0.94793,1.50,1.43
2013.08.19 13:43:08.219,0.94779,0.9479,4.43,1.05
2013.08.19 13:43:08.938,0.94779,0.9479,1.80,1.13
2013.08.19 13:43:15.789,0.94783,0.94792,1.88,2.18
2013.08.19 13:43:15.968,0.94787,0.94796,1.13,1.43
2013.08.19 13:43:16.211,0.94787,0.94797,1.13,1.50
2013.08.19 13:43:17.191,0.94785,0.94797,2.29,2.63
2013.08.19 13:43:17.498,0.94784,0.94794,1.05,1.43
2013.08.19 13:43:18.398,0.94782,0.94795,2.37,1.62
2013.08.19 13:43:18.938,0.94783,0.94794,1.69,1.54
2013.08.19 13:43:19.537,0.94782,0.94795,2.44,1.62
2013.08.19 13:43:22.668,0.94781,0.94793,1.88,1.43
2013.08.19 13:43:22.729,0.94781,0.94792,1.13,1.13
2013.08.19 13:43:23.089,0.94776,0.94782,2.25,1.35
2013.08.19 13:43:23.149,0.94776,0.94781,1.50,1.35
2013.08.19 13:43:23.404,0.94776,0.94782,2.25,1.43
2013.08.19 13:43:23.546,0.94776,0.94782,1.50,2.10
2013.08.19 13:43:23.667,0.94772,0.9478,1.13,1.35
2013.08.19 13:43:23.847,0.9477,0.94782,2.18,2.18
2013.08.19 13:43:24.150,0.94773,0.94784,1.32,1.62
2013.08.19 13:43:24.209,0.94773,0.94784,2.63,1.62
2013.08.19 13:43:24.447,0.94778,0.94788,1.43,1.13
2013.08.19 13:43:26.878,0.94778,0.94791,2.18,1.99
2013.08.19 13:43:27.001,0.94779,0.94791,1.35,1.32
2013.08.19 13:43:27.437,0.94781,0.94792,1.43,1.50
2013.08.19 13:43:27.922,0.94784,0.94796,1.35,3.23
2013.08.19 13:43:27.992,0.94781,0.94795,1.62,1.62
2013.08.19 13:43:28.058,0.94782,0.94796,1.69,3.79
2013.08.19 13:43:29.767,0.94783,0.94796,1.50,3.04
2013.08.19 13:43:30.979,0.94783,0.94796,1.50,3.04
2013.08.19 13:43:31.279,0.94785,0.94797,1.24,1.50
2013.08.19 13:43:31.827,0.94785,0.94799,1.99,2.67
2013.08.19 13:43:33.218,0.94786,0.94799,1.13,3.42
2013.08.19 13:43:37.349,0.94787,0.94798,1.62,1.32
2013.08.19 13:43:37.408,0.94783,0.94792,2.18,1.13
2013.08.19 13:43:37.648,0.94782,0.94789,1.54,1.13
2013.08.19 13:43:37.708,0.94779,0.94789,2.10,2.74
2013.08.19 13:43:37.888,0.94776,0.94788,1.43,1.62
2013.08.19 13:43:37.948,0.94779,0.94789,1.43,1.92
2013.08.19 13:43:38.128,0.94782,0.94791,1.62,2.37
2013.08.19 13:43:38.247,0.94783,0.94795,2.25,1.32
2013.08.19 13:43:38.548,0.94783,0.94793,1.50,1.50
2013.08.19 13:43:38.728,0.94778,0.94787,1.50,1.35
2013.08.19 13:43:38.847,0.94775,0.94787,1.35,1.35
2013.08.19 13:43:39.031,0.94775,0.94787,1.35,2.67
2013.08.19 13:43:39.557,0.94776,0.94787,1.35,2.67
2013.08.19 13:43:40.107,0.94777,0.94787,1.43,1.69
2013.08.19 13:43:40.707,0.94778,0.94789,2.10,2.07
2013.08.19 13:43:42.309,0.94778,0.9479,3.23,1.69
2013.08.19 13:43:42.369,0.94779,0.94792,2.10,3.87
2013.08.19 13:43:42.671,0.94779,0.94786,1.35,1.13
2013.08.19 13:43:42.858,0.94771,0.94782,2.18,2.85
2013.08.19 13:43:42.978,0.9477,0.94778,1.35,2.07
2013.08.19 13:43:43.287,0.94768,0.9478,1.43,2.74
2013.08.19 13:43:43.537,0.94768,0.94778,1.43,1.32
2013.08.19 13:43:44.077,0.94769,0.94778,1.35,1.32
2013.08.19 13:43:44.638,0.94768,0.9478,2.18,1.32
2013.08.19 13:43:46.678,0.94769,0.9478,1.43,1.32
2013.08.19 13:43:47.198,0.94769,0.9478,1.43,1.32
2013.08.19 13:43:48.878,0.94769,0.9478,1.43,2.29
2013.08.19 13:43:49.179,0.94763,0.94775,1.88,1.43
2013.08.19 13:43:49.238,0.94763,0.94772,1.13,1.13
2013.08.19 13:43:49.298,0.94759,0.94772,2.37,1.88
2013.08.19 13:43:49.417,0.94759,0.94772,2.37,2.82
2013.08.19 13:43:50.488,0.94759,0.94772,2.74,2.44
2013.08.19 13:43:50.548,0.94763,0.94773,1.88,2.97
2013.08.19 13:43:50.908,0.94768,0.94778,1.50,1.05
2013.08.19 13:43:51.440,0.94766,0.94777,1.50,1.13
2013.08.19 13:43:51.967,0.94768,0.94779,2.25,1.92
2013.08.19 13:43:54.767,0.94768,0.94778,1.50,1.43
2013.08.19 13:43:54.947,0.94768,0.9478,3.42,1.62
2013.08.19 13:43:55.067,0.94769,0.9478,1.43,1.43
2013.08.19 13:43:55.607,0.94771,0.94781,1.50,1.43
2013.08.19 13:43:56.418,0.94772,0.94781,1.50,1.43
2013.08.19 13:43:56.957,0.94773,0.94785,2.44,2.37
2013.08.19 13:43:58.027,0.94771,0.94782,3.00,1.13
2013.08.19 13:43:58.087,0.94771,0.94782,3.00,1.13
2013.08.19 13:43:58.208,0.94771,0.94782,2.70,1.43
2013.08.19 13:43:58.388,0.94773,0.94784,2.18,1.62
2013.08.19 13:43:58.690,0.94778,0.94788,1.58,1.62
2013.08.19 13:43:58.809,0.94778,0.94788,1.58,1.62
2013.08.19 13:43:59.347,0.9478,0.94792,1.43,2.44
2013.08.19 13:43:59.587,0.94781,0.94793,1.50,1.62
2013.08.19 13:43:59.827,0.94784,0.94797,2.25,3.04
2013.08.19 13:44:00.367,0.94786,0.94798,3.04,1.32
2013.08.19 13:44:00.939,0.94786,0.94797,3.04,1.13
2013.08.19 13:44:01.177,0.94792,0.94801,1.13,2.29
2013.08.19 13:44:01.238,0.94792,0.94802,1.13,1.62
2013.08.19 13:44:01.359,0.94793,0.94804,1.69,1.43
2013.08.19 13:44:01.597,0.94795,0.94807,1.58,1.99
2013.08.19 13:44:02.158,0.94795,0.94807,1.58,1.62
2013.08.19 13:44:02.398,0.94797,0.94808,1.13,2.67
2013.08.19 13:44:02.976,0.94798,0.94809,2.44,1.92
2013.08.19 13:44:03.607,0.94798,0.9481,1.69,1.24
2013.08.19 13:44:07.747,0.94798,0.94807,1.43,1.13
2013.08.19 13:44:08.267,0.94793,0.94804,1.69,1.05
2013.08.19 13:44:09.198,0.94793,0.94805,3.12,1.13
2013.08.19 13:44:10.179,0.94791,0.94802,2.10,1.13
2013.08.19 13:44:10.727,0.94791,0.94803,2.85,2.07
2013.08.19 13:44:11.597,0.94791,0.94803,3.04,1.69
2013.08.19 13:44:12.162,0.94792,0.94805,2.63,3.04
2013.08.19 13:44:12.521,0.94798,0.94806,1.50,1.62
2013.08.19 13:44:12.708,0.94798,0.94809,1.50,2.29
2013.08.19 13:44:12.947,0.94798,0.94808,1.50,1.43
2013.08.19 13:44:13.869,0.94799,0.9481,2.25,1.43
2013.08.19 13:44:13.928,0.94805,0.94812,1.69,1.80
2013.08.19 13:44:14.407,0.94805,0.94818,2.37,1.62
2013.08.19 13:44:18.247,0.94805,0.94818,3.12,2.74
2013.08.19 13:44:18.927,0.94808,0.94818,1.69,2.55
2013.08.19 13:44:19.122,0.94808,0.94819,1.69,1.80
2013.08.19 13:44:22.090,0.94808,0.94818,1.69,1.05
2013.08.19 13:44:22.149,0.94808,0.94817,1.69,1.05
2013.08.19 13:44:22.679,0.94805,0.94815,1.50,2.29
2013.08.19 13:44:22.750,0.94802,0.9481,1.50,1.13
2013.08.19 13:44:22.818,0.94801,0.94808,1.43,1.50
2013.08.19 13:44:22.937,0.94798,0.9481,2.18,1.80
2013.08.19 13:44:22.999,0.94798,0.9481,2.18,1.80
2013.08.19 13:44:24.247,0.94799,0.94812,1.62,3.49
2013.08.19 13:44:25.458,0.94803,0.9481,1.13,1.43
2013.08.19 13:44:25.698,0.94801,0.94812,2.18,1.50
2013.08.19 13:44:26.237,0.94801,0.94811,1.50,1.43
2013.08.19 13:44:27.378,0.948,0.94812,2.25,3.49
2013.08.19 13:44:28.179,0.948,0.94812,2.25,3.12
2013.08.19 13:44:30.378,0.948,0.94812,1.50,2.67
2013.08.19 13:44:30.857,0.94798,0.94811,2.18,1.24
2013.08.19 13:44:30.979,0.94798,0.94809,1.50,1.35
2013.08.19 13:44:32.220,0.94798,0.94808,1.50,1.54
2013.08.19 13:44:34.787,0.94798,0.94809,1.50,2.29
2013.08.19 13:44:36.119,0.94798,0.94809,1.50,2.52
2013.08.19 13:44:36.480,0.94796,0.94804,1.35,1.32
2013.08.19 13:44:36.548,0.94793,0.94804,2.29,1.32
2013.08.19 13:44:36.849,0.94789,0.94801,1.62,1.80
2013.08.19 13:44:37.087,0.94787,0.948,1.62,1.80
2013.08.19 13:44:37.207,0.94783,0.94795,1.62,1.88
2013.08.19 13:44:37.694,0.94783,0.94795,2.48,1.43
2013.08.19 13:44:37.761,0.94788,0.94799,1.50,3.04
2013.08.19 13:44:37.829,0.94788,0.94799,1.50,2.29
2013.08.19 13:44:37.890,0.94789,0.94799,1.13,1.54
2013.08.19 13:44:38.127,0.94791,0.94802,1.13,1.58
2013.08.19 13:44:38.491,0.94794,0.94806,1.43,1.62
2013.08.19 13:44:39.647,0.94798,0.94806,1.50,1.62
2013.08.19 13:44:40.358,0.94798,0.94808,1.50,2.29
2013.08.19 13:44:43.137,0.94799,0.94809,1.50,1.62
2013.08.19 13:44:43.197,0.94799,0.94809,1.50,1.43
2013.08.19 13:44:43.441,0.94798,0.94811,2.74,1.43
2013.08.19 13:44:43.510,0.94798,0.94811,2.37,1.43
2013.08.19 13:44:43.937,0.94798,0.9481,2.44,1.35
2013.08.19 13:44:45.197,0.94798,0.94809,1.69,1.35
2013.08.19 13:44:46.907,0.94798,0.9481,1.50,2.29
2013.08.19 13:44:50.207,0.94798,0.94809,2.25,1.54
2013.08.19 13:44:54.367,0.94796,0.94809,3.68,1.54
2013.08.19 13:44:54.727,0.94796,0.94807,2.18,1.69
2013.08.19 13:44:56.817,0.94796,0.94806,1.50,1.54
2013.08.19 13:44:59.278,0.94793,0.94805,2.93,1.69
2013.08.19 13:44:59.398,0.94793,0.94803,1.43,1.24
2013.08.19 13:44:59.519,0.94791,0.94802,1.50,1.62
2013.08.19 13:44:59.638,0.94788,0.948,2.25,1.62
2013.08.19 13:45:00.746,0.94788,0.948,3.00,1.62
2013.08.19 13:45:02.337,0.94789,0.948,1.50,1.62
2013.08.19 13:45:02.778,0.94791,0.94802,1.50,1.69
2013.08.19 13:45:03.297,0.94791,0.94803,2.18,1.39
2013.08.19 13:45:03.884,0.94793,0.94803,1.50,1.32
2013.08.19 13:45:04.277,0.94793,0.94806,2.18,1.54
2013.08.19 13:45:04.397,0.94794,0.94807,1.43,2.85
2013.08.19 13:45:05.277,0.94794,0.94807,1.43,3.12
2013.08.19 13:45:07.008,0.94794,0.94805,1.43,1.32
2013.08.19 13:45:07.577,0.94793,0.94804,1.50,1.80
2013.08.19 13:45:08.180,0.94793,0.94804,1.50,1.80
2013.08.19 13:45:08.849,0.94794,0.94805,1.69,1.88
2013.08.19 13:45:08.910,0.94794,0.94806,2.07,1.62
2013.08.19 13:45:08.978,0.94794,0.94806,1.32,1.62
2013.08.19 13:45:09.158,0.94796,0.94808,1.50,1.43
2013.08.19 13:45:11.349,0.94796,0.94808,3.04,1.13
2013.08.19 13:45:11.940,0.94796,0.94807,1.43,2.44
2013.08.19 13:45:12.374,0.94796,0.94807,1.43,2.44
2013.08.19 13:45:12.498,0.94796,0.94807,1.43,3.12
2013.08.19 13:45:12.678,0.94794,0.94803,1.50,1.35
2013.08.19 13:45:12.797,0.94794,0.94807,2.18,3.12
2013.08.19 13:45:12.949,0.94794,0.94807,2.18,3.12
2013.08.19 13:45:20.678,0.94796,0.94807,3.30,1.13
2013.08.19 13:45:21.170,0.94799,0.94811,1.35,1.69
2013.08.19 13:45:21.229,0.94799,0.94811,1.35,1.13
2013.08.19 13:45:24.108,0.948,0.94811,1.43,1.88
2013.08.19 13:45:24.467,0.94798,0.94808,1.80,1.50
2013.08.19 13:45:25.658,0.94798,0.94811,2.55,2.48
2013.08.19 13:45:27.369,0.94799,0.94811,2.48,1.13
2013.08.19 13:45:27.427,0.94801,0.94811,2.18,1.13
2013.08.19 13:45:27.728,0.94804,0.94816,1.43,1.43
2013.08.19 13:45:28.287,0.94807,0.94819,1.43,1.20
2013.08.19 13:45:28.347,0.94807,0.94819,1.43,1.02
2013.08.19 13:45:28.407,0.94806,0.94819,1.35,1.77
2013.08.19 13:45:29.359,0.94807,0.94819,1.43,1.69
2013.08.19 13:45:29.540,0.94811,0.94824,3.90,1.35
2013.08.19 13:45:29.661,0.94814,0.94827,1.43,2.48
2013.08.19 13:45:29.848,0.94814,0.94827,2.10,1.13
2013.08.19 13:45:30.207,0.94817,0.94828,1.35,1.77
2013.08.19 13:45:31.347,0.94818,0.94828,1.35,1.77
2013.08.19 13:45:31.868,0.94817,0.94828,1.35,1.77
2013.08.19 13:45:32.478,0.94816,0.94828,1.43,1.77
2013.08.19 13:45:33.567,0.94815,0.94828,1.73,2.52
2013.08.19 13:45:33.747,0.94814,0.94827,2.74,1.43
2013.08.19 13:45:34.948,0.94813,0.94825,2.37,1.05
2013.08.19 13:45:35.260,0.9481,0.9482,2.74,1.35
2013.08.19 13:45:35.577,0.9481,0.94818,2.55,1.35
2013.08.19 13:45:35.887,0.94812,0.94823,1.88,1.35
2013.08.19 13:45:36.008,0.94812,0.94823,1.50,1.35
2013.08.19 13:45:36.128,0.94812,0.9482,1.50,1.35
2013.08.19 13:45:36.488,0.94807,0.9482,2.74,1.35
2013.08.19 13:45:36.548,0.94808,0.9482,1.13,1.35
2013.08.19 13:45:38.729,0.94808,0.94819,1.13,1.43
2013.08.19 13:45:41.287,0.94808,0.94819,1.13,1.62
2013.08.19 13:45:41.527,0.94808,0.9482,1.13,2.29
2013.08.19 13:45:41.887,0.94809,0.94822,1.24,1.50
2013.08.19 13:45:42.188,0.94813,0.94823,1.99,1.43
2013.08.19 13:45:42.247,0.94813,0.94826,1.99,1.24
2013.08.19 13:45:42.307,0.94813,0.94826,1.32,1.24
2013.08.19 13:45:43.981,0.94811,0.94822,2.74,1.05
2013.08.19 13:45:44.218,0.94808,0.94821,1.88,1.73
2013.08.19 13:45:45.058,0.94808,0.94821,2.18,2.37
2013.08.19 13:45:45.567,0.94808,0.94821,2.25,2.37
2013.08.19 13:45:45.757,0.94808,0.9482,2.07,1.35
2013.08.19 13:45:46.281,0.94808,0.9482,2.07,1.35
2013.08.19 13:45:46.819,0.94808,0.9482,2.07,1.35
2013.08.19 13:45:47.481,0.94808,0.9482,1.88,1.35
2013.08.19 13:45:47.829,0.94808,0.94821,3.49,1.80
2013.08.19 13:45:48.191,0.94813,0.94824,2.55,1.05
2013.08.19 13:45:48.378,0.94823,0.94831,1.13,1.50
2013.08.19 13:45:48.626,0.94824,0.94832,1.13,1.35
2013.08.19 13:45:48.868,0.94818,0.9483,2.14,2.03
2013.08.19 13:45:48.988,0.94818,0.94828,1.58,1.35
2013.08.19 13:45:49.290,0.94816,0.94826,1.13,1.35
2013.08.19 13:45:49.587,0.94816,0.94829,1.80,1.35
2013.08.19 13:45:50.609,0.94817,0.94829,1.50,1.73
2013.08.19 13:45:53.186,0.94817,0.94829,1.69,1.35
2013.08.19 13:45:53.701,0.94818,0.94827,1.50,1.35
2013.08.19 13:45:53.820,0.94818,0.94829,1.69,1.35
2013.08.19 13:45:54.059,0.94818,0.94831,1.62,1.35
2013.08.19 13:45:56.588,0.9482,0.94831,1.32,1.35
2013.08.19 13:45:56.708,0.94822,0.94831,1.69,1.35
2013.08.19 13:45:56.772,0.94822,0.94832,2.07,1.43
2013.08.19 13:45:57.018,0.94823,0.94835,1.69,1.35
2013.08.19 13:45:57.639,0.94823,0.94835,2.07,1.54
2013.08.19 13:45:59.848,0.94827,0.94837,1.13,1.43
2013.08.19 13:45:59.970,0.9483,0.9484,1.32,1.62
2013.08.19 13:46:00.087,0.94831,0.94841,1.20,1.35
2013.08.19 13:46:00.148,0.94831,0.94842,1.20,1.43
2013.08.19 13:46:01.937,0.94831,0.94842,1.58,1.43
2013.08.19 13:46:02.887,0.94829,0.94841,3.19,1.35
2013.08.19 13:46:03.007,0.94829,0.94839,1.50,1.05
2013.08.19 13:46:03.308,0.94828,0.94837,1.13,1.35
2013.08.19 13:46:03.668,0.94828,0.94839,1.50,1.35
2013.08.19 13:46:03.848,0.9483,0.94838,1.50,1.35
2013.08.19 13:46:03.968,0.9483,0.9484,1.50,1.35
2013.08.19 13:46:04.090,0.94828,0.9484,2.82,1.35
2013.08.19 13:46:04.211,0.94829,0.9484,1.69,1.35
2013.08.19 13:46:04.650,0.94829,0.9484,1.69,1.35
2013.08.19 13:46:04.829,0.94826,0.94838,1.77,2.03
2013.08.19 13:46:05.188,0.94824,0.94832,1.69,1.35
2013.08.19 13:46:08.018,0.94826,0.94834,1.50,1.35
2013.08.19 13:46:08.139,0.94826,0.94835,1.88,2.10
2013.08.19 13:46:08.377,0.94827,0.94838,1.50,1.35
2013.08.19 13:46:08.499,0.94827,0.94838,2.07,1.35
2013.08.19 13:46:08.797,0.94828,0.94838,1.13,1.35
2013.08.19 13:46:09.478,0.94828,0.94838,1.50,1.35
2013.08.19 13:46:10.788,0.94826,0.94837,1.95,1.43
2013.08.19 13:46:10.849,0.94826,0.94836,1.58,1.73
2013.08.19 13:46:11.152,0.94818,0.94832,3.04,1.62
2013.08.19 13:46:11.567,0.94818,0.94831,2.67,1.43
2013.08.19 13:46:11.987,0.94819,0.94832,1.43,1.62
2013.08.19 13:46:12.757,0.94821,0.94831,1.50,2.10
2013.08.19 13:46:13.118,0.94821,0.94832,2.25,1.43
2013.08.19 13:46:14.398,0.9482,0.94832,1.50,1.43
2013.08.19 13:46:14.519,0.94819,0.94831,2.48,1.35
2013.08.19 13:46:16.161,0.94821,0.94831,1.50,1.35
2013.08.19 13:46:16.468,0.94819,0.94831,2.25,1.35
2013.08.19 13:46:16.708,0.94821,0.94831,1.50,1.35
2013.08.19 13:46:18.569,0.94819,0.94831,1.95,1.35
2013.08.19 13:46:19.147,0.94819,0.94831,1.95,1.35
2013.08.19 13:46:19.267,0.94819,0.94832,2.63,1.43
2013.08.19 13:46:19.812,0.94819,0.94832,2.63,1.43
2013.08.19 13:46:29.050,0.94823,0.94833,1.50,1.43
2013.08.19 13:46:29.347,0.94823,0.94835,1.88,1.62
2013.08.19 13:46:29.647,0.94826,0.94837,1.35,2.33
2013.08.19 13:46:30.007,0.94828,0.94841,2.10,3.19
2013.08.19 13:46:30.068,0.94829,0.94841,1.35,2.52
2013.08.19 13:46:30.649,0.94828,0.94841,2.10,3.19
2013.08.19 13:46:31.428,0.94828,0.94841,1.50,3.87
2013.08.19 13:46:31.738,0.94828,0.94839,1.50,1.35
2013.08.19 13:46:32.517,0.94828,0.9484,1.50,1.92
2013.08.19 13:46:33.210,0.94828,0.94841,2.18,3.19
2013.08.19 13:46:33.722,0.94828,0.94841,2.18,3.19
2013.08.19 13:46:36.448,0.94828,0.9484,2.18,1.17
2013.08.19 13:46:36.568,0.94826,0.94837,1.35,1.13
2013.08.19 13:46:36.747,0.94823,0.94835,1.62,1.13
2013.08.19 13:46:37.268,0.94822,0.94835,1.62,2.48
2013.08.19 13:46:37.678,0.9482,0.94833,1.32,2.10
2013.08.19 13:46:40.897,0.94823,0.94833,1.50,1.13
2013.08.19 13:46:41.409,0.94823,0.94835,2.85,1.73
2013.08.19 13:46:41.767,0.94827,0.94839,1.62,1.05
2013.08.19 13:46:41.887,0.94828,0.94838,1.50,1.73
2013.08.19 13:46:42.247,0.94823,0.94835,2.25,1.24
2013.08.19 13:46:42.308,0.94823,0.94835,2.25,1.24
2013.08.19 13:46:42.367,0.94825,0.94836,1.50,2.37
2013.08.19 13:46:42.928,0.94828,0.94838,1.50,1.54
2013.08.19 13:46:43.916,0.94828,0.94838,1.50,1.35
2013.08.19 13:46:44.687,0.94828,0.9484,2.18,1.99
2013.08.19 13:46:45.329,0.94828,0.9484,2.93,1.99
2013.08.19 13:46:46.567,0.94828,0.9484,2.93,1.99
2013.08.19 13:46:47.011,0.94828,0.94838,2.25,1.05
2013.08.19 13:46:51.847,0.94828,0.94839,1.50,2.29
2013.08.19 13:46:52.314,0.94831,0.94841,1.13,1.43
2013.08.19 13:46:52.570,0.94832,0.94844,1.35,1.54
2013.08.19 13:46:54.458,0.94831,0.94843,2.25,1.24
2013.08.19 13:46:54.637,0.94828,0.9484,1.62,2.48
2013.08.19 13:46:54.758,0.94826,0.94839,1.50,2.67
2013.08.19 13:46:56.708,0.94825,0.94837,1.13,2.29
2013.08.19 13:46:56.887,0.94823,0.94836,2.18,1.24
2013.08.19 13:46:57.068,0.94822,0.94834,1.32,1.35
2013.08.19 13:46:58.428,0.94822,0.94834,1.13,1.35
2013.08.19 13:46:58.959,0.94821,0.94833,1.58,1.24
2013.08.19 13:46:59.487,0.94821,0.94834,1.95,2.29
2013.08.19 13:46:59.847,0.94817,0.94829,1.13,1.54
2013.08.19 13:47:00.098,0.94817,0.94829,1.13,1.54
2013.08.19 13:47:00.338,0.94815,0.94828,2.10,2.18
2013.08.19 13:47:00.398,0.94814,0.94827,2.67,1.99
2013.08.19 13:47:00.519,0.94813,0.94824,1.54,1.20
2013.08.19 13:47:00.698,0.94809,0.94822,1.24,2.10
2013.08.19 13:47:01.237,0.94809,0.94822,1.24,2.10
2013.08.19 13:47:02.221,0.94809,0.94822,1.99,2.10
2013.08.19 13:47:02.528,0.94818,0.9483,2.25,2.10
2013.08.19 13:47:02.648,0.9482,0.94832,1.05,2.18
2013.08.19 13:47:03.098,0.94819,0.94832,2.40,2.55
2013.08.19 13:47:03.218,0.94818,0.9483,1.32,1.43
2013.08.19 13:47:03.578,0.94817,0.94828,1.73,1.80
2013.08.19 13:47:03.880,0.94813,0.94822,1.02,1.35
2013.08.19 13:47:04.059,0.94813,0.94824,1.02,1.35
2013.08.19 13:47:04.359,0.94811,0.94822,1.32,1.43
2013.08.19 13:47:04.700,0.94809,0.9482,1.88,1.35
2013.08.19 13:47:04.888,0.94809,0.94822,1.32,2.48
2013.08.19 13:47:05.817,0.94811,0.94822,1.50,1.13
2013.08.19 13:47:06.328,0.94809,0.94821,1.99,1.05
2013.08.19 13:47:07.319,0.94811,0.94822,1.58,2.48
2013.08.19 13:47:11.517,0.9481,0.94822,1.88,2.10
2013.08.19 13:47:13.629,0.94811,0.94822,1.50,1.43
2013.08.19 13:47:16.599,0.94811,0.94822,1.50,1.43
2013.08.19 13:47:21.610,0.9481,0.94822,1.88,2.18
2013.08.19 13:47:23.198,0.9481,0.94822,1.88,2.18
2013.08.19 13:47:23.680,0.94809,0.94818,1.32,1.05
2013.08.19 13:47:24.099,0.94808,0.94817,2.18,1.73
2013.08.19 13:47:24.222,0.94804,0.94815,3.19,1.35
2013.08.19 13:47:24.288,0.94804,0.94815,2.25,1.35
2013.08.19 13:47:24.837,0.94802,0.94814,1.77,1.35
2013.08.19 13:47:25.259,0.94802,0.94815,2.44,2.55
2013.08.19 13:47:25.661,0.94803,0.94815,1.13,1.80
2013.08.19 13:47:26.628,0.94805,0.94817,1.62,1.50
2013.08.19 13:47:26.688,0.94805,0.94817,3.12,1.50
2013.08.19 13:47:26.808,0.94808,0.9482,2.37,1.43
2013.08.19 13:47:26.927,0.94809,0.94821,1.43,1.50
2013.08.19 13:47:26.987,0.94809,0.94822,1.50,1.62
2013.08.19 13:47:27.108,0.94811,0.94824,1.43,2.93
2013.08.19 13:47:27.468,0.9481,0.94821,1.50,3.64
2013.08.19 13:47:27.708,0.94813,0.94825,1.43,1.32
2013.08.19 13:47:28.958,0.94812,0.94825,1.35,2.07
2013.08.19 13:47:30.160,0.94812,0.94824,1.69,1.35
2013.08.19 13:47:45.679,0.94811,0.94823,1.99,1.43
2013.08.19 13:47:46.708,0.94812,0.94822,1.69,1.43
2013.08.19 13:47:52.897,0.94812,0.94822,1.69,1.43
2013.08.19 13:47:53.938,0.94812,0.94824,1.69,1.43
2013.08.19 13:47:54.958,0.94812,0.94824,1.69,1.80
2013.08.19 13:47:55.259,0.94806,0.94817,1.13,1.80
2013.08.19 13:47:57.297,0.94804,0.94816,1.62,1.13
2013.08.19 13:47:57.818,0.94803,0.94816,4.17,1.13
2013.08.19 13:47:57.880,0.94804,0.94815,1.62,1.13
2013.08.19 13:47:58.238,0.94798,0.9481,1.69,1.13
2013.08.19 13:47:58.748,0.94798,0.94809,1.02,1.24
2013.08.19 13:47:58.934,0.94798,0.9481,1.02,2.67
2013.08.19 13:47:59.059,0.94798,0.9481,1.20,2.10
2013.08.19 13:47:59.360,0.94803,0.94811,1.13,1.35
2013.08.19 13:47:59.480,0.94803,0.94814,1.13,1.80
2013.08.19 13:48:14.208,0.94803,0.94815,3.30,1.05
2013.08.19 13:48:17.517,0.94803,0.94817,3.98,3.49
2013.08.19 13:48:17.877,0.94803,0.94814,1.13,1.24
2013.08.19 13:48:17.998,0.94803,0.94814,1.13,1.24
2013.08.19 13:48:18.830,0.94803,0.94814,1.13,1.99
2013.08.19 13:48:22.918,0.94803,0.94814,1.13,1.24
2013.08.19 13:48:23.038,0.94801,0.94812,1.35,1.13
2013.08.19 13:48:23.098,0.948,0.94812,1.62,1.32
2013.08.19 13:48:23.460,0.94798,0.94809,1.02,1.13
2013.08.19 13:48:23.817,0.94799,0.94809,2.37,1.13
2013.08.19 13:48:24.214,0.94803,0.94811,1.13,1.35
2013.08.19 13:48:24.769,0.94798,0.94809,3.68,1.13
2013.08.19 13:48:25.289,0.94798,0.9481,1.88,1.62
2013.08.19 13:48:25.410,0.94803,0.94811,1.13,1.43
2013.08.19 13:48:25.532,0.94803,0.94812,1.13,1.99
2013.08.19 13:48:25.718,0.94803,0.94814,1.13,1.99
2013.08.19 13:48:29.308,0.94803,0.94814,3.23,1.13
2013.08.19 13:48:29.818,0.94803,0.94811,1.13,1.13
2013.08.19 13:48:30.218,0.94799,0.94811,1.05,1.73
2013.08.19 13:48:30.278,0.94798,0.9481,1.43,1.24
2013.08.19 13:48:30.579,0.94795,0.94808,1.54,2.07
2013.08.19 13:48:30.938,0.94797,0.94809,1.20,1.62
2013.08.19 13:48:31.238,0.94801,0.94813,1.43,1.62
2013.08.19 13:48:31.298,0.948,0.94812,2.10,1.50
2013.08.19 13:48:31.597,0.94802,0.94813,1.58,1.99
2013.08.19 13:48:31.790,0.94802,0.94813,1.58,1.99
2013.08.19 13:48:32.377,0.94802,0.94813,1.58,1.99
2013.08.19 13:48:32.677,0.94802,0.94814,2.25,1.43
2013.08.19 13:48:33.237,0.94802,0.94815,2.74,1.99
2013.08.19 13:48:34.448,0.94802,0.94814,1.69,2.48
2013.08.19 13:48:35.724,0.94802,0.94814,1.58,2.48
2013.08.19 13:48:39.158,0.94803,0.94815,1.50,1.99
2013.08.19 13:48:39.398,0.94805,0.94816,1.43,1.13
2013.08.19 13:48:41.199,0.94804,0.94816,1.35,1.80
2013.08.19 13:48:41.258,0.94805,0.94816,1.50,1.80
2013.08.19 13:48:41.798,0.94807,0.94818,1.69,1.43
2013.08.19 13:48:42.099,0.94806,0.94818,1.62,1.43
2013.08.19 13:48:45.017,0.94807,0.94819,1.50,3.42
2013.08.19 13:48:45.318,0.94812,0.94823,1.13,2.48
2013.08.19 13:48:45.868,0.94812,0.94823,1.13,1.80
2013.08.19 13:48:46.658,0.94811,0.94823,2.37,1.43
2013.08.19 13:48:51.270,0.94813,0.94825,1.43,2.74
2013.08.19 13:48:51.820,0.94813,0.94825,2.29,1.88
2013.08.19 13:48:52.148,0.94813,0.94825,2.29,1.88
2013.08.19 13:48:52.676,0.94812,0.94823,1.02,1.05
2013.08.19 13:48:53.458,0.94813,0.94823,1.13,1.05
2013.08.19 13:48:54.000,0.94813,0.94824,1.88,1.35
2013.08.19 13:48:54.560,0.94813,0.94825,1.88,2.48
2013.08.19 13:48:56.541,0.94816,0.94825,2.48,2.10
2013.08.19 13:48:56.885,0.94831,0.94841,1.13,2.85
2013.08.19 13:48:56.948,0.94831,0.94841,1.13,2.10
2013.08.19 13:48:57.009,0.94831,0.94843,1.13,2.48
2013.08.19 13:48:57.368,0.94831,0.94842,1.32,1.05
2013.08.19 13:48:58.482,0.94832,0.94841,1.13,2.10
2013.08.19 13:48:58.838,0.94833,0.94845,1.50,1.35
2013.08.19 13:48:59.378,0.94833,0.94846,2.18,2.10
2013.08.19 13:48:59.838,0.94833,0.94846,2.74,2.10
2013.08.19 13:49:00.811,0.94835,0.94845,1.50,1.05
2013.08.19 13:49:01.167,0.94833,0.94844,1.50,1.80
2013.08.19 13:49:01.708,0.94835,0.94846,1.43,1.88
2013.08.19 13:49:02.249,0.94834,0.94846,1.88,2.29
2013.08.19 13:49:02.808,0.94835,0.94847,1.50,2.18
2013.08.19 13:49:05.109,0.94836,0.94847,1.13,1.62
2013.08.19 13:49:06.000,0.94836,0.94847,1.13,1.62
2013.08.19 13:49:06.962,0.94837,0.94844,1.69,1.24
2013.08.19 13:49:08.589,0.94836,0.94844,1.69,1.24
2013.08.19 13:49:08.828,0.94836,0.94846,1.69,1.62
2013.08.19 13:49:08.889,0.94836,0.94847,2.44,1.43
2013.08.19 13:49:09.069,0.94838,0.9485,1.02,1.80
2013.08.19 13:49:09.249,0.94839,0.94848,1.35,1.13
2013.08.19 13:49:09.487,0.94838,0.94848,1.58,1.73
2013.08.19 13:49:09.908,0.94838,0.9485,2.93,1.54
2013.08.19 13:49:10.388,0.94841,0.94853,1.62,1.32
2013.08.19 13:49:12.108,0.94842,0.94853,1.58,1.32
2013.08.19 13:49:12.168,0.94843,0.94853,1.50,1.32
2013.08.19 13:49:12.708,0.94843,0.94853,1.50,1.32
2013.08.19 13:49:18.130,0.94844,0.94854,1.43,1.69
2013.08.19 13:49:18.192,0.94844,0.94855,1.43,2.18
2013.08.19 13:49:18.260,0.94845,0.94857,1.43,2.37
2013.08.19 13:49:18.621,0.94845,0.94857,1.43,3.49
2013.08.19 13:49:19.361,0.94846,0.94857,1.50,3.79
2013.08.19 13:49:19.490,0.94847,0.94857,2.40,2.44
2013.08.19 13:49:19.669,0.94849,0.94861,1.99,1.69
2013.08.19 13:49:20.269,0.94848,0.94862,2.85,3.49
2013.08.19 13:49:20.508,0.94848,0.94859,2.55,1.32
2013.08.19 13:49:20.568,0.94848,0.9486,2.55,2.74
2013.08.19 13:49:21.899,0.94848,0.94859,2.18,1.32
2013.08.19 13:49:22.561,0.94851,0.94859,1.32,1.43
2013.08.19 13:49:22.749,0.94852,0.94864,1.62,1.80
2013.08.19 13:49:22.809,0.94852,0.94863,1.62,1.13
2013.08.19 13:49:22.999,0.94851,0.94863,2.44,1.05
2013.08.19 13:49:23.300,0.94851,0.94862,1.69,1.80
2013.08.19 13:49:23.848,0.94853,0.94863,1.20,1.43
2013.08.19 13:49:24.359,0.94851,0.94863,1.69,1.43
2013.08.19 13:49:25.668,0.94853,0.94864,1.50,1.73
2013.08.19 13:49:25.907,0.94853,0.94866,2.93,1.54
2013.08.19 13:49:26.851,0.94854,0.94866,1.35,1.92
2013.08.19 13:49:27.039,0.94855,0.94867,1.43,1.99
2013.08.19 13:49:27.160,0.94858,0.94869,1.62,1.43
2013.08.19 13:49:27.218,0.94858,0.94871,1.62,1.43
2013.08.19 13:49:27.714,0.94858,0.9487,1.69,1.35
2013.08.19 13:49:28.019,0.94854,0.94864,2.07,1.35
2013.08.19 13:49:29.748,0.94853,0.94864,3.00,1.35
2013.08.19 13:49:30.309,0.94853,0.94863,1.88,1.35
2013.08.19 13:49:31.078,0.94853,0.94863,1.58,1.35
2013.08.19 13:49:31.907,0.94852,0.94863,2.29,1.35
2013.08.19 13:49:32.758,0.94852,0.94861,1.35,1.35
2013.08.19 13:49:33.260,0.94851,0.9486,2.33,1.35
2013.08.19 13:49:33.982,0.94851,0.94861,2.33,1.35
2013.08.19 13:49:34.427,0.9485,0.94861,1.32,1.35
2013.08.19 13:49:35.399,0.94851,0.94861,1.20,1.35
2013.08.19 13:49:36.270,0.94851,0.94861,1.20,1.35
2013.08.19 13:49:37.708,0.9485,0.94862,1.69,1.43
2013.08.19 13:49:39.378,0.94851,0.94862,1.20,1.43
2013.08.19 13:49:42.558,0.94851,0.94862,1.13,1.43
2013.08.19 13:49:42.738,0.94851,0.94861,1.13,1.35
2013.08.19 13:49:43.378,0.94851,0.94862,1.13,3.04
2013.08.19 13:49:45.228,0.94851,0.94862,1.13,1.69
2013.08.19 13:49:48.295,0.94851,0.94863,1.50,1.62
2013.08.19 13:49:49.051,0.94851,0.94863,1.50,1.62
2013.08.19 13:49:49.408,0.94854,0.94864,1.05,1.43
2013.08.19 13:49:49.467,0.94854,0.94867,1.73,3.87
2013.08.19 13:49:52.389,0.94855,0.94867,1.88,2.18
2013.08.19 13:49:52.568,0.94859,0.94868,1.13,1.62
2013.08.19 13:49:52.688,0.94863,0.94872,1.13,2.29
2013.08.19 13:49:52.989,0.94858,0.94869,1.69,1.54
2013.08.19 13:49:53.348,0.94857,0.94867,2.74,2.29
2013.08.19 13:49:53.780,0.94856,0.94867,1.32,2.67
2013.08.19 13:49:54.328,0.94856,0.94867,1.13,2.29
2013.08.19 13:49:54.888,0.94855,0.94866,1.13,1.54
2013.08.19 13:49:55.759,0.94853,0.94865,1.13,1.99
2013.08.19 13:49:56.118,0.9485,0.9486,1.88,1.80
2013.08.19 13:49:56.679,0.94847,0.94859,2.18,1.50
2013.08.19 13:49:57.577,0.9485,0.94859,1.13,1.50
2013.08.19 13:49:58.378,0.9485,0.94862,1.62,2.18
2013.08.19 13:49:59.087,0.94852,0.94864,1.43,1.62
2013.08.19 13:49:59.359,0.94852,0.94863,1.43,1.69
2013.08.19 13:50:06.098,0.94854,0.94865,1.99,1.69
2013.08.19 13:50:06.338,0.94854,0.94867,1.24,2.37
2013.08.19 13:50:06.638,0.94853,0.94866,3.87,1.43
2013.08.19 13:50:07.118,0.94856,0.94867,2.67,1.50
2013.08.19 13:50:07.689,0.94856,0.94867,3.42,1.50
2013.08.19 13:50:08.103,0.94858,0.94867,1.32,1.50
2013.08.19 13:50:09.018,0.94856,0.94866,1.35,2.10
2013.08.19 13:50:10.398,0.94856,0.94866,1.17,2.10
2013.08.19 13:50:10.518,0.94858,0.94867,1.05,1.50
2013.08.19 13:50:10.938,0.94858,0.94872,2.40,3.04
2013.08.19 13:50:11.478,0.9486,0.94871,1.13,2.37
2013.08.19 13:50:11.718,0.94857,0.94867,1.20,1.50
2013.08.19 13:50:12.389,0.94857,0.94867,1.13,2.37
2013.08.19 13:50:12.928,0.94858,0.94867,1.13,2.18
2013.08.19 13:50:13.620,0.94856,0.94867,1.32,1.43
2013.08.19 13:50:13.738,0.94856,0.94866,1.32,1.62
2013.08.19 13:50:13.858,0.94853,0.94863,1.13,2.85
2013.08.19 13:50:13.918,0.94851,0.94861,1.32,1.35
2013.08.19 13:50:14.098,0.94847,0.94857,2.25,1.50
2013.08.19 13:50:14.589,0.94848,0.9486,1.32,2.10
2013.08.19 13:50:14.649,0.94848,0.94861,1.99,2.37
2013.08.19 13:50:14.769,0.94849,0.94862,1.88,2.29
2013.08.19 13:50:15.277,0.94849,0.94862,2.55,2.29
2013.08.19 13:50:17.488,0.9485,0.94861,1.50,1.62
2013.08.19 13:50:17.548,0.9485,0.94859,1.13,1.50
2013.08.19 13:50:17.788,0.94848,0.94857,1.95,1.50
2013.08.19 13:50:17.849,0.94848,0.94857,1.20,1.50
2013.08.19 13:50:19.498,0.94848,0.94857,1.13,1.50
2013.08.19 13:50:19.557,0.94848,0.94858,1.13,1.69
2013.08.19 13:50:20.098,0.94848,0.94859,1.13,1.62
2013.08.19 13:50:20.598,0.9485,0.94859,1.13,1.62
2013.08.19 13:50:20.717,0.94852,0.94861,1.20,2.29
2013.08.19 13:50:21.193,0.94853,0.94863,1.13,2.29
2013.08.19 13:50:21.259,0.94852,0.94863,1.20,2.29
2013.08.19 13:50:25.608,0.94852,0.94864,1.20,2.29
2013.08.19 13:50:25.978,0.94853,0.94863,1.50,1.62
2013.08.19 13:50:27.498,0.9485,0.94862,1.20,2.37
2013.08.19 13:50:31.010,0.94851,0.94862,1.13,3.12
2013.08.19 13:50:31.368,0.94851,0.94862,2.55,1.50
2013.08.19 13:50:33.948,0.94853,0.94864,1.69,2.29
2013.08.19 13:50:34.522,0.94853,0.94865,1.69,2.37
2013.08.19 13:50:35.202,0.94853,0.94865,2.25,2.37
2013.08.19 13:50:37.338,0.94854,0.94866,1.99,1.43
2013.08.19 13:50:39.261,0.94858,0.9487,2.63,1.62
2013.08.19 13:50:44.680,0.94858,0.94867,1.62,1.50
2013.08.19 13:50:45.046,0.94857,0.94867,1.92,1.50
2013.08.19 13:50:45.348,0.94852,0.94861,4.24,1.50
2013.08.19 13:50:45.408,0.94844,0.94858,2.78,1.13
2013.08.19 13:50:45.528,0.94847,0.94853,1.35,1.50
2013.08.19 13:50:45.649,0.94847,0.94852,1.35,1.50
2013.08.19 13:50:45.771,0.94844,0.94852,1.05,1.50
2013.08.19 13:50:46.032,0.94842,0.94852,1.13,1.50
2013.08.19 13:50:46.278,0.9484,0.94852,1.24,1.88
2013.08.19 13:50:46.638,0.94836,0.94847,2.74,1.50
2013.08.19 13:50:46.698,0.94839,0.94847,1.13,1.50
2013.08.19 13:50:46.760,0.94841,0.94851,1.13,1.62
2013.08.19 13:50:46.878,0.94842,0.94849,1.13,1.43
2013.08.19 13:50:47.062,0.9484,0.94849,1.92,1.50
2013.08.19 13:50:47.488,0.94839,0.94849,1.24,2.18
2013.08.19 13:50:47.793,0.94843,0.94852,1.88,2.10
2013.08.19 13:50:47.980,0.94842,0.9485,1.32,1.50
2013.08.19 13:50:48.338,0.94834,0.94846,1.43,1.43
2013.08.19 13:50:48.981,0.94835,0.94846,1.05,1.50
2013.08.19 13:50:49.521,0.94832,0.94842,1.05,1.50
2013.08.19 13:50:50.033,0.94832,0.94842,1.05,1.50
2013.08.19 13:50:50.479,0.94831,0.94842,2.48,1.50
2013.08.19 13:50:50.599,0.94831,0.94842,2.48,1.50
2013.08.19 13:50:51.261,0.94829,0.94841,1.24,1.43
2013.08.19 13:50:51.380,0.94829,0.94842,1.24,3.60
2013.08.19 13:50:51.558,0.94828,0.9484,1.20,1.62
2013.08.19 13:50:52.070,0.94824,0.94837,3.90,2.29
2013.08.19 13:50:52.391,0.94824,0.94837,3.53,2.29
2013.08.19 13:50:52.529,0.94824,0.94837,3.53,2.29
2013.08.19 13:50:53.068,0.94824,0.94837,2.78,2.29
2013.08.19 13:50:53.900,0.94826,0.94838,1.20,3.12
2013.08.19 13:50:54.094,0.94826,0.94838,1.20,2.37
2013.08.19 13:50:54.398,0.9483,0.9484,1.05,1.50
2013.08.19 13:50:55.918,0.94832,0.94842,1.13,1.50
2013.08.19 13:50:58.298,0.94832,0.94842,1.13,1.50
2013.08.19 13:50:58.598,0.9483,0.94842,1.35,1.50
2013.08.19 13:50:58.837,0.94828,0.94839,1.20,1.62
2013.08.19 13:50:59.327,0.94828,0.94837,1.13,1.43
2013.08.19 13:50:59.508,0.94822,0.94832,1.88,1.88
2013.08.19 13:50:59.929,0.94818,0.9483,1.69,1.99
2013.08.19 13:51:00.348,0.94822,0.94833,1.43,1.62
2013.08.19 13:51:00.589,0.94824,0.94837,2.29,2.44
2013.08.19 13:51:01.137,0.94825,0.94837,1.50,1.69
2013.08.19 13:51:01.600,0.94826,0.94837,1.50,1.69
2013.08.19 13:51:02.139,0.94826,0.94837,2.25,1.50
2013.08.19 13:51:02.448,0.94826,0.94837,1.58,2.18
2013.08.19 13:51:03.501,0.94826,0.94837,1.58,2.18
2013.08.19 13:51:03.809,0.94828,0.94838,2.25,1.62
2013.08.19 13:51:04.108,0.94832,0.94843,1.62,1.50
2013.08.19 13:51:04.288,0.94832,0.94842,1.62,1.50
2013.08.19 13:51:12.868,0.94834,0.94846,1.43,1.35
2013.08.19 13:51:13.899,0.94834,0.94846,2.48,1.35
2013.08.19 13:51:14.489,0.94834,0.94847,2.48,3.53
2013.08.19 13:51:14.548,0.94835,0.94847,1.50,2.78
2013.08.19 13:51:14.728,0.94837,0.94849,1.43,2.18
2013.08.19 13:51:15.569,0.94838,0.94849,1.50,2.18
2013.08.19 13:51:15.868,0.94838,0.94849,1.13,1.62
2013.08.19 13:51:16.228,0.94839,0.9485,1.99,1.69
2013.08.19 13:51:16.588,0.94843,0.94853,1.50,1.50
2013.08.19 13:51:17.877,0.94843,0.94854,1.13,1.62
2013.08.19 13:51:21.889,0.94843,0.94855,1.80,1.69
2013.08.19 13:51:23.118,0.94843,0.94854,1.13,3.04
2013.08.19 13:51:23.478,0.94842,0.94848,1.32,1.50
2013.08.19 13:51:23.538,0.94841,0.94848,1.62,1.50
2013.08.19 13:51:23.598,0.94837,0.94848,2.55,2.10
2013.08.19 13:51:23.658,0.94834,0.94847,2.55,1.43
2013.08.19 13:51:23.718,0.94833,0.94847,3.12,1.43
2013.08.19 13:51:24.079,0.94835,0.94845,1.35,1.43
2013.08.19 13:51:24.879,0.94834,0.94845,1.32,1.43
2013.08.19 13:51:27.529,0.94833,0.94841,1.32,1.13
2013.08.19 13:51:27.650,0.94833,0.94841,1.13,2.18
2013.08.19 13:51:27.708,0.94831,0.94838,1.02,1.35
2013.08.19 13:51:27.830,0.94828,0.94841,2.44,1.73
2013.08.19 13:51:27.892,0.94828,0.9484,2.44,1.05
2013.08.19 13:51:28.440,0.94831,0.94842,1.77,2.70
2013.08.19 13:51:28.619,0.94838,0.94845,1.13,1.43
2013.08.19 13:51:29.157,0.94838,0.94848,1.13,1.43
2013.08.19 13:51:30.098,0.94839,0.94849,1.32,1.54
2013.08.19 13:51:31.938,0.94835,0.94846,3.68,1.50
2013.08.19 13:51:31.998,0.94835,0.94846,1.43,2.25
2013.08.19 13:51:32.057,0.94833,0.94846,1.54,3.12
2013.08.19 13:51:34.308,0.94832,0.94842,1.80,1.50
2013.08.19 13:51:36.290,0.9483,0.94841,1.69,2.18
2013.08.19 13:51:36.412,0.94829,0.9484,1.77,1.43
2013.08.19 13:51:36.481,0.94829,0.94839,1.69,1.62
2013.08.19 13:51:36.610,0.94826,0.94833,1.43,1.13
2013.08.19 13:51:36.728,0.94821,0.94833,1.80,1.13
2013.08.19 13:51:37.100,0.9482,0.94832,1.50,1.43
2013.08.19 13:51:37.640,0.94821,0.94833,1.62,1.43
2013.08.19 13:51:37.758,0.94823,0.94836,2.18,2.18
2013.08.19 13:51:37.878,0.94822,0.94833,1.62,1.43
2013.08.19 13:51:38.058,0.94821,0.94833,1.99,2.18
2013.08.19 13:51:38.178,0.94822,0.94834,1.69,1.43
2013.08.19 13:51:38.238,0.94823,0.94835,1.58,1.43
2013.08.19 13:51:38.853,0.94825,0.94837,1.43,2.37
2013.08.19 13:51:44.729,0.94826,0.94836,1.13,1.43
2013.08.19 13:51:45.148,0.94826,0.94838,1.88,1.35
2013.08.19 13:51:45.328,0.94828,0.94841,2.37,1.54
2013.08.19 13:51:45.885,0.94828,0.94841,3.12,1.54
2013.08.19 13:51:46.429,0.94828,0.9484,3.12,1.54
2013.08.19 13:51:46.488,0.94828,0.9484,3.68,1.54
2013.08.19 13:51:46.728,0.94829,0.94842,1.05,1.99
2013.08.19 13:51:49.068,0.94831,0.94842,1.50,2.74
2013.08.19 13:51:49.552,0.94829,0.9484,2.25,1.28
2013.08.19 13:51:49.858,0.94837,0.94845,1.50,3.98
2013.08.19 13:51:49.919,0.94837,0.94845,1.50,2.55
2013.08.19 13:51:50.479,0.94838,0.94849,1.50,1.43
2013.08.19 13:51:50.628,0.94838,0.9485,1.69,1.35
2013.08.19 13:51:50.999,0.94838,0.94848,1.69,1.05
2013.08.19 13:51:51.300,0.94832,0.94841,1.58,1.54
2013.08.19 13:51:51.358,0.94831,0.94841,1.13,1.54
2013.08.19 13:51:51.418,0.9483,0.94841,1.13,1.54
2013.08.19 13:51:51.478,0.94833,0.94841,1.50,1.35
2013.08.19 13:51:51.538,0.94833,0.94843,1.50,1.54
2013.08.19 13:51:51.719,0.94836,0.94847,1.13,2.85
2013.08.19 13:51:52.265,0.94836,0.94849,1.80,1.62
2013.08.19 13:51:52.638,0.94837,0.94849,1.50,1.62
2013.08.19 13:51:53.067,0.94836,0.94847,1.50,1.80
2013.08.19 13:51:53.568,0.94836,0.94846,1.50,1.54
2013.08.19 13:51:53.838,0.94836,0.94848,2.18,3.87
2013.08.19 13:51:54.198,0.94838,0.94849,1.88,1.62
2013.08.19 13:51:54.319,0.94842,0.94854,1.43,2.67
2013.08.19 13:51:54.379,0.94846,0.94854,1.13,2.29
2013.08.19 13:51:54.617,0.94846,0.94858,3.23,1.43
2013.08.19 13:51:57.298,0.94847,0.94856,1.32,1.35
2013.08.19 13:51:57.619,0.94845,0.94854,2.25,1.35
2013.08.19 13:51:58.129,0.94845,0.94855,1.69,1.35
2013.08.19 13:51:58.310,0.94845,0.94854,1.62,1.43
2013.08.19 13:51:58.668,0.9484,0.94847,1.32,2.29
2013.08.19 13:51:58.728,0.94838,0.94847,1.39,2.29
2013.08.19 13:51:58.908,0.94838,0.94847,1.48,1.62
2013.08.19 13:51:59.438,0.94839,0.94848,1.48,1.62
2013.08.19 13:51:59.557,0.94839,0.94848,1.02,1.62
2013.08.19 13:51:59.868,0.94836,0.94846,1.05,2.40
2013.08.19 13:52:00.502,0.94832,0.94843,1.39,1.62
2013.08.19 13:52:01.198,0.94832,0.94845,1.50,1.62
2013.08.19 13:52:01.258,0.94833,0.94845,2.18,1.62
2013.08.19 13:52:02.268,0.94836,0.94846,1.50,3.34
2013.08.19 13:52:03.440,0.94836,0.94846,1.50,1.84
2013.08.19 13:52:03.558,0.94838,0.9485,1.05,1.54
2013.08.19 13:52:03.678,0.9484,0.94852,1.69,2.29
2013.08.19 13:52:03.857,0.94842,0.94853,1.43,1.69
2013.08.19 13:52:04.430,0.94843,0.94854,1.88,2.74
2013.08.19 13:52:05.135,0.94847,0.94856,1.13,2.22
2013.08.19 13:52:05.559,0.94849,0.94859,1.13,1.50
2013.08.19 13:52:05.800,0.94851,0.94862,1.13,2.48
2013.08.19 13:52:05.920,0.94858,0.94864,1.50,1.47
2013.08.19 13:52:05.980,0.94858,0.94867,1.69,1.43
2013.08.19 13:52:06.038,0.94858,0.94868,1.69,1.54
2013.08.19 13:52:06.621,0.94859,0.94871,1.99,2.37
2013.08.19 13:52:09.050,0.94859,0.94871,1.62,3.12
2013.08.19 13:52:09.415,0.94857,0.94865,1.50,2.03
2013.08.19 13:52:09.919,0.9485,0.94863,1.43,2.37
2013.08.19 13:52:10.278,0.94855,0.94867,1.80,1.62
2013.08.19 13:52:10.338,0.94855,0.94868,1.80,2.29
2013.08.19 13:52:10.638,0.94857,0.94869,1.80,1.62
2013.08.19 13:52:11.078,0.94857,0.94869,1.80,2.29
2013.08.19 13:52:11.438,0.94856,0.94866,1.50,2.10
2013.08.19 13:52:13.361,0.94854,0.94866,1.50,2.85
2013.08.19 13:52:13.750,0.94853,0.94864,1.32,1.50
2013.08.19 13:52:13.808,0.94853,0.94864,1.32,1.13
2013.08.19 13:52:14.107,0.94853,0.94866,1.80,1.62
2013.08.19 13:52:14.876,0.94854,0.94867,1.62,2.74
2013.08.19 13:52:14.999,0.94853,0.94864,2.10,1.13
2013.08.19 13:52:15.119,0.94851,0.94864,2.07,1.43
2013.08.19 13:52:15.238,0.94851,0.94864,1.39,2.10
2013.08.19 13:52:15.418,0.94854,0.94867,1.50,3.60
2013.08.19 13:52:16.048,0.94852,0.94865,2.37,1.35
2013.08.19 13:52:16.408,0.94855,0.94866,1.13,1.35
2013.08.19 13:52:17.004,0.94855,0.94867,1.13,2.10
2013.08.19 13:52:17.349,0.94855,0.94867,1.13,2.10
2013.08.19 13:52:21.028,0.94856,0.94868,1.69,1.62
2013.08.19 13:52:21.268,0.9486,0.94869,1.13,2.10
2013.08.19 13:52:21.628,0.94863,0.94876,2.55,1.43
2013.08.19 13:52:22.158,0.94863,0.94876,2.55,1.43
2013.08.19 13:52:23.041,0.94863,0.94876,3.49,1.43
2013.08.19 13:52:23.220,0.94869,0.94878,1.80,1.43
2013.08.19 13:52:23.281,0.94871,0.94882,1.05,1.50
2013.08.19 13:52:23.708,0.94873,0.94884,1.13,1.43
2013.08.19 13:52:24.708,0.94871,0.94883,1.24,1.88
2013.08.19 13:52:24.948,0.9487,0.94882,1.62,2.93
2013.08.19 13:52:25.609,0.94868,0.9488,1.13,2.18
2013.08.19 13:52:25.733,0.94867,0.94877,1.69,1.50
2013.08.19 13:52:26.278,0.94864,0.94876,2.55,1.62
2013.08.19 13:52:27.458,0.94865,0.94877,1.80,1.50
2013.08.19 13:52:27.978,0.94865,0.94876,1.13,1.43
2013.08.19 13:52:28.328,0.94862,0.94874,2.22,1.13
2013.08.19 13:52:28.508,0.94861,0.94873,1.43,2.18
2013.08.19 13:52:28.569,0.94861,0.94872,1.43,1.50
2013.08.19 13:52:28.933,0.94859,0.9487,1.73,1.50
2013.08.19 13:52:28.998,0.94858,0.9487,1.54,1.50
2013.08.19 13:52:29.548,0.94858,0.9487,1.35,1.50
2013.08.19 13:52:29.668,0.94859,0.9487,1.43,1.50
2013.08.19 13:52:29.908,0.94859,0.94871,1.43,1.50
2013.08.19 13:52:30.268,0.94861,0.94872,1.69,1.50
2013.08.19 13:52:30.847,0.94861,0.94873,1.69,2.18
2013.08.19 13:52:32.199,0.94863,0.94873,1.43,1.50
2013.08.19 13:52:32.558,0.9487,0.94878,2.03,1.50
2013.08.19 13:52:32.859,0.94874,0.94882,1.35,2.10
2013.08.19 13:52:33.398,0.94872,0.9488,2.10,1.50
2013.08.19 13:52:33.598,0.94872,0.94881,2.10,1.50
2013.08.19 13:52:33.658,0.94873,0.94881,2.18,1.50
2013.08.19 13:52:33.959,0.94879,0.94885,1.43,1.50
2013.08.19 13:52:34.318,0.94883,0.9489,1.43,1.13
2013.08.19 13:52:34.618,0.9488,0.94893,1.13,2.18
2013.08.19 13:52:34.918,0.94879,0.94891,2.67,1.13
2013.08.19 13:52:35.278,0.94878,0.94888,1.02,1.43
2013.08.19 13:52:35.737,0.94879,0.94891,1.35,1.50
2013.08.19 13:52:36.369,0.94879,0.94891,1.35,1.50
2013.08.19 13:52:36.548,0.9488,0.94891,1.62,1.50
2013.08.19 13:52:36.848,0.94882,0.94894,1.50,1.88
2013.08.19 13:52:36.908,0.94883,0.94894,1.20,1.50
2013.08.19 13:52:37.028,0.94883,0.94895,1.39,1.43
2013.08.19 13:52:37.088,0.94883,0.94894,1.69,1.13
2013.08.19 13:52:37.208,0.94883,0.94896,1.50,1.05
2013.08.19 13:52:37.388,0.94882,0.94893,1.50,1.50
2013.08.19 13:52:37.749,0.9488,0.94892,1.62,2.74
2013.08.19 13:52:37.868,0.94878,0.94891,2.44,1.43
2013.08.19 13:52:39.028,0.94878,0.94891,2.25,2.18
2013.08.19 13:52:39.088,0.94878,0.94891,2.44,1.43
2013.08.19 13:52:39.328,0.94881,0.94892,1.43,1.69
2013.08.19 13:52:39.448,0.94882,0.94895,1.05,2.37
2013.08.19 13:52:39.808,0.94886,0.94897,1.35,1.50
2013.08.19 13:52:40.109,0.94884,0.94895,1.54,1.13
2013.08.19 13:52:40.410,0.94882,0.94894,1.80,1.43
2013.08.19 13:52:40.648,0.94882,0.94893,1.50,1.13
2013.08.19 13:52:41.368,0.94881,0.94893,1.69,1.62
2013.08.19 13:52:43.678,0.94881,0.94893,2.37,1.69
2013.08.19 13:52:44.218,0.94883,0.94895,1.58,2.10
2013.08.19 13:52:44.768,0.94883,0.94895,1.69,1.35
2013.08.19 13:52:45.304,0.94883,0.94896,2.37,2.29
2013.08.19 13:52:45.681,0.94885,0.94896,1.50,2.29
2013.08.19 13:52:46.159,0.9489,0.94898,1.20,1.43
2013.08.19 13:52:46.460,0.94893,0.94903,1.13,1.50
2013.08.19 13:52:46.580,0.94893,0.94905,1.88,2.10
2013.08.19 13:52:47.680,0.94893,0.94905,3.00,2.10
2013.08.19 13:52:48.213,0.94893,0.94903,2.63,1.35
2013.08.19 13:52:48.519,0.94893,0.949,1.13,1.35
2013.08.19 13:52:49.058,0.94888,0.94897,2.25,1.35
2013.08.19 13:52:49.299,0.94888,0.94897,1.13,1.35
2013.08.19 13:52:49.418,0.94886,0.94898,1.88,1.35
2013.08.19 13:52:49.960,0.94886,0.94899,1.88,1.35
2013.08.19 13:52:50.020,0.94886,0.94898,1.13,1.43
2013.08.19 13:52:50.140,0.94885,0.94897,1.43,1.43
2013.08.19 13:52:50.260,0.94883,0.94895,1.43,1.43
2013.08.19 13:52:50.560,0.94883,0.94893,1.50,1.43
2013.08.19 13:52:50.619,0.94882,0.94893,1.88,1.43
2013.08.19 13:52:50.741,0.94883,0.94894,1.80,1.69
2013.08.19 13:52:51.049,0.94891,0.94901,1.80,1.43
2013.08.19 13:52:51.349,0.94891,0.94902,1.80,1.43
2013.08.19 13:52:51.910,0.94891,0.94902,1.80,1.50
2013.08.19 13:52:52.459,0.94892,0.94904,1.62,1.69
2013.08.19 13:52:53.054,0.94893,0.94905,1.58,2.37
2013.08.19 13:52:54.300,0.94892,0.94904,2.37,1.69
2013.08.19 13:52:54.658,0.94895,0.94904,2.10,1.54
2013.08.19 13:52:54.958,0.94898,0.94908,1.50,1.69
2013.08.19 13:52:55.018,0.94898,0.94909,1.50,1.69
2013.08.19 13:52:55.699,0.94897,0.94908,1.43,1.69
2013.08.19 13:52:55.759,0.94896,0.94907,1.43,1.50
2013.08.19 13:52:55.820,0.94895,0.94907,2.18,1.69
2013.08.19 13:52:56.010,0.94893,0.94906,2.25,3.04
2013.08.19 13:52:56.128,0.94894,0.94905,1.58,1.62
2013.08.19 13:52:56.340,0.94893,0.94905,2.25,1.62
2013.08.19 13:52:56.579,0.94891,0.94902,1.13,3.12
2013.08.19 13:52:57.152,0.94891,0.94899,1.13,2.10
2013.08.19 13:52:58.640,0.94889,0.949,1.58,2.10
2013.08.19 13:52:58.879,0.9489,0.94902,1.43,2.18
2013.08.19 13:52:59.119,0.94888,0.949,3.12,1.43
2013.08.19 13:52:59.621,0.94888,0.949,2.44,2.10
2013.08.19 13:53:00.221,0.94889,0.949,1.02,2.10
2013.08.19 13:53:00.760,0.94888,0.949,2.44,2.10
2013.08.19 13:53:02.118,0.94888,0.94898,1.69,1.35
2013.08.19 13:53:02.568,0.94885,0.94896,2.33,1.35
2013.08.19 13:53:03.108,0.94883,0.94895,2.44,1.43
2013.08.19 13:53:05.420,0.94887,0.94895,1.50,1.43
2013.08.19 13:53:05.600,0.94889,0.94899,1.35,1.43
2013.08.19 13:53:05.899,0.94889,0.94901,1.43,1.43
2013.08.19 13:53:06.409,0.9489,0.94902,1.69,1.50
2013.08.19 13:53:10.618,0.94891,0.94902,1.50,1.50
2013.08.19 13:53:11.362,0.9489,0.94902,1.43,2.18
2013.08.19 13:53:11.489,0.94892,0.94902,1.50,1.50
2013.08.19 13:53:11.968,0.94893,0.94903,2.33,1.43
2013.08.19 13:53:12.088,0.94893,0.94906,3.00,1.62
2013.08.19 13:53:12.638,0.94896,0.94907,1.32,2.18
2013.08.19 13:53:14.028,0.94898,0.94907,1.58,1.35
2013.08.19 13:53:15.678,0.94896,0.94907,1.02,2.10
2013.08.19 13:53:16.168,0.94894,0.94905,1.13,1.35
2013.08.19 13:53:16.528,0.94896,0.94907,2.14,2.10
2013.08.19 13:53:17.928,0.94894,0.94905,1.13,1.35
2013.08.19 13:53:18.468,0.94896,0.94907,1.02,2.10
2013.08.19 13:53:21.078,0.94898,0.94907,1.13,1.35
2013.08.19 13:53:21.200,0.94898,0.94909,2.63,1.43
2013.08.19 13:53:21.318,0.94899,0.94912,2.37,3.04
2013.08.19 13:53:21.558,0.94902,0.94914,1.69,1.43
2013.08.19 13:53:21.888,0.94903,0.94915,1.50,2.10
2013.08.19 13:53:22.369,0.94903,0.94912,1.69,1.35
2013.08.19 13:53:22.489,0.94903,0.94913,1.50,1.35
2013.08.19 13:53:23.028,0.94904,0.94914,1.50,1.35
2013.08.19 13:53:23.680,0.94904,0.94915,1.50,1.35
2013.08.19 13:53:23.958,0.94904,0.94914,1.50,1.43
2013.08.19 13:53:26.430,0.94901,0.94912,2.63,1.50
2013.08.19 13:53:26.731,0.94904,0.94916,1.43,1.69
2013.08.19 13:53:27.329,0.94903,0.94916,2.85,2.44
2013.08.19 13:53:27.688,0.94906,0.94918,1.43,1.77
2013.08.19 13:53:27.932,0.94907,0.94918,1.35,1.77
2013.08.19 13:53:28.638,0.94906,0.94918,2.18,2.37
2013.08.19 13:53:29.308,0.94907,0.94918,1.35,1.50
2013.08.19 13:53:29.428,0.94906,0.94918,2.18,1.50
2013.08.19 13:53:29.678,0.94906,0.94918,2.18,2.18
2013.08.19 13:53:29.988,0.94906,0.94916,1.50,1.35
2013.08.19 13:53:30.998,0.94906,0.94917,1.50,1.43
2013.08.19 13:53:32.869,0.94908,0.94921,2.37,2.18
2013.08.19 13:53:33.048,0.9491,0.94922,1.69,2.25
2013.08.19 13:53:33.567,0.94909,0.94923,2.29,1.62
2013.08.19 13:53:34.108,0.9491,0.94923,1.69,1.43
2013.08.19 13:53:34.988,0.9491,0.94923,1.69,1.43
2013.08.19 13:53:35.230,0.9491,0.94922,1.02,2.10
2013.08.19 13:53:35.408,0.9491,0.9492,1.02,1.35
2013.08.19 13:53:35.768,0.94905,0.94918,2.74,1.43
2013.08.19 13:53:35.828,0.94906,0.94919,1.50,2.10
2013.08.19 13:53:36.478,0.94908,0.94919,1.50,2.10
2013.08.19 13:53:37.018,0.94907,0.94918,1.32,1.43
2013.08.19 13:53:37.558,0.94904,0.94917,1.50,2.10
2013.08.19 13:53:38.351,0.94903,0.94917,3.68,2.10
2013.08.19 13:53:39.718,0.94903,0.94916,3.12,1.43
2013.08.19 13:53:39.968,0.94903,0.94916,3.12,1.43
2013.08.19 13:53:40.448,0.94903,0.94914,1.69,1.35
2013.08.19 13:53:41.301,0.94903,0.94915,1.69,2.85
2013.08.19 13:53:41.848,0.94903,0.94915,2.37,1.50
2013.08.19 13:53:43.799,0.94903,0.94915,2.18,2.18
2013.08.19 13:53:44.190,0.94901,0.94914,2.55,2.18
2013.08.19 13:53:44.369,0.94903,0.94914,1.50,1.43
2013.08.19 13:53:45.000,0.94903,0.94914,1.50,1.43
2013.08.19 13:53:45.769,0.94902,0.94913,1.02,1.50
2013.08.19 13:53:46.911,0.94901,0.94911,1.80,1.80
2013.08.19 13:53:46.970,0.94899,0.94911,1.13,2.48
2013.08.19 13:53:47.211,0.94893,0.94906,1.80,1.35
2013.08.19 13:53:47.767,0.94894,0.94907,1.69,2.18
2013.08.19 13:53:48.478,0.94894,0.94907,1.50,2.18
2013.08.19 13:53:49.164,0.94894,0.94906,1.58,2.10
2013.08.19 13:53:49.699,0.94894,0.94906,1.58,2.10
2013.08.19 13:53:50.611,0.94894,0.94905,1.58,1.43
2013.08.19 13:53:50.729,0.94892,0.94905,1.62,1.43
2013.08.19 13:53:51.088,0.94894,0.94906,2.37,1.43
2013.08.19 13:53:51.508,0.94895,0.94908,1.43,2.37
2013.08.19 13:53:52.719,0.94895,0.94905,1.43,1.50
2013.08.19 13:53:52.779,0.94895,0.94905,1.43,1.50
2013.08.19 13:53:52.900,0.94894,0.94907,1.43,2.07
2013.08.19 13:53:53.139,0.94891,0.94904,1.05,2.29
2013.08.19 13:53:53.378,0.9489,0.94903,1.43,1.43
2013.08.19 13:53:53.859,0.94894,0.94903,1.20,2.18
2013.08.19 13:53:54.038,0.94895,0.94905,2.18,1.43
2013.08.19 13:53:54.098,0.94896,0.94908,1.43,1.50
2013.08.19 13:53:54.778,0.94897,0.94907,1.50,2.10
2013.08.19 13:53:56.080,0.94898,0.94908,1.50,1.50
2013.08.19 13:53:56.388,0.94894,0.94907,2.25,2.37
2013.08.19 13:53:56.571,0.94894,0.94905,1.58,1.62
2013.08.19 13:53:57.089,0.94893,0.94905,3.12,1.62
2013.08.19 13:53:57.660,0.94893,0.94905,3.00,1.62
2013.08.19 13:53:58.668,0.94893,0.94905,3.00,1.62
2013.08.19 13:53:59.298,0.94897,0.94907,1.43,1.50
2013.08.19 13:53:59.358,0.94897,0.94908,1.43,1.50
2013.08.19 13:53:59.870,0.94898,0.94908,1.50,1.50
2013.08.19 13:54:00.398,0.94898,0.94909,1.58,1.43
2013.08.19 13:54:00.578,0.94899,0.94912,1.35,2.18
2013.08.19 13:54:00.638,0.94899,0.94912,1.35,1.43
2013.08.19 13:54:00.761,0.94902,0.94912,1.13,1.43
2013.08.19 13:54:00.999,0.94903,0.94916,1.80,2.10
2013.08.19 13:54:01.239,0.94902,0.94914,1.88,2.10
2013.08.19 13:54:01.358,0.94901,0.94912,1.69,1.80
2013.08.19 13:54:01.480,0.94898,0.94912,2.10,1.80
2013.08.19 13:54:01.659,0.94899,0.94911,1.43,1.43
2013.08.19 13:54:02.580,0.94903,0.94912,1.50,1.13
2013.08.19 13:54:02.940,0.94902,0.94914,2.18,1.50
2013.08.19 13:54:03.361,0.94901,0.94912,1.50,1.35
2013.08.19 13:54:04.059,0.94903,0.9491,1.50,1.35
2013.08.19 13:54:04.978,0.94903,0.94912,1.50,1.35
2013.08.19 13:54:05.307,0.94903,0.94914,1.50,2.85
2013.08.19 13:54:08.419,0.94903,0.94912,1.50,1.35
2013.08.19 13:54:08.720,0.94896,0.94909,2.18,2.10
2013.08.19 13:54:09.019,0.94893,0.94906,1.77,1.35
2013.08.19 13:54:13.298,0.94898,0.94908,1.43,1.43
2013.08.19 13:54:13.599,0.94904,0.94912,1.35,2.25
2013.08.19 13:54:13.858,0.94904,0.94912,1.35,1.50
2013.08.19 13:54:14.161,0.94904,0.94911,1.35,1.13
2013.08.19 13:54:14.578,0.94904,0.94912,1.35,1.50
2013.08.19 13:54:14.758,0.94906,0.94912,1.35,1.50
2013.08.19 13:54:15.198,0.94903,0.94913,1.43,1.13
2013.08.19 13:54:15.942,0.94903,0.94914,1.50,2.25
2013.08.19 13:54:16.730,0.94903,0.94914,1.50,2.25
2013.08.19 13:54:18.039,0.94902,0.94912,1.73,1.50
2013.08.19 13:54:18.220,0.94898,0.94911,1.35,2.74
2013.08.19 13:54:18.338,0.94896,0.9491,1.35,1.24
2013.08.19 13:54:18.398,0.94896,0.94908,1.35,1.50
2013.08.19 13:54:18.579,0.94895,0.94907,1.50,1.05
2013.08.19 13:54:18.938,0.94893,0.94906,1.80,1.80
2013.08.19 13:54:19.658,0.94893,0.94905,1.69,1.50
2013.08.19 13:54:20.281,0.94892,0.94905,1.62,2.25
2013.08.19 13:54:22.469,0.9489,0.94903,1.43,2.25
2013.08.19 13:54:22.650,0.94888,0.94899,1.69,1.35
2013.08.19 13:54:22.830,0.94887,0.94901,1.80,2.10
2013.08.19 13:54:23.379,0.94889,0.94901,2.37,1.43
2013.08.19 13:54:24.478,0.94889,0.94901,2.18,2.18
2013.08.19 13:54:24.599,0.94889,0.949,2.18,1.50
2013.08.19 13:54:24.898,0.94886,0.94898,1.43,1.50
2013.08.19 13:54:24.958,0.94886,0.94898,1.43,1.50
2013.08.19 13:54:25.259,0.94886,0.94896,1.50,1.50
2013.08.19 13:54:25.798,0.94884,0.94896,1.73,1.50
2013.08.19 13:54:27.278,0.94884,0.94896,1.62,1.13
2013.08.19 13:54:27.638,0.94884,0.94896,1.43,1.88
2013.08.19 13:54:28.192,0.94884,0.94896,1.43,1.88
2013.08.19 13:54:28.940,0.94884,0.94896,1.43,1.50
2013.08.19 13:54:29.388,0.94883,0.94896,2.37,1.50
2013.08.19 13:54:29.809,0.9488,0.94893,2.67,2.18
2013.08.19 13:54:30.168,0.94883,0.94893,1.58,2.18
2013.08.19 13:54:31.278,0.94883,0.94895,2.93,1.50
2013.08.19 13:54:31.943,0.94883,0.94895,2.93,1.50
2013.08.19 13:54:32.250,0.94884,0.94895,1.43,1.50
2013.08.19 13:54:32.551,0.94893,0.949,1.13,1.50
2013.08.19 13:54:32.798,0.94893,0.94904,1.13,1.43
2013.08.19 13:54:33.099,0.94892,0.94902,1.43,1.13
2013.08.19 13:54:33.159,0.94889,0.949,1.54,1.13
2013.08.19 13:54:33.339,0.94888,0.94899,1.50,1.05
2013.08.19 13:54:33.458,0.94886,0.94896,1.50,1.13
2013.08.19 13:54:33.578,0.94885,0.94896,1.62,1.50
2013.08.19 13:54:33.758,0.94885,0.94895,1.69,1.43
2013.08.19 13:54:34.118,0.94881,0.94892,1.62,2.18
2013.08.19 13:54:34.358,0.94879,0.94889,1.43,1.50
2013.08.19 13:54:34.882,0.94879,0.94889,2.10,1.50
2013.08.19 13:54:35.159,0.9488,0.94889,1.43,2.14
2013.08.19 13:54:35.339,0.94875,0.94887,2.10,2.25
2013.08.19 13:54:35.462,0.94873,0.94887,2.29,2.93
2013.08.19 13:54:35.589,0.94875,0.94884,1.35,1.50
2013.08.19 13:54:35.948,0.94879,0.94886,1.35,1.50
2013.08.19 13:54:36.310,0.94883,0.94893,1.50,2.29
2013.08.19 13:54:36.431,0.94882,0.94891,1.43,1.50
2013.08.19 13:54:36.978,0.94883,0.9489,1.50,1.50
2013.08.19 13:54:37.648,0.94883,0.94891,2.18,1.50
2013.08.19 13:54:43.108,0.94884,0.94896,1.50,1.80
2013.08.19 13:54:43.288,0.94885,0.94897,2.18,2.37
2013.08.19 13:54:43.789,0.94886,0.94897,1.50,2.07
2013.08.19 13:54:44.429,0.94888,0.94897,1.50,1.50
2013.08.19 13:54:45.909,0.94888,0.94896,1.69,1.43
2013.08.19 13:54:45.969,0.94892,0.94899,1.50,1.43
2013.08.19 13:54:46.148,0.94892,0.94902,3.00,1.50
2013.08.19 13:54:46.209,0.94894,0.94904,1.43,1.13
2013.08.19 13:54:46.330,0.94893,0.94906,1.62,1.43
2013.08.19 13:54:55.621,0.94893,0.94906,2.18,1.80
2013.08.19 13:54:56.438,0.94893,0.94905,1.50,1.54
2013.08.19 13:54:56.499,0.94893,0.94905,1.50,1.35
2013.08.19 13:54:57.170,0.94895,0.94906,1.50,1.62
2013.08.19 13:55:00.468,0.94895,0.94906,2.18,1.32
2013.08.19 13:55:01.128,0.94896,0.94907,1.50,3.72
2013.08.19 13:55:01.189,0.94898,0.94907,1.05,2.44
2013.08.19 13:55:01.368,0.94901,0.94912,1.50,1.62
2013.08.19 13:55:01.908,0.94902,0.94913,1.43,1.50
2013.08.19 13:55:03.298,0.94903,0.94913,1.50,1.50
2013.08.19 13:55:08.529,0.94903,0.94913,1.50,1.50
2013.08.19 13:55:08.838,0.94903,0.94915,2.18,1.88
2013.08.19 13:55:09.409,0.94904,0.94917,1.54,2.07
2013.08.19 13:55:09.910,0.94905,0.94917,1.43,1.95
2013.08.19 13:55:12.488,0.94904,0.94915,1.32,1.43
2013.08.19 13:55:12.608,0.94905,0.94915,1.69,1.43
2013.08.19 13:55:12.788,0.94905,0.94918,3.12,2.74
2013.08.19 13:55:14.659,0.94908,0.94918,1.50,3.12
2013.08.19 13:55:15.204,0.94908,0.94917,1.50,1.13
2013.08.19 13:55:16.118,0.94908,0.94916,1.50,1.43
2013.08.19 13:55:26.218,0.94904,0.94916,2.37,1.43
2013.08.19 13:55:36.248,0.94904,0.94913,2.18,1.13
2013.08.19 13:55:36.488,0.94898,0.94911,1.80,1.80
2013.08.19 13:55:36.993,0.94897,0.94909,1.13,2.48
2013.08.19 13:55:37.691,0.94895,0.94909,1.50,2.48
2013.08.19 13:55:40.430,0.94897,0.94908,1.50,1.05
2013.08.19 13:55:40.501,0.94897,0.94907,1.50,1.05
2013.08.19 13:55:40.560,0.94893,0.94905,2.55,1.05
2013.08.19 13:55:40.621,0.94893,0.94905,1.50,1.05
2013.08.19 13:55:40.981,0.94889,0.94901,1.13,1.80
2013.08.19 13:55:41.340,0.94888,0.94901,1.99,1.99
2013.08.19 13:55:44.638,0.94886,0.94897,1.50,1.50
2013.08.19 13:55:44.818,0.94884,0.94897,1.05,2.18
2013.08.19 13:55:46.189,0.94883,0.94897,2.37,2.18
2013.08.19 13:55:46.609,0.94882,0.94892,1.69,1.43
2013.08.19 13:55:46.968,0.94878,0.94888,1.50,1.43
2013.08.19 13:55:47.972,0.9488,0.94892,3.19,4.28
2013.08.19 13:55:48.031,0.94885,0.94892,1.13,2.18
2013.08.19 13:55:48.370,0.94883,0.94896,2.18,1.43
2013.08.19 13:55:50.339,0.94883,0.94896,2.55,1.43
2013.08.19 13:55:55.949,0.94883,0.94895,1.50,1.13
2013.08.19 13:55:56.009,0.94882,0.94895,2.18,2.10
2013.08.19 13:55:56.129,0.9488,0.94892,1.88,1.35
2013.08.19 13:55:56.488,0.94879,0.94891,1.43,1.99
2013.08.19 13:55:57.500,0.94877,0.9489,1.62,1.62
2013.08.19 13:55:58.828,0.94878,0.9489,1.69,1.62
2013.08.19 13:55:59.258,0.94878,0.9489,1.69,1.62
2013.08.19 13:55:59.558,0.94883,0.94892,1.13,1.43
2013.08.19 13:56:00.162,0.94883,0.94894,1.13,1.62
2013.08.19 13:56:00.818,0.94883,0.94894,1.88,1.62
2013.08.19 13:56:01.588,0.94884,0.94894,1.50,2.37
2013.08.19 13:56:01.970,0.94888,0.94898,1.39,1.43
2013.08.19 13:56:02.099,0.94888,0.94901,2.82,1.43
2013.08.19 13:56:03.360,0.94891,0.94901,1.13,2.10
2013.08.19 13:56:03.538,0.94889,0.94901,1.20,1.43
2013.08.19 13:56:03.658,0.94888,0.94901,3.49,1.62
2013.08.19 13:56:05.869,0.94891,0.94899,1.50,1.50
2013.08.19 13:56:06.170,0.9489,0.94901,1.88,1.69
2013.08.19 13:56:06.608,0.94893,0.94903,1.13,1.50
2013.08.19 13:56:06.668,0.94893,0.94903,1.88,1.50
2013.08.19 13:56:06.848,0.94894,0.94906,2.18,2.37
2013.08.19 13:56:07.388,0.94893,0.94905,1.88,2.29
2013.08.19 13:56:07.628,0.94894,0.94903,1.13,1.35
2013.08.19 13:56:08.499,0.94892,0.94903,1.50,2.10
2013.08.19 13:56:09.063,0.9489,0.94902,1.20,3.04
2013.08.19 13:56:10.528,0.94888,0.94902,3.68,4.17
2013.08.19 13:56:10.708,0.94888,0.949,1.69,2.10
2013.08.19 13:56:11.679,0.94892,0.949,1.13,1.43
2013.08.19 13:56:12.038,0.94892,0.94903,1.13,1.62
2013.08.19 13:56:18.919,0.94893,0.94904,1.50,2.93
2013.08.19 13:56:22.801,0.94889,0.949,1.62,1.13
2013.08.19 13:56:23.101,0.94885,0.94898,1.62,2.37
2013.08.19 13:56:24.551,0.94889,0.94898,1.13,2.37
2013.08.19 13:56:24.790,0.94892,0.949,1.13,1.43
2013.08.19 13:56:25.351,0.94891,0.94901,1.58,1.99
2013.08.19 13:56:26.008,0.94888,0.949,2.55,1.80
2013.08.19 13:56:26.129,0.94888,0.94899,1.13,1.80
2013.08.19 13:56:26.661,0.94888,0.94896,1.05,1.43
2013.08.19 13:56:28.668,0.94886,0.94896,1.50,1.43
2013.08.19 13:56:33.968,0.94887,0.94898,1.50,1.43
2013.08.19 13:56:34.208,0.94888,0.94901,1.43,1.62
2013.08.19 13:56:34.770,0.94888,0.94901,2.18,1.62
2013.08.19 13:56:35.280,0.94888,0.94901,2.18,1.62
2013.08.19 13:56:37.748,0.94888,0.94901,2.37,1.62
2013.08.19 13:56:38.080,0.94889,0.94901,1.95,1.62
2013.08.19 13:56:38.438,0.94896,0.94908,1.13,1.62
2013.08.19 13:56:39.599,0.94898,0.94908,1.13,1.62
2013.08.19 13:56:45.992,0.94901,0.9491,1.20,1.62
2013.08.19 13:56:46.119,0.94901,0.94912,1.20,2.29
2013.08.19 13:56:46.240,0.94901,0.94915,1.50,3.42
2013.08.19 13:56:46.429,0.94903,0.94915,1.43,4.54
2013.08.19 13:56:46.980,0.949,0.94912,1.88,1.54
2013.08.19 13:56:49.109,0.94905,0.94914,1.05,1.43
2013.08.19 13:56:49.172,0.94906,0.94915,1.62,1.50
2013.08.19 13:56:49.238,0.94906,0.94917,1.62,1.69
2013.08.19 13:56:49.758,0.94907,0.94919,1.50,1.69
2013.08.19 13:56:50.119,0.94907,0.9492,1.50,2.37
2013.08.19 13:56:50.778,0.94907,0.94919,1.43,1.50
2013.08.19 13:56:51.018,0.94904,0.94917,1.13,2.10
2013.08.19 13:56:54.110,0.94904,0.94917,1.13,3.60
2013.08.19 13:56:57.869,0.94907,0.94917,1.13,2.85
2013.08.19 13:56:58.049,0.94907,0.94919,1.13,1.62
2013.08.19 13:56:58.570,0.94907,0.94919,1.88,1.43
2013.08.19 13:56:59.398,0.94907,0.94919,1.13,3.04
2013.08.19 13:56:59.909,0.9491,0.94921,1.43,2.44
2013.08.19 13:57:00.336,0.94912,0.94921,1.43,1.69
2013.08.19 13:57:00.639,0.94917,0.94926,1.62,1.50
2013.08.19 13:57:00.999,0.94914,0.94922,1.35,1.50
2013.08.19 13:57:01.119,0.94916,0.94924,1.05,1.50
2013.08.19 13:57:01.360,0.94916,0.94927,1.05,2.37
2013.08.19 13:57:01.420,0.94915,0.94926,1.43,1.50
2013.08.19 13:57:01.599,0.94915,0.94927,1.43,1.69
2013.08.19 13:57:01.899,0.94917,0.94926,1.62,2.18
2013.08.19 13:57:02.513,0.94916,0.94925,1.13,1.43
2013.08.19 13:57:06.540,0.94916,0.94924,1.13,1.43
2013.08.19 13:57:07.198,0.94913,0.94924,2.44,1.24
2013.08.19 13:57:07.724,0.94913,0.94922,1.69,1.43
2013.08.19 13:57:07.788,0.9491,0.94922,1.80,1.43
2013.08.19 13:57:07.909,0.94913,0.94923,1.20,1.35
2013.08.19 13:57:08.028,0.94913,0.94924,1.20,2.37
2013.08.19 13:57:08.209,0.94915,0.94928,1.43,2.55
2013.08.19 13:57:08.861,0.94914,0.94927,1.73,1.50
2013.08.19 13:57:09.049,0.94914,0.94927,1.73,2.25
2013.08.19 13:57:09.550,0.94913,0.94926,2.37,2.55
2013.08.19 13:57:10.119,0.94913,0.94924,1.50,1.88
2013.08.19 13:57:10.648,0.94912,0.94924,2.93,1.50
2013.08.19 13:57:11.008,0.94912,0.94925,2.55,2.37
2013.08.19 13:57:12.484,0.94914,0.94926,3.30,1.62
2013.08.19 13:57:12.749,0.94919,0.94931,1.73,1.50
2013.08.19 13:57:12.808,0.94919,0.94931,1.73,1.50
2013.08.19 13:57:13.131,0.9492,0.94933,1.80,1.24
2013.08.19 13:57:13.368,0.94926,0.94934,1.13,1.13
2013.08.19 13:57:13.933,0.94924,0.94934,1.43,1.13
2013.08.19 13:57:14.358,0.94923,0.94934,2.18,1.13
2013.08.19 13:57:14.941,0.94923,0.94934,2.18,1.13
2013.08.19 13:57:15.988,0.94924,0.94932,1.50,1.13
2013.08.19 13:57:17.548,0.9492,0.94932,2.22,1.88
2013.08.19 13:57:20.439,0.94921,0.94932,1.05,1.69
2013.08.19 13:57:22.538,0.94923,0.94933,1.32,1.28
2013.08.19 13:57:22.838,0.94928,0.9494,1.39,2.18
2013.08.19 13:57:22.899,0.94928,0.9494,1.02,2.18
2013.08.19 13:57:22.959,0.94928,0.9494,1.39,2.18
2013.08.19 13:57:23.199,0.94929,0.94942,2.37,2.18
2013.08.19 13:57:23.318,0.94928,0.9494,2.07,1.43
2013.08.19 13:57:23.937,0.94929,0.94941,1.13,1.50
2013.08.19 13:57:26.437,0.94933,0.94942,1.50,1.43
2013.08.19 13:57:26.502,0.94932,0.94942,1.13,2.93
2013.08.19 13:57:27.058,0.94932,0.94941,1.13,1.43
2013.08.19 13:57:27.568,0.94932,0.94942,1.88,1.50
2013.08.19 13:57:27.749,0.94932,0.94942,1.13,1.50
2013.08.19 13:57:28.390,0.94932,0.94942,1.13,1.50
2013.08.19 13:57:40.440,0.94933,0.94943,1.13,2.18
2013.08.19 13:57:40.559,0.94933,0.94943,1.13,1.43
2013.08.19 13:57:43.490,0.94933,0.94944,1.50,2.85
2013.08.19 13:57:47.489,0.94933,0.94943,1.13,1.35
2013.08.19 13:57:47.982,0.94929,0.94941,1.13,1.05
2013.08.19 13:57:48.100,0.94925,0.94937,1.13,1.35
2013.08.19 13:57:49.239,0.94924,0.94936,1.43,2.18
2013.08.19 13:57:51.139,0.9493,0.94938,1.13,1.43
2013.08.19 13:57:51.379,0.9493,0.9494,1.13,1.43
2013.08.19 13:57:51.619,0.94928,0.94938,1.50,1.35
2013.08.19 13:57:51.924,0.94928,0.94939,1.50,2.78
2013.08.19 13:57:52.348,0.94928,0.94939,1.50,2.67
2013.08.19 13:57:52.589,0.94928,0.94938,1.50,2.18
2013.08.19 13:57:52.949,0.94925,0.94936,3.19,1.62
2013.08.19 13:57:53.470,0.94925,0.94933,1.99,1.35
2013.08.19 13:57:53.780,0.94923,0.94933,2.07,1.35
2013.08.19 13:57:54.430,0.94923,0.94934,2.63,1.35
2013.08.19 13:57:57.408,0.94924,0.94934,1.50,1.35
2013.08.19 13:57:58.708,0.94924,0.94936,1.50,2.85
2013.08.19 13:57:59.629,0.94925,0.94934,1.50,1.35
2013.08.19 13:58:01.569,0.94924,0.94934,1.13,1.35
2013.08.19 13:58:01.748,0.94924,0.94936,2.07,1.35
2013.08.19 13:58:01.869,0.94926,0.94938,1.32,2.10
2013.08.19 13:58:02.468,0.94927,0.94936,1.13,1.35
2013.08.19 13:58:05.439,0.94925,0.94936,1.32,2.10
2013.08.19 13:58:05.874,0.94923,0.94934,4.17,1.35
2013.08.19 13:58:06.419,0.94923,0.94935,3.98,1.35
2013.08.19 13:58:10.711,0.94923,0.94934,1.35,1.43
2013.08.19 13:58:16.689,0.94923,0.94935,1.43,3.12
2013.08.19 13:58:17.559,0.94927,0.94934,1.13,1.50
2013.08.19 13:58:17.981,0.94931,0.94941,1.99,1.50
2013.08.19 13:58:18.519,0.94932,0.94941,1.24,1.50
2013.08.19 13:58:18.699,0.94933,0.94941,1.35,1.50
2013.08.19 13:58:19.253,0.94934,0.94941,1.43,1.50
2013.08.19 13:58:19.797,0.94933,0.94941,2.10,1.50
2013.08.19 13:58:20.309,0.94932,0.94941,1.99,1.50
2013.08.19 13:58:20.992,0.94932,0.94941,1.99,1.50
2013.08.19 13:58:22.998,0.94932,0.94941,3.42,1.50
2013.08.19 13:58:23.660,0.94932,0.94941,3.42,1.50
2013.08.19 13:58:24.009,0.94934,0.94942,1.80,1.50
2013.08.19 13:58:24.129,0.94935,0.94947,2.10,1.50
2013.08.19 13:58:24.614,0.94943,0.94952,1.39,1.50
2013.08.19 13:58:24.741,0.94943,0.94956,2.52,2.48
2013.08.19 13:58:24.920,0.94944,0.94955,1.32,1.43
2013.08.19 13:58:25.398,0.94943,0.94956,2.63,1.62
2013.08.19 13:58:25.639,0.94943,0.94957,2.63,3.79
2013.08.19 13:58:26.528,0.94944,0.94956,1.13,1.62
2013.08.19 13:58:27.589,0.94943,0.94954,1.69,1.43
2013.08.19 13:58:27.949,0.9494,0.94951,2.07,1.50
2013.08.19 13:58:28.488,0.9494,0.94951,2.07,1.50
2013.08.19 13:58:30.485,0.94941,0.94952,1.24,1.50
2013.08.19 13:58:30.811,0.94941,0.9495,2.74,1.50
2013.08.19 13:58:31.358,0.94941,0.94952,2.82,1.50
2013.08.19 13:58:31.778,0.94943,0.94956,2.74,1.43
2013.08.19 13:58:33.098,0.94943,0.94956,2.74,1.62
2013.08.19 13:58:33.990,0.94943,0.94954,2.74,1.50
2013.08.19 13:58:34.696,0.94942,0.94953,1.77,1.43
2013.08.19 13:58:35.412,0.94943,0.94953,1.13,1.43
2013.08.19 13:58:35.779,0.94945,0.94957,1.50,2.10
2013.08.19 13:58:37.568,0.94947,0.9496,1.43,3.12
2013.08.19 13:58:44.410,0.94945,0.94956,1.69,1.88
2013.08.19 13:58:44.588,0.94942,0.94953,1.50,1.43
2013.08.19 13:58:44.708,0.94939,0.94952,1.62,1.43
2013.08.19 13:58:44.768,0.94939,0.94952,1.62,2.18
2013.08.19 13:58:45.311,0.94939,0.9495,1.43,1.50
2013.08.19 13:58:45.858,0.94938,0.9495,1.32,2.18
2013.08.19 13:58:46.379,0.94938,0.9495,1.32,1.43
2013.08.19 13:58:46.679,0.94938,0.9495,1.32,1.43
2013.08.19 13:58:47.351,0.94939,0.94951,1.80,1.43
2013.08.19 13:58:47.908,0.94939,0.94951,1.43,1.43
2013.08.19 13:58:48.209,0.9494,0.9495,1.50,1.43
2013.08.19 13:58:48.720,0.94938,0.9495,2.07,1.43
2013.08.19 13:58:49.401,0.94938,0.9495,2.07,1.43
2013.08.19 13:58:49.948,0.94939,0.9495,1.13,1.43
2013.08.19 13:58:50.069,0.94942,0.94953,1.32,2.29
2013.08.19 13:58:50.609,0.94942,0.94954,1.32,1.62
2013.08.19 13:58:51.969,0.94944,0.94954,1.13,1.43
2013.08.19 13:58:52.268,0.94944,0.94956,1.32,1.43
2013.08.19 13:58:58.796,0.94946,0.94957,1.13,2.29
2013.08.19 13:58:58.920,0.94943,0.94954,1.69,1.35
2013.08.19 13:58:59.279,0.94939,0.94951,1.32,1.35
2013.08.19 13:59:00.358,0.94938,0.94949,2.55,1.43
2013.08.19 13:59:00.601,0.94933,0.94945,1.88,1.35
2013.08.19 13:59:01.810,0.94937,0.94946,1.13,1.43
2013.08.19 13:59:02.409,0.94939,0.9495,1.32,1.35
2013.08.19 13:59:02.531,0.94939,0.94952,1.32,1.35
2013.08.19 13:59:04.448,0.9494,0.94952,1.50,2.10
2013.08.19 13:59:06.859,0.94939,0.94952,1.02,2.10
2013.08.19 13:59:07.159,0.94935,0.94948,2.44,1.35
2013.08.19 13:59:07.339,0.94935,0.94947,1.50,2.10
2013.08.19 13:59:09.519,0.94935,0.94948,3.00,1.99
2013.08.19 13:59:12.009,0.94937,0.94949,1.02,2.10
2013.08.19 13:59:12.368,0.94939,0.94951,2.37,1.50
2013.08.19 13:59:13.018,0.94939,0.94952,2.37,1.50
2013.08.19 13:59:14.970,0.94944,0.94954,2.18,1.43
2013.08.19 13:59:15.030,0.94944,0.94954,2.18,1.43
2013.08.19 13:59:15.209,0.94945,0.94958,2.37,2.55
2013.08.19 13:59:15.330,0.94945,0.94956,1.62,1.43
2013.08.19 13:59:15.388,0.94945,0.94956,1.43,1.62
2013.08.19 13:59:15.449,0.94943,0.94954,1.43,1.88
2013.08.19 13:59:16.048,0.94942,0.94954,2.22,1.43
2013.08.19 13:59:16.588,0.94943,0.94955,2.37,2.18
2013.08.19 13:59:19.140,0.94944,0.94955,2.18,1.13
2013.08.19 13:59:19.659,0.94944,0.94955,2.63,1.43
2013.08.19 13:59:20.440,0.94944,0.94956,2.18,1.50
2013.08.19 13:59:20.619,0.94943,0.94954,2.18,1.02
2013.08.19 13:59:21.529,0.94941,0.94953,2.18,2.25
2013.08.19 13:59:21.592,0.94941,0.94952,1.43,1.50
2013.08.19 13:59:22.020,0.94938,0.94948,1.35,1.13
2013.08.19 13:59:22.201,0.94935,0.94947,1.43,1.58
2013.08.19 13:59:22.260,0.94934,0.94945,1.62,1.43
2013.08.19 13:59:22.810,0.94934,0.94946,2.29,1.58
2013.08.19 13:59:23.329,0.94933,0.94946,2.37,2.93
2013.08.19 13:59:25.460,0.94934,0.94946,2.44,2.93
2013.08.19 13:59:25.770,0.94938,0.94952,4.17,2.25
2013.08.19 13:59:27.089,0.94939,0.94952,2.37,2.18
2013.08.19 13:59:28.865,0.94939,0.94952,2.37,2.18
2013.08.19 13:59:29.999,0.94939,0.94952,1.05,3.87
2013.08.19 13:59:33.459,0.94941,0.94952,1.69,2.74
2013.08.19 13:59:33.578,0.94943,0.94955,1.50,3.49
2013.08.19 13:59:33.699,0.94942,0.94955,1.73,2.18
2013.08.19 13:59:34.238,0.9494,0.94953,3.04,2.25
2013.08.19 13:59:34.628,0.94943,0.94955,1.62,1.32
2013.08.19 13:59:35.488,0.94944,0.94956,1.62,2.55
2013.08.19 13:59:35.938,0.94944,0.94956,1.43,2.74
2013.08.19 13:59:36.240,0.9494,0.94952,1.99,1.43
2013.08.19 13:59:36.898,0.94943,0.94955,2.25,1.32
2013.08.19 13:59:37.549,0.94943,0.94956,2.25,1.24
2013.08.19 13:59:38.104,0.94944,0.94957,3.08,1.88
2013.08.19 13:59:38.442,0.94948,0.94959,1.13,1.35
2013.08.19 13:59:38.910,0.94945,0.94956,1.50,2.18
2013.08.19 13:59:39.029,0.94943,0.94956,1.69,2.85
2013.08.19 13:59:39.210,0.94941,0.94951,1.69,1.35
2013.08.19 13:59:39.939,0.94941,0.94952,1.69,1.35
2013.08.19 13:59:40.119,0.94941,0.94953,3.68,1.43
2013.08.19 13:59:40.180,0.94942,0.94954,1.50,1.43
2013.08.19 13:59:40.299,0.94945,0.94956,2.18,1.43
2013.08.19 13:59:40.539,0.94945,0.94958,2.18,1.62
2013.08.19 13:59:40.979,0.94947,0.94958,1.13,1.43
2013.08.19 13:59:41.278,0.94947,0.94959,1.13,1.54
2013.08.19 13:59:42.370,0.94947,0.9496,1.69,2.18
2013.08.19 13:59:42.430,0.9495,0.9496,1.50,1.43
2013.08.19 13:59:42.669,0.9495,0.94962,1.50,2.37
2013.08.19 13:59:43.050,0.94952,0.94964,1.43,1.43
2013.08.19 13:59:44.018,0.94952,0.94964,1.43,2.18
2013.08.19 13:59:44.363,0.94952,0.94964,1.50,1.43
2013.08.19 13:59:45.030,0.94951,0.94963,2.55,1.43
2013.08.19 13:59:45.089,0.94951,0.94962,1.69,1.43
2013.08.19 13:59:45.330,0.94947,0.94958,1.50,1.43
2013.08.19 13:59:46.048,0.94947,0.94959,1.80,2.18
2013.08.19 13:59:46.588,0.94949,0.94959,1.05,1.50
2013.08.19 13:59:47.269,0.94949,0.9496,1.05,1.77
2013.08.19 13:59:48.219,0.94948,0.9496,2.18,1.69
2013.08.19 13:59:48.340,0.94949,0.94961,1.05,2.97
2013.08.19 13:59:48.640,0.94953,0.94964,1.35,1.50
2013.08.19 13:59:48.759,0.94954,0.94966,1.05,1.69
2013.08.19 13:59:49.679,0.94954,0.94967,1.43,1.80
2013.08.19 13:59:50.218,0.94958,0.9497,1.88,2.55
2013.08.19 13:59:50.920,0.94958,0.9497,2.55,1.20
2013.08.19 13:59:50.978,0.94958,0.9497,2.55,1.95
2013.08.19 13:59:51.070,0.94958,0.9497,2.55,1.95
2013.08.19 13:59:51.549,0.94958,0.94968,2.18,1.58
2013.08.19 13:59:52.090,0.94958,0.94966,1.43,1.50
2013.08.19 13:59:52.209,0.94958,0.94971,2.18,1.80
2013.08.19 13:59:52.270,0.9496,0.94972,1.43,2.48
2013.08.19 13:59:52.390,0.94961,0.94974,2.29,1.43
2013.08.19 13:59:52.450,0.94963,0.94975,1.62,3.04
2013.08.19 13:59:52.689,0.94964,0.94977,1.62,2.18
2013.08.19 13:59:52.751,0.94963,0.94975,1.69,1.35
2013.08.19 13:59:53.109,0.94965,0.94976,1.32,1.35
2013.08.19 13:59:53.229,0.94967,0.94979,1.62,2.25
2013.08.19 13:59:53.409,0.94967,0.94979,2.37,2.18
2013.08.19 13:59:53.829,0.94969,0.9498,1.43,1.13
2013.08.19 13:59:54.009,0.94971,0.94984,2.37,1.05
2013.08.19 13:59:55.174,0.94971,0.94982,1.62,1.05
2013.08.19 13:59:55.420,0.94969,0.94981,1.69,1.05
2013.08.19 13:59:55.721,0.94965,0.94976,1.69,1.05
2013.08.19 13:59:55.840,0.94963,0.94976,2.18,1.73
2013.08.19 13:59:56.379,0.94964,0.94975,2.10,1.13
2013.08.19 13:59:56.561,0.94964,0.94977,2.10,4.17
2013.08.19 13:59:56.620,0.94966,0.94977,1.43,2.82
2013.08.19 13:59:57.039,0.94965,0.94976,1.43,1.88
2013.08.19 13:59:57.399,0.94966,0.94976,1.50,1.62
2013.08.19 13:59:57.759,0.94969,0.94978,1.58,1.32
2013.08.19 13:59:57.879,0.94969,0.94978,1.50,1.32
2013.08.19 13:59:58.464,0.94967,0.94978,1.43,1.39
2013.08.19 13:59:58.969,0.94968,0.94981,1.43,1.99
2013.08.19 13:59:59.509,0.94968,0.9498,1.43,1.32
