2009.06.11 23:00:02.509,0.8857,0.8863,3.20,3.00
2009.06.11 23:01:00.456,0.8857,0.8862,1.60,1.60
2009.06.11 23:01:00.574,0.8857,0.8863,3.20,3.00
2009.06.11 23:01:07.333,0.8857,0.8862,3.20,1.60
2009.06.11 23:01:08.623,0.8857,0.8863,3.20,3.00
2009.06.11 23:01:09.923,0.8857,0.8862,3.20,1.60
2009.06.11 23:01:15.371,0.88555,0.886,1.60,3.00
2009.06.11 23:01:18.070,0.8856,0.886,1.60,3.00
2009.06.11 23:01:18.490,0.8856,0.8861,4.80,3.00
2009.06.11 23:01:19.890,0.8857,0.8861,1.60,3.00
2009.06.11 23:01:28.038,0.88575,0.8862,1.60,3.00
2009.06.11 23:01:33.827,0.8856,0.8861,4.80,3.00
2009.06.11 23:01:34.107,0.8856,0.8861,4.80,3.00
2009.06.11 23:01:46.884,0.8857,0.8861,1.60,3.00
2009.06.11 23:01:47.394,0.8857,0.8862,4.80,4.60
2009.06.11 23:01:48.623,0.8857,0.8862,3.20,4.60
2009.06.11 23:01:48.963,0.8857,0.8861,1.60,3.00
2009.06.11 23:02:47.279,0.8857,0.8862,4.80,4.60
2009.06.11 23:02:47.629,0.8857,0.8862,3.20,4.60
2009.06.11 23:02:47.799,0.8856,0.8861,4.80,3.00
2009.06.11 23:02:48.319,0.8857,0.8861,1.60,3.00
2009.06.11 23:02:51.238,0.8857,0.8861,3.20,1.40
2009.06.11 23:02:51.408,0.8857,0.8861,4.80,1.40
2009.06.11 23:02:51.468,0.8857,0.8862,4.80,4.60
2009.06.11 23:02:53.477,0.8857,0.8862,3.20,4.60
2009.06.11 23:03:09.634,0.8857,0.8861,1.60,3.00
2009.06.11 23:03:14.362,0.8857,0.8861,1.60,3.00
2009.06.11 23:03:17.212,0.88565,0.8861,1.60,3.00
2009.06.11 23:03:17.922,0.8856,0.8861,4.80,3.00
2009.06.11 23:03:20.731,0.88565,0.8861,1.60,3.00
2009.06.11 23:03:24.060,0.8856,0.8861,3.20,3.00
2009.06.11 23:03:28.099,0.8856,0.8861,3.20,4.60
2009.06.11 23:03:28.339,0.8856,0.886,3.20,1.40
2009.06.11 23:03:28.399,0.8856,0.886,1.60,3.00
2009.06.11 23:03:55.872,0.8857,0.886,1.60,1.60
2009.06.11 23:03:55.992,0.8857,0.8861,3.20,1.40
2009.06.11 23:04:14.938,0.8857,0.8862,3.20,3.00
2009.06.11 23:04:29.574,0.8857,0.8862,3.20,4.60
2009.06.11 23:05:31.180,0.88555,0.8862,3.60,1.60
2009.06.11 23:05:46.156,0.88555,0.8862,2.40,1.60
2009.06.11 23:05:46.326,0.8856,0.8862,1.60,1.60
2009.06.11 23:05:46.446,0.8857,0.8862,3.20,4.60
2009.06.11 23:05:46.806,0.8857,0.8862,4.80,3.00
2009.06.11 23:05:50.125,0.8858,0.8862,3.20,1.40
2009.06.11 23:05:51.954,0.8858,0.8863,3.20,3.20
2009.06.11 23:05:52.184,0.8858,0.8863,3.20,3.00
2009.06.11 23:06:03.961,0.8859,0.8863,3.20,1.40
2009.06.11 23:06:13.270,0.8859,0.8863,4.80,1.40
2009.06.11 23:06:15.529,0.8859,0.8864,4.80,4.60
2009.06.11 23:06:21.367,0.8859,0.8864,3.20,4.60
2009.06.11 23:06:21.747,0.8859,0.8863,1.60,1.40
2009.06.11 23:06:21.807,0.88585,0.8863,1.60,3.00
2009.06.11 23:06:21.977,0.8858,0.8863,4.80,3.00
2009.06.11 23:06:29.016,0.8858,0.8863,3.20,4.60
2009.06.11 23:06:35.134,0.8858,0.8863,1.60,3.00
2009.06.11 23:06:42.972,0.8858,0.8863,3.20,1.40
2009.06.11 23:06:52.220,0.8857,0.8861,3.20,1.40
2009.06.11 23:06:52.280,0.8857,0.8861,1.60,1.40
2009.06.11 23:06:52.340,0.88565,0.8861,1.60,3.00
2009.06.11 23:06:54.329,0.8856,0.8861,3.20,4.60
2009.06.11 23:06:54.439,0.8855,0.886,4.80,3.00
2009.06.11 23:06:59.728,0.88555,0.886,1.60,3.00
2009.06.11 23:07:02.288,0.8856,0.886,1.60,1.60
2009.06.11 23:07:02.518,0.8857,0.8862,3.20,3.00
2009.06.11 23:07:22.293,0.8857,0.8861,1.60,1.60
2009.06.11 23:07:22.472,0.8857,0.8861,1.60,3.00
2009.06.11 23:07:22.692,0.8856,0.8861,4.80,3.00
2009.06.11 23:07:29.941,0.8856,0.8861,3.20,3.00
2009.06.11 23:07:48.926,0.8856,0.8861,4.80,3.00
2009.06.11 23:07:49.106,0.8856,0.8861,3.20,3.00
2009.06.11 23:08:22.548,0.8856,0.8861,1.60,1.60
2009.06.11 23:08:23.308,0.88555,0.8862,1.60,1.60
2009.06.11 23:08:23.538,0.8856,0.8861,4.80,3.00
2009.06.11 23:08:32.996,0.8856,0.8861,3.20,3.00
2009.06.11 23:08:45.882,0.8856,0.886,1.60,3.00
2009.06.11 23:08:49.362,0.8856,0.8861,3.20,3.00
2009.06.11 23:08:49.822,0.8856,0.88615,1.60,1.60
2009.06.11 23:09:14.396,0.8856,0.8861,1.60,1.40
2009.06.11 23:09:32.092,0.8856,0.886,1.60,3.00
2009.06.11 23:09:38.870,0.8855,0.8859,3.20,1.60
2009.06.11 23:09:38.980,0.8854,0.8859,4.80,4.60
2009.06.11 23:09:39.670,0.88535,0.8858,1.60,3.00
2009.06.11 23:09:40.249,0.8854,0.8858,1.60,3.00
2009.06.11 23:09:40.609,0.8854,0.8859,3.20,4.60
2009.06.11 23:09:40.669,0.8854,0.8859,3.20,3.00
2009.06.11 23:09:45.248,0.8854,0.8858,3.20,1.40
2009.06.11 23:09:45.368,0.8853,0.8857,4.80,1.40
2009.06.11 23:09:45.648,0.8853,0.8857,3.20,1.40
2009.06.11 23:09:45.828,0.8852,0.8857,3.20,4.60
2009.06.11 23:09:45.998,0.8851,0.8856,4.80,3.00
2009.06.11 23:09:46.348,0.8852,0.8857,3.20,4.60
2009.06.11 23:09:48.457,0.8852,0.8857,3.20,4.60
2009.06.11 23:09:52.067,0.8852,0.8857,3.20,4.60
2009.06.11 23:09:52.637,0.8851,0.8855,1.60,3.00
2009.06.11 23:09:53.676,0.885,0.8855,4.80,3.00
2009.06.11 23:09:56.125,0.88505,0.8855,1.60,3.00
2009.06.11 23:09:56.296,0.8851,0.8856,3.20,4.60
2009.06.11 23:09:59.175,0.8851,0.8855,1.60,3.00
2009.06.11 23:09:59.295,0.885,0.8855,4.80,3.00
2009.06.11 23:10:00.565,0.885,0.8855,3.20,3.00
2009.06.11 23:10:01.854,0.885,0.8854,3.20,1.40
2009.06.11 23:10:01.964,0.885,0.8854,1.60,3.00
2009.06.11 23:10:20.080,0.8849,0.8854,4.80,3.00
2009.06.11 23:10:20.440,0.8849,0.8853,1.60,3.00
2009.06.11 23:10:36.322,0.885,0.8853,1.60,3.00
2009.06.11 23:10:36.561,0.885,0.8853,1.60,1.40
2009.06.11 23:10:36.841,0.885,0.8854,1.60,3.00
2009.06.11 23:10:45.739,0.8849,0.8854,4.80,4.60
2009.06.11 23:10:45.969,0.8848,0.8853,4.80,4.60
2009.06.11 23:10:46.209,0.8848,0.8853,3.20,4.60
2009.06.11 23:10:51.098,0.8848,0.8853,4.80,4.60
2009.06.11 23:10:51.378,0.8848,0.8853,4.80,3.00
2009.06.11 23:10:55.427,0.8848,0.8853,7.00,3.00
2009.06.11 23:10:55.727,0.8849,0.8853,1.60,3.00
2009.06.11 23:11:06.884,0.8848,0.8853,4.80,4.60
2009.06.11 23:11:07.294,0.8848,0.8853,3.20,4.60
2009.06.11 23:11:11.283,0.8847,0.8852,4.80,3.00
2009.06.11 23:11:11.723,0.8846,0.8851,4.80,3.00
2009.06.11 23:11:11.773,0.8846,0.8851,3.20,3.00
2009.06.11 23:11:12.923,0.8847,0.8851,1.60,3.00
2009.06.11 23:11:22.330,0.8847,0.8851,1.60,1.60
2009.06.11 23:11:22.490,0.88475,0.8852,1.60,3.00
2009.06.11 23:11:22.610,0.88475,0.8852,3.60,3.00
2009.06.11 23:11:22.960,0.8849,0.8852,3.20,1.60
2009.06.11 23:11:23.080,0.8849,0.8854,4.80,3.00
2009.06.11 23:11:23.830,0.8849,0.8854,4.80,3.00
2009.06.11 23:11:26.050,0.8849,0.8854,3.20,3.00
2009.06.11 23:11:27.169,0.8849,0.8853,1.60,3.00
2009.06.11 23:11:33.808,0.885,0.8853,1.60,1.40
2009.06.11 23:11:34.078,0.885,0.8855,3.20,3.00
2009.06.11 23:11:34.367,0.8849,0.8854,3.20,3.00
2009.06.11 23:11:37.017,0.8849,0.8853,1.60,3.00
2009.06.11 23:11:44.275,0.8849,0.8854,3.20,3.00
2009.06.11 23:11:54.383,0.885,0.8854,1.60,1.40
2009.06.11 23:11:54.553,0.885,0.8855,3.20,3.00
2009.06.11 23:11:58.652,0.8849,0.8854,3.20,3.00
2009.06.11 23:12:01.141,0.885,0.8854,1.60,1.60
2009.06.11 23:12:01.431,0.885,0.8855,3.20,3.00
2009.06.11 23:12:09.909,0.8849,0.8854,3.20,3.00
2009.06.11 23:12:10.139,0.8849,0.8854,4.80,3.00
2009.06.11 23:12:51.929,0.88485,0.8854,2.40,3.00
2009.06.11 23:12:54.798,0.885,0.8854,1.60,3.00
2009.06.11 23:12:54.968,0.88495,0.8855,2.40,3.00
2009.06.11 23:13:10.064,0.8851,0.8856,3.20,3.80
2009.06.11 23:13:14.683,0.8851,0.88555,3.20,1.00
2009.06.11 23:13:14.973,0.8851,0.8855,1.60,3.00
2009.06.11 23:13:15.603,0.885,0.8855,3.20,3.00
2009.06.11 23:13:16.333,0.885,0.8855,3.20,3.80
2009.06.11 23:13:16.903,0.8851,0.8855,1.60,3.00
2009.06.11 23:13:17.333,0.8851,0.8856,3.20,3.00
2009.06.11 23:13:17.713,0.8851,0.88555,3.20,1.00
2009.06.11 23:13:17.873,0.8851,0.8855,1.60,1.40
2009.06.11 23:13:18.113,0.8851,0.8855,1.60,2.20
2009.06.11 23:13:18.232,0.885,0.8855,3.20,3.80
2009.06.11 23:13:19.622,0.885,0.8855,3.20,3.00
2009.06.11 23:13:20.622,0.885,0.8855,3.20,3.80
2009.06.11 23:13:21.082,0.8849,0.8854,4.80,3.00
2009.06.11 23:13:22.081,0.885,0.8854,1.60,1.60
2009.06.11 23:13:22.481,0.885,0.8855,3.20,3.00
2009.06.11 23:13:22.831,0.88495,0.8855,2.40,3.00
2009.06.11 23:13:24.051,0.88505,0.8855,2.40,3.00
2009.06.11 23:13:24.401,0.88505,0.8855,2.40,1.60
2009.06.11 23:13:24.681,0.88505,0.8856,2.40,3.00
2009.06.11 23:13:28.060,0.88495,0.8855,2.40,3.00
2009.06.11 23:13:30.489,0.88505,0.8855,2.40,3.00
2009.06.11 23:13:30.780,0.88505,0.8855,2.40,1.40
2009.06.11 23:13:30.839,0.88505,0.8856,2.40,3.00
2009.06.11 23:13:39.088,0.88495,0.8855,2.40,3.00
2009.06.11 23:13:40.677,0.88505,0.8855,2.40,1.60
2009.06.11 23:13:41.137,0.88505,0.8856,2.40,3.00
2009.06.11 23:13:48.835,0.8851,0.8855,1.60,3.00
2009.06.11 23:13:49.175,0.8851,0.8857,3.20,3.00
2009.06.11 23:13:49.465,0.8851,0.8856,1.60,1.60
2009.06.11 23:13:49.645,0.885,0.8856,3.20,3.00
2009.06.11 23:13:49.865,0.885,0.88555,3.20,1.00
2009.06.11 23:13:50.095,0.885,0.8855,4.80,3.00
2009.06.11 23:13:50.315,0.885,0.8855,3.20,3.00
2009.06.11 23:13:56.343,0.885,0.8855,3.20,3.00
2009.06.11 23:13:56.703,0.88505,0.8856,2.40,3.00
2009.06.11 23:14:00.662,0.8851,0.8856,3.20,3.80
2009.06.11 23:14:01.012,0.8851,0.8855,1.60,1.60
2009.06.11 23:14:01.122,0.885,0.8855,3.20,3.00
2009.06.11 23:14:02.912,0.88505,0.8855,2.40,3.00
2009.06.11 23:14:03.082,0.88505,0.8856,2.40,3.00
2009.06.11 23:14:14.759,0.8852,0.8857,3.20,3.00
2009.06.11 23:14:21.157,0.8851,0.8856,3.20,3.00
2009.06.11 23:14:21.677,0.88505,0.8856,2.40,3.00
2009.06.11 23:14:22.997,0.8851,0.8856,5.40,3.00
2009.06.11 23:14:23.237,0.88505,0.8856,4.60,3.00
2009.06.11 23:14:23.417,0.8852,0.8856,1.60,1.60
2009.06.11 23:14:23.587,0.8852,0.8857,3.20,3.00
2009.06.11 23:14:24.177,0.8852,0.8856,1.60,3.00
2009.06.11 23:14:24.646,0.8852,0.8857,3.20,3.80
2009.06.11 23:14:24.876,0.8852,0.8856,1.60,3.00
2009.06.11 23:14:29.875,0.88505,0.8856,2.40,3.00
2009.06.11 23:14:36.494,0.8851,0.8856,3.20,3.00
2009.06.11 23:14:36.614,0.88505,0.8856,2.40,3.00
2009.06.11 23:14:37.023,0.885,0.8855,4.80,3.00
2009.06.11 23:14:37.183,0.88495,0.8855,2.40,3.00
2009.06.11 23:14:40.892,0.885,0.8855,3.20,3.00
2009.06.11 23:14:41.122,0.88495,0.8855,2.40,3.00
2009.06.11 23:14:43.552,0.885,0.8855,3.20,3.80
2009.06.11 23:14:43.882,0.88495,0.8855,2.40,3.00
2009.06.11 23:14:49.720,0.8851,0.8855,3.20,1.40
2009.06.11 23:14:56.039,0.8853,0.8856,1.60,1.40
2009.06.11 23:14:56.489,0.8852,0.8856,4.80,1.40
2009.06.11 23:15:01.978,0.8854,0.88575,3.20,1.60
2009.06.11 23:15:02.037,0.8854,0.8858,3.20,1.40
2009.06.11 23:15:10.265,0.8854,0.88575,3.20,1.00
2009.06.11 23:15:10.435,0.8852,0.8857,3.20,4.60
2009.06.11 23:15:37.879,0.8852,0.8857,3.20,4.60
2009.06.11 23:15:43.407,0.8852,0.8857,3.20,3.00
2009.06.11 23:15:47.706,0.8852,0.8857,4.80,3.00
2009.06.11 23:15:48.746,0.8852,0.8857,4.80,4.60
2009.06.11 23:15:50.656,0.8852,0.88565,4.80,1.00
2009.06.11 23:15:50.885,0.8852,0.8856,3.20,1.60
2009.06.11 23:15:51.166,0.8851,0.8856,3.20,3.00
2009.06.11 23:15:55.385,0.88505,0.8856,2.40,3.00
2009.06.11 23:15:56.145,0.8851,0.8856,3.20,3.00
2009.06.11 23:15:57.304,0.88505,0.8856,2.40,3.00
2009.06.11 23:15:57.724,0.8851,0.8856,4.80,3.00
2009.06.11 23:15:57.774,0.8852,0.8857,3.20,5.40
2009.06.11 23:16:00.563,0.8853,0.8857,3.20,1.60
2009.06.11 23:16:00.913,0.8853,0.8858,3.20,3.00
2009.06.11 23:16:13.600,0.8853,0.8858,3.20,3.00
2009.06.11 23:16:20.099,0.8853,0.8858,3.20,3.00
2009.06.11 23:16:20.389,0.8853,0.8857,1.60,1.40
2009.06.11 23:16:20.678,0.88515,0.8857,2.40,3.00
2009.06.11 23:16:28.157,0.8852,0.8857,3.20,3.80
2009.06.11 23:16:28.447,0.8852,0.8857,3.20,3.00
2009.06.11 23:16:28.967,0.88515,0.8857,2.40,3.00
2009.06.11 23:16:34.375,0.8853,0.8858,3.20,3.00
2009.06.11 23:16:34.655,0.8853,0.8857,3.20,1.40
2009.06.11 23:16:35.115,0.88515,0.8857,2.40,3.00
2009.06.11 23:16:37.174,0.8853,0.8858,3.20,3.00
2009.06.11 23:16:37.405,0.88525,0.8858,2.40,3.00
2009.06.11 23:16:37.764,0.8854,0.8858,3.20,2.20
2009.06.11 23:16:38.094,0.88505,0.8857,2.40,3.00
2009.06.11 23:16:45.922,0.8853,0.8857,1.60,3.00
2009.06.11 23:16:57.600,0.8853,0.8858,3.20,3.00
2009.06.11 23:16:58.409,0.8853,0.8858,3.20,3.80
2009.06.11 23:16:58.809,0.8853,0.8857,1.60,1.40
2009.06.11 23:16:59.150,0.88515,0.8857,2.40,3.00
2009.06.11 23:17:11.756,0.8852,0.88565,3.20,1.00
2009.06.11 23:17:11.936,0.8852,0.88565,3.20,2.20
2009.06.11 23:17:12.396,0.8852,0.8856,1.60,3.00
2009.06.11 23:18:00.075,0.8852,0.8857,3.20,5.40
2009.06.11 23:18:16.481,0.8852,0.8857,3.20,4.60
2009.06.11 23:18:16.601,0.8852,0.8857,3.20,3.00
2009.06.11 23:18:18.430,0.88515,0.8857,2.40,3.00
2009.06.11 23:18:18.720,0.8852,0.8857,3.20,3.00
2009.06.11 23:18:26.368,0.8852,0.8856,1.60,3.00
2009.06.11 23:18:32.407,0.8851,0.8856,3.20,3.00
2009.06.11 23:19:32.922,0.885,0.88565,3.60,1.60
2009.06.11 23:20:11.883,0.8851,0.8856,1.60,1.60
2009.06.11 23:20:12.063,0.8851,0.8856,3.20,3.00
2009.06.11 23:20:36.257,0.8851,0.8857,1.60,3.80
2009.06.11 23:20:44.445,0.8853,0.8857,3.20,1.40
2009.06.11 23:20:46.375,0.88515,0.8857,2.40,1.40
2009.06.11 23:21:30.984,0.88515,0.8858,2.40,1.40
2009.06.11 23:22:12.004,0.88525,0.8858,2.40,1.40
2009.06.11 23:22:12.184,0.8854,0.8858,1.60,1.40
2009.06.11 23:22:12.304,0.8854,0.8858,3.20,1.40
2009.06.11 23:22:22.971,0.8854,0.8858,1.60,1.40
2009.06.11 23:22:23.091,0.8853,0.8858,3.20,3.00
2009.06.11 23:23:16.088,0.88525,0.8857,2.40,1.40
2009.06.11 23:23:16.469,0.8854,0.8858,1.60,1.40
2009.06.11 23:23:16.648,0.8854,0.8858,3.20,1.40
2009.06.11 23:23:21.467,0.8854,0.8857,3.20,1.40
2009.06.11 23:23:21.757,0.8853,0.8857,3.20,1.40
2009.06.11 23:23:55.359,0.8853,0.8857,3.20,3.00
2009.06.11 23:24:37.929,0.8853,0.8857,3.20,1.40
2009.06.11 23:24:39.208,0.8853,0.8857,3.20,3.00
2009.06.11 23:24:52.505,0.8851,0.8856,3.20,4.60
2009.06.11 23:25:09.601,0.88505,0.8856,2.40,4.60
2009.06.11 23:25:10.281,0.88505,0.8856,2.40,3.00
2009.06.11 23:25:15.210,0.8851,0.8856,3.20,3.00
2009.06.11 23:25:17.319,0.8851,0.8855,3.20,1.40
2009.06.11 23:25:19.379,0.885,0.8855,4.80,4.60
2009.06.11 23:25:21.408,0.885,0.8855,4.80,4.60
2009.06.11 23:25:34.005,0.885,0.8855,4.80,3.00
2009.06.11 23:25:34.065,0.885,0.8855,3.20,4.60
2009.06.11 23:25:52.481,0.8852,0.8856,3.20,1.40
2009.06.11 23:26:05.068,0.8852,0.8856,3.20,3.80
2009.06.11 23:26:05.188,0.8852,0.8856,3.20,3.00
2009.06.11 23:26:05.578,0.8852,0.8856,3.20,1.40
2009.06.11 23:26:05.637,0.8852,0.8856,3.20,3.00
2009.06.11 23:26:15.835,0.8852,0.8856,3.20,3.80
2009.06.11 23:26:15.955,0.88505,0.8855,2.40,4.60
2009.06.11 23:26:16.295,0.88505,0.88555,2.40,1.60
2009.06.11 23:26:32.801,0.88505,0.8856,2.40,4.60
2009.06.11 23:26:50.667,0.88495,0.8855,2.40,3.00
2009.06.11 23:26:54.686,0.885,0.8854,3.20,1.00
2009.06.11 23:26:55.086,0.885,0.8854,3.20,2.20
2009.06.11 23:26:55.316,0.885,0.8854,3.20,1.40
2009.06.11 23:26:55.608,0.88495,0.8854,2.40,1.40
2009.06.11 23:26:56.006,0.8851,0.8855,1.60,1.40
2009.06.11 23:26:56.355,0.8851,0.8855,3.20,1.40
2009.06.11 23:26:57.795,0.88505,0.8855,2.40,1.40
2009.06.11 23:26:58.015,0.88505,0.8856,2.40,3.00
2009.06.11 23:26:58.195,0.8851,0.8856,3.20,5.40
2009.06.11 23:26:58.315,0.8851,0.8855,3.20,1.60
2009.06.11 23:26:58.605,0.88495,0.8855,2.40,4.60
2009.06.11 23:27:06.213,0.885,0.8855,3.20,4.60
2009.06.11 23:27:10.062,0.88495,0.8855,2.40,4.60
2009.06.11 23:27:11.292,0.88495,0.8854,2.40,1.40
2009.06.11 23:27:11.472,0.88485,0.8854,2.40,3.00
2009.06.11 23:27:11.772,0.88485,0.88535,2.40,1.60
2009.06.11 23:27:12.862,0.88485,0.8854,2.40,4.60
2009.06.11 23:27:13.161,0.88495,0.8854,2.40,1.40
2009.06.11 23:27:14.411,0.885,0.8853,3.20,1.40
2009.06.11 23:27:14.971,0.88485,0.8853,2.40,1.40
2009.06.11 23:27:20.179,0.88475,0.8852,2.40,1.60
2009.06.11 23:27:20.460,0.8849,0.8852,3.20,1.60
2009.06.11 23:27:20.749,0.8849,0.8853,3.20,1.40
2009.06.11 23:27:21.559,0.88485,0.8853,2.40,1.40
2009.06.11 23:27:21.789,0.8849,0.8853,3.20,1.40
2009.06.11 23:27:44.891,0.88485,0.8853,2.40,1.40
2009.06.11 23:27:45.341,0.88485,0.8854,2.40,3.80
2009.06.11 23:28:03.117,0.8849,0.88535,3.20,1.00
2009.06.11 23:28:03.237,0.8849,0.8853,3.20,1.40
2009.06.11 23:28:12.635,0.88485,0.8853,2.40,1.40
2009.06.11 23:28:18.024,0.8849,0.8853,3.20,2.20
2009.06.11 23:28:18.543,0.88475,0.8853,2.40,3.80
2009.06.11 23:28:19.683,0.88475,0.88525,2.40,1.00
2009.06.11 23:28:21.952,0.88475,0.8853,2.40,3.00
2009.06.11 23:28:22.492,0.88475,0.88525,2.40,1.00
2009.06.11 23:28:23.472,0.88475,0.8853,2.40,3.80
2009.06.11 23:28:24.252,0.88475,0.88525,2.40,1.00
2009.06.11 23:28:26.121,0.88475,0.8853,2.40,3.00
2009.06.11 23:28:26.761,0.88485,0.8853,2.40,3.00
2009.06.11 23:28:27.701,0.88485,0.8854,2.40,3.80
2009.06.11 23:28:30.061,0.885,0.8853,1.60,1.60
2009.06.11 23:28:30.360,0.8849,0.88535,3.20,10.20
2009.06.11 23:28:30.710,0.88485,0.8854,2.40,3.80
2009.06.11 23:29:19.828,0.88475,0.8853,2.40,3.00
2009.06.11 23:29:20.368,0.8849,0.8853,3.20,1.40
2009.06.11 23:29:20.538,0.8849,0.88535,3.20,1.00
2009.06.11 23:29:45.382,0.8849,0.8853,3.20,1.00
2009.06.11 23:29:45.662,0.8849,0.88535,3.20,1.00
2009.06.11 23:29:51.701,0.8848,0.88525,3.20,1.00
2009.06.11 23:29:52.041,0.8848,0.88525,3.20,1.00
2009.06.11 23:29:52.431,0.88465,0.8852,2.40,3.00
2009.06.11 23:29:55.100,0.88475,0.8852,2.40,3.00
2009.06.11 23:29:55.450,0.88475,0.8853,2.40,3.80
2009.06.11 23:29:56.829,0.8848,0.88525,3.20,1.00
2009.06.11 23:29:57.509,0.8848,0.8852,1.60,3.00
2009.06.11 23:30:03.328,0.8847,0.8851,3.20,2.20
2009.06.11 23:30:03.438,0.8847,0.8851,1.60,3.80
2009.06.11 23:30:04.818,0.88465,0.8851,2.40,3.00
2009.06.11 23:30:05.097,0.88465,0.8852,2.40,3.80
2009.06.11 23:30:14.565,0.88475,0.88525,2.40,1.60
2009.06.11 23:30:14.675,0.88475,0.8853,2.40,5.40
2009.06.11 23:30:15.065,0.88475,0.8853,2.40,3.80
2009.06.11 23:30:26.003,0.8848,0.8852,1.60,1.40
2009.06.11 23:30:26.242,0.88475,0.8853,2.40,1.40
2009.06.11 23:30:26.542,0.8848,0.8853,1.60,3.80
2009.06.11 23:30:26.832,0.88465,0.8853,2.40,3.80
2009.06.11 23:30:30.671,0.88495,0.8853,2.40,3.00
2009.06.11 23:30:30.961,0.88495,0.8855,2.40,3.80
2009.06.11 23:30:32.491,0.885,0.88545,3.20,1.00
2009.06.11 23:30:32.671,0.88495,0.8854,1.60,3.00
2009.06.11 23:30:32.851,0.88485,0.8854,2.40,3.00
2009.06.11 23:30:35.000,0.885,0.8854,1.60,3.00
2009.06.11 23:30:35.241,0.88495,0.8854,2.40,3.00
2009.06.11 23:30:35.410,0.88495,0.8855,2.40,3.80
2009.06.11 23:30:43.478,0.885,0.8853,3.20,1.00
2009.06.11 23:30:43.648,0.88465,0.8853,2.40,3.80
2009.06.11 23:30:45.278,0.88475,0.8853,2.40,3.00
2009.06.11 23:30:45.448,0.88485,0.8854,2.40,3.00
2009.06.11 23:30:45.618,0.8849,0.88535,4.80,1.00
2009.06.11 23:30:45.978,0.8849,0.88535,3.20,1.00
2009.06.11 23:30:53.576,0.8849,0.8853,3.20,1.00
2009.06.11 23:30:53.926,0.8849,0.8853,1.60,2.20
2009.06.11 23:30:53.986,0.88475,0.8853,2.40,3.80
2009.06.11 23:31:39.855,0.88475,0.8853,2.40,3.00
2009.06.11 23:31:40.135,0.88475,0.8853,2.40,3.80
2009.06.11 23:31:44.424,0.88485,0.8853,2.40,3.00
2009.06.11 23:31:44.594,0.88485,0.8853,2.40,1.40
2009.06.11 23:31:44.713,0.88485,0.8854,2.40,3.80
2009.06.11 23:31:50.412,0.88485,0.8854,2.40,3.00
2009.06.11 23:31:50.772,0.885,0.8854,3.20,1.40
2009.06.11 23:32:05.859,0.885,0.88545,3.20,1.00
2009.06.11 23:32:05.978,0.88505,0.8855,2.40,3.00
2009.06.11 23:32:06.268,0.88505,0.8855,2.40,1.60
2009.06.11 23:32:06.618,0.88505,0.8856,2.40,3.80
2009.06.11 23:32:10.607,0.8851,0.88555,3.20,1.00
2009.06.11 23:32:10.727,0.88495,0.8855,2.40,3.00
2009.06.11 23:32:10.837,0.88495,0.8855,2.40,3.80
2009.06.11 23:32:10.887,0.885,0.8854,3.20,1.00
2009.06.11 23:32:11.177,0.885,0.8854,3.20,1.00
2009.06.11 23:32:11.297,0.885,0.8854,1.60,2.20
2009.06.11 23:32:11.417,0.88485,0.8854,2.40,3.80
2009.06.11 23:32:13.777,0.88505,0.8854,2.40,1.40
2009.06.11 23:32:14.116,0.88505,0.8855,2.40,3.00
2009.06.11 23:32:14.176,0.88505,0.8856,2.40,3.80
2009.06.11 23:32:56.706,0.88515,0.8856,2.40,1.40
2009.06.11 23:32:58.066,0.88515,0.8857,2.40,3.00
2009.06.11 23:33:01.345,0.88505,0.8856,2.40,3.00
2009.06.11 23:33:07.244,0.8851,0.88555,3.20,1.00
2009.06.11 23:33:07.484,0.88515,0.8855,2.40,3.00
2009.06.11 23:33:07.714,0.88515,0.8856,2.40,1.40
2009.06.11 23:33:08.524,0.88515,0.8857,2.40,3.00
2009.06.11 23:33:17.501,0.88505,0.8856,2.40,3.00
2009.06.11 23:33:37.806,0.88515,0.8856,2.40,1.40
2009.06.11 23:33:50.903,0.88505,0.8856,4.00,3.00
2009.06.11 23:33:51.013,0.88505,0.8856,2.40,3.00
2009.06.11 23:33:56.972,0.88505,0.8855,2.40,3.00
2009.06.11 23:34:11.608,0.88495,0.8855,4.00,3.00
2009.06.11 23:34:16.937,0.88505,0.8855,2.40,3.00
2009.06.11 23:34:53.828,0.88505,0.8855,2.40,1.60
2009.06.11 23:34:53.938,0.88505,0.8856,2.40,3.80
2009.06.11 23:35:00.856,0.8851,0.8856,4.80,3.80
2009.06.11 23:35:01.256,0.88515,0.8856,2.40,3.00
2009.06.11 23:35:01.836,0.88515,0.8857,2.40,3.80
2009.06.11 23:35:02.126,0.88515,0.8857,4.00,3.80
2009.06.11 23:35:02.776,0.88515,0.8857,2.40,3.80
2009.06.11 23:35:05.545,0.88515,0.8857,4.00,3.80
2009.06.11 23:35:09.264,0.88525,0.88575,2.40,1.60
2009.06.11 23:35:09.374,0.88525,0.8858,2.40,3.00
2009.06.11 23:35:13.593,0.88525,0.8858,2.40,3.80
2009.06.11 23:35:14.003,0.88525,0.8858,2.40,5.40
2009.06.11 23:35:19.582,0.8853,0.88575,3.20,1.00
2009.06.11 23:35:32.649,0.88525,0.8858,2.40,5.40
2009.06.11 23:35:32.948,0.88525,0.8858,2.40,3.80
2009.06.11 23:35:34.218,0.88525,0.8858,2.40,3.00
2009.06.11 23:35:39.297,0.8853,0.8858,4.80,5.40
2009.06.11 23:35:50.324,0.8853,0.8857,4.80,1.40
2009.06.11 23:35:50.854,0.88525,0.8857,2.40,3.00
2009.06.11 23:35:51.014,0.8852,0.8856,1.60,3.00
2009.06.11 23:35:51.254,0.88515,0.8856,1.60,3.00
2009.06.11 23:35:56.183,0.88525,0.8857,2.40,3.00
2009.06.11 23:35:58.603,0.88515,0.8857,2.40,3.80
2009.06.11 23:35:58.882,0.88515,0.88565,2.40,1.60
2009.06.11 23:35:59.062,0.88515,0.8856,2.40,3.00
2009.06.11 23:35:59.622,0.88515,0.8856,1.60,3.00
2009.06.11 23:36:12.769,0.8852,0.8856,1.60,3.00
2009.06.11 23:36:13.039,0.88525,0.8857,2.40,3.00
2009.06.11 23:36:15.248,0.8852,0.8857,4.80,3.80
2009.06.11 23:36:15.358,0.8852,0.8856,3.20,1.40
2009.06.11 23:36:15.408,0.8852,0.8856,1.60,3.00
2009.06.11 23:36:19.477,0.8852,0.8857,4.80,3.80
2009.06.11 23:36:19.587,0.88515,0.8857,4.00,3.00
2009.06.11 23:36:20.227,0.88525,0.8857,2.40,3.00
2009.06.11 23:36:29.365,0.88525,0.8857,2.40,1.40
2009.06.11 23:37:20.033,0.8854,0.8858,3.20,2.20
2009.06.11 23:37:20.323,0.88535,0.8858,2.40,1.40
2009.06.11 23:37:24.062,0.88545,0.8859,2.40,1.40
2009.06.11 23:37:36.519,0.88545,0.886,2.40,3.00
2009.06.11 23:37:42.148,0.88555,0.886,2.40,3.00
2009.06.11 23:37:42.267,0.88555,0.886,2.40,1.40
2009.06.11 23:37:53.385,0.8856,0.886,3.20,2.20
2009.06.11 23:37:53.625,0.88545,0.886,2.40,3.80
2009.06.11 23:38:04.792,0.88545,0.88595,4.00,1.40
2009.06.11 23:38:05.132,0.88545,0.88595,12.00,9.40
2009.06.11 23:38:06.902,0.88555,0.8859,1.60,8.00
2009.06.11 23:38:07.201,0.88545,0.8859,2.40,9.40
2009.06.11 23:38:14.660,0.8855,0.8859,11.20,9.40
2009.06.11 23:38:19.178,0.88545,0.8859,2.40,9.40
2009.06.11 23:38:19.748,0.88555,0.8859,1.60,8.00
2009.06.11 23:38:19.859,0.88555,0.88595,9.60,9.40
2009.06.11 23:38:21.298,0.88555,0.88595,2.40,9.40
2009.06.11 23:38:21.638,0.88555,0.886,12.00,1.40
2009.06.11 23:38:26.407,0.88555,0.886,2.40,9.40
2009.06.11 23:38:37.474,0.88545,0.88595,13.60,9.40
2009.06.11 23:38:37.805,0.88545,0.88595,12.00,9.40
2009.06.11 23:38:38.104,0.88555,0.88595,9.60,9.40
2009.06.11 23:38:49.751,0.88555,0.8859,1.60,8.00
2009.06.11 23:38:49.811,0.8855,0.8859,11.20,9.40
2009.06.11 23:39:30.002,0.8855,0.8859,11.20,12.40
2009.06.11 23:39:30.351,0.8854,0.8858,11.20,9.40
2009.06.11 23:39:30.701,0.8854,0.8858,9.60,11.00
2009.06.11 23:39:30.811,0.8854,0.88575,9.60,1.40
2009.06.11 23:39:31.041,0.8854,0.88575,1.60,9.40
2009.06.11 23:39:36.680,0.88535,0.88585,12.00,9.40
2009.06.11 23:39:57.065,0.88545,0.88585,2.40,1.40
2009.06.11 23:39:57.415,0.88545,0.8859,2.40,9.40
2009.06.11 23:40:18.800,0.8854,0.8859,9.80,9.40
2009.06.11 23:40:40.065,0.88555,0.8859,1.60,8.00
2009.06.11 23:40:40.305,0.88555,0.88595,9.60,9.40
2009.06.11 23:40:56.830,0.88555,0.886,2.40,9.40
2009.06.11 23:41:16.256,0.8856,0.886,9.60,9.40
2009.06.11 23:41:16.556,0.88555,0.88595,2.40,1.40
2009.06.11 23:41:16.916,0.88555,0.886,2.40,9.40
2009.06.11 23:41:33.002,0.88555,0.886,2.40,9.40
2009.06.11 23:41:33.402,0.88555,0.88605,12.20,9.40
2009.06.11 23:41:44.049,0.88565,0.88605,2.40,9.40
2009.06.11 23:41:44.509,0.88565,0.8861,2.40,1.40
2009.06.11 23:41:50.387,0.88565,0.88605,2.40,9.40
2009.06.11 23:41:53.697,0.88555,0.88605,12.20,9.40
2009.06.11 23:42:19.610,0.88555,0.88605,12.00,9.40
2009.06.11 23:42:19.891,0.88565,0.88605,9.60,9.40
2009.06.11 23:42:20.331,0.88555,0.886,2.40,9.40
2009.06.11 23:42:47.474,0.88555,0.88605,2.40,1.00
2009.06.11 23:42:47.594,0.88555,0.8861,2.40,9.40
2009.06.11 23:42:52.603,0.88555,0.8861,2.40,10.20
2009.06.11 23:42:52.823,0.88555,0.886,2.40,9.40
2009.06.11 23:42:54.312,0.88565,0.88605,9.60,9.40
2009.06.11 23:42:57.652,0.88555,0.88605,12.20,9.40
2009.06.11 23:42:57.981,0.8857,0.8861,9.60,11.00
2009.06.11 23:42:59.751,0.88565,0.88605,9.60,9.40
2009.06.11 23:43:15.587,0.8857,0.88605,8.00,1.40
2009.06.11 23:43:15.827,0.8857,0.8861,9.60,11.00
2009.06.11 23:43:18.436,0.88565,0.88605,9.60,9.40
2009.06.11 23:43:45.810,0.88555,0.886,2.40,9.40
2009.06.11 23:43:48.729,0.8855,0.886,11.40,9.40
2009.06.11 23:43:49.179,0.8855,0.88595,1.80,9.40
2009.06.11 23:43:52.748,0.8856,0.88595,1.60,9.40
2009.06.11 23:43:52.808,0.8856,0.88595,1.60,8.00
2009.06.11 23:43:52.928,0.88555,0.886,2.40,11.00
2009.06.11 23:43:53.318,0.88555,0.886,2.40,9.40
2009.06.11 23:43:53.838,0.8856,0.886,11.20,9.40
2009.06.11 23:44:54.393,0.88545,0.88595,12.00,9.40
2009.06.11 23:44:54.513,0.88555,0.88595,9.60,10.20
2009.06.11 23:44:54.683,0.8855,0.88585,1.60,9.40
2009.06.11 23:44:55.083,0.88535,0.8858,2.40,9.40
2009.06.11 23:44:57.792,0.8854,0.8858,1.60,9.40
2009.06.11 23:44:57.972,0.8855,0.8858,1.00,9.40
2009.06.11 23:44:58.092,0.88555,0.88595,9.60,9.40
2009.06.11 23:45:00.222,0.88555,0.88595,2.40,9.40
2009.06.11 23:45:00.341,0.8856,0.88595,1.60,8.00
2009.06.11 23:45:00.451,0.8856,0.886,11.20,9.40
2009.06.11 23:45:01.401,0.8856,0.886,11.40,9.40
2009.06.11 23:45:01.811,0.88565,0.886,1.60,8.00
2009.06.11 23:45:01.981,0.88565,0.88605,9.60,9.40
2009.06.11 23:45:08.719,0.88565,0.8859,9.60,1.00
2009.06.11 23:45:09.009,0.88555,0.88585,1.60,9.40
2009.06.11 23:45:09.359,0.88545,0.8859,2.40,9.40
2009.06.11 23:45:12.069,0.88545,0.8859,4.00,9.40
2009.06.11 23:45:12.188,0.88555,0.8859,1.00,9.40
2009.06.11 23:45:12.408,0.88565,0.8859,8.00,1.40
2009.06.11 23:45:12.528,0.88565,0.886,9.60,1.40
2009.06.11 23:45:12.818,0.88565,0.886,1.60,11.00
2009.06.11 23:45:12.928,0.88555,0.886,2.40,11.00
2009.06.11 23:45:15.288,0.8856,0.886,9.60,11.00
2009.06.11 23:45:15.348,0.88565,0.886,8.00,3.00
2009.06.11 23:45:15.688,0.88565,0.88605,9.60,9.40
2009.06.11 23:45:16.558,0.88565,0.886,8.00,1.40
2009.06.11 23:45:16.787,0.8856,0.886,11.20,9.40
2009.06.11 23:45:29.584,0.88545,0.8858,2.40,9.40
2009.06.11 23:45:29.754,0.8854,0.8858,1.60,9.40
2009.06.11 23:45:30.044,0.8853,0.8858,12.80,9.40
2009.06.11 23:45:30.564,0.8853,0.8857,12.80,3.00
2009.06.11 23:45:30.624,0.8853,0.8856,12.80,3.80
2009.06.11 23:45:30.794,0.8853,0.88555,1.60,8.00
2009.06.11 23:45:30.904,0.8852,0.88555,1.60,9.40
2009.06.11 23:45:37.842,0.8852,0.88555,3.20,9.40
2009.06.11 23:45:49.930,0.8852,0.88555,3.20,10.20
2009.06.11 23:45:50.219,0.8852,0.8855,3.20,9.40
2009.06.11 23:45:52.369,0.88525,0.88555,1.60,9.40
2009.06.11 23:45:56.208,0.88525,0.88555,1.60,12.40
2009.06.11 23:45:56.548,0.8852,0.8855,1.60,1.00
2009.06.11 23:45:56.828,0.8852,0.88545,1.60,8.00
2009.06.11 23:45:57.288,0.8851,0.8854,1.60,9.40
2009.06.11 23:45:57.568,0.8851,0.8854,3.20,9.40
2009.06.11 23:45:57.957,0.8852,0.8855,1.60,9.40
2009.06.11 23:45:59.157,0.8852,0.8855,1.60,10.20
2009.06.11 23:45:59.487,0.88515,0.8854,1.60,1.40
2009.06.11 23:45:59.787,0.8851,0.8854,3.20,9.40
2009.06.11 23:46:00.117,0.8851,0.88545,3.20,9.40
2009.06.11 23:46:04.636,0.8851,0.8854,1.60,9.40
2009.06.11 23:46:05.836,0.8851,0.88545,1.60,9.40
2009.06.11 23:46:06.006,0.8851,0.88545,3.20,9.40
2009.06.11 23:46:06.365,0.8851,0.8854,3.20,9.40
2009.06.11 23:46:06.655,0.8851,0.88545,3.20,9.40
2009.06.11 23:46:07.465,0.8851,0.88545,3.20,12.40
2009.06.11 23:46:07.585,0.8851,0.88545,3.20,13.20
2009.06.11 23:46:07.925,0.8851,0.8854,3.20,9.40
2009.06.11 23:46:08.045,0.8851,0.88545,3.20,9.40
2009.06.11 23:46:11.734,0.8851,0.88545,3.20,10.20
2009.06.11 23:46:12.134,0.8851,0.8854,1.60,9.40
2009.06.11 23:46:15.953,0.88505,0.8854,1.60,9.40
2009.06.11 23:46:21.762,0.88505,0.8854,1.60,12.40
2009.06.11 23:46:21.932,0.88505,0.88535,1.60,9.40
2009.06.11 23:46:29.250,0.885,0.8853,1.60,9.40
2009.06.11 23:46:29.810,0.885,0.88535,1.60,9.40
2009.06.11 23:46:30.100,0.88505,0.88535,1.60,9.40
2009.06.11 23:46:34.069,0.885,0.88535,12.80,1.40
2009.06.11 23:46:34.359,0.885,0.88535,1.60,9.40
2009.06.11 23:46:34.649,0.885,0.8853,1.60,9.40
2009.06.11 23:46:44.206,0.885,0.8853,1.60,10.20
2009.06.11 23:46:44.616,0.88495,0.88525,1.60,9.40
2009.06.11 23:46:45.026,0.88495,0.8852,1.60,1.40
2009.06.11 23:46:45.256,0.88485,0.8852,1.60,9.40
2009.06.11 23:46:45.486,0.88485,0.88525,1.60,9.40
2009.06.11 23:46:45.896,0.8849,0.88525,1.60,9.40
2009.06.11 23:46:46.006,0.88495,0.88525,1.60,9.40
2009.06.11 23:46:47.066,0.8849,0.88525,1.60,9.40
2009.06.11 23:46:47.795,0.88495,0.88525,1.60,9.40
2009.06.11 23:46:50.295,0.8849,0.8852,1.60,9.40
2009.06.11 23:46:50.575,0.8849,0.8852,1.60,1.40
2009.06.11 23:46:50.915,0.8849,0.8852,1.60,9.40
2009.06.11 23:46:51.085,0.8849,0.8852,1.60,1.40
2009.06.11 23:46:51.355,0.88485,0.88525,11.20,9.40
2009.06.11 23:46:51.805,0.8849,0.8852,1.60,9.40
2009.06.11 23:46:52.095,0.88485,0.8852,1.60,9.40
2009.06.11 23:46:52.334,0.88485,0.8852,9.60,1.40
2009.06.11 23:46:52.614,0.8849,0.88525,1.60,9.40
2009.06.11 23:46:55.124,0.88485,0.88525,1.60,9.40
2009.06.11 23:46:55.853,0.8849,0.88525,1.60,9.40
2009.06.11 23:47:00.872,0.88485,0.88525,1.60,9.40
2009.06.11 23:47:04.042,0.8852,0.8855,8.00,1.40
2009.06.11 23:47:04.271,0.88505,0.8855,2.40,9.40
2009.06.11 23:47:07.171,0.88505,0.88555,12.00,9.40
2009.06.11 23:47:08.311,0.8852,0.8856,11.20,9.40
2009.06.11 23:47:09.980,0.88515,0.8856,2.40,9.40
2009.06.11 23:47:19.008,0.8853,0.8856,8.00,1.40
2009.06.11 23:47:19.068,0.88525,0.8856,2.40,1.40
2009.06.11 23:47:19.718,0.88525,0.8857,2.40,11.00
2009.06.11 23:47:19.898,0.88525,0.8857,2.40,9.40
2009.06.11 23:47:20.638,0.88525,0.8857,10.40,1.40
2009.06.11 23:47:20.747,0.88525,0.8857,12.00,1.40
2009.06.11 23:47:20.928,0.88535,0.8857,9.60,1.40
2009.06.11 23:47:21.147,0.88535,0.8857,8.00,1.40
2009.06.11 23:47:21.327,0.88525,0.8857,12.00,1.40
2009.06.11 23:47:31.675,0.88535,0.8857,9.60,1.40
2009.06.11 23:47:32.075,0.88525,0.8857,2.40,9.40
2009.06.11 23:47:32.245,0.88525,0.8857,12.00,1.40
2009.06.11 23:47:37.603,0.88525,0.88575,12.00,9.40
2009.06.11 23:47:37.773,0.8854,0.88575,3.20,9.40
2009.06.11 23:47:37.994,0.8854,0.88575,3.20,8.00
2009.06.11 23:47:38.163,0.88535,0.88575,2.40,9.40
2009.06.11 23:47:38.323,0.88535,0.88575,2.40,1.40
2009.06.11 23:47:38.724,0.88535,0.8858,2.40,9.40
2009.06.11 23:48:53.735,0.8854,0.8858,11.20,9.40
2009.06.11 23:48:59.204,0.8854,0.88575,3.20,9.40
2009.06.11 23:49:00.824,0.88535,0.88575,2.40,9.40
2009.06.11 23:49:01.064,0.88535,0.8858,2.40,9.40
2009.06.11 23:49:19.869,0.88535,0.88585,12.00,9.40
2009.06.11 23:49:33.855,0.88535,0.88585,12.00,8.00
2009.06.11 23:49:33.916,0.88535,0.8859,12.00,3.80
2009.06.11 23:49:34.035,0.88535,0.8859,12.00,3.00
2009.06.11 23:49:39.864,0.88535,0.8859,12.00,3.80
2009.06.11 23:49:40.334,0.88535,0.88585,12.00,8.00
2009.06.11 23:49:40.454,0.88535,0.88585,12.00,9.40
2009.06.11 23:49:49.842,0.88545,0.88585,9.60,10.20
2009.06.11 23:49:50.191,0.88535,0.88575,2.40,9.40
2009.06.11 23:49:50.421,0.8854,0.88575,3.20,9.40
2009.06.11 23:49:50.762,0.88525,0.88575,12.00,9.40
2009.06.11 23:50:43.848,0.8854,0.88575,1.60,9.40
2009.06.11 23:50:44.368,0.88545,0.8859,2.40,11.00
2009.06.11 23:50:44.708,0.88545,0.8859,4.00,9.60
2009.06.11 23:50:44.938,0.88545,0.88595,12.00,9.40
2009.06.11 23:50:45.168,0.88545,0.8859,10.40,1.40
2009.06.11 23:50:45.398,0.88545,0.88595,12.00,9.40
2009.06.11 23:50:47.288,0.88555,0.8859,8.00,1.40
2009.06.11 23:50:47.458,0.88545,0.8859,2.40,9.40
2009.06.11 23:50:49.777,0.88545,0.8859,10.40,1.40
2009.06.11 23:50:49.947,0.88545,0.88595,12.00,9.40
2009.06.11 23:51:00.995,0.88555,0.88595,9.60,10.20
2009.06.11 23:51:01.164,0.88545,0.8859,2.40,9.40
2009.06.11 23:51:01.934,0.88545,0.88595,12.00,9.40
2009.06.11 23:51:14.432,0.8855,0.88585,1.60,9.40
2009.06.11 23:51:14.601,0.88545,0.88585,2.40,9.40
2009.06.11 23:51:14.951,0.88545,0.8859,2.40,11.00
2009.06.11 23:51:15.181,0.88545,0.88595,12.00,9.40
2009.06.11 23:51:19.770,0.88555,0.88595,9.60,10.20
2009.06.11 23:51:19.880,0.8855,0.88585,3.20,9.40
2009.06.11 23:51:20.230,0.8855,0.88585,1.60,9.40
2009.06.11 23:51:20.400,0.88535,0.8858,2.40,9.40
2009.06.11 23:52:04.879,0.88545,0.8858,1.60,9.40
2009.06.11 23:52:05.179,0.8856,0.8858,1.00,9.40
2009.06.11 23:52:05.419,0.8856,0.886,11.20,9.40
2009.06.11 23:52:05.829,0.8856,0.88595,3.20,9.40
2009.06.11 23:52:05.949,0.8856,0.88595,1.60,9.40
2009.06.11 23:52:06.000,0.88555,0.88595,9.60,9.40
2009.06.11 23:52:06.229,0.8855,0.8859,11.40,9.40
2009.06.11 23:52:09.548,0.8855,0.8859,11.20,9.40
2009.06.11 23:52:10.308,0.8855,0.8858,1.60,8.00
2009.06.11 23:52:10.428,0.8855,0.88585,1.60,9.40
2009.06.11 23:52:11.198,0.8855,0.8859,9.60,11.00
2009.06.11 23:52:11.657,0.8855,0.88585,1.60,8.00
2009.06.11 23:52:12.008,0.8855,0.8859,9.60,3.00
2009.06.11 23:52:16.886,0.8855,0.88585,1.60,8.00
2009.06.11 23:52:17.056,0.8855,0.88585,1.60,9.40
2009.06.11 23:52:24.034,0.8855,0.8859,9.60,11.00
2009.06.11 23:52:25.744,0.8855,0.88585,1.60,8.00
2009.06.11 23:52:25.924,0.8855,0.88585,1.60,9.40
2009.06.11 23:52:27.254,0.8855,0.88585,1.60,12.40
2009.06.11 23:52:27.434,0.8853,0.88575,5.00,9.40
2009.06.11 23:52:27.653,0.8854,0.88575,3.20,9.40
2009.06.11 23:52:27.914,0.8854,0.88575,3.40,9.40
2009.06.11 23:52:28.273,0.8854,0.88575,1.80,9.40
2009.06.11 23:52:28.554,0.8854,0.88575,3.20,9.40
2009.06.11 23:52:28.903,0.88545,0.88585,9.60,11.80
2009.06.11 23:52:29.263,0.88545,0.88575,9.60,1.00
2009.06.11 23:52:29.613,0.8854,0.8857,1.60,1.40
2009.06.11 23:52:29.963,0.8854,0.8857,1.60,9.40
2009.06.11 23:52:34.262,0.8854,0.8857,1.60,11.00
2009.06.11 23:52:40.690,0.88535,0.88575,2.40,9.40
2009.06.11 23:52:40.750,0.88535,0.8858,2.40,9.40
2009.06.11 23:52:42.480,0.8854,0.8858,11.20,12.40
2009.06.11 23:52:42.600,0.8854,0.88575,1.60,8.00
2009.06.11 23:52:42.780,0.8854,0.88575,1.60,9.40
2009.06.11 23:52:44.180,0.8854,0.88575,9.60,1.40
2009.06.11 23:52:44.290,0.8854,0.8858,11.20,11.00
2009.06.11 23:52:48.459,0.88545,0.8858,8.00,1.40
2009.06.11 23:52:48.519,0.88545,0.88585,9.60,11.00
2009.06.11 23:52:52.807,0.88535,0.88585,13.80,11.00
2009.06.11 23:52:52.987,0.88545,0.88585,9.60,11.00
2009.06.11 23:52:53.088,0.88545,0.88585,2.40,3.00
2009.06.11 23:52:53.437,0.88545,0.88585,2.40,1.60
2009.06.11 23:52:53.617,0.88545,0.8859,2.40,9.40
2009.06.11 23:52:55.067,0.8855,0.88585,11.20,1.40
2009.06.11 23:52:55.457,0.8855,0.88585,1.60,9.40
2009.06.11 23:53:57.142,0.88565,0.88615,13.00,11.00
2009.06.11 23:53:57.262,0.88565,0.88615,13.80,11.00
2009.06.11 23:54:06.590,0.88565,0.88615,13.80,9.40
2009.06.11 23:54:06.750,0.8858,0.88615,1.60,9.40
2009.06.11 23:54:12.338,0.8857,0.88615,1.80,9.40
2009.06.11 23:55:03.156,0.88575,0.88615,9.60,9.40
2009.06.11 23:55:22.441,0.8857,0.88615,1.80,9.40
2009.06.11 23:55:59.793,0.8858,0.88615,1.60,9.40
2009.06.11 23:56:00.872,0.8857,0.88615,1.80,8.00
2009.06.11 23:56:01.152,0.8857,0.8862,9.80,12.60
2009.06.11 23:56:01.562,0.88585,0.8862,9.60,1.60
2009.06.11 23:56:01.842,0.88585,0.88625,9.60,9.40
2009.06.11 23:56:04.571,0.8857,0.8862,11.40,9.40
2009.06.11 23:56:05.791,0.8857,0.8862,9.80,9.40
2009.06.11 23:56:06.601,0.8858,0.88615,1.60,8.00
2009.06.11 23:56:06.771,0.8858,0.88615,1.60,9.40
2009.06.11 23:56:07.690,0.88575,0.88615,9.60,9.40
2009.06.11 23:56:09.740,0.8857,0.88615,8.00,1.40
2009.06.11 23:56:09.980,0.8857,0.8862,9.80,9.40
2009.06.11 23:56:13.249,0.8858,0.8862,9.60,12.40
2009.06.11 23:56:13.369,0.88575,0.88615,9.60,9.40
2009.06.11 23:56:22.077,0.8857,0.88615,8.00,1.40
2009.06.11 23:56:22.257,0.8857,0.8862,9.80,12.60
2009.06.11 23:56:22.427,0.8857,0.8862,11.40,9.40
2009.06.11 23:57:00.808,0.8857,0.88615,3.40,9.40
2009.06.11 23:57:01.078,0.8857,0.8862,11.40,9.40
2009.06.11 23:57:19.593,0.8858,0.8862,11.20,12.40
2009.06.11 23:57:20.053,0.8858,0.88615,1.60,8.00
2009.06.11 23:57:20.343,0.88585,0.8862,9.60,4.60
2009.06.11 23:57:20.633,0.88585,0.88615,8.00,4.40
2009.06.11 23:57:20.903,0.8858,0.8861,1.60,9.40
2009.06.11 23:57:22.033,0.8857,0.8861,1.80,9.40
2009.06.11 23:57:22.543,0.8857,0.88615,1.80,11.00
2009.06.11 23:57:22.773,0.8858,0.88615,1.60,11.00
2009.06.11 23:57:22.943,0.8858,0.88615,11.20,4.60
2009.06.11 23:57:23.392,0.8858,0.8861,1.60,9.40
2009.06.11 23:57:24.932,0.8858,0.8861,1.60,8.00
2009.06.11 23:57:25.582,0.8858,0.8861,1.60,9.40
2009.06.11 23:57:26.741,0.8858,0.8861,1.60,12.40
2009.06.11 23:57:26.912,0.8858,0.8861,11.20,3.00
2009.06.11 23:57:27.381,0.8857,0.88605,3.20,9.40
2009.06.11 23:57:28.001,0.8858,0.88605,1.60,9.40
2009.06.11 23:57:28.241,0.8857,0.88605,4.00,9.40
2009.06.11 23:57:28.521,0.8857,0.88605,4.00,8.00
2009.06.11 23:57:28.691,0.8857,0.8862,13.60,11.00
2009.06.11 23:57:32.530,0.8858,0.8862,11.20,11.00
2009.06.11 23:57:32.630,0.88585,0.8862,9.60,1.60
2009.06.11 23:57:32.810,0.8859,0.8862,1.60,1.60
2009.06.11 23:57:33.320,0.8859,0.88625,1.60,11.00
2009.06.11 23:57:33.900,0.88585,0.88625,9.60,11.00
2009.06.11 23:57:41.828,0.8859,0.88625,9.60,1.60
2009.06.11 23:57:42.268,0.88585,0.8862,1.60,8.00
2009.06.11 23:57:42.448,0.8858,0.8862,11.20,9.40
2009.06.11 23:57:45.937,0.8858,0.8862,11.20,12.40
2009.06.11 23:57:46.167,0.8858,0.88615,3.20,9.40
2009.06.11 23:57:46.467,0.8858,0.88615,3.20,11.00
2009.06.11 23:57:46.707,0.8858,0.88615,1.60,11.00
2009.06.11 23:57:47.767,0.8857,0.88615,1.80,11.00
2009.06.11 23:57:48.107,0.8858,0.88615,1.60,11.00
2009.06.11 23:57:48.226,0.88585,0.88625,9.60,11.00
2009.06.11 23:57:48.456,0.88585,0.88625,9.60,9.40
2009.06.11 23:57:50.356,0.8859,0.88625,8.00,1.40
2009.06.11 23:57:50.826,0.8859,0.8863,9.60,12.60
2009.06.11 23:57:50.996,0.8859,0.8863,11.20,11.00
2009.06.11 23:58:00.853,0.8859,0.88625,3.20,8.00
2009.06.11 23:58:00.973,0.8859,0.88625,3.20,11.00
2009.06.11 23:58:01.493,0.8859,0.88625,1.60,11.00
2009.06.11 23:58:01.653,0.88585,0.88625,9.60,11.00
2009.06.11 23:58:01.933,0.88585,0.88625,9.80,11.00
2009.06.11 23:58:02.113,0.88595,0.88625,1.60,8.00
2009.06.11 23:58:02.503,0.88595,0.8863,9.60,1.60
2009.06.11 23:58:03.543,0.88595,0.8863,8.00,3.00
2009.06.11 23:58:03.823,0.88595,0.88635,9.60,11.00
2009.06.11 23:58:05.792,0.8858,0.8863,11.40,9.40
2009.06.11 23:58:08.832,0.8859,0.88625,11.20,1.40
2009.06.11 23:58:09.191,0.8859,0.88625,3.20,9.40
2009.06.11 23:58:09.362,0.88585,0.88625,9.60,11.00
2009.06.11 23:58:13.080,0.8859,0.88625,8.00,3.00
2009.06.11 23:58:13.430,0.88595,0.88635,9.60,11.00
2009.06.11 23:58:37.315,0.88595,0.88625,9.60,3.00
2009.06.11 23:58:37.434,0.88575,0.8862,1.60,9.40
2009.06.11 23:58:37.605,0.8858,0.8862,12.80,11.00
2009.06.11 23:58:48.212,0.8858,0.8862,12.80,9.40
2009.06.11 23:58:50.881,0.8858,0.8862,12.80,11.00
2009.06.11 23:58:51.741,0.8858,0.8862,12.80,9.40
2009.06.11 23:59:01.329,0.8858,0.8862,11.20,11.00
2009.06.11 23:59:01.619,0.8858,0.88615,1.60,9.40
2009.06.11 23:59:01.899,0.88575,0.8861,9.60,3.00
2009.06.11 23:59:02.189,0.88575,0.88595,1.60,8.00
2009.06.11 23:59:02.628,0.8856,0.88595,1.60,9.40
2009.06.11 23:59:11.126,0.88555,0.88595,9.60,9.40
2009.06.11 23:59:11.306,0.8856,0.886,9.60,11.00
2009.06.11 23:59:12.336,0.88555,0.88595,9.60,9.40
2009.06.11 23:59:19.025,0.88555,0.8859,1.60,8.00
2009.06.11 23:59:19.195,0.8855,0.8859,12.80,9.40
2009.06.11 23:59:28.092,0.88555,0.8859,8.00,1.40
2009.06.11 23:59:28.502,0.88555,0.88595,9.60,9.40
2009.06.11 23:59:28.732,0.8855,0.8859,12.80,9.40
2009.06.11 23:59:28.902,0.88555,0.8859,1.60,9.40
2009.06.11 23:59:30.022,0.8855,0.8859,11.20,11.00
2009.06.11 23:59:30.342,0.8855,0.8859,12.80,9.40
2009.06.11 23:59:31.421,0.88555,0.88595,9.60,9.40
2009.06.11 23:59:31.661,0.8856,0.88595,1.60,9.40
2009.06.11 23:59:39.709,0.8856,0.886,11.20,11.00
2009.06.11 23:59:40.170,0.88565,0.886,1.60,9.40
2009.06.11 23:59:46.668,0.8856,0.886,12.80,9.40
2009.06.11 23:59:46.968,0.8856,0.88595,1.60,9.40
2009.06.11 23:59:48.917,0.88555,0.88595,9.60,9.40
2009.06.11 23:59:49.627,0.88555,0.8859,1.60,9.40
2009.06.11 23:59:49.967,0.8855,0.8859,12.80,9.40
