2008.11.16 22:02:22.265,0.7736,0.77485,1.00,1.00
2008.11.16 22:02:33.622,0.77355,0.7748,1.00,1.00
2008.11.16 22:02:49.469,0.77365,0.7749,1.00,1.00
2008.11.16 22:03:03.465,0.77385,0.7751,1.00,1.00
2008.11.16 22:03:04.315,0.7737,0.7749,1.00,1.00
2008.11.16 22:03:07.414,0.7738,0.77505,1.00,1.00
2008.11.16 22:03:07.654,0.774,0.77525,1.00,1.00
2008.11.16 22:03:09.194,0.77395,0.7752,1.00,1.00
2008.11.16 22:03:14.952,0.774,0.7752,1.00,1.00
2008.11.16 22:03:15.902,0.77395,0.7752,1.00,1.00
2008.11.16 22:03:21.871,0.7739,0.77515,1.00,1.00
2008.11.16 22:03:31.898,0.77395,0.7752,1.00,1.00
2008.11.16 22:03:32.868,0.7739,0.77515,1.00,1.00
2008.11.16 22:03:47.755,0.77385,0.7751,1.00,1.00
2008.11.16 22:03:49.014,0.7739,0.7751,1.00,1.00
2008.11.16 22:03:56.163,0.774,0.7752,1.00,1.00
2008.11.16 22:03:58.762,0.7739,0.77515,1.00,1.00
2008.11.16 22:04:18.197,0.774,0.7752,1.00,1.00
2008.11.16 22:04:19.067,0.77405,0.77525,1.00,1.00
2008.11.16 22:04:21.556,0.774,0.7752,1.00,1.00
2008.11.16 22:04:22.416,0.77395,0.7752,1.00,1.00
2008.11.16 22:04:22.746,0.7739,0.77515,1.00,1.00
2008.11.16 22:04:26.595,0.77395,0.7752,1.00,1.00
2008.11.16 22:04:27.515,0.7739,0.77515,1.00,1.00
2008.11.16 22:04:30.064,0.77395,0.7752,1.00,1.00
2008.11.16 22:04:49.170,0.77395,0.7752,1.20,1.00
2008.11.16 22:04:51.559,0.7742,0.7756,1.00,1.00
2008.11.16 22:04:51.779,0.7742,0.77565,1.00,1.00
2008.11.16 22:04:52.529,0.7742,0.77565,1.00,1.00
2008.11.16 22:04:52.749,0.7742,0.77545,1.00,1.00
2008.11.16 22:04:58.807,0.77425,0.7755,1.00,1.00
2008.11.16 22:05:03.696,0.7742,0.77545,1.00,1.00
2008.11.16 22:05:04.226,0.7743,0.77555,1.00,1.00
2008.11.16 22:05:04.926,0.7743,0.77555,1.00,1.00
2008.11.16 22:05:05.146,0.7742,0.77545,1.00,1.00
2008.11.16 22:05:06.516,0.77415,0.77535,1.00,1.00
2008.11.16 22:05:13.084,0.7741,0.77535,1.00,1.00
2008.11.16 22:05:18.663,0.77415,0.77535,1.00,1.00
2008.11.16 22:05:23.932,0.7741,0.77535,1.00,1.00
2008.11.16 22:05:31.260,0.77415,0.7754,1.00,1.00
2008.11.16 22:05:31.470,0.77435,0.7756,1.00,1.00
2008.11.16 22:05:35.829,0.7744,0.77565,1.00,1.00
2008.11.16 22:05:37.748,0.77445,0.77565,1.00,1.00
2008.11.16 22:05:37.858,0.7747,0.7761,1.00,1.00
2008.11.16 22:05:37.978,0.7746,0.77605,1.00,1.00
2008.11.16 22:05:38.388,0.7747,0.7761,1.00,1.00
2008.11.16 22:05:38.798,0.7748,0.77625,1.00,1.00
2008.11.16 22:05:39.138,0.77475,0.776,1.00,1.80
2008.11.16 22:05:39.478,0.7743,0.77575,1.00,1.00
2008.11.16 22:05:41.447,0.7743,0.77555,1.00,1.00
2008.11.16 22:05:41.617,0.7744,0.77565,1.00,1.00
2008.11.16 22:05:46.286,0.77445,0.7757,1.00,1.00
2008.11.16 22:05:53.774,0.7744,0.77565,1.00,1.00
2008.11.16 22:06:01.452,0.77445,0.7757,1.00,1.00
2008.11.16 22:06:01.612,0.77455,0.77575,1.00,1.00
2008.11.16 22:06:01.962,0.77475,0.77595,1.00,1.00
2008.11.16 22:06:02.372,0.7743,0.7757,1.00,1.00
2008.11.16 22:06:02.542,0.77435,0.77575,1.00,1.00
2008.11.16 22:06:02.772,0.7743,0.77575,1.00,1.00
2008.11.16 22:06:09.051,0.77435,0.7756,1.00,1.00
2008.11.16 22:06:11.750,0.77445,0.7757,1.00,1.00
2008.11.16 22:06:12.100,0.77435,0.7756,1.00,1.00
2008.11.16 22:06:15.799,0.77445,0.7757,1.00,1.00
2008.11.16 22:06:15.959,0.7745,0.77575,1.00,1.00
2008.11.16 22:06:16.129,0.7746,0.77585,1.00,1.00
2008.11.16 22:06:17.178,0.7745,0.7757,1.00,1.00
2008.11.16 22:06:18.298,0.77435,0.7756,1.00,1.00
2008.11.16 22:06:18.458,0.77445,0.7757,1.00,1.00
2008.11.16 22:06:21.488,0.7744,0.77565,1.00,1.00
2008.11.16 22:06:31.365,0.77435,0.7756,1.00,1.00
2008.11.16 22:06:35.474,0.7744,0.77565,1.00,1.00
2008.11.16 22:06:35.754,0.7745,0.7757,1.00,1.00
2008.11.16 22:06:38.263,0.7745,0.77575,1.00,1.00
2008.11.16 22:06:39.583,0.7746,0.77585,1.00,1.00
2008.11.16 22:06:40.173,0.7745,0.77575,1.00,1.00
2008.11.16 22:06:40.843,0.7745,0.7757,1.00,1.00
2008.11.16 22:06:41.023,0.77445,0.7757,1.00,1.00
2008.11.16 22:06:41.583,0.7745,0.77575,1.00,1.00
2008.11.16 22:06:41.882,0.7745,0.7757,1.00,1.00
2008.11.16 22:06:46.472,0.77445,0.7757,1.00,1.00
2008.11.16 22:06:47.221,0.7745,0.77575,1.00,1.00
2008.11.16 22:06:47.561,0.7746,0.7758,1.00,1.00
2008.11.16 22:06:52.590,0.7745,0.77575,1.00,1.00
2008.11.16 22:06:53.830,0.7745,0.7757,1.00,1.00
2008.11.16 22:06:53.950,0.77445,0.7757,1.00,1.00
2008.11.16 22:06:56.789,0.7744,0.77565,1.00,1.00
2008.11.16 22:07:00.638,0.77435,0.7756,1.00,1.00
2008.11.16 22:07:03.547,0.7745,0.77575,1.00,1.00
2008.11.16 22:07:05.997,0.7745,0.7757,1.00,1.00
2008.11.16 22:07:08.696,0.77445,0.7757,1.00,1.00
2008.11.16 22:07:10.986,0.7745,0.7757,1.00,1.00
2008.11.16 22:07:12.825,0.77455,0.77575,1.00,1.00
2008.11.16 22:07:13.285,0.7745,0.7757,1.00,1.00
2008.11.16 22:07:13.515,0.77445,0.7757,1.00,1.00
2008.11.16 22:07:14.325,0.7744,0.77565,1.00,1.00
2008.11.16 22:07:14.905,0.7744,0.7756,1.00,1.00
2008.11.16 22:07:15.025,0.77435,0.77555,1.00,1.00
2008.11.16 22:07:15.425,0.7744,0.77565,1.00,1.00
2008.11.16 22:07:15.924,0.7743,0.77555,1.00,1.00
2008.11.16 22:07:17.614,0.77425,0.7755,1.00,1.00
2008.11.16 22:07:18.884,0.7742,0.77545,1.00,1.00
2008.11.16 22:07:26.512,0.77425,0.7755,1.00,1.00
2008.11.16 22:07:31.131,0.7742,0.77545,1.00,1.00
2008.11.16 22:07:40.868,0.77425,0.7755,1.00,1.00
2008.11.16 22:07:47.057,0.77435,0.77555,1.00,1.00
2008.11.16 22:07:49.867,0.77445,0.7757,1.00,1.00
2008.11.16 22:07:50.666,0.7744,0.77565,1.00,1.00
2008.11.16 22:07:50.896,0.77445,0.7757,1.00,1.00
2008.11.16 22:07:53.846,0.7744,0.77565,1.00,1.00
2008.11.16 22:07:56.625,0.77435,0.7756,1.00,1.00
2008.11.16 22:08:04.093,0.77435,0.77555,1.00,1.00
2008.11.16 22:08:04.483,0.7743,0.77555,1.00,1.00
2008.11.16 22:08:05.053,0.77425,0.7755,1.00,1.00
2008.11.16 22:08:08.002,0.7742,0.77545,1.00,1.00
2008.11.16 22:08:14.840,0.77415,0.7754,1.00,1.00
2008.11.16 22:08:18.539,0.7742,0.77545,1.00,1.00
2008.11.16 22:08:23.748,0.77415,0.7754,1.00,1.00
2008.11.16 22:08:26.997,0.7742,0.77545,1.00,1.00
2008.11.16 22:09:08.877,0.77435,0.77555,1.00,1.00
2008.11.16 22:09:11.476,0.77425,0.7755,1.00,1.00
2008.11.16 22:09:13.426,0.7743,0.77555,1.00,1.00
2008.11.16 22:09:18.445,0.77435,0.77555,1.00,1.00
2008.11.16 22:09:19.305,0.77435,0.7756,1.00,1.00
2008.11.16 22:09:27.333,0.7743,0.77555,1.00,1.00
2008.11.16 22:09:27.503,0.77425,0.7755,1.00,1.00
2008.11.16 22:09:27.852,0.7743,0.77555,1.00,1.00
2008.11.16 22:09:31.532,0.77435,0.77555,1.00,1.00
2008.11.16 22:09:34.981,0.77425,0.7755,1.00,1.00
2008.11.16 22:09:35.151,0.7742,0.77545,1.00,1.00
2008.11.16 22:09:39.060,0.7743,0.77555,1.00,1.00
2008.11.16 22:09:40.310,0.7743,0.77555,1.00,1.00
2008.11.16 22:09:40.490,0.77425,0.7755,1.00,1.00
2008.11.16 22:09:40.789,0.7742,0.77545,1.00,1.00
2008.11.16 22:09:42.259,0.7743,0.7755,1.00,1.00
2008.11.16 22:09:42.869,0.77425,0.7755,1.00,1.00
2008.11.16 22:09:46.598,0.7743,0.7755,1.00,1.00
2008.11.16 22:09:55.046,0.77425,0.7755,1.00,1.00
2008.11.16 22:09:58.625,0.7742,0.77545,1.00,1.00
2008.11.16 22:10:00.465,0.77425,0.7755,1.00,1.00
2008.11.16 22:10:05.164,0.7742,0.77545,1.00,1.00
2008.11.16 22:10:06.883,0.77425,0.7755,1.00,1.00
2008.11.16 22:10:11.482,0.7743,0.7755,1.00,1.00
2008.11.16 22:10:13.322,0.77435,0.77555,1.00,1.00
2008.11.16 22:10:13.901,0.77435,0.7756,1.00,1.00
2008.11.16 22:10:15.591,0.77435,0.77555,1.00,1.00
2008.11.16 22:10:17.520,0.77435,0.7756,1.00,1.00
2008.11.16 22:10:27.968,0.77435,0.77555,1.00,1.00
2008.11.16 22:10:34.586,0.77435,0.7756,1.00,1.00
2008.11.16 22:11:00.150,0.77435,0.77555,1.00,1.00
2008.11.16 22:11:02.510,0.77435,0.77555,1.00,1.00
2008.11.16 22:11:02.740,0.7744,0.7756,1.20,1.00
2008.11.16 22:11:05.479,0.7744,0.77555,1.00,1.00
2008.11.16 22:11:05.659,0.77435,0.77555,1.20,1.00
2008.11.16 22:11:06.339,0.77435,0.77555,1.00,1.00
2008.11.16 22:11:06.459,0.77435,0.77555,1.20,1.00
2008.11.16 22:11:06.849,0.77435,0.77555,1.20,1.00
2008.11.16 22:11:14.377,0.7744,0.77565,1.00,1.00
2008.11.16 22:11:14.617,0.7744,0.77565,1.00,1.00
2008.11.16 22:11:14.797,0.77445,0.7757,1.00,1.00
2008.11.16 22:11:20.055,0.77445,0.7757,1.00,1.00
2008.11.16 22:11:20.635,0.7747,0.7761,1.00,1.00
2008.11.16 22:11:21.165,0.77485,0.77625,1.00,1.00
2008.11.16 22:11:42.390,0.7749,0.77615,1.00,1.00
2008.11.16 22:11:59.226,0.77495,0.77615,1.00,1.00
2008.11.16 22:12:13.173,0.7749,0.77615,1.00,1.00
2008.11.16 22:12:16.802,0.77495,0.77615,1.00,1.00
2008.11.16 22:13:18.327,0.77485,0.7761,1.00,1.00
2008.11.16 22:13:18.677,0.77495,0.77615,1.00,1.00
2008.11.16 22:13:22.356,0.77485,0.7761,1.00,1.00
2008.11.16 22:13:22.996,0.77495,0.77615,1.00,1.00
2008.11.16 22:13:25.395,0.77485,0.7761,1.00,1.00
2008.11.16 22:13:25.575,0.77495,0.77615,1.00,1.00
2008.11.16 22:13:28.235,0.775,0.7762,1.00,1.00
2008.11.16 22:13:58.487,0.7751,0.77635,1.00,1.00
2008.11.16 22:14:16.973,0.77515,0.7764,1.00,1.00
2008.11.16 22:14:24.031,0.775,0.7762,1.00,1.00
2008.11.16 22:14:24.271,0.77495,0.77615,1.00,1.00
2008.11.16 22:14:25.811,0.7751,0.77635,1.00,1.00
2008.11.16 22:14:26.221,0.77515,0.7764,1.00,1.00
2008.11.16 22:14:32.289,0.77515,0.7765,1.00,1.00
2008.11.16 22:14:36.388,0.7751,0.77635,1.00,1.00
2008.11.16 22:14:56.573,0.775,0.7762,1.00,1.00
2008.11.16 22:14:57.733,0.7751,0.77635,1.00,1.00
2008.11.16 22:15:01.862,0.775,0.77625,1.00,1.00
2008.11.16 22:15:11.950,0.7751,0.77635,1.00,1.00
2008.11.16 22:15:12.180,0.7753,0.77655,1.00,1.00
2008.11.16 22:15:12.470,0.77535,0.77655,1.00,1.00
2008.11.16 22:15:13.279,0.77545,0.77665,1.00,1.00
2008.11.16 22:15:25.006,0.7754,0.77665,1.00,1.00
2008.11.16 22:15:32.545,0.77545,0.77665,1.00,1.00
2008.11.16 22:15:38.493,0.77575,0.7773,1.00,1.00
2008.11.16 22:15:42.202,0.77615,0.77715,1.00,1.00
2008.11.16 22:15:42.372,0.77615,0.7772,1.20,1.00
2008.11.16 22:15:42.772,0.7763,0.7772,1.00,1.00
2008.11.16 22:15:43.052,0.7762,0.7772,1.00,1.00
2008.11.16 22:15:43.582,0.7763,0.7772,1.20,1.00
2008.11.16 22:15:47.751,0.77635,0.7772,1.00,1.00
2008.11.16 22:15:48.331,0.77645,0.7772,1.00,1.00
2008.11.16 22:15:52.160,0.7763,0.7772,1.20,1.00
2008.11.16 22:15:53.550,0.77635,0.7772,1.00,1.00
2008.11.16 22:15:53.830,0.7764,0.7772,1.00,1.00
2008.11.16 22:15:54.129,0.77645,0.7772,1.00,1.00
2008.11.16 22:15:58.568,0.77635,0.7772,1.00,1.00
2008.11.16 22:16:02.657,0.77635,0.7772,1.20,1.00
2008.11.16 22:16:06.666,0.77645,0.7772,1.00,1.00
2008.11.16 22:16:10.376,0.7766,0.7772,1.00,1.00
2008.11.16 22:16:10.655,0.7758,0.7772,1.80,1.00
2008.11.16 22:16:22.822,0.776,0.7772,1.80,1.00
2008.11.16 22:16:34.260,0.77565,0.7772,1.80,1.00
2008.11.16 22:16:35.649,0.7765,0.7772,1.00,1.00
2008.11.16 22:16:40.068,0.77695,0.7772,1.00,1.00
2008.11.16 22:16:44.027,0.7771,0.7772,1.00,1.00
2008.11.16 22:16:46.217,0.77705,0.7772,1.00,1.00
2008.11.16 22:16:52.255,0.77645,0.7772,1.80,1.00
2008.11.16 22:16:58.634,0.7769,0.7772,1.00,1.00
2008.11.16 22:17:12.640,0.77605,0.7772,1.80,1.00
2008.11.16 22:17:14.440,0.7768,0.7772,1.00,1.00
2008.11.16 22:17:14.850,0.77685,0.7772,1.00,1.00
2008.11.16 22:17:15.200,0.77665,0.7772,1.00,1.00
2008.11.16 22:17:15.370,0.7766,0.7772,1.00,1.00
2008.11.16 22:17:15.710,0.77685,0.7772,1.00,1.00
2008.11.16 22:17:15.880,0.77595,0.7772,1.80,1.00
2008.11.16 22:17:16.210,0.77605,0.7772,1.80,1.00
2008.11.16 22:17:17.579,0.7763,0.7772,1.80,1.00
2008.11.16 22:17:18.889,0.77645,0.7772,1.80,1.00
2008.11.16 22:17:19.339,0.7764,0.7772,1.80,1.00
2008.11.16 22:17:19.819,0.77635,0.7772,1.80,1.00
2008.11.16 22:17:20.059,0.7758,0.7772,1.80,1.00
2008.11.16 22:17:20.279,0.7764,0.7772,1.80,1.00
2008.11.16 22:17:31.966,0.77695,0.7772,1.00,1.00
2008.11.16 22:17:34.415,0.77825,0.7793,1.00,7.50
2008.11.16 22:17:35.275,0.77845,0.7793,1.00,7.50
2008.11.16 22:17:35.795,0.7783,0.7793,1.00,7.50
2008.11.16 22:17:36.145,0.77825,0.7793,1.00,7.50
2008.11.16 22:17:36.495,0.7784,0.7793,1.00,7.50
2008.11.16 22:17:45.242,0.77835,0.7793,1.00,7.50
2008.11.16 22:17:56.850,0.778,0.7793,1.00,7.70
2008.11.16 22:17:56.900,0.77815,0.7793,1.00,7.50
2008.11.16 22:17:57.650,0.7781,0.7793,1.00,7.50
2008.11.16 22:17:58.639,0.7786,0.7793,1.00,7.50
2008.11.16 22:18:01.259,0.7789,0.7793,1.00,7.50
2008.11.16 22:18:02.059,0.7788,0.7793,1.00,7.50
2008.11.16 22:18:02.349,0.779,0.7793,1.00,7.50
2008.11.16 22:18:09.537,0.77915,0.7793,1.00,7.50
2008.11.16 22:18:09.877,0.7793,0.78055,1.00,7.70
2008.11.16 22:18:10.157,0.77945,0.7807,1.00,8.50
2008.11.16 22:18:11.437,0.77925,0.7793,1.00,7.50
2008.11.16 22:18:12.876,0.7792,0.7793,1.00,7.50
2008.11.16 22:18:13.156,0.7792,0.7808,1.00,1.00
2008.11.16 22:18:24.923,0.77905,0.7795,1.00,1.00
2008.11.16 22:18:34.481,0.7789,0.7793,1.00,1.00
2008.11.16 22:18:35.291,0.77905,0.7793,1.00,1.00
2008.11.16 22:18:37.650,0.779,0.7793,1.00,1.00
2008.11.16 22:18:38.330,0.77905,0.7793,1.00,1.00
2008.11.16 22:18:44.348,0.77895,0.7793,1.00,1.00
2008.11.16 22:18:44.839,0.7788,0.7793,1.00,1.00
2008.11.16 22:18:45.118,0.77895,0.7793,1.00,1.00
2008.11.16 22:18:58.495,0.77905,0.7793,1.00,1.00
2008.11.16 22:19:26.508,0.779,0.7793,1.00,1.00
2008.11.16 22:19:26.978,0.77905,0.7793,1.00,1.00
2008.11.16 22:19:28.128,0.7792,0.7793,1.00,1.00
2008.11.16 22:19:28.298,0.7792,0.7806,1.00,1.00
2008.11.16 22:19:28.988,0.7793,0.78075,1.00,1.00
2008.11.16 22:19:29.288,0.7794,0.78085,1.00,1.00
2008.11.16 22:19:29.988,0.77945,0.7807,1.00,1.00
2008.11.16 22:19:30.337,0.7795,0.78075,1.00,1.00
2008.11.16 22:19:31.077,0.77945,0.7807,1.00,1.00
2008.11.16 22:19:31.477,0.77955,0.7808,1.00,1.00
2008.11.16 22:19:32.927,0.77955,0.78075,1.00,1.00
2008.11.16 22:19:33.217,0.7795,0.78075,1.00,1.00
2008.11.16 22:19:33.447,0.77955,0.7808,1.00,1.00
2008.11.16 22:19:34.206,0.7795,0.78075,1.00,1.00
2008.11.16 22:19:34.596,0.77955,0.7808,1.00,1.00
2008.11.16 22:19:34.896,0.7796,0.78085,1.00,1.00
2008.11.16 22:19:35.176,0.77965,0.78085,1.00,1.00
2008.11.16 22:19:38.085,0.78,0.78125,1.00,1.00
2008.11.16 22:19:38.765,0.77995,0.78115,1.00,1.00
2008.11.16 22:19:39.045,0.7799,0.78115,1.00,1.00
2008.11.16 22:19:39.275,0.78005,0.7813,1.00,1.00
2008.11.16 22:19:39.515,0.7799,0.78115,1.00,1.00
2008.11.16 22:19:47.583,0.77985,0.78105,1.00,1.00
2008.11.16 22:19:54.142,0.7798,0.78105,1.00,1.00
2008.11.16 22:19:57.991,0.7798,0.781,1.00,1.00
2008.11.16 22:19:58.111,0.7794,0.7808,1.00,1.00
2008.11.16 22:20:10.817,0.7794,0.78065,1.00,1.00
2008.11.16 22:20:10.997,0.7794,0.78065,1.00,1.00
2008.11.16 22:20:11.227,0.7792,0.78045,1.00,1.00
2008.11.16 22:20:11.518,0.7792,0.7804,1.00,1.00
2008.11.16 22:20:11.637,0.7794,0.78075,1.00,1.00
2008.11.16 22:20:13.357,0.77945,0.7807,1.00,1.00
2008.11.16 22:20:25.714,0.7794,0.78065,1.00,1.00
2008.11.16 22:20:31.852,0.7794,0.7806,1.00,1.00
2008.11.16 22:20:32.312,0.7793,0.7805,1.00,1.00
2008.11.16 22:20:33.002,0.77925,0.7805,1.00,1.00
2008.11.16 22:20:33.342,0.7794,0.78065,1.00,1.00
2008.11.16 22:20:35.302,0.77935,0.7806,1.00,1.00
2008.11.16 22:20:38.031,0.77915,0.78045,1.00,1.00
2008.11.16 22:20:38.201,0.7791,0.78045,1.20,1.00
2008.11.16 22:20:38.551,0.77925,0.78065,1.00,1.00
2008.11.16 22:20:38.721,0.77915,0.7806,1.00,1.00
2008.11.16 22:20:38.891,0.77925,0.7807,1.00,1.00
2008.11.16 22:20:40.230,0.77935,0.7806,1.00,1.00
2008.11.16 22:20:40.740,0.7793,0.7805,1.00,1.00
2008.11.16 22:20:40.980,0.77935,0.7806,1.00,1.00
2008.11.16 22:20:41.440,0.77935,0.7806,1.00,1.00
2008.11.16 22:20:41.670,0.7794,0.78065,1.00,1.00
2008.11.16 22:20:42.370,0.7792,0.7805,1.00,1.00
2008.11.16 22:20:42.660,0.7794,0.78075,1.00,1.00
2008.11.16 22:20:42.990,0.77945,0.7808,1.00,1.00
2008.11.16 22:20:44.720,0.77925,0.7805,1.00,1.00
2008.11.16 22:20:44.959,0.77935,0.7806,1.00,1.00
2008.11.16 22:20:46.459,0.7794,0.78065,1.00,1.00
2008.11.16 22:20:46.969,0.77955,0.7808,1.00,1.20
2008.11.16 22:20:56.617,0.77945,0.7807,1.00,1.00
2008.11.16 22:20:57.016,0.77965,0.7808,1.00,1.20
2008.11.16 22:20:57.076,0.7796,0.7808,1.00,1.20
2008.11.16 22:20:57.577,0.77965,0.7808,1.00,1.20
2008.11.16 22:21:21.650,0.7797,0.7808,1.00,1.20
2008.11.16 22:21:23.720,0.7796,0.7808,1.00,1.20
2008.11.16 22:21:24.120,0.77975,0.7808,1.00,1.20
2008.11.16 22:21:24.480,0.7797,0.7808,1.00,1.20
2008.11.16 22:21:24.820,0.77965,0.7808,1.00,1.20
2008.11.16 22:21:25.409,0.7797,0.7808,1.00,1.20
2008.11.16 22:21:26.930,0.77965,0.7808,1.00,1.20
2008.11.16 22:21:28.489,0.77975,0.7808,1.00,1.20
2008.11.16 22:21:36.647,0.77955,0.78075,1.00,1.00
2008.11.16 22:21:44.645,0.7797,0.7808,1.00,1.20
2008.11.16 22:21:44.865,0.77975,0.7808,1.00,1.20
2008.11.16 22:21:45.425,0.77905,0.78055,1.00,1.00
2008.11.16 22:21:45.965,0.77925,0.78075,1.00,1.00
2008.11.16 22:21:46.374,0.77935,0.78085,1.00,1.00
2008.11.16 22:21:48.584,0.7797,0.7808,1.00,1.20
2008.11.16 22:21:48.874,0.77975,0.7808,1.00,1.20
2008.11.16 22:21:49.504,0.77965,0.7808,1.00,1.20
2008.11.16 22:21:49.974,0.7796,0.7808,1.00,1.20
2008.11.16 22:21:51.163,0.7795,0.7807,1.00,1.00
2008.11.16 22:21:52.044,0.7796,0.7808,1.00,1.20
2008.11.16 22:22:01.611,0.7795,0.7807,1.00,1.00
2008.11.16 22:22:06.910,0.7796,0.7808,1.00,1.20
2008.11.16 22:22:09.649,0.7795,0.7807,1.00,1.00
2008.11.16 22:22:16.957,0.7793,0.78055,1.00,1.00
2008.11.16 22:22:17.197,0.7795,0.7807,1.00,1.00
2008.11.16 22:22:23.206,0.7795,0.78065,1.00,1.00
2008.11.16 22:22:23.386,0.7791,0.78045,1.00,1.00
2008.11.16 22:22:24.085,0.7793,0.78065,1.00,1.00
2008.11.16 22:22:24.375,0.77935,0.7807,1.00,1.00
2008.11.16 22:22:28.774,0.779,0.78045,1.00,1.00
2008.11.16 22:22:30.384,0.77915,0.7804,1.00,1.00
2008.11.16 22:22:33.973,0.7793,0.7805,1.00,1.00
2008.11.16 22:22:34.253,0.7795,0.7806,1.00,1.20
2008.11.16 22:22:38.122,0.77945,0.7806,1.00,1.20
2008.11.16 22:22:38.472,0.7794,0.7806,1.00,1.20
2008.11.16 22:22:39.322,0.7795,0.7806,1.00,1.20
2008.11.16 22:23:22.532,0.77945,0.7806,1.00,1.20
2008.11.16 22:23:22.941,0.7794,0.7806,1.00,1.20
2008.11.16 22:23:23.221,0.7793,0.7805,1.00,1.00
2008.11.16 22:23:23.631,0.7794,0.7806,1.00,1.20
2008.11.16 22:23:27.630,0.7795,0.7806,1.00,1.20
2008.11.16 22:23:45.706,0.7793,0.78055,1.00,1.00
2008.11.16 22:23:46.116,0.7793,0.7805,1.00,1.00
2008.11.16 22:23:49.045,0.7794,0.7806,1.00,2.40
2008.11.16 22:23:50.495,0.7795,0.7806,1.00,2.40
2008.11.16 22:23:57.903,0.77955,0.7806,1.00,2.40
2008.11.16 22:23:59.682,0.77965,0.7806,1.00,2.40
2008.11.16 22:24:03.261,0.7796,0.7806,1.00,2.40
2008.11.16 22:24:03.611,0.77955,0.7806,1.00,2.40
2008.11.16 22:24:12.019,0.7797,0.7806,1.00,2.40
2008.11.16 22:24:13.289,0.77955,0.7806,1.00,2.40
2008.11.16 22:24:13.619,0.7792,0.78055,1.00,1.00
2008.11.16 22:24:16.508,0.7793,0.78055,1.20,1.00
2008.11.16 22:24:16.618,0.7795,0.7806,1.00,3.60
2008.11.16 22:24:18.328,0.77965,0.7806,1.00,3.60
2008.11.16 22:24:19.718,0.7795,0.7806,1.00,3.60
2008.11.16 22:24:26.776,0.7795,0.7806,1.00,3.60
2008.11.16 22:24:30.535,0.77965,0.7806,1.00,3.60
2008.11.16 22:24:31.525,0.7797,0.7806,1.00,3.60
2008.11.16 22:24:32.334,0.77965,0.7806,1.00,3.60
2008.11.16 22:24:32.614,0.7797,0.7806,1.00,3.60
2008.11.16 22:24:34.244,0.7797,0.7806,1.20,3.60
2008.11.16 22:24:34.414,0.77985,0.7806,1.00,3.60
2008.11.16 22:24:34.924,0.77995,0.7806,1.00,3.60
2008.11.16 22:24:36.323,0.7802,0.7806,1.00,3.60
2008.11.16 22:24:36.674,0.78035,0.7808,1.00,1.20
2008.11.16 22:24:37.073,0.7805,0.7808,1.00,1.20
2008.11.16 22:24:37.363,0.78065,0.7809,1.00,7.20
2008.11.16 22:24:37.704,0.78075,0.7809,1.00,7.20
2008.11.16 22:24:38.043,0.78075,0.7808,1.00,1.20
2008.11.16 22:24:38.373,0.78075,0.781,1.20,9.60
2008.11.16 22:24:38.713,0.7809,0.7811,1.00,3.60
2008.11.16 22:24:39.643,0.78075,0.7811,1.00,3.60
2008.11.16 22:24:39.933,0.78095,0.781,1.00,9.60
2008.11.16 22:24:40.173,0.78015,0.78075,1.80,3.60
2008.11.16 22:24:40.443,0.7808,0.78115,1.00,9.60
2008.11.16 22:24:41.122,0.78025,0.78075,1.80,3.60
2008.11.16 22:24:41.352,0.78085,0.78115,1.00,9.60
2008.11.16 22:24:42.172,0.78085,0.78215,1.00,1.00
2008.11.16 22:24:42.413,0.78065,0.78215,1.00,1.00
2008.11.16 22:24:42.582,0.78065,0.781,1.00,1.20
2008.11.16 22:24:43.362,0.78065,0.7811,1.00,7.20
2008.11.16 22:24:43.652,0.7809,0.781,1.00,9.60
2008.11.16 22:24:44.642,0.78095,0.7811,1.00,3.60
2008.11.16 22:24:44.942,0.78115,0.7826,1.00,1.00
2008.11.16 22:24:46.691,0.781,0.7822,1.00,1.00
2008.11.16 22:24:47.371,0.781,0.782,1.00,1.00
2008.11.16 22:24:47.551,0.7809,0.782,1.00,1.00
2008.11.16 22:24:47.951,0.7808,0.7811,1.00,7.20
2008.11.16 22:24:48.181,0.7808,0.7812,1.00,9.60
2008.11.16 22:24:48.351,0.78085,0.7812,1.00,9.60
2008.11.16 22:24:48.681,0.781,0.7812,1.00,9.60
2008.11.16 22:24:49.710,0.78095,0.781,1.00,9.60
2008.11.16 22:24:52.040,0.78075,0.7813,1.00,3.60
2008.11.16 22:24:52.280,0.78055,0.7813,1.00,3.60
2008.11.16 22:24:52.380,0.78055,0.7808,1.00,3.60
2008.11.16 22:24:52.440,0.78055,0.7811,1.00,7.20
2008.11.16 22:24:52.620,0.7804,0.7811,1.00,7.20
2008.11.16 22:24:53.370,0.78055,0.7807,1.00,3.60
2008.11.16 22:24:56.519,0.78055,0.7808,1.00,1.20
2008.11.16 22:24:56.919,0.78055,0.7806,1.00,3.60
2008.11.16 22:24:57.429,0.78045,0.7806,1.00,3.60
2008.11.16 22:24:58.128,0.78055,0.7806,1.00,3.60
2008.11.16 22:25:00.238,0.78045,0.7806,1.00,3.60
2008.11.16 22:25:01.057,0.78055,0.7806,1.00,3.60
2008.11.16 22:25:03.567,0.78055,0.7808,1.00,1.20
2008.11.16 22:25:15.644,0.78055,0.7806,1.00,3.60
2008.11.16 22:25:15.864,0.78045,0.7806,1.00,3.60
2008.11.16 22:25:16.104,0.78055,0.7806,1.00,3.60
2008.11.16 22:25:19.043,0.7806,0.7808,1.00,4.40
2008.11.16 22:25:19.613,0.78065,0.7808,1.00,4.40
2008.11.16 22:25:22.912,0.78065,0.781,1.00,7.20
2008.11.16 22:25:28.371,0.78085,0.7824,1.00,1.00
2008.11.16 22:25:32.050,0.78005,0.7809,1.00,3.60
2008.11.16 22:25:52.055,0.7808,0.7824,1.00,1.00
2008.11.16 22:25:52.286,0.78075,0.7824,1.00,1.00
2008.11.16 22:25:52.875,0.78075,0.7814,1.00,3.60
2008.11.16 22:25:53.335,0.7805,0.7811,1.00,3.60
2008.11.16 22:25:53.565,0.7805,0.7809,1.00,1.20
2008.11.16 22:25:53.735,0.78055,0.781,1.00,7.20
2008.11.16 22:26:03.372,0.78065,0.7808,1.00,1.20
2008.11.16 22:26:03.763,0.78065,0.7809,1.00,7.20
2008.11.16 22:26:06.612,0.7806,0.7809,1.00,7.20
2008.11.16 22:26:06.902,0.7805,0.7809,1.00,7.20
2008.11.16 22:26:07.012,0.7805,0.7807,1.00,3.60
2008.11.16 22:26:07.182,0.78045,0.7807,1.00,3.60
2008.11.16 22:26:07.592,0.7806,0.7807,1.00,3.60
2008.11.16 22:26:09.821,0.78055,0.7806,1.00,3.60
2008.11.16 22:26:10.341,0.78035,0.7806,1.00,3.60
2008.11.16 22:26:10.691,0.78025,0.7806,1.00,3.60
2008.11.16 22:26:12.060,0.7799,0.7806,1.00,3.60
2008.11.16 22:26:12.121,0.78025,0.7806,1.00,3.60
2008.11.16 22:26:15.979,0.7803,0.7806,1.00,3.60
2008.11.16 22:26:16.539,0.78035,0.7806,1.00,3.60
2008.11.16 22:26:16.940,0.7804,0.7806,1.00,3.60
2008.11.16 22:26:17.219,0.78045,0.7806,1.00,3.60
2008.11.16 22:26:17.449,0.7806,0.781,1.00,7.20
2008.11.16 22:26:18.549,0.78075,0.781,1.00,9.60
2008.11.16 22:26:21.918,0.78065,0.781,1.00,9.60
2008.11.16 22:26:30.446,0.78065,0.7809,1.00,7.20
2008.11.16 22:26:30.856,0.78065,0.7809,2.80,7.20
2008.11.16 22:26:31.016,0.78095,0.78255,1.00,1.00
2008.11.16 22:26:31.896,0.78095,0.7825,1.00,1.00
2008.11.16 22:26:32.006,0.78095,0.7811,1.00,1.20
2008.11.16 22:26:32.126,0.78115,0.7827,1.00,1.00
2008.11.16 22:26:47.422,0.7811,0.78235,1.00,1.00
2008.11.16 22:26:47.692,0.78065,0.7811,2.10,1.20
2008.11.16 22:26:49.641,0.78105,0.7811,1.00,17.20
2008.11.16 22:26:49.811,0.78105,0.7826,1.00,1.00
2008.11.16 22:27:03.098,0.7811,0.7823,1.00,1.00
2008.11.16 22:27:06.507,0.78115,0.7824,1.00,1.00
2008.11.16 22:27:07.187,0.7813,0.7826,1.00,1.00
2008.11.16 22:27:16.965,0.78145,0.7827,1.00,1.00
2008.11.16 22:27:21.234,0.78165,0.7829,1.00,1.00
2008.11.16 22:27:23.823,0.7819,0.78335,1.00,1.00
2008.11.16 22:27:27.402,0.782,0.78305,1.00,1.00
2008.11.16 22:27:27.582,0.78165,0.783,1.00,1.00
2008.11.16 22:27:27.922,0.78175,0.78305,1.00,1.00
2008.11.16 22:27:29.012,0.7818,0.783,1.00,1.00
2008.11.16 22:27:29.292,0.78185,0.78305,1.00,1.00
2008.11.16 22:27:30.961,0.78185,0.7831,1.00,1.00
2008.11.16 22:27:31.251,0.782,0.78325,1.00,1.00
2008.11.16 22:27:33.531,0.78195,0.7832,1.00,1.00
2008.11.16 22:27:39.089,0.78205,0.78325,1.00,1.00
2008.11.16 22:27:39.210,0.78195,0.7832,1.00,1.00
2008.11.16 22:27:42.199,0.782,0.78325,1.00,1.00
2008.11.16 22:27:43.509,0.782,0.7832,1.00,1.00
2008.11.16 22:27:43.789,0.782,0.7831,1.00,1.00
2008.11.16 22:27:43.968,0.7818,0.78305,1.00,1.00
2008.11.16 22:27:44.139,0.7819,0.7831,1.00,1.00
2008.11.16 22:27:45.688,0.782,0.78325,1.00,1.00
2008.11.16 22:27:58.385,0.7819,0.78315,1.00,1.00
2008.11.16 22:27:59.145,0.78195,0.78315,1.00,1.00
2008.11.16 22:27:59.435,0.7821,0.78355,1.00,1.00
2008.11.16 22:28:01.464,0.78235,0.7835,1.00,1.00
2008.11.16 22:28:01.804,0.78235,0.78355,1.00,1.00
2008.11.16 22:28:02.134,0.7823,0.78355,1.00,1.00
2008.11.16 22:28:02.654,0.78245,0.7836,1.00,1.00
2008.11.16 22:28:02.884,0.7821,0.78345,1.00,1.00
2008.11.16 22:28:03.004,0.78225,0.7836,1.00,1.00
2008.11.16 22:28:03.174,0.78225,0.78345,1.00,1.00
2008.11.16 22:28:03.394,0.78205,0.7834,1.00,1.00
2008.11.16 22:28:03.633,0.7822,0.78355,1.00,1.00
2008.11.16 22:28:03.924,0.7825,0.78375,1.00,1.00
2008.11.16 22:28:05.823,0.7825,0.78375,1.00,1.00
2008.11.16 22:28:06.053,0.7824,0.78365,1.00,1.00
2008.11.16 22:28:06.283,0.7823,0.78355,1.00,1.00
2008.11.16 22:28:06.563,0.7824,0.7836,1.00,1.00
2008.11.16 22:28:06.853,0.7823,0.78355,1.00,1.00
2008.11.16 22:28:07.093,0.7824,0.7836,1.00,1.00
2008.11.16 22:28:08.383,0.7824,0.78365,1.00,1.00
2008.11.16 22:28:08.772,0.7822,0.78345,1.00,1.00
2008.11.16 22:28:09.062,0.7824,0.78365,1.00,1.00
2008.11.16 22:28:11.082,0.7824,0.78365,1.00,1.00
2008.11.16 22:28:11.462,0.78245,0.78365,1.00,1.00
2008.11.16 22:28:13.701,0.78245,0.7837,1.00,1.00
2008.11.16 22:28:13.871,0.78255,0.7838,1.00,1.00
2008.11.16 22:28:16.411,0.7827,0.78395,1.00,1.00
2008.11.16 22:28:16.991,0.7828,0.78395,1.00,1.00
2008.11.16 22:28:17.850,0.7828,0.78405,1.00,1.00
2008.11.16 22:28:18.080,0.78285,0.7841,1.00,1.00
2008.11.16 22:28:18.370,0.78295,0.7842,1.00,1.00
2008.11.16 22:28:18.890,0.783,0.78425,1.00,1.00
2008.11.16 22:28:19.120,0.783,0.78405,1.00,1.00
2008.11.16 22:28:19.350,0.78255,0.784,1.00,1.00
2008.11.16 22:28:19.520,0.7829,0.78405,1.00,1.00
2008.11.16 22:28:19.870,0.78295,0.78405,1.00,1.00
2008.11.16 22:28:20.150,0.78295,0.7839,1.00,1.00
2008.11.16 22:28:20.550,0.78265,0.7839,1.00,1.00
2008.11.16 22:28:20.879,0.7824,0.78375,1.00,1.00
2008.11.16 22:28:21.229,0.7825,0.7838,1.00,1.00
2008.11.16 22:28:21.459,0.7824,0.78375,1.00,1.00
2008.11.16 22:28:22.159,0.7825,0.7837,1.00,1.00
2008.11.16 22:28:22.370,0.7824,0.78365,1.00,1.00
2008.11.16 22:28:23.520,0.78245,0.78365,1.00,1.00
2008.11.16 22:28:23.699,0.7824,0.78365,1.00,1.00
2008.11.16 22:28:25.208,0.7825,0.78375,1.00,1.00
2008.11.16 22:28:28.387,0.78265,0.7838,1.00,1.00
2008.11.16 22:28:29.068,0.78265,0.78385,1.00,1.00
2008.11.16 22:28:29.178,0.78265,0.78385,1.00,1.00
2008.11.16 22:28:30.667,0.7828,0.784,1.00,1.00
2008.11.16 22:28:31.067,0.7829,0.7841,1.00,1.30
2008.11.16 22:28:31.357,0.7829,0.7841,1.00,1.20
2008.11.16 22:28:32.887,0.78295,0.7841,1.00,1.20
2008.11.16 22:28:33.126,0.7834,0.7841,1.00,1.20
2008.11.16 22:28:34.616,0.78345,0.7841,1.00,1.20
2008.11.16 22:28:34.966,0.7834,0.7841,1.00,1.20
2008.11.16 22:28:35.746,0.7833,0.7841,1.00,1.20
2008.11.16 22:28:36.086,0.78325,0.7841,1.00,1.20
2008.11.16 22:28:39.835,0.7833,0.7841,1.00,1.20
2008.11.16 22:28:43.124,0.78335,0.7841,1.00,1.20
2008.11.16 22:28:43.914,0.7833,0.7841,1.00,1.20
2008.11.16 22:28:46.283,0.78325,0.7841,1.00,1.20
2008.11.16 22:28:56.181,0.78305,0.7841,1.00,1.20
2008.11.16 22:28:57.401,0.78335,0.7841,1.00,1.20
2008.11.16 22:29:01.180,0.7834,0.7841,1.00,1.20
2008.11.16 22:29:01.480,0.7835,0.7841,1.00,1.20
2008.11.16 22:29:02.679,0.78355,0.7841,1.00,1.20
2008.11.16 22:29:06.499,0.78345,0.7841,1.00,1.20
2008.11.16 22:29:10.797,0.7834,0.7841,1.00,1.20
2008.11.16 22:29:14.276,0.7833,0.7841,1.00,1.20
2008.11.16 22:29:14.617,0.78295,0.7841,1.00,1.20
2008.11.16 22:29:15.206,0.7829,0.7841,1.00,1.20
2008.11.16 22:29:18.066,0.7832,0.7841,1.00,1.20
2008.11.16 22:29:20.025,0.7832,0.7841,1.00,1.20
2008.11.16 22:29:21.635,0.78325,0.7841,1.00,1.20
2008.11.16 22:29:25.614,0.78315,0.7841,1.00,1.20
2008.11.16 22:29:27.843,0.78325,0.7841,1.00,1.20
2008.11.16 22:29:29.063,0.7829,0.7841,1.00,1.20
2008.11.16 22:29:30.933,0.7832,0.7841,1.00,1.20
2008.11.16 22:29:31.972,0.7833,0.7841,1.00,1.20
2008.11.16 22:29:34.282,0.78325,0.7841,1.00,1.20
2008.11.16 22:29:34.912,0.7832,0.7841,1.00,1.20
2008.11.16 22:29:35.421,0.78315,0.7841,1.00,1.20
2008.11.16 22:29:36.231,0.7831,0.7841,1.00,1.20
2008.11.16 22:29:37.341,0.783,0.7841,1.00,1.20
2008.11.16 22:29:38.961,0.78285,0.7841,1.00,1.30
2008.11.16 22:29:41.310,0.78295,0.7841,1.00,1.20
2008.11.16 22:29:41.750,0.7828,0.784,1.00,1.00
2008.11.16 22:29:42.530,0.7827,0.78395,1.00,1.00
2008.11.16 22:29:43.170,0.78285,0.784,1.00,1.00
2008.11.16 22:29:43.339,0.78285,0.7841,1.00,2.50
2008.11.16 22:29:44.039,0.78295,0.7841,1.00,2.40
2008.11.16 22:29:46.259,0.7826,0.78395,1.00,1.00
2008.11.16 22:29:48.858,0.78275,0.78395,1.00,1.00
2008.11.16 22:29:49.078,0.78295,0.7841,1.00,4.80
2008.11.16 22:29:49.538,0.783,0.7841,1.00,4.80
2008.11.16 22:29:51.797,0.78275,0.7841,1.00,4.90
2008.11.16 22:29:52.437,0.78295,0.7841,1.00,4.80
2008.11.16 22:29:52.718,0.783,0.7841,1.00,4.80
2008.11.16 22:29:54.067,0.783,0.7841,1.00,4.80
2008.11.16 22:29:54.297,0.7828,0.78405,1.00,1.00
2008.11.16 22:29:55.227,0.7828,0.784,1.00,1.00
2008.11.16 22:29:57.756,0.7827,0.78395,1.00,1.00
2008.11.16 22:29:57.976,0.7827,0.78395,1.00,1.00
2008.11.16 22:29:58.246,0.7826,0.78385,1.00,1.00
2008.11.16 22:29:58.636,0.7825,0.7837,1.00,1.00
2008.11.16 22:29:59.316,0.7826,0.78385,1.00,1.00
2008.11.16 22:30:10.403,0.7825,0.78375,1.00,1.00
2008.11.16 22:30:11.333,0.7825,0.7837,1.00,1.00
2008.11.16 22:30:11.673,0.78235,0.7836,1.00,1.00
2008.11.16 22:30:13.102,0.7823,0.78355,1.00,1.00
2008.11.16 22:30:13.332,0.7823,0.78335,1.00,1.60
2008.11.16 22:30:13.512,0.78185,0.7832,1.00,1.00
2008.11.16 22:30:14.212,0.7815,0.78295,1.00,1.00
2008.11.16 22:30:14.572,0.7813,0.78275,1.00,1.00
2008.11.16 22:30:14.742,0.7815,0.78295,1.00,1.00
2008.11.16 22:30:16.462,0.7814,0.78265,1.00,1.00
2008.11.16 22:30:16.982,0.78135,0.78255,1.00,1.00
2008.11.16 22:30:18.551,0.7808,0.7823,1.00,1.00
2008.11.16 22:30:19.311,0.78105,0.78255,1.00,1.00
2008.11.16 22:30:19.771,0.7811,0.78245,1.00,1.00
2008.11.16 22:30:20.061,0.78115,0.7825,1.00,1.00
2008.11.16 22:30:20.350,0.78125,0.7825,1.00,1.00
2008.11.16 22:30:20.640,0.7812,0.78245,1.00,1.00
2008.11.16 22:30:20.940,0.78125,0.78245,1.00,1.00
2008.11.16 22:30:21.280,0.78125,0.7825,1.00,1.00
2008.11.16 22:30:21.910,0.7811,0.78235,1.00,1.00
2008.11.16 22:30:24.650,0.78125,0.78245,1.00,1.00
2008.11.16 22:30:25.010,0.78125,0.7825,1.00,1.00
2008.11.16 22:30:25.649,0.78065,0.7822,1.00,1.00
2008.11.16 22:30:26.049,0.78055,0.7821,1.00,1.00
2008.11.16 22:30:27.449,0.7809,0.7821,1.00,1.00
2008.11.16 22:30:27.499,0.78105,0.7823,1.00,1.00
2008.11.16 22:30:28.479,0.78125,0.78245,1.00,1.00
2008.11.16 22:30:29.798,0.78125,0.7825,1.00,1.00
2008.11.16 22:30:29.918,0.7814,0.7826,1.00,1.00
2008.11.16 22:30:30.608,0.78075,0.7823,1.00,1.00
2008.11.16 22:30:32.608,0.78105,0.7823,1.00,1.00
2008.11.16 22:30:32.897,0.78125,0.78245,1.00,1.00
2008.11.16 22:30:33.068,0.78125,0.7825,1.00,1.00
2008.11.16 22:30:33.477,0.7813,0.78255,1.00,1.00
2008.11.16 22:30:34.477,0.78125,0.7825,1.00,1.00
2008.11.16 22:30:34.717,0.7813,0.78255,1.00,1.00
2008.11.16 22:30:35.927,0.7814,0.7826,1.00,1.00
2008.11.16 22:30:38.396,0.78135,0.7826,1.00,1.00
2008.11.16 22:30:38.736,0.7814,0.7826,1.00,1.00
2008.11.16 22:30:39.576,0.78155,0.7828,1.00,1.00
2008.11.16 22:30:39.906,0.78175,0.783,1.00,1.30
2008.11.16 22:30:41.815,0.7819,0.783,1.00,1.20
2008.11.16 22:30:46.594,0.78165,0.783,1.00,1.30
2008.11.16 22:30:48.164,0.7819,0.783,1.00,1.20
2008.11.16 22:30:57.342,0.78195,0.783,1.00,1.20
2008.11.16 22:30:58.041,0.78195,0.783,1.20,1.20
2008.11.16 22:30:58.152,0.78215,0.783,1.00,1.20
2008.11.16 22:31:00.601,0.78205,0.78295,1.00,1.60
2008.11.16 22:31:17.147,0.78205,0.7829,1.00,1.60
2008.11.16 22:31:17.267,0.782,0.7829,1.00,1.60
2008.11.16 22:31:27.924,0.782,0.783,1.00,1.20
2008.11.16 22:31:31.004,0.78125,0.78275,1.00,1.00
2008.11.16 22:31:33.363,0.7814,0.7826,1.00,1.60
2008.11.16 22:31:33.713,0.7813,0.78255,1.00,1.00
2008.11.16 22:31:39.591,0.7813,0.78235,1.00,1.60
2008.11.16 22:31:39.882,0.7811,0.7823,1.00,1.00
2008.11.16 22:31:39.992,0.7811,0.78225,1.00,1.60
2008.11.16 22:31:40.291,0.78095,0.7822,1.00,1.00
2008.11.16 22:31:43.291,0.781,0.78225,1.00,1.00
2008.11.16 22:31:44.880,0.7812,0.78225,1.00,1.00
2008.11.16 22:31:45.000,0.78135,0.7823,1.00,1.60
2008.11.16 22:31:46.450,0.7813,0.78225,1.00,1.60
2008.11.16 22:31:47.090,0.78135,0.7823,1.00,1.60
2008.11.16 22:31:48.150,0.78135,0.78225,1.00,1.60
2008.11.16 22:31:48.389,0.7813,0.78225,1.00,1.60
2008.11.16 22:31:52.198,0.78135,0.7823,1.00,1.60
2008.11.16 22:31:52.779,0.78135,0.78225,1.00,1.60
2008.11.16 22:31:53.078,0.7813,0.78225,1.00,1.60
2008.11.16 22:31:56.317,0.78085,0.7822,1.00,1.00
2008.11.16 22:32:09.544,0.781,0.78225,1.00,1.00
2008.11.16 22:32:10.414,0.78095,0.7822,1.00,1.00
2008.11.16 22:32:11.724,0.7811,0.7823,1.00,1.00
2008.11.16 22:32:11.964,0.78115,0.7824,1.00,1.00
2008.11.16 22:32:12.194,0.7812,0.78245,1.00,1.00
2008.11.16 22:32:15.953,0.7813,0.78255,1.00,1.00
2008.11.16 22:32:24.441,0.78135,0.78255,1.00,1.00
2008.11.16 22:32:24.611,0.7813,0.78255,1.00,1.00
2008.11.16 22:32:25.081,0.78125,0.7825,1.00,1.00
2008.11.16 22:32:25.771,0.7813,0.78255,1.00,1.00
2008.11.16 22:32:28.370,0.7813,0.7825,1.00,1.60
2008.11.16 22:32:28.550,0.78115,0.7824,1.00,1.00
2008.11.16 22:32:29.240,0.78125,0.7825,1.00,1.00
2008.11.16 22:32:33.609,0.78135,0.78255,1.00,1.00
2008.11.16 22:32:35.558,0.78125,0.7825,1.00,1.00
2008.11.16 22:32:44.776,0.7812,0.7824,1.00,1.00
2008.11.16 22:32:45.346,0.78125,0.7825,1.00,1.00
2008.11.16 22:32:56.403,0.78135,0.78255,1.00,1.00
2008.11.16 22:32:56.923,0.7814,0.78265,1.00,1.00
2008.11.16 22:32:58.313,0.78145,0.7827,1.00,1.00
2008.11.16 22:33:16.808,0.7814,0.78265,1.00,1.00
2008.11.16 22:33:18.338,0.78145,0.7827,1.00,1.00
2008.11.16 22:33:25.176,0.78145,0.7826,1.00,1.60
2008.11.16 22:33:25.616,0.7813,0.78255,1.00,1.00
2008.11.16 22:33:29.936,0.78115,0.7824,1.00,1.00
2008.11.16 22:33:30.055,0.78115,0.7822,1.00,1.60
2008.11.16 22:33:30.395,0.7808,0.7821,1.00,1.00
2008.11.16 22:33:31.684,0.781,0.78225,1.00,1.00
2008.11.16 22:33:32.094,0.78115,0.7824,1.00,1.00
2008.11.16 22:33:32.784,0.7812,0.78245,1.00,1.00
2008.11.16 22:33:33.024,0.78125,0.7825,1.00,1.00
2008.11.16 22:33:33.194,0.78135,0.78255,1.00,1.00
2008.11.16 22:33:33.374,0.78135,0.7825,1.00,1.00
2008.11.16 22:33:33.604,0.7808,0.7823,1.00,1.00
2008.11.16 22:33:34.434,0.78115,0.78265,1.00,1.00
2008.11.16 22:33:34.734,0.78135,0.78265,1.00,1.00
2008.11.16 22:33:35.034,0.78135,0.7827,1.00,1.00
2008.11.16 22:33:36.573,0.78135,0.7826,1.00,1.00
2008.11.16 22:33:36.813,0.7812,0.78245,1.00,1.00
2008.11.16 22:33:36.993,0.78135,0.7826,1.00,1.00
2008.11.16 22:33:37.353,0.78135,0.7826,1.00,1.00
2008.11.16 22:33:37.533,0.78135,0.7826,1.00,1.80
2008.11.16 22:33:37.763,0.7813,0.78255,1.00,1.00
2008.11.16 22:33:38.063,0.7814,0.7826,1.00,1.60
2008.11.16 22:33:38.583,0.78135,0.7826,1.00,1.80
2008.11.16 22:33:44.431,0.7813,0.78255,1.00,1.00
2008.11.16 22:34:39.458,0.78125,0.7825,1.00,1.00
2008.11.16 22:34:48.066,0.78135,0.78255,1.00,1.00
2008.11.16 22:34:48.276,0.7813,0.78255,1.00,1.00
2008.11.16 22:34:52.315,0.78125,0.78245,1.00,1.00
2008.11.16 22:35:01.033,0.7812,0.78245,1.00,1.00
2008.11.16 22:35:01.313,0.7812,0.7824,1.00,1.60
2008.11.16 22:35:01.593,0.78105,0.78225,1.00,1.00
2008.11.16 22:35:02.642,0.78105,0.7823,1.00,1.00
2008.11.16 22:35:04.802,0.7811,0.78235,1.00,1.00
2008.11.16 22:35:05.092,0.78115,0.7824,1.00,1.00
2008.11.16 22:35:05.662,0.7812,0.78245,1.00,1.00
2008.11.16 22:35:05.892,0.78125,0.78245,1.00,1.00
2008.11.16 22:35:13.390,0.78115,0.7824,1.00,1.00
2008.11.16 22:35:13.560,0.78115,0.78225,1.00,1.60
2008.11.16 22:35:13.740,0.7808,0.78225,1.00,1.80
2008.11.16 22:35:16.229,0.7809,0.78215,1.00,1.00
2008.11.16 22:35:16.459,0.781,0.78225,1.00,1.80
2008.11.16 22:35:16.859,0.78105,0.78225,1.00,1.00
2008.11.16 22:35:17.159,0.78095,0.7822,1.00,1.00
2008.11.16 22:35:18.589,0.781,0.78225,1.00,1.00
2008.11.16 22:35:21.418,0.781,0.7821,1.00,1.60
2008.11.16 22:35:21.818,0.7808,0.78205,1.00,1.00
2008.11.16 22:35:22.578,0.78085,0.7821,1.00,1.00
2008.11.16 22:35:22.818,0.7809,0.78215,1.00,1.00
2008.11.16 22:35:22.998,0.78095,0.7822,1.00,1.00
2008.11.16 22:35:24.587,0.781,0.78225,1.00,1.00
2008.11.16 22:35:25.967,0.78105,0.78225,1.00,1.00
2008.11.16 22:35:28.686,0.78105,0.7821,1.00,1.60
2008.11.16 22:35:28.916,0.7807,0.78205,1.00,1.00
2008.11.16 22:35:31.206,0.78085,0.7821,1.00,1.00
2008.11.16 22:35:32.465,0.7809,0.78215,1.00,1.80
2008.11.16 22:35:32.576,0.78095,0.7822,1.00,1.80
2008.11.16 22:35:32.695,0.78095,0.7822,1.00,1.00
2008.11.16 22:35:32.985,0.781,0.78225,1.00,1.80
2008.11.16 22:35:34.385,0.781,0.78215,1.00,1.60
2008.11.16 22:35:34.615,0.78085,0.7821,1.00,1.00
2008.11.16 22:35:35.295,0.7809,0.78215,1.00,1.80
2008.11.16 22:35:35.525,0.7809,0.78215,1.00,1.00
2008.11.16 22:35:36.105,0.781,0.78225,1.00,1.80
2008.11.16 22:35:36.774,0.78085,0.7821,1.00,1.00
2008.11.16 22:35:37.064,0.781,0.78225,1.00,1.80
2008.11.16 22:35:38.464,0.781,0.7822,1.00,1.60
2008.11.16 22:35:38.584,0.78095,0.7822,1.00,1.80
2008.11.16 22:35:42.903,0.78095,0.78215,1.00,1.60
2008.11.16 22:35:43.073,0.7809,0.78215,1.00,1.80
2008.11.16 22:35:44.982,0.7809,0.78215,1.00,1.00
2008.11.16 22:35:45.152,0.78095,0.7822,1.00,1.00
2008.11.16 22:35:45.432,0.7808,0.78205,1.00,1.00
2008.11.16 22:35:45.763,0.78095,0.7822,1.00,1.00
2008.11.16 22:35:46.262,0.78095,0.7821,1.00,1.60
2008.11.16 22:35:46.552,0.7808,0.78205,1.00,1.00
2008.11.16 22:35:48.161,0.7808,0.78205,1.00,1.80
2008.11.16 22:35:48.272,0.7808,0.782,1.00,1.00
2008.11.16 22:35:49.511,0.78085,0.7821,1.00,1.00
2008.11.16 22:35:51.351,0.7809,0.78215,1.00,1.80
2008.11.16 22:35:51.531,0.7809,0.78215,1.00,1.00
2008.11.16 22:35:51.761,0.78095,0.7822,1.00,1.00
2008.11.16 22:35:53.970,0.78095,0.78215,1.00,1.60
2008.11.16 22:35:54.090,0.7809,0.78215,1.00,1.80
2008.11.16 22:35:55.610,0.7809,0.78215,1.00,1.00
2008.11.16 22:35:55.780,0.78095,0.78215,1.00,1.00
2008.11.16 22:35:59.589,0.781,0.78225,1.00,1.00
2008.11.16 22:36:04.388,0.78085,0.7821,1.00,1.00
2008.11.16 22:36:04.917,0.78095,0.78215,1.00,1.00
2008.11.16 22:36:07.007,0.781,0.78225,1.00,1.00
2008.11.16 22:36:14.685,0.781,0.7822,1.00,1.60
2008.11.16 22:36:14.975,0.78085,0.7821,1.00,1.00
2008.11.16 22:36:15.375,0.7808,0.78205,1.00,1.00
2008.11.16 22:36:26.432,0.7808,0.78205,1.00,1.80
2008.11.16 22:36:26.792,0.78075,0.78195,1.00,1.00
2008.11.16 22:36:27.202,0.78075,0.782,1.00,1.00
2008.11.16 22:36:34.211,0.78075,0.78195,1.00,1.00
2008.11.16 22:36:35.400,0.78065,0.7819,1.00,1.00
2008.11.16 22:36:38.470,0.7806,0.78185,1.00,1.00
2008.11.16 22:36:49.217,0.78055,0.7818,1.00,1.00
2008.11.16 22:36:49.507,0.7804,0.7816,1.00,1.00
2008.11.16 22:36:51.406,0.7802,0.78145,1.00,1.00
2008.11.16 22:36:52.046,0.7804,0.78185,1.00,1.00
2008.11.16 22:36:52.216,0.78045,0.7819,1.00,1.80
2008.11.16 22:36:53.676,0.78055,0.7818,1.00,1.00
2008.11.16 22:36:53.856,0.78075,0.78185,1.00,1.60
2008.11.16 22:36:54.136,0.78075,0.7819,1.00,1.60
2008.11.16 22:36:54.835,0.78075,0.782,1.00,1.80
2008.11.16 22:36:55.125,0.7808,0.78205,1.00,1.00
2008.11.16 22:36:55.405,0.78085,0.7821,1.00,1.00
2008.11.16 22:36:56.155,0.7809,0.78215,1.00,1.00
2008.11.16 22:36:56.495,0.78095,0.78215,1.00,1.00
2008.11.16 22:36:57.085,0.78095,0.7822,1.00,1.30
2008.11.16 22:36:57.435,0.781,0.7822,1.00,1.20
2008.11.16 22:36:58.035,0.7811,0.7822,1.00,1.20
2008.11.16 22:36:59.065,0.7812,0.7822,1.00,1.20
2008.11.16 22:37:09.812,0.7814,0.7822,1.00,1.20
2008.11.16 22:37:10.292,0.7813,0.7822,1.00,1.20
2008.11.16 22:37:10.902,0.7809,0.7822,1.00,1.20
2008.11.16 22:37:18.210,0.78105,0.7822,1.00,1.20
2008.11.16 22:37:18.500,0.7811,0.7822,1.00,1.20
2008.11.16 22:37:19.710,0.7812,0.7822,1.00,1.20
2008.11.16 22:37:20.679,0.78125,0.7822,1.00,1.20
2008.11.16 22:37:20.969,0.7813,0.7822,1.00,1.20
2008.11.16 22:37:21.469,0.78135,0.7822,1.00,1.20
2008.11.16 22:37:22.039,0.7814,0.7822,1.00,1.20
2008.11.16 22:37:23.069,0.78145,0.7822,1.00,1.20
2008.11.16 22:37:23.968,0.7813,0.7822,1.00,1.20
2008.11.16 22:37:28.977,0.78135,0.7822,1.00,1.20
2008.11.16 22:37:37.625,0.7808,0.78215,1.00,1.00
2008.11.16 22:37:37.915,0.7808,0.7822,1.00,1.30
2008.11.16 22:37:40.994,0.7809,0.7821,1.00,1.00
2008.11.16 22:38:04.159,0.7809,0.78215,1.00,1.00
2008.11.16 22:38:04.509,0.78095,0.7822,1.00,1.30
2008.11.16 22:38:05.319,0.781,0.7822,1.00,1.20
2008.11.16 22:38:05.908,0.78105,0.7822,1.00,1.20
2008.11.16 22:38:06.138,0.78085,0.7821,1.00,1.00
2008.11.16 22:38:06.648,0.781,0.7822,1.00,1.20
2008.11.16 22:38:07.158,0.78105,0.7822,1.00,1.20
2008.11.16 22:38:07.428,0.7811,0.7822,1.00,1.20
2008.11.16 22:38:07.718,0.78125,0.7822,1.00,1.20
2008.11.16 22:38:08.268,0.78135,0.7822,1.00,1.20
2008.11.16 22:38:08.668,0.7814,0.7822,1.00,1.20
2008.11.16 22:38:09.357,0.78135,0.7822,1.00,1.20
2008.11.16 22:38:09.647,0.78145,0.7822,1.00,1.20
2008.11.16 22:38:11.587,0.7809,0.7822,1.00,1.20
2008.11.16 22:38:11.997,0.7812,0.7822,1.00,1.20
2008.11.16 22:38:12.497,0.7811,0.7822,1.00,1.20
2008.11.16 22:38:13.967,0.7811,0.7822,1.00,1.20
2008.11.16 22:38:14.476,0.78115,0.7822,1.00,1.20
2008.11.16 22:38:16.096,0.78105,0.7822,1.00,1.20
2008.11.16 22:38:16.896,0.7809,0.78215,1.00,1.00
2008.11.16 22:38:18.425,0.78095,0.7822,1.00,1.30
2008.11.16 22:38:18.765,0.7811,0.7822,1.00,1.20
2008.11.16 22:38:19.805,0.78115,0.7822,1.00,1.20
2008.11.16 22:38:20.285,0.7812,0.7822,1.00,1.20
2008.11.16 22:38:21.545,0.78105,0.7822,1.00,1.20
2008.11.16 22:38:23.614,0.7809,0.78215,1.00,1.00
2008.11.16 22:38:24.674,0.7811,0.7822,1.00,1.20
2008.11.16 22:38:24.904,0.7812,0.7822,1.00,1.20
2008.11.16 22:38:25.244,0.78125,0.7822,1.00,1.20
2008.11.16 22:38:27.263,0.7813,0.7822,1.00,1.20
2008.11.16 22:38:30.442,0.78125,0.7822,1.00,1.20
2008.11.16 22:38:30.713,0.7813,0.7822,1.00,1.20
2008.11.16 22:38:36.721,0.78115,0.7822,1.00,1.20
2008.11.16 22:38:37.121,0.7812,0.7822,1.00,1.20
2008.11.16 22:38:40.280,0.78085,0.78215,1.00,1.00
2008.11.16 22:38:40.780,0.78085,0.7822,1.00,1.30
2008.11.16 22:38:42.609,0.78095,0.78215,1.00,1.00
2008.11.16 22:38:43.919,0.78095,0.7822,1.00,1.30
2008.11.16 22:38:45.409,0.7811,0.7822,1.00,1.20
2008.11.16 22:38:48.748,0.7811,0.7822,1.00,2.80
2008.11.16 22:38:48.858,0.781,0.7822,1.00,2.80
2008.11.16 22:38:49.198,0.781,0.7822,1.00,1.20
2008.11.16 22:38:49.648,0.7808,0.78205,1.00,1.00
2008.11.16 22:38:51.158,0.78085,0.7821,1.00,1.00
2008.11.16 22:38:51.627,0.7809,0.78215,1.00,1.00
2008.11.16 22:38:54.657,0.78095,0.7822,1.00,1.30
2008.11.16 22:39:07.073,0.7811,0.7822,1.00,1.20
2008.11.16 22:39:17.581,0.7813,0.7822,1.00,1.20
2008.11.16 22:39:34.127,0.7811,0.7822,1.00,1.20
2008.11.16 22:39:35.667,0.78095,0.7822,1.00,1.30
2008.11.16 22:39:36.736,0.7809,0.78215,1.00,1.00
2008.11.16 22:39:37.216,0.7805,0.7819,1.00,1.00
2008.11.16 22:39:37.416,0.7805,0.78195,1.00,1.00
2008.11.16 22:39:39.066,0.78065,0.7819,1.00,1.00
2008.11.16 22:39:39.566,0.7807,0.78195,1.00,1.00
2008.11.16 22:39:40.136,0.78075,0.782,1.00,1.00
2008.11.16 22:39:40.435,0.7808,0.782,1.00,1.00
2008.11.16 22:39:41.616,0.7808,0.78205,1.00,1.00
2008.11.16 22:39:41.845,0.78085,0.7821,1.00,1.00
2008.11.16 22:39:42.595,0.7809,0.78215,1.00,1.00
2008.11.16 22:39:43.165,0.78095,0.7822,1.00,1.30
2008.11.16 22:39:45.334,0.781,0.7822,1.00,1.20
2008.11.16 22:39:47.584,0.78095,0.7822,1.00,1.30
2008.11.16 22:39:48.204,0.781,0.7822,1.00,1.20
2008.11.16 22:39:49.423,0.78095,0.7822,1.00,1.30
2008.11.16 22:39:50.133,0.7809,0.7821,1.00,1.00
2008.11.16 22:39:50.353,0.78085,0.7821,1.00,1.00
2008.11.16 22:39:53.823,0.78045,0.7819,1.00,1.00
2008.11.16 22:39:58.941,0.78045,0.7817,1.00,1.00
2008.11.16 22:40:00.391,0.7803,0.78155,1.00,1.00
2008.11.16 22:40:03.530,0.78015,0.78135,1.00,1.00
2008.11.16 22:40:03.760,0.7801,0.78135,1.00,1.00
2008.11.16 22:40:04.160,0.78015,0.78135,1.00,1.00
2008.11.16 22:40:04.280,0.78015,0.7814,1.00,1.00
2008.11.16 22:40:04.520,0.7802,0.78145,1.00,1.00
2008.11.16 22:40:06.329,0.78005,0.7813,1.00,1.00
2008.11.16 22:40:13.898,0.7802,0.78145,1.00,1.00
2008.11.16 22:40:16.477,0.78,0.78125,1.00,1.00
2008.11.16 22:40:17.607,0.7801,0.78135,1.00,1.00
2008.11.16 22:40:17.837,0.78015,0.78135,1.00,1.00
2008.11.16 22:40:19.396,0.78015,0.78135,1.00,1.80
2008.11.16 22:40:19.636,0.78,0.78125,1.00,1.00
2008.11.16 22:40:22.396,0.78005,0.7813,1.00,1.00
2008.11.16 22:40:22.745,0.7801,0.78135,1.00,1.00
2008.11.16 22:40:23.655,0.78015,0.7814,1.00,1.00
2008.11.16 22:40:24.345,0.7801,0.78135,1.00,1.00
2008.11.16 22:40:24.745,0.77995,0.7812,1.00,1.00
2008.11.16 22:40:26.265,0.77985,0.7811,1.00,1.00
2008.11.16 22:40:26.484,0.78,0.7812,1.00,1.60
2008.11.16 22:40:28.234,0.78,0.7811,1.00,1.60
2008.11.16 22:40:28.464,0.7799,0.7811,1.00,1.60
2008.11.16 22:40:29.974,0.7799,0.78115,1.00,1.00
2008.11.16 22:40:30.154,0.77985,0.7811,1.00,1.00
2008.11.16 22:40:33.033,0.7798,0.78105,1.00,1.00
2008.11.16 22:40:33.263,0.77985,0.7811,1.00,1.00
2008.11.16 22:40:34.652,0.77985,0.78095,1.00,1.60
2008.11.16 22:40:35.003,0.7795,0.7809,1.00,1.00
2008.11.16 22:40:35.462,0.77955,0.78095,1.00,1.80
2008.11.16 22:40:35.582,0.77955,0.78095,1.00,1.00
2008.11.16 22:40:35.753,0.77955,0.7809,1.00,1.80
2008.11.16 22:40:36.312,0.77965,0.7809,1.00,1.00
2008.11.16 22:40:36.712,0.7797,0.78095,1.00,1.80
2008.11.16 22:40:38.312,0.7797,0.78095,1.00,1.00
2008.11.16 22:40:38.481,0.7798,0.781,1.00,1.00
2008.11.16 22:40:38.662,0.77985,0.78105,1.00,1.00
2008.11.16 22:40:40.342,0.7798,0.781,1.00,1.00
2008.11.16 22:40:40.451,0.7798,0.78085,1.00,1.60
2008.11.16 22:40:40.731,0.7796,0.7808,1.00,1.00
2008.11.16 22:40:41.811,0.77975,0.781,1.00,1.00
2008.11.16 22:40:44.890,0.7798,0.78105,1.00,1.00
2008.11.16 22:40:49.879,0.7797,0.78095,1.00,1.00
2008.11.16 22:40:50.349,0.7798,0.78105,1.00,1.00
2008.11.16 22:40:51.498,0.77975,0.781,1.00,1.00
2008.11.16 22:40:52.438,0.77975,0.78095,1.00,1.00
2008.11.16 22:40:54.488,0.7797,0.78095,1.00,1.00
2008.11.16 22:40:54.538,0.7797,0.7809,1.00,1.00
2008.11.16 22:40:55.177,0.77965,0.7809,1.00,1.00
2008.11.16 22:40:57.947,0.7795,0.7807,1.00,1.00
2008.11.16 22:41:02.486,0.77955,0.7808,1.00,1.00
2008.11.16 22:41:03.106,0.77955,0.78075,1.00,1.00
2008.11.16 22:41:05.055,0.7796,0.78085,1.00,1.00
2008.11.16 22:41:10.064,0.7795,0.78075,1.00,1.00
2008.11.16 22:41:13.053,0.7795,0.78065,1.00,1.00
2008.11.16 22:41:13.233,0.7791,0.78045,1.00,1.00
2008.11.16 22:41:21.301,0.77925,0.7805,1.00,1.00
2008.11.16 22:41:21.641,0.77915,0.78035,1.00,1.00
2008.11.16 22:41:22.041,0.7792,0.7804,1.00,1.00
2008.11.16 22:41:22.391,0.77925,0.7805,1.00,1.00
2008.11.16 22:41:29.060,0.7793,0.78055,1.00,1.00
2008.11.16 22:41:36.068,0.7793,0.78055,1.00,1.00
2008.11.16 22:41:38.487,0.7793,0.78055,1.20,1.00
2008.11.16 22:41:38.887,0.77935,0.7806,1.00,1.00
2008.11.16 22:41:42.276,0.7792,0.78045,1.00,1.00
2008.11.16 22:41:45.416,0.7793,0.78055,1.00,1.00
2008.11.16 22:41:45.535,0.7793,0.78055,1.20,1.00
2008.11.16 22:41:45.645,0.7794,0.78065,1.00,1.00
2008.11.16 22:41:47.245,0.7794,0.78065,1.20,1.00
2008.11.16 22:41:47.415,0.7795,0.7807,1.00,1.00
2008.11.16 22:41:49.204,0.7795,0.78065,1.00,1.00
2008.11.16 22:41:49.674,0.7791,0.78045,1.00,1.00
2008.11.16 22:41:50.494,0.7792,0.78045,1.00,1.00
2008.11.16 22:41:50.674,0.77925,0.7806,1.00,1.00
2008.11.16 22:41:50.964,0.7794,0.78065,1.00,1.00
2008.11.16 22:42:10.879,0.7794,0.78065,1.20,1.00
2008.11.16 22:42:11.159,0.7795,0.7807,1.00,1.00
2008.11.16 22:42:13.809,0.7794,0.7806,1.00,1.20
2008.11.16 22:42:13.989,0.7792,0.78045,1.00,1.00
2008.11.16 22:42:16.508,0.77915,0.78035,1.00,1.00
2008.11.16 22:42:16.748,0.7792,0.78045,1.00,1.00
2008.11.16 22:42:18.308,0.77925,0.7805,1.00,1.00
2008.11.16 22:42:25.076,0.77915,0.7804,1.00,1.00
2008.11.16 22:42:25.376,0.77905,0.7803,1.00,1.00
2008.11.16 22:42:26.066,0.77915,0.7804,1.00,1.00
2008.11.16 22:42:27.265,0.77925,0.7805,1.00,1.00
2008.11.16 22:42:28.915,0.7792,0.78045,1.00,1.00
2008.11.16 22:42:30.295,0.7793,0.78055,1.00,1.00
2008.11.16 22:42:30.525,0.7794,0.7806,1.00,3.60
2008.11.16 22:42:45.761,0.77935,0.78055,1.00,1.00
2008.11.16 22:42:49.390,0.77915,0.7804,1.00,1.00
2008.11.16 22:42:53.359,0.7791,0.78035,1.00,1.00
2008.11.16 22:42:56.408,0.779,0.78015,1.00,1.00
2008.11.16 22:42:56.698,0.77905,0.7803,1.00,1.00
2008.11.16 22:42:57.048,0.77895,0.7802,1.00,1.00
2008.11.16 22:43:01.787,0.779,0.78025,1.00,1.00
2008.11.16 22:43:05.286,0.77885,0.78005,1.00,1.00
2008.11.16 22:43:10.785,0.77875,0.78,1.00,1.00
2008.11.16 22:43:10.955,0.77875,0.78,1.20,1.00
2008.11.16 22:43:11.475,0.77875,0.78,1.00,1.00
2008.11.16 22:43:13.574,0.7788,0.78005,1.00,1.00
2008.11.16 22:43:14.964,0.77885,0.78005,1.00,1.00
2008.11.16 22:43:17.323,0.7787,0.77995,1.00,1.00
2008.11.16 22:43:18.193,0.77875,0.78,1.00,1.00
2008.11.16 22:43:18.373,0.77875,0.78,1.20,1.00
2008.11.16 22:43:18.553,0.7788,0.78005,1.00,1.00
2008.11.16 22:43:18.673,0.77885,0.78005,1.00,1.00
2008.11.16 22:43:19.193,0.7788,0.78005,1.00,1.00
2008.11.16 22:43:21.143,0.77885,0.78005,1.00,1.00
2008.11.16 22:43:21.723,0.77885,0.78005,1.20,1.00
2008.11.16 22:43:21.952,0.77895,0.7801,1.00,4.90
2008.11.16 22:43:22.232,0.779,0.7801,1.00,4.80
2008.11.16 22:43:22.762,0.7792,0.7801,1.00,4.80
2008.11.16 22:43:23.102,0.7791,0.7801,1.00,4.80
2008.11.16 22:43:25.121,0.77915,0.7801,1.00,4.80
2008.11.16 22:43:25.581,0.7793,0.7801,1.00,4.80
2008.11.16 22:43:26.851,0.7792,0.7801,1.00,4.80
2008.11.16 22:43:29.580,0.77915,0.7801,1.00,4.80
2008.11.16 22:43:30.970,0.779,0.7801,1.00,4.80
2008.11.16 22:43:32.420,0.77895,0.7801,1.00,4.80
2008.11.16 22:43:32.879,0.77905,0.7801,1.00,4.80
2008.11.16 22:43:34.199,0.77865,0.78,1.20,1.00
2008.11.16 22:43:35.589,0.77875,0.78,1.00,1.00
2008.11.16 22:43:35.709,0.7787,0.77995,1.20,1.00
2008.11.16 22:43:44.487,0.7787,0.77995,1.00,1.00
2008.11.16 22:43:46.116,0.77875,0.78,1.00,1.00
2008.11.16 22:43:46.736,0.77885,0.78005,1.00,1.00
2008.11.16 22:43:47.326,0.77875,0.78,1.00,1.00
2008.11.16 22:43:48.716,0.7787,0.77995,1.00,1.00
2008.11.16 22:43:48.946,0.77875,0.78,1.00,1.00
2008.11.16 22:43:49.356,0.77885,0.78005,1.00,1.00
2008.11.16 22:43:50.275,0.7788,0.78005,1.00,1.00
2008.11.16 22:43:50.565,0.77875,0.78,1.00,1.00
2008.11.16 22:43:53.684,0.7787,0.77995,1.00,1.00
2008.11.16 22:43:54.434,0.77875,0.78,1.00,1.00
2008.11.16 22:43:55.104,0.77885,0.78005,1.00,1.00
2008.11.16 22:43:55.984,0.77875,0.78,1.00,1.00
2008.11.16 22:43:56.494,0.7787,0.77995,1.00,1.00
2008.11.16 22:44:02.522,0.77875,0.78,1.00,1.00
2008.11.16 22:44:04.502,0.7787,0.77995,1.00,1.00
2008.11.16 22:44:07.791,0.77885,0.7801,1.00,4.80
2008.11.16 22:44:10.411,0.77885,0.78005,1.00,1.00
2008.11.16 22:44:48.871,0.77885,0.7801,1.00,4.90
2008.11.16 22:44:51.921,0.779,0.7801,1.00,4.80
2008.11.16 22:45:12.645,0.7792,0.7801,1.00,4.80
2008.11.16 22:45:12.995,0.7792,0.7801,1.20,4.80
2008.11.16 22:45:20.903,0.7791,0.7801,1.00,4.80
2008.11.16 22:45:25.932,0.77915,0.7801,1.00,4.80
2008.11.16 22:45:26.352,0.7791,0.7801,1.00,4.80
2008.11.16 22:45:28.782,0.77915,0.7801,1.00,4.80
2008.11.16 22:45:28.902,0.7792,0.7801,1.00,4.80
2008.11.16 22:45:30.061,0.7791,0.7801,1.00,4.80
2008.11.16 22:45:31.861,0.77905,0.7801,1.00,4.80
2008.11.16 22:45:33.701,0.7791,0.7801,1.00,4.80
2008.11.16 22:45:39.349,0.779,0.7801,1.00,4.80
2008.11.16 22:45:43.948,0.7789,0.7801,1.00,4.90
2008.11.16 22:45:46.917,0.7789,0.78005,1.00,1.00
2008.11.16 22:45:47.277,0.77885,0.78005,1.00,1.00
2008.11.16 22:45:51.287,0.77885,0.7801,1.20,4.90
2008.11.16 22:45:53.326,0.7789,0.7801,1.00,4.90
2008.11.16 22:45:53.496,0.7789,0.7801,1.20,4.90
2008.11.16 22:45:53.796,0.7789,0.7801,1.00,4.90
2008.11.16 22:45:53.856,0.77885,0.7801,1.00,4.90
2008.11.16 22:46:02.623,0.77895,0.7801,1.00,4.80
2008.11.16 22:46:02.973,0.7789,0.7801,1.00,4.80
2008.11.16 22:46:06.643,0.7788,0.78005,1.20,1.00
2008.11.16 22:46:10.152,0.77885,0.7801,1.00,4.90
2008.11.16 22:46:14.570,0.77875,0.78,1.00,1.00
2008.11.16 22:46:27.608,0.7787,0.77985,1.00,1.00
2008.11.16 22:46:28.187,0.7788,0.78005,1.00,1.00
2008.11.16 22:46:29.167,0.7787,0.77995,1.20,1.00
2008.11.16 22:46:30.906,0.77875,0.77995,1.00,1.00
2008.11.16 22:46:31.197,0.7788,0.78005,1.00,1.00
2008.11.16 22:46:43.903,0.77885,0.7801,1.00,4.90
2008.11.16 22:46:44.184,0.7789,0.7801,1.00,4.80
2008.11.16 22:46:49.892,0.7788,0.78005,1.00,1.00
2008.11.16 22:46:55.541,0.77885,0.78005,1.00,1.00
2008.11.16 22:46:55.651,0.7789,0.7801,1.00,4.80
2008.11.16 22:47:08.557,0.779,0.7801,1.00,4.80
2008.11.16 22:47:10.747,0.7789,0.7801,1.00,4.80
2008.11.16 22:47:32.622,0.7788,0.78005,1.00,1.00
2008.11.16 22:47:56.976,0.7787,0.77995,1.20,1.00
2008.11.16 22:47:58.955,0.77875,0.78,1.00,1.00
2008.11.16 22:47:59.075,0.7789,0.7801,1.00,4.80
2008.11.16 22:48:06.764,0.779,0.7801,1.00,4.80
2008.11.16 22:48:07.913,0.77895,0.7801,1.00,4.80
2008.11.16 22:48:15.071,0.779,0.7801,1.00,4.80
2008.11.16 22:48:17.011,0.77905,0.7801,1.00,4.80
2008.11.16 22:48:18.401,0.77895,0.7801,1.00,4.80
2008.11.16 22:48:22.390,0.7789,0.7801,1.00,4.80
2008.11.16 22:48:22.630,0.77895,0.7801,1.00,4.80
2008.11.16 22:48:23.739,0.77895,0.78005,1.00,1.00
2008.11.16 22:48:23.909,0.7788,0.77995,1.00,1.00
2008.11.16 22:48:29.298,0.77865,0.7799,1.20,1.00
2008.11.16 22:48:33.907,0.7787,0.7799,1.00,1.00
2008.11.16 22:48:36.186,0.7787,0.7799,1.20,1.00
2008.11.16 22:48:36.427,0.77875,0.77995,1.00,1.00
2008.11.16 22:48:38.196,0.7788,0.78005,1.00,1.00
2008.11.16 22:48:38.956,0.7788,0.78005,1.20,1.00
2008.11.16 22:48:39.066,0.7789,0.7801,1.00,4.80
2008.11.16 22:48:40.095,0.77885,0.7801,1.00,4.90
2008.11.16 22:48:40.435,0.7789,0.7801,1.00,4.80
2008.11.16 22:48:40.965,0.77885,0.7801,1.00,4.90
2008.11.16 22:48:42.315,0.77895,0.7801,1.00,4.80
2008.11.16 22:48:43.225,0.77905,0.7801,1.00,4.80
2008.11.16 22:48:45.094,0.77895,0.7801,1.00,4.80
2008.11.16 22:48:46.934,0.7789,0.7801,1.00,4.80
2008.11.16 22:48:51.143,0.77885,0.7801,1.00,4.90
2008.11.16 22:48:51.613,0.77885,0.7801,1.00,5.80
2008.11.16 22:48:51.723,0.7787,0.7799,1.00,1.00
2008.11.16 22:48:54.622,0.7786,0.77985,1.00,1.00
2008.11.16 22:49:06.629,0.77855,0.77975,1.00,1.00
2008.11.16 22:49:12.777,0.7786,0.7798,1.00,1.00
2008.11.16 22:49:20.985,0.77855,0.7798,1.00,1.00
2008.11.16 22:49:25.395,0.77855,0.77975,1.00,1.00
2008.11.16 22:49:25.754,0.7782,0.77955,1.20,1.00
2008.11.16 22:49:26.434,0.77825,0.77955,1.00,1.00
2008.11.16 22:49:26.814,0.77845,0.77965,1.00,1.00
2008.11.16 22:49:27.114,0.77835,0.7796,1.00,1.00
2008.11.16 22:49:30.543,0.77845,0.77965,1.00,1.00
2008.11.16 22:49:30.983,0.7786,0.77985,1.00,1.00
2008.11.16 22:49:31.263,0.77825,0.7797,1.00,1.00
2008.11.16 22:49:33.423,0.778,0.7794,1.00,1.00
2008.11.16 22:49:33.763,0.7781,0.77955,1.00,1.00
2008.11.16 22:49:35.092,0.77825,0.77945,1.00,1.00
2008.11.16 22:49:41.101,0.7781,0.7793,1.00,1.00
2008.11.16 22:49:41.561,0.77815,0.7793,1.00,1.00
2008.11.16 22:49:41.861,0.77825,0.77945,1.00,1.00
2008.11.16 22:49:43.660,0.7782,0.77945,1.00,1.00
2008.11.16 22:49:44.940,0.77825,0.77945,1.00,1.00
2008.11.16 22:50:06.274,0.77825,0.7795,1.00,1.00
2008.11.16 22:50:07.144,0.7784,0.77965,1.00,1.00
2008.11.16 22:50:10.074,0.77845,0.7797,1.00,2.50
2008.11.16 22:50:11.243,0.7784,0.77965,1.00,1.00
2008.11.16 22:50:13.783,0.77845,0.7797,1.00,2.50
2008.11.16 22:50:15.832,0.77855,0.7797,1.00,2.40
2008.11.16 22:50:16.182,0.7786,0.7797,1.00,2.40
2008.11.16 22:50:16.902,0.77855,0.7797,1.00,2.40
2008.11.16 22:50:17.462,0.7786,0.7797,1.00,2.40
2008.11.16 22:50:19.831,0.77865,0.7797,1.00,2.40
2008.11.16 22:50:28.519,0.77865,0.7797,1.00,2.40
2008.11.16 22:50:37.787,0.77855,0.7797,1.00,2.40
2008.11.16 22:50:38.467,0.77865,0.7797,1.00,2.40
2008.11.16 22:50:42.726,0.77855,0.7797,1.00,2.40
2008.11.16 22:50:48.824,0.7785,0.7797,1.00,2.40
2008.11.16 22:50:57.752,0.7783,0.77955,1.00,1.00
2008.11.16 22:50:59.942,0.7782,0.77945,1.00,1.00
2008.11.16 22:51:00.332,0.77815,0.7794,1.00,1.00
2008.11.16 22:51:03.901,0.7781,0.77935,1.00,1.00
2008.11.16 22:51:04.651,0.77815,0.7794,1.00,1.00
2008.11.16 22:51:12.719,0.7782,0.77945,1.00,1.00
2008.11.16 22:51:12.999,0.77835,0.77965,1.00,1.00
2008.11.16 22:51:15.478,0.7784,0.77965,1.00,1.00
2008.11.16 22:51:16.458,0.77805,0.7795,1.00,1.00
2008.11.16 22:51:17.997,0.7782,0.77945,1.00,1.00
2008.11.16 22:51:21.297,0.77825,0.77945,1.00,1.00
2008.11.16 22:51:27.985,0.7784,0.77965,1.00,1.00
2008.11.16 22:51:28.255,0.77855,0.7797,1.00,2.40
2008.11.16 22:51:34.813,0.77845,0.7797,1.00,2.50
2008.11.16 22:51:55.429,0.7784,0.77965,1.00,1.00
2008.11.16 22:51:55.778,0.7784,0.7796,1.00,1.00
2008.11.16 22:51:55.948,0.7783,0.77955,1.00,1.00
2008.11.16 22:51:57.258,0.77835,0.7796,1.00,1.00
2008.11.16 22:52:02.686,0.7783,0.77955,1.00,1.00
2008.11.16 22:52:10.165,0.77825,0.7795,1.00,1.00
2008.11.16 22:52:10.965,0.7783,0.77955,1.00,1.00
2008.11.16 22:52:18.953,0.77835,0.7796,1.00,1.00
2008.11.16 22:52:19.473,0.7783,0.77955,1.00,1.00
2008.11.16 22:52:21.712,0.7783,0.7795,1.00,1.00
2008.11.16 22:52:24.361,0.7783,0.7791,1.00,1.00
2008.11.16 22:52:24.641,0.7783,0.77905,1.00,1.00
2008.11.16 22:52:24.812,0.77755,0.779,1.00,1.00
2008.11.16 22:52:24.981,0.77755,0.77895,1.00,1.00
2008.11.16 22:52:26.421,0.7777,0.77885,1.00,1.00
2008.11.16 22:52:27.041,0.778,0.7792,1.00,1.20
2008.11.16 22:52:27.331,0.77805,0.7792,1.00,1.20
2008.11.16 22:52:27.680,0.778,0.7792,1.00,1.20
2008.11.16 22:52:28.121,0.7782,0.7791,1.00,1.20
2008.11.16 22:52:28.760,0.7778,0.77905,1.00,1.00
2008.11.16 22:52:29.060,0.7779,0.7791,1.00,1.20
2008.11.16 22:52:29.630,0.7779,0.77895,1.00,1.00
2008.11.16 22:52:29.850,0.7774,0.77875,1.00,1.00
2008.11.16 22:52:30.560,0.7774,0.77875,1.30,1.00
2008.11.16 22:52:30.790,0.77745,0.77875,1.00,1.00
2008.11.16 22:52:30.970,0.7776,0.77865,1.00,1.00
2008.11.16 22:52:31.320,0.77765,0.77875,1.00,1.00
2008.11.16 22:52:31.540,0.7777,0.7788,1.00,1.00
2008.11.16 22:52:32.369,0.7778,0.7788,1.00,1.00
2008.11.16 22:52:32.709,0.7778,0.77885,1.00,1.00
2008.11.16 22:52:32.939,0.77785,0.7789,1.00,1.00
2008.11.16 22:52:33.109,0.77785,0.77895,1.00,1.00
2008.11.16 22:52:33.579,0.77785,0.779,1.00,1.00
2008.11.16 22:52:33.699,0.77785,0.7791,1.00,1.30
2008.11.16 22:52:35.859,0.77785,0.7791,1.00,1.30
2008.11.16 22:52:36.189,0.77775,0.779,1.00,1.00
2008.11.16 22:52:37.758,0.77775,0.77895,1.00,1.00
2008.11.16 22:52:38.398,0.77775,0.779,1.00,1.00
2008.11.16 22:52:39.138,0.77775,0.77895,1.00,1.00
2008.11.16 22:52:42.647,0.77765,0.7789,1.00,1.00
2008.11.16 22:52:43.797,0.77765,0.77875,1.00,1.00
2008.11.16 22:52:44.206,0.7775,0.77875,1.00,1.00
2008.11.16 22:52:44.377,0.77765,0.779,1.00,1.00
2008.11.16 22:52:44.767,0.7775,0.7788,1.00,1.00
2008.11.16 22:52:45.846,0.77755,0.7787,1.00,1.00
2008.11.16 22:52:46.016,0.7776,0.77875,1.00,1.00
2008.11.16 22:52:46.346,0.7776,0.7788,1.00,1.00
2008.11.16 22:52:46.466,0.7776,0.77885,1.00,1.00
2008.11.16 22:52:47.646,0.7776,0.7788,1.00,1.00
2008.11.16 22:52:48.746,0.77755,0.7788,1.00,1.00
2008.11.16 22:52:48.966,0.7774,0.77865,1.00,1.00
2008.11.16 22:52:49.195,0.77745,0.77865,1.00,1.00
2008.11.16 22:52:49.895,0.77745,0.77865,1.00,1.00
2008.11.16 22:52:50.295,0.7775,0.77865,1.00,1.00
2008.11.16 22:52:50.535,0.7775,0.7787,1.00,1.00
2008.11.16 22:52:55.514,0.7775,0.7787,1.00,1.00
2008.11.16 22:52:56.034,0.77745,0.7787,1.00,1.00
2008.11.16 22:52:56.824,0.77745,0.77855,1.00,1.00
2008.11.16 22:53:00.753,0.7774,0.7785,1.00,1.00
2008.11.16 22:53:02.372,0.7773,0.7785,1.00,1.00
2008.11.16 22:53:02.532,0.77725,0.7785,1.00,1.00
2008.11.16 22:53:02.712,0.77725,0.7783,1.00,1.00
2008.11.16 22:53:05.192,0.7772,0.7783,1.00,1.00
2008.11.16 22:53:05.421,0.77705,0.7783,1.00,1.00
2008.11.16 22:53:05.471,0.77705,0.77825,1.00,1.00
2008.11.16 22:53:05.751,0.7766,0.778,1.00,1.00
2008.11.16 22:53:05.911,0.7765,0.77795,1.00,1.00
2008.11.16 22:53:08.471,0.77665,0.77785,1.00,1.00
2008.11.16 22:53:08.991,0.7767,0.7779,1.00,1.00
2008.11.16 22:53:09.221,0.7767,0.77795,1.00,1.00
2008.11.16 22:53:10.570,0.77675,0.778,1.00,1.00
2008.11.16 22:53:12.330,0.7769,0.77815,1.00,1.00
2008.11.16 22:53:17.189,0.7768,0.77805,1.00,1.00
2008.11.16 22:53:18.418,0.77685,0.77805,1.00,1.00
2008.11.16 22:53:18.748,0.77685,0.7781,1.00,1.00
2008.11.16 22:53:19.028,0.7769,0.77815,1.00,1.00
2008.11.16 22:53:19.608,0.77695,0.7782,1.00,1.00
2008.11.16 22:53:24.447,0.77675,0.778,1.00,1.00
2008.11.16 22:53:35.294,0.7767,0.77795,1.00,1.00
2008.11.16 22:53:36.624,0.77675,0.778,1.00,1.00
2008.11.16 22:53:38.444,0.7767,0.77795,1.00,1.00
2008.11.16 22:53:39.004,0.77675,0.778,1.00,1.00
2008.11.16 22:53:40.793,0.7768,0.77805,1.00,1.00
2008.11.16 22:53:40.853,0.77685,0.77805,1.00,1.00
2008.11.16 22:53:46.522,0.77675,0.778,1.00,1.00
2008.11.16 22:53:46.632,0.7768,0.77805,1.00,1.00
2008.11.16 22:54:26.972,0.77635,0.7778,1.00,1.00
2008.11.16 22:54:28.002,0.7763,0.77785,2.80,1.00
2008.11.16 22:54:30.311,0.7763,0.77785,1.00,1.00
2008.11.16 22:54:30.541,0.77625,0.7778,2.80,1.00
2008.11.16 22:54:43.248,0.7763,0.7778,1.80,1.00
2008.11.16 22:54:43.878,0.7763,0.77785,2.80,1.00
2008.11.16 22:54:47.237,0.7763,0.77785,1.00,1.00
2008.11.16 22:54:55.765,0.77655,0.7784,1.00,1.00
2008.11.16 22:55:14.361,0.77675,0.7783,1.00,1.00
2008.11.16 22:55:14.950,0.77675,0.77825,1.00,1.00
2008.11.16 22:55:15.230,0.7768,0.77835,1.00,1.00
2008.11.16 22:55:57.510,0.7768,0.77835,1.00,1.00
2008.11.16 22:56:07.068,0.7768,0.77835,1.00,1.00
2008.11.16 22:56:07.248,0.77685,0.77835,1.00,1.00
2008.11.16 22:56:12.077,0.7768,0.77835,1.00,1.00
2008.11.16 22:56:26.323,0.7768,0.77835,1.00,1.00
2008.11.16 22:56:26.383,0.7767,0.7782,1.00,1.00
2008.11.16 22:56:26.723,0.77675,0.7783,1.00,1.00
2008.11.16 22:56:27.353,0.7767,0.77825,1.00,1.00
2008.11.16 22:56:27.863,0.77675,0.7783,1.00,1.00
2008.11.16 22:56:28.393,0.7768,0.7783,1.00,1.00
2008.11.16 22:56:28.682,0.77695,0.7787,1.00,1.00
2008.11.16 22:56:28.962,0.7767,0.7784,1.00,1.00
2008.11.16 22:56:29.492,0.77695,0.7787,1.00,1.00
2008.11.16 22:56:29.772,0.77695,0.77865,1.00,1.30
2008.11.16 22:56:30.122,0.77695,0.7787,1.00,1.00
2008.11.16 22:56:30.292,0.77695,0.77865,1.00,1.30
2008.11.16 22:56:30.462,0.77695,0.7787,1.00,1.00
2008.11.16 22:56:30.632,0.77705,0.77855,1.00,1.00
2008.11.16 22:56:30.752,0.77685,0.7784,1.80,1.00
2008.11.16 22:56:30.932,0.77705,0.7787,1.00,1.00
2008.11.16 22:56:31.172,0.7767,0.7784,1.00,1.00
2008.11.16 22:56:34.671,0.7768,0.77835,1.00,1.00
2008.11.16 22:56:49.937,0.7768,0.77835,2.80,1.00
2008.11.16 22:56:50.497,0.77685,0.7784,1.00,1.00
2008.11.16 22:56:52.837,0.777,0.77875,1.00,1.00
2008.11.16 22:57:09.902,0.77715,0.7787,1.00,1.00
2008.11.16 22:57:10.082,0.77715,0.7787,1.00,1.00
2008.11.16 22:57:10.262,0.7772,0.7787,1.00,1.00
2008.11.16 22:57:37.976,0.7772,0.7785,1.00,1.00
2008.11.16 22:57:38.266,0.7766,0.77835,1.80,1.00
2008.11.16 22:57:58.661,0.7767,0.77825,1.20,1.00
2008.11.16 22:58:03.440,0.77675,0.77825,1.80,1.00
2008.11.16 22:58:13.137,0.7768,0.7783,1.00,1.00
2008.11.16 22:58:18.106,0.77675,0.77825,2.80,1.00
2008.11.16 22:58:18.276,0.77675,0.77825,1.80,1.00
2008.11.16 22:58:32.383,0.7768,0.7783,1.00,1.00
2008.11.16 22:58:43.300,0.77675,0.77825,1.80,1.00
2008.11.16 22:58:57.247,0.77675,0.7783,2.80,1.00
2008.11.16 22:59:08.774,0.77685,0.77835,1.00,1.00
2008.11.16 22:59:14.962,0.7769,0.77845,1.00,1.00
2008.11.16 22:59:24.660,0.77685,0.7784,2.80,1.00
2008.11.16 22:59:31.069,0.7769,0.77845,1.00,1.00
2008.11.16 22:59:38.417,0.77685,0.7784,2.80,1.00
2008.11.16 22:59:49.104,0.7769,0.7784,1.00,1.00
2008.11.16 22:59:49.504,0.7769,0.77845,1.00,1.00
