2009.10.22 18:00:00.131,0.87055,0.87085,4.00,2.40
2009.10.22 18:00:00.481,0.87055,0.8709,7.20,7.20
2009.10.22 18:00:00.771,0.87055,0.87085,4.40,2.40
2009.10.22 18:00:01.630,0.87055,0.8708,4.00,2.40
2009.10.22 18:00:01.981,0.8705,0.8708,12.00,2.40
2009.10.22 18:00:02.310,0.8705,0.8708,8.70,2.40
2009.10.22 18:00:02.870,0.8705,0.8708,9.50,2.40
2009.10.22 18:00:03.280,0.87055,0.8709,7.00,8.60
2009.10.22 18:00:03.390,0.87055,0.8709,11.00,4.60
2009.10.22 18:00:04.070,0.8706,0.87095,6.80,9.80
2009.10.22 18:00:04.410,0.8706,0.87095,10.80,3.40
2009.10.22 18:00:05.169,0.87065,0.87095,4.00,3.20
2009.10.22 18:00:06.199,0.87065,0.87095,4.00,5.60
2009.10.22 18:00:06.479,0.87065,0.8709,4.00,3.20
2009.10.22 18:00:06.719,0.8706,0.8709,8.00,3.20
2009.10.22 18:00:06.959,0.8706,0.8709,6.40,1.00
2009.10.22 18:00:07.199,0.8706,0.8709,4.00,3.20
2009.10.22 18:00:07.429,0.8706,0.8709,4.00,7.70
2009.10.22 18:00:07.659,0.87055,0.8709,4.00,11.70
2009.10.22 18:00:08.849,0.87055,0.87085,4.00,2.60
2009.10.22 18:00:09.088,0.87055,0.87085,4.00,2.40
2009.10.22 18:00:09.378,0.8705,0.8708,6.40,2.40
2009.10.22 18:00:10.698,0.8705,0.87085,10.80,2.40
2009.10.22 18:00:13.398,0.87055,0.87085,4.00,6.40
2009.10.22 18:00:13.807,0.8705,0.87085,6.40,7.60
2009.10.22 18:00:18.666,0.8705,0.8708,6.40,6.40
2009.10.22 18:00:18.956,0.8705,0.8708,6.40,6.60
2009.10.22 18:00:19.296,0.87045,0.8708,13.10,6.90
2009.10.22 18:00:19.586,0.8705,0.8708,4.00,2.80
2009.10.22 18:00:26.864,0.87055,0.87085,4.00,2.80
2009.10.22 18:00:30.703,0.87055,0.8709,13.90,6.80
2009.10.22 18:00:31.003,0.8706,0.87085,4.00,2.40
2009.10.22 18:00:31.293,0.87055,0.87085,6.60,2.80
2009.10.22 18:00:33.663,0.87055,0.8709,15.50,2.80
2009.10.22 18:00:37.102,0.87065,0.8709,2.40,1.00
2009.10.22 18:00:37.322,0.87075,0.87095,1.00,6.40
2009.10.22 18:00:37.492,0.8708,0.87095,2.40,4.00
2009.10.22 18:00:37.902,0.8708,0.87095,3.20,4.00
2009.10.22 18:00:38.222,0.87085,0.8711,10.40,1.00
2009.10.22 18:00:38.801,0.87085,0.8712,10.40,6.80
2009.10.22 18:00:39.141,0.8709,0.8712,4.00,7.00
2009.10.22 18:00:40.171,0.8709,0.8712,4.00,6.80
2009.10.22 18:00:43.570,0.8709,0.8712,4.00,8.40
2009.10.22 18:00:43.740,0.8709,0.8712,6.40,8.40
2009.10.22 18:00:43.860,0.8709,0.8712,6.80,8.00
2009.10.22 18:00:43.980,0.8709,0.8712,6.80,6.40
2009.10.22 18:00:44.100,0.8709,0.8712,4.00,6.80
2009.10.22 18:00:44.600,0.8709,0.8712,4.40,6.40
2009.10.22 18:00:45.180,0.8709,0.8712,6.80,4.00
2009.10.22 18:00:45.470,0.8709,0.8712,6.80,8.00
2009.10.22 18:00:45.750,0.8709,0.8712,4.40,6.40
2009.10.22 18:00:45.980,0.8709,0.8712,6.80,6.40
2009.10.22 18:00:46.260,0.8709,0.8712,4.00,2.80
2009.10.22 18:00:46.610,0.8709,0.8712,5.20,4.00
2009.10.22 18:00:46.960,0.8709,0.8712,5.20,2.40
2009.10.22 18:00:47.300,0.8709,0.8712,4.00,2.80
2009.10.22 18:00:47.649,0.8709,0.8712,6.00,8.00
2009.10.22 18:00:48.279,0.8709,0.8712,4.40,2.40
2009.10.22 18:00:48.449,0.8709,0.8712,5.60,4.40
2009.10.22 18:00:48.619,0.8709,0.8712,6.00,4.00
2009.10.22 18:00:48.739,0.8709,0.8712,4.40,2.40
2009.10.22 18:00:48.899,0.8709,0.8712,6.00,2.40
2009.10.22 18:00:49.069,0.8709,0.8712,6.00,4.00
2009.10.22 18:00:49.189,0.8709,0.8712,4.40,2.40
2009.10.22 18:00:49.369,0.8709,0.8712,4.00,2.80
2009.10.22 18:00:50.009,0.8709,0.8712,6.80,8.00
2009.10.22 18:00:50.409,0.87085,0.87105,4.00,5.20
2009.10.22 18:00:50.709,0.87085,0.87105,4.00,5.20
2009.10.22 18:00:51.068,0.8707,0.871,6.40,2.40
2009.10.22 18:00:53.968,0.8707,0.87105,4.00,9.40
2009.10.22 18:00:55.408,0.8707,0.87105,4.00,8.60
2009.10.22 18:00:55.757,0.8707,0.87105,4.80,8.80
2009.10.22 18:00:56.097,0.8707,0.87105,4.00,9.20
2009.10.22 18:00:57.187,0.8707,0.87105,4.00,9.40
2009.10.22 18:00:59.167,0.8707,0.87105,4.00,8.40
2009.10.22 18:00:59.567,0.8707,0.87105,11.10,6.40
2009.10.22 18:00:59.917,0.8708,0.8711,7.40,4.00
2009.10.22 18:01:00.266,0.87085,0.8712,13.80,1.00
2009.10.22 18:01:01.066,0.8709,0.87125,4.20,7.60
2009.10.22 18:01:02.146,0.8709,0.87125,4.20,7.70
2009.10.22 18:01:02.426,0.8709,0.87125,4.20,7.80
2009.10.22 18:01:08.034,0.8709,0.87125,5.80,7.80
2009.10.22 18:01:11.194,0.8709,0.87125,9.10,4.10
2009.10.22 18:01:11.574,0.87095,0.8713,11.30,7.70
2009.10.22 18:01:11.874,0.87105,0.87135,4.00,2.80
2009.10.22 18:01:12.673,0.87105,0.87135,5.60,2.80
2009.10.22 18:01:13.353,0.87105,0.87135,6.40,2.80
2009.10.22 18:01:13.533,0.87105,0.87135,7.20,1.00
2009.10.22 18:01:13.653,0.8711,0.8714,2.40,6.40
2009.10.22 18:01:14.013,0.8711,0.87145,6.40,9.10
2009.10.22 18:01:14.353,0.8711,0.87145,6.40,8.30
2009.10.22 18:01:15.353,0.8711,0.87145,6.60,8.20
2009.10.22 18:01:15.863,0.8711,0.87145,4.00,10.50
2009.10.22 18:01:16.603,0.8711,0.8714,4.00,4.00
2009.10.22 18:01:16.922,0.8712,0.8714,2.40,4.00
2009.10.22 18:01:17.262,0.8712,0.87155,8.00,3.60
2009.10.22 18:01:17.562,0.8712,0.87155,9.00,4.00
2009.10.22 18:01:17.902,0.87125,0.8716,10.40,1.00
2009.10.22 18:01:18.252,0.87125,0.8716,4.00,7.60
2009.10.22 18:01:18.972,0.87125,0.8716,4.00,16.70
2009.10.22 18:01:19.152,0.8712,0.87155,4.00,7.60
2009.10.22 18:01:20.932,0.8712,0.87155,4.00,7.60
2009.10.22 18:01:21.101,0.8712,0.87155,4.00,7.70
2009.10.22 18:01:21.271,0.8712,0.87155,4.00,7.80
2009.10.22 18:01:25.250,0.8712,0.87155,4.00,13.10
2009.10.22 18:01:25.590,0.8712,0.87155,4.00,15.10
2009.10.22 18:01:26.190,0.87115,0.8715,5.60,7.60
2009.10.22 18:01:26.890,0.8712,0.87155,4.00,15.50
2009.10.22 18:01:29.729,0.8712,0.87155,4.00,15.50
2009.10.22 18:01:30.019,0.8712,0.87155,4.00,15.50
2009.10.22 18:01:32.578,0.8712,0.87155,4.00,15.50
2009.10.22 18:01:32.748,0.8712,0.87155,4.00,15.50
2009.10.22 18:01:34.428,0.8712,0.8714,4.00,1.00
2009.10.22 18:01:34.598,0.8712,0.8714,4.00,4.00
2009.10.22 18:01:34.828,0.8712,0.87135,4.00,3.60
2009.10.22 18:01:35.128,0.87115,0.87135,4.00,14.10
2009.10.22 18:01:35.298,0.87095,0.8713,4.00,7.60
2009.10.22 18:01:37.078,0.87095,0.8713,4.00,7.80
2009.10.22 18:01:39.037,0.87095,0.8713,4.00,9.40
2009.10.22 18:01:40.387,0.87095,0.8713,6.80,8.00
2009.10.22 18:01:40.626,0.87095,0.87115,8.00,1.60
2009.10.22 18:01:40.856,0.87095,0.87115,4.00,1.60
2009.10.22 18:01:44.026,0.87095,0.8711,4.00,1.60
2009.10.22 18:01:44.426,0.87085,0.8711,4.00,1.60
2009.10.22 18:01:44.606,0.8708,0.871,7.00,1.60
2009.10.22 18:01:44.776,0.8708,0.871,4.00,1.60
2009.10.22 18:01:45.535,0.8708,0.8711,4.00,4.60
2009.10.22 18:01:45.876,0.87075,0.87105,4.00,2.40
2009.10.22 18:01:46.225,0.87075,0.87095,4.00,1.60
2009.10.22 18:01:46.905,0.87075,0.87095,4.10,1.60
2009.10.22 18:01:47.305,0.87075,0.87095,4.00,1.60
2009.10.22 18:01:49.354,0.87075,0.87095,6.60,1.60
2009.10.22 18:01:51.524,0.87075,0.87095,9.80,1.60
2009.10.22 18:01:53.293,0.87075,0.87095,10.60,1.60
2009.10.22 18:01:53.403,0.87075,0.871,13.10,1.60
2009.10.22 18:01:53.514,0.87075,0.871,17.10,1.60
2009.10.22 18:01:53.983,0.87075,0.871,9.80,1.60
2009.10.22 18:01:54.273,0.87075,0.871,10.00,1.60
2009.10.22 18:01:54.573,0.8708,0.871,6.60,1.60
2009.10.22 18:01:54.863,0.8708,0.871,7.40,1.60
2009.10.22 18:01:56.793,0.8709,0.8711,3.10,1.60
2009.10.22 18:01:57.073,0.87095,0.87115,4.20,4.00
2009.10.22 18:01:57.602,0.87095,0.87125,17.10,2.00
2009.10.22 18:01:57.883,0.8711,0.8713,4.00,1.60
2009.10.22 18:01:58.672,0.87105,0.8713,8.60,1.60
2009.10.22 18:01:58.902,0.87105,0.8713,9.10,1.60
2009.10.22 18:01:59.832,0.8711,0.8713,1.00,1.60
2009.10.22 18:02:00.122,0.8711,0.87135,4.20,1.60
2009.10.22 18:02:00.352,0.8711,0.87135,7.40,1.60
2009.10.22 18:02:01.492,0.8711,0.87135,14.60,1.60
2009.10.22 18:02:01.841,0.8712,0.8714,4.00,1.60
2009.10.22 18:02:02.191,0.8712,0.87135,6.60,1.60
2009.10.22 18:02:02.811,0.8712,0.87135,2.60,1.60
2009.10.22 18:02:04.721,0.8712,0.87145,6.60,1.60
2009.10.22 18:02:05.640,0.8712,0.87145,7.50,1.60
2009.10.22 18:02:07.490,0.87125,0.87145,1.00,4.00
2009.10.22 18:02:07.710,0.87125,0.87135,1.00,1.60
2009.10.22 18:02:07.880,0.8712,0.87135,4.00,1.60
2009.10.22 18:02:08.270,0.87115,0.87135,4.20,1.60
2009.10.22 18:02:08.610,0.87115,0.87135,6.60,1.60
2009.10.22 18:02:09.350,0.87115,0.87135,4.00,1.60
2009.10.22 18:02:10.269,0.87105,0.87135,9.80,1.60
2009.10.22 18:02:10.379,0.87105,0.8714,9.80,8.40
2009.10.22 18:02:17.798,0.87105,0.87135,5.80,8.60
2009.10.22 18:02:17.898,0.87105,0.87135,5.00,8.60
2009.10.22 18:02:18.078,0.87105,0.8714,9.00,12.40
2009.10.22 18:02:18.128,0.87105,0.8714,6.60,8.40
2009.10.22 18:02:20.477,0.87115,0.87145,4.00,4.80
2009.10.22 18:02:20.777,0.87105,0.87125,7.40,1.60
2009.10.22 18:02:21.957,0.87105,0.87125,7.60,1.60
2009.10.22 18:02:22.646,0.87105,0.8713,11.20,1.60
2009.10.22 18:02:22.827,0.87105,0.8713,15.20,1.60
2009.10.22 18:02:24.106,0.87105,0.8713,15.30,1.60
2009.10.22 18:02:24.396,0.87115,0.8713,8.00,1.60
2009.10.22 18:02:24.696,0.8711,0.8713,4.10,1.60
2009.10.22 18:02:25.566,0.8711,0.87135,4.40,1.60
2009.10.22 18:02:26.076,0.8711,0.87135,1.00,1.60
2009.10.22 18:02:26.405,0.8711,0.8713,4.20,1.60
2009.10.22 18:02:26.755,0.8711,0.8713,1.00,1.60
2009.10.22 18:02:27.086,0.8711,0.87135,1.00,1.60
2009.10.22 18:02:27.765,0.8712,0.87135,1.00,1.60
2009.10.22 18:02:27.995,0.8712,0.87135,3.60,1.60
2009.10.22 18:02:28.225,0.87125,0.87135,4.00,1.60
2009.10.22 18:02:28.925,0.8712,0.87145,9.10,1.60
2009.10.22 18:02:29.325,0.8712,0.87145,4.00,4.00
2009.10.22 18:02:29.665,0.87115,0.87145,4.80,4.00
2009.10.22 18:02:30.335,0.87115,0.8713,4.00,3.20
2009.10.22 18:02:30.895,0.8711,0.87125,4.00,1.60
2009.10.22 18:02:31.235,0.8711,0.8713,4.00,1.60
2009.10.22 18:02:32.294,0.8711,0.8714,4.00,1.60
2009.10.22 18:02:33.564,0.87115,0.8714,6.40,1.60
2009.10.22 18:02:34.084,0.87115,0.8713,4.00,4.40
2009.10.22 18:02:34.764,0.87115,0.8714,4.00,2.40
2009.10.22 18:02:35.114,0.87115,0.87135,4.00,1.60
2009.10.22 18:02:41.922,0.87115,0.8715,6.40,6.40
2009.10.22 18:02:42.512,0.87125,0.87155,4.00,6.80
2009.10.22 18:02:42.811,0.8712,0.87155,4.00,6.80
2009.10.22 18:02:44.252,0.8712,0.87155,8.00,6.80
2009.10.22 18:02:44.601,0.8712,0.87155,4.00,10.50
2009.10.22 18:02:44.951,0.8712,0.87155,4.00,14.50
2009.10.22 18:02:45.311,0.8711,0.8714,7.40,2.40
2009.10.22 18:02:45.701,0.87115,0.87145,2.40,4.00
2009.10.22 18:02:46.031,0.8712,0.8715,8.00,6.40
2009.10.22 18:02:46.381,0.87125,0.8716,4.00,10.60
2009.10.22 18:02:47.061,0.87125,0.8716,4.00,10.20
2009.10.22 18:02:47.980,0.87125,0.8716,4.00,7.80
2009.10.22 18:02:48.270,0.87125,0.8716,6.40,4.00
2009.10.22 18:02:48.450,0.8713,0.87165,4.00,13.00
2009.10.22 18:02:48.620,0.87125,0.8716,10.40,6.40
2009.10.22 18:02:48.790,0.8712,0.87155,4.20,6.40
2009.10.22 18:02:48.910,0.87125,0.8716,4.00,11.80
2009.10.22 18:02:49.080,0.87125,0.8716,4.00,8.60
2009.10.22 18:02:49.430,0.8712,0.87155,4.20,6.40
2009.10.22 18:02:50.360,0.8712,0.87155,4.00,7.80
2009.10.22 18:02:50.920,0.8712,0.87155,4.00,13.30
2009.10.22 18:02:51.209,0.87115,0.8715,6.70,6.80
2009.10.22 18:02:51.839,0.87115,0.8715,6.70,8.40
2009.10.22 18:02:52.899,0.87115,0.8715,6.70,8.60
2009.10.22 18:02:58.688,0.87115,0.8715,6.70,8.50
2009.10.22 18:02:58.858,0.87115,0.8715,6.70,8.60
2009.10.22 18:02:59.747,0.87115,0.8715,6.70,8.40
2009.10.22 18:02:59.798,0.87115,0.8715,11.10,8.40
2009.10.22 18:02:59.857,0.8712,0.8715,3.20,6.00
2009.10.22 18:02:59.908,0.8712,0.8715,4.00,5.60
2009.10.22 18:02:59.958,0.8712,0.8715,4.00,4.00
2009.10.22 18:03:00.017,0.8712,0.87155,8.00,7.80
2009.10.22 18:03:00.077,0.87125,0.87155,4.00,3.80
2009.10.22 18:03:00.127,0.87125,0.87155,4.00,7.90
2009.10.22 18:03:00.187,0.87125,0.8715,4.00,1.70
2009.10.22 18:03:00.247,0.87115,0.87145,5.00,6.80
2009.10.22 18:03:00.298,0.87115,0.87145,4.20,6.80
2009.10.22 18:03:01.617,0.87115,0.87145,6.70,4.00
2009.10.22 18:03:01.977,0.87115,0.8715,6.70,7.00
2009.10.22 18:03:02.207,0.87115,0.8715,6.70,6.90
2009.10.22 18:03:02.437,0.87115,0.8715,6.70,7.00
2009.10.22 18:03:06.066,0.87115,0.8715,6.70,6.90
2009.10.22 18:03:06.236,0.87115,0.8715,6.70,7.00
2009.10.22 18:03:08.885,0.87115,0.87145,4.20,2.80
2009.10.22 18:03:09.005,0.87115,0.87145,4.20,4.40
2009.10.22 18:03:09.106,0.87115,0.87145,4.00,4.40
2009.10.22 18:03:09.326,0.87115,0.87145,4.00,8.40
2009.10.22 18:03:09.715,0.87115,0.87145,4.00,8.60
2009.10.22 18:03:10.425,0.87115,0.87145,4.00,9.40
2009.10.22 18:03:10.765,0.8711,0.8714,8.00,2.80
2009.10.22 18:03:11.125,0.8711,0.8714,4.00,2.80
2009.10.22 18:03:12.454,0.87115,0.87145,6.40,1.00
2009.10.22 18:03:12.634,0.87115,0.8715,6.40,7.00
2009.10.22 18:03:13.744,0.8712,0.8715,4.00,7.00
2009.10.22 18:03:13.974,0.8712,0.8715,4.00,6.90
2009.10.22 18:03:14.214,0.8712,0.8715,4.00,3.00
2009.10.22 18:03:14.974,0.87115,0.8715,7.20,7.00
2009.10.22 18:03:15.264,0.87115,0.8715,10.40,4.00
2009.10.22 18:03:15.554,0.8712,0.87155,8.20,2.40
2009.10.22 18:03:15.904,0.87125,0.87155,4.00,6.40
2009.10.22 18:03:16.573,0.87125,0.87155,4.00,2.40
2009.10.22 18:03:16.963,0.87125,0.87155,1.00,6.40
2009.10.22 18:03:17.193,0.87125,0.87155,3.20,4.00
2009.10.22 18:03:17.483,0.87125,0.8716,11.20,6.20
2009.10.22 18:03:22.792,0.8713,0.87165,7.20,10.70
2009.10.22 18:03:22.952,0.87135,0.87165,2.40,6.90
2009.10.22 18:03:23.422,0.87135,0.87165,2.80,4.00
2009.10.22 18:03:23.712,0.8714,0.8717,4.00,12.30
2009.10.22 18:03:24.061,0.8714,0.8717,6.40,8.10
2009.10.22 18:03:24.411,0.8714,0.87175,7.20,9.20
2009.10.22 18:03:24.801,0.8714,0.87175,7.20,6.80
2009.10.22 18:03:25.182,0.87155,0.8718,4.00,2.00
2009.10.22 18:03:25.401,0.8716,0.87185,4.00,2.40
2009.10.22 18:03:25.641,0.8716,0.87195,4.00,16.20
2009.10.22 18:03:25.821,0.8716,0.8719,4.00,2.40
2009.10.22 18:03:26.511,0.87155,0.8719,4.00,6.40
2009.10.22 18:03:27.241,0.87155,0.8719,5.00,6.40
2009.10.22 18:03:27.471,0.87155,0.8719,9.50,4.00
2009.10.22 18:03:27.871,0.8716,0.87195,4.00,9.00
2009.10.22 18:03:28.450,0.87165,0.87195,4.00,3.80
2009.10.22 18:03:28.801,0.8716,0.8719,4.00,2.40
2009.10.22 18:03:29.150,0.87155,0.8719,4.20,6.40
2009.10.22 18:03:29.430,0.87155,0.8719,4.00,6.40
2009.10.22 18:03:29.710,0.87155,0.8719,4.00,7.20
2009.10.22 18:03:30.270,0.87155,0.8719,4.00,7.20
2009.10.22 18:03:30.610,0.87155,0.87185,4.00,3.60
2009.10.22 18:03:30.950,0.8715,0.87185,10.40,6.40
2009.10.22 18:03:31.240,0.8715,0.87185,6.40,6.40
2009.10.22 18:03:32.330,0.87155,0.87185,4.00,6.40
2009.10.22 18:03:32.800,0.87155,0.87185,4.00,4.00
2009.10.22 18:03:33.669,0.87155,0.8719,4.00,11.40
2009.10.22 18:03:38.198,0.87155,0.8719,8.00,11.40
2009.10.22 18:03:39.238,0.87155,0.8719,4.00,11.40
2009.10.22 18:03:40.538,0.87155,0.8719,4.00,10.00
2009.10.22 18:03:40.758,0.87155,0.8719,4.00,7.60
2009.10.22 18:03:42.217,0.87155,0.87185,4.00,2.80
2009.10.22 18:03:42.727,0.87155,0.87185,4.00,3.80
2009.10.22 18:03:42.897,0.8715,0.87185,4.00,9.10
2009.10.22 18:03:43.577,0.8715,0.8718,4.00,2.80
2009.10.22 18:03:43.687,0.87145,0.8718,9.10,6.80
2009.10.22 18:03:43.857,0.87145,0.8718,9.90,6.80
2009.10.22 18:03:43.917,0.87145,0.8718,9.80,4.40
2009.10.22 18:03:44.027,0.8715,0.87185,6.40,5.30
2009.10.22 18:03:44.087,0.87155,0.87185,4.00,1.30
2009.10.22 18:03:44.497,0.87155,0.87185,4.00,2.10
2009.10.22 18:03:44.617,0.87155,0.87185,4.00,5.00
2009.10.22 18:03:44.957,0.87155,0.87185,4.00,1.30
2009.10.22 18:03:45.287,0.8715,0.87185,4.10,7.80
2009.10.22 18:03:45.637,0.8715,0.87185,10.60,1.30
2009.10.22 18:03:45.936,0.87155,0.8718,4.00,1.00
2009.10.22 18:03:46.286,0.87145,0.87175,4.00,6.80
2009.10.22 18:03:46.926,0.8714,0.87175,5.40,8.00
2009.10.22 18:03:47.166,0.8714,0.8717,4.20,2.80
2009.10.22 18:03:48.336,0.8714,0.8717,7.40,1.00
2009.10.22 18:03:48.516,0.87145,0.8718,6.40,4.80
2009.10.22 18:03:48.686,0.8715,0.8718,4.00,1.00
2009.10.22 18:03:48.746,0.8715,0.87185,4.00,13.80
2009.10.22 18:03:49.266,0.8715,0.87185,4.00,13.40
2009.10.22 18:03:49.725,0.8715,0.8718,4.00,4.00
2009.10.22 18:03:49.905,0.8714,0.87175,5.00,7.20
2009.10.22 18:03:50.145,0.8714,0.87175,7.10,6.80
2009.10.22 18:03:50.325,0.87145,0.87175,4.00,6.80
2009.10.22 18:03:51.665,0.8714,0.8717,4.60,2.40
2009.10.22 18:03:51.945,0.8714,0.8717,4.20,2.80
2009.10.22 18:03:52.465,0.8714,0.8717,4.00,2.80
2009.10.22 18:03:54.034,0.8714,0.8717,4.80,2.80
2009.10.22 18:03:54.204,0.8714,0.87175,8.00,4.00
2009.10.22 18:03:54.614,0.87145,0.8718,6.40,11.00
2009.10.22 18:03:55.134,0.87145,0.8718,6.40,10.20
2009.10.22 18:03:55.484,0.87145,0.8718,4.00,11.70
2009.10.22 18:03:55.834,0.87145,0.87175,4.00,6.80
2009.10.22 18:04:00.313,0.87145,0.87175,4.00,7.60
2009.10.22 18:04:00.483,0.8714,0.8717,4.00,2.80
2009.10.22 18:04:04.602,0.8714,0.8717,4.00,3.60
2009.10.22 18:04:04.722,0.87135,0.8717,10.60,7.60
2009.10.22 18:04:04.962,0.87135,0.87165,4.20,2.40
2009.10.22 18:04:05.362,0.87135,0.87165,4.20,3.20
2009.10.22 18:04:05.582,0.87135,0.87165,4.00,3.60
2009.10.22 18:04:05.811,0.8713,0.87165,6.00,7.60
2009.10.22 18:04:06.491,0.8713,0.87165,5.80,7.80
2009.10.22 18:04:09.960,0.8713,0.8716,4.20,1.60
2009.10.22 18:04:10.540,0.8713,0.8715,4.20,1.60
2009.10.22 18:04:10.720,0.8713,0.8715,4.00,1.60
2009.10.22 18:04:10.840,0.87125,0.8715,8.20,1.60
2009.10.22 18:04:11.020,0.87125,0.8715,4.20,1.60
2009.10.22 18:04:12.360,0.8713,0.8716,2.60,5.60
2009.10.22 18:04:12.710,0.8713,0.8716,10.60,1.60
2009.10.22 18:04:12.880,0.8713,0.8716,10.60,1.60
2009.10.22 18:04:16.379,0.8713,0.8715,10.60,1.60
2009.10.22 18:04:16.649,0.8713,0.87155,11.80,1.60
2009.10.22 18:04:16.889,0.87135,0.8716,14.10,1.60
2009.10.22 18:04:17.129,0.87145,0.8716,4.00,1.60
2009.10.22 18:04:17.419,0.8714,0.87165,6.60,1.60
2009.10.22 18:04:17.819,0.8714,0.8716,4.20,1.60
2009.10.22 18:04:19.688,0.87145,0.8716,4.00,1.60
2009.10.22 18:04:19.868,0.87145,0.87165,4.00,1.60
2009.10.22 18:04:39.923,0.87145,0.87165,4.00,1.60
2009.10.22 18:04:40.103,0.8714,0.87165,8.00,1.60
2009.10.22 18:04:40.283,0.8714,0.8717,4.00,4.00
2009.10.22 18:04:40.633,0.87145,0.8716,4.00,1.60
2009.10.22 18:04:41.313,0.8714,0.8716,4.00,1.60
2009.10.22 18:04:42.013,0.87145,0.87165,4.00,1.60
2009.10.22 18:04:42.363,0.87145,0.8717,4.00,4.00
2009.10.22 18:04:42.753,0.8714,0.8716,6.60,1.60
2009.10.22 18:04:43.092,0.8714,0.8716,6.60,1.60
2009.10.22 18:04:43.903,0.87145,0.87165,4.00,1.60
2009.10.22 18:04:44.183,0.87145,0.8716,4.00,1.60
2009.10.22 18:04:45.032,0.87145,0.87165,4.00,1.60
2009.10.22 18:04:45.362,0.87145,0.8716,4.00,1.60
2009.10.22 18:04:47.811,0.87145,0.87165,4.00,1.60
2009.10.22 18:04:49.181,0.87145,0.87175,4.00,4.00
2009.10.22 18:04:50.341,0.87145,0.87165,4.00,1.60
2009.10.22 18:04:50.461,0.8714,0.87165,13.50,1.60
2009.10.22 18:04:50.521,0.8714,0.87165,9.50,1.60
2009.10.22 18:04:50.751,0.8714,0.87165,6.80,1.60
2009.10.22 18:04:50.861,0.8714,0.8717,4.50,4.00
2009.10.22 18:04:50.921,0.8714,0.8717,4.10,4.00
2009.10.22 18:04:51.271,0.87135,0.8716,4.90,1.60
2009.10.22 18:04:51.610,0.87135,0.8716,4.10,1.60
2009.10.22 18:04:52.300,0.87135,0.8716,6.60,1.60
2009.10.22 18:04:52.590,0.87135,0.8716,4.10,1.60
2009.10.22 18:04:53.230,0.87135,0.8716,4.00,1.60
2009.10.22 18:04:53.410,0.87135,0.87165,4.00,4.40
2009.10.22 18:04:53.750,0.87135,0.87165,4.00,4.40
2009.10.22 18:04:54.390,0.87135,0.8715,4.00,1.60
2009.10.22 18:04:54.730,0.8714,0.8716,4.00,1.60
2009.10.22 18:04:55.740,0.87135,0.8715,4.00,1.60
2009.10.22 18:04:56.100,0.87135,0.8716,4.00,1.60
2009.10.22 18:04:56.450,0.87135,0.87165,4.00,4.40
2009.10.22 18:04:58.289,0.87135,0.8717,4.00,9.40
2009.10.22 18:04:58.469,0.8714,0.8716,4.00,1.60
2009.10.22 18:05:05.037,0.87135,0.8716,4.10,1.60
2009.10.22 18:05:06.257,0.87135,0.8716,4.00,1.60
2009.10.22 18:05:07.357,0.8713,0.8716,4.80,1.60
2009.10.22 18:05:09.496,0.8713,0.8716,4.00,1.60
2009.10.22 18:05:09.606,0.8713,0.8716,4.80,1.60
2009.10.22 18:05:11.156,0.8713,0.87155,4.80,1.60
2009.10.22 18:05:12.855,0.8713,0.87155,6.80,1.60
2009.10.22 18:05:13.205,0.8713,0.87155,4.00,1.60
2009.10.22 18:05:18.434,0.8713,0.8716,6.60,1.60
2009.10.22 18:05:18.644,0.8714,0.8716,4.00,1.60
2009.10.22 18:05:29.851,0.8714,0.8716,5.00,1.60
2009.10.22 18:05:30.151,0.8714,0.87165,7.40,1.60
2009.10.22 18:05:30.621,0.8714,0.87165,14.30,1.60
2009.10.22 18:05:32.990,0.8714,0.8717,15.20,1.60
2009.10.22 18:05:33.170,0.8714,0.8717,15.20,1.60
2009.10.22 18:05:33.280,0.87145,0.8717,15.50,1.60
2009.10.22 18:05:38.399,0.87145,0.8718,15.50,2.40
2009.10.22 18:05:41.648,0.87145,0.87175,9.00,2.40
2009.10.22 18:05:47.987,0.87155,0.8719,6.70,6.40
2009.10.22 18:05:48.577,0.87155,0.8719,8.30,6.40
2009.10.22 18:05:49.607,0.87155,0.8719,8.40,6.40
2009.10.22 18:05:50.836,0.87165,0.8719,1.60,7.20
2009.10.22 18:05:51.176,0.87165,0.8719,1.60,11.60
2009.10.22 18:05:51.536,0.87165,0.8719,1.60,7.60
2009.10.22 18:05:51.886,0.87165,0.8719,1.60,11.60
2009.10.22 18:05:52.586,0.87165,0.8718,1.60,2.40
2009.10.22 18:05:53.156,0.87165,0.87185,1.60,10.40
2009.10.22 18:05:53.266,0.87165,0.87185,1.60,6.40
2009.10.22 18:05:54.246,0.87155,0.8718,4.00,6.80
2009.10.22 18:05:54.705,0.87155,0.87175,1.60,1.00
2009.10.22 18:05:54.875,0.87155,0.87175,1.60,2.80
2009.10.22 18:05:55.215,0.87155,0.87175,1.60,7.20
2009.10.22 18:05:55.555,0.87155,0.87175,1.60,3.20
2009.10.22 18:05:58.035,0.8715,0.87175,1.60,6.40
2009.10.22 18:05:58.274,0.8715,0.8717,1.60,3.20
2009.10.22 18:05:58.325,0.8715,0.8717,1.60,2.40
2009.10.22 18:05:58.385,0.8714,0.8717,5.60,2.40
2009.10.22 18:05:58.624,0.8714,0.87175,5.60,10.30
2009.10.22 18:05:58.684,0.8714,0.87175,5.60,10.70
2009.10.22 18:05:58.735,0.8714,0.8717,5.60,2.40
2009.10.22 18:05:58.844,0.8714,0.8717,1.60,6.40
2009.10.22 18:05:58.904,0.8714,0.8717,1.60,4.00
2009.10.22 18:05:59.244,0.8714,0.8717,5.60,6.40
2009.10.22 18:05:59.634,0.8714,0.87165,1.60,4.00
2009.10.22 18:06:00.334,0.8714,0.8717,5.60,4.00
2009.10.22 18:06:00.514,0.8714,0.8717,1.60,4.00
2009.10.22 18:06:00.864,0.8714,0.8717,5.60,4.00
2009.10.22 18:06:03.533,0.8715,0.87175,1.60,6.20
2009.10.22 18:06:03.833,0.8715,0.87175,1.60,10.20
2009.10.22 18:06:05.773,0.8715,0.87175,1.60,15.00
2009.10.22 18:06:05.993,0.8714,0.87175,1.60,14.90
2009.10.22 18:06:06.172,0.8714,0.8717,5.60,4.00
2009.10.22 18:06:08.132,0.8714,0.87165,1.60,4.00
2009.10.22 18:06:08.352,0.8714,0.8717,5.60,10.40
2009.10.22 18:06:08.512,0.8714,0.8717,5.60,6.40
2009.10.22 18:06:08.742,0.8714,0.8717,1.60,11.80
2009.10.22 18:06:09.212,0.87145,0.8717,4.00,1.30
2009.10.22 18:06:09.442,0.87155,0.87175,1.60,10.10
2009.10.22 18:06:09.662,0.87155,0.87175,1.60,7.00
2009.10.22 18:06:10.002,0.87155,0.87175,1.60,11.00
2009.10.22 18:06:10.921,0.87155,0.87175,1.60,7.70
2009.10.22 18:06:11.271,0.87155,0.87175,1.60,4.00
2009.10.22 18:06:11.571,0.87155,0.8718,1.60,7.80
2009.10.22 18:06:13.481,0.87155,0.8718,1.60,7.70
2009.10.22 18:06:13.721,0.8715,0.8718,1.60,12.70
2009.10.22 18:06:14.001,0.8715,0.87175,1.60,4.00
2009.10.22 18:06:14.181,0.87155,0.87175,1.60,4.00
2009.10.22 18:06:14.351,0.8715,0.87175,1.60,2.40
2009.10.22 18:06:14.471,0.8715,0.87175,1.60,6.40
2009.10.22 18:06:14.811,0.8715,0.87175,1.60,2.40
2009.10.22 18:06:14.990,0.87155,0.87175,1.60,4.00
2009.10.22 18:06:15.340,0.87155,0.8718,1.60,8.60
2009.10.22 18:06:15.681,0.87155,0.8718,1.60,7.80
2009.10.22 18:06:16.030,0.87155,0.8718,1.60,8.60
2009.10.22 18:06:17.700,0.87155,0.87175,1.60,6.40
2009.10.22 18:06:18.000,0.87155,0.8718,1.60,8.60
2009.10.22 18:06:18.169,0.87155,0.8718,1.60,9.00
2009.10.22 18:06:18.330,0.87155,0.87175,1.60,2.40
2009.10.22 18:06:18.390,0.87155,0.87175,1.60,6.40
2009.10.22 18:06:18.630,0.87155,0.87175,1.60,4.00
2009.10.22 18:06:18.690,0.87155,0.8718,1.60,8.60
2009.10.22 18:06:18.799,0.8715,0.8718,1.60,8.50
2009.10.22 18:06:18.920,0.8715,0.8718,1.60,13.10
2009.10.22 18:06:18.980,0.87155,0.87175,1.60,4.00
2009.10.22 18:06:19.099,0.87155,0.8718,1.60,15.50
2009.10.22 18:06:19.429,0.8715,0.87175,1.60,6.40
2009.10.22 18:06:20.099,0.87145,0.8718,8.00,11.00
2009.10.22 18:06:21.609,0.87155,0.8718,1.60,10.20
2009.10.22 18:06:29.187,0.87155,0.87175,1.60,2.40
2009.10.22 18:06:29.247,0.87155,0.8718,1.60,11.00
2009.10.22 18:06:29.307,0.87155,0.8718,1.60,10.20
2009.10.22 18:06:33.526,0.8716,0.8718,1.60,10.20
2009.10.22 18:06:33.706,0.8716,0.8718,1.60,4.00
2009.10.22 18:06:33.886,0.87155,0.8718,1.60,6.40
2009.10.22 18:06:39.955,0.87155,0.8718,1.60,11.00
2009.10.22 18:06:40.254,0.87155,0.8718,1.60,12.10
2009.10.22 18:06:40.434,0.87155,0.8718,1.60,16.10
2009.10.22 18:06:41.064,0.8715,0.87175,1.60,10.20
2009.10.22 18:06:41.754,0.87145,0.8717,1.60,6.40
2009.10.22 18:06:47.642,0.87145,0.8717,1.60,10.40
2009.10.22 18:06:47.822,0.87145,0.8717,1.60,11.20
2009.10.22 18:06:49.312,0.87145,0.8717,1.60,6.40
2009.10.22 18:06:49.722,0.87145,0.8717,1.60,6.80
2009.10.22 18:06:50.692,0.87135,0.8716,4.00,2.40
2009.10.22 18:06:50.922,0.8713,0.8716,1.60,6.40
2009.10.22 18:06:52.111,0.8713,0.8716,1.60,7.60
2009.10.22 18:06:52.401,0.8713,0.87155,1.60,6.40
2009.10.22 18:06:52.681,0.8713,0.8716,1.60,6.40
2009.10.22 18:06:53.001,0.8714,0.87165,1.60,7.40
2009.10.22 18:06:54.261,0.8714,0.87165,1.60,7.20
2009.10.22 18:06:54.381,0.8714,0.87165,1.60,4.00
2009.10.22 18:06:54.491,0.8713,0.87165,9.20,4.00
2009.10.22 18:06:54.551,0.87135,0.8717,5.60,12.70
2009.10.22 18:06:55.711,0.87145,0.8717,1.60,12.60
2009.10.22 18:06:56.331,0.87145,0.8717,1.60,12.70
2009.10.22 18:06:57.030,0.87145,0.8717,1.60,12.60
2009.10.22 18:06:57.380,0.87145,0.8717,1.60,11.80
2009.10.22 18:06:57.900,0.87145,0.8717,1.60,11.90
2009.10.22 18:06:58.080,0.87145,0.8717,1.60,11.90
2009.10.22 18:06:58.300,0.87145,0.8717,1.60,11.80
2009.10.22 18:06:59.550,0.87145,0.8717,1.60,11.90
2009.10.22 18:07:00.129,0.87145,0.8717,8.00,3.70
2009.10.22 18:07:00.400,0.87145,0.87175,4.00,9.30
2009.10.22 18:07:00.689,0.8714,0.8717,5.60,2.40
2009.10.22 18:07:02.309,0.87145,0.87175,7.90,4.00
2009.10.22 18:07:02.599,0.8715,0.87175,4.00,4.00
2009.10.22 18:07:02.959,0.8715,0.8718,4.70,4.00
2009.10.22 18:07:03.289,0.87155,0.87185,4.00,4.50
2009.10.22 18:07:03.639,0.8716,0.8719,1.60,7.80
2009.10.22 18:07:03.859,0.87165,0.8719,1.60,7.80
2009.10.22 18:07:07.948,0.87165,0.87185,1.60,1.00
2009.10.22 18:07:08.128,0.8716,0.87185,1.60,2.80
2009.10.22 18:07:08.348,0.87155,0.87185,5.60,2.80
2009.10.22 18:07:08.528,0.87155,0.87185,4.00,4.00
2009.10.22 18:07:08.707,0.87155,0.8719,8.00,11.80
2009.10.22 18:07:08.928,0.87155,0.8719,8.00,7.80
2009.10.22 18:07:13.357,0.87165,0.8719,1.60,6.40
2009.10.22 18:07:13.696,0.87165,0.8719,1.60,4.00
2009.10.22 18:07:13.856,0.87165,0.8719,1.60,1.30
2009.10.22 18:07:14.956,0.87165,0.8719,1.60,7.80
2009.10.22 18:07:15.256,0.87155,0.87185,1.60,6.40
2009.10.22 18:07:22.434,0.87155,0.87185,1.60,7.60
2009.10.22 18:07:22.604,0.87155,0.8718,1.60,6.40
2009.10.22 18:07:23.174,0.87155,0.8718,1.60,7.20
2009.10.22 18:07:23.344,0.8715,0.87175,5.60,2.40
2009.10.22 18:07:23.684,0.87155,0.8718,1.60,10.20
2009.10.22 18:07:24.254,0.87155,0.8718,1.60,11.30
2009.10.22 18:07:24.604,0.87155,0.8718,1.60,10.20
2009.10.22 18:07:35.061,0.87155,0.8718,1.60,7.80
2009.10.22 18:07:35.171,0.87155,0.8718,1.60,6.40
2009.10.22 18:07:41.110,0.87155,0.8718,1.60,7.20
2009.10.22 18:07:41.400,0.87155,0.87175,1.60,2.40
2009.10.22 18:07:41.690,0.8715,0.87175,1.60,6.40
2009.10.22 18:08:03.154,0.87155,0.8718,1.60,14.20
2009.10.22 18:08:03.444,0.87145,0.8717,1.60,2.40
2009.10.22 18:08:03.554,0.8714,0.8717,5.60,2.40
2009.10.22 18:08:03.734,0.87145,0.8717,1.60,6.40
2009.10.22 18:08:04.075,0.8715,0.8717,1.60,4.00
2009.10.22 18:08:04.354,0.8715,0.87175,1.60,10.20
2009.10.22 18:08:04.944,0.8714,0.87175,8.40,10.20
2009.10.22 18:08:05.344,0.8714,0.87175,6.80,10.20
2009.10.22 18:08:06.963,0.8714,0.87175,11.60,4.00
2009.10.22 18:08:07.313,0.87145,0.8718,6.40,10.20
2009.10.22 18:08:07.703,0.87145,0.8718,6.40,14.20
2009.10.22 18:08:07.943,0.8715,0.87175,2.40,4.00
2009.10.22 18:08:08.173,0.8715,0.8718,2.40,4.00
2009.10.22 18:08:08.353,0.8715,0.8718,6.40,5.60
2009.10.22 18:08:08.573,0.8715,0.8718,2.40,5.60
2009.10.22 18:08:08.803,0.87145,0.8718,6.40,8.00
2009.10.22 18:08:09.083,0.8715,0.8718,6.40,4.00
2009.10.22 18:08:09.313,0.8715,0.8718,2.40,4.00
2009.10.22 18:08:11.472,0.87145,0.87175,2.40,4.00
2009.10.22 18:08:13.762,0.87145,0.87175,6.40,4.00
2009.10.22 18:08:17.081,0.87145,0.8718,6.40,6.40
2009.10.22 18:08:18.291,0.87145,0.8718,6.40,8.00
2009.10.22 18:08:18.581,0.8714,0.87175,7.20,6.40
2009.10.22 18:08:18.701,0.8714,0.87175,7.20,6.40
2009.10.22 18:08:18.761,0.8714,0.87175,7.20,6.40
2009.10.22 18:08:21.130,0.8714,0.87175,7.00,6.40
2009.10.22 18:08:22.580,0.8714,0.87175,6.90,6.40
2009.10.22 18:08:22.920,0.8714,0.87175,7.00,6.40
2009.10.22 18:08:26.529,0.8714,0.87175,6.90,6.40
2009.10.22 18:08:26.859,0.8714,0.87175,7.00,6.40
2009.10.22 18:08:30.178,0.8714,0.87175,11.10,6.40
2009.10.22 18:08:30.528,0.8714,0.87175,7.00,6.40
2009.10.22 18:08:31.098,0.87145,0.87175,1.00,6.40
2009.10.22 18:08:31.277,0.87145,0.87175,4.00,2.40
2009.10.22 18:08:31.498,0.87145,0.87175,4.00,2.40
2009.10.22 18:08:31.727,0.87145,0.87175,4.10,2.40
2009.10.22 18:08:32.067,0.87145,0.87175,1.00,6.40
2009.10.22 18:08:32.407,0.87145,0.87175,4.00,2.40
2009.10.22 18:08:33.467,0.8714,0.87175,7.00,6.40
2009.10.22 18:08:33.637,0.87145,0.87175,2.80,4.00
2009.10.22 18:08:33.807,0.87145,0.8718,6.80,4.00
2009.10.22 18:08:34.897,0.87145,0.8718,7.00,4.00
2009.10.22 18:08:35.297,0.8715,0.8718,4.00,4.00
2009.10.22 18:08:35.536,0.8715,0.8718,5.60,4.00
2009.10.22 18:08:36.617,0.87155,0.87185,1.60,10.10
2009.10.22 18:08:39.226,0.8715,0.8718,9.60,4.00
2009.10.22 18:08:39.446,0.87165,0.87185,1.60,4.00
2009.10.22 18:08:42.595,0.87165,0.8719,1.60,5.30
2009.10.22 18:08:43.655,0.87165,0.8718,1.60,3.20
2009.10.22 18:08:43.775,0.87165,0.8718,1.60,7.20
2009.10.22 18:08:43.894,0.87155,0.87175,1.60,4.00
2009.10.22 18:08:45.864,0.8715,0.87175,5.20,4.00
2009.10.22 18:08:46.274,0.8715,0.87185,9.20,5.30
2009.10.22 18:08:47.314,0.8716,0.87185,4.00,4.00
2009.10.22 18:08:47.723,0.8717,0.8719,1.60,8.50
2009.10.22 18:08:47.884,0.8717,0.8719,1.60,12.20
2009.10.22 18:08:48.064,0.8716,0.8719,1.60,11.40
2009.10.22 18:08:48.234,0.8716,0.8719,1.60,11.80
2009.10.22 18:08:48.594,0.8716,0.8719,1.60,12.20
2009.10.22 18:08:48.944,0.8716,0.8719,4.00,8.90
2009.10.22 18:08:49.503,0.8716,0.8719,4.00,7.70
2009.10.22 18:08:49.733,0.8716,0.8719,4.00,8.50
2009.10.22 18:08:49.963,0.87165,0.8719,1.60,8.70
2009.10.22 18:08:50.203,0.87165,0.8719,1.60,8.50
2009.10.22 18:08:51.703,0.8716,0.8719,1.60,15.70
2009.10.22 18:08:52.383,0.8715,0.8718,1.60,10.40
2009.10.22 18:08:52.722,0.8714,0.87175,8.20,4.00
2009.10.22 18:08:53.722,0.8715,0.87175,3.20,4.00
2009.10.22 18:08:53.902,0.87165,0.87175,1.60,4.00
2009.10.22 18:08:54.062,0.87165,0.8719,1.60,9.30
2009.10.22 18:08:55.702,0.8717,0.8719,1.60,8.50
2009.10.22 18:08:58.511,0.8717,0.8719,1.60,7.70
2009.10.22 18:08:59.141,0.8716,0.87185,1.60,2.40
2009.10.22 18:08:59.311,0.8716,0.8718,1.60,3.80
2009.10.22 18:08:59.661,0.87155,0.8718,4.00,6.20
2009.10.22 18:09:00.021,0.8715,0.8718,1.60,14.20
2009.10.22 18:09:01.350,0.8715,0.8718,4.80,11.70
2009.10.22 18:09:01.530,0.8716,0.87175,1.60,4.00
2009.10.22 18:09:01.870,0.87165,0.87185,1.60,13.40
2009.10.22 18:09:02.220,0.87165,0.87185,1.60,14.10
2009.10.22 18:09:02.560,0.87165,0.87185,1.60,8.00
2009.10.22 18:09:02.900,0.87165,0.87185,1.60,4.00
2009.10.22 18:09:04.220,0.87165,0.8719,1.60,5.30
2009.10.22 18:09:05.109,0.87165,0.8719,1.60,7.80
2009.10.22 18:09:05.389,0.87165,0.8719,1.60,5.30
2009.10.22 18:09:05.729,0.87165,0.87185,1.60,4.00
2009.10.22 18:09:07.239,0.8715,0.8718,1.60,8.00
2009.10.22 18:09:07.589,0.8715,0.8718,1.60,8.00
2009.10.22 18:09:09.149,0.8715,0.8718,1.60,4.00
2009.10.22 18:09:10.558,0.87155,0.8718,2.40,4.00
2009.10.22 18:09:10.668,0.87165,0.8718,1.60,4.00
2009.10.22 18:09:11.078,0.87165,0.8719,1.60,4.00
2009.10.22 18:09:11.988,0.8716,0.87175,6.40,1.60
2009.10.22 18:09:12.098,0.87165,0.87175,4.00,1.60
2009.10.22 18:09:12.448,0.8713,0.87165,1.00,11.00
2009.10.22 18:09:12.797,0.87105,0.87145,4.00,2.80
2009.10.22 18:09:13.128,0.87105,0.8714,4.00,3.60
2009.10.22 18:09:13.637,0.8709,0.8712,4.00,3.20
2009.10.22 18:09:13.868,0.87085,0.8711,4.00,3.70
2009.10.22 18:09:14.157,0.8708,0.87105,4.00,2.80
2009.10.22 18:09:14.328,0.8708,0.87105,4.00,4.10
2009.10.22 18:09:14.447,0.8708,0.871,4.00,3.60
2009.10.22 18:09:15.087,0.8708,0.871,6.80,1.00
2009.10.22 18:09:15.257,0.8708,0.8711,10.80,1.00
2009.10.22 18:09:15.597,0.87085,0.87105,4.00,3.60
2009.10.22 18:09:15.937,0.8708,0.871,8.00,3.60
2009.10.22 18:09:16.287,0.8708,0.871,4.00,3.60
2009.10.22 18:09:17.457,0.87075,0.87095,4.00,3.20
2009.10.22 18:09:18.036,0.87075,0.871,4.00,3.60
2009.10.22 18:09:18.396,0.8708,0.871,4.00,3.60
2009.10.22 18:09:18.576,0.8708,0.871,4.00,4.40
2009.10.22 18:09:19.026,0.8708,0.87095,4.00,1.00
2009.10.22 18:09:19.146,0.8708,0.87095,4.00,2.80
2009.10.22 18:09:19.786,0.87065,0.87095,4.00,2.80
2009.10.22 18:09:20.116,0.87065,0.87095,4.00,6.80
2009.10.22 18:09:20.466,0.87065,0.87095,4.10,2.80
2009.10.22 18:09:20.926,0.87065,0.87095,4.10,6.80
2009.10.22 18:09:21.146,0.87065,0.87095,4.00,2.80
2009.10.22 18:09:21.326,0.87065,0.87095,13.00,1.00
2009.10.22 18:09:21.486,0.87075,0.871,1.00,8.00
2009.10.22 18:09:21.835,0.8707,0.871,4.00,5.60
2009.10.22 18:09:22.175,0.8707,0.87105,4.00,12.20
2009.10.22 18:09:22.515,0.8707,0.87105,4.00,13.80
2009.10.22 18:09:23.475,0.87065,0.87085,4.50,1.60
2009.10.22 18:09:23.815,0.8707,0.8709,8.80,1.60
2009.10.22 18:09:23.925,0.87065,0.8709,7.20,1.60
2009.10.22 18:09:24.325,0.87065,0.8709,9.60,1.60
2009.10.22 18:09:24.505,0.8707,0.871,4.00,4.00
2009.10.22 18:09:24.905,0.87065,0.87095,4.00,8.80
2009.10.22 18:09:27.064,0.8707,0.8709,1.00,1.60
2009.10.22 18:09:27.394,0.8707,0.8709,4.40,1.60
2009.10.22 18:09:29.024,0.8707,0.8709,4.40,1.60
2009.10.22 18:09:29.124,0.8707,0.8709,4.50,1.60
2009.10.22 18:09:31.993,0.8707,0.8709,4.50,1.60
2009.10.22 18:09:32.393,0.8707,0.871,4.50,4.00
2009.10.22 18:09:33.443,0.8707,0.87085,7.00,1.60
2009.10.22 18:09:33.493,0.87075,0.87095,4.00,1.60
2009.10.22 18:09:34.892,0.87075,0.871,4.00,1.60
2009.10.22 18:09:35.232,0.87075,0.871,4.10,1.60
2009.10.22 18:09:36.252,0.87075,0.87105,7.00,1.60
2009.10.22 18:09:36.312,0.87075,0.87105,10.90,1.60
2009.10.22 18:09:36.372,0.8708,0.87105,4.00,1.60
2009.10.22 18:09:38.112,0.8709,0.87105,4.00,1.60
2009.10.22 18:09:38.691,0.87085,0.87105,4.00,4.00
2009.10.22 18:09:39.841,0.87085,0.87095,4.00,1.60
2009.10.22 18:09:40.311,0.87075,0.87095,4.00,1.60
2009.10.22 18:09:41.591,0.87075,0.87095,8.00,1.60
2009.10.22 18:09:42.521,0.8707,0.87095,6.80,1.60
2009.10.22 18:09:42.760,0.8707,0.87095,6.80,1.60
2009.10.22 18:09:43.040,0.8707,0.87095,11.20,1.60
2009.10.22 18:09:43.331,0.8707,0.87105,12.20,1.60
2009.10.22 18:09:46.280,0.87075,0.87105,10.80,1.60
2009.10.22 18:09:48.579,0.87075,0.87105,4.40,1.60
2009.10.22 18:09:49.279,0.87075,0.8711,4.00,5.60
2009.10.22 18:09:49.509,0.87075,0.87105,4.00,4.00
2009.10.22 18:09:49.679,0.8707,0.871,4.50,4.00
2009.10.22 18:09:49.779,0.8707,0.871,4.50,4.00
2009.10.22 18:09:50.069,0.8707,0.87095,7.00,1.60
2009.10.22 18:09:50.368,0.8707,0.87095,8.50,1.60
2009.10.22 18:09:50.668,0.8707,0.87095,7.00,1.60
2009.10.22 18:09:50.948,0.8707,0.87095,7.00,1.60
2009.10.22 18:09:55.417,0.87075,0.8709,4.00,1.60
2009.10.22 18:09:55.587,0.8707,0.87095,4.50,1.60
2009.10.22 18:09:56.007,0.87075,0.8709,4.00,1.60
2009.10.22 18:09:56.177,0.87075,0.87095,4.10,1.60
2009.10.22 18:09:56.357,0.8709,0.87105,4.00,1.60
2009.10.22 18:09:56.697,0.87075,0.87105,4.00,4.00
2009.10.22 18:09:57.057,0.87075,0.87095,4.00,1.60
2009.10.22 18:09:58.127,0.8707,0.87105,4.00,8.00
2009.10.22 18:10:00.716,0.87085,0.87105,2.40,5.60
2009.10.22 18:10:00.886,0.87085,0.87105,2.80,5.60
2009.10.22 18:10:01.046,0.87075,0.87105,4.00,4.00
2009.10.22 18:10:01.406,0.87075,0.87095,4.00,1.60
2009.10.22 18:10:02.546,0.87075,0.87105,4.20,1.60
2009.10.22 18:10:03.246,0.87075,0.87095,4.00,1.60
2009.10.22 18:10:03.535,0.8707,0.87095,7.20,1.60
2009.10.22 18:10:03.765,0.8707,0.87095,6.80,1.60
2009.10.22 18:10:04.055,0.8707,0.87105,6.80,5.60
2009.10.22 18:10:04.335,0.8707,0.87105,6.60,5.60
2009.10.22 18:10:06.715,0.8707,0.87095,6.60,1.60
2009.10.22 18:10:08.354,0.8707,0.87095,9.10,1.60
2009.10.22 18:10:08.704,0.8707,0.87095,9.50,1.60
2009.10.22 18:10:08.874,0.8707,0.87095,13.50,1.60
2009.10.22 18:10:08.994,0.8707,0.87095,13.50,1.60
2009.10.22 18:10:10.614,0.87075,0.87095,12.20,1.60
2009.10.22 18:10:10.834,0.8708,0.87105,10.80,1.60
2009.10.22 18:10:13.143,0.8708,0.87095,4.10,1.60
2009.10.22 18:10:13.533,0.87085,0.87105,4.00,1.60
2009.10.22 18:10:25.830,0.8708,0.87105,11.00,1.60
2009.10.22 18:10:26.000,0.8708,0.87105,7.00,1.60
2009.10.22 18:10:28.209,0.87085,0.87105,6.80,1.60
2009.10.22 18:10:29.119,0.87085,0.8711,6.90,1.60
2009.10.22 18:10:29.289,0.87085,0.8711,6.80,1.60
2009.10.22 18:10:29.589,0.87085,0.8711,7.00,1.60
2009.10.22 18:10:30.629,0.87085,0.8711,11.00,1.60
2009.10.22 18:10:30.689,0.87085,0.8711,11.00,1.60
2009.10.22 18:10:33.998,0.87085,0.8711,6.80,1.60
2009.10.22 18:10:35.188,0.87085,0.8712,8.40,7.20
2009.10.22 18:10:35.808,0.87085,0.8712,8.60,7.20
2009.10.22 18:10:37.627,0.87085,0.8712,6.80,9.20
2009.10.22 18:10:37.967,0.87085,0.8712,10.00,9.00
2009.10.22 18:10:38.257,0.87085,0.87115,9.50,2.40
2009.10.22 18:10:38.617,0.87085,0.87115,9.40,1.60
2009.10.22 18:10:38.967,0.8709,0.8712,2.80,5.60
2009.10.22 18:10:41.016,0.871,0.8712,4.00,1.60
2009.10.22 18:10:42.376,0.871,0.8712,4.00,4.80
2009.10.22 18:10:43.066,0.871,0.8712,4.00,2.40
2009.10.22 18:10:43.416,0.871,0.87115,4.00,1.60
2009.10.22 18:10:43.816,0.871,0.8712,4.00,1.60
2009.10.22 18:10:45.016,0.87095,0.8712,4.00,5.60
2009.10.22 18:10:45.135,0.8709,0.8712,2.80,5.60
2009.10.22 18:10:45.845,0.8709,0.8711,2.80,4.00
2009.10.22 18:10:46.765,0.8709,0.8712,2.80,5.60
2009.10.22 18:10:48.015,0.8709,0.8712,2.80,6.40
2009.10.22 18:10:48.375,0.87085,0.87115,12.00,1.60
2009.10.22 18:10:48.655,0.8709,0.87115,1.00,1.60
2009.10.22 18:10:48.994,0.87085,0.87115,7.00,1.60
2009.10.22 18:10:49.334,0.8709,0.87105,1.00,4.00
2009.10.22 18:10:49.444,0.87085,0.87105,3.00,4.00
2009.10.22 18:10:49.734,0.87085,0.87105,2.80,4.00
2009.10.22 18:10:50.124,0.87085,0.8711,2.80,5.60
2009.10.22 18:10:50.504,0.87085,0.87105,2.80,4.00
2009.10.22 18:10:50.794,0.87085,0.8711,2.80,5.60
2009.10.22 18:10:51.154,0.87085,0.8711,3.00,5.60
2009.10.22 18:10:52.534,0.87085,0.8711,2.80,5.60
2009.10.22 18:10:52.764,0.8708,0.8711,6.40,5.60
2009.10.22 18:10:52.994,0.8708,0.871,1.00,4.00
2009.10.22 18:10:53.173,0.8708,0.871,1.00,4.00
2009.10.22 18:10:53.353,0.8708,0.871,3.00,4.00
2009.10.22 18:10:53.753,0.8708,0.871,3.20,4.00
2009.10.22 18:10:54.103,0.8708,0.871,4.00,4.00
2009.10.22 18:10:54.453,0.8708,0.871,6.30,4.00
2009.10.22 18:10:55.773,0.8708,0.8711,10.30,5.60
2009.10.22 18:10:56.983,0.87085,0.8711,4.40,1.60
2009.10.22 18:10:57.333,0.8709,0.8711,2.40,1.60
2009.10.22 18:11:01.041,0.87085,0.87105,6.60,1.60
2009.10.22 18:11:01.401,0.87085,0.87105,2.60,1.60
2009.10.22 18:11:02.791,0.8708,0.87105,10.40,1.60
2009.10.22 18:11:03.131,0.87085,0.87115,3.30,5.60
2009.10.22 18:11:03.471,0.87085,0.87115,12.40,1.60
2009.10.22 18:11:03.811,0.8709,0.8712,2.80,5.60
2009.10.22 18:11:04.171,0.8709,0.8712,6.80,1.60
2009.10.22 18:11:04.861,0.8709,0.8712,6.80,2.40
2009.10.22 18:11:05.101,0.8709,0.8712,6.80,2.40
2009.10.22 18:11:07.750,0.8709,0.87115,4.00,5.60
2009.10.22 18:11:08.100,0.8709,0.87115,4.40,5.60
2009.10.22 18:11:08.440,0.8709,0.8711,4.40,1.60
2009.10.22 18:11:08.790,0.8709,0.87115,6.80,1.60
2009.10.22 18:11:09.659,0.8709,0.8711,6.80,1.00
2009.10.22 18:11:09.780,0.87085,0.8711,10.90,2.40
2009.10.22 18:11:10.080,0.87085,0.8711,6.90,2.40
2009.10.22 18:11:10.189,0.87085,0.8711,6.80,2.40
2009.10.22 18:11:10.309,0.87085,0.8711,4.50,2.40
2009.10.22 18:11:10.430,0.87085,0.8711,4.10,2.40
2009.10.22 18:11:10.820,0.87085,0.87115,4.00,2.40
2009.10.22 18:11:11.159,0.87085,0.87115,4.00,2.40
2009.10.22 18:11:11.499,0.87085,0.87115,6.80,1.60
2009.10.22 18:11:12.529,0.87085,0.87105,7.00,1.60
2009.10.22 18:11:12.939,0.8709,0.8711,4.00,1.60
2009.10.22 18:11:14.108,0.8709,0.8712,4.00,10.20
2009.10.22 18:11:15.038,0.8709,0.8711,4.00,1.60
2009.10.22 18:11:15.568,0.8709,0.8712,4.00,8.80
2009.10.22 18:11:19.707,0.8709,0.8712,6.40,6.40
2009.10.22 18:11:20.007,0.8709,0.8711,6.80,1.60
2009.10.22 18:11:23.736,0.87085,0.87115,4.00,4.80
2009.10.22 18:11:25.416,0.8708,0.87115,7.50,12.40
2009.10.22 18:11:25.646,0.87075,0.87095,7.50,1.60
2009.10.22 18:11:25.876,0.8707,0.87095,7.10,1.60
2009.10.22 18:11:26.105,0.87065,0.87095,4.40,1.60
2009.10.22 18:11:26.445,0.87065,0.87085,8.00,1.60
2009.10.22 18:11:26.795,0.87065,0.8708,8.00,1.60
2009.10.22 18:11:27.135,0.87065,0.8708,4.00,1.60
2009.10.22 18:11:32.334,0.87065,0.87095,4.00,5.60
2009.10.22 18:11:32.684,0.87065,0.87095,4.00,8.80
2009.10.22 18:11:33.034,0.87065,0.8709,6.80,1.60
2009.10.22 18:11:33.324,0.87065,0.8709,6.40,1.60
2009.10.22 18:11:33.684,0.87065,0.87095,10.80,1.60
2009.10.22 18:11:34.034,0.8707,0.87095,4.00,1.60
2009.10.22 18:11:36.163,0.8707,0.8709,4.00,1.60
2009.10.22 18:11:36.463,0.87065,0.8709,6.60,1.60
2009.10.22 18:11:39.703,0.87065,0.8709,9.60,1.60
2009.10.22 18:11:41.242,0.87065,0.8709,13.70,1.60
2009.10.22 18:11:41.652,0.8707,0.87105,4.10,7.60
2009.10.22 18:11:41.822,0.8707,0.87105,4.00,7.60
2009.10.22 18:11:41.992,0.8707,0.87105,6.80,3.60
2009.10.22 18:11:42.532,0.87075,0.87105,4.00,2.40
2009.10.22 18:11:43.291,0.87075,0.87105,4.00,2.40
2009.10.22 18:11:43.521,0.87075,0.87105,4.10,2.40
2009.10.22 18:11:45.471,0.87075,0.87105,4.10,4.00
2009.10.22 18:11:50.740,0.8709,0.87125,9.10,7.60
2009.10.22 18:11:51.449,0.8709,0.87125,9.20,7.60
2009.10.22 18:11:56.878,0.8709,0.87125,6.60,7.60
2009.10.22 18:12:02.337,0.8709,0.87125,6.80,7.60
2009.10.22 18:12:03.626,0.8709,0.87125,8.80,4.80
2009.10.22 18:12:03.746,0.8709,0.87125,6.60,7.60
2009.10.22 18:12:03.916,0.8709,0.87115,4.10,1.00
2009.10.22 18:12:04.036,0.8709,0.8712,4.00,3.20
2009.10.22 18:12:04.376,0.8709,0.8712,4.00,7.20
2009.10.22 18:12:06.806,0.8709,0.87125,4.00,14.20
2009.10.22 18:12:07.726,0.8709,0.87125,8.00,14.20
2009.10.22 18:12:08.025,0.87095,0.87125,4.00,10.20
2009.10.22 18:12:24.451,0.87095,0.87125,4.00,7.00
2009.10.22 18:12:31.080,0.87095,0.8712,4.00,3.20
2009.10.22 18:12:31.380,0.87095,0.8712,4.00,2.00
2009.10.22 18:12:31.720,0.87095,0.87125,4.00,11.50
2009.10.22 18:12:32.000,0.8709,0.87125,4.00,11.00
2009.10.22 18:12:33.019,0.8709,0.87125,6.80,4.00
2009.10.22 18:12:33.370,0.87095,0.8713,4.00,11.80
2009.10.22 18:12:39.628,0.87095,0.8713,4.00,11.00
2009.10.22 18:12:39.808,0.87095,0.8713,4.00,7.20
2009.10.22 18:12:40.268,0.87095,0.8713,4.20,7.20
2009.10.22 18:12:40.497,0.87095,0.8713,9.50,6.40
2009.10.22 18:12:40.798,0.871,0.8713,4.00,2.40
2009.10.22 18:12:41.187,0.871,0.8713,8.00,2.40
2009.10.22 18:12:43.357,0.871,0.8713,8.00,2.90
2009.10.22 18:12:43.697,0.871,0.8713,4.00,2.90
2009.10.22 18:12:44.257,0.871,0.8712,4.00,1.00
2009.10.22 18:12:44.487,0.87085,0.87115,6.90,2.40
2009.10.22 18:12:44.717,0.87085,0.87115,6.10,2.40
2009.10.22 18:12:45.066,0.87085,0.87115,5.70,2.80
2009.10.22 18:12:45.416,0.87085,0.87115,4.00,2.80
2009.10.22 18:12:46.406,0.8708,0.87115,4.00,6.80
2009.10.22 18:12:50.005,0.8708,0.87115,4.80,6.80
2009.10.22 18:12:50.406,0.87085,0.87115,6.50,2.80
2009.10.22 18:12:50.635,0.87085,0.8712,8.60,6.40
2009.10.22 18:12:50.805,0.8709,0.8712,8.00,2.80
2009.10.22 18:12:51.035,0.87085,0.87115,4.00,3.30
2009.10.22 18:12:51.445,0.87085,0.87115,4.00,2.80
2009.10.22 18:12:51.805,0.87095,0.8712,4.00,2.40
2009.10.22 18:12:52.795,0.8709,0.8712,4.00,2.40
2009.10.22 18:13:04.982,0.8709,0.87125,13.80,2.40
2009.10.22 18:13:05.851,0.87095,0.8713,6.70,6.40
2009.10.22 18:13:06.371,0.87095,0.8713,10.70,6.40
2009.10.22 18:13:06.951,0.87095,0.8713,12.00,6.40
2009.10.22 18:13:07.521,0.871,0.87135,4.20,6.40
2009.10.22 18:13:07.861,0.871,0.87135,6.60,6.40
2009.10.22 18:13:08.541,0.871,0.87135,6.60,6.80
2009.10.22 18:13:08.951,0.871,0.8713,6.60,6.40
2009.10.22 18:13:09.411,0.871,0.8713,10.60,6.40
2009.10.22 18:13:09.701,0.871,0.8713,13.10,4.00
2009.10.22 18:13:09.931,0.871,0.8713,7.40,4.00
2009.10.22 18:13:10.151,0.871,0.87135,7.40,6.40
2009.10.22 18:13:10.720,0.871,0.87135,9.00,6.40
2009.10.22 18:13:11.120,0.871,0.87135,7.40,6.40
2009.10.22 18:13:13.130,0.871,0.87135,6.60,7.20
2009.10.22 18:13:13.420,0.871,0.87135,4.30,7.20
2009.10.22 18:13:13.710,0.87105,0.87135,1.00,6.40
2009.10.22 18:13:14.059,0.871,0.87135,4.10,4.00
2009.10.22 18:13:14.399,0.87105,0.87135,4.00,4.00
2009.10.22 18:13:14.979,0.871,0.87135,4.00,4.00
2009.10.22 18:13:15.269,0.87105,0.8714,4.00,10.60
2009.10.22 18:13:15.549,0.87105,0.8714,4.00,14.60
2009.10.22 18:13:16.629,0.871,0.87135,4.00,4.00
2009.10.22 18:13:17.019,0.87105,0.87135,1.00,4.00
2009.10.22 18:13:17.369,0.87105,0.87135,5.60,4.00
2009.10.22 18:13:17.749,0.87105,0.8714,6.40,6.40
2009.10.22 18:13:19.108,0.87105,0.8714,5.60,6.40
2009.10.22 18:13:24.307,0.87105,0.8714,5.60,8.80
2009.10.22 18:13:24.477,0.87105,0.87135,5.60,2.80
2009.10.22 18:13:24.647,0.87105,0.87135,4.00,2.80
2009.10.22 18:13:24.817,0.87105,0.87135,5.60,2.80
2009.10.22 18:13:24.987,0.871,0.87135,9.60,6.80
2009.10.22 18:13:25.277,0.871,0.87135,8.00,6.80
2009.10.22 18:13:26.856,0.871,0.87135,9.60,6.80
2009.10.22 18:13:27.656,0.871,0.87135,5.00,6.80
2009.10.22 18:13:27.816,0.871,0.87135,5.00,10.90
2009.10.22 18:13:30.236,0.871,0.87135,4.20,10.90
2009.10.22 18:13:30.925,0.871,0.8713,5.00,6.40
2009.10.22 18:13:31.095,0.871,0.8713,4.20,6.40
2009.10.22 18:13:34.065,0.871,0.8713,4.00,6.40
2009.10.22 18:13:36.834,0.871,0.8713,4.80,6.40
2009.10.22 18:13:37.174,0.871,0.8713,4.20,6.40
2009.10.22 18:13:41.203,0.871,0.8713,4.00,6.40
2009.10.22 18:13:45.042,0.87095,0.8713,9.10,6.40
2009.10.22 18:13:45.212,0.87095,0.8713,13.10,6.40
2009.10.22 18:13:45.332,0.871,0.8713,4.00,6.40
2009.10.22 18:13:46.272,0.87095,0.87125,6.60,2.40
2009.10.22 18:13:48.231,0.87095,0.8713,13.10,7.20
2009.10.22 18:13:48.561,0.87095,0.8713,13.90,6.40
2009.10.22 18:13:49.831,0.87095,0.87125,10.60,2.40
2009.10.22 18:13:50.001,0.87095,0.87125,6.60,2.40
2009.10.22 18:13:51.391,0.87095,0.8713,9.10,6.80
2009.10.22 18:13:51.680,0.871,0.8713,4.00,6.40
2009.10.22 18:13:53.710,0.871,0.87135,6.40,6.40
2009.10.22 18:13:54.000,0.871,0.87135,8.80,4.00
2009.10.22 18:13:54.230,0.871,0.87135,9.20,4.00
2009.10.22 18:13:54.460,0.87105,0.8714,4.00,14.70
2009.10.22 18:13:54.640,0.87105,0.8714,4.00,10.70
2009.10.22 18:13:55.240,0.87105,0.8714,4.10,10.60
2009.10.22 18:13:55.590,0.87105,0.8714,5.60,8.30
2009.10.22 18:13:55.939,0.87105,0.8714,5.60,7.00
2009.10.22 18:13:59.798,0.87105,0.8714,5.70,6.80
2009.10.22 18:14:04.237,0.87105,0.8714,5.60,6.90
2009.10.22 18:14:04.348,0.87105,0.8714,5.70,6.80
2009.10.22 18:14:04.797,0.87105,0.8714,5.60,6.90
2009.10.22 18:14:04.917,0.87105,0.8714,5.60,7.00
2009.10.22 18:14:05.037,0.87105,0.8714,5.70,6.80
2009.10.22 18:14:05.377,0.87105,0.8714,5.60,6.80
2009.10.22 18:14:05.737,0.8711,0.8714,1.00,4.00
2009.10.22 18:14:06.077,0.8711,0.87145,7.40,6.80
2009.10.22 18:14:06.247,0.8711,0.87145,9.40,6.40
2009.10.22 18:14:06.697,0.8711,0.87145,12.00,6.40
2009.10.22 18:14:06.867,0.87115,0.87145,4.00,6.40
2009.10.22 18:14:08.086,0.87115,0.87145,4.20,6.40
2009.10.22 18:14:08.836,0.87115,0.87145,4.20,7.20
2009.10.22 18:14:09.186,0.87115,0.87145,6.40,4.00
2009.10.22 18:14:09.526,0.87115,0.87145,4.00,6.40
2009.10.22 18:14:09.697,0.8711,0.87145,9.10,6.40
2009.10.22 18:14:10.616,0.8711,0.87145,17.00,4.00
2009.10.22 18:14:11.286,0.8712,0.8715,4.00,4.00
2009.10.22 18:14:11.925,0.8712,0.87155,4.00,10.60
2009.10.22 18:14:12.275,0.8712,0.87155,4.00,12.10
2009.10.22 18:14:12.635,0.87115,0.87145,4.00,2.40
2009.10.22 18:14:12.925,0.8711,0.87145,10.00,6.80
2009.10.22 18:14:13.215,0.8711,0.87145,7.40,6.80
2009.10.22 18:14:16.884,0.8711,0.87145,13.60,4.00
2009.10.22 18:14:17.124,0.87115,0.8715,6.40,10.70
2009.10.22 18:14:17.754,0.87115,0.87145,6.40,4.00
2009.10.22 18:14:18.334,0.87115,0.87145,4.00,2.40
2009.10.22 18:14:18.674,0.8711,0.87145,6.40,6.40
2009.10.22 18:14:19.064,0.8711,0.87145,4.00,6.40
2009.10.22 18:14:19.754,0.8711,0.87145,6.40,6.40
2009.10.22 18:14:21.934,0.8711,0.87145,4.00,6.40
2009.10.22 18:14:23.093,0.8711,0.87145,7.60,6.40
2009.10.22 18:14:23.373,0.87115,0.87145,4.00,2.40
2009.10.22 18:14:26.122,0.8711,0.87145,9.40,6.40
2009.10.22 18:14:26.352,0.8711,0.87145,9.00,7.20
2009.10.22 18:14:26.702,0.8711,0.87145,4.80,7.30
2009.10.22 18:14:27.052,0.8711,0.8714,4.80,2.40
2009.10.22 18:14:27.392,0.8711,0.8714,4.00,2.40
2009.10.22 18:14:27.742,0.8711,0.87135,1.00,4.00
2009.10.22 18:14:28.082,0.8711,0.8714,4.80,2.40
2009.10.22 18:14:29.301,0.8711,0.8714,1.00,6.40
2009.10.22 18:14:29.691,0.8711,0.8714,6.30,4.00
2009.10.22 18:14:30.101,0.8711,0.8714,10.30,4.00
2009.10.22 18:14:30.161,0.8711,0.87145,11.90,6.60
2009.10.22 18:14:30.811,0.8711,0.87145,11.90,6.40
2009.10.22 18:14:31.151,0.8712,0.87145,2.70,4.00
2009.10.22 18:14:31.551,0.87125,0.87145,3.40,4.00
2009.10.22 18:14:31.901,0.8713,0.87165,6.40,4.40
2009.10.22 18:14:32.251,0.8713,0.87165,9.90,4.00
2009.10.22 18:14:34.920,0.87135,0.87165,4.00,4.00
2009.10.22 18:14:37.279,0.8713,0.87165,6.60,10.40
2009.10.22 18:14:38.349,0.8713,0.87165,6.60,6.40
2009.10.22 18:14:38.699,0.87135,0.8717,4.00,6.40
2009.10.22 18:14:40.708,0.87135,0.87165,4.00,2.40
2009.10.22 18:14:40.939,0.8713,0.87165,6.60,6.40
2009.10.22 18:14:43.168,0.8713,0.87165,14.00,2.40
2009.10.22 18:14:43.348,0.87135,0.8717,6.40,4.00
2009.10.22 18:14:43.698,0.87135,0.8717,8.00,2.40
2009.10.22 18:14:44.088,0.87135,0.8717,4.00,2.90
2009.10.22 18:14:48.297,0.8713,0.87165,4.20,6.40
2009.10.22 18:14:53.006,0.8713,0.87165,6.70,4.00
2009.10.22 18:14:53.185,0.8713,0.87165,8.20,6.40
2009.10.22 18:14:53.416,0.87135,0.87165,4.00,2.40
2009.10.22 18:14:54.105,0.8713,0.87165,4.20,6.40
2009.10.22 18:14:54.395,0.8713,0.8716,4.20,2.40
2009.10.22 18:14:54.775,0.87125,0.8716,11.50,4.00
2009.10.22 18:14:55.065,0.87125,0.8716,9.00,6.40
2009.10.22 18:14:56.045,0.87125,0.8716,9.00,11.20
2009.10.22 18:14:56.155,0.87125,0.87155,5.00,6.80
2009.10.22 18:14:56.275,0.87125,0.87155,2.60,6.80
2009.10.22 18:14:56.385,0.87125,0.87155,1.00,6.80
2009.10.22 18:14:57.545,0.8712,0.87155,4.40,6.80
2009.10.22 18:14:58.054,0.8712,0.87155,4.40,7.30
2009.10.22 18:14:58.404,0.8712,0.87155,4.20,12.00
2009.10.22 18:14:58.745,0.8712,0.87145,4.00,2.80
2009.10.22 18:14:59.034,0.87115,0.87145,6.80,2.80
2009.10.22 18:14:59.324,0.87115,0.87145,4.10,2.80
2009.10.22 18:15:00.464,0.87115,0.87145,4.00,2.90
2009.10.22 18:15:00.914,0.87115,0.87135,4.00,2.40
2009.10.22 18:15:01.264,0.87105,0.87135,10.80,2.40
2009.10.22 18:15:01.374,0.87105,0.87135,8.40,2.40
2009.10.22 18:15:01.824,0.87105,0.87135,6.80,2.40
2009.10.22 18:15:02.173,0.87105,0.8714,11.80,2.40
2009.10.22 18:15:04.243,0.8711,0.8714,5.60,2.40
2009.10.22 18:15:04.923,0.8711,0.8714,6.40,2.40
2009.10.22 18:15:05.043,0.8711,0.8714,9.00,2.40
2009.10.22 18:15:05.163,0.87115,0.87145,1.00,6.40
2009.10.22 18:15:05.283,0.87115,0.8715,7.20,7.20
2009.10.22 18:15:05.403,0.87115,0.8715,7.60,4.00
2009.10.22 18:15:05.623,0.87115,0.8715,14.30,4.00
2009.10.22 18:15:05.922,0.8712,0.87155,4.00,6.80
2009.10.22 18:15:06.303,0.8713,0.8716,1.00,6.40
2009.10.22 18:15:06.652,0.8713,0.8716,1.00,6.40
2009.10.22 18:15:07.042,0.87145,0.8716,2.40,4.00
2009.10.22 18:15:07.382,0.8715,0.8717,4.00,1.00
2009.10.22 18:15:07.733,0.8715,0.87175,4.00,1.60
2009.10.22 18:15:08.072,0.8715,0.8718,4.00,6.40
2009.10.22 18:15:11.421,0.8715,0.8718,4.00,7.20
2009.10.22 18:15:11.651,0.8715,0.87175,4.00,3.20
2009.10.22 18:15:11.831,0.8714,0.87175,4.20,7.20
2009.10.22 18:15:14.711,0.8714,0.87175,4.20,8.80
2009.10.22 18:15:14.821,0.8714,0.87175,4.20,9.60
2009.10.22 18:15:15.060,0.8714,0.87175,4.20,9.60
2009.10.22 18:15:15.180,0.8714,0.8717,4.00,2.40
2009.10.22 18:15:17.760,0.87135,0.8717,9.10,6.40
2009.10.22 18:15:24.028,0.8714,0.87175,4.00,15.00
2009.10.22 18:15:24.148,0.8714,0.87175,4.00,11.00
2009.10.22 18:15:24.258,0.8714,0.87175,4.00,7.20
2009.10.22 18:15:32.196,0.8714,0.87175,4.00,11.40
2009.10.22 18:15:33.336,0.8714,0.87175,4.00,7.40
2009.10.22 18:15:33.976,0.8714,0.87175,4.00,8.70
2009.10.22 18:15:35.665,0.8714,0.87175,4.80,8.70
2009.10.22 18:15:35.955,0.87145,0.87175,4.00,1.30
2009.10.22 18:15:36.185,0.87145,0.87175,4.00,5.30
2009.10.22 18:15:36.415,0.87145,0.87175,4.00,1.30
2009.10.22 18:15:38.145,0.87145,0.8718,4.00,12.70
2009.10.22 18:15:39.194,0.87145,0.8718,4.00,12.60
2009.10.22 18:15:39.365,0.87145,0.8718,4.00,12.70
2009.10.22 18:15:40.344,0.87145,0.8718,4.00,11.90
2009.10.22 18:15:40.804,0.87145,0.8718,4.00,11.80
2009.10.22 18:15:41.154,0.87145,0.8718,4.00,11.90
2009.10.22 18:15:41.374,0.87145,0.8718,4.00,12.70
2009.10.22 18:15:41.724,0.8714,0.87175,8.00,4.00
2009.10.22 18:15:41.964,0.87145,0.8718,4.00,12.70
2009.10.22 18:15:42.394,0.87145,0.87175,4.00,1.00
2009.10.22 18:15:42.564,0.8714,0.87175,11.20,4.40
2009.10.22 18:15:42.914,0.8714,0.87175,7.20,4.40
2009.10.22 18:15:43.264,0.87145,0.87175,4.00,1.00
2009.10.22 18:15:43.593,0.87145,0.8718,4.00,12.70
2009.10.22 18:15:44.293,0.8714,0.87175,8.00,4.00
2009.10.22 18:15:44.643,0.8714,0.87175,12.00,4.00
2009.10.22 18:15:44.883,0.87145,0.8718,4.00,12.70
2009.10.22 18:15:45.623,0.87145,0.8718,4.00,16.70
2009.10.22 18:15:45.853,0.87145,0.8718,4.00,12.70
2009.10.22 18:15:47.083,0.8714,0.87175,8.00,4.00
2009.10.22 18:15:47.733,0.87145,0.8718,4.00,12.70
2009.10.22 18:15:52.791,0.87145,0.8718,4.00,16.70
2009.10.22 18:15:53.031,0.87145,0.87175,4.80,4.00
2009.10.22 18:15:53.311,0.87145,0.8718,4.80,11.10
2009.10.22 18:15:53.651,0.87145,0.8718,4.00,11.90
2009.10.22 18:15:54.001,0.87145,0.8718,4.00,17.50
2009.10.22 18:15:54.381,0.87145,0.8718,4.00,18.30
2009.10.22 18:15:54.791,0.8714,0.87175,9.90,6.40
2009.10.22 18:15:55.001,0.87145,0.87175,2.80,4.00
2009.10.22 18:15:55.171,0.87145,0.8717,2.80,4.00
2009.10.22 18:15:55.391,0.87145,0.8718,6.80,9.00
2009.10.22 18:15:57.071,0.87155,0.8718,1.00,9.00
2009.10.22 18:15:57.410,0.87155,0.8718,4.00,4.00
2009.10.22 18:15:57.750,0.87155,0.8718,8.00,4.00
2009.10.22 18:15:58.270,0.8716,0.8719,4.00,5.50
2009.10.22 18:15:58.600,0.8716,0.87195,4.00,14.30
2009.10.22 18:15:59.300,0.8716,0.87195,4.00,19.90
2009.10.22 18:15:59.650,0.8716,0.8719,4.00,4.50
2009.10.22 18:16:00.440,0.8716,0.8719,4.00,7.10
2009.10.22 18:16:00.610,0.8716,0.8719,4.00,6.90
2009.10.22 18:16:00.899,0.8716,0.8719,4.00,3.70
2009.10.22 18:16:01.249,0.8716,0.8719,4.00,1.30
2009.10.22 18:16:03.259,0.8716,0.8719,4.00,5.30
2009.10.22 18:16:03.609,0.8716,0.8719,4.00,8.70
2009.10.22 18:16:03.968,0.87155,0.87185,5.20,1.00
2009.10.22 18:16:04.428,0.87155,0.8719,4.00,9.90
2009.10.22 18:16:04.769,0.87155,0.8719,4.00,5.90
2009.10.22 18:16:05.058,0.8716,0.8719,4.00,5.90
2009.10.22 18:16:05.398,0.8716,0.8719,4.00,5.90
2009.10.22 18:16:06.528,0.8716,0.8719,4.00,6.10
2009.10.22 18:16:06.858,0.8716,0.8719,4.00,5.90
2009.10.22 18:16:08.887,0.8716,0.87185,4.00,1.00
2009.10.22 18:16:09.227,0.8716,0.87185,4.00,1.90
2009.10.22 18:16:09.857,0.8716,0.87185,4.00,1.70
2009.10.22 18:16:10.387,0.8716,0.87185,4.00,1.90
2009.10.22 18:16:10.667,0.8716,0.87185,4.00,1.70
2009.10.22 18:16:10.957,0.8716,0.87185,4.00,4.20
2009.10.22 18:16:11.257,0.87155,0.8718,8.00,4.30
2009.10.22 18:16:11.597,0.87155,0.8718,4.00,4.30
2009.10.22 18:16:11.947,0.8715,0.8718,4.00,4.30
2009.10.22 18:16:14.056,0.87145,0.8718,4.00,5.50
2009.10.22 18:16:14.756,0.87145,0.8718,4.00,8.70
2009.10.22 18:16:15.106,0.87145,0.87175,4.00,4.30
2009.10.22 18:16:15.226,0.87145,0.87175,4.00,3.80
2009.10.22 18:16:15.336,0.87145,0.87175,6.40,1.30
2009.10.22 18:16:15.446,0.87145,0.8718,6.40,8.30
2009.10.22 18:16:15.566,0.8715,0.8718,4.00,8.30
2009.10.22 18:16:16.026,0.8715,0.8718,4.00,9.10
2009.10.22 18:16:16.366,0.8715,0.8718,4.00,9.50
2009.10.22 18:16:16.776,0.87145,0.87175,4.00,2.80
2009.10.22 18:16:17.066,0.8714,0.87165,6.80,1.00
2009.10.22 18:16:17.356,0.8714,0.87175,6.80,7.00
2009.10.22 18:16:19.205,0.8714,0.8717,6.80,1.00
2009.10.22 18:16:19.435,0.8714,0.87175,6.80,7.00
2009.10.22 18:16:21.725,0.8714,0.87175,6.80,6.80
2009.10.22 18:16:21.904,0.8714,0.87175,6.80,6.90
2009.10.22 18:16:22.014,0.8714,0.87175,6.80,7.00
2009.10.22 18:16:23.214,0.8714,0.87175,6.80,6.80
2009.10.22 18:16:23.564,0.8714,0.8717,4.00,2.40
2009.10.22 18:16:25.114,0.87145,0.8717,4.00,2.40
2009.10.22 18:16:25.284,0.8714,0.8717,4.00,2.90
2009.10.22 18:16:30.353,0.87135,0.8717,4.00,10.70
2009.10.22 18:16:31.052,0.87135,0.8717,4.00,10.90
2009.10.22 18:16:32.332,0.87135,0.87165,4.00,2.40
2009.10.22 18:16:36.151,0.87135,0.87165,5.60,2.40
2009.10.22 18:16:37.141,0.87135,0.87165,4.00,2.40
2009.10.22 18:16:49.168,0.87135,0.87165,4.00,6.10
2009.10.22 18:16:49.398,0.8713,0.87165,4.00,15.30
2009.10.22 18:16:51.217,0.8713,0.87165,4.00,18.10
2009.10.22 18:16:52.587,0.8713,0.87165,6.00,13.10
2009.10.22 18:16:52.867,0.8713,0.87165,6.00,13.30
2009.10.22 18:16:53.157,0.8713,0.87165,6.00,13.10
2009.10.22 18:16:53.507,0.8713,0.87165,1.60,14.10
2009.10.22 18:16:53.867,0.87125,0.8716,6.40,6.60
2009.10.22 18:16:54.146,0.87125,0.8716,10.40,6.40
2009.10.22 18:17:01.655,0.8713,0.8716,4.00,2.40
2009.10.22 18:17:02.975,0.87135,0.8716,1.20,2.40
2009.10.22 18:17:03.324,0.87135,0.8717,7.60,7.80
2009.10.22 18:17:03.605,0.8714,0.8717,4.00,3.80
2009.10.22 18:17:04.694,0.8714,0.8717,4.00,3.70
2009.10.22 18:17:05.044,0.87135,0.87165,4.00,2.40
2009.10.22 18:17:05.394,0.8714,0.8717,4.00,3.80
2009.10.22 18:17:15.411,0.8714,0.87165,4.00,2.40
2009.10.22 18:17:15.581,0.87135,0.87165,4.00,2.40
2009.10.22 18:17:19.360,0.87135,0.87165,4.80,2.40
2009.10.22 18:17:19.540,0.87135,0.87165,4.00,2.40
2009.10.22 18:17:32.327,0.87135,0.87165,4.00,4.00
2009.10.22 18:17:42.595,0.87135,0.87165,4.00,8.00
2009.10.22 18:17:42.945,0.87135,0.87165,4.00,4.00
2009.10.22 18:17:43.815,0.87135,0.87165,4.80,4.00
2009.10.22 18:17:44.044,0.87135,0.87165,4.80,2.40
2009.10.22 18:17:44.285,0.87135,0.8717,7.40,8.20
2009.10.22 18:17:44.634,0.8714,0.8717,4.00,3.80
2009.10.22 18:17:47.264,0.8714,0.8717,4.00,7.80
2009.10.22 18:17:47.834,0.8714,0.8717,4.00,3.80
2009.10.22 18:17:48.174,0.8714,0.8717,4.00,7.80
2009.10.22 18:17:52.423,0.87135,0.8717,9.40,7.80
2009.10.22 18:17:53.652,0.8714,0.8717,4.00,6.40
2009.10.22 18:17:53.882,0.8714,0.8717,7.20,4.00
2009.10.22 18:17:54.062,0.8714,0.87175,9.20,7.80
2009.10.22 18:17:54.762,0.8714,0.87175,9.40,7.80
2009.10.22 18:17:56.112,0.8714,0.87175,11.30,1.30
2009.10.22 18:17:56.452,0.87145,0.8718,7.60,11.80
2009.10.22 18:17:56.742,0.87145,0.8718,7.60,12.60
2009.10.22 18:17:57.082,0.87145,0.8718,4.40,12.50
2009.10.22 18:17:57.361,0.8714,0.87175,7.80,6.40
2009.10.22 18:17:57.702,0.87145,0.87175,3.60,4.00
2009.10.22 18:17:57.981,0.87145,0.87175,1.00,6.40
2009.10.22 18:17:58.211,0.8714,0.87175,7.60,6.40
2009.10.22 18:17:59.361,0.8714,0.87175,7.60,6.60
2009.10.22 18:17:59.871,0.8714,0.8717,4.00,2.40
2009.10.22 18:18:00.111,0.8714,0.8717,7.60,2.40
2009.10.22 18:18:00.331,0.8714,0.8717,11.60,2.40
2009.10.22 18:18:00.511,0.8714,0.8717,10.80,2.40
2009.10.22 18:18:04.660,0.8714,0.8717,4.40,2.40
2009.10.22 18:18:04.840,0.8714,0.87165,4.00,2.40
2009.10.22 18:18:05.249,0.87135,0.87165,4.10,2.40
2009.10.22 18:18:05.640,0.87135,0.87165,4.90,2.40
2009.10.22 18:18:05.969,0.87135,0.8717,11.40,6.40
2009.10.22 18:18:06.299,0.8714,0.8717,4.00,2.40
2009.10.22 18:18:06.649,0.8714,0.8717,4.00,2.90
2009.10.22 18:18:07.049,0.87135,0.8717,4.00,6.80
2009.10.22 18:18:07.499,0.87135,0.87165,4.80,2.40
2009.10.22 18:18:07.839,0.87135,0.8717,13.20,2.40
2009.10.22 18:18:09.448,0.87135,0.8717,4.00,6.80
2009.10.22 18:18:11.848,0.87135,0.87155,4.00,3.20
2009.10.22 18:18:12.088,0.87125,0.87155,9.00,2.40
2009.10.22 18:18:12.428,0.87125,0.8715,4.00,2.40
2009.10.22 18:18:23.545,0.8711,0.87145,7.80,6.80
2009.10.22 18:18:23.725,0.8711,0.8714,6.60,2.40
2009.10.22 18:18:27.114,0.8711,0.87145,9.10,6.80
2009.10.22 18:18:27.284,0.8711,0.87145,11.90,6.40
2009.10.22 18:18:27.394,0.8711,0.87145,15.50,6.40
2009.10.22 18:18:27.744,0.87115,0.8715,11.60,3.40
2009.10.22 18:18:28.094,0.87115,0.8715,11.60,7.40
2009.10.22 18:18:28.454,0.87115,0.8715,11.60,3.40
2009.10.22 18:18:29.494,0.87115,0.8715,11.80,3.20
2009.10.22 18:18:29.674,0.8712,0.87145,4.00,2.40
2009.10.22 18:18:30.114,0.87115,0.87145,4.00,2.40
2009.10.22 18:18:30.343,0.87115,0.87145,4.00,3.20
2009.10.22 18:18:30.523,0.87105,0.8714,8.20,6.80
2009.10.22 18:18:30.873,0.87095,0.8713,18.30,6.80
2009.10.22 18:18:31.203,0.871,0.87125,6.40,1.00
2009.10.22 18:18:31.553,0.87105,0.8713,4.00,2.40
2009.10.22 18:18:31.973,0.87105,0.87125,4.00,2.40
2009.10.22 18:18:32.333,0.871,0.87125,4.00,2.40
2009.10.22 18:18:34.592,0.87105,0.8713,4.00,2.40
2009.10.22 18:18:36.302,0.87105,0.87135,4.00,6.60
2009.10.22 18:18:36.472,0.87105,0.87135,4.00,6.20
2009.10.22 18:18:37.292,0.87105,0.87135,8.00,6.20
2009.10.22 18:18:37.512,0.8711,0.87135,7.60,2.40
2009.10.22 18:18:37.742,0.8711,0.8714,4.40,2.40
2009.10.22 18:18:37.972,0.8711,0.8714,4.00,2.40
2009.10.22 18:18:38.372,0.8711,0.8714,4.00,6.20
2009.10.22 18:18:38.701,0.87105,0.8714,4.40,12.50
2009.10.22 18:18:39.061,0.87105,0.8714,4.50,12.50
2009.10.22 18:18:39.401,0.8711,0.8714,4.00,7.00
2009.10.22 18:18:39.581,0.8711,0.8714,4.00,4.80
2009.10.22 18:18:40.101,0.8711,0.8714,4.00,8.80
2009.10.22 18:18:40.341,0.87105,0.8713,2.80,4.00
2009.10.22 18:18:40.701,0.871,0.8713,1.00,13.60
2009.10.22 18:18:41.061,0.871,0.8713,1.00,17.40
2009.10.22 18:18:41.411,0.871,0.8713,1.00,11.80
2009.10.22 18:18:41.591,0.871,0.8713,1.00,11.00
2009.10.22 18:18:42.390,0.87095,0.87125,5.20,2.40
2009.10.22 18:18:42.551,0.8709,0.87125,7.80,6.40
2009.10.22 18:18:42.901,0.8709,0.87125,7.00,7.80
2009.10.22 18:18:44.140,0.8709,0.87125,11.00,7.80
2009.10.22 18:18:44.380,0.87095,0.87125,4.00,3.80
2009.10.22 18:18:51.528,0.87095,0.8712,4.00,2.40
2009.10.22 18:18:52.288,0.87095,0.87125,4.00,10.90
2009.10.22 18:18:52.458,0.87085,0.8711,4.00,2.40
2009.10.22 18:18:54.828,0.87085,0.8711,4.00,3.20
2009.10.22 18:18:55.048,0.8708,0.87115,4.80,10.90
2009.10.22 18:18:55.507,0.8708,0.87115,4.00,11.70
2009.10.22 18:18:57.317,0.87075,0.8711,3.40,6.40
2009.10.22 18:18:57.827,0.8708,0.87115,7.60,10.20
2009.10.22 18:18:58.117,0.8708,0.87115,7.60,6.20
2009.10.22 18:18:59.176,0.8708,0.87115,7.80,6.20
2009.10.22 18:19:04.155,0.8709,0.8712,4.40,7.00
2009.10.22 18:19:05.665,0.8709,0.87125,8.00,12.60
2009.10.22 18:19:06.015,0.87095,0.87125,6.80,8.60
2009.10.22 18:19:10.284,0.87095,0.8712,4.40,2.40
2009.10.22 18:19:10.394,0.87095,0.8712,4.00,3.80
2009.10.22 18:19:10.454,0.87085,0.8712,6.80,10.20
2009.10.22 18:19:10.734,0.87085,0.8712,6.40,10.20
2009.10.22 18:19:12.373,0.8709,0.8712,2.40,4.00
2009.10.22 18:19:12.733,0.8709,0.87125,6.40,11.10
2009.10.22 18:19:13.493,0.8709,0.87125,7.20,11.10
2009.10.22 18:19:13.733,0.87095,0.87125,2.80,6.40
2009.10.22 18:19:13.913,0.87095,0.87125,6.80,2.40
2009.10.22 18:19:22.311,0.87095,0.8712,6.80,1.00
2009.10.22 18:19:22.551,0.8709,0.87115,4.00,2.80
2009.10.22 18:19:22.731,0.87085,0.8712,8.70,6.80
2009.10.22 18:19:22.911,0.87085,0.8712,6.40,6.40
2009.10.22 18:19:29.179,0.87095,0.87125,10.80,6.20
2009.10.22 18:19:29.299,0.871,0.87125,4.00,2.40
2009.10.22 18:19:29.409,0.871,0.8713,6.40,2.40
2009.10.22 18:19:30.569,0.871,0.8713,6.50,2.40
2009.10.22 18:19:30.919,0.87105,0.87135,4.40,9.40
2009.10.22 18:19:32.118,0.87105,0.87135,4.40,8.60
2009.10.22 18:19:35.408,0.8711,0.87135,4.80,8.60
2009.10.22 18:19:35.578,0.8712,0.87135,8.80,4.80
2009.10.22 18:19:35.758,0.8713,0.87135,4.00,2.40
2009.10.22 18:19:35.928,0.87135,0.87155,4.00,1.00
2009.10.22 18:19:36.277,0.8714,0.87165,4.00,1.00
2009.10.22 18:19:36.607,0.87135,0.87155,4.00,2.40
2009.10.22 18:19:36.957,0.8713,0.8716,4.00,7.20
2009.10.22 18:19:37.347,0.8713,0.87165,4.00,14.50
2009.10.22 18:19:37.647,0.87125,0.8716,7.20,6.40
2009.10.22 18:19:37.997,0.8713,0.87155,4.00,2.40
2009.10.22 18:19:38.637,0.8713,0.87155,4.80,2.40
2009.10.22 18:19:38.927,0.87135,0.8716,4.00,2.40
2009.10.22 18:19:39.867,0.87135,0.87165,4.00,6.80
2009.10.22 18:19:40.267,0.87135,0.87165,4.00,3.20
2009.10.22 18:19:40.786,0.87135,0.87165,4.00,7.20
2009.10.22 18:19:40.896,0.87135,0.87165,4.00,2.40
2009.10.22 18:19:41.186,0.87135,0.8717,6.60,11.00
2009.10.22 18:19:41.536,0.8714,0.8717,7.20,1.30
2009.10.22 18:19:41.896,0.8714,0.87175,11.20,8.60
2009.10.22 18:19:42.296,0.87135,0.87165,4.00,2.40
2009.10.22 18:19:43.306,0.87135,0.8716,4.00,2.40
2009.10.22 18:19:45.795,0.8713,0.8716,7.20,2.40
2009.10.22 18:19:46.375,0.8713,0.8716,10.40,2.40
2009.10.22 18:19:46.945,0.87135,0.87155,4.00,2.40
2009.10.22 18:19:47.245,0.8713,0.87155,4.00,2.40
2009.10.22 18:19:52.584,0.87125,0.87155,10.40,2.40
2009.10.22 18:19:52.744,0.87125,0.87155,6.40,2.40
2009.10.22 18:19:53.913,0.87125,0.87155,6.40,6.40
2009.10.22 18:19:54.273,0.87125,0.87155,6.40,2.40
2009.10.22 18:19:55.753,0.87125,0.87155,6.40,2.80
2009.10.22 18:19:56.043,0.87125,0.87155,4.00,6.70
2009.10.22 18:19:56.333,0.8712,0.8715,6.40,2.40
2009.10.22 18:20:03.641,0.87125,0.87155,2.40,7.00
2009.10.22 18:20:03.821,0.87125,0.87155,2.40,6.40
2009.10.22 18:20:04.001,0.87125,0.87155,4.00,2.90
2009.10.22 18:20:04.401,0.8712,0.87155,6.40,6.90
2009.10.22 18:20:04.581,0.87125,0.87155,2.40,6.40
2009.10.22 18:20:05.041,0.87125,0.87155,6.40,2.40
2009.10.22 18:20:06.541,0.87125,0.8715,4.00,2.40
2009.10.22 18:20:06.880,0.8712,0.8715,6.40,2.40
2009.10.22 18:20:07.610,0.87115,0.8715,6.40,7.20
2009.10.22 18:20:07.960,0.87115,0.8715,6.40,11.10
2009.10.22 18:20:08.190,0.87115,0.8715,6.40,11.90
2009.10.22 18:20:08.420,0.87115,0.8715,6.40,11.80
2009.10.22 18:20:08.600,0.87115,0.8715,4.00,12.70
2009.10.22 18:20:08.810,0.87115,0.8714,4.00,3.30
2009.10.22 18:20:09.100,0.87115,0.8714,4.00,8.90
2009.10.22 18:20:09.340,0.871,0.87135,7.00,8.20
2009.10.22 18:20:09.809,0.871,0.87135,6.40,14.50
2009.10.22 18:20:10.049,0.871,0.87135,4.40,14.70
2009.10.22 18:20:10.279,0.871,0.87135,4.00,21.90
2009.10.22 18:20:10.559,0.871,0.87125,2.40,4.00
2009.10.22 18:20:10.859,0.87095,0.8713,8.80,6.40
2009.10.22 18:20:11.089,0.871,0.87135,7.00,13.40
2009.10.22 18:20:11.379,0.871,0.8713,4.00,6.20
2009.10.22 18:20:11.909,0.871,0.8713,4.00,7.00
2009.10.22 18:20:12.129,0.871,0.8713,4.00,11.00
2009.10.22 18:20:12.649,0.871,0.8713,4.00,6.40
2009.10.22 18:20:13.599,0.871,0.87135,7.00,8.20
2009.10.22 18:20:21.427,0.871,0.87135,7.80,8.20
2009.10.22 18:20:31.335,0.871,0.87135,7.00,8.20
2009.10.22 18:20:31.504,0.871,0.8713,4.00,8.20
2009.10.22 18:20:33.564,0.871,0.8713,4.80,8.20
2009.10.22 18:20:33.904,0.87105,0.8713,6.40,1.30
2009.10.22 18:20:34.083,0.87105,0.87135,6.80,3.80
2009.10.22 18:20:34.523,0.87105,0.87135,7.60,3.80
2009.10.22 18:20:34.753,0.8711,0.87135,6.40,1.30
2009.10.22 18:20:35.443,0.8711,0.8714,6.40,6.20
2009.10.22 18:20:36.433,0.87105,0.87135,6.80,2.40
2009.10.22 18:20:39.852,0.87105,0.87135,8.90,2.40
2009.10.22 18:20:40.142,0.8711,0.8714,2.80,6.40
2009.10.22 18:20:40.202,0.8711,0.8714,6.80,6.40
2009.10.22 18:20:40.372,0.8711,0.8714,6.80,2.40
2009.10.22 18:20:42.421,0.8711,0.87145,9.60,10.20
2009.10.22 18:20:42.592,0.87115,0.87145,2.40,8.20
2009.10.22 18:20:42.712,0.8711,0.8714,10.80,2.40
2009.10.22 18:20:43.062,0.8711,0.8714,6.80,2.40
2009.10.22 18:20:44.151,0.8711,0.87145,11.60,3.80
2009.10.22 18:20:45.821,0.8711,0.87145,14.90,3.80
2009.10.22 18:20:45.991,0.87115,0.87145,7.80,3.80
2009.10.22 18:20:46.291,0.87115,0.8715,13.90,1.30
2009.10.22 18:20:46.621,0.87125,0.8715,4.00,1.30
2009.10.22 18:20:48.000,0.8712,0.8715,6.40,3.80
2009.10.22 18:20:52.169,0.8712,0.8715,6.40,7.80
2009.10.22 18:20:52.629,0.8712,0.8715,6.40,3.80
2009.10.22 18:20:55.028,0.8712,0.87145,4.00,3.60
2009.10.22 18:20:55.309,0.8712,0.87145,4.00,1.30
2009.10.22 18:20:55.588,0.87115,0.87145,4.00,4.60
2009.10.22 18:20:55.878,0.87115,0.87145,6.40,1.30
2009.10.22 18:20:58.298,0.87115,0.87145,7.20,1.30
2009.10.22 18:20:58.478,0.87115,0.87145,6.40,1.30
2009.10.22 18:20:58.708,0.87115,0.87145,7.20,1.30
2009.10.22 18:20:58.928,0.87115,0.87145,6.40,1.30
2009.10.22 18:21:02.127,0.87115,0.8715,6.40,11.80
2009.10.22 18:21:02.187,0.87115,0.8715,10.40,11.80
2009.10.22 18:21:02.297,0.87115,0.8715,10.40,11.00
2009.10.22 18:21:02.457,0.8712,0.8715,4.00,10.20
2009.10.22 18:21:02.927,0.87115,0.8715,7.20,10.20
2009.10.22 18:21:05.696,0.87115,0.8715,7.30,10.20
2009.10.22 18:21:05.856,0.87125,0.8715,6.40,7.70
2009.10.22 18:21:06.086,0.8713,0.8715,8.00,2.40
2009.10.22 18:21:06.316,0.8712,0.8715,1.00,6.40
2009.10.22 18:21:06.666,0.8712,0.8715,3.60,4.00
2009.10.22 18:21:06.956,0.87125,0.87155,4.00,3.20
2009.10.22 18:21:07.306,0.87125,0.8715,4.00,3.20
2009.10.22 18:21:07.636,0.87115,0.8715,7.90,7.20
2009.10.22 18:21:08.156,0.87115,0.8715,7.10,8.00
2009.10.22 18:21:08.495,0.87115,0.8715,6.80,8.00
2009.10.22 18:21:09.235,0.87115,0.8715,6.80,8.20
2009.10.22 18:21:09.535,0.87115,0.8715,6.80,8.00
2009.10.22 18:21:09.925,0.87115,0.8715,6.80,8.20
2009.10.22 18:21:11.095,0.87115,0.8715,6.80,8.00
2009.10.22 18:21:11.724,0.87115,0.8715,6.80,8.20
2009.10.22 18:21:12.124,0.87115,0.8715,6.80,8.00
2009.10.22 18:21:12.244,0.87115,0.8715,6.80,8.20
2009.10.22 18:21:15.734,0.87115,0.8715,6.80,8.00
2009.10.22 18:21:16.073,0.87115,0.8715,7.60,7.20
2009.10.22 18:21:16.423,0.87115,0.8715,7.60,7.40
2009.10.22 18:21:18.223,0.87115,0.8715,2.40,14.40
2009.10.22 18:21:18.553,0.8711,0.87145,7.60,7.40
2009.10.22 18:21:20.252,0.87115,0.8715,13.20,3.20
2009.10.22 18:21:20.482,0.8712,0.87155,13.20,6.80
2009.10.22 18:21:20.712,0.8712,0.87155,13.20,3.20
2009.10.22 18:21:20.932,0.8712,0.87145,8.00,2.40
2009.10.22 18:21:21.152,0.8712,0.87145,8.00,2.40
2009.10.22 18:21:21.482,0.87115,0.87145,4.00,2.40
2009.10.22 18:21:22.532,0.87115,0.87145,4.00,3.20
2009.10.22 18:21:22.882,0.87105,0.87135,6.40,2.40
2009.10.22 18:21:23.232,0.87105,0.87135,4.00,2.40
2009.10.22 18:21:23.512,0.871,0.87135,6.80,6.40
2009.10.22 18:21:23.742,0.871,0.87135,6.40,6.40
2009.10.22 18:21:30.570,0.871,0.87135,6.40,5.60
2009.10.22 18:21:31.440,0.871,0.87135,6.40,6.40
2009.10.22 18:21:32.300,0.871,0.87135,6.40,6.60
2009.10.22 18:21:32.650,0.87095,0.8713,9.10,6.40
2009.10.22 18:21:35.869,0.87105,0.8713,1.00,4.00
2009.10.22 18:21:36.139,0.87105,0.87135,4.40,2.40
2009.10.22 18:21:40.378,0.8711,0.8714,4.00,6.20
2009.10.22 18:21:45.147,0.8711,0.8714,4.00,2.40
2009.10.22 18:21:46.066,0.8711,0.8714,4.00,4.60
2009.10.22 18:21:46.396,0.87105,0.8714,4.40,11.10
2009.10.22 18:21:47.976,0.87105,0.8714,4.40,12.70
2009.10.22 18:22:00.463,0.87105,0.8714,4.00,14.30
2009.10.22 18:22:00.793,0.871,0.8713,6.40,2.40
2009.10.22 18:22:01.083,0.871,0.87135,7.20,13.40
2009.10.22 18:22:01.423,0.87105,0.8713,4.00,2.40
2009.10.22 18:22:01.722,0.87105,0.8713,4.00,4.00
2009.10.22 18:22:01.903,0.871,0.87125,4.00,2.40
2009.10.22 18:22:02.132,0.871,0.8712,4.00,2.40
2009.10.22 18:22:02.312,0.8709,0.8712,6.40,2.40
2009.10.22 18:22:04.102,0.8709,0.87125,6.80,10.20
2009.10.22 18:22:04.442,0.8709,0.87125,6.80,6.40
2009.10.22 18:22:04.862,0.8709,0.87125,7.60,6.40
2009.10.22 18:22:05.212,0.87095,0.8713,6.40,7.20
2009.10.22 18:22:05.901,0.87095,0.8713,7.20,7.20
2009.10.22 18:22:06.511,0.87095,0.8713,4.00,8.00
2009.10.22 18:22:06.851,0.8709,0.87125,6.30,10.40
2009.10.22 18:22:07.441,0.8709,0.87125,5.50,6.40
2009.10.22 18:22:07.781,0.8709,0.87125,2.80,10.40
2009.10.22 18:22:12.190,0.8709,0.8712,5.20,4.00
2009.10.22 18:22:12.530,0.871,0.8713,2.80,4.00
2009.10.22 18:22:13.690,0.871,0.87135,6.80,9.00
2009.10.22 18:22:17.489,0.871,0.87135,7.20,4.00
2009.10.22 18:22:18.078,0.87105,0.8714,7.60,7.80
2009.10.22 18:22:18.469,0.87115,0.8714,2.40,4.00
2009.10.22 18:22:18.818,0.87115,0.8714,4.00,2.40
2009.10.22 18:22:19.108,0.8711,0.8714,6.40,2.40
2009.10.22 18:22:19.818,0.87115,0.87145,2.40,10.20
2009.10.22 18:22:19.988,0.8711,0.87145,6.80,10.10
2009.10.22 18:22:20.218,0.8711,0.87145,6.40,10.10
2009.10.22 18:22:20.398,0.8711,0.87145,7.60,10.20
2009.10.22 18:22:20.628,0.8711,0.8714,6.40,2.40
2009.10.22 18:22:24.247,0.87115,0.87145,6.40,2.40
2009.10.22 18:22:25.747,0.87115,0.87145,7.20,2.40
2009.10.22 18:22:26.037,0.87115,0.8715,8.40,6.40
2009.10.22 18:22:26.727,0.87115,0.8715,8.40,6.40
2009.10.22 18:22:29.936,0.87115,0.8715,13.70,4.00
2009.10.22 18:22:30.416,0.8712,0.87155,6.80,8.60
2009.10.22 18:22:31.215,0.8712,0.87155,7.00,8.60
2009.10.22 18:22:34.914,0.8712,0.87155,7.70,6.10
2009.10.22 18:22:35.314,0.87125,0.87155,6.80,1.30
2009.10.22 18:22:35.484,0.87125,0.8716,6.80,11.80
2009.10.22 18:22:35.654,0.87125,0.87155,4.00,2.40
2009.10.22 18:22:36.004,0.8712,0.87155,6.60,6.40
2009.10.22 18:22:45.302,0.8712,0.8715,6.60,1.00
2009.10.22 18:22:45.532,0.87115,0.87145,11.00,2.40
2009.10.22 18:22:45.772,0.87115,0.87145,4.00,3.60
2009.10.22 18:22:46.062,0.8711,0.87145,9.20,7.60
2009.10.22 18:22:46.852,0.8711,0.87145,6.80,7.60
2009.10.22 18:22:51.350,0.8711,0.87145,7.60,6.80
2009.10.22 18:22:51.691,0.8711,0.87145,9.20,4.40
2009.10.22 18:22:52.041,0.8711,0.87145,10.00,4.00
2009.10.22 18:22:52.400,0.8712,0.8715,7.60,1.30
2009.10.22 18:22:52.750,0.87125,0.87155,2.80,5.30
2009.10.22 18:22:53.090,0.87125,0.87155,6.80,1.30
2009.10.22 18:22:54.120,0.8712,0.87155,11.80,8.20
2009.10.22 18:22:54.470,0.87125,0.87155,1.60,8.20
2009.10.22 18:22:54.810,0.8712,0.87155,7.00,9.80
2009.10.22 18:22:55.160,0.8712,0.87155,4.00,13.70
2009.10.22 18:22:55.560,0.8712,0.87155,7.00,13.80
2009.10.22 18:22:55.900,0.8712,0.87155,7.00,9.80
2009.10.22 18:22:56.079,0.87125,0.87155,3.00,4.00
2009.10.22 18:22:56.249,0.87125,0.8716,7.60,7.80
2009.10.22 18:22:56.359,0.87125,0.8716,6.80,7.80
2009.10.22 18:22:56.520,0.87125,0.8716,7.00,6.40
2009.10.22 18:22:56.870,0.87125,0.8716,12.60,6.40
2009.10.22 18:22:57.219,0.87125,0.8716,12.00,6.40
2009.10.22 18:22:57.569,0.87125,0.8716,14.40,6.40
2009.10.22 18:22:59.759,0.87125,0.8716,14.90,6.40
2009.10.22 18:23:00.119,0.8714,0.87165,2.80,4.00
2009.10.22 18:23:00.479,0.8714,0.8717,4.00,3.20
2009.10.22 18:23:01.158,0.87135,0.8717,9.50,7.20
2009.10.22 18:23:02.798,0.87135,0.8717,13.50,7.20
2009.10.22 18:23:03.098,0.87135,0.8717,13.50,3.20
2009.10.22 18:23:04.877,0.87145,0.87175,4.00,3.80
2009.10.22 18:23:08.186,0.87145,0.87175,4.00,6.20
2009.10.22 18:23:08.527,0.87145,0.87165,4.00,6.20
2009.10.22 18:23:09.106,0.8714,0.87165,4.00,6.20
2009.10.22 18:23:09.446,0.8713,0.87165,6.40,10.20
2009.10.22 18:23:10.126,0.8713,0.87165,6.40,11.00
2009.10.22 18:23:11.096,0.8713,0.87165,6.40,10.20
2009.10.22 18:23:12.026,0.8713,0.87165,6.40,11.00
2009.10.22 18:23:12.306,0.8713,0.87165,6.40,10.20
2009.10.22 18:23:13.285,0.8714,0.8717,2.40,8.70
2009.10.22 18:23:13.566,0.87135,0.8716,2.40,4.00
2009.10.22 18:23:13.845,0.87135,0.87165,6.40,4.00
2009.10.22 18:23:14.185,0.87135,0.87165,3.30,4.10
2009.10.22 18:23:14.545,0.8714,0.87165,2.80,4.00
2009.10.22 18:23:14.895,0.8714,0.8717,6.80,4.00
2009.10.22 18:23:15.175,0.8714,0.8717,7.00,4.00
2009.10.22 18:23:18.224,0.8714,0.8717,3.00,4.00
2009.10.22 18:23:18.554,0.8714,0.8717,7.00,4.00
2009.10.22 18:23:20.733,0.8714,0.8717,4.10,11.80
2009.10.22 18:23:20.904,0.8714,0.8717,4.00,11.80
2009.10.22 18:23:21.024,0.8714,0.8717,4.00,13.30
2009.10.22 18:23:21.194,0.8713,0.87165,4.00,17.50
2009.10.22 18:23:21.703,0.87125,0.8716,6.60,11.00
2009.10.22 18:23:22.743,0.87125,0.8716,4.10,12.60
2009.10.22 18:23:23.133,0.87125,0.8716,4.00,12.60
2009.10.22 18:23:23.303,0.87125,0.8716,4.10,12.60
2009.10.22 18:23:23.863,0.87125,0.8716,4.00,12.60
2009.10.22 18:23:24.522,0.8712,0.87155,4.00,4.00
2009.10.22 18:23:26.972,0.8712,0.87155,6.40,9.10
2009.10.22 18:23:27.212,0.8712,0.87155,6.80,9.00
2009.10.22 18:23:35.380,0.8712,0.87155,6.80,9.80
2009.10.22 18:23:35.720,0.87115,0.8715,9.50,6.80
2009.10.22 18:23:36.530,0.87115,0.8715,9.80,8.80
2009.10.22 18:23:36.880,0.8711,0.87145,9.90,6.40
2009.10.22 18:23:37.569,0.8711,0.87145,9.10,6.40
2009.10.22 18:23:40.559,0.8711,0.87145,9.90,6.40
2009.10.22 18:23:41.969,0.8711,0.87145,9.10,6.40
2009.10.22 18:23:42.189,0.8711,0.87145,9.90,6.40
2009.10.22 18:23:42.468,0.8711,0.87145,9.10,6.40
2009.10.22 18:23:42.578,0.8711,0.87145,9.90,6.40
2009.10.22 18:23:44.118,0.8711,0.8714,9.10,6.40
2009.10.22 18:23:44.758,0.8711,0.8714,6.40,6.40
2009.10.22 18:23:45.387,0.8711,0.87145,6.40,6.40
2009.10.22 18:23:58.864,0.87125,0.87155,6.80,6.50
2009.10.22 18:23:59.194,0.8711,0.87145,6.40,6.40
2009.10.22 18:23:59.414,0.8711,0.87145,7.20,6.40
2009.10.22 18:23:59.694,0.8711,0.87145,6.40,6.40
2009.10.22 18:24:00.634,0.8711,0.87145,6.40,6.60
2009.10.22 18:24:00.984,0.8711,0.87145,6.40,6.40
2009.10.22 18:24:07.412,0.8711,0.87145,6.40,6.80
2009.10.22 18:24:07.712,0.8711,0.87145,6.40,7.60
2009.10.22 18:24:07.882,0.8711,0.87145,2.40,11.60
2009.10.22 18:24:08.422,0.8711,0.8714,6.70,6.40
2009.10.22 18:24:08.592,0.8711,0.8714,13.10,4.00
2009.10.22 18:24:08.822,0.87115,0.8715,16.40,1.00
2009.10.22 18:24:09.172,0.8712,0.87155,6.40,6.40
2009.10.22 18:24:09.812,0.8712,0.87155,6.70,6.40
2009.10.22 18:24:11.161,0.8712,0.87155,6.70,7.20
2009.10.22 18:24:11.281,0.8712,0.87155,4.20,7.60
2009.10.22 18:24:11.341,0.8712,0.87155,4.20,10.80
2009.10.22 18:24:11.461,0.8712,0.87155,6.70,10.40
2009.10.22 18:24:11.691,0.8712,0.87155,6.70,6.40
2009.10.22 18:24:14.750,0.8712,0.87155,7.50,6.40
2009.10.22 18:24:14.971,0.8712,0.87155,7.40,4.00
2009.10.22 18:24:15.090,0.87125,0.87155,2.80,4.00
2009.10.22 18:24:15.491,0.87125,0.8716,6.80,11.10
2009.10.22 18:24:15.790,0.8712,0.87155,7.50,6.40
2009.10.22 18:24:16.480,0.8712,0.87155,6.70,6.40
2009.10.22 18:24:21.459,0.87125,0.87155,6.00,6.40
2009.10.22 18:24:21.749,0.8713,0.87165,12.00,6.50
2009.10.22 18:24:21.989,0.8713,0.87165,12.00,6.10
2009.10.22 18:24:23.978,0.8713,0.87165,11.20,6.90
2009.10.22 18:24:24.208,0.87125,0.8716,8.20,7.20
2009.10.22 18:24:24.498,0.87125,0.8716,7.40,7.20
2009.10.22 18:24:24.968,0.87125,0.8716,7.20,7.30
2009.10.22 18:24:25.198,0.87125,0.8716,7.20,7.40
2009.10.22 18:24:30.107,0.8713,0.87165,4.00,14.30
2009.10.22 18:24:30.517,0.87125,0.8716,7.20,7.20
2009.10.22 18:24:31.147,0.87125,0.8716,7.20,11.10
2009.10.22 18:24:40.584,0.87125,0.8716,7.20,7.40
2009.10.22 18:24:41.094,0.87125,0.8716,6.40,7.40
2009.10.22 18:24:42.654,0.87125,0.8716,2.40,7.40
2009.10.22 18:24:42.824,0.87125,0.87155,4.00,2.40
2009.10.22 18:24:43.104,0.8712,0.87155,6.40,6.40
2009.10.22 18:24:44.194,0.8712,0.87155,8.30,6.40
2009.10.22 18:24:44.373,0.87125,0.8716,6.40,7.40
2009.10.22 18:24:45.533,0.87125,0.8716,6.40,7.20
2009.10.22 18:24:45.883,0.8713,0.8716,2.40,4.00
2009.10.22 18:24:46.173,0.8713,0.87165,6.40,11.00
2009.10.22 18:24:46.713,0.8713,0.87165,11.70,2.40
2009.10.22 18:24:47.003,0.87135,0.8717,6.40,11.10
2009.10.22 18:24:47.233,0.87135,0.8717,6.60,7.20
2009.10.22 18:24:48.313,0.87135,0.8717,6.40,7.40
2009.10.22 18:24:48.652,0.87135,0.8717,6.60,7.20
2009.10.22 18:24:48.942,0.87135,0.8717,6.40,7.20
2009.10.22 18:24:49.282,0.87135,0.8717,6.60,7.20
2009.10.22 18:24:49.562,0.87135,0.8717,6.40,7.30
2009.10.22 18:24:49.852,0.87135,0.8717,6.40,7.20
2009.10.22 18:24:50.092,0.87135,0.8717,6.40,7.30
2009.10.22 18:24:50.382,0.87135,0.8717,6.40,7.40
2009.10.22 18:24:51.122,0.87135,0.8717,6.50,7.20
2009.10.22 18:24:51.302,0.87135,0.8717,6.60,7.20
2009.10.22 18:24:52.541,0.87135,0.8717,6.40,7.40
2009.10.22 18:24:53.291,0.87135,0.8717,6.40,11.10
2009.10.22 18:24:56.360,0.87135,0.8717,6.40,7.40
2009.10.22 18:24:58.380,0.8715,0.8717,1.00,6.60
2009.10.22 18:24:58.670,0.8715,0.87175,4.40,4.80
2009.10.22 18:24:59.000,0.87145,0.87175,4.00,4.80
2009.10.22 18:24:59.230,0.8714,0.87175,6.40,10.20
2009.10.22 18:24:59.990,0.8714,0.87175,6.40,11.00
2009.10.22 18:25:00.460,0.8714,0.87175,6.40,13.40
2009.10.22 18:25:00.689,0.8714,0.87175,6.40,12.60
2009.10.22 18:25:01.029,0.8714,0.87175,6.40,10.20
2009.10.22 18:25:02.509,0.8715,0.87175,6.40,3.70
2009.10.22 18:25:02.799,0.8715,0.8718,6.80,3.70
2009.10.22 18:25:03.079,0.8715,0.87185,6.80,15.00
2009.10.22 18:25:03.609,0.8715,0.87185,6.80,15.00
2009.10.22 18:25:04.249,0.8714,0.8716,4.80,1.60
2009.10.22 18:25:04.528,0.87135,0.8716,9.60,1.60
2009.10.22 18:25:04.768,0.87135,0.8716,9.20,1.60
2009.10.22 18:25:05.118,0.87135,0.8717,9.20,8.80
2009.10.22 18:25:05.458,0.87135,0.87155,6.40,1.60
2009.10.22 18:25:06.328,0.87135,0.87155,6.60,1.60
2009.10.22 18:25:06.678,0.87135,0.87155,6.40,1.60
2009.10.22 18:25:06.978,0.87135,0.87155,2.40,1.60
2009.10.22 18:25:07.298,0.87125,0.8716,8.80,9.00
2009.10.22 18:25:07.748,0.87125,0.8716,6.40,9.00
2009.10.22 18:25:07.918,0.87125,0.8716,7.20,8.80
2009.10.22 18:25:08.038,0.8713,0.8715,3.20,1.60
2009.10.22 18:25:08.208,0.8713,0.87155,3.20,1.60
2009.10.22 18:25:08.558,0.8713,0.87155,7.20,1.60
2009.10.22 18:25:11.497,0.8713,0.8715,7.20,1.60
2009.10.22 18:25:18.255,0.8713,0.87155,7.20,1.60
2009.10.22 18:25:20.825,0.87135,0.87145,1.00,1.60
2009.10.22 18:25:21.064,0.87135,0.87145,6.80,1.60
2009.10.22 18:25:21.235,0.87135,0.8715,6.80,1.60
2009.10.22 18:25:22.384,0.8713,0.8715,7.20,1.60
2009.10.22 18:25:23.184,0.8713,0.87155,7.20,1.60
2009.10.22 18:25:29.312,0.87135,0.87155,3.20,1.60
2009.10.22 18:25:29.653,0.87135,0.8716,3.20,1.60
2009.10.22 18:25:30.172,0.87135,0.87155,7.20,1.60
2009.10.22 18:25:34.121,0.87135,0.87155,6.40,1.60
2009.10.22 18:25:34.461,0.87135,0.8715,6.80,1.60
2009.10.22 18:25:36.181,0.87135,0.87155,8.00,1.60
2009.10.22 18:25:36.531,0.8714,0.87155,6.40,1.60
2009.10.22 18:25:36.861,0.8714,0.8716,8.00,1.60
2009.10.22 18:25:37.211,0.8714,0.8716,6.40,1.60
2009.10.22 18:25:37.541,0.8714,0.87155,6.40,1.60
2009.10.22 18:25:38.121,0.8714,0.8716,6.40,1.60
2009.10.22 18:25:41.020,0.8714,0.8717,6.40,4.80
2009.10.22 18:25:41.130,0.8714,0.8716,6.40,1.60
2009.10.22 18:25:41.240,0.8714,0.8717,6.40,5.00
2009.10.22 18:25:41.360,0.8714,0.8716,6.40,1.60
2009.10.22 18:25:43.449,0.8714,0.87155,6.40,1.60
2009.10.22 18:25:46.048,0.8714,0.8717,4.00,7.80
2009.10.22 18:25:46.379,0.87135,0.8717,10.40,11.80
2009.10.22 18:25:46.669,0.87135,0.8717,6.40,11.80
2009.10.22 18:25:47.248,0.87135,0.8717,6.40,11.90
2009.10.22 18:25:47.408,0.87135,0.8717,6.40,11.90
2009.10.22 18:25:48.718,0.87135,0.8717,6.40,11.90
2009.10.22 18:25:49.068,0.87135,0.8717,6.40,11.90
2009.10.22 18:25:50.897,0.87135,0.8717,6.40,11.90
2009.10.22 18:25:51.187,0.87135,0.8717,6.40,11.90
2009.10.22 18:25:51.897,0.87135,0.8717,6.40,11.90
2009.10.22 18:25:52.177,0.87135,0.8716,4.00,3.80
2009.10.22 18:25:52.407,0.87125,0.8716,6.40,8.70
2009.10.22 18:25:52.697,0.87125,0.8716,6.40,10.30
2009.10.22 18:25:54.266,0.87125,0.8716,6.40,12.70
2009.10.22 18:25:56.006,0.87125,0.8716,6.40,8.10
2009.10.22 18:25:56.126,0.87125,0.8716,7.20,7.70
2009.10.22 18:25:56.536,0.87125,0.8716,11.20,7.70
2009.10.22 18:25:56.836,0.87125,0.8716,11.30,3.70
2009.10.22 18:25:57.076,0.8713,0.8716,2.40,7.70
2009.10.22 18:25:57.676,0.87125,0.8716,7.40,10.20
2009.10.22 18:25:57.796,0.87125,0.8716,6.50,8.50
2009.10.22 18:25:58.086,0.87125,0.8716,6.60,12.60
2009.10.22 18:25:58.375,0.87125,0.8716,6.40,12.70
2009.10.22 18:26:01.415,0.87125,0.8716,6.40,11.10
2009.10.22 18:26:01.755,0.87125,0.8716,7.20,11.10
2009.10.22 18:26:02.055,0.87125,0.8716,12.00,2.40
2009.10.22 18:26:02.415,0.87125,0.8716,12.00,4.00
2009.10.22 18:26:09.103,0.8713,0.8716,6.60,4.00
2009.10.22 18:26:09.453,0.8713,0.8716,6.40,4.00
2009.10.22 18:26:09.793,0.8713,0.8716,6.40,2.40
2009.10.22 18:26:10.313,0.8713,0.8716,6.40,6.40
2009.10.22 18:26:10.662,0.8713,0.8716,6.40,2.40
2009.10.22 18:26:11.003,0.8713,0.8716,6.40,4.00
2009.10.22 18:26:14.762,0.87135,0.87165,6.40,13.40
2009.10.22 18:26:16.001,0.87135,0.87165,6.40,11.00
2009.10.22 18:26:16.181,0.87135,0.87165,2.40,11.80
2009.10.22 18:26:16.351,0.8713,0.87165,6.40,13.30
2009.10.22 18:26:17.151,0.87125,0.8716,6.40,7.40
2009.10.22 18:26:20.080,0.87125,0.8716,4.00,11.90
2009.10.22 18:26:20.370,0.8712,0.87155,11.20,7.20
2009.10.22 18:26:20.660,0.8712,0.87155,7.20,7.20
2009.10.22 18:26:21.300,0.8712,0.87155,7.20,7.40
2009.10.22 18:26:24.339,0.8712,0.87155,7.20,7.20
2009.10.22 18:26:24.679,0.87125,0.8716,6.80,12.70
2009.10.22 18:26:33.517,0.8712,0.87155,10.40,8.80
2009.10.22 18:26:33.747,0.8712,0.87155,6.40,8.80
2009.10.22 18:26:34.227,0.8712,0.87155,6.40,9.60
2009.10.22 18:26:34.447,0.87115,0.8715,8.80,7.20
2009.10.22 18:26:34.677,0.87115,0.8715,6.40,7.20
2009.10.22 18:26:38.876,0.8712,0.8715,4.00,3.20
2009.10.22 18:26:39.166,0.87115,0.87145,2.40,4.10
2009.10.22 18:26:39.496,0.87115,0.8715,6.40,7.20
2009.10.22 18:26:39.836,0.8712,0.8715,2.80,4.00
2009.10.22 18:26:40.175,0.8712,0.87155,6.80,11.10
2009.10.22 18:26:40.525,0.8712,0.87145,4.40,2.40
2009.10.22 18:26:40.865,0.8712,0.87155,8.80,7.00
2009.10.22 18:26:41.105,0.8712,0.8715,4.80,2.40
2009.10.22 18:26:41.275,0.8712,0.8715,4.00,3.40
2009.10.22 18:26:41.445,0.87115,0.8715,9.10,7.40
2009.10.22 18:26:41.625,0.87115,0.8715,9.10,7.20
2009.10.22 18:26:42.315,0.8712,0.8715,4.00,9.80
2009.10.22 18:26:42.605,0.8712,0.8715,4.00,7.20
2009.10.22 18:26:42.905,0.87115,0.8715,7.20,7.20
2009.10.22 18:26:44.064,0.87115,0.8715,4.00,8.80
2009.10.22 18:26:44.405,0.87115,0.87145,4.00,3.40
2009.10.22 18:26:44.734,0.8711,0.87145,7.20,7.40
2009.10.22 18:26:46.564,0.8711,0.8714,3.20,4.00
2009.10.22 18:26:49.893,0.8711,0.87145,4.40,11.20
2009.10.22 18:26:50.063,0.8711,0.87145,5.20,4.00
2009.10.22 18:26:50.243,0.8711,0.87145,10.00,4.00
2009.10.22 18:26:50.363,0.87115,0.87145,4.30,4.00
2009.10.22 18:26:51.823,0.87115,0.8715,9.20,4.00
2009.10.22 18:26:51.993,0.8712,0.87155,7.20,7.00
2009.10.22 18:26:54.352,0.8712,0.87155,7.20,6.80
2009.10.22 18:26:56.382,0.8712,0.87155,6.80,6.40
2009.10.22 18:26:56.721,0.87125,0.8716,7.20,11.80
2009.10.22 18:26:57.061,0.87125,0.8716,4.00,14.20
2009.10.22 18:26:57.291,0.87125,0.8716,4.00,15.20
2009.10.22 18:26:57.461,0.87125,0.87155,2.40,6.50
2009.10.22 18:26:57.701,0.87125,0.8716,7.20,11.10
2009.10.22 18:26:58.121,0.87125,0.8716,7.20,11.00
2009.10.22 18:26:58.811,0.87125,0.8716,7.20,11.10
2009.10.22 18:26:59.501,0.87125,0.8716,2.40,17.50
2009.10.22 18:26:59.881,0.8712,0.87155,7.20,7.40
2009.10.22 18:27:00.161,0.8712,0.87155,7.20,7.30
2009.10.22 18:27:00.281,0.8712,0.87155,7.20,7.40
2009.10.22 18:27:00.700,0.87115,0.8715,6.80,8.60
2009.10.22 18:27:00.980,0.8711,0.87145,7.20,6.80
2009.10.22 18:27:01.210,0.8711,0.87145,7.10,8.40
2009.10.22 18:27:01.501,0.8711,0.8714,6.40,2.40
2009.10.22 18:27:01.670,0.8711,0.8714,4.00,2.40
2009.10.22 18:27:01.890,0.87105,0.8714,6.40,6.40
2009.10.22 18:27:02.070,0.87105,0.8714,6.40,7.80
2009.10.22 18:27:02.240,0.871,0.8713,5.00,2.40
2009.10.22 18:27:02.460,0.87095,0.8713,6.40,6.40
2009.10.22 18:27:02.990,0.8709,0.87125,7.10,6.80
2009.10.22 18:27:03.680,0.8709,0.87125,4.20,10.80
2009.10.22 18:27:03.970,0.87085,0.8712,8.80,6.40
2009.10.22 18:27:04.320,0.87085,0.8712,6.40,7.80
2009.10.22 18:27:04.610,0.871,0.87125,6.80,3.20
2009.10.22 18:27:05.020,0.87085,0.8712,7.90,6.40
2009.10.22 18:27:05.290,0.87085,0.8712,4.00,6.40
2009.10.22 18:27:05.509,0.87085,0.87115,4.00,4.00
2009.10.22 18:27:06.389,0.8709,0.8712,6.80,1.30
2009.10.22 18:27:06.739,0.8709,0.8712,4.00,7.80
2009.10.22 18:27:06.979,0.87085,0.87115,4.00,6.40
2009.10.22 18:27:07.219,0.87085,0.8712,6.80,12.70
2009.10.22 18:27:07.439,0.87085,0.8712,4.00,10.20
2009.10.22 18:27:07.899,0.87085,0.8712,4.00,11.80
2009.10.22 18:27:08.239,0.87085,0.87115,6.40,4.00
2009.10.22 18:27:08.519,0.87085,0.8712,6.40,7.80
2009.10.22 18:27:10.608,0.871,0.8712,2.40,5.30
2009.10.22 18:27:10.778,0.87085,0.8712,8.40,6.40
2009.10.22 18:27:10.948,0.87085,0.8712,7.10,6.40
2009.10.22 18:27:11.068,0.87085,0.8712,9.10,6.40
2009.10.22 18:27:14.337,0.8711,0.87125,2.80,1.00
2009.10.22 18:27:14.697,0.8711,0.87145,7.60,11.10
2009.10.22 18:27:15.047,0.8711,0.87145,11.90,7.20
2009.10.22 18:27:16.277,0.8711,0.87145,11.90,7.40
2009.10.22 18:27:16.497,0.8711,0.87145,6.40,13.70
2009.10.22 18:27:18.966,0.8711,0.87145,4.00,15.10
2009.10.22 18:27:19.306,0.87105,0.8714,7.10,6.80
2009.10.22 18:27:20.176,0.87105,0.8714,6.80,7.00
2009.10.22 18:27:20.526,0.87105,0.8714,7.60,6.40
2009.10.22 18:27:20.706,0.8711,0.8714,6.40,6.60
2009.10.22 18:27:21.305,0.8711,0.8714,6.40,6.40
2009.10.22 18:27:24.775,0.8711,0.87145,13.60,3.20
2009.10.22 18:27:24.895,0.87115,0.8715,7.30,11.80
2009.10.22 18:27:25.055,0.8712,0.87145,1.00,1.00
2009.10.22 18:27:25.175,0.87115,0.87145,4.00,4.00
2009.10.22 18:27:25.345,0.87115,0.8714,4.00,6.10
2009.10.22 18:27:25.465,0.87115,0.8714,4.00,10.90
2009.10.22 18:27:25.575,0.87115,0.8713,4.00,2.40
2009.10.22 18:27:25.744,0.87095,0.8713,11.10,6.40
2009.10.22 18:27:25.864,0.87095,0.8713,6.80,6.40
2009.10.22 18:27:26.205,0.87095,0.87125,4.00,3.20
2009.10.22 18:27:26.564,0.8709,0.87125,7.20,7.20
2009.10.22 18:27:26.904,0.87095,0.8713,6.80,12.60
2009.10.22 18:27:27.864,0.87095,0.8713,6.80,12.70
2009.10.22 18:27:28.594,0.87095,0.8713,6.80,9.00
2009.10.22 18:27:31.033,0.87095,0.8713,6.80,8.90
2009.10.22 18:27:31.193,0.87095,0.8713,6.80,9.00
2009.10.22 18:27:31.723,0.87095,0.8713,6.80,7.40
2009.10.22 18:27:32.063,0.87095,0.8713,6.80,7.30
2009.10.22 18:27:32.333,0.87095,0.8713,6.80,9.00
2009.10.22 18:27:32.663,0.87095,0.8713,6.80,8.90
2009.10.22 18:27:32.963,0.87095,0.8713,6.80,9.00
2009.10.22 18:27:38.251,0.87095,0.8713,6.80,9.00
2009.10.22 18:27:38.601,0.87095,0.8713,6.80,8.80
2009.10.22 18:27:41.261,0.87095,0.8713,6.80,9.00
2009.10.22 18:27:41.431,0.87095,0.8713,6.80,8.80
2009.10.22 18:27:41.721,0.87095,0.8713,7.00,13.40
2009.10.22 18:27:42.120,0.87095,0.8713,6.80,13.40
2009.10.22 18:27:42.291,0.87095,0.8713,7.00,13.40
2009.10.22 18:27:42.520,0.87095,0.8713,6.80,13.40
2009.10.22 18:27:42.910,0.87095,0.8713,7.00,13.40
2009.10.22 18:27:43.200,0.87095,0.8713,6.90,13.40
2009.10.22 18:27:43.490,0.87095,0.8713,6.80,13.40
2009.10.22 18:27:44.600,0.87095,0.8713,7.60,7.20
2009.10.22 18:27:44.890,0.871,0.87135,11.60,5.30
2009.10.22 18:27:45.180,0.87105,0.8714,6.40,10.20
2009.10.22 18:27:45.940,0.87105,0.8714,6.40,6.40
2009.10.22 18:27:46.110,0.8711,0.8714,2.40,6.40
2009.10.22 18:27:46.280,0.8711,0.8714,6.40,6.40
2009.10.22 18:27:46.629,0.8711,0.87145,6.40,8.20
2009.10.22 18:27:46.979,0.8711,0.87145,6.40,6.40
2009.10.22 18:27:49.919,0.8711,0.87145,6.40,11.20
2009.10.22 18:27:50.089,0.8711,0.8714,6.40,6.40
2009.10.22 18:27:50.268,0.8711,0.87145,6.80,8.80
2009.10.22 18:27:53.568,0.8711,0.87145,7.60,8.80
2009.10.22 18:27:53.678,0.87115,0.87145,6.80,1.60
2009.10.22 18:27:53.858,0.8712,0.8715,1.00,10.20
2009.10.22 18:27:53.978,0.8712,0.8715,6.80,3.70
2009.10.22 18:27:55.297,0.8712,0.8715,7.00,3.70
2009.10.22 18:27:55.477,0.8712,0.8715,6.80,3.70
2009.10.22 18:27:56.117,0.8712,0.8715,7.00,3.70
2009.10.22 18:27:56.287,0.8712,0.8715,6.80,3.70
2009.10.22 18:27:57.157,0.8712,0.8715,6.90,3.70
2009.10.22 18:27:57.317,0.8712,0.8715,6.80,3.70
2009.10.22 18:27:58.367,0.8712,0.8715,7.00,3.70
2009.10.22 18:27:58.777,0.8712,0.8715,6.80,3.70
2009.10.22 18:27:59.066,0.8712,0.8715,6.90,3.70
2009.10.22 18:27:59.246,0.8712,0.8715,6.80,3.70
2009.10.22 18:28:01.226,0.87115,0.8715,7.20,11.00
2009.10.22 18:28:01.346,0.87115,0.87145,4.80,2.40
2009.10.22 18:28:01.516,0.8711,0.87145,8.80,6.80
2009.10.22 18:28:01.696,0.87115,0.87145,1.60,6.80
2009.10.22 18:28:02.456,0.87115,0.87145,4.40,4.00
2009.10.22 18:28:02.516,0.87115,0.87145,4.00,4.00
2009.10.22 18:28:02.755,0.8712,0.87155,6.80,15.00
2009.10.22 18:28:03.205,0.8712,0.87155,6.80,15.10
2009.10.22 18:28:04.136,0.8712,0.87155,7.00,15.00
2009.10.22 18:28:05.565,0.8712,0.87155,6.80,15.00
2009.10.22 18:28:06.135,0.8712,0.87155,6.80,15.80
2009.10.22 18:28:06.245,0.8712,0.87155,4.00,15.70
2009.10.22 18:28:06.535,0.87115,0.8715,10.80,6.80
2009.10.22 18:28:06.645,0.87115,0.8715,7.00,6.80
2009.10.22 18:28:06.765,0.87115,0.8715,6.80,6.80
2009.10.22 18:28:07.354,0.87115,0.8715,8.40,6.80
2009.10.22 18:28:07.694,0.87115,0.8715,8.50,6.80
2009.10.22 18:28:07.974,0.87115,0.8715,8.40,6.80
2009.10.22 18:28:08.194,0.87115,0.8715,8.60,6.80
2009.10.22 18:28:08.704,0.87115,0.8715,8.40,6.80
2009.10.22 18:28:10.544,0.87115,0.8715,8.60,6.80
2009.10.22 18:28:10.723,0.87115,0.8715,8.40,6.80
2009.10.22 18:28:11.633,0.87115,0.8715,8.60,6.80
2009.10.22 18:28:11.813,0.87115,0.8715,8.40,6.80
2009.10.22 18:28:12.733,0.87115,0.8715,6.80,6.80
2009.10.22 18:28:15.112,0.8711,0.8714,8.00,6.40
2009.10.22 18:28:15.342,0.8711,0.8714,4.00,11.70
2009.10.22 18:28:15.562,0.871,0.87135,6.40,6.80
2009.10.22 18:28:16.032,0.87105,0.8714,6.40,15.80
2009.10.22 18:28:16.262,0.87105,0.8714,6.40,10.20
2009.10.22 18:28:16.542,0.8711,0.8714,2.70,6.40
2009.10.22 18:28:16.822,0.87115,0.8714,4.80,4.00
2009.10.22 18:28:17.152,0.87115,0.8715,7.20,7.20
2009.10.22 18:28:17.442,0.87115,0.8715,9.00,6.40
2009.10.22 18:28:17.782,0.8712,0.87155,7.20,15.80
2009.10.22 18:28:18.072,0.8712,0.87155,7.20,13.40
2009.10.22 18:28:20.641,0.8712,0.87155,4.80,13.30
2009.10.22 18:28:20.811,0.8711,0.87145,6.40,11.70
2009.10.22 18:28:20.971,0.87105,0.8714,6.40,12.50
2009.10.22 18:28:21.151,0.871,0.87135,10.40,8.00
2009.10.22 18:28:21.271,0.87095,0.8713,13.60,6.40
2009.10.22 18:28:21.451,0.87115,0.87135,2.40,7.20
2009.10.22 18:28:21.621,0.87115,0.87135,7.50,1.60
2009.10.22 18:28:21.851,0.87115,0.8715,9.10,6.80
2009.10.22 18:28:22.131,0.87115,0.8715,9.10,7.20
2009.10.22 18:28:22.661,0.87115,0.8715,9.20,7.20
2009.10.22 18:28:23.231,0.8712,0.87155,8.80,8.60
2009.10.22 18:28:23.691,0.8712,0.87155,7.20,10.20
2009.10.22 18:28:23.930,0.8712,0.87155,7.20,11.00
2009.10.22 18:28:24.170,0.87115,0.8715,8.80,6.80
2009.10.22 18:28:24.860,0.8711,0.87145,4.00,21.40
2009.10.22 18:28:25.080,0.87105,0.87135,4.00,9.30
2009.10.22 18:28:25.260,0.871,0.8713,2.40,4.00
2009.10.22 18:28:25.440,0.871,0.87135,6.40,14.20
2009.10.22 18:28:25.610,0.871,0.87135,6.40,13.40
2009.10.22 18:28:26.250,0.871,0.87135,6.40,14.20
2009.10.22 18:28:26.490,0.87095,0.8713,6.40,6.40
2009.10.22 18:28:27.010,0.87105,0.8713,1.00,6.40
2009.10.22 18:28:27.290,0.87105,0.8713,4.00,4.00
2009.10.22 18:28:27.580,0.8711,0.87135,6.80,3.70
2009.10.22 18:28:28.980,0.8711,0.8714,6.80,12.60
2009.10.22 18:28:29.319,0.8711,0.8714,6.80,11.80
2009.10.22 18:28:29.539,0.8711,0.8713,2.80,4.00
2009.10.22 18:28:29.779,0.871,0.87135,6.40,14.20
2009.10.22 18:28:30.229,0.871,0.87135,6.40,10.20
2009.10.22 18:28:30.979,0.871,0.87135,4.00,11.10
2009.10.22 18:28:31.339,0.871,0.87135,2.40,19.90
2009.10.22 18:28:31.689,0.871,0.87135,2.40,19.10
2009.10.22 18:28:31.969,0.871,0.87125,6.40,1.00
2009.10.22 18:28:32.479,0.871,0.8712,4.00,2.80
2009.10.22 18:28:32.769,0.8709,0.87125,7.00,6.80
2009.10.22 18:28:33.008,0.87095,0.8713,6.80,12.70
2009.10.22 18:28:34.338,0.87095,0.8713,12.10,9.30
2009.10.22 18:28:34.518,0.87095,0.8713,12.10,5.30
2009.10.22 18:28:36.057,0.871,0.8713,6.90,5.30
2009.10.22 18:28:36.227,0.871,0.8713,7.00,5.30
2009.10.22 18:28:36.697,0.871,0.8713,4.50,7.80
2009.10.22 18:28:36.877,0.871,0.8713,4.00,7.40
2009.10.22 18:28:37.167,0.87095,0.8713,7.00,11.40
2009.10.22 18:28:37.747,0.87095,0.8713,11.00,11.40
2009.10.22 18:28:37.967,0.871,0.8713,4.00,4.00
2009.10.22 18:28:38.197,0.871,0.87135,12.00,8.90
2009.10.22 18:28:38.727,0.871,0.87135,12.00,7.30
2009.10.22 18:28:38.957,0.871,0.87135,12.30,8.90
2009.10.22 18:28:39.777,0.87105,0.87135,6.80,8.90
2009.10.22 18:28:40.296,0.87105,0.87135,7.00,8.90
2009.10.22 18:28:40.527,0.87105,0.87135,6.40,8.90
2009.10.22 18:28:40.816,0.871,0.8713,6.40,3.70
2009.10.22 18:28:41.156,0.871,0.8713,6.40,4.50
2009.10.22 18:28:41.916,0.871,0.8713,7.60,1.00
2009.10.22 18:28:42.206,0.87105,0.8713,4.00,1.20
2009.10.22 18:28:44.525,0.87105,0.8713,4.00,1.00
2009.10.22 18:28:44.935,0.871,0.8713,4.00,8.10
2009.10.22 18:28:45.156,0.87095,0.8712,4.00,2.40
2009.10.22 18:28:45.325,0.87085,0.8712,7.90,6.40
2009.10.22 18:28:45.565,0.87085,0.8712,13.40,2.40
2009.10.22 18:28:49.084,0.8709,0.8712,8.90,2.40
2009.10.22 18:28:49.254,0.8709,0.87125,9.90,7.80
2009.10.22 18:28:49.364,0.8709,0.87125,9.90,6.40
2009.10.22 18:28:49.654,0.87095,0.87125,4.60,4.00
2009.10.22 18:28:49.824,0.87095,0.8713,8.60,10.60
2009.10.22 18:28:58.252,0.8709,0.87125,7.80,6.80
2009.10.22 18:28:58.552,0.8709,0.87125,7.80,10.60
2009.10.22 18:28:58.782,0.8709,0.87125,7.00,10.60
2009.10.22 18:29:05.310,0.8709,0.87125,4.00,16.70
2009.10.22 18:29:05.530,0.87085,0.87115,8.00,2.40
2009.10.22 18:29:05.701,0.8708,0.87115,12.00,6.40
2009.10.22 18:29:05.880,0.87085,0.87115,3.20,4.00
2009.10.22 18:29:06.360,0.87085,0.8712,7.20,6.40
2009.10.22 18:29:08.590,0.87085,0.8712,9.70,4.00
2009.10.22 18:29:08.770,0.8709,0.8712,3.40,4.00
2009.10.22 18:29:08.950,0.8709,0.87125,7.40,10.60
2009.10.22 18:29:11.979,0.87095,0.87125,2.80,4.00
2009.10.22 18:29:12.099,0.87095,0.8713,6.80,10.60
2009.10.22 18:29:12.679,0.87095,0.8713,6.80,11.40
2009.10.22 18:29:12.919,0.8709,0.87125,7.00,6.80
2009.10.22 18:29:14.178,0.8709,0.87125,7.80,6.80
2009.10.22 18:29:14.518,0.87095,0.87125,2.80,4.00
2009.10.22 18:29:14.858,0.87095,0.8713,6.80,10.60
2009.10.22 18:29:15.318,0.87085,0.87115,8.60,2.40
2009.10.22 18:29:15.558,0.8709,0.87125,7.20,11.00
2009.10.22 18:29:16.998,0.8709,0.87125,7.30,11.00
2009.10.22 18:29:17.167,0.8709,0.87125,7.40,11.00
2009.10.22 18:29:19.597,0.8709,0.87125,7.40,7.20
2009.10.22 18:29:22.926,0.8709,0.87125,8.20,7.20
2009.10.22 18:29:23.156,0.87095,0.87125,2.80,4.00
2009.10.22 18:29:23.396,0.87095,0.8713,6.80,11.40
2009.10.22 18:29:24.376,0.87095,0.8713,7.00,11.40
2009.10.22 18:29:25.875,0.87095,0.8713,7.80,11.40
2009.10.22 18:29:26.165,0.87095,0.8713,11.70,7.70
2009.10.22 18:29:26.446,0.871,0.8713,4.00,6.20
2009.10.22 18:29:27.075,0.87095,0.8713,6.40,10.20
2009.10.22 18:29:28.385,0.87095,0.8713,6.40,11.80
2009.10.22 18:29:28.445,0.87095,0.8713,4.00,12.50
2009.10.22 18:29:28.505,0.87095,0.87125,4.00,3.80
2009.10.22 18:29:28.565,0.8709,0.87125,7.40,8.60
2009.10.22 18:29:28.925,0.8709,0.87125,7.40,11.00
2009.10.22 18:29:30.584,0.8709,0.87125,7.40,11.80
2009.10.22 18:29:30.814,0.8709,0.8712,4.10,3.80
2009.10.22 18:29:31.034,0.87085,0.8712,7.40,9.40
2009.10.22 18:29:31.264,0.87085,0.8712,4.00,12.90
2009.10.22 18:29:31.434,0.87085,0.87115,2.40,4.00
2009.10.22 18:29:31.674,0.87085,0.87115,1.00,6.40
2009.10.22 18:29:32.074,0.8708,0.87115,8.20,6.40
2009.10.22 18:29:33.174,0.8708,0.87115,7.40,6.40
2009.10.22 18:29:36.283,0.8708,0.87115,8.20,6.40
2009.10.22 18:29:36.453,0.8708,0.87115,7.40,6.40
2009.10.22 18:29:36.623,0.8708,0.8711,4.00,4.40
2009.10.22 18:29:36.803,0.8708,0.8711,4.00,8.40
2009.10.22 18:29:53.609,0.87075,0.8711,11.00,8.40
2009.10.22 18:29:53.769,0.87075,0.8711,7.00,8.40
2009.10.22 18:29:53.949,0.87075,0.8711,11.00,8.40
2009.10.22 18:29:55.458,0.8708,0.8711,4.00,12.40
2009.10.22 18:29:55.808,0.8707,0.87095,4.00,2.40
2009.10.22 18:29:56.168,0.8706,0.87095,6.80,4.00
2009.10.22 18:29:56.348,0.87065,0.871,4.00,9.30
2009.10.22 18:29:57.138,0.87065,0.871,4.00,10.20
2009.10.22 18:29:59.827,0.8706,0.87095,6.40,7.80
2009.10.22 18:30:01.037,0.8707,0.87095,2.80,5.30
2009.10.22 18:30:01.267,0.8707,0.871,6.80,8.50
2009.10.22 18:30:01.497,0.8707,0.871,6.80,7.70
2009.10.22 18:30:03.097,0.8707,0.871,7.00,3.70
2009.10.22 18:30:04.706,0.8707,0.87105,7.00,13.00
2009.10.22 18:30:07.635,0.8707,0.87105,7.00,10.60
2009.10.22 18:30:08.165,0.8707,0.87105,7.00,11.40
2009.10.22 18:30:08.346,0.8707,0.87105,7.00,10.60
2009.10.22 18:30:08.585,0.8707,0.87105,7.00,8.20
2009.10.22 18:30:10.135,0.87075,0.87105,2.40,5.30
2009.10.22 18:30:11.175,0.8707,0.87105,7.00,11.00
2009.10.22 18:30:11.644,0.8707,0.87105,11.60,15.00
2009.10.22 18:30:11.874,0.8707,0.87105,12.00,7.80
2009.10.22 18:30:12.115,0.8707,0.87105,12.10,11.80
2009.10.22 18:30:15.434,0.8708,0.87105,1.60,7.80
2009.10.22 18:30:15.784,0.8708,0.8711,4.00,7.40
2009.10.22 18:30:16.083,0.8709,0.8711,1.60,7.20
2009.10.22 18:30:16.653,0.8709,0.8711,1.60,6.40
2009.10.22 18:30:16.823,0.87095,0.8711,1.60,6.40
2009.10.22 18:30:17.863,0.87095,0.8711,1.60,8.00
2009.10.22 18:30:18.193,0.87095,0.87115,1.60,9.60
2009.10.22 18:30:18.543,0.87095,0.87115,1.60,6.40
2009.10.22 18:30:19.972,0.8709,0.87115,1.60,10.50
2009.10.22 18:30:20.203,0.87095,0.8711,1.60,4.00
2009.10.22 18:30:26.691,0.8709,0.8711,1.60,4.00
2009.10.22 18:30:27.621,0.8708,0.8711,5.00,4.00
2009.10.22 18:30:28.370,0.8709,0.8711,1.60,4.00
2009.10.22 18:30:28.650,0.8709,0.87115,1.60,4.00
2009.10.22 18:30:29.000,0.8709,0.87115,1.60,8.00
2009.10.22 18:30:29.340,0.8709,0.871,1.60,4.00
2009.10.22 18:30:29.960,0.87095,0.871,1.60,4.00
2009.10.22 18:30:30.600,0.8709,0.871,1.60,4.00
2009.10.22 18:30:34.069,0.87085,0.871,4.40,4.00
2009.10.22 18:30:37.969,0.87085,0.87105,4.40,4.00
2009.10.22 18:30:38.198,0.87095,0.87115,1.60,4.00
2009.10.22 18:30:38.608,0.87095,0.8712,1.60,2.40
2009.10.22 18:30:38.788,0.87095,0.8712,5.60,2.40
2009.10.22 18:30:39.198,0.871,0.8712,4.00,2.40
2009.10.22 18:30:39.368,0.87095,0.8712,1.60,2.40
2009.10.22 18:30:40.418,0.87095,0.8712,1.60,3.20
2009.10.22 18:30:41.707,0.8709,0.8712,5.60,3.20
2009.10.22 18:30:43.627,0.871,0.8712,1.60,2.40
2009.10.22 18:30:44.826,0.8709,0.8712,5.60,2.40
2009.10.22 18:30:45.966,0.8709,0.87125,8.80,9.40
2009.10.22 18:30:46.196,0.87105,0.87125,1.60,7.00
2009.10.22 18:30:47.916,0.871,0.87125,1.60,7.00
2009.10.22 18:30:48.406,0.87105,0.8713,1.60,7.90
2009.10.22 18:30:48.706,0.87105,0.8713,1.60,11.80
2009.10.22 18:30:48.996,0.87105,0.87125,1.60,4.80
2009.10.22 18:30:49.295,0.87105,0.8713,1.60,11.00
2009.10.22 18:30:51.785,0.871,0.8713,1.60,12.70
2009.10.22 18:30:52.025,0.871,0.8713,1.60,17.50
2009.10.22 18:30:52.255,0.871,0.87125,1.60,11.00
2009.10.22 18:30:56.334,0.871,0.87125,1.60,10.20
2009.10.22 18:30:56.454,0.87105,0.87125,1.60,6.20
2009.10.22 18:30:56.624,0.87105,0.8713,1.60,11.00
2009.10.22 18:30:58.423,0.871,0.8713,1.60,11.00
2009.10.22 18:30:58.953,0.8711,0.8713,1.60,5.30
2009.10.22 18:30:59.183,0.87105,0.8713,1.60,8.60
2009.10.22 18:30:59.483,0.871,0.8713,1.60,8.60
2009.10.22 18:31:05.072,0.87105,0.8713,1.60,8.60
2009.10.22 18:31:16.609,0.871,0.8713,4.00,6.10
2009.10.22 18:31:16.659,0.87105,0.8713,1.60,7.20
2009.10.22 18:31:16.769,0.87105,0.8713,1.60,4.00
2009.10.22 18:31:16.879,0.871,0.8713,4.00,4.00
2009.10.22 18:31:16.999,0.87105,0.87135,5.60,5.60
2009.10.22 18:31:17.109,0.8711,0.87135,1.60,3.20
2009.10.22 18:31:17.739,0.8711,0.87135,1.60,7.20
2009.10.22 18:31:19.628,0.8711,0.87135,1.60,8.00
2009.10.22 18:31:19.798,0.8711,0.87135,1.60,8.90
2009.10.22 18:31:20.138,0.8711,0.8713,1.60,6.40
2009.10.22 18:31:20.368,0.87105,0.8713,1.60,4.80
2009.10.22 18:31:20.708,0.871,0.87135,8.40,8.00
2009.10.22 18:31:21.008,0.871,0.87135,8.40,7.20
2009.10.22 18:31:27.096,0.871,0.87135,6.80,7.20
2009.10.22 18:31:39.813,0.871,0.87135,6.80,8.00
2009.10.22 18:31:39.983,0.871,0.87135,7.60,4.80
2009.10.22 18:31:40.153,0.87105,0.8714,6.80,14.20
2009.10.22 18:31:40.513,0.87105,0.8714,6.80,12.60
2009.10.22 18:31:40.843,0.87105,0.8714,6.80,9.40
2009.10.22 18:31:43.912,0.87105,0.87135,6.80,1.00
2009.10.22 18:31:44.202,0.871,0.87135,6.80,7.20
2009.10.22 18:31:44.792,0.871,0.87135,6.80,8.60
2009.10.22 18:31:45.072,0.871,0.87135,6.80,11.00
2009.10.22 18:31:54.370,0.871,0.87135,6.80,7.20
2009.10.22 18:31:59.718,0.871,0.87125,6.80,1.00
2009.10.22 18:32:00.069,0.871,0.87125,1.60,6.40
2009.10.22 18:32:00.419,0.87095,0.8713,8.00,14.20
2009.10.22 18:32:00.768,0.87105,0.87125,1.60,7.20
2009.10.22 18:32:01.118,0.87105,0.87125,1.60,8.60
2009.10.22 18:32:01.408,0.87105,0.87125,1.60,4.00
2009.10.22 18:32:01.588,0.87105,0.8713,1.60,15.00
2009.10.22 18:32:01.708,0.87105,0.8713,1.60,11.00
2009.10.22 18:32:03.668,0.871,0.8713,4.40,7.70
2009.10.22 18:32:03.957,0.871,0.8713,8.40,2.40
2009.10.22 18:32:04.307,0.871,0.87135,8.40,13.40
2009.10.22 18:32:05.177,0.871,0.87135,8.40,14.20
2009.10.22 18:32:05.337,0.871,0.87135,1.60,19.10
2009.10.22 18:32:05.497,0.871,0.8713,1.60,14.90
2009.10.22 18:32:05.607,0.871,0.8713,1.60,11.10
2009.10.22 18:32:05.957,0.871,0.8713,1.60,15.10
2009.10.22 18:32:06.297,0.871,0.8713,1.60,15.90
2009.10.22 18:32:06.687,0.871,0.8712,1.60,4.00
2009.10.22 18:32:10.666,0.871,0.87125,1.60,6.40
2009.10.22 18:32:10.786,0.871,0.87125,1.60,4.00
2009.10.22 18:32:12.065,0.871,0.8713,1.60,12.60
2009.10.22 18:32:12.245,0.871,0.8713,1.60,8.60
2009.10.22 18:32:13.125,0.871,0.8713,4.40,4.00
2009.10.22 18:32:13.465,0.871,0.87135,8.60,10.60
2009.10.22 18:32:14.415,0.871,0.8713,5.70,2.80
2009.10.22 18:32:14.765,0.87095,0.8713,9.00,6.80
2009.10.22 18:32:17.944,0.871,0.8713,4.40,4.00
2009.10.22 18:32:18.124,0.871,0.87135,8.40,10.60
2009.10.22 18:32:19.793,0.87095,0.8713,9.80,6.80
2009.10.22 18:32:23.463,0.8711,0.8713,1.60,4.40
2009.10.22 18:32:23.573,0.8711,0.8713,1.60,4.00
2009.10.22 18:32:23.753,0.8711,0.87135,1.60,15.00
2009.10.22 18:32:23.812,0.8711,0.87135,1.60,11.00
2009.10.22 18:32:24.402,0.8711,0.87135,1.60,11.00
2009.10.22 18:32:24.742,0.87105,0.8713,1.60,6.80
2009.10.22 18:32:26.792,0.87105,0.8713,1.60,7.60
2009.10.22 18:32:26.972,0.87105,0.8713,1.60,11.60
2009.10.22 18:32:27.092,0.8709,0.87125,10.00,6.80
2009.10.22 18:32:27.272,0.87105,0.87125,1.60,6.80
2009.10.22 18:32:29.611,0.87105,0.87125,1.60,6.40
2009.10.22 18:32:29.891,0.87095,0.8713,8.80,7.20
2009.10.22 18:32:31.271,0.8709,0.87125,10.00,7.20
2009.10.22 18:32:31.451,0.8709,0.87125,9.20,6.40
2009.10.22 18:32:32.291,0.871,0.87125,1.60,6.40
2009.10.22 18:32:33.280,0.871,0.87125,1.60,2.40
2009.10.22 18:32:33.680,0.871,0.87125,1.60,6.40
2009.10.22 18:32:34.740,0.871,0.8713,1.60,10.20
2009.10.22 18:32:38.659,0.871,0.87125,1.60,2.40
2009.10.22 18:32:38.879,0.87095,0.87125,5.60,6.40
2009.10.22 18:32:43.099,0.87105,0.8712,1.60,1.00
2009.10.22 18:32:43.218,0.871,0.8712,1.60,3.20
2009.10.22 18:32:43.338,0.87095,0.8712,1.60,7.20
2009.10.22 18:32:43.578,0.87095,0.8712,1.60,3.20
2009.10.22 18:32:43.748,0.87095,0.8712,1.60,7.20
2009.10.22 18:32:45.388,0.8709,0.87125,8.40,8.60
2009.10.22 18:32:45.627,0.87095,0.87125,1.60,8.60
2009.10.22 18:32:48.637,0.87105,0.87125,1.60,8.60
2009.10.22 18:32:50.246,0.87105,0.87125,1.60,7.20
2009.10.22 18:32:52.096,0.87105,0.8713,1.60,11.10
2009.10.22 18:32:52.326,0.87105,0.8713,1.60,11.00
2009.10.22 18:32:52.616,0.87105,0.8713,1.60,10.20
2009.10.22 18:33:03.023,0.87095,0.8713,8.40,6.40
2009.10.22 18:33:07.232,0.87115,0.8713,1.60,4.80
2009.10.22 18:33:07.402,0.87115,0.8713,1.60,2.40
2009.10.22 18:33:07.582,0.87115,0.8713,1.60,7.20
2009.10.22 18:33:07.762,0.87105,0.8713,1.60,10.90
2009.10.22 18:33:08.122,0.87105,0.8713,1.60,15.70
2009.10.22 18:33:08.292,0.871,0.8713,1.60,15.70
2009.10.22 18:33:11.031,0.87105,0.8712,1.60,2.40
2009.10.22 18:33:11.271,0.871,0.8712,1.60,6.40
2009.10.22 18:33:16.311,0.87095,0.87115,1.60,2.40
2009.10.22 18:33:16.590,0.87095,0.87115,1.60,6.40
2009.10.22 18:33:16.880,0.8709,0.8711,1.60,6.40
2009.10.22 18:33:17.180,0.8708,0.8711,1.60,7.60
2009.10.22 18:33:17.410,0.8708,0.8711,1.60,11.60
2009.10.22 18:33:18.340,0.8708,0.87105,1.60,4.00
2009.10.22 18:33:18.699,0.8709,0.87105,1.60,4.00
2009.10.22 18:33:19.399,0.87085,0.87105,1.60,4.00
2009.10.22 18:33:19.699,0.8709,0.87105,1.60,4.00
2009.10.22 18:33:20.049,0.8709,0.8711,1.60,6.40
2009.10.22 18:33:20.279,0.8709,0.8711,1.60,11.20
2009.10.22 18:33:20.519,0.87085,0.8711,1.60,11.60
2009.10.22 18:33:20.799,0.87085,0.8711,1.60,7.20
2009.10.22 18:33:21.039,0.87075,0.8711,8.40,7.20
2009.10.22 18:33:26.288,0.87075,0.8711,8.40,7.20
2009.10.22 18:33:30.507,0.87085,0.8711,1.60,6.40
2009.10.22 18:33:32.476,0.87075,0.8711,9.20,6.40
2009.10.22 18:33:34.716,0.8708,0.87115,8.00,12.60
2009.10.22 18:33:40.184,0.8708,0.871,4.00,4.00
2009.10.22 18:33:43.983,0.8708,0.871,2.40,4.00
2009.10.22 18:33:46.023,0.8708,0.871,4.00,4.00
2009.10.22 18:33:50.182,0.8709,0.87105,1.60,4.00
2009.10.22 18:33:50.302,0.8709,0.87115,1.60,11.00
2009.10.22 18:33:53.251,0.8709,0.87115,1.60,7.80
2009.10.22 18:33:53.871,0.8709,0.87115,1.60,6.40
2009.10.22 18:33:54.901,0.8709,0.87115,1.60,2.40
2009.10.22 18:33:55.141,0.8709,0.87115,1.60,6.40
2009.10.22 18:33:57.800,0.8709,0.87115,1.60,7.80
2009.10.22 18:33:58.090,0.87085,0.87115,1.60,8.60
2009.10.22 18:33:58.360,0.87085,0.87115,1.60,9.30
2009.10.22 18:33:58.590,0.87085,0.8711,1.60,6.40
2009.10.22 18:33:58.880,0.8708,0.87105,1.60,3.60
2009.10.22 18:33:59.240,0.87075,0.87095,5.60,3.20
2009.10.22 18:33:59.590,0.87065,0.87095,1.60,15.80
2009.10.22 18:34:00.750,0.87055,0.8709,6.40,7.80
2009.10.22 18:34:00.980,0.87055,0.8709,6.60,6.40
2009.10.22 18:34:01.219,0.8706,0.8709,2.40,6.40
2009.10.22 18:34:01.509,0.8705,0.87085,6.80,6.40
2009.10.22 18:34:01.859,0.8705,0.87085,4.00,6.40
2009.10.22 18:34:02.159,0.8705,0.87085,4.00,10.50
2009.10.22 18:34:02.429,0.87045,0.8708,6.40,4.00
2009.10.22 18:34:03.289,0.8706,0.8709,6.40,6.20
2009.10.22 18:34:05.688,0.87065,0.8709,2.40,3.70
2009.10.22 18:34:05.848,0.87065,0.87095,2.40,10.20
2009.10.22 18:34:06.028,0.87065,0.87095,6.40,10.20
2009.10.22 18:34:08.308,0.8706,0.87095,6.40,10.90
2009.10.22 18:34:08.877,0.8706,0.8709,6.40,4.00
2009.10.22 18:34:10.917,0.8706,0.8709,6.40,4.00
2009.10.22 18:34:14.296,0.87065,0.87085,2.40,1.60
2009.10.22 18:34:14.656,0.87065,0.87085,6.40,1.60
2009.10.22 18:34:25.513,0.87055,0.8708,12.70,1.60
2009.10.22 18:34:25.683,0.87055,0.87085,14.60,1.60
2009.10.22 18:34:25.843,0.8706,0.87085,7.20,1.60
2009.10.22 18:34:26.013,0.87065,0.87085,3.20,1.60
2009.10.22 18:34:26.183,0.87065,0.87085,7.20,1.60
2009.10.22 18:34:26.353,0.8707,0.8709,2.40,1.60
2009.10.22 18:34:26.633,0.8707,0.87095,2.40,1.60
2009.10.22 18:34:26.913,0.87065,0.87095,11.50,4.00
2009.10.22 18:34:27.303,0.87065,0.8709,7.60,1.60
2009.10.22 18:34:27.533,0.87075,0.87095,4.00,1.60
2009.10.22 18:34:27.813,0.8707,0.87095,6.70,1.60
2009.10.22 18:34:28.263,0.87075,0.87095,4.00,1.60
2009.10.22 18:34:28.543,0.87075,0.871,4.00,4.00
2009.10.22 18:34:28.893,0.8707,0.87095,6.70,1.60
2009.10.22 18:34:29.592,0.8707,0.87095,7.50,1.60
2009.10.22 18:34:29.933,0.8707,0.87095,7.60,1.60
2009.10.22 18:34:30.282,0.8707,0.87095,11.60,1.60
2009.10.22 18:34:45.249,0.8707,0.87095,12.40,1.60
2009.10.22 18:34:45.549,0.8707,0.87095,8.40,1.60
2009.10.22 18:34:45.888,0.8707,0.87095,12.40,1.60
2009.10.22 18:34:49.028,0.8707,0.8709,6.70,1.60
2009.10.22 18:34:49.308,0.8707,0.8709,6.70,1.60
2009.10.22 18:34:49.658,0.8707,0.8709,6.80,1.60
2009.10.22 18:34:49.948,0.8707,0.8709,6.80,1.60
2009.10.22 18:34:52.107,0.8707,0.8709,6.70,1.60
2009.10.22 18:34:52.757,0.8707,0.87085,6.70,1.60
2009.10.22 18:34:52.927,0.8706,0.87085,6.80,1.60
2009.10.22 18:34:53.047,0.8706,0.87085,2.80,1.60
2009.10.22 18:34:53.217,0.8706,0.87085,2.40,1.60
2009.10.22 18:34:53.337,0.8706,0.8708,2.40,1.60
2009.10.22 18:34:53.497,0.87055,0.87085,10.80,1.60
2009.10.22 18:34:58.685,0.87065,0.87085,6.40,1.60
2009.10.22 18:34:58.855,0.87065,0.87085,6.70,1.60
2009.10.22 18:34:59.035,0.87065,0.87085,7.50,1.60
2009.10.22 18:34:59.265,0.87065,0.87085,6.70,1.60
2009.10.22 18:35:11.162,0.8707,0.871,4.00,7.20
2009.10.22 18:35:11.442,0.8707,0.87105,6.40,11.80
2009.10.22 18:35:11.712,0.8707,0.87105,6.40,7.80
2009.10.22 18:35:12.342,0.8707,0.87105,6.40,6.40
2009.10.22 18:35:12.692,0.87075,0.87105,4.00,2.40
2009.10.22 18:35:13.492,0.87075,0.8711,7.00,7.20
2009.10.22 18:35:16.251,0.87075,0.8711,6.80,7.20
2009.10.22 18:35:16.671,0.87075,0.8711,7.00,7.20
2009.10.22 18:35:17.471,0.87075,0.8711,8.60,7.20
2009.10.22 18:35:17.701,0.87075,0.8711,6.80,7.40
2009.10.22 18:35:17.931,0.87075,0.8711,6.90,7.20
2009.10.22 18:35:18.161,0.87075,0.8711,7.00,7.20
2009.10.22 18:35:20.000,0.87075,0.8711,7.00,2.40
2009.10.22 18:35:20.180,0.8708,0.87115,6.40,15.80
2009.10.22 18:35:20.351,0.8708,0.87115,6.40,10.40
2009.10.22 18:35:22.270,0.8708,0.87115,6.40,6.40
2009.10.22 18:35:25.479,0.8708,0.8711,2.40,4.00
2009.10.22 18:35:25.809,0.87075,0.8711,9.10,6.40
2009.10.22 18:35:26.159,0.8708,0.8711,2.40,4.00
2009.10.22 18:35:26.509,0.8708,0.87115,6.40,10.40
2009.10.22 18:35:26.749,0.87075,0.8711,9.10,6.40
2009.10.22 18:35:26.979,0.8708,0.8711,2.40,4.00
2009.10.22 18:35:27.259,0.8708,0.87115,6.40,10.40
2009.10.22 18:35:27.489,0.8708,0.87115,7.40,4.00
2009.10.22 18:35:28.178,0.87085,0.8712,6.40,6.40
2009.10.22 18:35:31.977,0.8709,0.87125,6.40,13.80
2009.10.22 18:35:32.217,0.8709,0.87125,6.40,6.80
2009.10.22 18:35:32.517,0.8709,0.87125,17.10,6.40
2009.10.22 18:35:32.807,0.8709,0.87125,21.20,4.00
2009.10.22 18:35:33.027,0.871,0.87125,4.30,4.00
2009.10.22 18:35:33.367,0.87105,0.8714,6.40,12.20
2009.10.22 18:35:33.597,0.87105,0.8714,6.40,7.80
2009.10.22 18:35:33.827,0.87105,0.8714,6.40,8.60
2009.10.22 18:35:34.087,0.87105,0.8713,4.00,4.50
2009.10.22 18:35:34.307,0.871,0.87125,4.00,6.80
2009.10.22 18:35:34.537,0.8709,0.87125,6.70,10.80
2009.10.22 18:35:38.196,0.8709,0.8712,6.40,4.00
2009.10.22 18:35:41.245,0.87095,0.8712,2.40,4.00
2009.10.22 18:35:41.635,0.87095,0.87125,2.40,6.40
2009.10.22 18:35:44.884,0.8709,0.8712,6.40,4.00
2009.10.22 18:35:52.432,0.8709,0.8711,6.40,1.60
2009.10.22 18:35:53.022,0.8709,0.8711,2.40,1.60
2009.10.22 18:35:53.142,0.87085,0.8711,6.60,1.60
2009.10.22 18:35:53.382,0.87085,0.87105,4.00,1.60
2009.10.22 18:35:53.613,0.8708,0.87105,6.40,1.60
2009.10.22 18:35:59.971,0.8708,0.87105,6.60,1.60
2009.10.22 18:36:00.261,0.8709,0.8711,1.00,1.60
2009.10.22 18:36:00.481,0.87095,0.8712,2.80,5.60
2009.10.22 18:36:00.921,0.87095,0.8712,2.40,5.60
2009.10.22 18:36:01.150,0.87095,0.8712,2.40,1.60
2009.10.22 18:36:01.700,0.8709,0.8711,4.00,1.60
2009.10.22 18:36:02.150,0.87085,0.8711,9.10,1.60
2009.10.22 18:36:03.120,0.8709,0.87115,4.00,1.60
2009.10.22 18:36:03.410,0.8709,0.8711,4.00,1.60
2009.10.22 18:36:03.690,0.87085,0.8711,9.10,1.60
2009.10.22 18:36:03.920,0.87085,0.8712,9.10,5.60
2009.10.22 18:36:04.150,0.87095,0.8712,2.40,5.60
2009.10.22 18:36:04.390,0.87095,0.8712,4.00,1.60
2009.10.22 18:36:04.729,0.8709,0.8712,4.00,1.60
2009.10.22 18:36:05.070,0.87085,0.8712,6.40,8.00
2009.10.22 18:36:07.849,0.87085,0.8712,10.40,5.60
2009.10.22 18:36:08.139,0.87095,0.8712,6.40,1.60
2009.10.22 18:36:08.479,0.87085,0.8711,9.10,1.60
2009.10.22 18:36:08.779,0.87085,0.8711,6.40,1.60
2009.10.22 18:36:09.349,0.87085,0.8711,4.00,4.00
2009.10.22 18:36:09.588,0.87085,0.87105,4.00,1.60
2009.10.22 18:36:09.878,0.8708,0.87105,6.40,1.60
2009.10.22 18:36:15.527,0.8708,0.87105,7.20,1.60
2009.10.22 18:36:15.757,0.8708,0.8711,11.20,1.60
2009.10.22 18:36:16.037,0.8709,0.8712,6.80,7.80
2009.10.22 18:36:17.176,0.8709,0.87105,7.00,1.60
2009.10.22 18:36:17.406,0.87095,0.8711,4.00,1.60
2009.10.22 18:36:17.676,0.87085,0.8711,6.60,1.60
2009.10.22 18:36:17.916,0.87085,0.871,4.00,1.60
2009.10.22 18:36:18.156,0.8708,0.87105,6.40,1.60
2009.10.22 18:36:18.556,0.8708,0.87105,6.70,1.60
2009.10.22 18:36:20.286,0.8708,0.87105,14.20,1.60
2009.10.22 18:36:20.516,0.87085,0.87105,6.40,1.60
2009.10.22 18:36:21.156,0.87085,0.87105,6.60,1.60
2009.10.22 18:36:23.435,0.87085,0.8711,6.60,1.60
2009.10.22 18:36:52.758,0.87085,0.8711,11.30,1.60
2009.10.22 18:36:56.667,0.87085,0.87105,11.30,1.60
2009.10.22 18:36:56.907,0.87085,0.87105,11.40,1.60
2009.10.22 18:36:57.137,0.87085,0.87105,6.80,1.60
2009.10.22 18:36:57.597,0.8709,0.8711,6.80,1.60
2009.10.22 18:37:01.606,0.8709,0.8711,4.40,1.60
2009.10.22 18:37:01.726,0.8709,0.8711,4.00,1.60
2009.10.22 18:37:07.025,0.8709,0.8711,4.10,1.60
2009.10.22 18:37:07.195,0.8709,0.8711,4.00,1.60
2009.10.22 18:37:13.073,0.8709,0.8712,6.40,1.60
2009.10.22 18:37:13.303,0.8709,0.8712,4.00,1.60
2009.10.22 18:37:13.533,0.8709,0.8712,8.00,1.60
2009.10.22 18:37:14.633,0.87095,0.8712,4.00,1.60
2009.10.22 18:37:35.408,0.87095,0.8712,4.00,4.00
2009.10.22 18:37:35.988,0.8709,0.8711,4.80,1.60
2009.10.22 18:37:36.678,0.8709,0.8711,4.00,1.60
2009.10.22 18:37:37.367,0.8709,0.87115,6.40,1.60
2009.10.22 18:37:37.538,0.8709,0.8712,7.80,1.60
2009.10.22 18:37:37.937,0.87095,0.8712,7.60,1.60
2009.10.22 18:37:38.637,0.87095,0.87115,7.60,1.60
2009.10.22 18:37:39.447,0.87095,0.87115,7.80,1.60
2009.10.22 18:37:40.077,0.87105,0.87125,6.80,1.60
2009.10.22 18:37:40.256,0.87105,0.87125,7.80,1.60
2009.10.22 18:37:45.965,0.87105,0.87125,7.00,1.60
2009.10.22 18:37:46.185,0.87105,0.87125,6.40,1.60
2009.10.22 18:37:46.245,0.87105,0.87125,4.00,1.60
2009.10.22 18:37:46.715,0.87105,0.87135,4.00,8.80
2009.10.22 18:37:46.885,0.87105,0.8713,4.00,4.40
2009.10.22 18:37:47.005,0.871,0.8713,8.00,8.40
2009.10.22 18:37:47.345,0.87095,0.8713,12.00,8.40
2009.10.22 18:37:47.705,0.87095,0.87115,9.60,1.60
2009.10.22 18:37:50.844,0.87105,0.87115,2.40,1.60
2009.10.22 18:37:51.014,0.87105,0.87125,1.00,1.60
2009.10.22 18:37:51.184,0.871,0.87125,6.40,1.60
2009.10.22 18:37:52.913,0.87105,0.87125,4.00,1.60
2009.10.22 18:37:53.933,0.87105,0.87125,7.20,1.60
2009.10.22 18:37:55.323,0.87105,0.87135,6.40,4.40
2009.10.22 18:37:55.713,0.87105,0.8713,4.00,4.00
2009.10.22 18:37:56.063,0.871,0.87115,8.00,1.60
2009.10.22 18:37:56.933,0.871,0.8712,4.20,1.60
2009.10.22 18:37:57.682,0.871,0.87125,4.20,1.60
2009.10.22 18:37:58.142,0.871,0.87125,7.50,1.60
2009.10.22 18:37:58.202,0.871,0.87125,8.30,1.60
2009.10.22 18:37:59.342,0.871,0.87125,8.40,1.60
2009.10.22 18:37:59.632,0.871,0.87135,8.40,6.80
2009.10.22 18:38:00.282,0.871,0.87135,10.80,6.80
2009.10.22 18:38:00.522,0.87105,0.87135,3.20,4.40
2009.10.22 18:38:00.692,0.87105,0.8714,10.30,12.40
2009.10.22 18:38:00.862,0.87105,0.8714,10.30,6.80
2009.10.22 18:38:01.092,0.87105,0.8714,11.90,6.80
2009.10.22 18:38:01.442,0.8711,0.87145,6.40,11.20
2009.10.22 18:38:01.981,0.8711,0.87145,4.00,8.00
2009.10.22 18:38:02.271,0.87105,0.8714,7.20,6.40
2009.10.22 18:38:02.851,0.87105,0.8714,11.20,6.40
2009.10.22 18:38:03.131,0.87105,0.8714,10.40,3.20
2009.10.22 18:38:03.421,0.871,0.87135,10.80,2.40
2009.10.22 18:38:03.661,0.871,0.87135,12.30,2.40
2009.10.22 18:38:03.841,0.87105,0.87135,7.00,4.00
2009.10.22 18:38:04.071,0.87105,0.8714,7.00,12.60
2009.10.22 18:38:04.651,0.87105,0.8714,6.90,11.00
2009.10.22 18:38:04.990,0.87105,0.8714,7.00,11.00
2009.10.22 18:38:05.330,0.87105,0.8714,7.00,9.60
2009.10.22 18:38:05.670,0.87105,0.8714,7.00,7.20
2009.10.22 18:38:06.670,0.8711,0.8714,1.00,7.20
2009.10.22 18:38:06.950,0.8711,0.87145,7.60,13.00
2009.10.22 18:38:07.240,0.8711,0.87145,7.60,10.60
2009.10.22 18:38:07.540,0.8711,0.87145,7.80,10.60
2009.10.22 18:38:07.870,0.8711,0.87145,12.10,6.40
2009.10.22 18:38:08.030,0.8711,0.87145,11.80,6.80
2009.10.22 18:38:08.210,0.8711,0.87145,7.80,6.80
2009.10.22 18:38:11.379,0.8711,0.87145,7.00,6.80
2009.10.22 18:38:17.448,0.8711,0.8714,4.00,2.40
2009.10.22 18:38:18.188,0.87105,0.8714,11.20,6.40
2009.10.22 18:38:18.527,0.87105,0.8714,13.40,4.00
2009.10.22 18:38:18.887,0.8711,0.87145,7.40,6.80
2009.10.22 18:38:22.257,0.8711,0.87145,7.20,6.80
2009.10.22 18:38:22.317,0.8711,0.87145,1.00,11.60
2009.10.22 18:38:22.367,0.87105,0.8714,11.60,6.80
2009.10.22 18:38:27.555,0.87105,0.8714,10.70,6.80
2009.10.22 18:38:27.905,0.87105,0.87135,6.60,2.40
2009.10.22 18:38:28.025,0.871,0.87135,11.60,6.40
2009.10.22 18:38:34.883,0.87105,0.87135,2.60,6.40
2009.10.22 18:38:38.902,0.87105,0.8714,9.50,6.80
2009.10.22 18:38:39.072,0.87105,0.8714,11.10,6.80
2009.10.22 18:38:40.362,0.87105,0.8714,11.20,6.80
2009.10.22 18:38:42.232,0.87105,0.8714,11.20,7.60
2009.10.22 18:38:42.412,0.87105,0.87135,8.40,2.40
2009.10.22 18:38:42.702,0.87105,0.87135,4.00,2.40
2009.10.22 18:38:43.291,0.871,0.87135,10.00,6.40
2009.10.22 18:38:43.981,0.871,0.87135,10.00,6.40
2009.10.22 18:38:44.441,0.87105,0.87135,1.00,6.40
2009.10.22 18:38:44.711,0.871,0.8713,11.30,2.40
2009.10.22 18:38:44.991,0.871,0.8713,9.00,2.40
2009.10.22 18:38:45.341,0.871,0.8713,9.00,6.40
2009.10.22 18:38:45.641,0.871,0.8713,7.40,6.40
2009.10.22 18:38:46.631,0.871,0.8713,7.20,6.40
2009.10.22 18:38:46.801,0.871,0.8713,7.40,6.40
2009.10.22 18:38:47.190,0.871,0.8713,7.20,6.40
2009.10.22 18:38:47.540,0.871,0.8713,7.40,6.40
2009.10.22 18:38:49.150,0.87105,0.87135,2.40,6.40
2009.10.22 18:38:52.509,0.87105,0.87125,2.40,1.60
2009.10.22 18:38:52.919,0.871,0.87125,7.20,1.60
2009.10.22 18:38:53.099,0.871,0.87125,6.40,1.60
2009.10.22 18:38:53.559,0.8711,0.8713,1.00,6.40
2009.10.22 18:38:54.041,0.87115,0.8713,2.40,4.40
2009.10.22 18:38:54.279,0.87115,0.8714,8.80,1.00
2009.10.22 18:38:54.669,0.87115,0.8715,9.10,6.80
2009.10.22 18:38:54.969,0.87115,0.8715,7.50,6.80
2009.10.22 18:38:55.309,0.87115,0.8715,7.20,8.30
2009.10.22 18:38:55.668,0.87115,0.8715,7.20,9.90
2009.10.22 18:38:56.008,0.87115,0.8715,7.20,12.30
2009.10.22 18:38:56.358,0.87115,0.8715,7.40,12.20
2009.10.22 18:38:59.408,0.87115,0.87145,4.00,2.80
2009.10.22 18:38:59.928,0.8711,0.87145,7.40,6.80
2009.10.22 18:39:05.716,0.8711,0.87145,11.40,6.80
2009.10.22 18:39:05.986,0.87115,0.87145,4.00,4.00
2009.10.22 18:39:06.286,0.87115,0.87145,1.00,6.40
2009.10.22 18:39:06.526,0.8712,0.87145,4.00,2.80
2009.10.22 18:39:07.046,0.8711,0.87145,7.40,6.80
2009.10.22 18:39:07.556,0.8711,0.87145,7.60,6.80
2009.10.22 18:39:07.785,0.8711,0.87145,9.20,6.80
2009.10.22 18:39:07.996,0.87115,0.8715,8.80,7.60
2009.10.22 18:39:08.325,0.87115,0.8715,8.80,6.80
2009.10.22 18:39:08.665,0.8712,0.8715,2.40,6.80
2009.10.22 18:39:08.955,0.8712,0.8715,6.40,2.40
2009.10.22 18:39:10.575,0.87125,0.8715,4.00,2.40
2009.10.22 18:39:10.795,0.87125,0.87155,6.40,4.00
2009.10.22 18:39:11.265,0.87125,0.8716,7.20,10.40
2009.10.22 18:39:11.625,0.87125,0.87155,8.00,2.40
2009.10.22 18:39:12.355,0.87125,0.87155,8.00,6.40
2009.10.22 18:39:12.644,0.87125,0.87155,2.40,6.40
2009.10.22 18:39:13.004,0.87125,0.87155,6.40,6.40
2009.10.22 18:39:14.374,0.87125,0.87155,6.40,9.40
2009.10.22 18:39:14.724,0.87125,0.87155,6.40,7.80
2009.10.22 18:39:17.253,0.87125,0.87155,6.40,9.40
2009.10.22 18:39:17.603,0.87125,0.8715,6.40,1.00
2009.10.22 18:39:17.893,0.87125,0.87135,4.00,1.00
2009.10.22 18:39:18.233,0.8709,0.8713,7.60,2.40
2009.10.22 18:39:18.583,0.8709,0.87135,7.60,10.20
2009.10.22 18:39:19.173,0.8709,0.87135,6.80,10.20
2009.10.22 18:39:19.463,0.871,0.87135,7.20,10.20
2009.10.22 18:39:19.803,0.87105,0.87135,1.00,6.40
2009.10.22 18:39:20.603,0.871,0.87135,7.00,6.40
2009.10.22 18:39:21.003,0.87105,0.87135,1.00,6.40
2009.10.22 18:39:21.352,0.8711,0.87135,4.00,4.00
2009.10.22 18:39:21.692,0.8712,0.87145,2.40,1.00
2009.10.22 18:39:22.042,0.8712,0.87145,6.40,1.00
2009.10.22 18:39:22.392,0.8712,0.8715,6.40,2.40
2009.10.22 18:39:29.770,0.8712,0.8715,6.40,3.80
2009.10.22 18:39:29.950,0.8712,0.8715,4.00,3.80
2009.10.22 18:39:30.170,0.87115,0.8715,6.40,8.60
2009.10.22 18:39:35.419,0.87115,0.8715,7.20,8.60
2009.10.22 18:39:35.589,0.87115,0.8715,7.20,4.60
2009.10.22 18:39:35.769,0.87115,0.8715,13.30,2.40
2009.10.22 18:39:38.218,0.8712,0.8715,10.40,2.40
2009.10.22 18:39:38.388,0.87125,0.87155,6.40,8.80
2009.10.22 18:39:38.678,0.87125,0.87155,6.40,6.40
2009.10.22 18:39:39.848,0.87125,0.87155,8.00,6.40
2009.10.22 18:39:47.746,0.87125,0.87155,6.40,6.40
2009.10.22 18:39:53.385,0.87125,0.87155,6.40,8.00
2009.10.22 18:40:07.371,0.87125,0.87155,4.00,9.30
2009.10.22 18:40:07.671,0.8711,0.87145,4.60,8.00
2009.10.22 18:40:07.951,0.87105,0.8714,9.60,7.20
2009.10.22 18:40:09.970,0.87105,0.8714,9.60,7.20
2009.10.22 18:40:10.080,0.87105,0.8714,9.60,7.20
2009.10.22 18:40:11.080,0.87105,0.8714,9.60,7.20
2009.10.22 18:40:11.370,0.87105,0.8714,16.40,4.00
2009.10.22 18:40:11.600,0.87105,0.8714,16.40,4.00
2009.10.22 18:40:12.090,0.8711,0.87145,6.80,6.80
2009.10.22 18:40:12.550,0.87115,0.8715,6.40,11.00
2009.10.22 18:40:12.780,0.87115,0.8715,6.40,10.20
2009.10.22 18:40:21.188,0.87115,0.8715,6.40,11.00
2009.10.22 18:40:21.418,0.87115,0.8715,6.40,11.90
2009.10.22 18:40:21.588,0.87115,0.8715,4.00,11.70
2009.10.22 18:40:21.758,0.8711,0.87145,7.00,6.80
2009.10.22 18:40:23.137,0.8711,0.87145,6.90,6.80
2009.10.22 18:40:23.307,0.8711,0.87145,7.00,6.80
2009.10.22 18:40:23.927,0.8711,0.87145,7.70,6.80
2009.10.22 18:40:24.097,0.8711,0.87145,8.10,4.00
2009.10.22 18:40:24.737,0.87115,0.8715,6.80,10.60
2009.10.22 18:40:25.087,0.87115,0.8715,6.90,10.60
2009.10.22 18:40:25.427,0.87115,0.8715,7.00,10.60
2009.10.22 18:40:29.656,0.87115,0.8715,7.00,6.80
2009.10.22 18:40:30.366,0.87115,0.8713,7.00,1.60
2009.10.22 18:40:30.536,0.87115,0.8713,1.00,1.60
2009.10.22 18:40:30.825,0.87105,0.87125,2.60,1.60
2009.10.22 18:40:31.116,0.87105,0.8713,2.60,1.60
2009.10.22 18:40:31.405,0.87105,0.87135,2.60,8.80
2009.10.22 18:40:32.625,0.87105,0.87135,2.60,8.80
2009.10.22 18:40:38.844,0.87105,0.87135,2.60,8.80
2009.10.22 18:40:42.413,0.87115,0.87135,6.40,2.40
2009.10.22 18:40:42.593,0.87105,0.8713,5.80,1.60
2009.10.22 18:40:42.763,0.87105,0.87135,5.80,8.40
2009.10.22 18:40:44.392,0.87105,0.87135,5.00,8.40
2009.10.22 18:40:44.752,0.87105,0.87135,2.60,8.40
2009.10.22 18:40:46.672,0.87105,0.8713,2.40,1.60
2009.10.22 18:40:46.842,0.871,0.8713,10.40,1.60
2009.10.22 18:40:47.002,0.871,0.8713,9.50,1.60
2009.10.22 18:40:47.231,0.871,0.8713,6.80,4.00
2009.10.22 18:40:48.221,0.871,0.8713,4.00,8.80
2009.10.22 18:40:48.441,0.871,0.8713,6.80,8.00
2009.10.22 18:40:49.031,0.871,0.8713,6.80,8.00
2009.10.22 18:40:49.261,0.871,0.87115,4.00,1.60
2009.10.22 18:40:49.621,0.87095,0.87115,6.40,1.60
2009.10.22 18:40:51.251,0.87095,0.87115,7.20,1.60
2009.10.22 18:40:51.541,0.87095,0.8712,12.00,1.60
2009.10.22 18:40:53.050,0.871,0.87115,6.80,1.60
2009.10.22 18:40:53.790,0.871,0.87115,7.00,1.60
2009.10.22 18:40:56.619,0.871,0.87115,6.80,1.60
2009.10.22 18:40:56.840,0.871,0.8712,6.80,1.60
2009.10.22 18:40:57.009,0.871,0.8713,6.80,4.00
2009.10.22 18:40:57.429,0.871,0.8713,2.80,8.00
2009.10.22 18:40:57.779,0.871,0.87115,6.80,1.60
2009.10.22 18:40:58.009,0.871,0.87115,6.40,1.60
2009.10.22 18:40:58.239,0.871,0.87115,6.80,1.60
2009.10.22 18:40:58.459,0.871,0.87115,4.00,1.60
2009.10.22 18:40:59.399,0.87095,0.87115,6.40,1.60
2009.10.22 18:41:03.588,0.87095,0.87125,7.20,4.00
2009.10.22 18:41:03.818,0.871,0.87125,10.60,1.60
2009.10.22 18:41:04.048,0.871,0.8713,15.00,1.60
2009.10.22 18:41:04.227,0.871,0.8713,15.00,1.60
2009.10.22 18:41:04.447,0.87105,0.8713,12.80,1.60
2009.10.22 18:41:04.677,0.87105,0.87135,6.40,4.80
2009.10.22 18:41:05.017,0.87105,0.87125,2.40,1.60
2009.10.22 18:41:14.475,0.871,0.8713,6.40,4.00
2009.10.22 18:41:15.165,0.87105,0.8713,2.40,1.60
2009.10.22 18:41:16.344,0.871,0.8713,6.40,4.00
2009.10.22 18:41:16.864,0.87105,0.8713,2.40,1.60
2009.10.22 18:41:17.724,0.87105,0.87135,2.40,11.80
2009.10.22 18:41:18.064,0.871,0.87115,4.00,1.60
2009.10.22 18:41:18.244,0.871,0.8711,4.00,1.60
2009.10.22 18:41:18.414,0.8709,0.8711,4.00,1.60
2009.10.22 18:41:18.764,0.87085,0.87105,12.80,1.60
2009.10.22 18:41:19.104,0.87085,0.8711,2.60,1.60
2009.10.22 18:41:20.084,0.87105,0.87115,1.00,4.00
2009.10.22 18:41:20.434,0.87105,0.87115,6.70,4.00
2009.10.22 18:41:20.774,0.87105,0.8713,6.70,5.60
2009.10.22 18:41:21.123,0.87105,0.8713,6.90,5.60
2009.10.22 18:41:21.703,0.87105,0.8713,7.70,1.60
2009.10.22 18:41:24.473,0.87105,0.8714,7.70,5.60
2009.10.22 18:41:24.763,0.8711,0.8714,4.00,1.60
2009.10.22 18:41:25.642,0.87115,0.8714,6.40,1.60
2009.10.22 18:41:25.992,0.87115,0.8714,6.60,1.60
2009.10.22 18:41:31.301,0.87115,0.8714,6.40,1.60
2009.10.22 18:41:31.881,0.87115,0.8714,6.60,1.60
2009.10.22 18:41:32.051,0.87115,0.8714,6.90,1.60
2009.10.22 18:41:32.271,0.8712,0.8714,6.40,1.60
2009.10.22 18:41:33.750,0.8712,0.8714,4.00,1.60
2009.10.22 18:41:33.980,0.87115,0.8714,6.60,1.60
2009.10.22 18:41:36.370,0.87115,0.8714,6.40,1.60
2009.10.22 18:41:46.338,0.8712,0.8714,2.40,1.60
2009.10.22 18:41:46.517,0.8712,0.8714,6.40,1.60
2009.10.22 18:41:48.537,0.8712,0.8714,9.50,1.60
2009.10.22 18:41:48.837,0.8712,0.8714,13.50,1.60
2009.10.22 18:41:50.156,0.8713,0.8714,1.00,1.60
2009.10.22 18:41:50.506,0.8713,0.8715,3.00,1.60
2009.10.22 18:41:50.846,0.8714,0.8715,4.00,1.60
2009.10.22 18:41:51.147,0.87135,0.8714,4.00,1.60
2009.10.22 18:41:51.496,0.8713,0.8714,4.00,1.60
2009.10.22 18:41:51.846,0.87115,0.8714,6.80,1.60
2009.10.22 18:41:52.468,0.87115,0.8714,2.80,1.60
2009.10.22 18:41:53.106,0.87115,0.8714,6.80,1.60
2009.10.22 18:41:53.446,0.87115,0.87135,4.00,1.60
2009.10.22 18:41:54.106,0.8711,0.87135,7.90,1.60
2009.10.22 18:41:54.445,0.8711,0.87135,8.30,1.60
2009.10.22 18:41:55.515,0.87115,0.87135,6.40,1.60
2009.10.22 18:41:55.845,0.87115,0.87135,4.00,1.60
2009.10.22 18:41:56.525,0.8711,0.87135,6.70,1.60
2009.10.22 18:41:56.875,0.8711,0.87125,4.00,1.60
2009.10.22 18:41:57.545,0.871,0.8713,6.40,4.00
2009.10.22 18:41:58.005,0.871,0.8712,7.20,1.60
2009.10.22 18:41:58.295,0.871,0.87125,7.20,1.60
2009.10.22 18:41:58.935,0.87105,0.87125,6.40,1.60
2009.10.22 18:42:01.484,0.87105,0.87125,6.80,1.60
2009.10.22 18:42:01.714,0.8711,0.87135,4.00,1.60
2009.10.22 18:42:01.944,0.8711,0.87135,10.80,1.60
2009.10.22 18:42:03.713,0.8711,0.87135,8.00,1.60
2009.10.22 18:42:04.053,0.87105,0.87135,6.40,1.60
2009.10.22 18:42:04.333,0.87105,0.87135,10.40,1.60
2009.10.22 18:42:06.752,0.8711,0.87135,4.00,4.00
2009.10.22 18:42:06.992,0.87105,0.87135,6.40,8.00
2009.10.22 18:42:07.752,0.87105,0.87135,2.40,8.00
2009.10.22 18:42:08.082,0.87095,0.8712,13.90,1.60
2009.10.22 18:42:08.432,0.871,0.8712,6.40,1.60
2009.10.22 18:42:08.722,0.871,0.87115,4.00,1.60
2009.10.22 18:42:09.012,0.87095,0.87115,6.40,1.60
2009.10.22 18:42:09.932,0.87095,0.87115,4.00,1.60
2009.10.22 18:42:10.281,0.87095,0.87125,4.00,5.00
2009.10.22 18:42:11.001,0.8709,0.8711,7.20,1.60
2009.10.22 18:42:11.361,0.8709,0.87115,12.80,1.60
2009.10.22 18:42:13.491,0.8709,0.8711,12.90,1.60
2009.10.22 18:42:14.021,0.8709,0.87115,12.80,1.60
2009.10.22 18:42:14.381,0.8709,0.8711,12.80,1.60
2009.10.22 18:42:15.920,0.8709,0.8711,11.70,1.60
2009.10.22 18:42:17.970,0.87095,0.8711,10.80,1.60
2009.10.22 18:42:18.200,0.87105,0.8712,1.00,1.60
2009.10.22 18:42:18.430,0.8711,0.8713,4.00,1.60
2009.10.22 18:42:18.730,0.871,0.8713,4.80,4.00
2009.10.22 18:42:19.409,0.871,0.87105,4.00,1.60
2009.10.22 18:42:19.859,0.8709,0.87105,1.00,1.60
2009.10.22 18:42:21.879,0.87085,0.87105,7.10,1.60
2009.10.22 18:42:22.209,0.8709,0.87115,5.50,1.60
2009.10.22 18:42:22.499,0.8709,0.87125,9.10,9.70
2009.10.22 18:42:22.788,0.8709,0.87115,2.60,1.60
2009.10.22 18:42:23.029,0.8709,0.8712,6.60,2.10
2009.10.22 18:42:23.318,0.8709,0.87115,9.50,1.60
2009.10.22 18:42:23.658,0.8709,0.87115,7.20,1.60
2009.10.22 18:42:24.008,0.8709,0.87115,2.60,1.60
2009.10.22 18:42:24.298,0.8709,0.8712,2.60,8.40
2009.10.22 18:42:26.568,0.87085,0.87115,7.40,4.40
2009.10.22 18:42:27.198,0.87085,0.871,6.60,1.60
2009.10.22 18:42:27.477,0.87085,0.8711,4.00,1.60
2009.10.22 18:42:27.817,0.87085,0.8711,9.10,1.60
2009.10.22 18:42:28.107,0.8709,0.8711,4.00,1.60
2009.10.22 18:42:28.997,0.87095,0.8711,2.40,1.60
2009.10.22 18:42:29.497,0.87095,0.87115,2.40,1.60
2009.10.22 18:42:29.727,0.87095,0.87115,6.40,1.60
2009.10.22 18:42:30.467,0.87095,0.87125,6.40,5.00
2009.10.22 18:42:30.697,0.87095,0.87105,4.00,1.60
2009.10.22 18:42:31.386,0.8709,0.87105,6.80,1.60
2009.10.22 18:42:32.646,0.8709,0.8711,4.00,1.60
2009.10.22 18:42:33.126,0.8709,0.87105,6.80,1.60
2009.10.22 18:42:33.356,0.8709,0.87105,4.00,1.60
2009.10.22 18:42:33.586,0.87085,0.87105,4.00,1.60
2009.10.22 18:42:33.946,0.8708,0.87105,4.00,1.60
2009.10.22 18:42:34.276,0.8708,0.871,4.00,4.00
2009.10.22 18:42:34.896,0.8707,0.87095,4.00,1.60
2009.10.22 18:42:35.635,0.8707,0.871,4.00,4.80
2009.10.22 18:42:38.005,0.87065,0.87085,4.00,1.60
2009.10.22 18:42:38.295,0.8706,0.87085,4.20,1.60
2009.10.22 18:42:38.525,0.8706,0.8709,4.20,4.00
2009.10.22 18:42:43.644,0.8706,0.8708,5.00,1.60
2009.10.22 18:42:43.874,0.8706,0.8709,7.50,1.60
2009.10.22 18:42:44.044,0.8707,0.8709,1.00,1.60
2009.10.22 18:42:44.273,0.87075,0.8709,8.00,1.60
2009.10.22 18:42:44.443,0.8709,0.87095,1.00,4.00
2009.10.22 18:42:45.033,0.87095,0.87105,2.40,4.80
2009.10.22 18:42:45.433,0.87095,0.8711,4.00,1.00
2009.10.22 18:42:46.053,0.8709,0.87115,6.40,1.60
2009.10.22 18:42:47.273,0.8709,0.87115,7.20,1.60
2009.10.22 18:42:47.893,0.87085,0.87115,8.80,1.60
2009.10.22 18:42:48.132,0.87085,0.8712,6.40,8.40
2009.10.22 18:42:49.132,0.87085,0.8712,6.40,9.00
2009.10.22 18:42:51.792,0.87085,0.87115,4.00,2.80
2009.10.22 18:42:52.031,0.8708,0.87115,11.10,6.80
2009.10.22 18:42:52.151,0.8708,0.87115,7.10,6.80
2009.10.22 18:42:52.322,0.8708,0.87105,4.60,2.40
2009.10.22 18:42:52.381,0.8708,0.87105,4.20,2.80
2009.10.22 18:42:52.781,0.8708,0.87115,6.80,7.00
2009.10.22 18:42:53.111,0.8708,0.87115,6.80,6.80
2009.10.22 18:42:53.511,0.8708,0.87115,6.80,7.20
2009.10.22 18:42:53.861,0.8708,0.87115,7.00,7.20
2009.10.22 18:42:54.381,0.8708,0.87115,7.00,6.80
2009.10.22 18:42:54.681,0.8708,0.87115,7.00,8.40
2009.10.22 18:42:54.961,0.8708,0.8711,4.00,5.60
2009.10.22 18:42:55.291,0.87075,0.87105,6.60,7.20
2009.10.22 18:42:55.981,0.8707,0.87105,11.10,8.20
2009.10.22 18:42:56.211,0.8707,0.871,11.10,2.40
2009.10.22 18:42:57.810,0.87075,0.87105,4.00,7.20
2009.10.22 18:42:58.080,0.87075,0.87105,6.40,4.00
2009.10.22 18:42:59.060,0.87075,0.8711,6.40,6.40
2009.10.22 18:42:59.470,0.87075,0.8711,6.40,6.50
2009.10.22 18:42:59.530,0.87075,0.87105,4.00,3.20
2009.10.22 18:42:59.700,0.8707,0.871,13.50,2.40
2009.10.22 18:42:59.760,0.8707,0.871,11.10,2.40
2009.10.22 18:43:04.148,0.8707,0.871,11.90,2.40
2009.10.22 18:43:04.488,0.8707,0.87105,14.30,6.40
2009.10.22 18:43:05.658,0.8708,0.87105,2.80,4.00
2009.10.22 18:43:05.928,0.8708,0.87115,6.80,13.80
2009.10.22 18:43:06.148,0.8708,0.87115,6.80,7.60
2009.10.22 18:43:06.608,0.8708,0.87115,6.80,11.60
2009.10.22 18:43:06.888,0.8708,0.87105,4.00,2.40
2009.10.22 18:43:07.188,0.87075,0.87105,4.00,6.40
2009.10.22 18:43:08.927,0.87075,0.87105,4.00,6.80
2009.10.22 18:43:09.097,0.8707,0.87105,11.10,6.80
2009.10.22 18:43:12.537,0.8707,0.871,8.70,2.40
2009.10.22 18:43:12.656,0.8707,0.871,8.70,2.80
2009.10.22 18:43:12.777,0.8707,0.871,4.20,3.20
2009.10.22 18:43:12.887,0.8707,0.871,4.00,2.80
2009.10.22 18:43:12.996,0.8707,0.871,4.00,3.60
2009.10.22 18:43:13.176,0.87065,0.871,6.70,7.60
2009.10.22 18:43:14.416,0.87065,0.871,6.70,6.80
2009.10.22 18:43:14.706,0.8708,0.871,1.60,7.20
2009.10.22 18:43:14.996,0.8708,0.871,1.60,6.40
2009.10.22 18:43:15.566,0.8708,0.871,1.60,2.40
2009.10.22 18:43:17.185,0.8708,0.87105,1.60,11.80
2009.10.22 18:43:17.355,0.8708,0.87105,1.60,9.00
2009.10.22 18:43:17.585,0.8708,0.87105,1.60,7.60
2009.10.22 18:43:18.685,0.8708,0.87105,1.60,11.70
2009.10.22 18:43:19.025,0.87075,0.87105,5.60,11.70
2009.10.22 18:43:19.195,0.8707,0.8709,2.00,2.40
2009.10.22 18:43:19.365,0.8706,0.8709,4.40,3.60
2009.10.22 18:43:19.545,0.8706,0.8709,4.00,3.60
2009.10.22 18:43:19.715,0.87055,0.8709,7.20,7.60
2009.10.22 18:43:20.075,0.87055,0.8709,8.80,7.60
2009.10.22 18:43:20.785,0.8706,0.8709,2.80,4.00
2009.10.22 18:43:21.135,0.8706,0.87095,6.80,9.00
2009.10.22 18:43:21.374,0.8706,0.87095,6.80,7.60
2009.10.22 18:43:21.654,0.8706,0.87095,11.80,6.80
2009.10.22 18:43:21.884,0.8706,0.87095,11.70,4.40
2009.10.22 18:43:22.704,0.87065,0.87095,6.60,1.00
2009.10.22 18:43:23.694,0.87065,0.87095,6.40,1.00
2009.10.22 18:43:24.724,0.87065,0.87095,6.40,3.20
2009.10.22 18:43:24.884,0.87065,0.8709,4.00,3.60
2009.10.22 18:43:25.514,0.87055,0.8709,14.40,7.60
2009.10.22 18:43:26.193,0.87065,0.8709,4.00,3.60
2009.10.22 18:43:26.523,0.87065,0.87095,4.00,2.80
2009.10.22 18:43:26.803,0.8706,0.87095,6.90,6.80
2009.10.22 18:43:27.093,0.8706,0.87095,7.00,6.80
2009.10.22 18:43:27.673,0.8706,0.87085,4.50,3.60
2009.10.22 18:43:27.963,0.87055,0.8708,6.40,7.20
2009.10.22 18:43:28.253,0.87045,0.8708,11.20,8.00
2009.10.22 18:43:29.103,0.87045,0.8708,11.10,8.00
2009.10.22 18:43:29.832,0.87045,0.87075,11.20,2.40
2009.10.22 18:43:30.012,0.8706,0.8708,2.80,1.00
2009.10.22 18:43:30.362,0.8706,0.87095,6.80,9.80
2009.10.22 18:43:30.662,0.8706,0.87095,6.80,9.40
2009.10.22 18:43:31.362,0.8706,0.87095,6.80,9.50
2009.10.22 18:43:31.582,0.8706,0.87095,6.80,9.40
2009.10.22 18:43:31.862,0.8706,0.87095,6.80,9.50
2009.10.22 18:43:32.042,0.8706,0.87095,6.80,9.40
2009.10.22 18:43:32.572,0.8706,0.87095,6.80,9.50
2009.10.22 18:43:32.862,0.8706,0.87095,10.80,1.00
2009.10.22 18:43:33.272,0.87065,0.871,6.40,12.60
2009.10.22 18:43:33.451,0.8707,0.871,6.40,3.20
2009.10.22 18:43:33.971,0.8707,0.871,6.40,2.40
2009.10.22 18:43:34.191,0.8707,0.871,6.40,2.80
2009.10.22 18:43:34.371,0.8707,0.87085,6.40,1.00
2009.10.22 18:43:34.701,0.8707,0.87085,4.00,5.60
2009.10.22 18:43:34.981,0.8705,0.87085,6.40,7.60
2009.10.22 18:43:35.271,0.8705,0.87085,7.20,7.60
2009.10.22 18:43:35.561,0.8705,0.87085,7.50,7.60
2009.10.22 18:43:35.911,0.8705,0.87085,6.70,6.40
2009.10.22 18:43:36.251,0.8706,0.87085,9.60,4.00
2009.10.22 18:43:36.601,0.87065,0.871,11.20,3.60
2009.10.22 18:43:36.901,0.87065,0.871,12.00,2.80
2009.10.22 18:43:37.940,0.8707,0.87105,11.60,10.00
2009.10.22 18:43:38.170,0.87075,0.871,4.00,2.80
2009.10.22 18:43:38.471,0.8707,0.871,7.60,1.00
2009.10.22 18:43:38.770,0.8707,0.871,10.80,2.80
2009.10.22 18:43:39.110,0.87075,0.87105,16.40,1.00
2009.10.22 18:43:39.460,0.8708,0.87115,12.00,3.20
2009.10.22 18:43:39.800,0.87085,0.8712,7.60,7.60
2009.10.22 18:43:40.030,0.8709,0.8712,2.40,5.20
2009.10.22 18:43:40.260,0.8709,0.87115,6.40,2.40
2009.10.22 18:43:40.490,0.8709,0.87105,4.00,2.80
2009.10.22 18:43:41.010,0.8709,0.87105,4.00,3.30
2009.10.22 18:43:41.349,0.87075,0.871,4.00,1.00
2009.10.22 18:43:41.689,0.87075,0.871,4.00,2.80
2009.10.22 18:43:42.040,0.87075,0.871,4.00,2.40
2009.10.22 18:43:42.389,0.8707,0.871,7.10,2.80
2009.10.22 18:43:46.458,0.8707,0.871,8.00,2.40
2009.10.22 18:43:46.628,0.8708,0.87105,6.80,1.00
2009.10.22 18:43:46.848,0.8708,0.87105,4.00,2.80
2009.10.22 18:43:47.028,0.8708,0.87105,1.00,7.60
2009.10.22 18:43:47.248,0.8708,0.8711,6.80,1.30
2009.10.22 18:43:49.268,0.8708,0.8711,7.00,1.30
2009.10.22 18:43:53.517,0.8708,0.8711,7.20,1.30
2009.10.22 18:43:53.746,0.8708,0.8711,7.00,1.30
2009.10.22 18:43:54.996,0.8708,0.8711,6.80,1.30
2009.10.22 18:43:55.226,0.8708,0.8711,7.00,1.30
2009.10.22 18:44:01.505,0.8708,0.8711,7.80,1.30
2009.10.22 18:44:01.745,0.87085,0.8711,2.80,1.30
2009.10.22 18:44:01.915,0.87085,0.87115,2.80,4.80
2009.10.22 18:44:02.145,0.87085,0.8712,6.80,13.00
2009.10.22 18:44:02.664,0.87085,0.8712,7.00,13.00
2009.10.22 18:44:04.804,0.87085,0.8712,7.00,13.80
2009.10.22 18:44:04.924,0.87085,0.87115,4.00,2.80
2009.10.22 18:44:05.374,0.87085,0.87115,4.00,3.60
2009.10.22 18:44:05.534,0.8708,0.87115,7.60,7.60
2009.10.22 18:44:05.694,0.87085,0.87115,2.80,4.80
2009.10.22 18:44:06.034,0.87075,0.8711,9.60,7.20
2009.10.22 18:44:07.014,0.87075,0.8711,9.60,7.20
2009.10.22 18:44:07.363,0.87075,0.8711,9.60,7.20
2009.10.22 18:44:07.723,0.87075,0.8711,7.20,7.20
2009.10.22 18:44:07.843,0.87075,0.8711,11.80,6.80
2009.10.22 18:44:08.023,0.8708,0.8711,2.80,4.00
2009.10.22 18:44:08.903,0.8708,0.8711,1.00,6.40
2009.10.22 18:44:09.063,0.87075,0.8711,7.00,7.20
2009.10.22 18:44:09.983,0.87075,0.8711,6.90,7.20
2009.10.22 18:44:10.263,0.87075,0.8711,7.00,7.20
2009.10.22 18:44:10.542,0.87075,0.8711,6.80,7.20
2009.10.22 18:44:10.832,0.87075,0.8711,7.00,7.20
2009.10.22 18:44:11.172,0.87075,0.8711,6.80,7.20
2009.10.22 18:44:12.172,0.87075,0.8711,7.00,7.20
2009.10.22 18:44:12.382,0.87075,0.8711,6.80,7.20
2009.10.22 18:44:12.562,0.87075,0.8711,7.00,7.20
2009.10.22 18:44:12.732,0.87075,0.8711,6.80,7.20
2009.10.22 18:44:20.700,0.87075,0.8711,6.90,7.20
2009.10.22 18:44:20.990,0.87075,0.8711,7.00,7.20
2009.10.22 18:44:21.870,0.87075,0.8711,7.00,6.80
2009.10.22 18:44:27.178,0.87075,0.8711,6.80,7.00
2009.10.22 18:44:27.288,0.8708,0.8711,2.80,4.10
2009.10.22 18:44:27.459,0.8708,0.8711,2.80,4.00
2009.10.22 18:44:27.988,0.87085,0.87115,2.40,4.00
2009.10.22 18:44:28.348,0.87085,0.8712,6.40,5.30
2009.10.22 18:44:28.698,0.87085,0.8712,10.00,4.00
2009.10.22 18:44:29.038,0.8709,0.87125,6.80,10.20
2009.10.22 18:44:30.468,0.8709,0.87125,6.80,10.60
2009.10.22 18:44:31.708,0.8709,0.8712,4.00,5.90
2009.10.22 18:44:32.677,0.87085,0.8712,7.20,9.70
2009.10.22 18:44:33.367,0.87085,0.87115,7.10,1.00
2009.10.22 18:44:33.597,0.87085,0.87115,4.00,11.40
2009.10.22 18:44:33.817,0.8708,0.87105,4.00,1.00
2009.10.22 18:44:34.047,0.8708,0.87105,4.00,3.70
2009.10.22 18:44:34.277,0.8708,0.87095,4.00,2.40
2009.10.22 18:44:34.447,0.87065,0.87095,1.20,6.40
2009.10.22 18:44:34.677,0.87065,0.87095,1.00,6.40
2009.10.22 18:44:34.857,0.8706,0.87095,4.00,8.90
2009.10.22 18:44:35.027,0.87055,0.87085,4.00,6.40
2009.10.22 18:44:35.367,0.87055,0.8709,6.40,8.40
2009.10.22 18:44:35.767,0.87055,0.8709,6.40,12.40
2009.10.22 18:44:41.345,0.8705,0.87085,4.60,6.40
2009.10.22 18:44:41.465,0.8705,0.87085,4.20,13.20
2009.10.22 18:44:41.635,0.8705,0.87085,1.00,13.20
2009.10.22 18:44:42.105,0.8705,0.87085,6.70,8.40
2009.10.22 18:44:42.265,0.8705,0.87085,6.70,6.80
2009.10.22 18:44:42.435,0.87055,0.87085,2.40,4.00
2009.10.22 18:44:42.775,0.87055,0.8709,6.40,11.50
2009.10.22 18:44:43.115,0.87055,0.8709,6.40,7.00
2009.10.22 18:44:43.974,0.8706,0.8709,2.70,4.00
2009.10.22 18:44:44.324,0.8706,0.87095,6.70,4.00
2009.10.22 18:44:49.133,0.8706,0.87095,6.70,4.10
2009.10.22 18:44:49.423,0.8706,0.87095,6.70,4.00
2009.10.22 18:44:49.703,0.8706,0.8709,6.70,6.40
2009.10.22 18:44:50.553,0.8706,0.8709,4.00,11.80
2009.10.22 18:44:50.843,0.8706,0.8709,4.00,12.70
2009.10.22 18:44:51.133,0.8706,0.87085,4.00,2.60
2009.10.22 18:44:51.473,0.8705,0.87085,6.40,8.10
2009.10.22 18:44:51.823,0.8705,0.87085,6.40,4.00
2009.10.22 18:44:52.512,0.87055,0.87085,4.00,4.00
2009.10.22 18:44:52.872,0.8705,0.87085,6.40,4.00
2009.10.22 18:44:56.481,0.8705,0.87085,6.40,10.80
2009.10.22 18:44:56.771,0.87055,0.87085,4.00,4.80
2009.10.22 18:44:57.071,0.87055,0.87085,4.00,6.80
2009.10.22 18:44:57.361,0.87055,0.87085,6.40,4.40
2009.10.22 18:44:57.641,0.8705,0.87085,4.00,10.20
2009.10.22 18:44:58.141,0.87045,0.87075,2.40,4.00
2009.10.22 18:44:58.442,0.87045,0.87075,5.60,4.00
2009.10.22 18:44:59.021,0.8705,0.87075,1.60,4.00
2009.10.22 18:44:59.301,0.87045,0.87075,5.60,2.40
2009.10.22 18:44:59.961,0.87045,0.87075,5.60,6.40
2009.10.22 18:45:00.301,0.87045,0.87075,4.00,4.00
2009.10.22 18:45:00.651,0.87045,0.87075,4.00,4.00
2009.10.22 18:45:01.001,0.87045,0.8708,9.60,4.80
2009.10.22 18:45:01.360,0.8705,0.87085,11.20,6.90
2009.10.22 18:45:01.700,0.8705,0.87085,11.20,10.90
2009.10.22 18:45:02.410,0.8705,0.87085,11.20,6.90
2009.10.22 18:45:02.740,0.87055,0.87085,4.00,10.90
2009.10.22 18:45:04.000,0.87055,0.87085,4.00,6.90
2009.10.22 18:45:04.460,0.87055,0.87085,4.00,10.90
2009.10.22 18:45:06.409,0.87055,0.87085,4.00,13.40
2009.10.22 18:45:06.699,0.8705,0.87085,6.40,21.90
2009.10.22 18:45:06.929,0.8705,0.8708,2.40,9.30
2009.10.22 18:45:07.369,0.87045,0.8708,7.20,12.70
2009.10.22 18:45:07.589,0.8705,0.87075,2.40,1.30
2009.10.22 18:45:07.809,0.87045,0.87075,7.20,1.30
2009.10.22 18:45:09.059,0.87045,0.8708,8.80,7.80
2009.10.22 18:45:09.359,0.87045,0.8708,9.60,7.60
2009.10.22 18:45:09.648,0.87055,0.8708,2.40,1.00
2009.10.22 18:45:09.998,0.87055,0.87085,2.40,9.00
2009.10.22 18:45:10.398,0.87055,0.87085,2.40,8.80
2009.10.22 18:45:10.748,0.87055,0.87085,2.40,6.80
2009.10.22 18:45:12.138,0.87055,0.87085,2.40,4.40
2009.10.22 18:45:12.378,0.87055,0.87085,3.20,4.00
2009.10.22 18:45:12.658,0.87055,0.87085,2.40,6.80
2009.10.22 18:45:12.948,0.87055,0.87085,2.40,8.80
2009.10.22 18:45:13.288,0.87055,0.87085,2.40,9.00
2009.10.22 18:45:13.458,0.8705,0.87085,7.20,10.50
2009.10.22 18:45:13.627,0.8705,0.87085,4.00,12.70
2009.10.22 18:45:13.797,0.87045,0.8708,7.20,6.80
2009.10.22 18:45:15.997,0.87045,0.8708,7.20,7.00
2009.10.22 18:45:17.037,0.8705,0.8708,6.40,6.40
2009.10.22 18:45:20.576,0.8705,0.8708,11.20,6.40
2009.10.22 18:45:20.856,0.87045,0.87085,15.60,3.80
2009.10.22 18:45:21.206,0.87055,0.87085,2.40,7.20
2009.10.22 18:45:21.555,0.8705,0.87085,6.40,10.30
2009.10.22 18:45:21.895,0.8705,0.87085,6.40,14.30
2009.10.22 18:45:22.595,0.8705,0.87075,4.00,2.40
2009.10.22 18:45:22.835,0.8705,0.87075,4.00,2.80
2009.10.22 18:45:23.115,0.8705,0.8708,6.40,7.40
2009.10.22 18:45:23.405,0.8705,0.8708,6.40,7.00
2009.10.22 18:45:24.165,0.8705,0.8708,6.40,7.60
2009.10.22 18:45:27.974,0.87045,0.8708,7.50,7.60
2009.10.22 18:45:28.874,0.87045,0.8708,7.50,7.80
2009.10.22 18:45:29.103,0.87045,0.8708,9.10,7.80
2009.10.22 18:45:29.374,0.87045,0.8708,11.50,7.80
2009.10.22 18:45:29.594,0.87055,0.87085,2.40,6.60
2009.10.22 18:45:29.814,0.8705,0.87085,6.70,11.00
2009.10.22 18:45:30.163,0.8705,0.87085,2.40,11.80
2009.10.22 18:45:33.473,0.87055,0.8708,2.40,4.00
2009.10.22 18:45:34.242,0.87055,0.87085,2.40,6.50
2009.10.22 18:45:34.422,0.8706,0.87085,3.30,4.10
2009.10.22 18:45:34.652,0.87065,0.8709,2.80,1.00
2009.10.22 18:45:34.872,0.87065,0.87095,6.80,10.90
2009.10.22 18:45:35.462,0.87065,0.87095,2.80,10.10
2009.10.22 18:45:35.802,0.87065,0.87095,6.80,10.10
2009.10.22 18:45:36.492,0.87065,0.87095,6.80,6.10
2009.10.22 18:45:36.942,0.87065,0.87095,6.80,10.10
2009.10.22 18:45:41.311,0.87065,0.87095,6.80,4.00
2009.10.22 18:45:41.481,0.8707,0.871,2.40,8.10
2009.10.22 18:45:41.651,0.8707,0.871,2.40,7.70
2009.10.22 18:45:42.120,0.8707,0.871,2.40,5.30
2009.10.22 18:45:45.130,0.8707,0.871,2.40,5.50
2009.10.22 18:45:46.929,0.8707,0.871,2.40,6.70
2009.10.22 18:45:47.959,0.8707,0.871,2.40,6.50
2009.10.22 18:45:49.739,0.8707,0.871,2.40,6.70
2009.10.22 18:45:50.029,0.8707,0.871,2.40,6.50
2009.10.22 18:45:51.748,0.8707,0.871,2.40,5.70
2009.10.22 18:45:52.038,0.8708,0.871,2.40,1.00
2009.10.22 18:45:52.328,0.8708,0.87105,2.40,6.50
2009.10.22 18:45:52.608,0.8707,0.87105,6.80,8.20
2009.10.22 18:45:52.898,0.8707,0.87105,6.40,13.00
2009.10.22 18:45:53.468,0.8707,0.87105,2.40,13.00
2009.10.22 18:45:56.077,0.8707,0.871,2.40,4.40
2009.10.22 18:45:57.697,0.87065,0.871,8.00,6.80
2009.10.22 18:45:57.927,0.87065,0.871,6.40,10.40
2009.10.22 18:46:00.796,0.8707,0.871,3.70,4.00
2009.10.22 18:46:02.036,0.87075,0.87105,2.40,6.70
2009.10.22 18:46:03.285,0.87075,0.87105,2.40,6.50
2009.10.22 18:46:03.515,0.87075,0.87105,2.40,6.70
2009.10.22 18:46:03.755,0.87075,0.87105,2.40,6.50
2009.10.22 18:46:17.262,0.87075,0.87105,2.40,5.20
2009.10.22 18:46:17.542,0.87075,0.87105,6.40,5.20
2009.10.22 18:46:18.132,0.87075,0.87105,4.00,3.60
2009.10.22 18:46:18.432,0.87075,0.87105,4.00,5.10
2009.10.22 18:46:18.732,0.87065,0.871,7.00,6.80
2009.10.22 18:46:19.022,0.87065,0.871,7.00,7.60
2009.10.22 18:46:19.561,0.87065,0.871,7.80,7.60
2009.10.22 18:46:19.681,0.87065,0.871,11.70,1.00
2009.10.22 18:46:19.852,0.8707,0.87105,6.40,11.40
2009.10.22 18:46:21.491,0.87075,0.87105,6.40,3.70
2009.10.22 18:46:21.941,0.87075,0.87105,6.40,4.10
2009.10.22 18:46:24.340,0.87075,0.87105,7.20,4.10
2009.10.22 18:46:24.450,0.87075,0.87105,7.40,1.00
2009.10.22 18:46:24.690,0.8708,0.87105,2.40,1.00
2009.10.22 18:46:24.860,0.8708,0.8711,2.40,4.40
2009.10.22 18:46:24.980,0.87075,0.8711,11.80,6.80
2009.10.22 18:46:25.090,0.8708,0.8711,2.40,5.20
2009.10.22 18:46:25.370,0.8708,0.8711,6.40,4.00
2009.10.22 18:46:25.600,0.8708,0.8711,6.40,4.40
2009.10.22 18:46:25.830,0.8708,0.8711,6.40,1.00
2009.10.22 18:46:26.640,0.8708,0.8711,4.00,7.60
2009.10.22 18:46:27.040,0.87075,0.8711,6.40,7.60
2009.10.22 18:46:28.379,0.87075,0.8711,6.40,10.00
2009.10.22 18:46:28.549,0.87075,0.87105,6.40,1.00
2009.10.22 18:46:29.479,0.87075,0.87105,4.00,3.60
2009.10.22 18:46:29.769,0.8707,0.87105,6.40,7.60
2009.10.22 18:46:30.119,0.8707,0.87105,6.40,9.00
2009.10.22 18:46:34.488,0.87065,0.871,7.00,6.80
2009.10.22 18:46:34.658,0.87065,0.871,7.00,7.60
2009.10.22 18:46:36.217,0.87065,0.871,6.80,7.80
2009.10.22 18:46:37.657,0.87065,0.871,1.00,8.50
2009.10.22 18:46:37.777,0.8706,0.87095,6.80,6.40
2009.10.22 18:46:37.947,0.8706,0.87095,6.70,6.40
2009.10.22 18:46:38.587,0.8706,0.87095,6.70,7.60
2009.10.22 18:46:39.277,0.87065,0.87095,2.40,4.00
2009.10.22 18:46:39.567,0.87065,0.871,6.40,7.60
2009.10.22 18:46:52.114,0.87065,0.871,6.40,8.40
2009.10.22 18:46:52.234,0.87065,0.871,6.40,8.40
2009.10.22 18:46:52.344,0.87065,0.871,6.40,8.80
2009.10.22 18:46:52.584,0.87065,0.871,6.40,8.80
2009.10.22 18:46:52.933,0.87065,0.87095,2.40,7.60
2009.10.22 18:46:55.123,0.8706,0.87095,6.40,8.90
2009.10.22 18:46:55.473,0.8706,0.8709,6.40,3.60
2009.10.22 18:46:55.763,0.8706,0.8709,2.40,7.60
2009.10.22 18:46:58.282,0.8706,0.8709,2.40,7.80
2009.10.22 18:46:58.442,0.8706,0.8709,2.40,7.60
2009.10.22 18:46:58.772,0.8706,0.8709,2.40,7.70
2009.10.22 18:46:59.002,0.8706,0.8709,2.40,7.60
2009.10.22 18:46:59.292,0.8706,0.8709,2.40,7.80
2009.10.22 18:47:01.131,0.8706,0.8709,2.40,7.60
2009.10.22 18:47:01.821,0.8706,0.8709,2.40,7.80
2009.10.22 18:47:02.121,0.8706,0.8709,2.40,7.60
2009.10.22 18:47:02.361,0.8706,0.8709,2.40,7.80
2009.10.22 18:47:03.641,0.8706,0.8709,2.40,7.70
2009.10.22 18:47:03.821,0.87055,0.87085,6.40,1.00
2009.10.22 18:47:03.981,0.87055,0.87085,6.40,6.10
2009.10.22 18:47:04.141,0.87045,0.8707,1.00,2.80
2009.10.22 18:47:04.301,0.87045,0.8707,2.00,6.80
2009.10.22 18:47:04.541,0.87045,0.87065,1.60,2.40
2009.10.22 18:47:04.861,0.87045,0.87065,1.60,6.40
2009.10.22 18:47:05.081,0.87035,0.8707,9.10,6.80
2009.10.22 18:47:05.311,0.87035,0.8707,7.50,6.00
2009.10.22 18:47:06.350,0.87035,0.8707,7.50,6.10
2009.10.22 18:47:07.050,0.87035,0.8707,7.50,7.70
2009.10.22 18:47:07.390,0.87035,0.8707,7.50,6.90
2009.10.22 18:47:07.980,0.87035,0.8707,7.50,7.00
2009.10.22 18:47:11.199,0.87035,0.8707,9.10,7.00
2009.10.22 18:47:11.429,0.87035,0.8707,9.10,6.90
2009.10.22 18:47:11.709,0.87035,0.8707,12.30,7.00
2009.10.22 18:47:11.939,0.87035,0.8707,14.70,7.00
2009.10.22 18:47:12.239,0.8704,0.8707,1.00,6.80
2009.10.22 18:47:12.529,0.87045,0.8707,4.00,4.00
2009.10.22 18:47:12.819,0.87045,0.8708,9.80,4.80
2009.10.22 18:47:13.159,0.8705,0.8708,8.80,1.00
2009.10.22 18:47:13.459,0.8705,0.87075,3.20,4.00
2009.10.22 18:47:13.808,0.8704,0.87075,7.50,6.80
2009.10.22 18:47:14.168,0.8704,0.87075,7.50,7.20
2009.10.22 18:47:14.518,0.8704,0.87075,7.50,6.80
2009.10.22 18:47:14.978,0.8704,0.87075,7.50,7.00
2009.10.22 18:47:17.647,0.8704,0.87075,1.00,12.10
2009.10.22 18:47:19.097,0.8704,0.87075,1.00,13.10
2009.10.22 18:47:24.326,0.8704,0.8707,1.00,6.90
2009.10.22 18:47:24.496,0.87035,0.8706,3.20,6.80
2009.10.22 18:47:24.666,0.8703,0.8706,2.80,6.80
2009.10.22 18:47:24.846,0.8703,0.8706,2.40,6.80
2009.10.22 18:47:28.625,0.87025,0.87055,8.80,2.40
2009.10.22 18:47:28.795,0.87025,0.87055,6.40,2.40
2009.10.22 18:47:51.749,0.87025,0.8706,11.20,7.20
2009.10.22 18:47:51.989,0.8703,0.8706,4.00,2.40
2009.10.22 18:47:53.509,0.87035,0.87065,4.00,7.40
2009.10.22 18:47:53.779,0.87035,0.87065,4.00,3.60
2009.10.22 18:47:54.929,0.87035,0.8706,4.00,4.00
2009.10.22 18:47:55.089,0.87025,0.8706,4.00,12.80
2009.10.22 18:47:55.208,0.8702,0.87055,6.70,8.40
2009.10.22 18:47:56.288,0.8702,0.8705,6.70,4.00
2009.10.22 18:47:58.938,0.87015,0.8705,11.50,6.80
2009.10.22 18:47:59.168,0.87015,0.8705,9.90,6.80
2009.10.22 18:47:59.458,0.87015,0.8705,14.60,4.80
2009.10.22 18:47:59.637,0.8702,0.8705,6.40,4.00
2009.10.22 18:47:59.857,0.87015,0.8705,9.10,10.80
2009.10.22 18:48:02.757,0.8702,0.8705,2.40,4.00
2009.10.22 18:48:03.916,0.8702,0.8705,2.40,8.00
2009.10.22 18:48:04.136,0.87015,0.87045,9.10,4.00
2009.10.22 18:48:04.376,0.87015,0.87045,6.70,4.00
2009.10.22 18:48:04.666,0.87015,0.87045,8.30,4.00
2009.10.22 18:48:05.246,0.87015,0.87045,8.30,4.00
2009.10.22 18:48:06.596,0.8702,0.87045,4.00,4.00
2009.10.22 18:48:07.296,0.87035,0.8705,1.60,4.00
2009.10.22 18:48:08.115,0.87025,0.87055,8.80,1.60
2009.10.22 18:48:08.285,0.8703,0.8706,4.00,4.00
2009.10.22 18:48:08.695,0.8704,0.87065,1.60,9.00
2009.10.22 18:48:12.304,0.8704,0.87065,1.60,9.70
2009.10.22 18:48:15.714,0.87045,0.8706,1.60,4.00
2009.10.22 18:48:16.313,0.87045,0.87065,1.60,6.80
2009.10.22 18:48:30.030,0.87045,0.87065,1.60,6.80
2009.10.22 18:48:30.150,0.87045,0.87065,1.60,7.60
2009.10.22 18:48:33.279,0.8703,0.87065,8.40,7.60
2009.10.22 18:48:33.609,0.87035,0.87065,4.80,4.00
2009.10.22 18:48:33.959,0.87035,0.8707,8.80,7.80
2009.10.22 18:48:34.659,0.87055,0.8707,1.60,7.60
2009.10.22 18:48:36.469,0.8705,0.8707,1.60,1.20
2009.10.22 18:48:36.768,0.8704,0.87065,5.60,4.00
2009.10.22 18:48:37.108,0.87045,0.87065,1.60,8.80
2009.10.22 18:48:39.228,0.87045,0.87065,1.60,12.90
2009.10.22 18:48:39.858,0.8704,0.8706,1.60,7.60
2009.10.22 18:48:40.837,0.87045,0.8706,1.60,7.60
2009.10.22 18:48:41.698,0.87045,0.87065,1.60,7.80
2009.10.22 18:48:42.567,0.87045,0.87065,1.60,5.30
2009.10.22 18:48:42.947,0.8705,0.87075,1.60,14.70
2009.10.22 18:48:43.067,0.8705,0.87075,1.60,12.30
2009.10.22 18:48:46.666,0.8705,0.8707,1.60,1.00
2009.10.22 18:48:52.065,0.8705,0.87075,1.60,8.90
2009.10.22 18:48:53.474,0.8705,0.87075,1.60,12.20
2009.10.22 18:48:53.695,0.87045,0.87075,6.00,12.20
2009.10.22 18:48:53.754,0.87045,0.87075,5.60,12.20
2009.10.22 18:48:53.814,0.8705,0.87075,1.60,12.20
2009.10.22 18:48:53.875,0.8705,0.8707,1.60,1.20
2009.10.22 18:48:58.823,0.8705,0.8707,1.60,1.00
2009.10.22 18:49:00.503,0.8705,0.8707,1.60,4.00
2009.10.22 18:49:00.803,0.8704,0.8707,5.60,6.10
2009.10.22 18:49:00.983,0.8704,0.87065,1.60,7.60
2009.10.22 18:49:01.892,0.8704,0.87065,1.60,11.80
2009.10.22 18:49:02.233,0.8704,0.8706,1.60,8.00
2009.10.22 18:49:02.652,0.8704,0.87055,1.60,6.80
2009.10.22 18:49:06.151,0.87035,0.87055,1.60,6.80
2009.10.22 18:49:09.311,0.87025,0.87055,4.00,6.80
2009.10.22 18:49:09.741,0.87035,0.87055,1.60,6.80
2009.10.22 18:49:13.490,0.87025,0.87055,4.00,6.80
2009.10.22 18:49:19.278,0.87025,0.87055,8.00,6.80
2009.10.22 18:49:20.428,0.87025,0.87055,8.00,6.90
2009.10.22 18:49:20.598,0.87025,0.8705,5.60,2.40
2009.10.22 18:49:20.768,0.87025,0.8704,1.60,1.00
2009.10.22 18:49:20.938,0.8702,0.8704,1.60,3.60
2009.10.22 18:49:21.118,0.8702,0.8704,1.60,7.60
2009.10.22 18:49:23.047,0.8702,0.8704,1.60,7.80
2009.10.22 18:49:25.857,0.87015,0.8704,1.60,8.50
2009.10.22 18:49:26.247,0.87015,0.87035,1.60,6.40
2009.10.22 18:49:26.536,0.8701,0.87035,1.90,4.00
2009.10.22 18:49:26.877,0.8701,0.87035,4.30,4.00
2009.10.22 18:49:27.266,0.8702,0.8704,1.60,2.80
2009.10.22 18:49:27.606,0.87025,0.8705,1.60,6.80
2009.10.22 18:49:27.956,0.87025,0.8705,1.60,7.60
2009.10.22 18:49:28.286,0.8702,0.8705,4.00,7.60
2009.10.22 18:49:28.626,0.8703,0.8705,1.60,6.80
2009.10.22 18:49:29.206,0.8703,0.8705,1.60,6.40
2009.10.22 18:49:30.815,0.8703,0.8705,1.60,6.80
2009.10.22 18:49:32.945,0.87025,0.87055,1.60,7.60
2009.10.22 18:49:33.415,0.8702,0.87055,8.40,7.60
2009.10.22 18:49:35.214,0.8702,0.87055,8.70,7.80
2009.10.22 18:49:37.514,0.87025,0.87055,1.60,7.80
2009.10.22 18:49:39.773,0.87025,0.87055,1.60,8.60
2009.10.22 18:49:39.833,0.87025,0.87055,1.60,7.80
2009.10.22 18:49:46.742,0.87025,0.87055,1.60,7.80
2009.10.22 18:49:46.862,0.87025,0.87045,1.60,2.40
2009.10.22 18:49:47.041,0.87015,0.87045,5.60,8.10
2009.10.22 18:49:47.211,0.87015,0.8704,1.60,3.30
2009.10.22 18:49:47.491,0.87015,0.8704,1.60,14.40
2009.10.22 18:49:47.881,0.87015,0.8704,1.60,14.40
2009.10.22 18:49:48.181,0.87015,0.8703,1.60,1.00
2009.10.22 18:49:48.411,0.87015,0.8703,1.60,4.40
2009.10.22 18:49:48.631,0.87015,0.8703,1.60,6.80
2009.10.22 18:49:49.551,0.87015,0.8703,1.60,6.90
2009.10.22 18:49:51.340,0.87015,0.8703,1.60,7.10
2009.10.22 18:49:52.910,0.87015,0.8703,1.60,4.00
2009.10.22 18:49:53.080,0.8701,0.8703,1.60,4.00
2009.10.22 18:49:53.590,0.8701,0.87035,1.60,11.80
2009.10.22 18:49:53.870,0.8701,0.87035,1.60,7.80
2009.10.22 18:49:56.579,0.8701,0.87035,1.60,8.30
2009.10.22 18:49:59.289,0.87,0.87035,6.80,8.30
2009.10.22 18:50:02.918,0.87015,0.8703,1.60,1.00
2009.10.22 18:50:04.137,0.8701,0.8703,1.60,1.00
2009.10.22 18:50:04.357,0.8701,0.8703,1.60,3.70
2009.10.22 18:50:04.537,0.8701,0.8703,1.60,1.00
2009.10.22 18:50:08.466,0.8701,0.87035,1.60,4.90
2009.10.22 18:50:15.844,0.87005,0.87035,5.60,7.90
2009.10.22 18:50:16.225,0.8701,0.87035,4.00,3.60
2009.10.22 18:50:16.524,0.8701,0.8704,8.00,4.10
2009.10.22 18:50:16.874,0.87005,0.87035,8.40,1.00
2009.10.22 18:50:17.234,0.87005,0.8704,9.20,11.50
2009.10.22 18:50:17.514,0.8701,0.8704,8.00,4.90
2009.10.22 18:50:18.034,0.8701,0.8704,8.00,8.90
2009.10.22 18:50:21.683,0.8702,0.8704,1.60,5.20
2009.10.22 18:50:23.073,0.8702,0.8704,1.60,7.60
2009.10.22 18:50:23.413,0.87015,0.8704,2.40,7.20
2009.10.22 18:50:23.703,0.87015,0.8704,2.80,2.40
2009.10.22 18:50:23.993,0.87025,0.87045,1.60,1.20
2009.10.22 18:50:24.273,0.87025,0.87045,1.60,1.00
2009.10.22 18:50:26.412,0.87025,0.8704,1.60,1.00
2009.10.22 18:50:26.932,0.87025,0.8704,1.60,3.60
2009.10.22 18:50:27.282,0.8702,0.8704,1.60,3.60
2009.10.22 18:50:28.891,0.8702,0.8704,1.60,2.80
2009.10.22 18:50:29.121,0.87015,0.87045,1.60,11.80
2009.10.22 18:50:29.291,0.87015,0.87045,1.60,11.40
2009.10.22 18:50:29.471,0.87015,0.87045,5.60,11.40
2009.10.22 18:50:39.859,0.8702,0.87045,1.60,11.40
2009.10.22 18:50:40.069,0.87015,0.87045,5.60,11.40
2009.10.22 18:50:47.997,0.87015,0.87045,5.60,11.40
2009.10.22 18:50:48.177,0.87015,0.87045,5.60,10.00
2009.10.22 18:50:48.347,0.87025,0.87045,1.60,6.80
2009.10.22 18:50:48.527,0.87025,0.87045,1.60,7.60
2009.10.22 18:50:51.066,0.87025,0.87045,1.60,6.80
2009.10.22 18:50:55.015,0.87025,0.87045,1.60,6.40
2009.10.22 18:51:06.692,0.87025,0.87045,1.60,6.80
2009.10.22 18:51:21.839,0.87025,0.87045,1.60,4.40
2009.10.22 18:51:22.869,0.87025,0.87045,1.60,1.00
2009.10.22 18:51:23.048,0.87025,0.8705,1.60,9.30
2009.10.22 18:51:23.268,0.87025,0.8705,1.60,2.80
2009.10.22 18:51:23.438,0.87025,0.8705,1.60,7.80
2009.10.22 18:51:23.668,0.87025,0.87045,1.60,1.00
2009.10.22 18:51:23.888,0.87025,0.87045,1.60,4.40
2009.10.22 18:51:24.478,0.87025,0.87045,1.60,1.00
2009.10.22 18:51:24.768,0.87025,0.8705,4.40,4.00
2009.10.22 18:51:26.237,0.87025,0.87055,4.40,4.40
2009.10.22 18:51:26.578,0.87025,0.87055,4.40,4.50
2009.10.22 18:51:27.197,0.87025,0.87055,4.40,4.40
2009.10.22 18:51:27.427,0.87035,0.87055,1.60,4.50
2009.10.22 18:51:28.237,0.87035,0.87055,1.60,4.40
2009.10.22 18:51:28.597,0.8703,0.87055,2.40,4.40
2009.10.22 18:51:28.937,0.8703,0.87055,2.40,4.00
2009.10.22 18:51:29.617,0.8703,0.8706,2.40,4.50
2009.10.22 18:51:31.376,0.8703,0.8706,2.40,4.70
2009.10.22 18:51:31.716,0.8703,0.8706,2.40,4.50
2009.10.22 18:51:32.076,0.8703,0.87055,2.40,1.00
2009.10.22 18:51:32.426,0.8703,0.8706,2.40,4.50
2009.10.22 18:51:34.525,0.8704,0.87065,2.40,4.00
2009.10.22 18:51:35.225,0.8704,0.8707,2.40,4.00
2009.10.22 18:51:36.905,0.8704,0.87065,2.40,4.00
2009.10.22 18:51:38.075,0.8704,0.87065,2.40,4.10
2009.10.22 18:51:43.334,0.87035,0.87065,2.40,6.60
2009.10.22 18:51:43.553,0.87035,0.87065,2.40,7.00
2009.10.22 18:51:44.463,0.8704,0.87065,2.40,4.10
2009.10.22 18:51:45.153,0.87035,0.87065,2.40,7.00
2009.10.22 18:51:47.732,0.87045,0.87065,1.60,7.00
2009.10.22 18:51:49.642,0.8704,0.8706,1.60,6.40
2009.10.22 18:51:53.381,0.8704,0.8706,8.00,4.00
2009.10.22 18:51:53.561,0.8705,0.8708,7.20,1.00
2009.10.22 18:51:53.791,0.8706,0.87085,1.60,7.60
2009.10.22 18:51:54.001,0.87055,0.87085,8.00,6.40
2009.10.22 18:51:56.381,0.87065,0.87085,1.60,6.60
2009.10.22 18:51:56.730,0.87065,0.87085,1.60,4.10
2009.10.22 18:51:56.910,0.8706,0.87085,4.80,4.10
2009.10.22 18:51:57.080,0.87075,0.8709,1.60,1.00
2009.10.22 18:51:57.250,0.87075,0.87095,1.60,7.60
2009.10.22 18:51:57.590,0.87075,0.8709,1.60,1.00
2009.10.22 18:51:57.950,0.87075,0.87095,1.60,5.30
2009.10.22 18:51:58.300,0.87075,0.87095,1.60,1.20
2009.10.22 18:51:58.650,0.87075,0.87095,1.60,4.00
2009.10.22 18:52:01.819,0.8707,0.87095,2.20,4.00
2009.10.22 18:52:02.279,0.87075,0.87105,5.20,4.10
2009.10.22 18:52:02.849,0.87085,0.87105,1.60,4.50
2009.10.22 18:52:03.149,0.8708,0.871,1.60,8.10
2009.10.22 18:52:03.908,0.8708,0.87095,1.60,7.20
2009.10.22 18:52:05.168,0.8708,0.87095,1.60,7.40
2009.10.22 18:52:06.418,0.8708,0.87095,1.60,4.10
2009.10.22 18:52:06.948,0.8708,0.87095,1.60,4.00
2009.10.22 18:52:07.118,0.87085,0.871,1.60,1.00
2009.10.22 18:52:07.298,0.87085,0.8711,1.60,11.40
2009.10.22 18:52:07.578,0.8709,0.8711,1.60,11.40
2009.10.22 18:52:08.147,0.8709,0.8711,1.60,11.50
2009.10.22 18:52:08.947,0.87085,0.8711,1.60,16.50
2009.10.22 18:52:09.187,0.87085,0.87105,1.60,7.60
2009.10.22 18:52:10.947,0.87085,0.87105,1.60,6.80
2009.10.22 18:52:11.237,0.8709,0.87105,1.60,6.80
2009.10.22 18:52:11.527,0.8708,0.871,1.60,4.90
2009.10.22 18:52:11.867,0.8708,0.87095,1.60,7.60
2009.10.22 18:52:16.745,0.8708,0.87095,1.60,7.20
2009.10.22 18:52:21.135,0.8708,0.87095,1.60,4.00
2009.10.22 18:52:21.465,0.8708,0.87095,1.60,3.60
2009.10.22 18:52:21.824,0.8708,0.87095,1.60,7.60
2009.10.22 18:52:22.634,0.8708,0.87095,1.60,5.20
2009.10.22 18:52:22.924,0.87065,0.871,12.30,6.80
2009.10.22 18:52:25.213,0.87065,0.871,14.80,6.80
2009.10.22 18:52:25.443,0.8708,0.871,1.60,6.80
2009.10.22 18:52:26.134,0.8708,0.87095,1.60,2.80
2009.10.22 18:52:26.703,0.8708,0.87095,1.60,6.80
2009.10.22 18:52:30.222,0.8708,0.87095,1.60,4.00
2009.10.22 18:52:30.572,0.87085,0.87095,1.60,4.00
2009.10.22 18:52:30.812,0.8709,0.87105,1.60,7.20
2009.10.22 18:52:31.332,0.8709,0.87105,1.60,7.40
2009.10.22 18:52:32.242,0.8709,0.87105,1.60,7.20
2009.10.22 18:52:32.582,0.8709,0.87105,1.60,7.40
2009.10.22 18:52:32.702,0.87085,0.87105,1.60,7.40
2009.10.22 18:52:32.862,0.87085,0.87105,1.60,7.00
2009.10.22 18:52:33.041,0.87085,0.87105,1.60,6.80
2009.10.22 18:52:33.102,0.87085,0.87105,1.60,7.60
2009.10.22 18:52:33.391,0.87085,0.87105,1.60,7.80
2009.10.22 18:52:33.681,0.87085,0.87105,1.60,8.60
2009.10.22 18:52:33.731,0.8708,0.871,1.60,2.40
2009.10.22 18:52:34.081,0.8707,0.871,6.80,6.40
2009.10.22 18:52:34.871,0.8707,0.871,6.80,6.60
2009.10.22 18:52:35.391,0.8707,0.871,6.80,6.40
2009.10.22 18:52:36.661,0.8707,0.871,6.80,4.00
2009.10.22 18:52:36.940,0.87075,0.87105,6.80,1.00
2009.10.22 18:52:38.210,0.8707,0.87105,7.20,8.10
2009.10.22 18:52:38.380,0.8707,0.87105,6.40,8.10
2009.10.22 18:52:38.870,0.8707,0.871,6.40,7.60
2009.10.22 18:52:41.260,0.8707,0.871,6.40,6.80
2009.10.22 18:52:41.549,0.8707,0.871,6.40,6.40
2009.10.22 18:52:41.829,0.87065,0.871,8.70,6.80
2009.10.22 18:52:42.099,0.87065,0.871,8.70,7.60
2009.10.22 18:52:43.019,0.87065,0.871,8.70,7.80
2009.10.22 18:52:44.659,0.87065,0.871,9.50,7.80
2009.10.22 18:52:44.839,0.8707,0.871,2.40,7.60
2009.10.22 18:52:45.009,0.8707,0.871,6.80,7.60
2009.10.22 18:52:53.047,0.8707,0.87095,4.40,2.40
2009.10.22 18:52:53.337,0.8707,0.871,6.80,6.80
2009.10.22 18:52:54.496,0.8707,0.871,4.40,6.80
2009.10.22 18:52:54.726,0.87065,0.871,8.70,6.80
2009.10.22 18:52:54.966,0.87065,0.871,8.70,7.60
2009.10.22 18:52:55.206,0.87065,0.871,8.60,6.80
2009.10.22 18:52:55.496,0.87065,0.871,9.00,6.40
2009.10.22 18:52:55.726,0.8707,0.871,2.40,7.00
2009.10.22 18:52:56.246,0.8707,0.871,2.40,6.80
2009.10.22 18:52:56.486,0.8707,0.871,2.40,7.00
2009.10.22 18:52:59.085,0.8707,0.871,2.40,6.80
2009.10.22 18:52:59.265,0.8707,0.871,2.40,7.00
2009.10.22 18:52:59.435,0.8707,0.871,2.40,6.80
2009.10.22 18:52:59.615,0.8707,0.871,2.40,7.00
2009.10.22 18:53:06.154,0.8707,0.871,2.40,6.80
2009.10.22 18:53:06.614,0.8707,0.871,2.40,7.60
2009.10.22 18:53:12.272,0.87065,0.87095,4.20,6.80
2009.10.22 18:53:12.512,0.87055,0.8709,4.40,14.90
2009.10.22 18:53:12.782,0.8705,0.8708,2.40,6.80
2009.10.22 18:53:13.062,0.87045,0.8708,6.40,12.90
2009.10.22 18:53:13.412,0.87045,0.8708,2.40,12.90
2009.10.22 18:53:15.631,0.87045,0.8708,2.40,13.30
2009.10.22 18:53:16.121,0.87045,0.8708,2.40,15.70
2009.10.22 18:53:16.361,0.87045,0.8708,2.40,15.70
2009.10.22 18:53:16.821,0.8705,0.87075,2.80,4.00
2009.10.22 18:53:17.001,0.8705,0.87085,11.60,8.90
2009.10.22 18:53:22.589,0.8705,0.87085,14.90,8.90
2009.10.22 18:53:22.810,0.8706,0.87085,2.80,1.00
2009.10.22 18:53:23.029,0.8706,0.8709,2.80,8.90
2009.10.22 18:53:33.587,0.8706,0.8709,2.80,8.10
2009.10.22 18:53:34.827,0.8706,0.8709,8.00,2.40
2009.10.22 18:53:35.007,0.8706,0.87095,8.00,10.50
2009.10.22 18:53:42.155,0.8706,0.87095,6.80,17.50
2009.10.22 18:53:42.335,0.8706,0.87095,2.80,18.10
2009.10.22 18:53:43.365,0.87055,0.8709,6.40,14.60
2009.10.22 18:53:43.535,0.87055,0.8709,6.40,15.40
2009.10.22 18:53:50.333,0.87055,0.8709,6.40,15.80
2009.10.22 18:53:51.243,0.8706,0.8709,2.40,13.30
2009.10.22 18:53:51.593,0.8706,0.8709,2.80,8.90
2009.10.22 18:53:55.292,0.8706,0.8709,6.80,4.90
2009.10.22 18:53:57.761,0.87055,0.8709,6.80,13.00
2009.10.22 18:53:58.361,0.87055,0.8709,6.80,17.00
2009.10.22 18:54:00.050,0.87055,0.8709,2.80,17.00
2009.10.22 18:54:02.250,0.87055,0.8709,6.80,16.20
2009.10.22 18:54:02.720,0.87055,0.87085,2.80,4.00
2009.10.22 18:54:03.250,0.87055,0.87085,6.80,4.00
2009.10.22 18:54:04.120,0.87055,0.87085,4.40,6.40
2009.10.22 18:54:04.240,0.8705,0.87085,6.80,15.40
2009.10.22 18:54:07.459,0.8705,0.87085,2.80,16.30
2009.10.22 18:54:07.979,0.8705,0.8708,6.80,4.00
2009.10.22 18:54:08.798,0.8705,0.8708,7.60,4.00
2009.10.22 18:54:09.149,0.87055,0.8708,2.40,4.00
2009.10.22 18:54:09.478,0.8706,0.87085,2.80,4.00
2009.10.22 18:54:09.758,0.8706,0.8709,2.90,4.80
2009.10.22 18:54:10.058,0.87065,0.8709,2.40,4.00
2009.10.22 18:54:10.628,0.8706,0.8709,2.40,4.00
2009.10.22 18:54:30.723,0.8706,0.8709,3.60,4.00
2009.10.22 18:54:30.893,0.8706,0.87095,7.60,6.50
2009.10.22 18:54:31.573,0.8706,0.87095,7.60,6.10
2009.10.22 18:54:31.923,0.8706,0.87095,7.70,4.00
2009.10.22 18:54:33.533,0.8707,0.871,3.20,5.20
2009.10.22 18:54:33.892,0.8707,0.871,7.60,4.80
2009.10.22 18:54:34.053,0.87075,0.87105,2.40,13.80
2009.10.22 18:54:35.622,0.87075,0.87105,2.40,13.90
2009.10.22 18:54:36.832,0.87075,0.87105,2.40,13.80
2009.10.22 18:54:37.051,0.87075,0.87105,2.40,13.90
2009.10.22 18:54:37.231,0.87075,0.87105,2.40,13.80
2009.10.22 18:54:38.091,0.87075,0.87105,2.40,13.90
2009.10.22 18:54:38.891,0.87075,0.87105,2.40,13.80
2009.10.22 18:54:40.781,0.87075,0.87105,2.40,15.40
2009.10.22 18:54:41.001,0.8707,0.871,6.40,2.80
2009.10.22 18:54:41.171,0.8707,0.871,6.40,6.80
2009.10.22 18:54:43.050,0.8707,0.871,6.40,2.80
2009.10.22 18:54:43.280,0.8707,0.871,6.40,6.80
2009.10.22 18:54:48.029,0.8707,0.871,4.00,6.60
2009.10.22 18:54:48.139,0.87065,0.871,10.40,6.60
2009.10.22 18:54:48.309,0.87065,0.871,6.40,7.80
2009.10.22 18:54:53.068,0.87065,0.871,4.00,7.70
2009.10.22 18:54:53.288,0.8706,0.87095,6.40,7.60
2009.10.22 18:54:56.447,0.8706,0.87095,6.50,7.60
2009.10.22 18:54:56.727,0.8706,0.87095,6.40,7.60
2009.10.22 18:54:57.787,0.8706,0.8709,4.00,10.00
2009.10.22 18:54:58.177,0.87055,0.8709,6.40,7.60
2009.10.22 18:54:58.476,0.87055,0.8709,6.40,6.80
2009.10.22 18:54:58.856,0.8706,0.87095,6.40,9.80
2009.10.22 18:54:59.536,0.8706,0.87095,6.40,7.60
2009.10.22 18:55:01.906,0.8706,0.87085,6.40,1.00
2009.10.22 18:55:02.086,0.87055,0.87085,4.00,7.20
2009.10.22 18:55:02.256,0.8705,0.87085,9.10,7.20
2009.10.22 18:55:07.204,0.87055,0.8709,6.40,8.40
2009.10.22 18:55:07.484,0.8705,0.87085,9.50,7.20
2009.10.22 18:55:07.724,0.8705,0.87085,9.10,7.20
2009.10.22 18:55:07.894,0.8705,0.87085,6.40,7.20
2009.10.22 18:55:08.064,0.8705,0.87085,6.40,7.60
2009.10.22 18:55:08.234,0.8705,0.87085,6.40,8.40
2009.10.22 18:55:08.414,0.8705,0.87085,6.40,9.80
2009.10.22 18:55:08.634,0.8705,0.87085,6.40,8.60
2009.10.22 18:55:09.114,0.8705,0.87085,6.40,7.20
2009.10.22 18:55:10.654,0.8705,0.87085,6.40,8.40
2009.10.22 18:55:11.333,0.8705,0.87085,6.40,8.90
2009.10.22 18:55:19.931,0.8705,0.87085,6.40,9.80
2009.10.22 18:55:22.931,0.8705,0.87085,6.40,7.80
2009.10.22 18:55:23.260,0.8705,0.87085,7.00,4.00
2009.10.22 18:55:23.600,0.87055,0.8709,10.40,4.80
2009.10.22 18:55:23.930,0.8706,0.8709,2.40,4.00
2009.10.22 18:55:24.790,0.8706,0.8709,6.40,4.00
2009.10.22 18:55:33.878,0.8706,0.8709,6.40,4.80
2009.10.22 18:55:34.178,0.8706,0.8709,2.40,4.80
2009.10.22 18:55:34.348,0.8706,0.8709,2.40,4.90
2009.10.22 18:55:34.468,0.8706,0.8709,2.40,4.00
2009.10.22 18:55:34.578,0.87055,0.8709,6.40,6.40
2009.10.22 18:55:34.748,0.87055,0.8709,6.40,6.60
2009.10.22 18:55:35.098,0.8705,0.87085,4.00,9.70
2009.10.22 18:55:35.448,0.87045,0.8708,6.40,6.40
2009.10.22 18:55:35.808,0.87045,0.8708,7.60,4.00
2009.10.22 18:55:37.847,0.87045,0.8708,10.40,6.40
2009.10.22 18:55:38.007,0.87045,0.8708,10.40,6.80
2009.10.22 18:55:38.177,0.87045,0.8708,10.40,7.60
2009.10.22 18:55:38.357,0.87045,0.8708,6.40,7.60
2009.10.22 18:55:38.647,0.87045,0.8708,6.40,5.20
2009.10.22 18:55:38.827,0.87045,0.8708,11.60,4.80
2009.10.22 18:55:39.007,0.8705,0.8708,2.40,4.00
2009.10.22 18:55:40.506,0.8705,0.87085,6.40,16.70
2009.10.22 18:55:43.096,0.87045,0.8708,6.80,6.40
2009.10.22 18:55:43.506,0.87045,0.8708,6.40,6.80
2009.10.22 18:55:43.626,0.87045,0.8708,6.40,7.60
2009.10.22 18:55:44.096,0.87045,0.8708,6.40,11.40
2009.10.22 18:55:46.905,0.87045,0.87075,2.40,4.00
2009.10.22 18:55:47.025,0.8704,0.87075,6.40,6.40
2009.10.22 18:55:47.185,0.8704,0.87075,6.40,6.80
2009.10.22 18:55:47.485,0.8704,0.87075,6.40,7.60
2009.10.22 18:55:49.194,0.8704,0.87075,6.40,11.40
2009.10.22 18:55:52.463,0.8704,0.87075,6.40,10.60
2009.10.22 18:55:54.783,0.8704,0.8707,4.00,2.40
2009.10.22 18:55:55.003,0.87035,0.8707,6.40,6.80
2009.10.22 18:55:55.473,0.87035,0.8707,6.40,8.20
2009.10.22 18:55:56.642,0.87035,0.8707,7.20,8.20
2009.10.22 18:55:56.812,0.87035,0.8707,7.20,5.70
2009.10.22 18:55:57.213,0.8704,0.8707,2.40,5.30
2009.10.22 18:55:57.562,0.8704,0.8707,6.40,1.30
2009.10.22 18:56:00.672,0.8705,0.87075,1.00,7.20
2009.10.22 18:56:00.902,0.8705,0.87075,1.00,13.40
2009.10.22 18:56:01.181,0.87035,0.8707,6.00,10.90
2009.10.22 18:56:01.452,0.8703,0.87065,10.40,6.80
2009.10.22 18:56:01.801,0.8703,0.87065,6.40,6.80
2009.10.22 18:56:03.251,0.8703,0.87065,6.40,10.60
2009.10.22 18:56:03.431,0.8703,0.87065,6.40,11.40
2009.10.22 18:56:08.010,0.8703,0.87065,4.00,11.30
2009.10.22 18:56:08.529,0.8702,0.87055,6.40,7.60
2009.10.22 18:56:12.179,0.87015,0.8705,9.10,4.00
2009.10.22 18:56:12.479,0.87015,0.8705,6.40,4.00
2009.10.22 18:56:13.108,0.87015,0.8705,9.40,4.00
2009.10.22 18:56:13.448,0.87025,0.8706,6.40,7.70
2009.10.22 18:56:14.448,0.87025,0.8706,6.40,11.70
2009.10.22 18:56:14.848,0.87025,0.8706,6.40,7.70
2009.10.22 18:56:25.785,0.87025,0.8706,4.00,10.50
2009.10.22 18:56:26.075,0.8702,0.87055,6.40,6.40
2009.10.22 18:56:32.534,0.8702,0.87055,6.40,6.80
2009.10.22 18:56:32.764,0.8702,0.8705,4.00,2.40
2009.10.22 18:56:32.984,0.8702,0.8705,4.00,6.40
2009.10.22 18:56:33.744,0.8702,0.87045,4.00,2.40
2009.10.22 18:56:33.984,0.8702,0.8705,4.00,7.20
2009.10.22 18:56:34.284,0.8702,0.8705,4.00,6.80
2009.10.22 18:56:34.513,0.87015,0.8705,6.40,7.60
2009.10.22 18:56:34.753,0.87015,0.87045,6.40,6.40
2009.10.22 18:56:36.353,0.87015,0.87045,7.20,6.40
2009.10.22 18:56:36.573,0.87015,0.8705,7.20,6.40
2009.10.22 18:56:36.803,0.8702,0.8705,4.00,6.40
2009.10.22 18:56:38.183,0.8702,0.8705,7.80,4.00
2009.10.22 18:56:38.702,0.87025,0.8706,6.40,6.40
2009.10.22 18:56:42.882,0.87025,0.8706,6.40,4.00
2009.10.22 18:56:43.221,0.8703,0.87065,6.40,10.60
2009.10.22 18:56:43.571,0.8703,0.87065,2.40,14.70
2009.10.22 18:56:43.911,0.8704,0.87065,1.00,14.30
2009.10.22 18:56:44.211,0.87045,0.87065,2.40,3.70
2009.10.22 18:56:45.411,0.87045,0.87065,12.40,3.70
2009.10.22 18:56:45.761,0.87045,0.87065,4.00,3.70
2009.10.22 18:56:46.111,0.8704,0.87065,6.40,3.70
2009.10.22 18:56:47.720,0.8704,0.8707,6.40,1.00
2009.10.22 18:56:49.840,0.8704,0.8707,4.00,1.00
2009.10.22 18:56:50.180,0.8704,0.8707,4.00,1.20
2009.10.22 18:56:50.460,0.8704,0.8707,4.00,5.20
2009.10.22 18:56:57.038,0.8704,0.8707,6.40,5.20
2009.10.22 18:56:57.318,0.8704,0.8707,6.40,1.00
2009.10.22 18:56:58.248,0.8704,0.8707,4.00,1.00
2009.10.22 18:56:58.367,0.8704,0.87065,4.00,2.40
2009.10.22 18:56:58.478,0.8704,0.87065,4.00,2.80
2009.10.22 18:56:58.768,0.8703,0.87065,4.00,7.60
2009.10.22 18:56:59.617,0.8703,0.87065,4.00,10.00
2009.10.22 18:56:59.957,0.8703,0.87065,4.00,10.40
2009.10.22 18:57:00.297,0.87025,0.8706,6.40,7.60
2009.10.22 18:57:01.497,0.8703,0.8706,4.00,4.80
2009.10.22 18:57:01.847,0.87035,0.8706,2.80,4.00
2009.10.22 18:57:02.547,0.87035,0.87065,6.80,1.20
2009.10.22 18:57:05.186,0.87035,0.87055,6.80,4.00
2009.10.22 18:57:05.356,0.87035,0.87045,4.00,2.80
2009.10.22 18:57:05.526,0.87035,0.8705,4.00,4.40
2009.10.22 18:57:05.586,0.87015,0.8705,7.20,7.60
2009.10.22 18:57:05.816,0.87015,0.8705,7.20,7.60
2009.10.22 18:57:05.876,0.87015,0.8705,7.20,7.20
2009.10.22 18:57:05.986,0.87015,0.8705,7.20,6.40
2009.10.22 18:57:06.046,0.8702,0.8705,2.40,4.00
2009.10.22 18:57:06.106,0.8702,0.87055,6.40,9.20
2009.10.22 18:57:06.166,0.8702,0.87055,6.40,4.40
2009.10.22 18:57:12.654,0.8702,0.87055,11.60,4.40
2009.10.22 18:57:12.894,0.87025,0.87055,6.40,1.00
2009.10.22 18:57:13.114,0.87025,0.8706,6.40,7.20
2009.10.22 18:57:13.344,0.87025,0.8706,7.20,6.40
2009.10.22 18:57:13.574,0.87025,0.8706,13.20,4.00
2009.10.22 18:57:13.814,0.8703,0.87065,6.40,7.60
2009.10.22 18:57:14.104,0.8703,0.87065,6.40,9.20
2009.10.22 18:57:14.334,0.8703,0.8706,6.40,1.20
2009.10.22 18:57:17.873,0.8703,0.8706,6.40,1.00
2009.10.22 18:57:20.652,0.8703,0.8706,11.70,1.00
2009.10.22 18:57:20.992,0.8703,0.87065,11.70,1.00
2009.10.22 18:57:21.572,0.87035,0.87065,10.40,1.00
2009.10.22 18:57:24.721,0.87035,0.8707,6.40,8.40
2009.10.22 18:57:24.901,0.87035,0.8707,10.40,5.20
2009.10.22 18:57:25.071,0.8704,0.8707,4.00,5.70
2009.10.22 18:57:25.301,0.87035,0.8707,6.40,8.40
2009.10.22 18:57:26.281,0.87035,0.8707,6.40,7.60
2009.10.22 18:57:30.120,0.87035,0.8707,6.40,7.80
2009.10.22 18:57:30.360,0.87035,0.8707,6.40,7.60
2009.10.22 18:57:30.470,0.87035,0.8707,6.40,8.40
2009.10.22 18:57:31.010,0.87035,0.8707,6.40,7.60
2009.10.22 18:57:31.300,0.8703,0.87065,7.40,6.40
2009.10.22 18:57:31.529,0.8703,0.87065,6.40,6.40
2009.10.22 18:57:35.679,0.8703,0.87065,6.40,4.00
2009.10.22 18:57:36.138,0.87035,0.8707,6.40,7.80
2009.10.22 18:57:36.258,0.87035,0.8707,6.40,7.60
2009.10.22 18:57:37.008,0.87035,0.8707,6.40,7.80
2009.10.22 18:57:37.228,0.87035,0.8707,6.40,7.60
2009.10.22 18:57:44.966,0.87035,0.8707,11.20,7.60
2009.10.22 18:57:45.086,0.8704,0.8707,6.40,7.60
2009.10.22 18:57:45.266,0.8704,0.8707,6.40,6.80
2009.10.22 18:57:45.956,0.8704,0.8707,4.00,6.80
2009.10.22 18:57:46.296,0.8704,0.8707,2.40,6.40
2009.10.22 18:57:46.636,0.8704,0.8707,6.40,6.40
2009.10.22 18:57:46.806,0.8704,0.8707,6.40,6.60
2009.10.22 18:57:47.976,0.8704,0.8707,6.40,6.40
2009.10.22 18:57:53.294,0.8704,0.8707,4.00,7.60
2009.10.22 18:57:53.634,0.8704,0.8707,6.40,7.80
2009.10.22 18:57:54.105,0.8704,0.8707,2.40,6.40
2009.10.22 18:57:54.404,0.8704,0.8707,6.40,6.60
2009.10.22 18:57:54.734,0.8704,0.8707,6.40,6.40
2009.10.22 18:57:54.974,0.8704,0.8707,6.40,6.60
2009.10.22 18:57:57.593,0.8704,0.8707,6.40,6.40
2009.10.22 18:57:57.873,0.8704,0.8707,6.40,6.60
2009.10.22 18:57:58.573,0.8704,0.8707,6.40,6.40
2009.10.22 18:57:58.813,0.8704,0.8707,6.40,6.60
2009.10.22 18:58:03.022,0.8704,0.8707,6.40,6.40
2009.10.22 18:58:03.422,0.8704,0.8707,6.40,6.60
2009.10.22 18:58:03.662,0.8704,0.8707,6.40,6.40
2009.10.22 18:58:04.003,0.8704,0.8707,6.40,6.60
2009.10.22 18:58:04.182,0.8704,0.8707,6.40,6.40
2009.10.22 18:58:04.532,0.8704,0.8707,6.40,6.60
2009.10.22 18:58:05.121,0.8704,0.8707,6.40,6.40
2009.10.22 18:58:05.361,0.8704,0.8707,6.40,6.50
2009.10.22 18:58:05.652,0.8704,0.8707,6.40,6.40
2009.10.22 18:58:05.941,0.8704,0.8707,6.40,6.60
2009.10.22 18:58:06.171,0.8704,0.8707,6.40,2.60
2009.10.22 18:58:06.751,0.8704,0.8707,6.40,6.40
2009.10.22 18:58:09.691,0.87045,0.8707,4.00,4.00
2009.10.22 18:58:10.030,0.87045,0.8707,2.40,4.00
2009.10.22 18:58:10.370,0.87045,0.87075,2.40,7.40
2009.10.22 18:58:10.720,0.87045,0.87075,2.40,7.20
2009.10.22 18:58:11.080,0.87045,0.87075,2.40,6.60
2009.10.22 18:58:11.660,0.87045,0.87075,2.40,6.40
2009.10.22 18:58:12.510,0.87045,0.87075,2.40,6.60
2009.10.22 18:58:12.850,0.87045,0.87075,6.40,6.40
2009.10.22 18:58:14.020,0.87045,0.87075,2.40,6.40
2009.10.22 18:58:14.249,0.87045,0.87075,2.40,6.60
2009.10.22 18:58:14.419,0.87045,0.87075,6.40,6.40
2009.10.22 18:58:14.929,0.8704,0.8707,6.40,2.40
2009.10.22 18:58:15.269,0.8704,0.8707,6.40,6.40
2009.10.22 18:58:15.559,0.8704,0.8707,6.40,2.40
2009.10.22 18:58:16.249,0.8704,0.8707,6.40,6.40
2009.10.22 18:58:39.763,0.8704,0.8707,2.40,6.40
2009.10.22 18:58:40.003,0.8704,0.8707,6.40,6.40
2009.10.22 18:58:42.822,0.87035,0.8707,11.50,6.80
2009.10.22 18:58:43.932,0.8704,0.87075,6.80,7.40
2009.10.22 18:58:44.152,0.8704,0.87075,6.40,11.70
2009.10.22 18:58:50.901,0.8704,0.87075,6.40,8.50
2009.10.22 18:58:51.290,0.8704,0.8706,4.00,2.40
2009.10.22 18:58:51.450,0.8703,0.8706,1.00,2.80
2009.10.22 18:58:51.570,0.8703,0.8706,4.00,2.80
2009.10.22 18:58:51.750,0.8704,0.8706,3.20,1.00
2009.10.22 18:58:52.100,0.8704,0.87065,7.20,1.20
2009.10.22 18:58:52.490,0.87035,0.87065,4.10,3.60
2009.10.22 18:58:54.030,0.87035,0.87065,4.00,3.60
2009.10.22 18:58:54.859,0.87035,0.8706,4.00,2.40
2009.10.22 18:58:55.029,0.8703,0.8706,6.40,3.60
2009.10.22 18:58:55.829,0.8703,0.8706,6.40,1.20
2009.10.22 18:58:56.049,0.8703,0.87065,10.40,6.60
2009.10.22 18:58:56.379,0.87035,0.87065,6.40,7.40
2009.10.22 18:58:56.719,0.8703,0.87065,2.40,15.70
2009.10.22 18:58:57.069,0.8703,0.87065,2.40,15.70
2009.10.22 18:58:59.708,0.8703,0.8706,6.40,3.60
2009.10.22 18:58:59.998,0.8703,0.87065,6.40,10.60
2009.10.22 18:59:00.278,0.87035,0.87065,2.40,11.40
2009.10.22 18:59:01.128,0.87035,0.8706,2.40,4.00
2009.10.22 18:59:04.118,0.87035,0.8706,2.80,4.00
2009.10.22 18:59:04.357,0.87035,0.87065,2.80,11.70
2009.10.22 18:59:04.588,0.87035,0.87065,2.80,7.70
2009.10.22 18:59:05.577,0.8703,0.8706,3.40,4.00
2009.10.22 18:59:05.997,0.8703,0.87065,6.60,14.60
2009.10.22 18:59:06.237,0.87035,0.87065,3.30,8.90
2009.10.22 18:59:06.467,0.8704,0.87065,6.80,1.20
2009.10.22 18:59:06.697,0.87035,0.87065,1.00,7.60
2009.10.22 18:59:07.397,0.87035,0.8707,7.00,11.40
2009.10.22 18:59:07.687,0.87035,0.8707,1.00,16.30
2009.10.22 18:59:08.036,0.8703,0.87065,6.60,6.80
2009.10.22 18:59:08.396,0.8703,0.87065,6.60,12.20
2009.10.22 18:59:09.636,0.8703,0.87065,6.40,12.20
2009.10.22 18:59:11.735,0.8703,0.87065,6.40,13.80
2009.10.22 18:59:12.147,0.8703,0.87055,4.00,2.40
2009.10.22 18:59:12.496,0.87025,0.87055,4.00,6.80
2009.10.22 18:59:12.845,0.87025,0.87055,4.00,2.80
2009.10.22 18:59:13.875,0.87025,0.87045,4.00,2.40
2009.10.22 18:59:14.165,0.8702,0.8705,4.00,3.20
2009.10.22 18:59:14.455,0.8701,0.87045,11.10,4.00
2009.10.22 18:59:14.805,0.87015,0.87045,4.00,4.00
2009.10.22 18:59:19.154,0.87015,0.87045,8.40,6.40
2009.10.22 18:59:19.923,0.87015,0.87045,4.40,6.40
2009.10.22 18:59:20.513,0.87015,0.87045,2.80,6.40
2009.10.22 18:59:20.683,0.8701,0.87045,6.70,6.80
2009.10.22 18:59:31.021,0.8701,0.87045,6.70,7.00
2009.10.22 18:59:31.261,0.8701,0.8704,6.70,4.00
2009.10.22 18:59:32.191,0.8701,0.8704,4.20,2.80
2009.10.22 18:59:32.541,0.87005,0.8704,13.90,7.00
2009.10.22 18:59:32.840,0.87005,0.8704,13.90,6.80
2009.10.22 18:59:33.430,0.87005,0.8704,14.70,6.40
2009.10.22 18:59:33.610,0.87005,0.8704,18.60,4.00
2009.10.22 18:59:33.790,0.8701,0.87045,6.40,7.00
2009.10.22 18:59:34.140,0.8701,0.87045,6.40,7.80
2009.10.22 18:59:34.320,0.87005,0.8704,9.00,6.40
2009.10.22 18:59:34.490,0.87005,0.8704,6.40,8.00
2009.10.22 18:59:34.660,0.87005,0.87035,4.40,4.00
2009.10.22 18:59:34.940,0.87005,0.87035,6.40,1.00
2009.10.22 18:59:35.120,0.87005,0.8704,8.80,7.80
2009.10.22 18:59:35.410,0.87005,0.8704,6.40,7.70
2009.10.22 18:59:35.580,0.87,0.87035,9.90,7.60
2009.10.22 18:59:36.270,0.87,0.87035,13.10,7.20
2009.10.22 18:59:36.619,0.87005,0.8704,8.80,7.80
2009.10.22 18:59:37.329,0.87005,0.8704,8.80,7.00
2009.10.22 18:59:38.029,0.87005,0.8704,9.60,7.00
2009.10.22 18:59:38.479,0.8701,0.8704,3.20,6.40
2009.10.22 18:59:38.719,0.8701,0.87045,17.10,7.00
2009.10.22 18:59:39.689,0.8701,0.87045,17.20,6.80
2009.10.22 18:59:40.509,0.87015,0.8705,13.80,1.00
2009.10.22 18:59:40.809,0.8702,0.87055,6.40,9.00
2009.10.22 18:59:41.089,0.8702,0.8705,4.00,2.40
2009.10.22 18:59:41.148,0.8702,0.8705,6.40,1.00
2009.10.22 18:59:41.438,0.8702,0.8705,4.00,2.40
2009.10.22 18:59:41.499,0.8702,0.8705,2.40,4.00
2009.10.22 18:59:41.618,0.87015,0.8705,4.80,7.60
2009.10.22 18:59:41.669,0.87015,0.8705,4.00,7.70
2009.10.22 18:59:42.188,0.8701,0.87045,9.10,6.40
2009.10.22 18:59:42.888,0.87015,0.87045,2.40,4.00
2009.10.22 18:59:43.248,0.87025,0.87055,4.00,2.40
2009.10.22 18:59:43.598,0.87025,0.8706,6.40,4.80
2009.10.22 18:59:43.948,0.87035,0.8706,4.00,1.00
2009.10.22 18:59:44.298,0.87035,0.8706,11.00,1.00
2009.10.22 18:59:44.928,0.87045,0.87065,6.40,1.00
2009.10.22 18:59:45.268,0.8705,0.87075,6.40,1.00
2009.10.22 18:59:45.618,0.87055,0.8708,2.40,4.00
2009.10.22 18:59:45.967,0.87055,0.87085,6.40,6.40
2009.10.22 18:59:46.367,0.87055,0.8709,6.40,9.00
2009.10.22 18:59:46.707,0.87055,0.8709,6.40,8.70
2009.10.22 18:59:47.067,0.87055,0.87085,6.70,2.40
2009.10.22 18:59:47.417,0.87055,0.87085,6.40,6.40
2009.10.22 18:59:47.707,0.8706,0.87085,2.40,4.00
2009.10.22 18:59:48.097,0.87055,0.87085,6.40,6.40
2009.10.22 18:59:49.927,0.87055,0.8708,4.00,2.40
2009.10.22 18:59:50.276,0.8705,0.8708,6.40,2.40
2009.10.22 18:59:50.626,0.8705,0.8708,6.40,6.40
2009.10.22 18:59:50.976,0.8705,0.8708,4.00,6.40
2009.10.22 18:59:51.326,0.87045,0.8708,10.70,6.40
2009.10.22 18:59:51.616,0.87045,0.8708,6.70,6.40
2009.10.22 18:59:52.156,0.87045,0.8708,9.20,4.00
2009.10.22 18:59:52.446,0.87045,0.8708,13.20,4.00
2009.10.22 18:59:53.145,0.87045,0.8708,13.80,4.00
2009.10.22 18:59:53.486,0.8705,0.87085,9.10,4.00
2009.10.22 18:59:53.896,0.87065,0.87085,1.60,4.00
2009.10.22 18:59:54.076,0.87065,0.87085,3.20,4.00
2009.10.22 18:59:54.255,0.87055,0.87085,2.20,4.00
2009.10.22 18:59:54.486,0.8706,0.87085,2.40,4.00
2009.10.22 18:59:54.995,0.8706,0.8709,2.40,6.40
2009.10.22 18:59:55.705,0.87065,0.8709,4.00,4.00
2009.10.22 18:59:55.975,0.8706,0.87095,6.40,10.80
2009.10.22 18:59:56.215,0.8706,0.8709,2.40,8.00
2009.10.22 18:59:56.445,0.8706,0.8709,3.20,4.00
2009.10.22 18:59:56.735,0.8706,0.8709,2.40,4.00
2009.10.22 18:59:57.094,0.8706,0.8709,2.70,4.00
2009.10.22 18:59:57.455,0.87065,0.8709,2.40,4.00
2009.10.22 18:59:57.744,0.87065,0.87095,2.40,6.40
2009.10.22 18:59:58.494,0.8706,0.87095,2.40,14.20
2009.10.22 18:59:58.785,0.87055,0.8709,6.40,6.40
2009.10.22 18:59:59.134,0.87055,0.8709,6.40,7.80
2009.10.22 18:59:59.424,0.87055,0.8709,6.40,11.80
