2015.02.19 06:00:00.124,0.95297,0.9531,1.12,2.25
2015.02.19 06:00:00.637,0.95297,0.9531,1.00,2.32
2015.02.19 06:00:00.955,0.95297,0.95308,1.00,2.32
2015.02.19 06:00:01.503,0.95297,0.95307,1.00,1.10
2015.02.19 06:00:01.606,0.95294,0.95307,1.00,1.10
2015.02.19 06:00:02.186,0.95292,0.95302,1.12,1.00
2015.02.19 06:00:02.237,0.95289,0.95303,1.10,1.87
2015.02.19 06:00:02.389,0.95288,0.95306,1.12,1.20
2015.02.19 06:00:02.541,0.95288,0.95306,1.75,1.20
2015.02.19 06:00:02.844,0.95288,0.95306,1.50,1.87
2015.02.19 06:00:03.754,0.95288,0.95306,1.75,1.10
2015.02.19 06:00:10.701,0.95287,0.95305,2.44,1.00
2015.02.19 06:00:11.004,0.95287,0.95305,2.25,1.75
2015.02.19 06:00:11.307,0.95292,0.9531,1.00,2.89
2015.02.19 06:00:11.408,0.95293,0.95309,1.00,1.75
2015.02.19 06:00:11.941,0.95293,0.95309,1.12,1.50
2015.02.19 06:00:14.076,0.95293,0.95309,1.00,1.75
2015.02.19 06:00:15.397,0.95293,0.95308,1.00,1.75
2015.02.19 06:00:15.550,0.95289,0.95306,1.20,1.87
2015.02.19 06:00:15.804,0.95288,0.95306,1.10,2.06
2015.02.19 06:00:25.169,0.95287,0.95303,1.12,1.12
2015.02.19 06:00:25.557,0.95286,0.95304,1.25,1.95
2015.02.19 06:00:26.064,0.95286,0.95304,1.12,1.95
2015.02.19 06:00:28.825,0.95288,0.95304,1.00,1.75
2015.02.19 06:00:30.573,0.95288,0.95306,1.12,2.00
2015.02.19 06:00:33.777,0.95288,0.95301,1.00,1.50
2015.02.19 06:00:40.654,0.95283,0.953,1.12,1.12
2015.02.19 06:00:46.484,0.95287,0.95301,1.00,2.06
2015.02.19 06:00:49.032,0.95283,0.953,1.12,1.12
2015.02.19 06:00:54.336,0.95283,0.953,1.12,1.75
2015.02.19 06:00:58.484,0.95287,0.953,1.00,1.75
2015.02.19 06:00:58.635,0.95287,0.95301,1.00,1.69
2015.02.19 06:01:01.103,0.95288,0.95302,1.00,1.50
2015.02.19 06:01:01.154,0.95291,0.95307,1.10,2.25
2015.02.19 06:01:03.370,0.95291,0.95307,1.12,1.87
2015.02.19 06:01:09.958,0.95292,0.95307,1.00,2.25
2015.02.19 06:01:15.458,0.95292,0.95305,1.00,1.00
2015.02.19 06:01:15.660,0.95297,0.95305,1.00,1.00
2015.02.19 06:01:15.863,0.95297,0.95309,1.00,1.31
2015.02.19 06:01:16.378,0.95297,0.95311,1.00,1.31
2015.02.19 06:01:16.883,0.95297,0.95311,1.12,1.25
2015.02.19 06:01:17.085,0.95294,0.95311,1.75,1.69
2015.02.19 06:01:17.741,0.95297,0.95311,1.50,1.01
2015.02.19 06:01:35.992,0.95297,0.95312,1.57,1.10
2015.02.19 06:01:40.880,0.95297,0.95311,1.57,1.00
2015.02.19 06:01:41.695,0.95297,0.95313,1.57,2.14
2015.02.19 06:01:41.847,0.95302,0.95313,1.00,1.76
2015.02.19 06:01:42.201,0.95298,0.95312,1.12,1.00
2015.02.19 06:01:49.776,0.95298,0.95312,1.00,1.00
2015.02.19 06:01:51.063,0.95307,0.95312,1.00,1.00
2015.02.19 06:01:51.115,0.95308,0.95314,1.00,1.10
2015.02.19 06:01:51.267,0.95308,0.95317,1.00,1.50
2015.02.19 06:01:51.469,0.95308,0.95315,1.00,1.00
2015.02.19 06:01:51.686,0.95308,0.9532,1.00,1.07
2015.02.19 06:01:53.014,0.95308,0.9532,1.00,1.00
2015.02.19 06:01:53.065,0.95308,0.95318,1.00,1.00
2015.02.19 06:01:53.217,0.95308,0.9532,1.00,1.00
2015.02.19 06:01:54.153,0.95305,0.9532,1.00,1.00
2015.02.19 06:01:54.659,0.95305,0.95319,1.00,1.20
2015.02.19 06:01:55.826,0.95305,0.95319,1.00,1.95
2015.02.19 06:01:59.179,0.95302,0.95316,1.50,1.57
2015.02.19 06:01:59.687,0.95302,0.95315,1.00,1.10
2015.02.19 06:02:00.091,0.95302,0.95314,1.50,1.12
2015.02.19 06:02:01.315,0.95299,0.95315,1.12,2.32
2015.02.19 06:02:02.313,0.95303,0.95315,1.00,2.32
2015.02.19 06:02:03.161,0.95303,0.95315,1.00,1.95
2015.02.19 06:02:03.752,0.95299,0.95314,1.75,1.10
2015.02.19 06:02:03.859,0.95299,0.95314,1.10,1.12
2015.02.19 06:02:07.943,0.95299,0.95314,1.00,1.00
2015.02.19 06:02:12.750,0.95299,0.95314,1.00,1.12
2015.02.19 06:02:14.200,0.95299,0.95312,1.00,1.00
2015.02.19 06:02:14.709,0.95298,0.95312,1.00,1.87
2015.02.19 06:02:15.225,0.95297,0.9531,1.00,1.87
2015.02.19 06:02:15.276,0.95297,0.9531,1.00,2.62
2015.02.19 06:02:15.478,0.95294,0.95309,1.00,1.20
2015.02.19 06:02:20.024,0.95297,0.95309,1.00,2.14
2015.02.19 06:02:21.238,0.95294,0.95309,1.00,1.39
2015.02.19 06:02:21.441,0.95294,0.95309,1.00,2.51
2015.02.19 06:02:25.551,0.95294,0.95305,1.00,1.00
2015.02.19 06:02:25.704,0.95292,0.95305,1.57,1.00
2015.02.19 06:02:27.962,0.95292,0.95303,1.50,1.00
2015.02.19 06:02:28.508,0.95292,0.95304,1.50,1.00
2015.02.19 06:02:30.188,0.95292,0.95305,1.50,1.10
2015.02.19 06:02:33.123,0.95297,0.95305,1.00,1.10
2015.02.19 06:02:33.225,0.95298,0.95313,1.00,1.75
2015.02.19 06:02:33.391,0.95301,0.95315,1.00,3.19
2015.02.19 06:02:33.442,0.95301,0.95315,1.00,3.19
2015.02.19 06:02:33.859,0.95301,0.95311,1.00,1.12
2015.02.19 06:02:34.011,0.95301,0.95315,1.00,3.19
2015.02.19 06:02:34.112,0.95303,0.95315,1.00,3.19
2015.02.19 06:02:34.768,0.95303,0.95315,1.00,1.12
2015.02.19 06:02:34.919,0.95305,0.95315,1.00,1.12
2015.02.19 06:02:35.071,0.95305,0.95319,1.00,1.31
2015.02.19 06:02:35.122,0.95307,0.95321,1.50,2.25
2015.02.19 06:02:35.173,0.95307,0.95321,1.50,1.12
2015.02.19 06:02:35.526,0.95307,0.95322,1.12,1.00
2015.02.19 06:02:35.678,0.9531,0.95325,1.00,2.44
2015.02.19 06:02:39.926,0.95307,0.95325,2.77,1.50
2015.02.19 06:02:40.452,0.95307,0.95322,1.87,1.00
2015.02.19 06:02:48.782,0.95308,0.95324,1.10,1.50
2015.02.19 06:02:53.285,0.95306,0.95322,1.50,1.00
2015.02.19 06:02:53.740,0.95307,0.9532,1.00,1.00
2015.02.19 06:02:54.741,0.95307,0.95321,1.00,1.10
2015.02.19 06:02:58.852,0.95307,0.95322,1.12,1.00
2015.02.19 06:02:59.362,0.95309,0.95322,1.00,1.00
2015.02.19 06:03:00.365,0.95309,0.95322,1.00,1.12
2015.02.19 06:03:01.385,0.95309,0.95322,1.10,1.57
2015.02.19 06:03:01.924,0.95309,0.95321,1.10,1.00
2015.02.19 06:03:04.525,0.95309,0.9532,1.10,1.00
2015.02.19 06:03:04.626,0.95306,0.9532,1.12,1.10
2015.02.19 06:03:05.083,0.95305,0.95318,1.50,1.00
2015.02.19 06:03:05.808,0.95305,0.95317,1.50,1.00
2015.02.19 06:03:05.859,0.95305,0.95317,1.00,1.00
2015.02.19 06:03:06.451,0.95305,0.95318,1.00,1.10
2015.02.19 06:03:08.651,0.95305,0.9532,1.12,1.12
2015.02.19 06:03:09.156,0.95306,0.95318,1.12,1.00
2015.02.19 06:03:11.102,0.95306,0.95313,1.12,1.00
2015.02.19 06:03:11.254,0.95304,0.95315,1.12,1.00
2015.02.19 06:03:11.507,0.95303,0.95316,1.00,1.57
2015.02.19 06:03:11.709,0.95304,0.95313,1.00,1.00
2015.02.19 06:03:11.760,0.95302,0.95313,1.57,1.00
2015.02.19 06:03:11.811,0.95302,0.95317,1.50,1.95
2015.02.19 06:03:12.114,0.95304,0.95317,1.00,1.95
2015.02.19 06:03:12.418,0.95302,0.95313,1.50,1.00
2015.02.19 06:03:12.671,0.95295,0.95313,1.92,1.00
2015.02.19 06:03:12.722,0.95293,0.95306,3.15,1.00
2015.02.19 06:03:12.924,0.95297,0.95312,1.50,4.09
2015.02.19 06:03:12.975,0.953,0.95312,1.00,1.69
2015.02.19 06:03:13.076,0.95295,0.95312,1.95,1.50
2015.02.19 06:03:13.228,0.95294,0.95307,1.01,1.00
2015.02.19 06:03:13.431,0.95297,0.9531,1.00,1.95
2015.02.19 06:03:13.582,0.95297,0.9531,1.50,1.75
2015.02.19 06:03:13.886,0.95291,0.95302,1.12,1.00
2015.02.19 06:03:14.089,0.95288,0.95302,1.12,1.00
2015.02.19 06:03:14.139,0.95288,0.953,1.12,1.00
2015.02.19 06:03:14.443,0.95282,0.95299,1.75,1.10
2015.02.19 06:03:14.544,0.95282,0.95296,1.75,1.00
2015.02.19 06:03:14.847,0.95282,0.95293,1.75,1.00
2015.02.19 06:03:14.898,0.95282,0.95293,1.50,1.00
2015.02.19 06:03:14.949,0.95278,0.95296,1.01,1.00
2015.02.19 06:03:15.050,0.95277,0.95293,2.40,1.00
2015.02.19 06:03:15.353,0.95277,0.9529,1.75,1.00
2015.02.19 06:03:15.455,0.95277,0.95287,1.10,1.00
2015.02.19 06:03:15.758,0.95277,0.9529,1.00,1.10
2015.02.19 06:03:15.940,0.95273,0.95287,1.09,1.00
2015.02.19 06:03:16.041,0.95277,0.95294,1.00,1.09
2015.02.19 06:03:16.142,0.95279,0.95297,1.00,2.06
2015.02.19 06:03:16.244,0.95279,0.95296,1.00,1.27
2015.02.19 06:03:16.746,0.95272,0.95289,2.21,1.00
2015.02.19 06:03:17.291,0.95277,0.95293,1.00,1.75
2015.02.19 06:03:17.645,0.95272,0.9529,2.40,1.10
2015.02.19 06:03:18.811,0.95272,0.95287,2.15,1.00
2015.02.19 06:03:19.319,0.95272,0.9529,2.40,1.50
2015.02.19 06:03:19.522,0.95276,0.95294,2.02,1.12
2015.02.19 06:03:19.623,0.95276,0.95294,2.77,1.00
2015.02.19 06:03:19.927,0.95278,0.95294,2.40,1.00
2015.02.19 06:03:20.101,0.95278,0.95294,2.40,1.00
2015.02.19 06:03:20.405,0.95279,0.95297,1.95,1.12
2015.02.19 06:03:20.912,0.95279,0.95295,1.75,1.00
2015.02.19 06:03:21.382,0.95277,0.9529,1.85,1.00
2015.02.19 06:03:21.485,0.95283,0.95297,1.10,1.09
2015.02.19 06:03:21.587,0.95285,0.95302,1.00,1.94
2015.02.19 06:03:21.638,0.95285,0.95302,1.00,1.19
2015.02.19 06:03:21.790,0.95283,0.95299,1.12,1.00
2015.02.19 06:03:22.093,0.95282,0.95297,1.50,1.00
2015.02.19 06:03:22.194,0.95282,0.953,2.25,1.10
2015.02.19 06:03:23.732,0.9528,0.95295,1.85,1.00
2015.02.19 06:03:23.783,0.95286,0.95301,1.00,1.39
2015.02.19 06:03:24.087,0.95282,0.95297,1.75,1.00
2015.02.19 06:03:24.188,0.95283,0.95299,1.12,1.57
2015.02.19 06:03:24.239,0.95283,0.95299,1.85,1.57
2015.02.19 06:03:24.441,0.95287,0.95303,1.00,1.31
2015.02.19 06:03:24.919,0.95288,0.95304,1.57,1.10
2015.02.19 06:03:25.427,0.95291,0.95303,1.00,1.00
2015.02.19 06:03:25.782,0.95292,0.9531,1.10,2.51
2015.02.19 06:03:26.139,0.95288,0.95306,2.59,1.12
2015.02.19 06:03:26.442,0.95285,0.95302,1.84,1.50
2015.02.19 06:03:26.745,0.95284,0.95299,1.94,1.00
2015.02.19 06:03:26.796,0.95284,0.95299,1.94,1.00
2015.02.19 06:03:28.279,0.95285,0.953,1.50,1.00
2015.02.19 06:03:28.531,0.95286,0.95302,1.50,1.57
2015.02.19 06:03:28.632,0.95286,0.95301,1.10,1.50
2015.02.19 06:03:30.107,0.95283,0.953,1.31,1.12
2015.02.19 06:03:32.073,0.95277,0.95294,1.39,1.50
2015.02.19 06:03:32.123,0.95277,0.95293,1.39,1.00
2015.02.19 06:03:32.326,0.95279,0.95295,1.31,1.00
2015.02.19 06:03:32.629,0.95279,0.95297,1.69,1.10
2015.02.19 06:03:32.680,0.95279,0.95297,1.84,1.10
2015.02.19 06:03:33.205,0.95283,0.95299,1.00,1.50
2015.02.19 06:03:33.710,0.95281,0.95299,1.76,1.50
2015.02.19 06:03:35.599,0.95278,0.95292,1.84,1.00
2015.02.19 06:03:35.701,0.95277,0.95292,1.12,1.00
2015.02.19 06:03:36.804,0.95279,0.95295,1.10,4.27
2015.02.19 06:03:36.905,0.95279,0.95295,1.10,1.27
2015.02.19 06:03:37.422,0.9528,0.95296,1.00,1.65
2015.02.19 06:03:37.972,0.9528,0.95296,1.12,1.27
2015.02.19 06:03:38.493,0.9528,0.95298,1.12,2.40
2015.02.19 06:03:40.732,0.95283,0.95298,1.00,1.92
2015.02.19 06:03:40.884,0.95283,0.95298,2.02,1.12
2015.02.19 06:03:40.934,0.95288,0.95298,1.00,1.12
2015.02.19 06:03:40.985,0.95288,0.95302,1.00,1.12
2015.02.19 06:03:41.187,0.95288,0.95303,1.10,1.09
2015.02.19 06:03:41.440,0.95289,0.95303,1.12,1.01
2015.02.19 06:03:44.412,0.95289,0.95298,1.12,1.00
2015.02.19 06:03:47.489,0.95287,0.95303,2.00,1.00
2015.02.19 06:03:47.793,0.95289,0.95305,1.75,1.10
2015.02.19 06:03:50.225,0.95289,0.95305,1.75,1.27
2015.02.19 06:03:50.328,0.95289,0.95305,1.12,1.27
2015.02.19 06:03:52.948,0.9529,0.95303,1.10,1.00
2015.02.19 06:03:53.457,0.9529,0.95302,1.00,1.00
2015.02.19 06:03:55.664,0.9529,0.95305,1.00,1.57
2015.02.19 06:03:55.715,0.9529,0.95305,1.10,1.10
2015.02.19 06:03:57.087,0.9529,0.95304,1.10,1.00
2015.02.19 06:03:58.454,0.9529,0.95304,1.00,1.12
2015.02.19 06:04:00.180,0.95289,0.95304,1.39,1.12
2015.02.19 06:04:00.714,0.9529,0.95303,1.00,1.10
2015.02.19 06:04:05.287,0.95291,0.95304,1.00,1.12
2015.02.19 06:04:05.691,0.95287,0.95301,1.84,1.00
2015.02.19 06:04:05.742,0.95287,0.95301,1.00,1.12
2015.02.19 06:04:06.247,0.95286,0.953,1.01,1.10
2015.02.19 06:04:11.000,0.95287,0.953,1.00,1.10
2015.02.19 06:04:20.192,0.95287,0.95299,1.00,1.00
2015.02.19 06:04:20.726,0.95287,0.953,1.00,1.10
2015.02.19 06:04:22.502,0.95287,0.95298,1.00,1.00
2015.02.19 06:04:22.604,0.95283,0.95298,1.12,1.10
2015.02.19 06:04:22.655,0.95283,0.95298,1.00,1.50
2015.02.19 06:04:22.808,0.95281,0.95297,1.10,1.87
2015.02.19 06:04:22.859,0.95281,0.95297,1.00,2.25
2015.02.19 06:04:23.786,0.95278,0.95294,1.50,1.50
2015.02.19 06:04:32.765,0.9528,0.95296,1.12,1.87
2015.02.19 06:04:33.225,0.9528,0.95295,1.10,1.50
2015.02.19 06:04:45.449,0.95281,0.95296,1.00,1.75
2015.02.19 06:04:45.550,0.95279,0.95296,1.69,1.12
2015.02.19 06:04:48.735,0.95279,0.95296,1.12,1.95
2015.02.19 06:04:52.671,0.95277,0.95294,1.76,2.25
2015.02.19 06:04:59.090,0.95277,0.95291,1.57,1.00
2015.02.19 06:04:59.141,0.95277,0.95289,1.57,1.00
2015.02.19 06:04:59.646,0.95277,0.95288,1.00,1.00
2015.02.19 06:04:59.947,0.95277,0.95288,1.00,1.50
2015.02.19 06:05:00.358,0.95272,0.95287,2.25,1.12
2015.02.19 06:05:00.459,0.95276,0.95291,1.00,1.75
2015.02.19 06:05:00.612,0.95277,0.95293,1.00,1.85
2015.02.19 06:05:01.117,0.95273,0.95286,1.94,1.00
2015.02.19 06:05:01.269,0.95273,0.95286,1.31,1.10
2015.02.19 06:05:02.334,0.95275,0.9529,1.87,1.10
2015.02.19 06:05:02.588,0.95273,0.95288,3.00,1.00
2015.02.19 06:05:02.891,0.95273,0.95285,1.75,1.00
2015.02.19 06:05:03.131,0.95273,0.95285,1.87,1.00
2015.02.19 06:05:03.676,0.95273,0.95286,1.87,1.00
2015.02.19 06:05:04.283,0.95273,0.95285,1.12,1.10
2015.02.19 06:05:04.802,0.95272,0.95284,1.12,1.00
2015.02.19 06:05:05.155,0.95272,0.95285,1.12,4.80
2015.02.19 06:05:05.256,0.95267,0.9528,1.87,1.00
2015.02.19 06:05:05.660,0.95265,0.9528,1.00,1.17
2015.02.19 06:05:05.862,0.95267,0.95277,1.00,1.00
2015.02.19 06:05:05.964,0.95267,0.95279,1.00,1.00
2015.02.19 06:05:10.168,0.95272,0.95278,1.00,1.00
2015.02.19 06:05:10.270,0.95272,0.95282,1.00,1.12
2015.02.19 06:05:10.371,0.95267,0.95282,1.87,1.00
2015.02.19 06:05:10.926,0.95272,0.95282,1.00,1.00
2015.02.19 06:05:11.581,0.95267,0.95282,2.62,1.00
2015.02.19 06:05:11.683,0.95267,0.95278,2.25,1.00
2015.02.19 06:05:11.733,0.95267,0.95278,1.12,1.00
2015.02.19 06:05:12.260,0.95267,0.95279,1.10,1.00
2015.02.19 06:05:13.330,0.95267,0.9528,1.10,1.00
2015.02.19 06:05:13.845,0.95267,0.9528,1.00,1.12
2015.02.19 06:05:14.050,0.95267,0.95282,1.10,1.87
2015.02.19 06:05:14.202,0.9527,0.95284,1.00,2.25
2015.02.19 06:05:14.253,0.95272,0.95284,1.00,1.10
2015.02.19 06:05:14.643,0.95277,0.95286,1.00,1.57
2015.02.19 06:05:15.374,0.95273,0.95287,1.00,1.12
2015.02.19 06:05:15.425,0.95277,0.95288,1.00,1.50
2015.02.19 06:05:15.980,0.95277,0.95285,1.00,1.00
2015.02.19 06:05:16.183,0.95273,0.95285,1.00,1.50
2015.02.19 06:05:16.436,0.95278,0.95286,1.00,1.75
2015.02.19 06:05:16.589,0.95278,0.95288,1.00,1.10
2015.02.19 06:05:17.094,0.95272,0.95288,3.00,1.10
2015.02.19 06:05:17.397,0.95277,0.95289,1.00,1.12
2015.02.19 06:05:17.727,0.95272,0.95288,3.00,1.10
2015.02.19 06:05:18.314,0.95273,0.95287,1.12,1.00
2015.02.19 06:05:18.517,0.95277,0.95286,1.00,1.00
2015.02.19 06:05:18.719,0.95273,0.95286,1.00,1.10
2015.02.19 06:05:18.930,0.95277,0.95286,1.00,1.10
2015.02.19 06:05:20.247,0.95272,0.95286,1.00,1.10
2015.02.19 06:05:20.801,0.95277,0.95286,1.00,1.10
2015.02.19 06:05:21.525,0.95277,0.95288,1.00,1.12
2015.02.19 06:05:21.681,0.95274,0.95288,1.00,1.12
2015.02.19 06:05:21.791,0.95278,0.95289,1.00,1.50
2015.02.19 06:05:22.344,0.95277,0.95288,1.00,1.12
2015.02.19 06:05:22.597,0.95277,0.9529,1.00,1.12
2015.02.19 06:05:23.158,0.95274,0.9529,1.57,1.12
2015.02.19 06:05:23.362,0.95277,0.95289,1.00,1.10
2015.02.19 06:05:25.317,0.95277,0.95287,1.10,1.00
2015.02.19 06:05:25.570,0.95272,0.95286,1.87,1.00
2015.02.19 06:05:26.001,0.95277,0.95286,1.00,1.00
2015.02.19 06:05:26.727,0.95277,0.95288,1.12,1.00
2015.02.19 06:05:26.778,0.95278,0.95292,1.10,3.07
2015.02.19 06:05:27.410,0.95277,0.95293,2.62,2.51
2015.02.19 06:05:33.340,0.95277,0.95292,2.62,1.00
2015.02.19 06:05:35.650,0.95277,0.9529,2.62,1.00
2015.02.19 06:05:38.997,0.95277,0.9529,1.57,1.00
2015.02.19 06:05:41.171,0.9528,0.9529,1.00,1.00
2015.02.19 06:05:43.253,0.9528,0.95289,1.00,1.00
2015.02.19 06:05:43.354,0.95277,0.95289,1.10,1.00
2015.02.19 06:05:43.860,0.95277,0.95288,1.00,1.00
2015.02.19 06:05:44.280,0.95274,0.95289,1.00,1.75
2015.02.19 06:05:44.822,0.95274,0.95285,1.00,1.00
2015.02.19 06:05:46.077,0.95271,0.95285,1.87,1.00
2015.02.19 06:05:48.458,0.95271,0.95286,1.87,1.10
2015.02.19 06:05:50.942,0.95273,0.95286,1.00,1.10
2015.02.19 06:05:51.480,0.95273,0.95285,1.00,1.00
2015.02.19 06:05:55.999,0.95273,0.95284,1.00,1.00
2015.02.19 06:05:56.509,0.95271,0.95283,1.87,1.00
2015.02.19 06:06:01.609,0.95271,0.95285,1.87,1.00
2015.02.19 06:06:02.123,0.95271,0.95284,1.87,1.00
2015.02.19 06:06:02.648,0.95271,0.95283,1.10,1.00
2015.02.19 06:06:03.397,0.95271,0.95284,1.10,1.00
2015.02.19 06:06:04.094,0.95271,0.95285,1.10,1.10
2015.02.19 06:06:04.603,0.95272,0.95284,1.00,1.00
2015.02.19 06:06:05.263,0.95271,0.95284,1.10,1.00
2015.02.19 06:06:06.231,0.95272,0.95284,1.00,1.00
2015.02.19 06:06:07.225,0.95272,0.95285,1.00,1.10
2015.02.19 06:06:07.276,0.95271,0.95283,1.00,1.10
2015.02.19 06:06:07.809,0.95272,0.95283,1.00,1.10
2015.02.19 06:06:08.869,0.95272,0.95282,1.00,1.00
2015.02.19 06:06:09.273,0.95272,0.95281,1.00,1.12
2015.02.19 06:06:13.229,0.95272,0.95282,1.00,1.10
2015.02.19 06:06:18.468,0.95272,0.95281,1.00,1.00
2015.02.19 06:06:24.587,0.95272,0.95282,1.00,1.10
2015.02.19 06:06:32.806,0.95271,0.95282,1.00,1.57
2015.02.19 06:06:37.391,0.95271,0.95281,1.00,1.00
2015.02.19 06:06:39.451,0.9527,0.95281,1.00,1.00
2015.02.19 06:06:39.502,0.9527,0.95279,1.00,1.00
2015.02.19 06:06:46.293,0.9527,0.9528,1.00,1.00
2015.02.19 06:06:46.873,0.9527,0.95281,1.00,1.00
2015.02.19 06:06:47.181,0.95272,0.95281,1.00,1.00
2015.02.19 06:06:54.748,0.95272,0.9528,1.00,1.00
2015.02.19 06:06:55.000,0.95267,0.9528,1.50,1.00
2015.02.19 06:06:55.456,0.95268,0.95278,1.00,1.00
2015.02.19 06:06:55.760,0.95265,0.95278,1.00,1.00
2015.02.19 06:06:55.861,0.95267,0.95278,1.00,1.00
2015.02.19 06:06:56.059,0.95265,0.95278,1.00,1.00
2015.02.19 06:06:56.324,0.95267,0.95279,1.00,1.00
2015.02.19 06:06:56.609,0.95265,0.95279,1.25,1.00
2015.02.19 06:06:56.965,0.95267,0.95279,1.00,1.00
2015.02.19 06:06:58.709,0.95268,0.95279,1.00,1.00
2015.02.19 06:06:58.810,0.95265,0.95278,1.25,1.00
2015.02.19 06:06:58.962,0.95267,0.95279,1.00,1.00
2015.02.19 06:06:59.493,0.95267,0.95278,1.00,1.00
2015.02.19 06:07:00.410,0.95265,0.95278,1.00,1.00
2015.02.19 06:07:00.511,0.95267,0.95278,1.00,1.50
2015.02.19 06:07:01.325,0.95267,0.95276,1.00,1.00
2015.02.19 06:07:01.426,0.95262,0.95273,1.00,1.10
2015.02.19 06:07:01.628,0.95259,0.95273,1.00,1.57
2015.02.19 06:07:01.679,0.95258,0.95271,1.00,1.00
2015.02.19 06:07:02.250,0.95258,0.95272,1.00,2.25
2015.02.19 06:07:03.313,0.95258,0.9527,1.00,1.50
2015.02.19 06:07:03.820,0.95258,0.95269,1.00,1.00
2015.02.19 06:07:04.346,0.95258,0.95268,1.00,1.00
2015.02.19 06:07:04.959,0.95258,0.95269,1.00,1.00
2015.02.19 06:07:05.464,0.95257,0.95266,1.00,1.00
2015.02.19 06:07:07.302,0.95257,0.95268,1.00,1.50
2015.02.19 06:07:07.960,0.95257,0.95269,1.00,1.00
2015.02.19 06:07:08.491,0.95257,0.9527,1.00,1.00
2015.02.19 06:07:09.511,0.95257,0.95269,1.00,1.00
2015.02.19 06:07:10.021,0.95257,0.9527,1.00,1.00
2015.02.19 06:07:10.523,0.95257,0.95269,1.00,1.00
2015.02.19 06:07:10.626,0.95257,0.95267,1.00,1.00
2015.02.19 06:07:15.361,0.95253,0.95267,1.50,1.00
2015.02.19 06:07:16.396,0.95252,0.95266,1.50,1.00
2015.02.19 06:07:16.973,0.95252,0.95265,1.50,1.00
2015.02.19 06:07:17.971,0.95252,0.95267,2.25,1.00
2015.02.19 06:07:18.123,0.95257,0.95267,1.00,1.00
2015.02.19 06:07:18.470,0.95257,0.95269,1.00,1.00
2015.02.19 06:07:26.681,0.95257,0.95268,1.00,1.00
2015.02.19 06:07:26.782,0.95257,0.95266,1.00,1.00
2015.02.19 06:07:26.984,0.95247,0.95262,1.19,1.00
2015.02.19 06:07:27.035,0.95247,0.95262,1.25,1.00
2015.02.19 06:07:27.086,0.95247,0.95261,1.25,1.07
2015.02.19 06:07:27.389,0.95245,0.95258,1.00,1.50
2015.02.19 06:07:27.692,0.95242,0.95256,1.69,1.00
2015.02.19 06:07:27.894,0.95247,0.95256,1.00,1.00
2015.02.19 06:07:28.297,0.95247,0.95258,1.00,1.00
2015.02.19 06:07:29.353,0.95247,0.95257,1.00,1.00
2015.02.19 06:07:29.769,0.95242,0.95258,1.00,1.10
2015.02.19 06:07:30.220,0.95247,0.95257,1.00,1.00
2015.02.19 06:07:30.574,0.95242,0.95259,1.00,1.57
2015.02.19 06:07:30.725,0.95242,0.95256,1.00,1.00
2015.02.19 06:07:30.877,0.95242,0.95259,1.00,1.57
2015.02.19 06:07:31.395,0.95242,0.95257,1.00,1.00
2015.02.19 06:07:33.908,0.95242,0.95256,1.00,1.00
2015.02.19 06:07:34.596,0.95242,0.95257,1.00,1.50
2015.02.19 06:07:35.155,0.95242,0.95256,1.00,1.00
2015.02.19 06:07:38.246,0.95242,0.95257,1.00,1.50
2015.02.19 06:07:38.782,0.95242,0.95256,1.00,1.00
2015.02.19 06:07:42.368,0.95242,0.95254,1.00,1.00
2015.02.19 06:07:42.881,0.95242,0.95255,1.00,1.00
2015.02.19 06:07:43.487,0.95242,0.95254,1.00,1.00
2015.02.19 06:07:43.640,0.95237,0.9525,1.10,1.00
2015.02.19 06:07:43.741,0.95233,0.95247,1.19,1.00
2015.02.19 06:07:43.842,0.95232,0.95247,1.50,1.00
2015.02.19 06:07:44.348,0.95232,0.95248,1.50,1.00
2015.02.19 06:07:44.853,0.95232,0.95247,1.50,1.00
2015.02.19 06:07:45.501,0.95232,0.95248,1.50,1.00
2015.02.19 06:07:46.048,0.95232,0.95247,1.50,1.00
2015.02.19 06:07:47.841,0.95233,0.95247,1.00,1.00
2015.02.19 06:07:49.198,0.95233,0.95248,1.00,1.00
2015.02.19 06:07:50.046,0.95234,0.95249,1.00,1.00
2015.02.19 06:07:50.980,0.95234,0.95248,1.00,1.00
2015.02.19 06:07:51.740,0.95234,0.95247,1.00,1.00
2015.02.19 06:07:53.322,0.95233,0.95247,1.00,1.00
2015.02.19 06:07:55.343,0.95231,0.95247,1.20,1.00
2015.02.19 06:07:55.891,0.95231,0.95248,1.20,1.50
2015.02.19 06:07:55.942,0.95233,0.95248,1.00,1.00
2015.02.19 06:07:56.818,0.95232,0.95248,1.00,1.00
2015.02.19 06:07:58.906,0.95232,0.95247,1.00,1.00
2015.02.19 06:08:02.169,0.95232,0.95245,1.00,1.00
2015.02.19 06:08:02.322,0.95227,0.95243,1.95,1.00
2015.02.19 06:08:02.474,0.95228,0.95245,1.00,1.50
2015.02.19 06:08:02.727,0.95227,0.95243,1.57,1.00
2015.02.19 06:08:03.614,0.95232,0.95247,1.00,1.00
2015.02.19 06:08:03.665,0.95229,0.95247,1.25,1.00
2015.02.19 06:08:03.766,0.95233,0.95248,1.00,1.01
2015.02.19 06:08:03.968,0.95235,0.95252,1.00,1.26
2015.02.19 06:08:04.020,0.95237,0.95253,1.00,2.14
2015.02.19 06:08:04.121,0.95235,0.95253,1.00,1.87
2015.02.19 06:08:04.172,0.95233,0.95251,1.50,1.50
2015.02.19 06:08:04.475,0.95236,0.95252,1.50,1.00
2015.02.19 06:08:04.677,0.95237,0.95254,1.50,1.10
2015.02.19 06:08:05.181,0.95238,0.95255,1.00,1.00
2015.02.19 06:08:05.628,0.95242,0.95255,1.00,1.00
2015.02.19 06:08:05.837,0.95238,0.95255,1.00,1.00
2015.02.19 06:08:06.347,0.95237,0.95255,2.89,1.00
2015.02.19 06:08:06.877,0.95243,0.95255,1.00,1.50
2015.02.19 06:08:07.180,0.95239,0.95256,1.00,1.00
2015.02.19 06:08:07.384,0.95242,0.95259,1.00,2.89
2015.02.19 06:08:08.760,0.95242,0.95259,1.00,1.50
2015.02.19 06:08:09.773,0.95242,0.95257,1.00,1.00
2015.02.19 06:08:13.356,0.95239,0.95257,1.25,1.50
2015.02.19 06:08:13.799,0.95242,0.95257,1.00,1.50
2015.02.19 06:08:31.723,0.95242,0.9526,1.50,2.21
2015.02.19 06:08:34.410,0.95243,0.95257,1.00,1.00
2015.02.19 06:08:34.690,0.95243,0.9526,1.50,2.21
2015.02.19 06:08:36.455,0.95243,0.95259,1.50,1.00
2015.02.19 06:08:36.971,0.95243,0.9526,1.50,2.02
2015.02.19 06:08:55.112,0.95243,0.9526,1.87,1.00
2015.02.19 06:08:55.415,0.95248,0.95263,1.00,1.00
2015.02.19 06:08:59.579,0.95246,0.95261,1.00,1.12
2015.02.19 06:09:05.372,0.95246,0.9526,1.00,1.00
2015.02.19 06:09:06.026,0.95246,0.95261,1.00,1.50
2015.02.19 06:09:06.735,0.95246,0.95262,1.50,1.00
2015.02.19 06:09:07.926,0.95246,0.9526,1.00,1.00
2015.02.19 06:09:08.426,0.95246,0.95257,1.00,1.00
2015.02.19 06:09:08.691,0.95246,0.95259,1.00,1.00
2015.02.19 06:09:09.238,0.95246,0.95262,1.00,2.51
2015.02.19 06:09:09.764,0.95246,0.95262,1.00,2.06
2015.02.19 06:09:13.987,0.95246,0.95261,1.00,1.00
2015.02.19 06:09:23.512,0.95246,0.95262,1.50,1.25
2015.02.19 06:09:24.098,0.95247,0.95262,1.00,1.25
2015.02.19 06:09:26.929,0.95247,0.95261,1.00,1.00
2015.02.19 06:09:27.182,0.9525,0.95261,1.00,1.00
2015.02.19 06:09:27.233,0.9525,0.95264,1.00,1.00
2015.02.19 06:09:27.334,0.9525,0.95266,1.00,2.96
2015.02.19 06:09:27.638,0.95254,0.95266,1.00,1.39
2015.02.19 06:09:27.739,0.95252,0.95266,1.00,1.39
2015.02.19 06:09:30.236,0.95252,0.95266,1.00,1.29
2015.02.19 06:09:33.802,0.95252,0.95266,1.00,1.01
2015.02.19 06:09:34.307,0.95252,0.95266,1.00,1.29
2015.02.19 06:09:35.245,0.95252,0.95266,1.00,1.10
2015.02.19 06:09:35.937,0.95252,0.9526,1.00,1.00
2015.02.19 06:09:35.987,0.95247,0.9526,1.50,1.00
2015.02.19 06:09:36.089,0.9525,0.95262,1.00,1.17
2015.02.19 06:09:37.263,0.9525,0.95264,1.00,1.76
2015.02.19 06:09:40.296,0.95251,0.95264,1.00,1.00
2015.02.19 06:09:41.363,0.9525,0.95264,1.00,1.50
2015.02.19 06:09:41.899,0.9525,0.95264,1.00,1.65
2015.02.19 06:09:42.974,0.9525,0.95264,1.00,1.50
2015.02.19 06:09:44.507,0.9525,0.95264,1.00,1.50
2015.02.19 06:09:44.870,0.9525,0.95264,1.00,1.75
2015.02.19 06:09:53.173,0.95247,0.95263,1.00,2.44
2015.02.19 06:10:00.638,0.95252,0.95261,1.00,1.12
2015.02.19 06:10:00.841,0.95246,0.95261,1.12,1.00
2015.02.19 06:10:01.043,0.95246,0.95261,1.12,1.75
2015.02.19 06:10:01.245,0.95248,0.95261,1.00,1.00
2015.02.19 06:10:01.397,0.95246,0.95261,1.10,1.00
2015.02.19 06:10:01.549,0.95246,0.95261,1.10,1.75
2015.02.19 06:10:01.860,0.95248,0.9526,1.00,2.62
2015.02.19 06:10:04.102,0.95244,0.9526,1.12,2.81
2015.02.19 06:10:08.922,0.95245,0.9526,1.12,1.87
2015.02.19 06:10:09.456,0.95245,0.95258,1.12,1.00
2015.02.19 06:10:09.973,0.95245,0.95258,1.00,1.10
2015.02.19 06:10:10.482,0.95242,0.95258,3.07,1.57
2015.02.19 06:10:12.359,0.95242,0.95258,3.07,1.50
2015.02.19 06:10:12.864,0.95248,0.9526,1.00,1.87
2015.02.19 06:10:13.376,0.95247,0.9526,1.00,1.87
2015.02.19 06:10:14.394,0.95252,0.9526,1.00,1.87
2015.02.19 06:10:14.495,0.95247,0.9526,1.00,1.87
2015.02.19 06:10:15.063,0.95252,0.9526,1.00,1.87
2015.02.19 06:10:15.164,0.95247,0.95257,1.00,1.57
2015.02.19 06:10:15.316,0.95247,0.95256,1.00,1.50
2015.02.19 06:10:15.366,0.95242,0.95256,1.00,2.25
2015.02.19 06:10:18.011,0.95242,0.95253,1.00,1.00
2015.02.19 06:10:21.084,0.95243,0.95253,1.00,1.00
2015.02.19 06:10:21.635,0.95243,0.95253,1.00,1.12
2015.02.19 06:10:22.815,0.95243,0.95257,1.50,3.90
2015.02.19 06:10:22.916,0.95243,0.95257,2.62,1.10
2015.02.19 06:10:23.018,0.95244,0.9526,1.50,1.95
2015.02.19 06:10:23.423,0.95248,0.9526,1.00,1.00
2015.02.19 06:10:24.262,0.95247,0.9526,1.10,1.00
2015.02.19 06:10:24.669,0.95247,0.9526,1.50,1.00
2015.02.19 06:10:25.427,0.95247,0.9526,1.12,1.87
2015.02.19 06:10:27.951,0.95247,0.9526,1.10,2.25
2015.02.19 06:10:28.200,0.95247,0.9526,1.00,1.50
2015.02.19 06:10:28.876,0.95247,0.95259,1.00,1.00
2015.02.19 06:10:29.984,0.95242,0.95258,2.25,1.10
2015.02.19 06:10:31.780,0.95242,0.95256,2.25,1.00
2015.02.19 06:10:31.882,0.95242,0.95256,1.57,1.10
2015.02.19 06:10:32.395,0.95242,0.95255,1.57,1.00
2015.02.19 06:10:32.496,0.95243,0.95258,1.12,1.12
2015.02.19 06:10:32.748,0.95243,0.9526,3.00,1.12
2015.02.19 06:10:48.238,0.95243,0.95258,1.50,1.00
2015.02.19 06:10:48.592,0.95243,0.95258,1.10,1.12
2015.02.19 06:10:53.854,0.95243,0.95256,1.10,1.00
2015.02.19 06:10:53.959,0.95243,0.95254,1.10,1.00
2015.02.19 06:10:54.314,0.95242,0.95252,1.00,1.00
2015.02.19 06:10:55.428,0.95242,0.95251,1.00,1.00
2015.02.19 06:10:56.075,0.95241,0.95251,1.00,1.00
2015.02.19 06:10:56.720,0.95237,0.95251,3.00,1.00
2015.02.19 06:10:57.696,0.95237,0.95253,3.00,1.57
2015.02.19 06:10:58.593,0.95237,0.95253,2.62,1.57
2015.02.19 06:11:01.626,0.95237,0.95252,1.87,1.00
2015.02.19 06:11:02.131,0.95237,0.95254,2.62,1.87
2015.02.19 06:11:06.426,0.95239,0.95254,1.00,1.87
2015.02.19 06:11:06.527,0.95242,0.95254,1.00,1.12
2015.02.19 06:11:06.830,0.95245,0.95258,1.00,1.57
2015.02.19 06:11:06.932,0.95248,0.95264,1.50,2.15
2015.02.19 06:11:07.033,0.95248,0.95265,2.25,2.40
2015.02.19 06:11:08.325,0.95252,0.95266,1.12,1.20
2015.02.19 06:11:12.565,0.9525,0.95266,2.25,2.51
2015.02.19 06:11:12.667,0.9525,0.95264,1.10,1.00
2015.02.19 06:11:13.809,0.95252,0.95264,1.00,1.50
2015.02.19 06:11:14.216,0.95252,0.95262,1.00,1.00
2015.02.19 06:11:14.419,0.95252,0.95264,1.00,1.00
2015.02.19 06:11:14.734,0.95252,0.95264,1.50,1.00
2015.02.19 06:11:15.239,0.95253,0.95267,1.12,1.69
2015.02.19 06:11:16.593,0.95253,0.95269,1.12,1.76
2015.02.19 06:11:17.840,0.95253,0.95268,1.10,1.87
2015.02.19 06:11:21.188,0.95253,0.95267,1.10,2.25
2015.02.19 06:11:21.289,0.95251,0.95265,1.50,3.60
2015.02.19 06:11:21.340,0.95251,0.95265,1.10,4.72
2015.02.19 06:11:23.119,0.95248,0.95262,1.12,1.27
2015.02.19 06:11:34.098,0.95248,0.95261,1.50,1.20
2015.02.19 06:11:34.149,0.95244,0.9526,1.75,1.00
2015.02.19 06:11:34.200,0.95244,0.9526,1.75,1.15
2015.02.19 06:11:34.352,0.95243,0.95259,1.50,1.65
2015.02.19 06:11:34.554,0.95243,0.95255,1.50,1.00
2015.02.19 06:11:35.556,0.95242,0.95254,1.75,1.00
2015.02.19 06:11:37.871,0.95242,0.95254,1.75,1.00
2015.02.19 06:11:40.414,0.95242,0.95253,1.75,1.00
2015.02.19 06:11:41.160,0.95242,0.95253,1.75,1.00
2015.02.19 06:11:43.246,0.95241,0.95253,1.75,1.50
2015.02.19 06:11:44.051,0.9524,0.9525,1.75,1.00
2015.02.19 06:11:45.909,0.95242,0.95256,1.75,1.00
2015.02.19 06:11:47.314,0.95242,0.95255,1.75,1.00
2015.02.19 06:11:48.310,0.95243,0.95252,1.75,1.00
2015.02.19 06:11:49.309,0.95248,0.95255,1.50,1.00
2015.02.19 06:11:49.411,0.95248,0.95259,1.75,1.00
2015.02.19 06:11:50.086,0.95247,0.95259,1.75,1.00
2015.02.19 06:11:50.441,0.95248,0.95262,2.25,1.00
2015.02.19 06:11:50.492,0.95248,0.95262,2.25,1.00
2015.02.19 06:11:50.746,0.9525,0.95265,1.75,1.00
2015.02.19 06:11:51.633,0.9525,0.95261,1.75,1.00
2015.02.19 06:11:52.847,0.95252,0.95264,1.75,1.00
2015.02.19 06:11:53.275,0.95252,0.95264,1.12,1.00
2015.02.19 06:11:53.990,0.95252,0.95263,1.50,1.00
2015.02.19 06:11:54.495,0.95251,0.95263,1.50,1.00
2015.02.19 06:11:55.785,0.95251,0.95263,1.10,1.00
2015.02.19 06:11:58.291,0.95248,0.95263,1.12,2.02
2015.02.19 06:11:58.926,0.95246,0.95262,2.00,1.00
2015.02.19 06:11:58.977,0.95244,0.9526,2.06,1.00
2015.02.19 06:12:00.112,0.95235,0.95247,1.10,1.00
2015.02.19 06:12:00.164,0.95233,0.95247,2.32,1.00
2015.02.19 06:12:01.962,0.95233,0.95247,2.32,1.00
2015.02.19 06:12:02.114,0.95232,0.95243,1.75,1.00
2015.02.19 06:12:02.164,0.95229,0.95243,1.19,1.10
2015.02.19 06:12:02.417,0.95229,0.95247,1.69,2.62
2015.02.19 06:12:04.125,0.95231,0.95247,1.10,1.10
2015.02.19 06:12:04.277,0.95232,0.95247,1.75,1.12
2015.02.19 06:12:05.123,0.95232,0.95247,1.10,1.12
2015.02.19 06:12:08.363,0.95231,0.95247,1.00,1.75
2015.02.19 06:12:08.566,0.95232,0.95247,1.10,1.12
2015.02.19 06:12:10.113,0.95231,0.95243,1.12,1.00
2015.02.19 06:12:10.416,0.95228,0.95239,1.12,1.00
2015.02.19 06:12:10.719,0.95228,0.95238,1.75,1.00
2015.02.19 06:12:10.972,0.95228,0.95237,1.10,1.00
2015.02.19 06:12:11.073,0.95228,0.9524,1.10,1.00
2015.02.19 06:12:13.170,0.95224,0.95239,1.75,1.00
2015.02.19 06:12:13.446,0.95223,0.95236,1.75,1.00
2015.02.19 06:12:13.547,0.95228,0.9524,1.10,1.00
2015.02.19 06:12:13.598,0.95228,0.95242,1.50,1.00
2015.02.19 06:12:13.699,0.95228,0.95244,1.50,1.12
2015.02.19 06:12:15.432,0.95228,0.95243,1.50,1.00
2015.02.19 06:12:16.656,0.95227,0.95241,1.75,1.00
2015.02.19 06:12:17.059,0.95224,0.95239,1.01,1.00
2015.02.19 06:12:17.364,0.95222,0.95236,1.76,1.00
2015.02.19 06:12:17.769,0.95222,0.95239,2.00,1.00
2015.02.19 06:12:18.727,0.95222,0.95238,1.75,1.00
2015.02.19 06:12:21.323,0.95222,0.95238,1.75,1.37
2015.02.19 06:12:23.283,0.95227,0.95235,1.50,1.00
2015.02.19 06:12:23.485,0.95222,0.95238,1.75,1.37
2015.02.19 06:12:23.900,0.95222,0.95238,1.75,1.12
2015.02.19 06:12:24.465,0.95222,0.95238,1.75,1.95
2015.02.19 06:12:25.967,0.95222,0.95237,1.75,1.00
2015.02.19 06:12:28.078,0.9522,0.95236,1.75,1.00
2015.02.19 06:12:34.171,0.95222,0.95236,1.12,1.00
2015.02.19 06:12:34.222,0.95222,0.95231,1.12,1.00
2015.02.19 06:12:34.273,0.95222,0.95236,1.12,1.37
2015.02.19 06:12:34.790,0.95221,0.95238,1.50,1.95
2015.02.19 06:12:34.942,0.95221,0.95238,1.75,1.95
2015.02.19 06:12:35.551,0.95221,0.95238,1.94,1.95
2015.02.19 06:12:35.703,0.9522,0.95238,2.44,3.07
2015.02.19 06:12:36.057,0.9522,0.95238,2.44,2.77
2015.02.19 06:12:36.977,0.95222,0.95238,2.25,1.12
2015.02.19 06:12:38.159,0.95222,0.95238,1.94,1.87
2015.02.19 06:12:44.102,0.95222,0.95238,2.25,2.06
2015.02.19 06:12:44.614,0.95222,0.95238,1.75,2.62
2015.02.19 06:12:47.307,0.95219,0.95236,1.84,1.87
2015.02.19 06:12:47.358,0.95219,0.95236,2.00,1.87
2015.02.19 06:12:47.408,0.95219,0.95233,2.00,1.37
2015.02.19 06:12:47.611,0.95217,0.95232,2.25,1.00
2015.02.19 06:12:47.813,0.95217,0.95232,1.87,1.00
2015.02.19 06:12:50.976,0.95218,0.95231,1.10,1.00
2015.02.19 06:12:58.247,0.95214,0.9523,2.00,1.00
2015.02.19 06:12:58.775,0.95216,0.95231,1.75,1.10
2015.02.19 06:13:01.988,0.95216,0.95233,1.75,2.62
2015.02.19 06:13:02.543,0.95216,0.95233,1.12,1.87
2015.02.19 06:13:02.680,0.95216,0.95233,1.75,1.47
2015.02.19 06:13:04.779,0.95214,0.95232,1.75,1.50
2015.02.19 06:13:13.963,0.95212,0.95228,2.51,1.00
2015.02.19 06:13:14.115,0.95212,0.95228,1.95,1.50
2015.02.19 06:13:14.560,0.95213,0.95227,1.00,1.12
2015.02.19 06:13:14.862,0.9521,0.95226,1.16,1.75
2015.02.19 06:13:17.536,0.95212,0.95226,1.20,1.10
2015.02.19 06:13:18.413,0.9521,0.95223,1.09,1.00
2015.02.19 06:13:18.515,0.95207,0.95222,1.75,1.00
2015.02.19 06:13:18.566,0.95207,0.9522,1.75,1.00
2015.02.19 06:13:18.869,0.95207,0.9522,1.75,1.00
2015.02.19 06:13:18.921,0.95206,0.9522,1.75,1.50
2015.02.19 06:13:19.174,0.95213,0.9522,1.00,1.50
2015.02.19 06:13:19.276,0.95213,0.95229,1.12,2.21
2015.02.19 06:13:19.328,0.95213,0.95229,1.12,2.21
2015.02.19 06:13:19.479,0.95213,0.95229,1.12,1.84
2015.02.19 06:13:20.822,0.95214,0.95229,2.32,1.10
2015.02.19 06:13:20.873,0.95218,0.95232,1.00,2.25
2015.02.19 06:13:20.923,0.95218,0.95232,1.12,1.50
2015.02.19 06:13:21.438,0.95218,0.95233,1.87,1.10
2015.02.19 06:13:23.816,0.95218,0.95231,1.31,1.50
2015.02.19 06:13:24.019,0.95212,0.95228,3.34,1.57
2015.02.19 06:13:24.322,0.95212,0.95228,2.59,2.25
2015.02.19 06:13:32.256,0.95212,0.95228,1.84,1.10
2015.02.19 06:13:34.653,0.95213,0.95228,1.57,1.10
2015.02.19 06:13:34.805,0.95219,0.95232,1.57,1.10
2015.02.19 06:13:34.906,0.95221,0.95232,1.00,1.00
2015.02.19 06:13:35.058,0.95221,0.95239,1.27,2.25
2015.02.19 06:13:36.027,0.95221,0.95235,1.46,1.00
2015.02.19 06:13:36.128,0.95221,0.95235,1.84,1.00
2015.02.19 06:13:37.407,0.95221,0.95235,1.84,1.00
2015.02.19 06:13:38.630,0.95221,0.95235,1.69,1.00
2015.02.19 06:13:47.426,0.95222,0.95235,1.00,1.12
2015.02.19 06:13:48.540,0.95222,0.95235,1.10,1.00
2015.02.19 06:13:48.658,0.95222,0.95235,1.50,1.00
2015.02.19 06:14:01.308,0.95222,0.95237,1.57,1.00
2015.02.19 06:14:01.612,0.9522,0.95237,1.01,1.57
2015.02.19 06:14:01.713,0.95219,0.95237,1.84,2.25
2015.02.19 06:14:01.965,0.95222,0.95237,1.20,1.12
2015.02.19 06:14:02.605,0.95222,0.95237,1.57,1.00
2015.02.19 06:14:11.658,0.95223,0.95237,1.00,1.10
2015.02.19 06:14:12.202,0.95223,0.95237,1.12,1.00
2015.02.19 06:14:14.372,0.95223,0.95237,1.65,1.00
2015.02.19 06:14:14.676,0.95223,0.95235,1.65,1.00
2015.02.19 06:14:15.210,0.95223,0.95234,1.65,1.00
2015.02.19 06:14:22.446,0.95225,0.95236,1.10,1.00
2015.02.19 06:14:27.528,0.95224,0.95234,1.20,1.00
2015.02.19 06:14:30.200,0.95224,0.95234,1.57,1.00
2015.02.19 06:14:31.181,0.95224,0.95233,1.57,1.00
2015.02.19 06:14:32.255,0.95224,0.95234,1.57,1.00
2015.02.19 06:14:36.763,0.95225,0.95232,1.12,1.00
2015.02.19 06:14:38.184,0.95224,0.95233,1.50,1.00
2015.02.19 06:14:38.437,0.95222,0.95235,1.75,1.00
2015.02.19 06:14:38.538,0.95222,0.95232,1.75,1.00
2015.02.19 06:14:38.589,0.95222,0.95232,1.50,1.00
2015.02.19 06:14:39.167,0.95222,0.95233,1.50,1.00
2015.02.19 06:14:40.028,0.95222,0.95231,1.50,1.00
2015.02.19 06:14:44.774,0.95222,0.95232,1.50,1.00
2015.02.19 06:14:45.077,0.95225,0.95233,1.12,1.00
2015.02.19 06:14:45.693,0.95225,0.95236,1.12,1.00
2015.02.19 06:14:47.401,0.95226,0.95233,1.00,1.00
2015.02.19 06:14:47.553,0.95225,0.95236,1.57,1.00
2015.02.19 06:14:48.326,0.95226,0.95232,1.00,1.00
2015.02.19 06:14:48.631,0.95225,0.95236,1.00,1.00
2015.02.19 06:14:48.939,0.95227,0.95238,1.00,1.00
2015.02.19 06:14:49.264,0.95229,0.95238,1.00,1.00
2015.02.19 06:14:49.771,0.9523,0.95238,1.00,1.00
2015.02.19 06:14:51.179,0.95228,0.95238,1.10,1.00
2015.02.19 06:14:51.280,0.95228,0.95233,1.00,1.00
2015.02.19 06:14:51.331,0.95223,0.95233,1.50,1.00
2015.02.19 06:14:51.835,0.95222,0.95232,1.57,1.00
2015.02.19 06:14:52.375,0.95222,0.95233,1.57,1.00
2015.02.19 06:14:52.458,0.95222,0.95231,1.57,1.00
2015.02.19 06:14:53.009,0.95223,0.95231,1.00,1.00
2015.02.19 06:14:55.661,0.95223,0.95234,1.87,1.00
2015.02.19 06:14:57.793,0.95225,0.95234,1.00,1.00
2015.02.19 06:14:58.097,0.95225,0.95237,1.00,1.00
2015.02.19 06:14:58.198,0.95228,0.95237,1.00,1.00
2015.02.19 06:15:00.292,0.95225,0.95237,1.25,1.00
2015.02.19 06:15:01.081,0.95227,0.95237,1.00,1.00
2015.02.19 06:15:01.485,0.95229,0.95238,1.00,1.00
2015.02.19 06:15:01.711,0.95229,0.95241,1.00,1.00
2015.02.19 06:15:02.481,0.95229,0.95237,1.00,1.00
2015.02.19 06:15:03.028,0.95229,0.95238,1.00,1.00
2015.02.19 06:15:03.281,0.95229,0.95241,1.12,1.00
2015.02.19 06:15:03.382,0.95229,0.95238,1.12,1.00
2015.02.19 06:15:04.598,0.95229,0.95241,1.12,1.00
2015.02.19 06:15:18.342,0.9523,0.95238,1.10,1.00
2015.02.19 06:15:18.443,0.9523,0.95241,1.10,1.00
2015.02.19 06:15:18.691,0.9523,0.95238,1.10,1.00
2015.02.19 06:15:19.093,0.9523,0.95241,1.10,1.00
2015.02.19 06:15:21.326,0.95229,0.95238,1.12,1.00
2015.02.19 06:15:22.631,0.95229,0.95241,1.12,1.00
2015.02.19 06:15:22.682,0.95229,0.95241,1.75,1.00
2015.02.19 06:15:22.834,0.95232,0.95243,1.75,1.50
2015.02.19 06:15:23.359,0.95232,0.95243,1.50,1.50
2015.02.19 06:15:27.257,0.95232,0.95245,1.50,1.00
2015.02.19 06:15:27.470,0.95232,0.95243,1.50,1.00
2015.02.19 06:15:27.799,0.95232,0.95241,1.50,1.00
2015.02.19 06:15:27.900,0.95232,0.95243,1.50,1.00
2015.02.19 06:15:28.002,0.95232,0.95245,1.50,1.00
2015.02.19 06:15:40.718,0.95229,0.95241,1.75,1.00
2015.02.19 06:15:40.820,0.95227,0.95243,3.00,1.00
2015.02.19 06:15:41.903,0.95227,0.95242,2.25,1.00
2015.02.19 06:15:42.630,0.95227,0.95243,2.25,1.50
2015.02.19 06:15:48.818,0.95227,0.95242,3.19,1.00
2015.02.19 06:15:49.937,0.95232,0.95243,1.50,1.00
2015.02.19 06:15:51.454,0.95225,0.95238,1.39,1.00
2015.02.19 06:15:51.505,0.95225,0.95238,1.01,1.00
2015.02.19 06:15:52.166,0.95222,0.95238,1.94,1.00
2015.02.19 06:15:52.321,0.9522,0.95236,2.44,1.00
2015.02.19 06:15:56.023,0.9522,0.95236,2.44,1.00
2015.02.19 06:16:02.608,0.95221,0.95236,1.75,1.00
2015.02.19 06:16:02.911,0.95218,0.9523,1.01,1.00
2015.02.19 06:16:03.063,0.95215,0.95228,4.01,1.00
2015.02.19 06:16:03.113,0.95215,0.9523,4.01,1.00
2015.02.19 06:16:04.475,0.95214,0.95226,1.01,1.00
2015.02.19 06:16:04.576,0.95214,0.95226,1.01,1.00
2015.02.19 06:16:09.563,0.95211,0.95226,1.94,1.00
2015.02.19 06:16:21.107,0.95214,0.95226,1.75,1.00
2015.02.19 06:16:25.430,0.95215,0.95226,1.75,1.00
2015.02.19 06:16:25.482,0.95215,0.95226,1.75,1.00
2015.02.19 06:16:31.346,0.95212,0.95222,1.75,1.00
2015.02.19 06:16:31.596,0.95212,0.9522,1.75,1.00
2015.02.19 06:16:32.775,0.95212,0.95222,1.75,1.00
2015.02.19 06:16:32.876,0.95214,0.9523,1.75,1.00
2015.02.19 06:16:33.388,0.95214,0.95223,1.75,1.00
2015.02.19 06:16:43.839,0.95214,0.95223,1.75,1.00
2015.02.19 06:16:44.207,0.95211,0.95223,1.75,1.50
2015.02.19 06:16:44.257,0.95209,0.9522,1.01,1.00
2015.02.19 06:16:44.308,0.95207,0.9522,2.25,1.00
2015.02.19 06:16:44.359,0.95207,0.95217,2.25,1.00
2015.02.19 06:16:44.410,0.95207,0.95217,2.25,1.00
2015.02.19 06:16:44.959,0.95205,0.95217,1.75,1.00
2015.02.19 06:16:45.565,0.95205,0.95215,1.75,1.00
2015.02.19 06:16:46.142,0.95205,0.95215,1.75,1.00
2015.02.19 06:16:54.010,0.95205,0.95217,1.85,1.00
2015.02.19 06:16:54.530,0.95205,0.95217,2.32,1.00
2015.02.19 06:16:54.664,0.95205,0.9522,2.32,1.00
2015.02.19 06:16:55.861,0.95203,0.95216,2.59,1.00
2015.02.19 06:17:04.231,0.95203,0.95216,2.00,1.00
2015.02.19 06:17:04.759,0.95203,0.95216,2.44,1.00
2015.02.19 06:17:05.527,0.95203,0.95216,1.75,1.00
2015.02.19 06:17:09.748,0.95207,0.95216,1.00,1.00
2015.02.19 06:17:15.149,0.95202,0.95216,2.25,1.00
2015.02.19 06:17:15.250,0.95202,0.95216,1.50,1.10
2015.02.19 06:17:22.029,0.95202,0.95216,1.50,1.47
2015.02.19 06:17:22.130,0.95202,0.9521,1.00,1.37
2015.02.19 06:17:22.231,0.95197,0.95206,1.00,1.00
2015.02.19 06:17:22.535,0.95197,0.95211,1.00,1.00
2015.02.19 06:17:22.737,0.95197,0.95208,1.57,1.00
2015.02.19 06:17:23.256,0.95198,0.95208,1.00,1.00
2015.02.19 06:17:23.408,0.95199,0.95213,1.00,1.12
2015.02.19 06:17:24.018,0.95199,0.95213,1.50,1.10
2015.02.19 06:17:25.118,0.95198,0.95214,1.09,1.50
2015.02.19 06:17:30.609,0.95195,0.95211,1.01,1.00
2015.02.19 06:17:30.910,0.95195,0.95209,1.01,1.00
2015.02.19 06:17:31.435,0.95195,0.95212,1.31,1.50
2015.02.19 06:17:31.789,0.95193,0.95208,1.09,1.00
2015.02.19 06:17:32.092,0.95193,0.95202,1.00,1.00
2015.02.19 06:17:32.193,0.95191,0.95202,1.20,1.00
2015.02.19 06:17:32.245,0.95194,0.95206,1.00,1.12
2015.02.19 06:17:32.396,0.95195,0.95208,1.10,1.00
2015.02.19 06:17:32.498,0.95193,0.95206,2.40,1.00
2015.02.19 06:17:33.014,0.95192,0.95207,2.59,1.00
2015.02.19 06:17:33.468,0.95193,0.95207,1.75,1.00
2015.02.19 06:17:35.818,0.95193,0.95205,2.00,1.00
2015.02.19 06:17:36.020,0.95194,0.95207,1.50,1.00
2015.02.19 06:17:43.152,0.95192,0.95207,2.44,1.00
2015.02.19 06:17:49.411,0.95192,0.95207,2.25,1.50
2015.02.19 06:17:52.439,0.95189,0.95202,1.01,1.00
2015.02.19 06:17:52.490,0.95187,0.95202,1.94,1.00
2015.02.19 06:17:52.541,0.95188,0.95206,2.00,1.50
2015.02.19 06:17:52.642,0.95188,0.95203,2.00,1.00
2015.02.19 06:17:53.147,0.95187,0.95199,1.94,1.00
2015.02.19 06:17:53.248,0.95188,0.95198,1.50,1.00
2015.02.19 06:17:53.450,0.95188,0.95198,1.00,1.00
2015.02.19 06:17:53.703,0.95186,0.95198,1.00,1.50
2015.02.19 06:17:53.955,0.95182,0.95196,1.39,1.00
2015.02.19 06:17:54.056,0.95182,0.95198,2.00,1.50
2015.02.19 06:17:54.259,0.95182,0.95198,1.31,1.10
2015.02.19 06:17:54.360,0.95182,0.95195,1.31,1.00
2015.02.19 06:17:54.965,0.9518,0.95195,1.50,1.10
2015.02.19 06:17:55.016,0.95182,0.95197,1.12,1.10
2015.02.19 06:17:56.088,0.95182,0.95196,1.00,1.75
2015.02.19 06:17:56.240,0.95181,0.95196,1.50,1.00
2015.02.19 06:17:56.594,0.95179,0.95196,1.69,1.10
2015.02.19 06:18:03.571,0.95182,0.95196,1.00,1.10
2015.02.19 06:18:04.080,0.95182,0.95196,1.87,1.00
2015.02.19 06:18:04.572,0.95187,0.95199,1.00,1.12
2015.02.19 06:18:04.876,0.9519,0.95201,1.00,1.75
2015.02.19 06:18:04.977,0.95189,0.95206,1.50,1.50
2015.02.19 06:18:05.331,0.95191,0.95205,1.00,1.12
2015.02.19 06:18:05.838,0.95192,0.95208,1.00,3.00
2015.02.19 06:18:11.795,0.95192,0.9521,1.50,2.62
2015.02.19 06:18:11.896,0.95192,0.95207,1.00,1.12
2015.02.19 06:18:12.099,0.9519,0.95207,1.57,2.25
2015.02.19 06:18:12.200,0.95192,0.95207,1.00,2.25
2015.02.19 06:18:12.251,0.95192,0.95207,1.00,1.50
2015.02.19 06:18:13.887,0.95192,0.95209,2.25,1.57
2015.02.19 06:18:30.209,0.95192,0.95209,2.25,1.50
2015.02.19 06:18:30.259,0.95192,0.95207,2.25,1.37
2015.02.19 06:18:34.671,0.95192,0.95206,1.87,1.10
2015.02.19 06:19:04.990,0.95194,0.95207,1.50,1.10
2015.02.19 06:19:17.702,0.95193,0.95207,2.32,1.10
2015.02.19 06:19:43.667,0.95194,0.95207,1.00,1.10
2015.02.19 06:19:48.674,0.95193,0.95207,1.10,1.10
2015.02.19 06:20:07.286,0.95194,0.95209,1.00,1.47
2015.02.19 06:20:14.087,0.95193,0.95209,1.10,1.95
2015.02.19 06:20:23.770,0.95193,0.95208,1.00,1.87
2015.02.19 06:20:32.820,0.95194,0.95209,1.00,1.39
2015.02.19 06:20:34.377,0.95194,0.95209,1.00,1.37
2015.02.19 06:21:01.231,0.95193,0.95207,1.10,1.10
2015.02.19 06:21:01.926,0.95194,0.95207,1.00,1.10
2015.02.19 06:21:02.614,0.95194,0.95207,1.50,1.00
2015.02.19 06:21:08.205,0.95194,0.95207,1.10,1.10
2015.02.19 06:21:09.592,0.95191,0.95205,1.76,1.00
2015.02.19 06:21:09.895,0.95187,0.95198,1.75,1.00
2015.02.19 06:21:09.996,0.95187,0.95198,1.00,1.00
2015.02.19 06:21:10.047,0.95187,0.95194,1.00,1.00
2015.02.19 06:21:10.099,0.95184,0.95194,1.12,1.00
2015.02.19 06:21:10.200,0.95182,0.95194,1.50,1.00
2015.02.19 06:21:10.860,0.95182,0.95194,2.25,1.00
2015.02.19 06:21:11.479,0.95182,0.9519,1.75,1.00
2015.02.19 06:21:11.529,0.9518,0.9519,1.12,1.00
2015.02.19 06:21:11.883,0.95175,0.95189,1.82,1.00
2015.02.19 06:21:13.057,0.95175,0.95188,1.75,1.00
2015.02.19 06:21:17.151,0.95177,0.95188,1.00,1.00
2015.02.19 06:21:17.654,0.95176,0.95188,1.10,1.00
2015.02.19 06:21:17.704,0.95176,0.95188,1.50,1.00
2015.02.19 06:21:29.200,0.95176,0.9519,1.50,1.00
2015.02.19 06:21:31.601,0.95178,0.95192,1.10,1.10
2015.02.19 06:21:31.702,0.9518,0.95192,1.00,1.10
2015.02.19 06:21:31.854,0.95182,0.95197,1.10,1.10
2015.02.19 06:21:31.905,0.95182,0.95197,1.75,1.00
2015.02.19 06:21:34.815,0.95187,0.95197,1.00,1.00
2015.02.19 06:21:35.354,0.95187,0.95197,1.12,1.00
2015.02.19 06:22:15.935,0.95184,0.95193,1.75,1.00
2015.02.19 06:22:15.986,0.95182,0.95193,2.07,1.00
2015.02.19 06:22:16.490,0.9518,0.95192,2.44,1.00
2015.02.19 06:22:16.541,0.9518,0.95192,2.44,1.00
2015.02.19 06:22:17.716,0.9518,0.95192,1.12,1.00
2015.02.19 06:22:22.274,0.95179,0.95192,1.12,1.00
2015.02.19 06:22:33.908,0.95178,0.95188,1.50,1.00
2015.02.19 06:22:34.010,0.95176,0.95188,2.44,1.00
2015.02.19 06:22:45.003,0.95177,0.95187,1.12,1.00
2015.02.19 06:22:46.433,0.95177,0.95188,1.12,1.50
2015.02.19 06:22:48.682,0.95176,0.95187,1.50,1.00
2015.02.19 06:22:59.302,0.95173,0.95185,1.92,1.00
2015.02.19 06:22:59.456,0.95171,0.95183,1.50,1.00
2015.02.19 06:22:59.507,0.95171,0.95181,1.50,1.00
2015.02.19 06:22:59.809,0.95173,0.95183,1.10,1.00
2015.02.19 06:22:59.860,0.95175,0.95186,1.10,1.00
2015.02.19 06:22:59.962,0.95177,0.95188,1.00,1.00
2015.02.19 06:23:00.265,0.95176,0.95185,1.75,1.00
2015.02.19 06:23:01.593,0.95176,0.95187,1.75,1.00
2015.02.19 06:23:13.873,0.95178,0.95188,1.50,1.00
2015.02.19 06:23:13.925,0.95182,0.95188,1.00,1.00
2015.02.19 06:23:13.975,0.95182,0.95191,1.00,1.00
2015.02.19 06:23:14.077,0.95182,0.95193,1.12,1.50
2015.02.19 06:23:14.278,0.95184,0.95193,1.75,1.50
2015.02.19 06:23:14.859,0.95186,0.95193,1.50,1.00
2015.02.19 06:23:15.195,0.95186,0.95196,1.50,1.00
2015.02.19 06:23:22.335,0.95186,0.95193,1.50,1.00
2015.02.19 06:23:27.630,0.95187,0.95196,1.12,1.00
2015.02.19 06:23:27.731,0.95185,0.95193,3.19,1.00
2015.02.19 06:23:27.833,0.95185,0.95196,3.19,1.00
2015.02.19 06:23:28.137,0.95188,0.95197,1.50,1.50
2015.02.19 06:23:29.034,0.95188,0.95197,1.10,1.00
2015.02.19 06:23:29.389,0.95185,0.95192,2.44,1.00
2015.02.19 06:23:30.164,0.95188,0.95197,1.10,1.00
2015.02.19 06:23:34.938,0.95187,0.95197,2.44,1.00
2015.02.19 06:23:35.582,0.95187,0.95197,2.00,1.00
2015.02.19 06:24:05.021,0.95189,0.95199,1.12,1.00
2015.02.19 06:24:09.912,0.95189,0.95199,1.69,1.00
2015.02.19 06:24:14.347,0.95192,0.95199,1.00,1.00
2015.02.19 06:24:42.791,0.95191,0.95199,1.10,1.00
2015.02.19 06:25:00.802,0.95189,0.95198,1.57,1.00
2015.02.19 06:25:01.004,0.95189,0.95198,1.10,1.00
2015.02.19 06:25:06.866,0.95189,0.95203,1.10,1.00
2015.02.19 06:25:06.967,0.95189,0.95198,1.10,1.00
2015.02.19 06:25:07.382,0.95189,0.95203,1.10,1.00
2015.02.19 06:25:10.337,0.95189,0.95198,1.00,1.00
2015.02.19 06:25:10.641,0.95189,0.952,1.75,1.00
2015.02.19 06:25:20.457,0.9519,0.95202,1.75,1.00
2015.02.19 06:25:44.016,0.9519,0.95202,1.12,1.00
2015.02.19 06:25:44.251,0.9519,0.95199,1.12,1.00
2015.02.19 06:25:45.622,0.95194,0.95202,1.00,1.00
2015.02.19 06:25:45.775,0.95194,0.95204,1.00,1.00
2015.02.19 06:25:45.826,0.95197,0.95204,1.00,1.00
2015.02.19 06:25:45.876,0.95197,0.95206,1.00,1.00
2015.02.19 06:25:46.331,0.95192,0.95204,1.94,1.00
2015.02.19 06:25:46.635,0.95188,0.952,1.94,1.00
2015.02.19 06:25:46.686,0.95188,0.95197,1.94,1.00
2015.02.19 06:25:46.989,0.95187,0.95197,1.50,1.00
2015.02.19 06:25:48.747,0.95184,0.95196,1.94,1.00
2015.02.19 06:26:00.045,0.95185,0.95196,1.12,1.00
2015.02.19 06:26:02.028,0.95185,0.95196,1.75,1.00
2015.02.19 06:26:11.293,0.95187,0.95196,1.00,1.00
2015.02.19 06:26:13.465,0.95185,0.95196,1.12,1.00
2015.02.19 06:26:28.492,0.95185,0.95197,1.12,1.00
2015.02.19 06:26:52.088,0.95185,0.95198,1.12,1.00
2015.02.19 06:26:53.753,0.95185,0.952,1.12,1.00
2015.02.19 06:26:57.339,0.95186,0.952,1.75,1.00
2015.02.19 06:26:59.597,0.95188,0.952,2.25,1.00
2015.02.19 06:26:59.648,0.95188,0.95202,2.25,1.00
2015.02.19 06:27:06.399,0.95189,0.95202,1.75,1.00
2015.02.19 06:27:06.934,0.95189,0.95202,1.50,1.00
2015.02.19 06:27:08.508,0.9519,0.95203,1.12,1.10
2015.02.19 06:27:08.711,0.95193,0.95206,1.00,1.10
2015.02.19 06:27:08.814,0.95193,0.95206,1.50,1.00
2015.02.19 06:27:09.168,0.95195,0.95208,1.10,1.00
2015.02.19 06:27:09.739,0.95195,0.95207,1.12,1.00
2015.02.19 06:27:10.258,0.95193,0.95207,1.12,1.00
2015.02.19 06:27:10.359,0.95192,0.95207,1.12,1.50
2015.02.19 06:27:10.662,0.95194,0.95202,1.00,1.00
2015.02.19 06:27:10.763,0.95194,0.95207,1.10,1.50
2015.02.19 06:27:10.865,0.95194,0.95203,1.10,1.00
2015.02.19 06:27:11.168,0.95192,0.95203,1.75,1.00
2015.02.19 06:27:11.219,0.95192,0.95203,1.10,1.00
2015.02.19 06:27:11.320,0.95192,0.95207,1.10,1.50
2015.02.19 06:27:11.655,0.95192,0.95203,1.10,1.00
2015.02.19 06:27:12.917,0.95192,0.95202,1.10,1.00
2015.02.19 06:27:14.469,0.95192,0.95207,1.10,1.50
2015.02.19 06:27:14.722,0.95192,0.95203,1.10,1.00
2015.02.19 06:27:22.850,0.95192,0.95207,1.10,1.12
2015.02.19 06:27:26.970,0.95193,0.95207,1.00,1.12
2015.02.19 06:27:27.172,0.95196,0.95208,1.10,1.10
2015.02.19 06:27:27.425,0.95196,0.95211,1.12,1.10
2015.02.19 06:27:31.092,0.95196,0.95207,1.87,1.00
2015.02.19 06:27:31.600,0.95196,0.95208,1.12,1.00
2015.02.19 06:27:31.904,0.95193,0.95206,1.12,1.00
2015.02.19 06:27:32.005,0.95192,0.95203,1.69,1.00
2015.02.19 06:27:32.106,0.95191,0.95203,1.46,1.00
2015.02.19 06:27:34.281,0.95196,0.95205,1.50,1.00
2015.02.19 06:27:34.338,0.95196,0.95207,1.50,1.00
2015.02.19 06:27:34.642,0.95194,0.95208,2.62,1.00
2015.02.19 06:27:35.155,0.95194,0.95207,2.62,1.00
2015.02.19 06:27:38.817,0.95194,0.95208,2.62,1.00
2015.02.19 06:27:41.309,0.95194,0.95207,1.87,1.00
2015.02.19 06:27:43.289,0.95194,0.95208,1.87,1.00
2015.02.19 06:27:43.839,0.95194,0.95207,1.87,1.00
2015.02.19 06:27:44.368,0.95194,0.95208,1.87,1.00
2015.02.19 06:27:44.874,0.95194,0.95207,2.25,1.00
2015.02.19 06:27:45.384,0.95195,0.95208,1.12,1.00
2015.02.19 06:27:45.788,0.95195,0.95208,1.75,1.00
2015.02.19 06:27:46.959,0.95195,0.95208,1.00,1.50
2015.02.19 06:27:47.012,0.95189,0.952,1.29,1.00
2015.02.19 06:27:47.328,0.95189,0.952,1.94,1.00
2015.02.19 06:27:49.220,0.95189,0.95202,1.75,1.00
2015.02.19 06:27:49.730,0.95189,0.95202,1.94,1.00
2015.02.19 06:27:50.041,0.95189,0.95202,1.69,1.00
2015.02.19 06:27:51.541,0.95189,0.95202,1.31,1.00
2015.02.19 06:27:52.362,0.95189,0.95202,2.00,1.00
2015.02.19 06:27:57.326,0.95189,0.95202,1.75,1.50
2015.02.19 06:28:01.399,0.95189,0.95202,1.75,1.50
2015.02.19 06:28:02.601,0.9519,0.95202,1.75,1.00
2015.02.19 06:28:30.950,0.95189,0.95202,1.75,1.50
2015.02.19 06:28:49.185,0.9519,0.95203,1.75,1.00
2015.02.19 06:29:06.340,0.9519,0.95206,1.75,1.00
2015.02.19 06:29:06.560,0.9519,0.95203,1.75,1.00
2015.02.19 06:29:22.842,0.9519,0.95202,1.75,1.00
2015.02.19 06:29:25.037,0.95189,0.95203,1.75,1.00
2015.02.19 06:29:43.472,0.9519,0.95203,1.75,1.00
2015.02.19 06:29:44.020,0.9519,0.95203,1.75,1.00
2015.02.19 06:29:44.413,0.9519,0.95206,1.75,1.00
2015.02.19 06:29:44.515,0.95191,0.95208,1.75,2.51
2015.02.19 06:29:44.666,0.95193,0.95208,1.75,1.76
2015.02.19 06:29:55.468,0.95194,0.95205,1.75,1.00
2015.02.19 06:30:03.820,0.95193,0.95205,1.75,1.00
2015.02.19 06:30:11.865,0.95193,0.95205,1.50,1.00
2015.02.19 06:30:25.579,0.95192,0.95205,1.69,1.00
2015.02.19 06:30:26.850,0.95193,0.95208,1.50,1.00
2015.02.19 06:30:28.365,0.95195,0.95208,1.50,1.00
2015.02.19 06:30:29.284,0.95198,0.95208,1.00,1.00
2015.02.19 06:30:29.335,0.95198,0.95212,1.00,1.12
2015.02.19 06:30:29.436,0.95198,0.95212,1.75,1.00
2015.02.19 06:30:29.947,0.95197,0.95207,1.75,1.00
2015.02.19 06:30:30.098,0.95197,0.95207,1.12,1.00
2015.02.19 06:30:30.200,0.95197,0.95205,1.12,1.00
2015.02.19 06:30:30.301,0.95194,0.95205,1.50,1.00
2015.02.19 06:30:31.778,0.95194,0.95205,1.75,1.00
2015.02.19 06:30:33.473,0.95198,0.95207,1.10,1.00
2015.02.19 06:30:33.625,0.95198,0.95209,1.10,1.00
2015.02.19 06:30:33.727,0.95197,0.95206,1.75,1.00
2015.02.19 06:30:34.940,0.95197,0.95206,1.75,1.00
2015.02.19 06:30:39.534,0.95197,0.95206,1.12,1.00
2015.02.19 06:31:07.897,0.95197,0.95208,1.12,1.00
2015.02.19 06:31:08.049,0.95199,0.95208,1.12,1.00
2015.02.19 06:31:08.353,0.95199,0.95208,1.75,1.00
2015.02.19 06:31:08.606,0.95199,0.95208,1.75,1.00
2015.02.19 06:31:10.458,0.95199,0.95211,2.00,1.00
2015.02.19 06:31:10.660,0.95199,0.95208,2.00,1.00
2015.02.19 06:31:11.233,0.95199,0.9521,2.00,1.00
2015.02.19 06:31:40.296,0.95199,0.9521,1.75,1.00
2015.02.19 06:31:59.077,0.95203,0.95213,1.10,1.00
2015.02.19 06:31:59.179,0.95203,0.95213,1.50,1.00
2015.02.19 06:31:59.280,0.95203,0.95215,2.25,1.00
2015.02.19 06:32:00.059,0.95202,0.95213,2.51,1.00
2015.02.19 06:32:00.210,0.95202,0.95213,1.00,1.00
2015.02.19 06:32:08.948,0.95199,0.95213,2.89,1.00
2015.02.19 06:32:30.265,0.952,0.95213,1.69,1.00
2015.02.19 06:32:30.316,0.95201,0.95213,2.85,1.00
2015.02.19 06:32:31.096,0.95201,0.95213,1.50,1.00
2015.02.19 06:32:35.893,0.952,0.95211,1.01,1.00
2015.02.19 06:32:46.038,0.95202,0.95211,1.10,1.00
2015.02.19 06:33:02.626,0.95202,0.95214,1.10,1.00
2015.02.19 06:33:03.135,0.95199,0.95212,2.77,1.00
2015.02.19 06:33:03.540,0.95202,0.95214,1.10,1.00
2015.02.19 06:33:07.104,0.95203,0.95214,1.00,1.00
2015.02.19 06:33:10.928,0.952,0.95214,1.01,1.00
2015.02.19 06:33:13.431,0.95199,0.95212,2.59,1.00
2015.02.19 06:33:15.572,0.95203,0.95212,1.00,1.00
2015.02.19 06:33:16.077,0.95201,0.95212,1.12,1.00
2015.02.19 06:34:13.441,0.952,0.95217,1.69,1.10
2015.02.19 06:34:28.466,0.952,0.95213,1.69,1.00
2015.02.19 06:34:36.640,0.95201,0.95213,1.31,1.00
2015.02.19 06:34:37.845,0.95201,0.95213,1.94,1.00
2015.02.19 06:35:00.342,0.95203,0.95213,1.12,1.00
2015.02.19 06:35:04.749,0.95204,0.95218,1.10,1.87
2015.02.19 06:35:04.850,0.95207,0.95218,1.00,1.12
2015.02.19 06:35:04.951,0.95208,0.9522,1.00,1.12
2015.02.19 06:35:05.002,0.95208,0.9522,1.50,1.00
2015.02.19 06:35:05.647,0.95208,0.95218,1.69,1.00
2015.02.19 06:35:05.748,0.95208,0.95218,1.01,1.00
2015.02.19 06:35:06.103,0.95207,0.95218,1.94,1.00
2015.02.19 06:35:06.305,0.95207,0.95218,1.12,1.00
2015.02.19 06:35:06.709,0.95207,0.95216,1.12,1.00
2015.02.19 06:35:07.062,0.95205,0.95216,1.12,1.00
2015.02.19 06:35:08.170,0.95205,0.95216,1.75,1.00
2015.02.19 06:35:10.837,0.95204,0.95216,2.00,1.00
2015.02.19 06:35:16.475,0.95204,0.95214,1.75,1.00
2015.02.19 06:35:35.450,0.95207,0.95214,1.12,1.00
2015.02.19 06:35:40.059,0.95203,0.95214,2.00,1.00
2015.02.19 06:35:40.708,0.95203,0.95214,1.94,1.00
2015.02.19 06:35:42.496,0.95203,0.95215,2.25,1.00
2015.02.19 06:35:43.383,0.95202,0.95215,1.94,1.00
2015.02.19 06:35:43.906,0.95202,0.95214,1.94,1.00
2015.02.19 06:35:44.260,0.95202,0.95214,1.12,1.00
2015.02.19 06:35:44.361,0.95201,0.95212,1.50,1.00
2015.02.19 06:35:48.881,0.95202,0.9521,1.12,1.00
2015.02.19 06:35:49.494,0.95202,0.95212,1.12,1.00
2015.02.19 06:35:49.696,0.95207,0.95212,1.00,1.00
2015.02.19 06:35:50.369,0.95202,0.95212,1.50,1.00
2015.02.19 06:36:10.328,0.95203,0.95215,1.75,1.00
2015.02.19 06:36:32.926,0.95207,0.95215,1.00,1.00
2015.02.19 06:36:33.796,0.95203,0.95215,2.44,1.00
2015.02.19 06:37:05.529,0.95203,0.95215,1.69,1.00
2015.02.19 06:37:10.310,0.95203,0.95219,1.69,1.19
2015.02.19 06:37:12.014,0.95203,0.95217,1.69,1.00
2015.02.19 06:37:13.950,0.95202,0.95216,2.44,1.00
2015.02.19 06:37:14.606,0.95202,0.9522,2.44,1.84
2015.02.19 06:37:19.682,0.95203,0.95219,1.69,1.00
2015.02.19 06:37:21.827,0.95202,0.95219,1.69,2.44
2015.02.19 06:37:29.256,0.95202,0.95219,1.69,2.44
2015.02.19 06:37:29.912,0.95202,0.95219,1.50,2.44
2015.02.19 06:37:34.694,0.95202,0.95219,1.69,2.44
2015.02.19 06:37:35.706,0.95202,0.95219,1.50,2.51
2015.02.19 06:37:41.007,0.95202,0.95218,1.50,1.29
2015.02.19 06:37:42.327,0.952,0.95217,2.00,1.32
2015.02.19 06:37:43.024,0.952,0.95212,2.00,1.00
2015.02.19 06:37:46.775,0.95198,0.95212,2.44,1.00
2015.02.19 06:38:00.945,0.95197,0.95208,2.44,1.00
2015.02.19 06:38:03.402,0.95198,0.95208,2.00,1.00
2015.02.19 06:38:20.738,0.952,0.95208,1.50,1.00
2015.02.19 06:38:27.280,0.95198,0.95208,2.00,1.00
2015.02.19 06:38:36.322,0.95198,0.95211,2.00,1.00
2015.02.19 06:38:42.024,0.95198,0.95211,2.00,1.00
2015.02.19 06:38:54.961,0.95199,0.95213,2.00,1.00
2015.02.19 06:39:04.924,0.95202,0.95215,1.87,1.00
2015.02.19 06:39:07.696,0.95202,0.95215,2.44,1.00
2015.02.19 06:39:20.465,0.95203,0.95216,1.50,1.00
2015.02.19 06:39:42.971,0.95202,0.95216,1.50,1.10
2015.02.19 06:39:43.073,0.95202,0.95216,1.10,1.20
2015.02.19 06:39:43.698,0.95202,0.95216,1.12,1.10
2015.02.19 06:39:50.881,0.95201,0.95213,1.50,1.00
2015.02.19 06:40:05.140,0.95202,0.95216,1.12,1.00
2015.02.19 06:40:11.227,0.95202,0.95216,1.10,1.00
2015.02.19 06:40:20.649,0.952,0.95213,2.44,1.00
2015.02.19 06:40:35.551,0.952,0.95213,1.69,1.00
2015.02.19 06:40:36.906,0.95201,0.95213,1.00,1.00
2015.02.19 06:40:37.451,0.95198,0.9521,1.31,1.00
2015.02.19 06:40:37.603,0.95196,0.95208,2.06,1.50
2015.02.19 06:40:37.956,0.95194,0.95207,1.31,1.00
2015.02.19 06:40:40.229,0.95194,0.95209,1.31,1.10
2015.02.19 06:40:40.535,0.95197,0.95209,1.00,1.10
2015.02.19 06:40:42.148,0.95196,0.95208,1.12,1.00
2015.02.19 06:40:52.371,0.95196,0.95211,1.12,1.20
2015.02.19 06:40:54.408,0.95196,0.95211,1.31,1.47
2015.02.19 06:40:54.948,0.95196,0.95211,1.12,1.57
2015.02.19 06:40:55.000,0.95196,0.95209,1.12,1.00
2015.02.19 06:40:55.305,0.95194,0.95203,1.00,1.50
2015.02.19 06:40:55.458,0.95196,0.95207,1.00,1.00
2015.02.19 06:40:55.662,0.95196,0.95209,1.00,1.10
2015.02.19 06:40:56.113,0.95195,0.95209,1.75,1.00
2015.02.19 06:40:58.407,0.95195,0.95209,1.10,1.00
2015.02.19 06:41:01.176,0.95195,0.95209,2.00,1.00
2015.02.19 06:41:03.870,0.95196,0.95212,2.25,2.44
2015.02.19 06:41:08.755,0.95197,0.95212,1.50,1.69
2015.02.19 06:41:09.313,0.95197,0.95212,1.10,1.39
2015.02.19 06:41:42.560,0.95197,0.95209,1.10,1.00
2015.02.19 06:41:55.528,0.95193,0.95209,1.94,2.02
2015.02.19 06:41:55.833,0.95191,0.95203,1.01,1.00
2015.02.19 06:41:55.985,0.95191,0.95201,1.01,1.00
2015.02.19 06:42:13.093,0.95189,0.95201,1.12,1.00
2015.02.19 06:42:13.804,0.95189,0.95199,1.12,1.00
2015.02.19 06:42:17.388,0.95187,0.95194,1.87,1.00
2015.02.19 06:42:17.490,0.95181,0.95193,1.10,1.00
2015.02.19 06:42:17.541,0.95177,0.95185,1.75,1.00
2015.02.19 06:42:17.591,0.95177,0.95185,1.00,1.00
2015.02.19 06:42:17.793,0.95177,0.95187,1.00,1.00
2015.02.19 06:42:17.918,0.95175,0.95187,1.10,1.00
2015.02.19 06:42:18.020,0.95173,0.95184,1.87,1.00
2015.02.19 06:42:18.324,0.95177,0.95184,1.00,1.00
2015.02.19 06:42:18.738,0.95177,0.95186,1.00,1.00
2015.02.19 06:42:19.573,0.95177,0.95185,1.00,1.00
2015.02.19 06:42:20.828,0.95177,0.95187,1.00,1.00
2015.02.19 06:42:24.117,0.95177,0.95186,1.00,1.00
2015.02.19 06:42:34.468,0.95177,0.95189,1.10,1.00
2015.02.19 06:43:00.208,0.95177,0.95187,1.10,1.00
2015.02.19 06:43:02.746,0.95177,0.95185,1.00,1.00
2015.02.19 06:43:02.948,0.95172,0.95183,1.31,1.00
2015.02.19 06:43:03.353,0.9517,0.95183,1.12,1.00
2015.02.19 06:43:03.404,0.9517,0.95181,1.12,1.00
2015.02.19 06:43:03.946,0.9517,0.95181,1.00,1.00
2015.02.19 06:43:05.197,0.95173,0.95181,1.00,1.00
2015.02.19 06:43:05.298,0.95175,0.95186,1.00,1.00
2015.02.19 06:43:05.349,0.95177,0.95186,1.50,1.00
2015.02.19 06:43:05.602,0.95177,0.95189,1.57,1.00
2015.02.19 06:43:06.107,0.95187,0.95197,1.00,1.91
2015.02.19 06:43:06.158,0.95187,0.95191,1.00,1.00
2015.02.19 06:43:07.137,0.95187,0.95194,1.10,1.00
2015.02.19 06:43:11.074,0.95191,0.95199,1.00,1.00
2015.02.19 06:43:11.227,0.95187,0.95196,1.75,1.00
2015.02.19 06:43:11.278,0.95187,0.95196,1.00,1.00
2015.02.19 06:43:11.329,0.95184,0.95196,1.31,1.00
2015.02.19 06:43:11.379,0.95187,0.95196,1.00,1.00
2015.02.19 06:43:11.683,0.95187,0.95194,1.10,1.00
2015.02.19 06:43:13.383,0.9519,0.95194,1.00,1.00
2015.02.19 06:43:13.433,0.9519,0.95199,1.00,1.00
2015.02.19 06:43:13.636,0.95188,0.95195,1.10,1.00
2015.02.19 06:43:13.939,0.95187,0.95193,1.00,1.00
2015.02.19 06:43:14.091,0.95187,0.95196,1.10,1.00
2015.02.19 06:43:14.192,0.95187,0.95199,1.57,1.00
2015.02.19 06:43:14.394,0.95189,0.95199,1.00,1.00
2015.02.19 06:43:14.495,0.95187,0.95198,1.50,1.00
2015.02.19 06:43:14.648,0.95189,0.95199,1.00,1.00
2015.02.19 06:43:15.759,0.9519,0.952,1.00,1.00
2015.02.19 06:43:16.332,0.95192,0.952,1.00,1.00
2015.02.19 06:43:17.653,0.95193,0.952,1.00,1.00
2015.02.19 06:43:18.082,0.95188,0.952,2.06,1.00
2015.02.19 06:43:18.385,0.95187,0.95198,1.29,1.00
2015.02.19 06:43:18.789,0.95183,0.95198,2.44,1.00
2015.02.19 06:43:18.890,0.95183,0.95198,1.87,1.12
2015.02.19 06:43:20.338,0.95186,0.95198,1.00,1.95
2015.02.19 06:43:20.641,0.95187,0.95199,1.00,1.10
2015.02.19 06:43:20.793,0.95184,0.95198,1.31,1.00
2015.02.19 06:43:20.843,0.95192,0.95198,1.00,1.12
2015.02.19 06:43:20.946,0.95192,0.95199,1.00,1.00
2015.02.19 06:43:22.627,0.95187,0.95199,1.19,1.00
2015.02.19 06:43:22.728,0.95184,0.95199,2.44,1.00
2015.02.19 06:43:22.880,0.95187,0.95196,1.00,1.00
2015.02.19 06:43:24.096,0.95184,0.95197,1.10,1.00
2015.02.19 06:43:24.352,0.95187,0.95196,1.00,1.00
2015.02.19 06:43:24.554,0.95187,0.952,1.87,1.00
2015.02.19 06:43:25.001,0.95187,0.952,3.19,1.00
2015.02.19 06:43:25.586,0.95192,0.952,1.00,1.00
2015.02.19 06:43:28.637,0.95192,0.95203,1.00,1.00
2015.02.19 06:43:31.458,0.95193,0.95203,1.00,1.00
2015.02.19 06:43:37.599,0.95194,0.95203,1.10,1.00
2015.02.19 06:43:37.700,0.952,0.95211,1.00,1.75
2015.02.19 06:43:37.751,0.952,0.95206,1.00,1.00
2015.02.19 06:43:38.260,0.952,0.95207,1.00,1.00
2015.02.19 06:43:38.362,0.95202,0.95207,1.00,1.00
2015.02.19 06:43:38.412,0.95202,0.95211,1.00,1.00
2015.02.19 06:43:38.566,0.95201,0.95211,2.25,1.00
2015.02.19 06:43:39.127,0.952,0.95211,1.12,1.00
2015.02.19 06:43:39.229,0.952,0.95211,1.75,1.00
2015.02.19 06:43:39.784,0.95199,0.95211,1.69,1.00
2015.02.19 06:43:56.828,0.95198,0.95211,1.69,1.00
2015.02.19 06:43:57.334,0.95198,0.9521,1.50,1.00
2015.02.19 06:43:58.345,0.95198,0.9521,1.10,1.00
2015.02.19 06:44:00.008,0.95198,0.9521,1.12,1.00
2015.02.19 06:44:12.654,0.95207,0.95212,1.00,1.00
2015.02.19 06:44:13.218,0.95207,0.95213,1.00,1.00
2015.02.19 06:44:16.347,0.95207,0.95215,1.00,1.00
2015.02.19 06:44:37.097,0.95207,0.95215,1.12,1.00
2015.02.19 06:44:43.078,0.95207,0.95218,1.12,1.00
2015.02.19 06:44:43.381,0.95209,0.95218,1.12,1.00
2015.02.19 06:44:43.790,0.95208,0.95218,1.57,1.00
2015.02.19 06:44:43.891,0.95208,0.95218,2.25,1.00
2015.02.19 06:44:44.561,0.95208,0.95218,1.57,1.00
2015.02.19 06:44:47.624,0.95208,0.95218,2.44,1.00
2015.02.19 06:44:55.260,0.95212,0.95218,1.00,1.00
2015.02.19 06:45:01.331,0.95208,0.95218,1.10,1.00
2015.02.19 06:45:05.264,0.95212,0.95218,1.00,1.00
2015.02.19 06:45:05.516,0.95207,0.95218,2.06,1.00
2015.02.19 06:45:20.508,0.95207,0.95218,2.44,1.00
2015.02.19 06:45:21.519,0.95207,0.95218,1.69,1.00
2015.02.19 06:45:22.062,0.95207,0.95217,1.69,1.00
2015.02.19 06:45:29.521,0.95207,0.95217,1.31,1.00
2015.02.19 06:45:30.571,0.95207,0.95217,1.31,1.00
2015.02.19 06:45:36.671,0.95207,0.95217,1.01,1.00
2015.02.19 06:45:41.154,0.95205,0.95213,1.01,1.00
2015.02.19 06:45:41.692,0.95203,0.95212,1.69,1.00
2015.02.19 06:45:42.342,0.95202,0.95212,1.31,1.00
2015.02.19 06:45:42.696,0.95202,0.9521,1.01,1.00
2015.02.19 06:45:47.344,0.95202,0.95209,1.00,1.00
2015.02.19 06:46:02.444,0.95203,0.9521,1.00,1.00
2015.02.19 06:46:08.079,0.95207,0.95215,1.00,1.10
2015.02.19 06:46:14.053,0.95202,0.9521,1.10,1.00
2015.02.19 06:47:02.455,0.95202,0.95217,1.10,1.69
2015.02.19 06:47:11.455,0.95203,0.95217,1.00,1.69
2015.02.19 06:47:11.560,0.95208,0.95212,1.00,1.00
2015.02.19 06:47:13.860,0.95208,0.95213,1.00,1.00
2015.02.19 06:47:14.163,0.95212,0.95217,1.00,1.00
2015.02.19 06:47:15.071,0.95208,0.95217,1.50,1.00
2015.02.19 06:47:15.172,0.95213,0.95218,1.00,1.00
2015.02.19 06:47:16.253,0.9521,0.9522,2.62,1.00
2015.02.19 06:47:16.832,0.95211,0.95222,1.20,1.00
2015.02.19 06:47:18.480,0.95212,0.95222,1.00,1.00
2015.02.19 06:47:20.924,0.95213,0.95222,1.00,1.00
2015.02.19 06:47:21.197,0.95213,0.95224,1.10,1.00
2015.02.19 06:47:21.299,0.95215,0.95224,1.00,1.00
2015.02.19 06:47:21.349,0.95216,0.95228,1.00,1.50
2015.02.19 06:47:21.451,0.95216,0.95228,1.10,1.10
2015.02.19 06:47:21.754,0.95217,0.9523,1.00,1.10
2015.02.19 06:47:22.259,0.95218,0.95231,1.10,1.12
2015.02.19 06:47:22.410,0.95218,0.95232,1.50,1.00
2015.02.19 06:47:22.764,0.95218,0.95231,1.76,1.00
2015.02.19 06:47:23.269,0.95218,0.95233,1.57,1.12
2015.02.19 06:47:23.320,0.9522,0.95233,1.12,1.10
2015.02.19 06:47:23.522,0.95219,0.95233,1.00,1.12
2015.02.19 06:47:23.573,0.95222,0.95233,1.00,1.12
2015.02.19 06:47:23.876,0.95218,0.95233,1.76,1.87
2015.02.19 06:47:24.400,0.95218,0.95231,1.76,1.00
2015.02.19 06:47:24.906,0.95217,0.95231,1.01,1.57
2015.02.19 06:47:29.229,0.95217,0.95231,1.00,2.25
2015.02.19 06:47:30.425,0.95217,0.95231,2.02,1.10
2015.02.19 06:47:30.778,0.95219,0.95233,2.70,1.00
2015.02.19 06:47:31.792,0.95219,0.95235,3.19,1.12
2015.02.19 06:47:32.332,0.95221,0.95237,1.12,2.51
2015.02.19 06:47:33.973,0.95221,0.95237,1.69,2.32
2015.02.19 06:47:35.540,0.95219,0.95235,2.44,1.47
2015.02.19 06:47:35.701,0.95219,0.95235,1.01,1.87
2015.02.19 06:47:36.731,0.95218,0.95234,1.00,1.37
2015.02.19 06:47:36.933,0.95216,0.95232,1.12,1.95
2015.02.19 06:47:37.186,0.95211,0.95226,1.25,1.50
2015.02.19 06:47:37.388,0.95208,0.95224,1.31,2.25
2015.02.19 06:47:38.564,0.95207,0.95222,1.10,1.12
2015.02.19 06:47:38.716,0.95204,0.95219,2.06,1.00
2015.02.19 06:47:38.817,0.95204,0.9522,1.31,1.20
2015.02.19 06:47:39.324,0.95203,0.95218,2.25,1.50
2015.02.19 06:47:39.914,0.95203,0.95218,1.50,1.87
2015.02.19 06:47:40.732,0.95203,0.95216,1.22,1.00
2015.02.19 06:47:40.783,0.95202,0.95216,1.57,1.12
2015.02.19 06:47:40.985,0.95202,0.95214,1.10,1.12
2015.02.19 06:47:41.489,0.95197,0.95212,2.44,1.00
2015.02.19 06:47:42.270,0.95197,0.95211,2.44,1.00
2015.02.19 06:47:44.873,0.95197,0.95212,2.44,1.00
2015.02.19 06:47:48.713,0.95198,0.95214,1.31,1.87
2015.02.19 06:47:49.243,0.952,0.95212,1.50,1.00
2015.02.19 06:47:50.303,0.952,0.95214,1.69,1.00
2015.02.19 06:47:50.825,0.952,0.95215,1.69,1.00
2015.02.19 06:47:55.040,0.952,0.95214,1.50,1.00
2015.02.19 06:47:57.784,0.952,0.95215,1.50,1.50
2015.02.19 06:47:58.291,0.952,0.95215,1.75,1.50
2015.02.19 06:48:00.269,0.952,0.95215,1.69,1.10
2015.02.19 06:48:00.774,0.95198,0.95214,1.76,1.00
2015.02.19 06:48:05.511,0.95197,0.95214,2.96,1.10
2015.02.19 06:48:10.391,0.95197,0.95212,2.59,1.00
2015.02.19 06:48:15.080,0.95199,0.95212,1.75,1.50
2015.02.19 06:48:27.525,0.95199,0.95212,1.75,1.50
2015.02.19 06:48:43.241,0.95199,0.95212,2.00,1.50
2015.02.19 06:48:47.689,0.95199,0.95213,1.01,1.00
2015.02.19 06:48:47.790,0.952,0.95215,1.95,1.00
2015.02.19 06:48:48.094,0.95202,0.95215,2.77,1.00
2015.02.19 06:48:48.960,0.95202,0.95215,2.59,1.00
2015.02.19 06:48:49.212,0.95207,0.95217,1.10,1.00
2015.02.19 06:48:56.219,0.95207,0.95217,1.31,1.00
2015.02.19 06:48:57.153,0.95202,0.95213,2.32,1.00
2015.02.19 06:48:57.254,0.95202,0.95213,2.32,1.00
2015.02.19 06:48:57.507,0.95207,0.95213,1.00,1.00
2015.02.19 06:48:57.860,0.95202,0.95213,2.25,1.00
2015.02.19 06:48:59.815,0.95205,0.95216,1.00,1.00
2015.02.19 06:48:59.866,0.95205,0.95217,1.75,1.00
2015.02.19 06:49:00.170,0.95206,0.95216,1.75,1.00
2015.02.19 06:49:00.699,0.95206,0.95216,1.75,1.00
2015.02.19 06:49:22.874,0.95203,0.95212,1.75,1.00
2015.02.19 06:49:22.975,0.95203,0.95212,1.50,1.00
2015.02.19 06:49:23.076,0.95203,0.95212,1.10,1.00
2015.02.19 06:49:23.903,0.95207,0.95212,1.00,1.00
2015.02.19 06:49:24.005,0.95207,0.95215,1.00,1.00
2015.02.19 06:49:32.221,0.95207,0.95216,1.12,1.00
2015.02.19 06:49:32.323,0.95208,0.95218,1.47,1.00
2015.02.19 06:49:33.029,0.95208,0.95218,1.10,1.00
2015.02.19 06:49:33.339,0.95208,0.95218,1.50,1.00
2015.02.19 06:49:39.570,0.95207,0.95218,2.96,1.00
2015.02.19 06:49:40.136,0.95207,0.95217,2.25,1.00
2015.02.19 06:49:40.342,0.95207,0.95217,1.10,1.00
2015.02.19 06:49:40.919,0.95205,0.95217,2.14,1.00
2015.02.19 06:49:41.584,0.95207,0.95217,1.50,1.00
2015.02.19 06:49:42.997,0.95208,0.95217,1.00,1.00
2015.02.19 06:49:43.250,0.95204,0.95214,2.00,1.00
2015.02.19 06:49:43.553,0.95202,0.95212,2.62,1.00
2015.02.19 06:49:44.058,0.95202,0.95213,1.12,1.00
2015.02.19 06:49:44.470,0.95207,0.95213,1.00,1.00
2015.02.19 06:49:44.622,0.95202,0.95213,1.12,1.00
2015.02.19 06:49:45.262,0.95207,0.95213,1.00,1.00
2015.02.19 06:49:45.415,0.95207,0.95215,1.00,1.00
2015.02.19 06:49:45.768,0.95207,0.95217,1.10,1.00
2015.02.19 06:49:46.291,0.95207,0.95217,1.12,1.00
2015.02.19 06:49:47.161,0.95207,0.95217,1.50,1.00
2015.02.19 06:49:49.310,0.95213,0.95217,1.00,1.00
2015.02.19 06:49:49.531,0.95207,0.95217,2.62,1.00
2015.02.19 06:50:05.903,0.95207,0.95219,2.44,1.00
2015.02.19 06:50:14.778,0.95207,0.95219,1.87,1.00
2015.02.19 06:50:16.820,0.95207,0.95216,2.06,1.00
2015.02.19 06:50:17.229,0.95207,0.95216,2.00,1.00
2015.02.19 06:50:19.317,0.9521,0.95218,1.12,1.00
2015.02.19 06:50:19.418,0.95211,0.95218,1.50,1.00
2015.02.19 06:50:19.469,0.95211,0.9522,1.50,1.00
2015.02.19 06:50:19.520,0.95211,0.9522,1.75,1.00
2015.02.19 06:50:19.621,0.95214,0.95224,1.87,1.00
2015.02.19 06:50:19.772,0.95215,0.95226,1.20,1.00
2015.02.19 06:50:19.823,0.95215,0.95226,1.85,1.00
2015.02.19 06:50:20.075,0.9522,0.95228,1.10,1.00
2015.02.19 06:50:21.612,0.95222,0.9523,1.12,1.00
2015.02.19 06:50:23.817,0.95218,0.95227,2.32,1.00
2015.02.19 06:50:24.121,0.95217,0.95227,1.75,1.00
2015.02.19 06:50:24.790,0.95217,0.95226,1.75,1.00
2015.02.19 06:50:26.117,0.95217,0.95226,1.75,1.00
2015.02.19 06:50:34.828,0.95218,0.95229,1.75,1.00
2015.02.19 06:50:35.030,0.95218,0.95229,1.69,1.00
2015.02.19 06:50:36.343,0.95222,0.95229,1.00,1.00
2015.02.19 06:50:36.495,0.95224,0.95235,1.10,1.00
2015.02.19 06:50:36.546,0.95225,0.95235,1.50,1.00
2015.02.19 06:50:36.900,0.95223,0.95238,4.27,1.00
2015.02.19 06:50:37.320,0.95225,0.95238,2.00,1.00
2015.02.19 06:50:38.015,0.95225,0.95241,2.00,1.00
2015.02.19 06:50:40.763,0.95228,0.95241,1.95,1.00
2015.02.19 06:50:42.810,0.95231,0.95243,2.02,1.00
2015.02.19 06:50:42.861,0.95231,0.95245,2.02,1.10
2015.02.19 06:50:45.366,0.95231,0.95246,2.89,1.12
2015.02.19 06:50:47.990,0.95233,0.95248,1.87,1.12
2015.02.19 06:51:06.014,0.9523,0.95246,2.06,1.00
2015.02.19 06:51:06.065,0.95228,0.95244,3.07,1.00
2015.02.19 06:51:06.267,0.95225,0.95239,3.75,1.00
2015.02.19 06:51:06.369,0.95224,0.95239,2.06,1.00
2015.02.19 06:51:06.897,0.95224,0.95238,1.87,1.00
2015.02.19 06:51:07.381,0.95224,0.95238,2.06,1.00
2015.02.19 06:51:07.785,0.95229,0.95239,1.37,1.00
2015.02.19 06:51:08.139,0.95232,0.95243,1.00,1.00
2015.02.19 06:51:08.969,0.95234,0.95243,1.37,1.00
2015.02.19 06:51:09.474,0.95233,0.95244,1.62,1.00
2015.02.19 06:51:09.989,0.95232,0.95244,1.50,1.00
2015.02.19 06:51:14.520,0.9523,0.95244,1.20,1.10
2015.02.19 06:51:15.297,0.9523,0.95241,1.20,1.00
2015.02.19 06:51:16.055,0.95232,0.95241,1.00,1.00
2015.02.19 06:51:16.704,0.95232,0.95241,1.50,1.00
2015.02.19 06:51:16.856,0.95232,0.95244,1.50,1.00
2015.02.19 06:51:17.431,0.95232,0.95245,4.72,1.00
2015.02.19 06:51:17.684,0.95237,0.95245,1.00,1.00
2015.02.19 06:51:17.936,0.95237,0.95248,1.12,1.00
2015.02.19 06:51:18.523,0.95237,0.95248,3.15,1.00
2015.02.19 06:51:19.847,0.95237,0.9525,3.34,1.00
2015.02.19 06:51:21.863,0.95237,0.9525,1.46,1.00
2015.02.19 06:51:22.348,0.95237,0.95247,2.44,1.00
2015.02.19 06:51:22.399,0.95237,0.95247,1.50,1.00
2015.02.19 06:51:24.968,0.95237,0.95247,1.50,1.00
2015.02.19 06:51:27.952,0.95237,0.95249,2.62,1.00
2015.02.19 06:51:41.022,0.95238,0.95249,1.25,1.00
2015.02.19 06:51:41.174,0.95234,0.95244,1.57,1.00
2015.02.19 06:51:41.578,0.95232,0.95244,3.37,1.00
2015.02.19 06:51:41.730,0.95232,0.95241,3.37,1.00
2015.02.19 06:51:41.932,0.95232,0.95245,2.40,1.10
2015.02.19 06:51:42.034,0.95235,0.95248,1.00,1.00
2015.02.19 06:51:42.135,0.95234,0.95248,1.90,1.00
2015.02.19 06:51:42.337,0.95234,0.95248,1.76,1.00
2015.02.19 06:51:42.540,0.95237,0.95248,1.50,1.00
2015.02.19 06:51:42.993,0.95237,0.95248,1.75,1.00
2015.02.19 06:51:43.496,0.95239,0.95247,1.50,1.00
2015.02.19 06:52:02.806,0.95239,0.95247,1.10,1.00
2015.02.19 06:52:10.445,0.95237,0.95245,1.69,1.00
2015.02.19 06:52:10.497,0.95237,0.95245,1.10,1.00
2015.02.19 06:52:10.548,0.95238,0.95243,1.00,1.00
2015.02.19 06:52:10.649,0.95236,0.95243,1.00,1.00
2015.02.19 06:52:10.801,0.95238,0.95244,1.00,1.00
2015.02.19 06:52:11.105,0.95239,0.95247,1.50,1.00
2015.02.19 06:52:11.156,0.95239,0.95247,2.25,1.00
2015.02.19 06:52:11.836,0.95241,0.9525,1.50,1.00
2015.02.19 06:52:18.962,0.95241,0.9525,1.10,1.00
2015.02.19 06:52:24.521,0.95242,0.9525,1.00,1.00
2015.02.19 06:52:25.036,0.95242,0.9525,1.87,1.00
2015.02.19 06:52:25.546,0.95242,0.9525,1.50,1.00
2015.02.19 06:52:27.610,0.95241,0.9525,1.00,1.00
2015.02.19 06:52:27.913,0.95242,0.95246,1.00,1.00
2015.02.19 06:52:27.964,0.95239,0.95246,1.12,1.00
2015.02.19 06:52:28.014,0.95234,0.95243,3.07,1.00
2015.02.19 06:52:28.116,0.95234,0.95242,1.10,1.00
2015.02.19 06:52:28.368,0.95233,0.95239,3.00,1.00
2015.02.19 06:52:28.671,0.95237,0.95247,1.07,1.57
2015.02.19 06:52:29.024,0.95234,0.95243,1.69,1.00
2015.02.19 06:52:29.125,0.95238,0.95246,1.50,1.00
2015.02.19 06:52:29.176,0.95241,0.95246,1.00,1.00
2015.02.19 06:52:29.479,0.95237,0.95245,1.10,1.00
2015.02.19 06:52:29.983,0.95236,0.95243,1.10,1.00
2015.02.19 06:52:30.286,0.95243,0.95247,1.00,1.00
2015.02.19 06:52:30.387,0.95241,0.95247,1.00,1.00
2015.02.19 06:52:30.488,0.95239,0.95247,1.00,1.00
2015.02.19 06:52:31.773,0.95239,0.95245,1.00,1.00
2015.02.19 06:52:31.827,0.95237,0.95245,1.00,1.00
2015.02.19 06:52:32.651,0.95239,0.95245,1.00,1.00
2015.02.19 06:52:33.157,0.95238,0.95246,1.00,1.00
2015.02.19 06:52:50.082,0.95236,0.95246,1.00,1.00
2015.02.19 06:52:50.586,0.95237,0.95246,1.37,1.00
2015.02.19 06:52:51.142,0.95239,0.95246,1.00,1.00
2015.02.19 06:52:54.856,0.9524,0.95246,1.00,1.00
2015.02.19 06:52:55.461,0.95243,0.95256,1.00,1.94
2015.02.19 06:52:56.269,0.95244,0.95256,1.00,1.94
2015.02.19 06:52:56.320,0.95244,0.95252,1.12,1.00
2015.02.19 06:52:56.472,0.95246,0.95252,1.00,1.00
2015.02.19 06:52:56.522,0.95246,0.95254,1.12,1.00
2015.02.19 06:52:57.909,0.95246,0.95256,1.62,1.00
2015.02.19 06:52:59.527,0.95246,0.95256,1.12,1.00
2015.02.19 06:53:02.879,0.95245,0.95256,1.20,1.00
2015.02.19 06:53:06.264,0.95244,0.95255,1.69,1.00
2015.02.19 06:53:07.355,0.95243,0.95255,2.25,1.00
2015.02.19 06:53:08.275,0.95243,0.95252,1.12,1.00
2015.02.19 06:53:11.327,0.95247,0.95252,1.00,1.00
2015.02.19 06:53:11.377,0.95247,0.95256,1.50,1.00
2015.02.19 06:53:11.900,0.95248,0.95256,1.20,1.00
2015.02.19 06:53:11.950,0.95248,0.95256,1.47,1.00
2015.02.19 06:53:12.887,0.95249,0.95256,2.62,1.00
2015.02.19 06:53:13.746,0.95249,0.95256,1.10,1.00
2015.02.19 06:53:13.897,0.95247,0.95253,1.42,1.00
2015.02.19 06:53:13.949,0.95247,0.95252,1.00,1.00
2015.02.19 06:53:14.000,0.95244,0.95252,1.76,1.00
2015.02.19 06:53:14.101,0.95242,0.95249,4.12,1.00
2015.02.19 06:53:17.949,0.95239,0.95249,1.87,1.00
2015.02.19 06:53:18.101,0.95239,0.95246,1.87,1.00
2015.02.19 06:53:23.837,0.95241,0.95246,1.00,1.00
2015.02.19 06:53:25.631,0.95241,0.95247,1.12,1.00
2015.02.19 06:53:27.698,0.95241,0.95246,1.00,1.00
2015.02.19 06:53:41.145,0.95241,0.95246,1.12,1.00
2015.02.19 06:53:42.378,0.95241,0.95249,1.12,1.00
2015.02.19 06:53:42.883,0.95242,0.95249,1.87,1.00
2015.02.19 06:53:43.489,0.95242,0.95251,3.00,1.00
2015.02.19 06:53:43.590,0.95246,0.95253,1.00,1.00
2015.02.19 06:53:43.894,0.95249,0.95256,1.50,1.00
2015.02.19 06:53:45.181,0.95251,0.95256,1.12,1.00
2015.02.19 06:53:50.201,0.9525,0.95258,1.50,1.00
2015.02.19 06:53:58.537,0.95248,0.95263,2.00,1.00
2015.02.19 06:53:58.638,0.95248,0.95254,1.12,1.00
2015.02.19 06:53:58.840,0.95246,0.95254,1.10,1.00
2015.02.19 06:53:58.942,0.95248,0.95254,1.12,1.00
2015.02.19 06:53:59.194,0.95249,0.95256,1.10,1.00
2015.02.19 06:53:59.447,0.95245,0.95254,1.75,1.00
2015.02.19 06:53:59.498,0.95243,0.95254,4.01,1.00
2015.02.19 06:53:59.650,0.95243,0.95252,2.51,1.00
2015.02.19 06:54:01.798,0.95245,0.95252,1.50,1.00
2015.02.19 06:54:02.966,0.95248,0.95252,1.00,1.00
2015.02.19 06:54:03.018,0.95248,0.95254,1.10,1.00
2015.02.19 06:54:03.524,0.95248,0.95255,1.00,1.00
2015.02.19 06:54:04.429,0.95246,0.95255,1.10,1.00
2015.02.19 06:54:04.946,0.95247,0.95255,1.50,1.00
2015.02.19 06:54:05.478,0.95246,0.95255,1.01,1.00
2015.02.19 06:54:06.087,0.95248,0.95255,1.00,1.00
2015.02.19 06:54:06.849,0.95249,0.95255,1.00,1.00
2015.02.19 06:54:07.152,0.9525,0.95255,1.12,1.00
2015.02.19 06:54:11.314,0.9525,0.95257,1.12,1.00
2015.02.19 06:54:18.315,0.9525,0.95257,2.25,1.00
2015.02.19 06:54:18.416,0.95252,0.95268,1.87,3.64
2015.02.19 06:54:18.920,0.95252,0.95268,1.87,1.25
2015.02.19 06:54:21.624,0.95249,0.95263,2.89,1.00
2015.02.19 06:54:21.826,0.95249,0.95254,1.12,1.00
2015.02.19 06:54:21.877,0.95247,0.95262,2.04,1.00
2015.02.19 06:54:21.927,0.95247,0.95252,1.39,1.00
2015.02.19 06:54:22.708,0.95246,0.95252,1.12,1.00
2015.02.19 06:54:23.213,0.95246,0.95256,1.12,1.00
2015.02.19 06:54:39.760,0.95246,0.95256,1.00,1.00
2015.02.19 06:54:41.840,0.95248,0.95259,1.09,1.00
2015.02.19 06:54:42.145,0.95247,0.95256,1.12,1.00
2015.02.19 06:54:43.485,0.95247,0.95256,2.00,1.00
2015.02.19 06:54:44.338,0.95247,0.95257,1.75,1.00
2015.02.19 06:54:58.797,0.95246,0.95257,1.69,1.00
2015.02.19 06:55:01.335,0.95248,0.95257,1.00,1.00
2015.02.19 06:55:01.487,0.95248,0.95261,1.57,1.00
2015.02.19 06:55:01.589,0.9525,0.95262,2.47,1.00
2015.02.19 06:55:01.996,0.95249,0.95261,1.00,1.10
2015.02.19 06:55:02.148,0.95246,0.95258,2.59,1.00
2015.02.19 06:55:02.249,0.9525,0.95261,1.00,1.57
2015.02.19 06:55:03.046,0.95247,0.95258,1.29,1.00
2015.02.19 06:55:04.342,0.95249,0.95258,1.00,1.00
2015.02.19 06:55:04.443,0.95249,0.95261,1.00,1.00
2015.02.19 06:55:04.596,0.9525,0.95261,3.22,1.00
2015.02.19 06:55:04.748,0.95253,0.95263,1.10,1.00
2015.02.19 06:55:05.000,0.95247,0.95261,1.94,1.00
2015.02.19 06:55:05.051,0.95247,0.95261,1.31,1.00
2015.02.19 06:55:05.102,0.95247,0.95259,1.39,1.00
2015.02.19 06:55:05.304,0.95249,0.95263,2.25,1.50
2015.02.19 06:55:05.405,0.95256,0.95263,1.00,1.00
2015.02.19 06:55:05.708,0.95266,0.95273,1.00,1.00
2015.02.19 06:55:06.011,0.9526,0.95271,1.69,1.00
2015.02.19 06:55:06.062,0.95257,0.95271,1.84,1.00
2015.02.19 06:55:06.365,0.9526,0.95272,1.00,1.00
2015.02.19 06:55:06.668,0.95255,0.95267,1.39,1.00
2015.02.19 06:55:06.769,0.95255,0.95267,1.39,1.00
2015.02.19 06:55:07.940,0.95257,0.95267,1.17,1.00
2015.02.19 06:55:08.309,0.95257,0.95269,1.00,1.00
2015.02.19 06:55:08.478,0.95255,0.95269,1.05,1.00
2015.02.19 06:55:08.529,0.95255,0.95266,1.05,1.00
2015.02.19 06:55:09.753,0.95252,0.95263,2.04,1.00
2015.02.19 06:55:09.804,0.95252,0.95263,1.20,1.00
2015.02.19 06:55:10.310,0.95252,0.95263,1.57,1.00
2015.02.19 06:55:10.814,0.95252,0.95263,1.12,1.00
2015.02.19 06:55:11.319,0.95252,0.95263,1.50,1.00
2015.02.19 06:55:32.682,0.95252,0.95263,1.31,1.50
2015.02.19 06:55:36.309,0.9525,0.95263,2.14,1.50
2015.02.19 06:55:36.360,0.9525,0.95261,2.14,1.00
2015.02.19 06:55:37.314,0.9525,0.95261,1.25,1.00
2015.02.19 06:55:37.822,0.9525,0.95261,1.25,1.12
2015.02.19 06:55:38.125,0.95249,0.95258,1.00,1.50
2015.02.19 06:55:38.227,0.95246,0.95258,3.37,1.50
2015.02.19 06:55:38.329,0.95246,0.95256,1.87,1.00
2015.02.19 06:55:38.633,0.95249,0.95256,1.00,1.00
2015.02.19 06:55:38.873,0.9525,0.9526,1.00,1.00
2015.02.19 06:55:39.403,0.95249,0.9526,1.00,1.00
2015.02.19 06:55:40.064,0.95249,0.9526,1.12,1.00
2015.02.19 06:55:43.116,0.95252,0.9526,1.00,1.00
2015.02.19 06:55:44.839,0.95248,0.9526,1.76,1.00
2015.02.19 06:55:44.891,0.95248,0.9526,1.39,1.00
2015.02.19 06:55:45.043,0.95247,0.95255,1.69,1.00
2015.02.19 06:55:45.144,0.95247,0.95259,1.57,1.00
2015.02.19 06:55:45.245,0.95249,0.95259,1.57,1.00
2015.02.19 06:55:45.549,0.95251,0.95262,1.65,1.00
2015.02.19 06:55:45.861,0.95253,0.95262,1.50,1.00
2015.02.19 06:55:46.164,0.95247,0.95256,1.37,1.00
2015.02.19 06:55:47.381,0.95247,0.9526,1.87,1.00
2015.02.19 06:55:47.533,0.95247,0.9526,3.97,1.00
2015.02.19 06:55:47.735,0.95245,0.95257,2.51,1.00
2015.02.19 06:55:48.139,0.95245,0.95254,1.50,1.00
2015.02.19 06:55:48.652,0.95243,0.95253,1.94,1.00
2015.02.19 06:55:49.161,0.95243,0.95254,1.75,1.00
2015.02.19 06:55:49.678,0.95243,0.95254,1.50,1.00
2015.02.19 06:55:50.189,0.95241,0.95252,2.06,1.00
2015.02.19 06:55:54.480,0.9524,0.95252,1.47,1.00
2015.02.19 06:55:54.682,0.95242,0.95252,1.12,1.00
2015.02.19 06:55:55.684,0.95246,0.95254,1.00,1.00
2015.02.19 06:55:56.089,0.95244,0.95254,1.20,1.00
2015.02.19 06:56:00.704,0.95244,0.95253,1.10,1.00
2015.02.19 06:56:00.957,0.9524,0.95251,2.00,1.00
2015.02.19 06:56:01.007,0.9524,0.95251,1.31,1.00
2015.02.19 06:56:01.398,0.9524,0.95248,1.31,1.00
2015.02.19 06:56:02.006,0.95241,0.95248,1.50,1.00
2015.02.19 06:56:02.057,0.95241,0.95251,1.50,1.00
2015.02.19 06:56:02.930,0.95242,0.95253,1.12,1.00
2015.02.19 06:56:03.082,0.95242,0.95253,3.00,1.00
2015.02.19 06:56:05.937,0.95242,0.95253,1.10,1.50
2015.02.19 06:56:05.988,0.95242,0.9525,1.10,1.00
2015.02.19 06:56:07.644,0.95242,0.95254,1.87,1.00
2015.02.19 06:56:07.896,0.95242,0.95254,1.87,1.00
2015.02.19 06:56:09.806,0.95242,0.95254,1.69,1.00
2015.02.19 06:56:10.368,0.95242,0.95253,1.62,1.00
2015.02.19 06:56:10.469,0.95241,0.95253,1.46,1.00
2015.02.19 06:56:10.974,0.95241,0.95253,1.65,1.00
2015.02.19 06:56:11.398,0.95241,0.95251,1.50,1.00
2015.02.19 06:56:11.449,0.95241,0.95251,1.00,1.00
2015.02.19 06:56:12.050,0.95239,0.95251,2.44,1.00
2015.02.19 06:56:15.397,0.9524,0.95251,1.47,1.00
2015.02.19 06:56:15.498,0.95242,0.95251,1.12,1.00
2015.02.19 06:56:15.676,0.95242,0.95253,1.50,1.00
2015.02.19 06:56:18.388,0.95241,0.95252,2.44,1.00
2015.02.19 06:56:18.489,0.95241,0.95252,1.57,1.00
2015.02.19 06:56:22.536,0.9524,0.95252,1.69,1.50
2015.02.19 06:56:22.839,0.9524,0.95249,1.31,1.00
2015.02.19 06:56:23.195,0.95238,0.95249,1.22,1.00
2015.02.19 06:56:23.813,0.95237,0.95248,2.44,1.00
2015.02.19 06:56:24.782,0.95238,0.95249,1.31,1.00
2015.02.19 06:56:26.530,0.95238,0.95249,1.31,1.00
2015.02.19 06:56:27.620,0.95238,0.95249,1.31,1.00
2015.02.19 06:56:31.444,0.9524,0.95249,1.37,1.00
2015.02.19 06:56:31.961,0.9524,0.95249,2.06,1.00
2015.02.19 06:56:34.188,0.9524,0.95249,1.00,1.00
2015.02.19 06:56:49.116,0.9524,0.95251,1.31,1.00
2015.02.19 06:56:50.507,0.9524,0.95251,1.56,1.00
2015.02.19 06:56:53.583,0.9524,0.95251,1.62,1.00
2015.02.19 06:56:54.142,0.9524,0.9525,1.62,1.00
2015.02.19 06:56:54.193,0.9524,0.9525,1.31,1.00
2015.02.19 06:56:59.883,0.95239,0.9525,1.69,1.00
2015.02.19 06:57:03.569,0.95239,0.95252,1.69,1.00
2015.02.19 06:57:03.620,0.95241,0.95252,1.31,1.00
2015.02.19 06:57:05.989,0.9524,0.95252,1.50,1.00
2015.02.19 06:57:06.543,0.9524,0.95252,1.12,1.00
2015.02.19 06:57:08.685,0.9524,0.95247,1.12,1.00
2015.02.19 06:57:08.940,0.95238,0.95252,1.69,1.00
2015.02.19 06:57:09.796,0.95238,0.95252,1.69,1.00
2015.02.19 06:57:09.898,0.95238,0.95248,1.69,1.00
2015.02.19 06:57:10.127,0.95238,0.95252,1.69,1.00
2015.02.19 06:57:14.182,0.95237,0.95248,2.51,1.00
2015.02.19 06:57:21.299,0.95237,0.95248,1.77,1.00
2015.02.19 06:57:25.046,0.95238,0.95248,1.32,1.00
2015.02.19 06:57:26.023,0.95237,0.95248,1.84,1.00
2015.02.19 06:57:30.025,0.95237,0.95248,1.84,1.00
2015.02.19 06:57:35.032,0.95237,0.95248,1.94,1.00
2015.02.19 06:57:35.438,0.95238,0.95251,1.69,1.00
2015.02.19 06:57:35.489,0.95241,0.95251,1.37,1.00
2015.02.19 06:57:39.596,0.95242,0.95253,1.31,1.00
2015.02.19 06:57:39.748,0.95243,0.95253,1.31,1.00
2015.02.19 06:57:39.849,0.95245,0.95255,1.37,1.00
2015.02.19 06:57:39.950,0.95246,0.95257,1.12,1.00
2015.02.19 06:57:40.102,0.95246,0.95257,2.25,1.00
2015.02.19 06:57:40.203,0.95246,0.95254,1.00,1.00
2015.02.19 06:57:40.305,0.95243,0.95254,1.01,1.00
2015.02.19 06:57:40.843,0.95243,0.95253,1.10,1.50
2015.02.19 06:57:53.164,0.95242,0.95254,1.85,1.00
2015.02.19 06:57:53.368,0.95244,0.95257,1.50,1.00
2015.02.19 06:57:57.206,0.95244,0.95256,1.69,1.00
2015.02.19 06:57:57.308,0.95244,0.95253,1.19,1.00
2015.02.19 06:57:57.410,0.95243,0.95253,1.76,1.00
2015.02.19 06:57:58.581,0.95243,0.95253,1.75,1.00
2015.02.19 06:57:59.222,0.95243,0.95254,2.25,1.00
2015.02.19 06:57:59.748,0.95243,0.95255,2.44,1.00
2015.02.19 06:58:06.599,0.95243,0.95255,2.44,1.00
2015.02.19 06:58:06.985,0.95243,0.95253,2.44,1.00
2015.02.19 06:58:08.658,0.95243,0.95257,2.44,1.00
2015.02.19 06:58:08.865,0.95243,0.95253,2.44,1.00
2015.02.19 06:58:09.370,0.95243,0.95253,1.12,1.00
2015.02.19 06:58:12.419,0.95243,0.95255,1.12,1.00
2015.02.19 06:58:13.476,0.95241,0.95251,2.81,1.00
2015.02.19 06:58:16.775,0.95241,0.95253,1.87,1.00
2015.02.19 06:58:16.927,0.95241,0.95255,2.62,1.00
2015.02.19 06:58:17.453,0.95242,0.95255,1.75,1.00
2015.02.19 06:58:17.811,0.95242,0.95253,2.00,1.00
2015.02.19 06:58:19.043,0.95242,0.95253,2.89,1.00
2015.02.19 06:58:21.943,0.95242,0.95257,2.89,1.00
2015.02.19 06:58:25.094,0.95242,0.95257,2.89,1.00
2015.02.19 06:58:32.223,0.95243,0.95257,2.44,1.00
2015.02.19 06:58:32.526,0.95243,0.95253,1.94,1.00
2015.02.19 06:58:32.627,0.95243,0.95257,2.06,1.00
2015.02.19 06:58:38.677,0.95244,0.95253,1.75,1.00
2015.02.19 06:58:39.126,0.95244,0.95257,1.75,1.50
2015.02.19 06:58:39.901,0.95244,0.95253,2.00,1.00
2015.02.19 06:58:44.863,0.95244,0.95258,2.44,1.50
2015.02.19 06:58:45.634,0.95244,0.95253,2.00,1.00
2015.02.19 06:58:45.785,0.95239,0.95253,1.94,1.00
2015.02.19 06:58:45.886,0.95239,0.95253,1.69,1.00
2015.02.19 06:58:45.988,0.95239,0.95253,1.94,1.00
2015.02.19 06:58:46.190,0.95239,0.95253,1.69,1.00
2015.02.19 06:58:47.867,0.95239,0.95247,1.69,1.00
2015.02.19 06:58:47.969,0.95236,0.95248,1.29,1.00
2015.02.19 06:58:48.071,0.95235,0.95248,1.31,1.00
2015.02.19 06:58:48.173,0.95236,0.95243,1.00,1.00
2015.02.19 06:58:48.375,0.95233,0.95243,1.50,1.00
2015.02.19 06:58:48.792,0.95233,0.95247,1.87,1.10
2015.02.19 06:58:49.237,0.95235,0.95247,1.00,1.10
2015.02.19 06:58:49.947,0.95235,0.95248,1.12,1.12
2015.02.19 06:58:50.463,0.95235,0.95248,1.50,1.00
2015.02.19 06:59:04.533,0.95238,0.95248,1.00,1.00
2015.02.19 06:59:04.845,0.95238,0.95252,1.00,2.32
2015.02.19 06:59:04.946,0.95238,0.95252,3.00,1.65
2015.02.19 06:59:05.531,0.9524,0.95253,1.95,1.00
2015.02.19 06:59:06.402,0.9524,0.95254,1.95,1.00
2015.02.19 06:59:06.912,0.95241,0.95253,2.62,1.00
2015.02.19 06:59:10.821,0.95241,0.95254,1.69,1.00
2015.02.19 06:59:11.385,0.95245,0.95254,1.12,1.00
2015.02.19 06:59:11.486,0.95246,0.95258,1.47,1.12
2015.02.19 06:59:11.637,0.95246,0.95259,1.20,1.00
2015.02.19 06:59:12.547,0.95246,0.95258,1.39,1.00
2015.02.19 06:59:14.444,0.95244,0.95256,2.51,1.00
2015.02.19 06:59:14.596,0.95244,0.95256,1.87,1.00
2015.02.19 06:59:18.920,0.95245,0.95258,1.10,1.87
2015.02.19 06:59:20.172,0.95246,0.95258,1.00,1.87
2015.02.19 06:59:21.096,0.95246,0.95258,1.00,1.50
2015.02.19 06:59:22.382,0.95247,0.95257,1.00,1.00
2015.02.19 06:59:22.818,0.95249,0.95258,1.00,1.50
2015.02.19 06:59:23.372,0.95247,0.95258,1.00,1.50
2015.02.19 06:59:23.883,0.95246,0.95258,1.00,1.50
2015.02.19 06:59:27.770,0.95247,0.95258,1.00,1.50
2015.02.19 06:59:28.301,0.95248,0.95258,1.00,1.50
2015.02.19 06:59:30.410,0.9525,0.95258,1.00,1.50
2015.02.19 06:59:35.153,0.95248,0.95258,1.07,1.00
2015.02.19 06:59:35.892,0.9525,0.95258,1.00,1.00
2015.02.19 06:59:42.402,0.9525,0.9526,1.00,1.00
2015.02.19 06:59:47.621,0.9525,0.95258,1.00,1.00
2015.02.19 06:59:47.672,0.95246,0.95258,2.06,1.00
2015.02.19 06:59:47.975,0.95246,0.95255,1.00,1.00
2015.02.19 06:59:48.661,0.95246,0.95258,1.00,1.50
2015.02.19 06:59:57.921,0.9525,0.95258,1.00,1.50
2015.02.19 06:59:58.124,0.9525,0.9526,1.00,1.00
2015.02.19 06:59:58.225,0.9525,0.95263,1.00,1.25
2015.02.19 06:59:58.751,0.95251,0.95263,1.00,1.25
2015.02.19 06:59:59.811,0.95249,0.95263,1.00,1.00
