2009.01.15 21:00:02.001,0.71745,0.71795,1.20,1.40
2009.01.15 21:00:03.431,0.7175,0.71795,1.20,1.40
2009.01.15 21:00:04.160,0.71745,0.71795,1.20,1.40
2009.01.15 21:00:05.210,0.7175,0.718,1.20,1.40
2009.01.15 21:00:07.919,0.7175,0.71805,1.20,1.40
2009.01.15 21:00:13.108,0.7176,0.71815,1.20,1.40
2009.01.15 21:00:13.898,0.7176,0.7181,1.20,1.40
2009.01.15 21:00:14.748,0.7175,0.718,1.20,1.40
2009.01.15 21:00:15.338,0.7176,0.71805,1.20,6.20
2009.01.15 21:00:19.777,0.7175,0.718,1.20,1.40
2009.01.15 21:00:21.306,0.71745,0.71795,1.20,1.40
2009.01.15 21:00:25.645,0.7175,0.71795,1.20,1.40
2009.01.15 21:00:27.555,0.7173,0.71785,2.40,1.40
2009.01.15 21:00:27.845,0.71725,0.71785,8.80,1.40
2009.01.15 21:00:28.015,0.71725,0.71785,1.20,1.40
2009.01.15 21:00:30.404,0.7173,0.71785,1.20,1.40
2009.01.15 21:00:32.134,0.71725,0.71785,1.20,1.40
2009.01.15 21:00:32.704,0.7174,0.71785,1.20,1.40
2009.01.15 21:00:33.753,0.7174,0.71795,1.20,1.40
2009.01.15 21:00:34.783,0.7174,0.71785,1.20,1.40
2009.01.15 21:00:40.093,0.71745,0.71795,1.20,1.40
2009.01.15 21:00:41.901,0.7174,0.71785,1.20,1.40
2009.01.15 21:00:42.411,0.71745,0.7179,1.20,1.40
2009.01.15 21:00:46.320,0.71735,0.7178,1.20,1.40
2009.01.15 21:00:47.280,0.71745,0.7179,1.20,1.40
2009.01.15 21:00:52.379,0.7173,0.71785,1.20,1.40
2009.01.15 21:00:58.167,0.7171,0.71785,3.40,1.40
2009.01.15 21:00:58.457,0.7171,0.7179,3.40,2.00
2009.01.15 21:00:58.797,0.7173,0.7179,1.20,1.00
2009.01.15 21:00:59.197,0.7173,0.71795,1.20,1.40
2009.01.15 21:01:01.406,0.71725,0.71775,1.20,1.40
2009.01.15 21:01:02.397,0.71725,0.7177,1.20,1.40
2009.01.15 21:01:05.216,0.71705,0.71765,1.20,1.40
2009.01.15 21:01:06.135,0.7171,0.7177,1.20,1.00
2009.01.15 21:01:06.485,0.7171,0.71775,1.20,8.00
2009.01.15 21:01:06.705,0.7171,0.7178,1.20,1.00
2009.01.15 21:01:12.444,0.7171,0.71785,1.20,1.40
2009.01.15 21:01:13.344,0.7171,0.7179,1.20,2.00
2009.01.15 21:01:13.644,0.7171,0.71775,1.20,1.40
2009.01.15 21:01:13.874,0.7171,0.7177,1.20,1.40
2009.01.15 21:01:24.481,0.7168,0.7178,9.60,1.40
2009.01.15 21:01:24.541,0.7169,0.7179,1.60,9.40
2009.01.15 21:01:24.891,0.7169,0.71785,1.60,8.00
2009.01.15 21:01:25.241,0.71705,0.7178,1.20,1.40
2009.01.15 21:01:30.599,0.7174,0.71805,1.20,1.40
2009.01.15 21:01:47.985,0.7174,0.71805,1.20,9.40
2009.01.15 21:01:48.215,0.71735,0.7179,1.20,1.40
2009.01.15 21:01:58.753,0.71725,0.71785,1.20,1.40
2009.01.15 21:01:58.983,0.71715,0.7177,1.20,1.40
2009.01.15 21:02:01.922,0.71725,0.7178,1.20,1.40
2009.01.15 21:02:02.402,0.71725,0.71785,1.20,1.40
2009.01.15 21:02:02.682,0.71725,0.7178,1.20,1.40
2009.01.15 21:02:03.441,0.71725,0.71785,1.20,1.40
2009.01.15 21:02:05.921,0.71725,0.71785,1.20,9.40
2009.01.15 21:02:06.211,0.71715,0.7177,1.20,1.40
2009.01.15 21:02:07.980,0.7172,0.7178,1.20,1.40
2009.01.15 21:02:08.861,0.7172,0.71785,1.20,1.40
2009.01.15 21:02:09.320,0.7172,0.7179,1.20,1.40
2009.01.15 21:02:18.049,0.7172,0.7178,1.20,1.40
2009.01.15 21:02:24.786,0.71715,0.71785,1.20,1.40
2009.01.15 21:02:26.696,0.7171,0.7178,2.60,1.40
2009.01.15 21:02:26.866,0.7171,0.7178,1.20,1.40
2009.01.15 21:02:28.055,0.7172,0.7179,1.20,9.40
2009.01.15 21:02:28.216,0.71715,0.7179,1.20,9.40
2009.01.15 21:02:28.767,0.71715,0.7179,1.20,1.40
2009.01.15 21:02:29.895,0.71725,0.7179,1.20,1.40
2009.01.15 21:02:30.685,0.71725,0.71785,1.20,1.40
2009.01.15 21:02:31.045,0.71725,0.71795,1.20,1.40
2009.01.15 21:02:31.275,0.71715,0.71785,1.20,1.40
2009.01.15 21:02:31.495,0.71715,0.71785,8.80,1.40
2009.01.15 21:02:31.725,0.71715,0.71785,1.20,1.40
2009.01.15 21:02:34.844,0.7172,0.7179,1.20,1.40
2009.01.15 21:02:37.063,0.71715,0.71785,8.80,1.40
2009.01.15 21:02:37.283,0.71715,0.71785,1.20,1.40
2009.01.15 21:02:38.033,0.71715,0.71775,1.20,1.40
2009.01.15 21:02:40.742,0.71715,0.71785,1.20,1.40
2009.01.15 21:02:45.401,0.71715,0.7178,1.20,1.40
2009.01.15 21:02:47.851,0.71705,0.7178,1.20,1.40
2009.01.15 21:02:50.200,0.71705,0.71775,1.20,1.40
2009.01.15 21:02:53.000,0.71715,0.7178,1.20,1.40
2009.01.15 21:02:53.230,0.7171,0.7178,1.20,1.40
2009.01.15 21:02:54.519,0.71715,0.71785,1.20,1.40
2009.01.15 21:02:56.499,0.71735,0.7179,1.20,1.40
2009.01.15 21:02:57.029,0.7174,0.71795,1.20,1.40
2009.01.15 21:02:57.189,0.7174,0.718,1.20,1.40
2009.01.15 21:03:02.547,0.7173,0.71785,1.20,1.40
2009.01.15 21:03:05.317,0.71745,0.718,1.20,1.40
2009.01.15 21:03:09.276,0.7174,0.71795,3.40,1.40
2009.01.15 21:03:09.516,0.7174,0.71795,1.20,1.40
2009.01.15 21:03:09.855,0.7175,0.71805,1.20,1.40
2009.01.15 21:03:11.545,0.71745,0.718,1.20,1.40
2009.01.15 21:03:12.305,0.7175,0.71805,1.20,1.40
2009.01.15 21:03:13.065,0.7174,0.71795,3.40,1.40
2009.01.15 21:03:13.505,0.7174,0.71795,1.20,1.40
2009.01.15 21:03:14.024,0.7175,0.71805,1.20,1.40
2009.01.15 21:03:18.174,0.7174,0.71795,3.40,1.40
2009.01.15 21:03:18.404,0.7174,0.71795,1.20,1.40
2009.01.15 21:03:18.913,0.71735,0.7179,1.20,1.40
2009.01.15 21:03:19.543,0.7173,0.71785,1.20,1.40
2009.01.15 21:03:20.603,0.71735,0.7179,1.20,1.40
2009.01.15 21:03:23.102,0.7174,0.71795,1.20,1.40
2009.01.15 21:03:23.492,0.71745,0.718,1.20,1.40
2009.01.15 21:03:23.842,0.7174,0.71795,1.20,1.40
2009.01.15 21:03:24.232,0.71745,0.718,3.40,1.40
2009.01.15 21:03:25.352,0.7175,0.71805,3.40,1.40
2009.01.15 21:03:30.001,0.71755,0.7181,3.40,1.40
2009.01.15 21:03:32.470,0.71755,0.7181,1.20,1.40
2009.01.15 21:03:34.190,0.71755,0.7181,3.40,1.40
2009.01.15 21:03:37.179,0.71755,0.7181,1.20,1.40
2009.01.15 21:03:37.639,0.7175,0.71805,1.20,1.40
2009.01.15 21:03:38.359,0.71755,0.7181,1.20,1.40
2009.01.15 21:03:42.118,0.7176,0.71815,1.20,1.40
2009.01.15 21:03:44.117,0.71775,0.7183,1.20,1.40
2009.01.15 21:03:44.348,0.71775,0.71835,1.20,1.40
2009.01.15 21:03:44.707,0.71765,0.7183,10.40,1.40
2009.01.15 21:03:44.877,0.71765,0.7182,8.00,1.00
2009.01.15 21:03:45.337,0.7175,0.7182,1.20,1.00
2009.01.15 21:03:45.577,0.71765,0.71855,2.40,1.00
2009.01.15 21:03:45.987,0.71765,0.7186,2.40,1.00
2009.01.15 21:03:47.527,0.7175,0.71835,2.40,1.00
2009.01.15 21:03:48.506,0.71775,0.71835,1.20,1.00
2009.01.15 21:03:48.906,0.71775,0.71845,1.20,1.40
2009.01.15 21:03:56.084,0.7179,0.71845,1.20,1.40
2009.01.15 21:03:57.294,0.71795,0.7185,1.20,1.40
2009.01.15 21:03:57.754,0.7179,0.71845,1.20,1.40
2009.01.15 21:03:59.853,0.71805,0.7186,1.20,1.40
2009.01.15 21:04:00.193,0.71795,0.71845,2.40,1.40
2009.01.15 21:04:00.433,0.7179,0.71845,1.20,1.40
2009.01.15 21:04:00.893,0.71785,0.7184,1.20,1.40
2009.01.15 21:04:01.293,0.7178,0.71835,1.20,1.40
2009.01.15 21:04:01.413,0.7177,0.71835,2.40,1.40
2009.01.15 21:04:01.763,0.7176,0.71835,3.40,1.40
2009.01.15 21:04:03.093,0.7177,0.7184,1.20,2.00
2009.01.15 21:04:03.263,0.7177,0.7184,1.20,1.40
2009.01.15 21:04:04.302,0.71765,0.71835,2.40,1.40
2009.01.15 21:04:04.712,0.7176,0.71835,3.40,1.40
2009.01.15 21:04:06.802,0.7177,0.7184,1.20,2.00
2009.01.15 21:04:06.862,0.7177,0.7184,1.20,1.40
2009.01.15 21:04:07.362,0.71775,0.7184,1.20,1.40
2009.01.15 21:04:09.121,0.71775,0.71845,1.20,1.40
2009.01.15 21:04:11.231,0.71765,0.7184,3.40,1.40
2009.01.15 21:04:12.280,0.71765,0.7183,3.40,1.40
2009.01.15 21:04:12.460,0.71765,0.7183,1.20,1.40
2009.01.15 21:04:17.639,0.7177,0.7183,1.20,1.40
2009.01.15 21:04:17.819,0.71765,0.7183,3.40,1.40
2009.01.15 21:04:17.999,0.71765,0.7183,1.20,1.40
2009.01.15 21:04:21.408,0.7178,0.71835,1.20,1.40
2009.01.15 21:04:26.007,0.7178,0.71835,1.20,2.00
2009.01.15 21:04:26.177,0.7177,0.71825,1.20,1.40
2009.01.15 21:04:27.707,0.71775,0.7183,1.20,1.40
2009.01.15 21:04:30.046,0.7178,0.7184,1.20,1.40
2009.01.15 21:04:31.616,0.71775,0.7183,1.20,1.40
2009.01.15 21:04:31.895,0.71765,0.7182,3.40,1.40
2009.01.15 21:04:32.126,0.71765,0.7182,1.20,1.40
2009.01.15 21:04:32.706,0.71775,0.7183,1.20,1.40
2009.01.15 21:04:38.054,0.71765,0.7182,3.40,1.40
2009.01.15 21:04:38.454,0.71765,0.7182,1.20,1.40
2009.01.15 21:04:46.352,0.71755,0.7181,8.80,1.40
2009.01.15 21:04:46.522,0.71755,0.7181,1.20,1.40
2009.01.15 21:04:47.032,0.7177,0.71825,1.20,1.40
2009.01.15 21:04:47.382,0.7176,0.71815,3.40,1.40
2009.01.15 21:04:47.722,0.7176,0.71815,1.20,1.40
2009.01.15 21:04:59.859,0.71765,0.7182,1.20,1.40
2009.01.15 21:05:07.687,0.71775,0.7183,1.20,1.40
2009.01.15 21:05:12.596,0.71765,0.7182,3.40,1.40
2009.01.15 21:05:13.046,0.7177,0.71825,1.20,1.40
2009.01.15 21:05:18.405,0.71765,0.7182,1.20,1.40
2009.01.15 21:05:29.352,0.71775,0.71825,1.20,1.00
2009.01.15 21:05:29.412,0.71775,0.7183,1.20,10.00
2009.01.15 21:05:29.473,0.71775,0.7183,1.20,9.40
2009.01.15 21:05:29.832,0.71775,0.7183,1.20,1.40
2009.01.15 21:05:30.062,0.7178,0.71835,1.20,1.40
2009.01.15 21:05:31.152,0.71785,0.7184,1.20,1.40
2009.01.15 21:05:33.161,0.7179,0.71845,1.20,1.40
2009.01.15 21:05:38.629,0.71785,0.7184,1.20,1.40
2009.01.15 21:05:47.147,0.71775,0.7183,1.20,1.40
2009.01.15 21:06:56.151,0.71765,0.71815,2.40,1.40
2009.01.15 21:06:56.501,0.7176,0.71815,1.20,1.40
2009.01.15 21:07:05.139,0.71765,0.7182,1.20,1.40
2009.01.15 21:07:05.259,0.7176,0.71815,1.20,1.40
2009.01.15 21:07:06.098,0.71765,0.7182,1.20,1.40
2009.01.15 21:07:07.788,0.7176,0.71815,1.20,1.40
2009.01.15 21:07:11.417,0.71765,0.7182,1.20,1.40
2009.01.15 21:07:18.765,0.71765,0.71815,1.20,1.40
2009.01.15 21:07:22.364,0.7176,0.71815,1.20,1.40
2009.01.15 21:07:42.900,0.7176,0.71815,1.20,1.40
2009.01.15 21:07:44.719,0.7176,0.7181,1.20,1.40
2009.01.15 21:07:48.998,0.71745,0.718,7.20,1.40
2009.01.15 21:07:49.118,0.71745,0.7179,4.80,1.00
2009.01.15 21:07:49.518,0.71745,0.71785,4.80,1.00
2009.01.15 21:07:49.578,0.71745,0.71785,3.60,1.00
2009.01.15 21:07:51.547,0.71745,0.718,3.60,2.00
2009.01.15 21:08:07.413,0.71745,0.718,3.60,1.40
2009.01.15 21:08:11.353,0.71755,0.71805,1.20,1.40
2009.01.15 21:08:22.910,0.71755,0.7181,1.20,1.40
2009.01.15 21:08:31.998,0.7177,0.7182,1.20,2.80
2009.01.15 21:08:32.278,0.7177,0.7182,1.20,1.40
2009.01.15 21:08:32.518,0.7176,0.71815,1.20,1.40
2009.01.15 21:08:34.337,0.71765,0.7181,1.20,1.40
2009.01.15 21:08:48.124,0.71765,0.7181,1.20,2.80
2009.01.15 21:08:48.414,0.7175,0.71795,1.20,1.40
2009.01.15 21:08:48.594,0.71765,0.71815,1.20,1.40
2009.01.15 21:08:48.764,0.71765,0.71815,1.20,9.40
2009.01.15 21:08:49.184,0.71765,0.71815,1.20,1.40
2009.01.15 21:08:51.913,0.7176,0.71805,1.20,1.40
2009.01.15 21:08:54.892,0.71755,0.718,1.20,1.40
2009.01.15 21:09:00.031,0.7176,0.71805,1.20,1.40
2009.01.15 21:09:01.421,0.71755,0.718,1.20,1.40
2009.01.15 21:09:01.711,0.7175,0.71795,1.20,1.40
2009.01.15 21:09:02.010,0.71745,0.7178,3.60,1.40
2009.01.15 21:09:02.131,0.71745,0.71775,3.60,1.40
2009.01.15 21:09:02.700,0.71745,0.71775,1.40,1.40
2009.01.15 21:09:03.040,0.71745,0.71785,1.40,1.00
2009.01.15 21:09:03.270,0.71745,0.71775,1.40,2.00
2009.01.15 21:09:03.670,0.71745,0.71775,1.40,1.00
2009.01.15 21:09:03.840,0.71745,0.71785,1.40,1.00
2009.01.15 21:09:05.800,0.71745,0.7179,1.40,1.00
2009.01.15 21:09:08.039,0.71745,0.71795,1.40,1.00
2009.01.15 21:09:10.618,0.71745,0.718,1.40,1.40
2009.01.15 21:09:15.877,0.71745,0.71805,1.40,1.40
2009.01.15 21:09:16.577,0.71745,0.718,1.40,1.40
2009.01.15 21:09:16.747,0.71745,0.718,1.40,2.80
2009.01.15 21:09:17.087,0.71745,0.718,1.40,2.00
2009.01.15 21:09:22.405,0.71745,0.718,1.40,2.80
2009.01.15 21:09:23.475,0.71745,0.718,1.40,1.40
2009.01.15 21:09:23.595,0.71745,0.71805,2.40,1.40
2009.01.15 21:09:24.685,0.71745,0.7179,1.40,1.40
2009.01.15 21:09:25.085,0.71745,0.71785,1.40,1.40
2009.01.15 21:09:30.413,0.71745,0.7181,1.40,2.00
2009.01.15 21:09:30.883,0.71745,0.7181,1.40,1.40
2009.01.15 21:09:32.694,0.71745,0.71785,1.40,1.40
2009.01.15 21:09:34.053,0.71745,0.7179,1.40,1.40
2009.01.15 21:09:36.692,0.71745,0.71795,1.40,1.40
2009.01.15 21:09:37.722,0.71745,0.718,1.40,1.40
2009.01.15 21:09:43.640,0.71745,0.71795,1.40,1.40
2009.01.15 21:09:48.409,0.71745,0.718,1.40,2.00
2009.01.15 21:09:48.529,0.71745,0.718,1.40,1.40
2009.01.15 21:09:55.148,0.71745,0.71795,1.40,1.40
2009.01.15 21:10:00.736,0.71745,0.718,1.40,1.40
2009.01.15 21:10:04.985,0.71745,0.71805,2.40,1.40
2009.01.15 21:10:07.275,0.71755,0.7181,1.20,1.40
2009.01.15 21:10:07.615,0.71755,0.71815,1.20,1.40
2009.01.15 21:10:07.735,0.71745,0.71805,5.00,1.40
2009.01.15 21:10:08.235,0.71745,0.71805,2.40,1.40
2009.01.15 21:10:11.444,0.71745,0.718,1.40,1.40
2009.01.15 21:10:15.363,0.71755,0.71815,1.20,9.40
2009.01.15 21:10:15.642,0.71755,0.71815,1.20,1.40
2009.01.15 21:10:15.823,0.71745,0.71805,5.00,1.40
2009.01.15 21:10:16.223,0.71745,0.71805,2.40,1.40
2009.01.15 21:10:17.922,0.71755,0.7181,1.20,1.40
2009.01.15 21:10:24.791,0.7176,0.7181,1.20,1.40
2009.01.15 21:10:29.080,0.7177,0.7182,1.20,1.40
2009.01.15 21:10:39.467,0.71765,0.71815,1.20,1.40
2009.01.15 21:10:43.226,0.71755,0.71795,1.20,1.40
2009.01.15 21:10:44.086,0.7175,0.7179,1.20,1.40
2009.01.15 21:10:49.484,0.71755,0.71795,1.20,1.40
2009.01.15 21:10:49.654,0.7176,0.71815,1.20,10.00
2009.01.15 21:10:49.874,0.71765,0.71815,1.20,2.00
2009.01.15 21:10:50.054,0.71765,0.71815,1.20,1.40
2009.01.15 21:10:56.863,0.71745,0.7181,4.00,1.40
2009.01.15 21:10:56.923,0.71745,0.7181,1.40,1.40
2009.01.15 21:10:59.752,0.71745,0.71805,1.40,1.40
2009.01.15 21:11:01.421,0.71745,0.718,1.40,1.40
2009.01.15 21:11:02.001,0.71745,0.7178,1.40,1.40
2009.01.15 21:11:17.518,0.71745,0.71785,2.40,1.40
2009.01.15 21:11:18.097,0.71745,0.71775,1.40,1.40
2009.01.15 21:11:22.876,0.71745,0.7178,1.40,1.40
2009.01.15 21:11:23.726,0.7175,0.7179,1.20,1.40
2009.01.15 21:11:46.901,0.71745,0.7178,1.40,1.40
2009.01.15 21:11:48.790,0.71745,0.71765,1.40,1.40
2009.01.15 21:11:49.710,0.71745,0.71775,1.40,1.40
2009.01.15 21:11:55.359,0.71745,0.7178,1.40,1.40
2009.01.15 21:12:05.616,0.71745,0.71765,1.40,1.40
2009.01.15 21:12:07.666,0.71745,0.7177,1.40,1.40
2009.01.15 21:12:17.933,0.71745,0.71775,1.40,1.40
2009.01.15 21:12:27.561,0.71745,0.7178,1.40,1.40
2009.01.15 21:12:27.911,0.71745,0.71785,1.40,1.40
2009.01.15 21:12:33.479,0.71745,0.71785,2.40,1.40
2009.01.15 21:12:40.698,0.71745,0.7177,1.40,1.40
2009.01.15 21:13:01.893,0.71745,0.7178,1.40,1.40
2009.01.15 21:13:04.112,0.71745,0.71785,1.40,1.40
2009.01.15 21:13:22.467,0.71745,0.7179,2.40,1.40
2009.01.15 21:13:23.458,0.71745,0.71785,1.40,1.40
2009.01.15 21:13:25.037,0.71745,0.7178,1.40,1.40
2009.01.15 21:13:29.186,0.71745,0.71785,1.40,1.40
2009.01.15 21:13:29.296,0.71745,0.71785,1.40,2.00
2009.01.15 21:13:29.526,0.71745,0.71785,1.40,1.40
2009.01.15 21:13:37.804,0.71745,0.71785,2.40,1.40
2009.01.15 21:13:39.683,0.71745,0.7178,1.40,1.40
2009.01.15 21:13:42.053,0.71745,0.71775,1.40,1.40
2009.01.15 21:13:43.152,0.71745,0.7178,1.40,1.40
2009.01.15 21:13:44.652,0.71745,0.71775,1.40,1.40
2009.01.15 21:13:49.111,0.71745,0.7178,1.40,2.00
2009.01.15 21:13:49.401,0.71745,0.71785,1.40,1.40
2009.01.15 21:14:20.484,0.71745,0.7179,1.40,1.40
2009.01.15 21:14:22.223,0.71745,0.7178,1.40,1.40
2009.01.15 21:14:23.793,0.71745,0.71775,1.40,1.40
2009.01.15 21:14:28.372,0.71745,0.7178,1.40,1.40
2009.01.15 21:14:32.341,0.71745,0.7177,1.40,1.40
2009.01.15 21:14:33.320,0.71745,0.71775,1.40,1.40
2009.01.15 21:14:37.059,0.71745,0.71785,2.40,1.40
2009.01.15 21:14:37.399,0.71745,0.71775,1.40,1.40
2009.01.15 21:14:39.499,0.71745,0.7178,1.40,1.40
2009.01.15 21:14:44.717,0.71745,0.71775,1.40,1.40
2009.01.15 21:14:49.986,0.71745,0.7177,1.40,1.40
2009.01.15 21:14:52.356,0.71745,0.71765,1.40,1.40
2009.01.15 21:14:53.105,0.71745,0.7176,1.40,1.40
2009.01.15 21:15:29.537,0.71745,0.7176,1.40,1.40
2009.01.15 21:15:33.286,0.71745,0.71755,1.40,1.40
2009.01.15 21:15:35.285,0.71745,0.7175,1.40,1.40
2009.01.15 21:15:54.211,0.717,0.7175,1.20,1.40
2009.01.15 21:15:56.180,0.71715,0.71755,1.20,1.40
2009.01.15 21:15:56.760,0.7172,0.7176,1.20,1.40
2009.01.15 21:15:57.850,0.71715,0.71755,1.20,1.40
2009.01.15 21:15:59.869,0.7171,0.7175,1.20,1.40
2009.01.15 21:16:02.089,0.71705,0.71745,1.20,1.40
2009.01.15 21:16:04.458,0.7171,0.7175,1.20,1.40
2009.01.15 21:16:15.126,0.71705,0.71745,1.20,1.40
2009.01.15 21:16:18.255,0.717,0.7174,1.20,1.40
2009.01.15 21:16:22.584,0.71705,0.71745,1.20,1.40
2009.01.15 21:16:24.783,0.71695,0.71735,1.20,1.40
2009.01.15 21:16:29.502,0.7169,0.7173,1.20,1.40
2009.01.15 21:16:29.902,0.71685,0.71725,1.20,1.40
2009.01.15 21:16:34.511,0.7168,0.7171,2.40,1.40
2009.01.15 21:16:36.281,0.7168,0.7172,3.40,1.40
2009.01.15 21:16:36.751,0.7168,0.7171,2.40,1.40
2009.01.15 21:16:38.330,0.7167,0.7171,1.20,1.40
2009.01.15 21:16:39.020,0.71685,0.71725,1.20,1.40
2009.01.15 21:16:43.929,0.71695,0.71735,1.20,1.40
2009.01.15 21:16:49.277,0.71705,0.71755,1.20,1.40
2009.01.15 21:16:49.567,0.71705,0.71745,1.20,1.40
2009.01.15 21:16:50.897,0.71705,0.71755,1.20,1.40
2009.01.15 21:16:51.287,0.7171,0.7176,1.20,1.00
2009.01.15 21:16:55.026,0.7171,0.7178,1.20,1.00
2009.01.15 21:16:55.316,0.71715,0.7178,1.20,1.00
2009.01.15 21:16:55.376,0.71715,0.71785,1.20,2.00
2009.01.15 21:16:55.726,0.7171,0.71785,1.20,2.00
2009.01.15 21:17:04.174,0.71705,0.71755,1.20,1.40
2009.01.15 21:17:06.213,0.717,0.71755,1.20,1.40
2009.01.15 21:17:06.334,0.71705,0.71755,1.20,1.40
2009.01.15 21:17:21.660,0.71705,0.7175,1.20,1.40
2009.01.15 21:17:22.230,0.717,0.7175,1.20,1.40
2009.01.15 21:17:32.267,0.71705,0.7175,1.20,1.40
2009.01.15 21:17:49.643,0.7171,0.71755,1.20,2.00
2009.01.15 21:17:49.753,0.7171,0.71755,1.20,1.40
2009.01.15 21:17:52.622,0.71705,0.7175,1.20,1.40
2009.01.15 21:17:55.632,0.71705,0.71755,1.20,2.00
2009.01.15 21:17:55.972,0.71705,0.71755,1.20,1.40
2009.01.15 21:17:56.711,0.71705,0.7175,1.20,1.40
2009.01.15 21:18:02.480,0.717,0.71745,1.20,1.40
2009.01.15 21:18:03.000,0.71695,0.7174,1.20,1.40
2009.01.15 21:18:09.668,0.71695,0.7174,1.20,2.00
2009.01.15 21:18:09.788,0.71685,0.7173,1.20,1.40
2009.01.15 21:18:24.245,0.717,0.7174,1.20,1.40
2009.01.15 21:18:27.334,0.71695,0.71735,1.20,1.40
2009.01.15 21:18:27.674,0.7169,0.7173,1.20,1.40
2009.01.15 21:18:31.103,0.71695,0.71735,1.20,1.40
2009.01.15 21:18:32.852,0.7169,0.71735,1.20,1.40
2009.01.15 21:18:35.492,0.71685,0.71735,1.20,1.40
2009.01.15 21:18:37.931,0.7169,0.71735,1.20,1.40
2009.01.15 21:18:40.861,0.717,0.71735,2.40,1.40
2009.01.15 21:18:40.971,0.71715,0.7177,1.20,2.80
2009.01.15 21:18:41.261,0.71715,0.7177,1.20,1.40
2009.01.15 21:18:41.481,0.7172,0.71775,1.20,1.40
2009.01.15 21:18:43.290,0.7172,0.7177,1.20,1.40
2009.01.15 21:18:44.840,0.7172,0.71765,1.20,1.40
2009.01.15 21:18:50.278,0.71705,0.71755,1.20,1.40
2009.01.15 21:18:51.938,0.7171,0.71755,1.20,1.40
2009.01.15 21:18:56.947,0.71715,0.7176,1.20,1.40
2009.01.15 21:18:58.766,0.7171,0.71755,1.20,1.40
2009.01.15 21:18:58.996,0.7172,0.71765,1.20,1.40
2009.01.15 21:19:02.086,0.71715,0.71755,1.20,1.40
2009.01.15 21:19:02.255,0.7172,0.7176,1.20,1.40
2009.01.15 21:19:06.715,0.71715,0.71755,1.20,1.40
2009.01.15 21:19:16.892,0.71705,0.71755,1.20,1.40
2009.01.15 21:19:23.540,0.71715,0.71755,2.40,1.40
2009.01.15 21:19:23.650,0.71725,0.71775,1.20,1.40
2009.01.15 21:19:28.209,0.71715,0.71765,1.20,1.40
2009.01.15 21:19:28.649,0.71715,0.7177,1.20,1.40
2009.01.15 21:19:31.138,0.71735,0.7178,1.20,1.40
2009.01.15 21:19:32.279,0.7172,0.7177,2.40,1.40
2009.01.15 21:19:32.448,0.7171,0.71755,1.20,1.40
2009.01.15 21:19:32.778,0.7171,0.7175,1.20,1.40
2009.01.15 21:19:33.588,0.7171,0.7176,1.20,1.40
2009.01.15 21:19:34.418,0.71725,0.7177,1.20,1.40
2009.01.15 21:19:37.527,0.71735,0.71775,1.20,1.40
2009.01.15 21:19:39.836,0.7173,0.7177,1.20,1.40
2009.01.15 21:19:41.966,0.71735,0.71775,1.20,1.40
2009.01.15 21:19:46.815,0.7174,0.7178,1.20,1.40
2009.01.15 21:19:55.692,0.71725,0.7177,2.40,1.40
2009.01.15 21:19:56.202,0.7172,0.7177,1.20,1.40
2009.01.15 21:19:57.632,0.7174,0.7178,1.20,1.40
2009.01.15 21:20:02.421,0.7175,0.7179,1.20,1.40
2009.01.15 21:20:03.621,0.71755,0.71795,1.20,1.40
2009.01.15 21:20:05.810,0.7175,0.7179,1.20,1.40
2009.01.15 21:20:07.150,0.71755,0.71795,1.20,1.40
2009.01.15 21:20:13.928,0.7176,0.71805,1.20,1.40
2009.01.15 21:20:14.338,0.71765,0.71805,1.20,1.40
2009.01.15 21:20:33.203,0.71765,0.7181,1.20,1.40
2009.01.15 21:20:37.942,0.7177,0.7181,1.20,1.40
2009.01.15 21:20:42.191,0.71755,0.71795,3.40,1.40
2009.01.15 21:20:42.421,0.71755,0.71795,1.20,1.40
2009.01.15 21:20:43.351,0.7176,0.718,1.20,1.40
2009.01.15 21:20:50.909,0.71755,0.71795,1.20,1.40
2009.01.15 21:20:51.069,0.7176,0.718,1.20,1.40
2009.01.15 21:20:55.818,0.7175,0.7179,1.20,1.40
2009.01.15 21:20:58.437,0.71745,0.71785,1.20,1.40
2009.01.15 21:20:59.057,0.7175,0.7179,1.20,1.40
2009.01.15 21:21:01.217,0.71755,0.71795,1.20,1.40
2009.01.15 21:21:08.965,0.71765,0.7181,1.20,1.40
2009.01.15 21:21:09.305,0.7176,0.7181,1.20,1.40
2009.01.15 21:21:09.475,0.7176,0.7182,1.20,2.00
2009.01.15 21:21:09.705,0.71755,0.7182,1.20,3.40
2009.01.15 21:21:09.935,0.71755,0.7181,1.20,1.40
2009.01.15 21:21:10.165,0.71755,0.71815,1.20,8.60
2009.01.15 21:21:13.174,0.7174,0.7179,1.20,1.40
2009.01.15 21:21:23.332,0.7173,0.71785,1.20,1.40
2009.01.15 21:21:25.121,0.71745,0.71785,1.20,1.40
2009.01.15 21:21:26.581,0.7173,0.71785,3.40,1.40
2009.01.15 21:21:26.981,0.7173,0.71785,1.20,1.40
2009.01.15 21:21:28.730,0.7173,0.71775,1.20,1.40
2009.01.15 21:21:29.030,0.7174,0.7178,1.20,1.40
2009.01.15 21:21:30.989,0.71735,0.71775,1.20,1.40
2009.01.15 21:21:32.989,0.7173,0.7177,1.20,1.40
2009.01.15 21:21:35.728,0.71725,0.71765,1.20,1.40
2009.01.15 21:21:36.598,0.71735,0.71775,1.20,1.40
2009.01.15 21:21:41.607,0.7173,0.7177,1.20,1.40
2009.01.15 21:21:46.996,0.71725,0.71765,1.20,1.40
2009.01.15 21:22:04.552,0.7173,0.7177,1.20,1.40
2009.01.15 21:22:19.878,0.7172,0.7176,1.20,1.40
2009.01.15 21:22:28.276,0.71715,0.71755,1.20,1.40
2009.01.15 21:22:36.484,0.7172,0.7176,1.20,1.40
2009.01.15 21:23:27.701,0.7174,0.718,1.20,2.00
2009.01.15 21:23:27.761,0.7174,0.718,1.20,1.40
2009.01.15 21:23:31.510,0.71745,0.7179,1.20,1.40
2009.01.15 21:23:31.860,0.71745,0.718,1.20,2.00
2009.01.15 21:23:31.911,0.7174,0.7179,1.20,1.40
2009.01.15 21:23:41.268,0.71745,0.7179,1.20,1.40
2009.01.15 21:23:43.068,0.7175,0.71795,1.20,1.40
2009.01.15 21:24:21.468,0.71755,0.718,1.20,1.40
2009.01.15 21:24:26.947,0.7176,0.71805,1.20,1.40
2009.01.15 21:24:28.027,0.71755,0.718,1.20,1.40
2009.01.15 21:24:30.756,0.7176,0.718,1.20,1.40
2009.01.15 21:24:44.393,0.7176,0.71805,1.20,1.40
2009.01.15 21:25:03.998,0.71755,0.71795,1.20,1.40
2009.01.15 21:25:05.867,0.7176,0.718,1.20,1.40
2009.01.15 21:25:06.387,0.7176,0.71805,1.20,1.40
2009.01.15 21:25:11.176,0.71755,0.718,1.20,1.40
2009.01.15 21:25:21.754,0.7176,0.718,1.20,1.40
2009.01.15 21:25:23.643,0.7175,0.71795,1.20,1.40
2009.01.15 21:25:26.583,0.71735,0.71775,1.20,1.40
2009.01.15 21:25:27.612,0.7174,0.7178,1.20,1.40
2009.01.15 21:25:28.212,0.7174,0.71785,1.20,1.40
2009.01.15 21:25:28.432,0.71745,0.7179,1.20,1.40
2009.01.15 21:25:29.882,0.7174,0.7178,1.20,1.40
2009.01.15 21:25:30.512,0.7174,0.71785,1.20,1.40
2009.01.15 21:25:40.369,0.71755,0.71795,1.20,1.40
2009.01.15 21:25:40.539,0.7176,0.718,1.20,1.40
2009.01.15 21:25:40.884,0.7176,0.71805,1.20,1.40
2009.01.15 21:25:42.029,0.7176,0.718,1.20,1.40
2009.01.15 21:25:44.208,0.7174,0.7178,1.20,1.40
2009.01.15 21:25:45.808,0.7174,0.71785,1.20,1.40
2009.01.15 21:25:47.708,0.71745,0.71785,1.20,1.40
2009.01.15 21:25:48.447,0.7175,0.7179,1.20,1.40
2009.01.15 21:25:50.827,0.7174,0.71785,1.20,1.40
2009.01.15 21:25:51.686,0.7174,0.7178,1.20,1.40
2009.01.15 21:25:55.296,0.71735,0.7178,1.20,1.40
2009.01.15 21:26:04.963,0.71715,0.7177,1.20,1.40
2009.01.15 21:26:09.323,0.71705,0.7176,1.20,1.40
2009.01.15 21:26:09.612,0.71715,0.7176,1.20,1.40
2009.01.15 21:26:12.282,0.7172,0.7177,1.20,1.40
2009.01.15 21:26:12.632,0.71725,0.7177,1.20,1.40
2009.01.15 21:26:12.871,0.7173,0.71775,1.20,1.40
2009.01.15 21:26:14.821,0.7173,0.7179,1.20,1.40
2009.01.15 21:26:15.601,0.71715,0.718,10.40,2.00
2009.01.15 21:26:15.831,0.71715,0.71775,8.00,1.00
2009.01.15 21:26:16.181,0.7166,0.71775,10.40,1.00
2009.01.15 21:26:16.421,0.71665,0.7178,2.40,1.00
2009.01.15 21:26:20.499,0.71675,0.7176,10.40,1.00
2009.01.15 21:26:20.729,0.71675,0.7176,2.40,1.00
2009.01.15 21:26:22.629,0.71685,0.7174,1.20,1.40
2009.01.15 21:26:22.859,0.7169,0.71745,1.20,1.40
2009.01.15 21:26:27.468,0.71685,0.71745,1.20,1.40
2009.01.15 21:26:27.758,0.7169,0.71745,1.20,1.40
2009.01.15 21:26:28.617,0.717,0.71745,1.20,1.40
2009.01.15 21:26:36.916,0.717,0.7175,1.20,1.40
2009.01.15 21:26:37.426,0.717,0.7176,1.20,1.40
2009.01.15 21:26:37.486,0.717,0.71765,1.20,2.00
2009.01.15 21:26:37.705,0.717,0.71765,1.20,1.40
2009.01.15 21:26:37.935,0.71705,0.7177,1.20,1.40
2009.01.15 21:26:38.505,0.7171,0.71775,1.20,2.00
2009.01.15 21:26:38.685,0.7171,0.71775,1.20,1.40
2009.01.15 21:26:38.865,0.7171,0.7178,1.20,2.80
2009.01.15 21:26:39.435,0.71705,0.7178,1.20,2.00
2009.01.15 21:26:39.995,0.71705,0.7177,1.20,1.40
2009.01.15 21:26:45.693,0.71705,0.7177,1.20,2.00
2009.01.15 21:26:47.563,0.717,0.7177,1.20,2.00
2009.01.15 21:26:55.501,0.71705,0.7177,1.20,2.00
2009.01.15 21:26:55.611,0.71705,0.7177,1.20,1.40
2009.01.15 21:26:56.291,0.71695,0.7177,8.80,1.40
2009.01.15 21:26:56.581,0.71695,0.7177,1.20,1.40
2009.01.15 21:26:56.691,0.71695,0.71765,1.20,1.00
2009.01.15 21:26:57.491,0.7169,0.71765,1.20,1.00
2009.01.15 21:26:59.470,0.7169,0.7177,1.20,2.00
2009.01.15 21:27:00.550,0.7169,0.71765,1.20,1.00
2009.01.15 21:27:00.830,0.7169,0.7176,1.20,1.40
2009.01.15 21:27:02.789,0.7169,0.7176,1.20,2.00
2009.01.15 21:27:03.181,0.7169,0.7176,1.20,1.00
2009.01.15 21:27:04.749,0.71685,0.71745,1.20,1.40
2009.01.15 21:27:17.366,0.7169,0.7174,1.20,1.40
2009.01.15 21:27:38.781,0.71705,0.71745,1.20,1.40
2009.01.15 21:27:41.780,0.7169,0.7174,8.80,1.40
2009.01.15 21:27:42.000,0.7169,0.7174,1.20,1.40
2009.01.15 21:27:43.220,0.7169,0.7175,1.20,1.40
2009.01.15 21:27:43.889,0.7169,0.71755,1.20,1.40
2009.01.15 21:27:44.239,0.71685,0.7175,11.40,1.40
2009.01.15 21:27:44.519,0.71685,0.7175,8.80,1.40
2009.01.15 21:27:45.539,0.7169,0.71755,1.20,1.40
2009.01.15 21:27:47.848,0.717,0.71755,1.20,1.40
2009.01.15 21:27:48.718,0.71705,0.71765,1.20,2.00
2009.01.15 21:27:49.018,0.71705,0.71765,1.20,1.40
2009.01.15 21:28:17.371,0.717,0.71755,1.20,1.40
2009.01.15 21:28:21.370,0.71705,0.71755,1.20,1.40
2009.01.15 21:29:33.043,0.7172,0.71765,1.20,1.40
2009.01.15 21:29:42.911,0.71705,0.7176,11.40,1.40
2009.01.15 21:29:43.080,0.71705,0.7176,8.80,1.40
2009.01.15 21:29:46.360,0.7171,0.7178,1.20,1.00
2009.01.15 21:29:46.580,0.7171,0.71785,1.20,1.00
2009.01.15 21:29:52.119,0.7171,0.7177,1.20,1.40
2009.01.15 21:29:58.137,0.7171,0.71765,1.20,1.40
2009.01.15 21:29:59.527,0.7172,0.71765,1.20,1.40
2009.01.15 21:30:01.856,0.7172,0.7177,1.20,1.40
2009.01.15 21:30:11.104,0.71715,0.7177,1.20,1.40
2009.01.15 21:30:11.554,0.7171,0.7177,1.20,1.40
2009.01.15 21:30:11.844,0.71715,0.7177,1.20,1.40
2009.01.15 21:30:15.813,0.7172,0.7177,1.20,1.40
2009.01.15 21:30:24.371,0.71715,0.7176,1.20,1.40
2009.01.15 21:30:27.620,0.71705,0.71755,1.20,1.40
2009.01.15 21:30:28.250,0.7169,0.71755,3.40,1.40
2009.01.15 21:30:28.570,0.7169,0.71755,1.20,1.40
2009.01.15 21:30:29.010,0.71705,0.7176,1.20,1.40
2009.01.15 21:30:32.798,0.71705,0.71765,1.20,1.40
2009.01.15 21:30:33.128,0.71705,0.71775,1.20,2.00
2009.01.15 21:30:33.588,0.71705,0.71775,1.20,1.40
2009.01.15 21:30:35.178,0.71725,0.71775,1.20,1.40
2009.01.15 21:30:35.888,0.7172,0.7176,1.20,1.40
2009.01.15 21:30:38.677,0.717,0.7174,11.40,1.40
2009.01.15 21:30:39.137,0.717,0.7174,8.80,1.40
2009.01.15 21:30:39.237,0.717,0.7174,1.20,1.40
2009.01.15 21:30:39.357,0.7171,0.71745,1.20,1.40
2009.01.15 21:30:40.457,0.7172,0.7176,1.20,1.40
2009.01.15 21:30:48.005,0.71735,0.71775,1.20,1.40
2009.01.15 21:30:48.735,0.7173,0.7178,1.20,1.40
2009.01.15 21:30:48.965,0.7173,0.71785,1.20,1.40
2009.01.15 21:31:20.557,0.7173,0.71795,1.20,1.40
2009.01.15 21:31:21.137,0.7173,0.71785,1.20,1.40
2009.01.15 21:31:23.136,0.71735,0.71785,1.20,1.40
2009.01.15 21:31:41.762,0.7173,0.71775,1.20,1.40
2009.01.15 21:31:55.569,0.71725,0.7177,1.20,1.40
2009.01.15 21:32:08.615,0.7172,0.71765,1.20,1.40
2009.01.15 21:32:58.263,0.7172,0.7177,1.20,1.40
2009.01.15 21:33:02.153,0.71725,0.7177,1.20,1.40
2009.01.15 21:33:57.129,0.71745,0.7179,1.20,1.40
2009.01.15 21:34:04.548,0.71735,0.71785,1.20,1.40
2009.01.15 21:34:11.476,0.71745,0.7179,1.20,1.40
2009.01.15 21:34:22.133,0.71735,0.71785,1.20,1.40
2009.01.15 21:34:29.402,0.7174,0.71785,1.20,1.40
2009.01.15 21:34:43.818,0.7173,0.71775,1.20,1.40
2009.01.15 21:35:01.704,0.71725,0.7177,1.20,1.40
2009.01.15 21:35:01.874,0.7173,0.71775,1.20,1.40
2009.01.15 21:35:02.224,0.7174,0.7179,1.20,8.00
2009.01.15 21:35:02.524,0.7174,0.71795,1.20,1.00
2009.01.15 21:35:02.814,0.71745,0.71805,1.20,1.40
2009.01.15 21:35:02.983,0.7174,0.71785,1.20,1.40
2009.01.15 21:35:04.723,0.71745,0.71795,1.20,1.40
2009.01.15 21:35:21.179,0.7177,0.718,1.20,1.40
2009.01.15 21:35:21.349,0.7179,0.7182,1.20,1.00
2009.01.15 21:35:21.469,0.71775,0.71825,1.20,1.40
2009.01.15 21:35:21.809,0.71785,0.7183,1.20,1.40
2009.01.15 21:35:22.549,0.71775,0.71825,1.20,1.40
2009.01.15 21:35:26.638,0.7178,0.71825,1.20,1.40
2009.01.15 21:35:40.675,0.7178,0.71835,1.20,1.40
2009.01.15 21:35:43.034,0.71775,0.7183,1.20,1.40
2009.01.15 21:35:43.374,0.71775,0.7183,1.20,2.00
2009.01.15 21:35:44.065,0.71775,0.7183,1.20,1.40
2009.01.15 21:35:45.553,0.71765,0.7183,1.20,1.40
2009.01.15 21:35:46.063,0.71755,0.71825,2.40,1.40
2009.01.15 21:35:46.283,0.71745,0.71825,11.40,2.00
2009.01.15 21:35:46.743,0.71745,0.71825,3.40,2.00
2009.01.15 21:35:48.782,0.718,0.7184,1.20,9.40
2009.01.15 21:35:48.903,0.718,0.7188,1.20,1.40
2009.01.15 21:35:49.252,0.71765,0.7185,9.60,1.00
2009.01.15 21:35:49.362,0.71745,0.71815,2.40,1.40
2009.01.15 21:35:49.582,0.7172,0.71815,2.60,1.40
2009.01.15 21:35:49.702,0.7172,0.71815,1.20,1.40
2009.01.15 21:35:51.952,0.7175,0.718,1.00,1.40
2009.01.15 21:35:52.181,0.71785,0.71835,1.20,9.40
2009.01.15 21:35:52.461,0.71785,0.71835,1.20,8.00
2009.01.15 21:35:52.521,0.71785,0.71865,1.20,1.40
2009.01.15 21:35:54.271,0.7179,0.7184,1.20,1.40
2009.01.15 21:35:56.300,0.7179,0.71835,1.20,1.40
2009.01.15 21:35:56.690,0.7178,0.71815,2.40,1.40
2009.01.15 21:35:56.980,0.7177,0.71815,1.20,1.40
2009.01.15 21:35:57.780,0.71755,0.718,2.40,1.40
2009.01.15 21:35:58.070,0.7174,0.718,9.60,1.40
2009.01.15 21:35:58.240,0.71735,0.718,1.20,1.40
2009.01.15 21:35:59.180,0.7175,0.71805,1.20,1.40
2009.01.15 21:36:06.148,0.71765,0.7181,1.20,1.40
2009.01.15 21:36:09.757,0.7177,0.7181,1.20,1.40
2009.01.15 21:36:21.195,0.71765,0.7181,1.20,1.40
2009.01.15 21:36:27.823,0.7175,0.71805,3.40,1.40
2009.01.15 21:36:27.883,0.7175,0.71805,1.20,1.40
2009.01.15 21:36:28.863,0.71755,0.71825,1.20,8.60
2009.01.15 21:36:32.302,0.7175,0.71805,1.20,1.40
2009.01.15 21:36:33.591,0.71755,0.7183,1.20,1.00
2009.01.15 21:36:33.771,0.71755,0.71835,1.20,8.60
2009.01.15 21:36:33.891,0.71755,0.71835,1.20,1.00
2009.01.15 21:36:34.981,0.71755,0.7183,3.40,1.40
2009.01.15 21:36:35.261,0.71755,0.71825,1.20,1.00
2009.01.15 21:36:35.721,0.71755,0.7183,3.40,1.40
2009.01.15 21:36:36.121,0.71765,0.7183,2.40,1.40
2009.01.15 21:36:36.301,0.7177,0.7183,1.20,1.40
2009.01.15 21:36:37.051,0.71765,0.7181,2.40,1.40
2009.01.15 21:36:37.161,0.7176,0.7181,1.20,1.40
2009.01.15 21:36:42.669,0.71755,0.7181,3.40,1.40
2009.01.15 21:36:42.779,0.71755,0.7181,1.20,1.40
2009.01.15 21:36:51.317,0.71745,0.7179,3.40,1.40
2009.01.15 21:36:51.587,0.71745,0.7179,1.20,1.40
2009.01.15 21:36:59.965,0.71745,0.7179,1.60,1.40
2009.01.15 21:37:00.085,0.7176,0.71805,1.20,1.40
2009.01.15 21:37:01.455,0.71765,0.71805,1.20,1.40
2009.01.15 21:37:05.114,0.7177,0.71805,1.20,1.40
2009.01.15 21:37:05.344,0.71765,0.71805,1.20,1.40
2009.01.15 21:37:06.274,0.7175,0.7179,1.60,1.40
2009.01.15 21:37:06.613,0.71745,0.7179,1.20,1.40
2009.01.15 21:37:14.651,0.71755,0.71805,1.20,1.00
2009.01.15 21:37:15.121,0.71755,0.7181,1.20,1.40
2009.01.15 21:37:15.981,0.7175,0.718,1.20,1.40
2009.01.15 21:37:17.591,0.7175,0.71795,1.20,1.40
2009.01.15 21:37:18.111,0.71755,0.718,1.20,1.40
2009.01.15 21:37:21.700,0.7176,0.718,1.20,1.40
2009.01.15 21:37:29.438,0.7176,0.71795,1.20,1.40
2009.01.15 21:37:33.397,0.7176,0.718,1.20,1.40
2009.01.15 21:37:38.915,0.71755,0.718,1.20,1.40
2009.01.15 21:37:40.715,0.7174,0.718,2.60,1.40
2009.01.15 21:37:40.835,0.7174,0.718,1.20,1.40
2009.01.15 21:37:42.155,0.7173,0.718,2.60,1.40
2009.01.15 21:37:44.474,0.7172,0.71795,5.20,1.40
2009.01.15 21:37:44.694,0.7172,0.71795,2.60,1.40
2009.01.15 21:37:45.804,0.7173,0.718,1.20,2.00
2009.01.15 21:37:46.034,0.7173,0.718,2.60,1.40
2009.01.15 21:37:47.344,0.7172,0.71795,3.40,1.40
2009.01.15 21:37:47.394,0.7172,0.7179,1.20,1.00
2009.01.15 21:37:47.454,0.7172,0.71785,1.20,1.00
2009.01.15 21:37:53.812,0.7171,0.71765,1.60,1.40
2009.01.15 21:37:54.042,0.71705,0.71765,1.20,1.40
2009.01.15 21:37:54.662,0.71725,0.71775,1.20,1.40
2009.01.15 21:37:56.471,0.71745,0.71785,1.20,1.40
2009.01.15 21:37:56.651,0.71745,0.71795,1.20,1.40
2009.01.15 21:37:57.041,0.7174,0.7178,1.20,1.40
2009.01.15 21:37:57.452,0.7173,0.7178,1.20,1.40
2009.01.15 21:37:58.301,0.7173,0.7177,1.20,1.40
2009.01.15 21:37:59.780,0.71735,0.71775,1.20,1.40
2009.01.15 21:38:00.351,0.7174,0.7178,1.20,1.40
2009.01.15 21:38:02.070,0.71745,0.7178,1.20,1.40
2009.01.15 21:38:07.679,0.71745,0.71785,1.20,1.40
2009.01.15 21:38:29.953,0.7175,0.71785,1.20,1.40
2009.01.15 21:38:31.583,0.71745,0.7178,1.20,1.40
2009.01.15 21:38:34.093,0.7174,0.7178,1.20,1.40
2009.01.15 21:39:17.012,0.7173,0.7177,1.20,1.40
2009.01.15 21:39:19.641,0.7173,0.71765,1.20,1.40
2009.01.15 21:39:22.331,0.71725,0.71765,1.20,1.40
2009.01.15 21:39:22.741,0.7172,0.7176,1.20,1.40
2009.01.15 21:39:23.181,0.71715,0.71755,1.20,1.40
2009.01.15 21:39:23.411,0.7172,0.7176,1.20,1.40
2009.01.15 21:39:26.440,0.7171,0.7175,1.20,1.40
2009.01.15 21:39:34.668,0.71715,0.7175,1.20,1.40
2009.01.15 21:39:40.526,0.71695,0.71745,1.20,1.40
2009.01.15 21:39:57.763,0.7169,0.7173,1.20,1.40
2009.01.15 21:40:03.081,0.7169,0.71725,1.20,1.40
2009.01.15 21:40:06.780,0.7169,0.7173,1.20,1.40
2009.01.15 21:40:11.129,0.71695,0.7173,1.20,1.40
2009.01.15 21:40:11.949,0.71685,0.7172,1.20,1.40
2009.01.15 21:40:18.417,0.7169,0.71725,1.20,1.40
2009.01.15 21:40:21.916,0.71685,0.7172,1.20,1.40
2009.01.15 21:40:31.434,0.71685,0.71725,1.20,1.40
2009.01.15 21:40:35.883,0.71685,0.7172,1.20,1.40
2009.01.15 21:40:40.622,0.71685,0.71725,1.20,1.40
2009.01.15 21:41:01.857,0.7169,0.7173,1.20,1.40
2009.01.15 21:41:04.006,0.71685,0.71725,1.20,1.40
2009.01.15 21:41:06.396,0.71665,0.7172,10.40,1.40
2009.01.15 21:41:06.576,0.7166,0.7172,1.20,1.40
2009.01.15 21:41:13.744,0.71675,0.71725,1.20,1.40
2009.01.15 21:41:16.213,0.71665,0.7172,8.00,1.40
2009.01.15 21:41:16.393,0.71665,0.71715,8.00,1.00
2009.01.15 21:41:16.503,0.7166,0.71715,1.20,1.00
2009.01.15 21:41:24.971,0.7166,0.7172,1.20,1.40
2009.01.15 21:41:39.948,0.7168,0.7172,1.20,1.40
2009.01.15 21:41:40.417,0.7167,0.71725,1.60,1.40
2009.01.15 21:41:40.707,0.7167,0.71725,2.60,1.40
2009.01.15 21:41:42.947,0.7167,0.71725,1.20,1.40
2009.01.15 21:41:44.546,0.7167,0.71725,1.20,2.00
2009.01.15 21:41:44.766,0.7166,0.7172,1.20,1.40
2009.01.15 21:41:55.294,0.7166,0.7172,1.20,2.00
2009.01.15 21:41:55.464,0.71655,0.71715,1.20,1.40
2009.01.15 21:42:05.852,0.71655,0.7171,1.20,1.40
2009.01.15 21:42:07.003,0.7165,0.7171,1.60,1.40
2009.01.15 21:42:07.241,0.7163,0.7171,5.20,1.40
2009.01.15 21:42:07.401,0.7164,0.7171,1.60,1.40
2009.01.15 21:42:07.571,0.71635,0.7171,3.40,1.40
2009.01.15 21:42:07.741,0.71635,0.71715,3.40,2.00
2009.01.15 21:42:07.971,0.7164,0.71715,2.40,1.40
2009.01.15 21:42:13.869,0.71645,0.71715,2.40,1.40
2009.01.15 21:42:14.149,0.71635,0.7171,8.80,1.00
2009.01.15 21:42:14.509,0.71635,0.7171,1.20,1.00
2009.01.15 21:42:17.228,0.71645,0.71715,2.40,9.40
2009.01.15 21:42:17.338,0.71645,0.71715,2.40,1.40
2009.01.15 21:42:18.878,0.71635,0.7171,8.80,1.00
2009.01.15 21:42:21.667,0.71635,0.7171,8.80,2.00
2009.01.15 21:42:22.127,0.71635,0.71705,1.20,1.00
2009.01.15 21:42:22.347,0.7163,0.71685,2.60,1.40
2009.01.15 21:42:24.377,0.71635,0.7169,1.20,1.00
2009.01.15 21:42:24.547,0.71635,0.71705,1.20,1.00
2009.01.15 21:42:25.186,0.71635,0.7171,1.20,2.00
2009.01.15 21:42:30.226,0.71635,0.7171,3.40,1.40
2009.01.15 21:42:31.266,0.71645,0.7171,2.40,1.40
2009.01.15 21:42:31.555,0.71655,0.71715,1.20,1.40
2009.01.15 21:42:36.884,0.71665,0.7172,1.20,1.40
2009.01.15 21:42:41.873,0.71665,0.7171,1.20,1.40
2009.01.15 21:43:10.826,0.7166,0.717,1.20,1.40
2009.01.15 21:43:22.563,0.7164,0.71695,3.40,1.40
2009.01.15 21:43:23.144,0.7164,0.71695,1.20,1.40
2009.01.15 21:43:24.742,0.7164,0.71695,2.60,1.40
2009.01.15 21:43:24.802,0.7164,0.71695,3.40,1.40
2009.01.15 21:43:25.092,0.7164,0.71695,2.40,1.40
2009.01.15 21:43:27.112,0.71635,0.71695,1.20,1.40
2009.01.15 21:43:29.731,0.7163,0.71695,2.60,1.40
2009.01.15 21:43:30.471,0.7163,0.71695,1.20,1.40
2009.01.15 21:43:32.630,0.71635,0.71695,1.20,1.40
2009.01.15 21:43:41.508,0.7165,0.717,1.20,1.40
2009.01.15 21:43:48.966,0.71645,0.71695,8.00,1.40
2009.01.15 21:43:49.366,0.71635,0.71695,1.20,1.40
2009.01.15 21:43:51.806,0.71635,0.71695,8.80,1.40
2009.01.15 21:43:53.975,0.71645,0.71695,8.00,1.40
2009.01.15 21:43:54.445,0.71635,0.71695,1.20,1.40
2009.01.15 21:43:57.174,0.71635,0.71695,3.40,1.40
2009.01.15 21:43:57.405,0.7165,0.71695,1.20,1.40
2009.01.15 21:44:04.882,0.7165,0.71695,2.60,1.40
2009.01.15 21:44:04.993,0.71655,0.7171,1.20,1.40
2009.01.15 21:44:09.571,0.71635,0.7171,3.40,1.40
2009.01.15 21:44:12.221,0.71635,0.717,3.40,1.40
2009.01.15 21:44:12.341,0.7164,0.717,1.60,1.40
2009.01.15 21:44:18.230,0.7163,0.717,2.60,1.40
2009.01.15 21:44:18.469,0.7163,0.71705,2.60,1.00
2009.01.15 21:44:18.529,0.7163,0.7171,3.40,2.00
2009.01.15 21:44:22.009,0.7163,0.717,2.60,1.00
2009.01.15 21:44:25.538,0.7163,0.7171,2.60,2.00
2009.01.15 21:44:27.537,0.71645,0.7171,1.20,2.00
2009.01.15 21:44:30.316,0.7163,0.7171,2.60,2.00
2009.01.15 21:44:30.726,0.7163,0.717,2.60,1.00
2009.01.15 21:44:36.085,0.7163,0.71695,1.20,1.00
2009.01.15 21:44:38.984,0.7163,0.717,1.20,1.00
2009.01.15 21:44:45.883,0.7163,0.71705,1.20,8.60
2009.01.15 21:44:50.791,0.71635,0.717,1.20,1.00
2009.01.15 21:44:55.190,0.71635,0.71705,1.20,1.00
2009.01.15 21:44:58.829,0.71635,0.7171,1.20,2.00
2009.01.15 21:44:59.159,0.7163,0.71675,2.40,1.40
2009.01.15 21:44:59.440,0.7163,0.717,1.20,1.00
2009.01.15 21:44:59.609,0.7163,0.7172,1.20,10.00
2009.01.15 21:44:59.839,0.7163,0.7172,1.20,1.00
2009.01.15 21:45:00.519,0.7163,0.7171,1.20,2.00
2009.01.15 21:45:01.569,0.71625,0.71705,2.40,1.40
2009.01.15 21:45:01.899,0.7161,0.71695,10.40,1.00
2009.01.15 21:45:02.289,0.71605,0.7166,1.20,1.40
2009.01.15 21:45:02.689,0.71605,0.71695,1.20,1.00
2009.01.15 21:45:03.038,0.7161,0.7166,2.40,1.40
2009.01.15 21:45:03.439,0.71595,0.71645,1.20,1.40
2009.01.15 21:45:04.028,0.716,0.71655,1.20,1.40
2009.01.15 21:45:04.448,0.71615,0.71655,1.20,1.40
2009.01.15 21:45:06.528,0.71615,0.7165,1.20,1.40
2009.01.15 21:45:11.266,0.71615,0.7165,3.40,1.40
2009.01.15 21:45:11.496,0.71615,0.7165,8.80,1.40
2009.01.15 21:45:13.006,0.7162,0.7165,2.40,1.40
2009.01.15 21:45:13.586,0.71625,0.71695,1.20,1.40
2009.01.15 21:45:13.756,0.7163,0.7171,1.20,2.00
2009.01.15 21:45:13.986,0.71625,0.71705,1.20,1.40
2009.01.15 21:45:14.146,0.71625,0.71705,1.20,2.00
2009.01.15 21:45:16.435,0.71635,0.71695,1.20,1.00
2009.01.15 21:45:16.555,0.71635,0.717,1.20,1.40
2009.01.15 21:45:17.945,0.7163,0.71675,2.40,1.40
2009.01.15 21:45:18.235,0.71625,0.71675,1.20,1.40
2009.01.15 21:45:30.552,0.71625,0.7166,1.20,1.40
2009.01.15 21:45:44.958,0.7161,0.7165,1.20,1.40
2009.01.15 21:46:15.551,0.7162,0.7169,1.20,2.00
2009.01.15 21:46:28.718,0.7159,0.7163,1.20,1.40
2009.01.15 21:46:55.082,0.71625,0.71645,1.20,1.00
2009.01.15 21:46:55.361,0.71625,0.7166,1.20,1.40
2009.01.15 21:46:55.711,0.71625,0.717,1.20,1.40
2009.01.15 21:46:55.991,0.716,0.7169,8.00,1.00
2009.01.15 21:46:56.161,0.716,0.7169,1.20,1.00
2009.01.15 21:47:03.479,0.716,0.7166,1.20,1.40
2009.01.15 21:47:09.318,0.71625,0.71665,1.20,1.00
2009.01.15 21:47:09.658,0.71625,0.71675,1.20,1.40
2009.01.15 21:47:15.797,0.7164,0.7169,1.20,2.00
2009.01.15 21:47:15.907,0.7164,0.7169,1.20,2.80
2009.01.15 21:47:15.966,0.7164,0.7169,1.20,1.40
2009.01.15 21:47:17.906,0.7164,0.7168,1.20,1.40
2009.01.15 21:47:41.181,0.7162,0.7166,1.20,1.40
2009.01.15 21:47:41.530,0.7164,0.7168,1.20,2.00
2009.01.15 21:47:41.710,0.7164,0.7168,1.20,1.40
2009.01.15 21:47:42.180,0.7163,0.71675,1.20,1.40
2009.01.15 21:47:43.390,0.71625,0.7167,1.20,1.40
2009.01.15 21:47:43.840,0.7163,0.71675,1.20,1.40
2009.01.15 21:47:44.830,0.71595,0.7167,2.40,1.40
2009.01.15 21:47:45.119,0.7159,0.7167,8.80,2.00
2009.01.15 21:47:45.350,0.7159,0.7167,1.20,2.00
2009.01.15 21:47:49.918,0.716,0.7166,1.20,1.40
2009.01.15 21:48:09.034,0.716,0.7165,1.20,1.00
2009.01.15 21:48:09.154,0.716,0.7166,1.20,1.40
2009.01.15 21:48:14.542,0.71615,0.71665,1.20,1.40
2009.01.15 21:48:17.262,0.7161,0.7166,1.20,1.40
2009.01.15 21:48:18.251,0.71615,0.71665,1.20,1.40
2009.01.15 21:48:32.618,0.71615,0.7166,1.20,1.40
2009.01.15 21:48:33.018,0.7161,0.7166,1.20,1.40
2009.01.15 21:48:35.667,0.7162,0.7166,1.20,1.40
2009.01.15 21:48:36.237,0.71625,0.71665,1.20,1.40
2009.01.15 21:48:36.477,0.7166,0.71665,5.00,1.40
2009.01.15 21:48:39.296,0.71645,0.71655,29.70,1.40
2009.01.15 21:48:39.526,0.716,0.71655,1.20,1.40
2009.01.15 21:48:40.586,0.71625,0.71665,1.20,1.40
2009.01.15 21:48:44.915,0.7162,0.7166,1.20,1.40
2009.01.15 21:48:47.324,0.71615,0.7166,1.20,1.40
2009.01.15 21:48:57.602,0.7162,0.7166,1.20,1.40
2009.01.15 21:49:39.132,0.7163,0.71665,1.20,1.40
2009.01.15 21:49:51.159,0.71635,0.7167,1.20,1.40
2009.01.15 21:49:53.489,0.71635,0.71675,1.20,1.40
2009.01.15 21:50:01.177,0.71645,0.7169,1.20,1.00
2009.01.15 21:50:01.346,0.71645,0.71695,1.20,1.40
2009.01.15 21:50:04.216,0.7164,0.71695,1.20,1.40
2009.01.15 21:50:06.235,0.71635,0.71695,1.20,1.40
2009.01.15 21:50:06.586,0.71635,0.71695,1.20,2.00
2009.01.15 21:50:07.415,0.71635,0.7169,1.20,1.40
2009.01.15 21:50:07.995,0.7164,0.71695,1.20,1.00
2009.01.15 21:50:08.335,0.7164,0.717,1.20,2.00
2009.01.15 21:50:08.775,0.7164,0.7169,1.20,1.40
2009.01.15 21:50:09.844,0.7164,0.7169,1.20,2.00
2009.01.15 21:50:10.135,0.71635,0.7168,1.20,1.40
2009.01.15 21:50:12.854,0.71635,0.7168,1.20,2.00
2009.01.15 21:50:28.890,0.7163,0.71675,1.20,1.40
2009.01.15 21:50:30.559,0.71635,0.7168,1.20,1.40
2009.01.15 21:50:59.243,0.7164,0.71685,1.20,1.40
2009.01.15 21:51:34.984,0.71635,0.7168,1.20,1.40
2009.01.15 21:51:35.964,0.7164,0.71685,1.20,1.40
2009.01.15 21:51:39.623,0.71635,0.7168,1.20,1.40
2009.01.15 21:51:40.732,0.7164,0.71685,1.20,1.40
2009.01.15 21:51:44.131,0.71635,0.7168,1.20,1.40
2009.01.15 21:51:50.590,0.7164,0.71685,1.20,1.40
2009.01.15 21:51:51.300,0.71635,0.7168,1.20,1.40
2009.01.15 21:51:51.570,0.71635,0.7168,8.80,1.40
2009.01.15 21:51:51.980,0.71635,0.7168,1.20,1.40
2009.01.15 21:51:52.210,0.7163,0.71675,1.20,1.40
2009.01.15 21:52:12.545,0.71625,0.71675,1.20,1.40
2009.01.15 21:52:15.424,0.7164,0.71685,1.20,1.00
2009.01.15 21:52:15.954,0.7163,0.7168,1.20,1.40
2009.01.15 21:52:23.912,0.7163,0.71675,1.20,1.40
2009.01.15 21:52:29.741,0.71625,0.7167,1.20,1.40
2009.01.15 21:52:59.184,0.71625,0.7167,1.20,2.00
2009.01.15 21:52:59.753,0.71625,0.7167,1.20,1.40
2009.01.15 21:53:24.588,0.7163,0.7168,1.20,2.00
2009.01.15 21:53:24.698,0.7162,0.71665,1.20,1.40
2009.01.15 21:53:25.687,0.7163,0.7168,1.20,1.40
2009.01.15 21:53:53.050,0.71635,0.7169,1.20,2.00
2009.01.15 21:53:53.340,0.71635,0.7169,1.20,1.40
2009.01.15 21:53:54.200,0.7163,0.7168,1.20,1.40
2009.01.15 21:53:59.459,0.7163,0.71675,1.20,1.40
2009.01.15 21:54:04.008,0.71635,0.71675,1.20,1.40
2009.01.15 21:54:12.436,0.71635,0.7168,1.20,1.40
2009.01.15 21:54:35.640,0.7163,0.71675,1.20,1.40
2009.01.15 21:54:39.179,0.7162,0.71665,1.20,1.40
2009.01.15 21:54:48.007,0.71625,0.7167,1.20,1.40
2009.01.15 21:55:22.019,0.71625,0.71665,1.20,1.40
2009.01.15 21:55:27.158,0.71625,0.7167,1.20,1.40
2009.01.15 21:55:59.980,0.71635,0.7168,1.20,2.00
2009.01.15 21:56:00.220,0.71635,0.7168,1.20,1.40
2009.01.15 21:56:13.437,0.7164,0.71685,1.20,1.40
2009.01.15 21:56:18.445,0.71635,0.7168,1.20,1.40
2009.01.15 21:56:20.685,0.7163,0.71675,1.20,1.40
2009.01.15 21:56:29.583,0.71625,0.7168,1.20,1.40
2009.01.15 21:56:53.717,0.7163,0.7168,1.20,1.40
2009.01.15 21:56:56.696,0.71635,0.71685,1.20,1.40
2009.01.15 21:56:57.216,0.7163,0.7168,1.20,1.40
2009.01.15 21:56:59.396,0.71635,0.71685,1.20,1.40
2009.01.15 21:56:59.916,0.7164,0.7169,1.20,1.40
2009.01.15 21:57:02.465,0.7163,0.71685,1.20,1.40
2009.01.15 21:57:05.674,0.71635,0.71685,1.20,1.40
2009.01.15 21:57:09.263,0.7164,0.7169,1.20,1.40
2009.01.15 21:57:11.733,0.71645,0.71695,1.20,1.40
2009.01.15 21:57:17.461,0.71635,0.7169,1.20,1.40
2009.01.15 21:57:17.861,0.7164,0.7169,1.20,1.40
2009.01.15 21:57:19.611,0.7165,0.717,1.20,2.00
2009.01.15 21:57:20.230,0.71645,0.71695,1.20,1.40
2009.01.15 21:57:20.561,0.7164,0.7169,1.20,1.40
2009.01.15 21:57:49.373,0.71645,0.71695,1.20,1.40
2009.01.15 21:57:56.172,0.71655,0.71725,1.20,9.40
2009.01.15 21:57:56.532,0.71655,0.71725,1.20,1.40
2009.01.15 21:57:57.052,0.7166,0.7173,1.20,1.40
2009.01.15 21:57:59.481,0.71665,0.71715,1.20,1.40
2009.01.15 21:58:02.800,0.7167,0.7172,1.20,1.40
2009.01.15 21:58:06.400,0.7166,0.71715,1.20,1.40
2009.01.15 21:58:08.099,0.7168,0.71725,1.20,1.00
2009.01.15 21:58:08.389,0.7168,0.7174,1.20,1.40
2009.01.15 21:58:10.769,0.71655,0.7172,8.00,1.40
2009.01.15 21:58:11.008,0.7165,0.7172,1.20,1.40
2009.01.15 21:58:21.136,0.7166,0.7172,3.40,1.40
2009.01.15 21:58:21.516,0.71675,0.71725,1.20,1.40
2009.01.15 21:58:21.906,0.71675,0.71725,1.20,2.00
2009.01.15 21:58:22.085,0.71675,0.71725,1.20,1.40
2009.01.15 21:58:24.525,0.7166,0.7172,1.20,1.40
2009.01.15 21:58:24.855,0.7167,0.71725,1.20,1.40
2009.01.15 21:58:26.865,0.71655,0.71705,2.40,1.40
2009.01.15 21:58:27.034,0.71645,0.71695,8.00,1.00
2009.01.15 21:58:27.255,0.7163,0.71695,1.60,1.00
2009.01.15 21:58:31.473,0.7163,0.71705,1.60,1.00
2009.01.15 21:58:33.063,0.7163,0.71705,2.60,1.00
2009.01.15 21:58:33.533,0.7163,0.7171,3.40,1.00
2009.01.15 21:58:36.732,0.71635,0.71715,2.40,1.40
2009.01.15 21:58:37.122,0.7163,0.71715,3.40,2.00
2009.01.15 21:58:40.791,0.71635,0.71715,1.20,2.00
2009.01.15 21:58:41.141,0.7163,0.71715,2.40,2.00
2009.01.15 21:58:41.311,0.71625,0.71705,2.40,1.00
2009.01.15 21:58:42.771,0.71625,0.71705,3.40,1.00
2009.01.15 21:58:43.750,0.71625,0.71705,2.40,1.00
2009.01.15 21:58:44.050,0.7162,0.717,5.20,1.00
2009.01.15 21:58:44.980,0.7163,0.717,2.60,1.00
2009.01.15 21:58:45.100,0.7163,0.71705,2.60,1.00
2009.01.15 21:58:46.070,0.7163,0.7171,2.60,1.00
2009.01.15 21:58:47.340,0.7163,0.7171,1.20,1.00
2009.01.15 21:58:48.859,0.71635,0.7171,1.20,1.00
2009.01.15 21:58:49.489,0.71635,0.71715,1.20,1.00
2009.01.15 21:58:50.859,0.71635,0.7171,1.20,1.00
2009.01.15 21:58:51.209,0.71625,0.717,1.20,1.00
2009.01.15 21:58:54.970,0.71625,0.71705,1.20,1.00
2009.01.15 21:58:55.468,0.7163,0.71705,1.20,1.00
2009.01.15 21:58:56.447,0.7166,0.71705,1.20,1.00
2009.01.15 21:58:56.627,0.7166,0.7172,1.20,9.40
2009.01.15 21:58:56.917,0.7166,0.7172,1.20,1.40
2009.01.15 21:58:57.098,0.7166,0.71725,1.20,1.40
2009.01.15 21:59:06.305,0.7168,0.7173,1.20,1.40
2009.01.15 21:59:08.744,0.71645,0.7172,2.40,1.40
2009.01.15 21:59:08.854,0.71625,0.7171,1.20,1.00
2009.01.15 21:59:09.554,0.71635,0.7171,1.20,1.00
2009.01.15 21:59:10.024,0.71645,0.71725,1.20,1.00
2009.01.15 21:59:10.304,0.7165,0.71735,2.40,1.00
2009.01.15 21:59:10.944,0.7168,0.71735,1.20,1.00
2009.01.15 21:59:11.234,0.7168,0.7178,1.20,1.00
2009.01.15 21:59:12.584,0.71695,0.7177,1.20,2.00
2009.01.15 21:59:12.763,0.71695,0.71765,1.20,1.00
2009.01.15 21:59:13.663,0.717,0.71765,1.20,1.00
2009.01.15 21:59:13.953,0.717,0.7177,1.20,1.00
2009.01.15 21:59:17.522,0.71685,0.7176,10.40,1.40
2009.01.15 21:59:17.582,0.71685,0.7174,8.00,1.00
2009.01.15 21:59:20.012,0.7165,0.71735,3.40,1.00
2009.01.15 21:59:20.691,0.7165,0.71735,2.40,1.00
2009.01.15 21:59:20.861,0.71645,0.7173,3.40,1.00
2009.01.15 21:59:22.711,0.7169,0.7173,1.20,1.00
2009.01.15 21:59:22.881,0.7169,0.71785,1.20,1.00
2009.01.15 21:59:26.000,0.71705,0.7177,1.20,2.00
2009.01.15 21:59:26.630,0.71705,0.7177,1.20,1.40
2009.01.15 21:59:28.830,0.7169,0.71755,2.40,1.40
2009.01.15 21:59:29.059,0.71645,0.71735,2.40,1.00
2009.01.15 21:59:30.119,0.7166,0.7174,2.40,1.00
2009.01.15 21:59:30.469,0.71695,0.7174,1.20,1.00
2009.01.15 21:59:30.829,0.71695,0.71785,1.20,1.40
2009.01.15 21:59:31.229,0.7168,0.71775,2.40,1.40
2009.01.15 21:59:31.679,0.717,0.71775,2.40,1.40
2009.01.15 21:59:31.849,0.7166,0.7175,2.40,1.00
2009.01.15 21:59:33.329,0.71675,0.7176,2.40,1.00
2009.01.15 21:59:35.168,0.71665,0.71745,2.40,1.00
2009.01.15 21:59:35.628,0.7167,0.71755,2.40,1.00
2009.01.15 21:59:37.878,0.71665,0.7175,2.40,1.00
2009.01.15 21:59:38.457,0.7166,0.7174,2.40,1.00
2009.01.15 21:59:38.637,0.7166,0.71745,2.40,1.00
2009.01.15 21:59:39.327,0.71655,0.7174,2.40,1.00
2009.01.15 21:59:41.356,0.71655,0.71735,2.40,1.00
2009.01.15 21:59:41.696,0.71655,0.7174,2.40,1.00
2009.01.15 21:59:42.266,0.71655,0.71735,2.40,1.00
2009.01.15 21:59:42.816,0.71655,0.7174,2.40,1.00
2009.01.15 21:59:45.625,0.7165,0.71735,2.40,1.00
2009.01.15 21:59:48.515,0.71655,0.7174,2.40,1.00
2009.01.15 21:59:49.324,0.71705,0.7174,1.20,1.00
2009.01.15 21:59:49.724,0.71705,0.71795,1.20,1.40
2009.01.15 21:59:52.614,0.71705,0.71765,2.40,1.40
2009.01.15 21:59:52.964,0.71645,0.7175,2.40,1.00
2009.01.15 21:59:54.143,0.71665,0.7175,2.40,1.00
2009.01.15 21:59:54.303,0.7168,0.7176,2.40,1.00
2009.01.15 21:59:55.873,0.7167,0.71755,2.40,2.00
2009.01.15 21:59:56.043,0.7167,0.71745,2.40,1.40
2009.01.15 21:59:56.163,0.7166,0.71745,2.40,2.00
2009.01.15 21:59:56.913,0.7166,0.71745,3.40,1.00
2009.01.15 21:59:57.073,0.7166,0.7173,1.20,1.00
2009.01.15 21:59:57.373,0.7166,0.7174,1.20,1.00
