2009.11.17 08:00:01.338,0.8472,0.84735,1.60,2.80
2009.11.17 08:00:01.617,0.84725,0.84735,1.60,2.60
2009.11.17 08:00:01.897,0.84725,0.8474,1.60,6.60
2009.11.17 08:00:02.527,0.84725,0.84735,1.60,2.80
2009.11.17 08:00:03.167,0.84705,0.8474,6.50,6.60
2009.11.17 08:00:03.507,0.84725,0.8474,1.60,4.90
2009.11.17 08:00:04.547,0.84725,0.84735,1.60,1.60
2009.11.17 08:00:05.067,0.84705,0.84735,1.80,4.10
2009.11.17 08:00:05.636,0.84725,0.8474,1.60,9.90
2009.11.17 08:00:07.866,0.8472,0.84735,1.60,4.10
2009.11.17 08:00:08.336,0.84715,0.84735,1.60,4.10
2009.11.17 08:00:09.316,0.84715,0.8473,1.60,2.40
2009.11.17 08:00:09.485,0.84715,0.8473,1.60,4.00
2009.11.17 08:00:15.094,0.8471,0.8473,1.60,4.00
2009.11.17 08:00:15.434,0.8472,0.8473,1.60,4.10
2009.11.17 08:00:15.784,0.8472,0.84735,1.60,6.50
2009.11.17 08:00:16.074,0.8472,0.84735,1.60,6.40
2009.11.17 08:00:16.424,0.8472,0.84735,1.60,6.50
2009.11.17 08:00:17.054,0.8472,0.84735,1.60,6.40
2009.11.17 08:00:17.793,0.8472,0.84735,1.60,6.50
2009.11.17 08:00:18.244,0.8472,0.84735,1.60,6.40
2009.11.17 08:00:18.543,0.84715,0.84735,1.60,6.40
2009.11.17 08:00:19.113,0.84715,0.84735,1.60,7.30
2009.11.17 08:00:19.283,0.84715,0.84735,1.60,9.90
2009.11.17 08:00:19.403,0.84715,0.8473,1.60,4.00
2009.11.17 08:00:20.843,0.84715,0.8473,1.60,4.10
2009.11.17 08:00:21.083,0.84715,0.8473,1.60,4.00
2009.11.17 08:00:21.483,0.84715,0.8473,1.60,4.10
2009.11.17 08:00:22.832,0.84695,0.8472,2.00,2.40
2009.11.17 08:00:23.122,0.8469,0.8472,4.00,3.30
2009.11.17 08:00:23.352,0.84685,0.8472,5.90,6.40
2009.11.17 08:00:23.512,0.84685,0.8472,4.20,6.40
2009.11.17 08:00:23.752,0.84685,0.8472,7.30,7.40
2009.11.17 08:00:24.492,0.84685,0.8472,7.20,7.60
2009.11.17 08:00:24.832,0.84685,0.8472,3.30,7.60
2009.11.17 08:00:25.242,0.84685,0.84715,2.50,1.00
2009.11.17 08:00:25.652,0.84685,0.8471,2.40,1.60
2009.11.17 08:00:25.942,0.8468,0.84705,6.50,1.60
2009.11.17 08:00:26.172,0.8468,0.84705,1.00,1.60
2009.11.17 08:00:27.281,0.8468,0.84715,2.60,13.20
2009.11.17 08:00:27.441,0.84675,0.8471,9.70,1.80
2009.11.17 08:00:27.901,0.84675,0.8471,9.60,1.70
2009.11.17 08:00:28.351,0.84675,0.84705,8.80,1.60
2009.11.17 08:00:28.681,0.84675,0.84705,4.90,1.60
2009.11.17 08:00:29.361,0.84675,0.847,1.00,1.60
2009.11.17 08:00:30.160,0.8467,0.847,2.50,1.80
2009.11.17 08:00:30.441,0.8467,0.847,3.30,1.80
2009.11.17 08:00:31.131,0.8467,0.847,2.50,1.80
2009.11.17 08:00:31.480,0.84675,0.847,1.60,1.00
2009.11.17 08:00:31.760,0.84675,0.847,2.40,1.00
2009.11.17 08:00:32.390,0.84675,0.84705,2.40,1.80
2009.11.17 08:00:32.730,0.84675,0.8471,13.00,5.80
2009.11.17 08:00:34.230,0.8468,0.8471,3.20,1.60
2009.11.17 08:00:34.460,0.8468,0.84715,7.20,8.20
2009.11.17 08:00:34.749,0.8468,0.84715,7.30,5.60
2009.11.17 08:00:35.079,0.84685,0.84715,2.40,1.60
2009.11.17 08:00:36.459,0.84685,0.8471,2.40,1.60
2009.11.17 08:00:37.649,0.84685,0.84715,2.40,1.60
2009.11.17 08:00:37.989,0.8469,0.8472,1.00,4.90
2009.11.17 08:00:38.349,0.8469,0.84725,1.00,6.40
2009.11.17 08:00:39.678,0.84685,0.84725,9.60,12.80
2009.11.17 08:00:42.538,0.84685,0.8472,8.80,1.00
2009.11.17 08:00:42.758,0.8468,0.84715,14.50,1.60
2009.11.17 08:00:44.317,0.84685,0.84715,4.80,2.40
2009.11.17 08:00:44.597,0.84685,0.8471,2.40,1.60
2009.11.17 08:00:46.506,0.84685,0.8471,2.40,1.80
2009.11.17 08:00:47.596,0.84685,0.84715,3.20,1.60
2009.11.17 08:00:47.776,0.84685,0.84725,9.60,12.80
2009.11.17 08:00:48.007,0.84685,0.84715,8.80,1.60
2009.11.17 08:00:48.226,0.84685,0.84715,4.80,1.60
2009.11.17 08:00:54.834,0.84685,0.8472,6.40,5.90
2009.11.17 08:00:54.955,0.8469,0.8472,1.00,4.90
2009.11.17 08:00:55.254,0.8469,0.84725,1.00,4.20
2009.11.17 08:00:55.654,0.8469,0.84725,7.20,4.20
2009.11.17 08:00:57.854,0.8469,0.84725,7.20,8.20
2009.11.17 08:00:59.503,0.8469,0.8472,4.80,1.60
2009.11.17 08:00:59.733,0.8469,0.84725,4.80,5.80
2009.11.17 08:01:00.023,0.8469,0.84725,7.20,5.80
2009.11.17 08:01:00.303,0.8469,0.84725,7.30,5.60
2009.11.17 08:01:00.873,0.8469,0.84725,7.20,5.80
2009.11.17 08:01:01.523,0.8469,0.84725,7.20,5.60
2009.11.17 08:01:02.393,0.8469,0.84725,7.30,5.60
2009.11.17 08:01:03.262,0.8469,0.84725,7.20,5.60
2009.11.17 08:01:04.043,0.8469,0.84725,7.30,5.60
2009.11.17 08:01:04.992,0.8469,0.84725,7.20,5.80
2009.11.17 08:01:06.972,0.8469,0.84715,4.00,1.60
2009.11.17 08:01:07.212,0.84685,0.84715,4.80,1.60
2009.11.17 08:01:07.501,0.84685,0.84715,4.90,1.60
2009.11.17 08:01:08.811,0.84685,0.84715,4.90,1.80
2009.11.17 08:01:08.981,0.84685,0.8472,4.80,7.10
2009.11.17 08:01:09.101,0.84685,0.8472,4.90,7.30
2009.11.17 08:01:09.491,0.84685,0.84715,4.80,1.80
2009.11.17 08:01:11.241,0.84685,0.84715,5.60,1.80
2009.11.17 08:01:14.460,0.84685,0.8471,5.60,1.00
2009.11.17 08:01:14.690,0.84685,0.84715,5.60,1.80
2009.11.17 08:01:19.009,0.84685,0.84715,5.70,1.80
2009.11.17 08:01:22.458,0.84685,0.8471,4.90,1.60
2009.11.17 08:01:23.008,0.84685,0.8471,4.80,1.60
2009.11.17 08:01:23.128,0.84685,0.8471,4.90,1.60
2009.11.17 08:01:23.468,0.84685,0.8471,4.80,1.80
2009.11.17 08:01:27.577,0.84685,0.8471,2.40,1.80
2009.11.17 08:01:29.116,0.84685,0.8471,3.20,1.80
2009.11.17 08:01:29.286,0.84685,0.8471,3.20,1.00
2009.11.17 08:01:29.466,0.84685,0.8471,5.60,1.00
2009.11.17 08:01:40.964,0.84685,0.8471,5.60,1.00
2009.11.17 08:01:41.603,0.84695,0.8472,1.00,1.00
2009.11.17 08:01:41.903,0.84695,0.84725,1.00,2.50
2009.11.17 08:01:42.483,0.84695,0.84725,1.00,1.00
2009.11.17 08:01:42.773,0.84695,0.84725,1.00,6.50
2009.11.17 08:01:44.083,0.84695,0.84725,1.00,8.20
2009.11.17 08:01:47.002,0.84695,0.84725,1.00,6.50
2009.11.17 08:01:47.932,0.847,0.84725,1.00,6.50
2009.11.17 08:01:48.232,0.847,0.84725,3.20,2.40
2009.11.17 08:01:48.462,0.84695,0.84725,7.70,1.60
2009.11.17 08:01:48.742,0.84695,0.84725,3.20,1.60
2009.11.17 08:01:49.022,0.84695,0.8472,2.40,1.60
2009.11.17 08:01:49.311,0.8469,0.84715,6.40,1.60
2009.11.17 08:01:49.661,0.84685,0.84715,5.70,1.60
2009.11.17 08:01:51.561,0.84685,0.84715,5.70,1.80
2009.11.17 08:01:54.770,0.84685,0.84705,3.20,1.60
2009.11.17 08:01:55.000,0.84685,0.8471,2.40,1.60
2009.11.17 08:01:55.170,0.84685,0.8471,3.20,1.60
2009.11.17 08:01:55.920,0.84685,0.8471,3.30,1.60
2009.11.17 08:01:56.260,0.84685,0.8471,3.20,1.60
2009.11.17 08:01:57.010,0.84685,0.8471,3.30,1.60
2009.11.17 08:01:57.250,0.84685,0.8471,3.20,1.60
2009.11.17 08:01:59.909,0.84685,0.8471,2.40,1.60
2009.11.17 08:02:00.409,0.84685,0.8471,3.20,1.60
2009.11.17 08:02:07.817,0.84685,0.84715,3.20,1.80
2009.11.17 08:02:07.977,0.84685,0.84715,3.30,1.80
2009.11.17 08:02:08.197,0.8469,0.8472,2.40,4.10
2009.11.17 08:02:08.367,0.8469,0.8471,4.00,1.60
2009.11.17 08:02:08.647,0.84685,0.8471,4.90,1.60
2009.11.17 08:02:08.997,0.84685,0.84715,5.70,1.60
2009.11.17 08:02:10.506,0.84685,0.84715,5.70,1.80
2009.11.17 08:02:21.154,0.8469,0.84715,1.00,1.00
2009.11.17 08:02:21.390,0.8469,0.8472,1.00,1.00
2009.11.17 08:02:23.163,0.84695,0.8472,1.00,1.00
2009.11.17 08:02:23.503,0.8469,0.84715,1.00,1.60
2009.11.17 08:02:23.743,0.84695,0.8472,1.00,1.00
2009.11.17 08:02:25.293,0.8469,0.8472,3.60,1.00
2009.11.17 08:02:25.533,0.8469,0.8472,3.20,1.00
2009.11.17 08:02:26.103,0.8469,0.84715,2.40,1.60
2009.11.17 08:02:26.333,0.84685,0.84705,4.80,1.60
2009.11.17 08:02:26.553,0.84685,0.84705,2.40,1.60
2009.11.17 08:02:26.782,0.84675,0.84705,5.70,2.20
2009.11.17 08:02:28.782,0.84675,0.84705,5.70,2.40
2009.11.17 08:02:29.082,0.84675,0.84705,4.90,2.40
2009.11.17 08:02:29.322,0.84675,0.84705,4.90,1.00
2009.11.17 08:02:30.082,0.8468,0.8471,1.00,1.80
2009.11.17 08:02:30.951,0.84675,0.84705,5.70,1.00
2009.11.17 08:02:32.352,0.84675,0.8471,5.70,1.80
2009.11.17 08:02:33.401,0.84675,0.8471,5.70,3.40
2009.11.17 08:02:33.621,0.84675,0.84705,5.70,1.80
2009.11.17 08:02:33.921,0.84675,0.84705,4.90,2.40
2009.11.17 08:02:34.151,0.84675,0.84705,4.90,2.20
2009.11.17 08:02:34.331,0.84675,0.84705,4.90,2.40
2009.11.17 08:02:34.511,0.84675,0.84705,4.90,2.20
2009.11.17 08:02:34.741,0.84675,0.84705,4.90,6.20
2009.11.17 08:02:34.911,0.84675,0.84705,4.90,6.40
2009.11.17 08:02:35.090,0.84675,0.84705,2.50,8.80
2009.11.17 08:02:35.490,0.84675,0.84705,2.50,8.60
2009.11.17 08:02:36.240,0.84675,0.847,1.00,1.60
2009.11.17 08:02:36.470,0.8467,0.8469,6.40,1.60
2009.11.17 08:02:36.980,0.8467,0.8469,1.00,1.60
2009.11.17 08:02:37.560,0.84665,0.8469,1.00,1.60
2009.11.17 08:02:38.240,0.84665,0.8469,1.00,1.60
2009.11.17 08:02:38.470,0.8467,0.84695,1.00,2.40
2009.11.17 08:02:38.750,0.8467,0.847,1.00,4.00
2009.11.17 08:02:38.980,0.8467,0.847,1.00,3.40
2009.11.17 08:02:39.679,0.8467,0.84695,1.00,1.00
2009.11.17 08:02:39.979,0.8467,0.847,1.00,3.40
2009.11.17 08:02:40.959,0.84665,0.8469,2.50,1.60
2009.11.17 08:02:41.249,0.84665,0.8469,2.40,1.80
2009.11.17 08:02:46.038,0.84665,0.8469,3.20,1.00
2009.11.17 08:02:46.378,0.84665,0.84695,3.30,1.60
2009.11.17 08:02:47.857,0.8467,0.847,1.00,5.80
2009.11.17 08:02:48.957,0.8467,0.847,1.00,5.80
2009.11.17 08:02:50.387,0.84675,0.847,1.00,5.80
2009.11.17 08:02:50.627,0.8467,0.847,3.00,1.00
2009.11.17 08:02:50.857,0.8467,0.847,2.60,1.00
2009.11.17 08:02:51.017,0.84665,0.84705,16.70,8.20
2009.11.17 08:02:52.346,0.84675,0.84705,4.80,1.80
2009.11.17 08:02:52.576,0.84675,0.847,4.80,1.00
2009.11.17 08:02:52.806,0.84675,0.84705,5.70,1.60
2009.11.17 08:02:53.036,0.84675,0.84705,5.60,1.60
2009.11.17 08:02:53.316,0.84675,0.84705,4.80,1.60
2009.11.17 08:02:53.656,0.84675,0.8471,5.60,10.40
2009.11.17 08:02:54.037,0.8469,0.8471,1.00,1.70
2009.11.17 08:02:54.376,0.84685,0.8471,1.00,4.00
2009.11.17 08:02:54.766,0.84685,0.84715,1.00,8.20
2009.11.17 08:02:55.106,0.8469,0.84715,1.00,2.40
2009.11.17 08:02:55.436,0.8469,0.84715,2.40,2.40
2009.11.17 08:02:55.786,0.847,0.8472,1.00,1.00
2009.11.17 08:02:56.135,0.8471,0.84725,2.40,1.00
2009.11.17 08:02:56.475,0.8471,0.84725,1.00,1.00
2009.11.17 08:02:56.865,0.8471,0.84745,1.00,9.00
2009.11.17 08:02:57.205,0.8471,0.84745,1.00,8.80
2009.11.17 08:02:57.775,0.8471,0.84745,1.00,8.80
2009.11.17 08:02:59.525,0.8471,0.84745,1.00,8.80
2009.11.17 08:02:59.754,0.8471,0.8474,1.00,4.00
2009.11.17 08:03:00.464,0.84705,0.8474,11.40,4.80
2009.11.17 08:03:00.804,0.84705,0.84735,9.70,1.60
2009.11.17 08:03:01.154,0.84705,0.84735,5.70,1.60
2009.11.17 08:03:01.434,0.84705,0.84735,3.30,5.60
2009.11.17 08:03:01.784,0.84705,0.84735,1.00,8.00
2009.11.17 08:03:02.004,0.84705,0.84735,1.00,8.00
2009.11.17 08:03:02.284,0.847,0.84735,4.00,8.80
2009.11.17 08:03:02.504,0.847,0.84725,4.00,1.60
2009.11.17 08:03:02.734,0.84695,0.84725,2.40,1.60
2009.11.17 08:03:03.773,0.84695,0.8473,4.80,10.60
2009.11.17 08:03:03.934,0.84695,0.8473,4.80,9.60
2009.11.17 08:03:04.504,0.84695,0.8473,4.80,5.60
2009.11.17 08:03:05.633,0.847,0.8473,1.00,5.60
2009.11.17 08:03:06.033,0.847,0.8473,1.00,3.20
2009.11.17 08:03:06.263,0.847,0.8473,1.00,1.60
2009.11.17 08:03:07.473,0.847,0.8473,1.00,2.40
2009.11.17 08:03:07.713,0.84695,0.84725,2.40,1.60
2009.11.17 08:03:09.772,0.84695,0.8473,3.30,8.00
2009.11.17 08:03:10.302,0.84695,0.8473,3.30,4.00
2009.11.17 08:03:12.462,0.84695,0.84725,2.50,1.60
2009.11.17 08:03:12.691,0.84695,0.84725,2.40,1.60
2009.11.17 08:03:13.191,0.84695,0.84725,2.50,1.60
2009.11.17 08:03:13.491,0.84695,0.84725,2.40,1.60
2009.11.17 08:03:22.309,0.84695,0.8473,3.20,4.00
2009.11.17 08:03:23.109,0.84695,0.8473,3.20,4.10
2009.11.17 08:03:23.339,0.84705,0.84735,1.00,10.50
2009.11.17 08:03:23.639,0.8471,0.84735,1.00,6.50
2009.11.17 08:03:23.869,0.8471,0.84735,1.00,4.10
2009.11.17 08:03:24.149,0.8471,0.84735,1.00,4.00
2009.11.17 08:03:24.388,0.8471,0.8474,1.00,1.00
2009.11.17 08:03:24.988,0.8471,0.84745,1.00,8.80
2009.11.17 08:03:25.379,0.84715,0.84745,1.00,8.00
2009.11.17 08:03:25.728,0.84715,0.84745,1.00,8.20
2009.11.17 08:03:26.068,0.84715,0.84745,1.00,8.00
2009.11.17 08:03:26.858,0.8471,0.84745,3.70,8.80
2009.11.17 08:03:27.188,0.8471,0.84745,3.30,8.80
2009.11.17 08:03:27.538,0.84715,0.84745,1.00,8.00
2009.11.17 08:03:28.498,0.84715,0.84745,1.00,8.00
2009.11.17 08:03:28.788,0.84715,0.84745,1.00,8.00
2009.11.17 08:03:29.527,0.84715,0.84745,1.00,8.00
2009.11.17 08:03:30.787,0.84715,0.84745,1.00,8.00
2009.11.17 08:03:31.117,0.84715,0.84745,1.00,8.00
2009.11.17 08:03:32.897,0.84715,0.84745,1.00,8.00
2009.11.17 08:03:33.546,0.84715,0.84745,1.00,8.00
2009.11.17 08:03:34.096,0.8472,0.8475,1.00,9.20
2009.11.17 08:03:34.376,0.84715,0.84745,1.80,6.40
2009.11.17 08:03:34.666,0.8472,0.84745,2.60,2.40
2009.11.17 08:03:34.946,0.84725,0.84755,1.00,8.00
2009.11.17 08:03:35.236,0.84725,0.84755,1.00,1.60
2009.11.17 08:03:35.586,0.84725,0.8475,2.40,1.60
2009.11.17 08:03:35.926,0.84715,0.8475,6.60,4.00
2009.11.17 08:03:36.226,0.84715,0.8475,5.80,6.40
2009.11.17 08:03:37.216,0.84715,0.8475,1.80,6.40
2009.11.17 08:03:37.455,0.84715,0.8475,2.60,6.40
2009.11.17 08:03:37.685,0.84715,0.84745,1.00,4.00
2009.11.17 08:03:38.145,0.8472,0.84745,1.00,4.00
2009.11.17 08:03:39.195,0.8472,0.8474,1.00,1.60
2009.11.17 08:03:39.375,0.8471,0.84735,6.40,1.60
2009.11.17 08:03:39.705,0.84705,0.84735,10.40,1.60
2009.11.17 08:03:39.915,0.84705,0.8473,2.40,1.60
2009.11.17 08:03:40.275,0.847,0.84725,1.00,1.60
2009.11.17 08:03:42.934,0.847,0.8473,1.00,5.60
2009.11.17 08:03:43.214,0.847,0.8473,1.00,6.40
2009.11.17 08:03:43.514,0.84695,0.84725,8.90,1.60
2009.11.17 08:03:43.864,0.847,0.84725,1.00,1.60
2009.11.17 08:03:44.204,0.84695,0.84725,4.90,1.60
2009.11.17 08:03:44.554,0.847,0.84725,1.00,1.60
2009.11.17 08:03:45.993,0.847,0.8473,1.00,6.40
2009.11.17 08:03:47.013,0.847,0.84725,1.00,6.40
2009.11.17 08:03:47.233,0.84695,0.84715,4.00,1.60
2009.11.17 08:03:47.463,0.84685,0.84715,6.50,6.40
2009.11.17 08:03:47.863,0.84685,0.84715,4.10,8.80
2009.11.17 08:03:48.213,0.84685,0.84715,1.00,8.80
2009.11.17 08:03:48.843,0.84685,0.84715,1.00,9.00
2009.11.17 08:03:52.242,0.84685,0.8471,1.00,1.60
2009.11.17 08:03:52.422,0.84685,0.8471,1.00,4.00
2009.11.17 08:03:53.332,0.8468,0.8471,1.00,4.10
2009.11.17 08:03:56.221,0.8468,0.8471,1.00,5.80
2009.11.17 08:03:58.190,0.8468,0.84705,1.00,1.60
2009.11.17 08:04:01.730,0.84685,0.84705,1.00,1.60
2009.11.17 08:04:04.309,0.84685,0.8471,1.00,6.20
2009.11.17 08:04:04.479,0.84685,0.8471,1.00,5.60
2009.11.17 08:04:05.049,0.8468,0.8471,1.00,5.60
2009.11.17 08:04:05.909,0.8468,0.8471,1.00,4.00
2009.11.17 08:04:06.499,0.84685,0.8471,1.00,4.00
2009.11.17 08:04:07.898,0.8469,0.8471,1.00,2.40
2009.11.17 08:04:08.178,0.84685,0.84715,1.00,8.80
2009.11.17 08:04:08.818,0.84685,0.8471,1.00,4.00
2009.11.17 08:04:12.927,0.84685,0.8471,1.00,2.40
2009.11.17 08:04:12.987,0.84685,0.84715,1.00,8.80
2009.11.17 08:04:14.576,0.84675,0.84705,11.30,2.40
2009.11.17 08:04:14.866,0.84675,0.847,6.60,1.60
2009.11.17 08:04:15.906,0.8468,0.847,1.00,1.60
2009.11.17 08:04:16.666,0.8468,0.84705,1.00,1.60
2009.11.17 08:04:17.526,0.84685,0.84705,1.00,1.60
2009.11.17 08:04:17.876,0.8468,0.84705,1.00,1.60
2009.11.17 08:04:21.535,0.8468,0.84705,1.00,1.60
2009.11.17 08:04:22.515,0.8468,0.84705,3.30,1.60
2009.11.17 08:04:27.653,0.8468,0.84715,1.00,8.20
2009.11.17 08:04:28.003,0.84675,0.8471,9.00,1.60
2009.11.17 08:04:28.353,0.8468,0.8471,1.00,1.80
2009.11.17 08:04:31.182,0.8468,0.8471,1.00,1.60
2009.11.17 08:04:32.702,0.8468,0.8471,1.00,2.40
2009.11.17 08:04:33.042,0.84675,0.8471,3.30,7.00
2009.11.17 08:04:33.392,0.84675,0.8471,3.30,11.00
2009.11.17 08:04:34.512,0.84675,0.8471,3.30,11.20
2009.11.17 08:04:36.341,0.84685,0.8471,1.00,11.00
2009.11.17 08:04:36.631,0.84675,0.847,2.50,1.60
2009.11.17 08:04:36.931,0.8467,0.84695,4.10,1.60
2009.11.17 08:04:37.211,0.8467,0.84695,1.00,3.20
2009.11.17 08:04:37.721,0.8467,0.84695,1.00,5.60
2009.11.17 08:04:41.040,0.8466,0.84695,3.30,5.60
2009.11.17 08:04:41.380,0.8466,0.84695,7.30,5.60
2009.11.17 08:04:41.890,0.8466,0.84695,3.30,5.60
2009.11.17 08:04:44.050,0.8466,0.84695,1.00,8.00
2009.11.17 08:04:46.719,0.8466,0.84695,1.00,8.80
2009.11.17 08:04:52.347,0.8466,0.84695,1.00,8.80
2009.11.17 08:04:54.137,0.84655,0.84685,12.90,1.60
2009.11.17 08:04:54.707,0.8467,0.84685,1.00,1.60
2009.11.17 08:04:54.887,0.84665,0.84695,2.00,11.30
2009.11.17 08:04:55.057,0.84665,0.8469,4.00,1.00
2009.11.17 08:04:55.217,0.8466,0.8469,3.20,2.20
2009.11.17 08:04:55.567,0.84655,0.84685,9.70,1.60
2009.11.17 08:04:55.916,0.84655,0.84685,5.70,1.60
2009.11.17 08:05:01.355,0.84655,0.84685,8.90,1.60
2009.11.17 08:05:01.755,0.84655,0.84685,5.70,1.60
2009.11.17 08:05:01.995,0.84655,0.84685,5.60,1.60
2009.11.17 08:05:05.624,0.8466,0.8469,1.00,4.00
2009.11.17 08:05:06.184,0.8466,0.84695,7.30,5.80
2009.11.17 08:05:06.834,0.84665,0.84695,1.00,5.80
2009.11.17 08:05:07.004,0.84665,0.84695,3.20,1.70
2009.11.17 08:05:07.234,0.84665,0.84695,3.20,1.00
2009.11.17 08:05:07.694,0.84665,0.84695,3.30,1.00
2009.11.17 08:05:07.924,0.8467,0.847,1.00,6.80
2009.11.17 08:05:08.494,0.84665,0.847,3.30,6.80
2009.11.17 08:05:09.023,0.84675,0.847,1.00,1.00
2009.11.17 08:05:09.323,0.84675,0.84705,1.00,8.00
2009.11.17 08:05:09.543,0.84675,0.847,1.00,1.60
2009.11.17 08:05:11.963,0.84675,0.84705,1.00,6.40
2009.11.17 08:05:13.512,0.84675,0.84705,3.20,4.00
2009.11.17 08:05:13.812,0.84675,0.8471,7.40,6.60
2009.11.17 08:05:14.352,0.84675,0.8471,7.40,6.40
2009.11.17 08:05:14.812,0.8468,0.8471,1.00,5.60
2009.11.17 08:05:17.491,0.84675,0.8471,7.80,5.60
2009.11.17 08:05:17.841,0.8468,0.84705,1.00,3.20
2009.11.17 08:05:18.301,0.8468,0.84705,1.00,5.60
2009.11.17 08:05:18.421,0.8468,0.84705,1.00,8.00
2009.11.17 08:05:19.071,0.84675,0.84705,1.00,8.00
2009.11.17 08:05:19.711,0.84675,0.847,1.00,1.60
2009.11.17 08:05:19.931,0.84675,0.84695,1.00,1.60
2009.11.17 08:05:20.221,0.8467,0.84695,1.00,1.60
2009.11.17 08:05:20.511,0.84675,0.84695,1.00,1.60
2009.11.17 08:05:20.740,0.84675,0.847,1.00,4.00
2009.11.17 08:05:21.090,0.8468,0.84705,1.00,6.40
2009.11.17 08:05:21.380,0.8468,0.8471,1.00,5.60
2009.11.17 08:05:21.740,0.84685,0.8471,1.00,1.60
2009.11.17 08:05:22.031,0.84685,0.84715,1.00,4.00
2009.11.17 08:05:22.380,0.84685,0.84715,3.20,1.60
2009.11.17 08:05:23.870,0.84685,0.84715,3.30,1.60
2009.11.17 08:05:27.609,0.84685,0.8472,3.30,5.60
2009.11.17 08:05:27.909,0.8469,0.8472,1.00,4.00
2009.11.17 08:05:28.139,0.8469,0.8472,1.00,1.60
2009.11.17 08:05:28.819,0.84685,0.8472,11.80,1.60
2009.11.17 08:05:29.039,0.84685,0.8472,5.70,5.60
2009.11.17 08:05:29.948,0.8469,0.8472,1.00,3.20
2009.11.17 08:05:30.129,0.84685,0.8472,5.70,1.60
2009.11.17 08:05:30.518,0.84685,0.8471,4.80,1.60
2009.11.17 08:05:32.398,0.84685,0.84715,5.60,2.40
2009.11.17 08:05:32.618,0.8469,0.84715,1.00,1.00
2009.11.17 08:05:32.788,0.8469,0.8472,1.00,5.60
2009.11.17 08:05:34.627,0.8469,0.8472,1.00,5.60
2009.11.17 08:05:36.987,0.847,0.8472,1.00,5.60
2009.11.17 08:05:37.217,0.847,0.84725,1.00,6.40
2009.11.17 08:05:37.447,0.847,0.84725,1.00,6.50
2009.11.17 08:05:37.677,0.847,0.84725,1.00,2.50
2009.11.17 08:05:38.486,0.847,0.84725,1.00,2.40
2009.11.17 08:05:39.106,0.847,0.84725,1.00,6.40
2009.11.17 08:05:39.926,0.847,0.84725,1.00,6.40
2009.11.17 08:05:46.195,0.847,0.84725,1.00,6.50
2009.11.17 08:05:46.474,0.847,0.84725,1.00,6.40
2009.11.17 08:05:50.064,0.847,0.84725,1.00,7.20
2009.11.17 08:05:50.304,0.84695,0.84715,1.00,1.60
2009.11.17 08:05:50.583,0.84695,0.8471,1.00,1.60
2009.11.17 08:05:50.863,0.84695,0.8471,1.00,3.20
2009.11.17 08:05:51.213,0.84675,0.847,4.40,1.60
2009.11.17 08:05:51.543,0.84675,0.847,6.50,1.60
2009.11.17 08:05:51.903,0.8467,0.847,1.00,2.60
2009.11.17 08:05:52.243,0.8467,0.8469,1.00,1.60
2009.11.17 08:05:52.633,0.8467,0.84695,1.00,4.00
2009.11.17 08:05:52.973,0.84665,0.84695,1.00,5.60
2009.11.17 08:05:54.133,0.84665,0.84695,1.00,4.00
2009.11.17 08:05:54.423,0.84665,0.84695,1.00,2.40
2009.11.17 08:05:54.772,0.84665,0.847,3.20,6.60
2009.11.17 08:05:55.622,0.8467,0.847,1.00,6.60
2009.11.17 08:05:57.062,0.84665,0.847,6.50,6.80
2009.11.17 08:05:57.392,0.8467,0.84705,1.00,12.20
2009.11.17 08:05:58.012,0.8467,0.84705,1.00,8.20
2009.11.17 08:05:58.651,0.8467,0.84705,1.00,8.80
2009.11.17 08:05:58.941,0.8467,0.84705,3.30,8.80
2009.11.17 08:05:59.921,0.8467,0.84695,2.50,1.60
2009.11.17 08:06:00.211,0.8467,0.84695,1.00,1.60
2009.11.17 08:06:03.950,0.8467,0.84695,1.00,1.60
2009.11.17 08:06:04.690,0.84675,0.84705,1.00,8.00
2009.11.17 08:06:04.980,0.84675,0.84705,5.60,1.60
2009.11.17 08:06:05.280,0.84675,0.84705,6.40,1.60
2009.11.17 08:06:06.890,0.84675,0.84705,6.50,1.60
2009.11.17 08:06:10.020,0.84675,0.84705,4.10,1.60
2009.11.17 08:06:10.540,0.8468,0.84705,1.00,1.60
2009.11.17 08:06:13.899,0.84675,0.84705,4.10,1.60
2009.11.17 08:06:16.229,0.84675,0.84705,3.30,2.40
2009.11.17 08:06:16.409,0.8467,0.84705,5.70,6.40
2009.11.17 08:06:16.689,0.8467,0.84705,1.00,8.00
2009.11.17 08:06:17.568,0.8467,0.84705,1.00,8.00
2009.11.17 08:06:17.809,0.84665,0.84695,10.50,1.60
2009.11.17 08:06:18.038,0.84665,0.84695,6.50,1.60
2009.11.17 08:06:19.988,0.8467,0.84695,1.00,1.60
2009.11.17 08:06:21.658,0.8467,0.847,1.00,1.60
2009.11.17 08:06:26.276,0.8467,0.847,1.70,1.60
2009.11.17 08:06:26.866,0.84675,0.847,1.00,1.60
2009.11.17 08:06:27.106,0.8467,0.847,1.70,1.60
2009.11.17 08:06:32.565,0.84665,0.847,15.90,1.60
2009.11.17 08:06:36.564,0.84675,0.847,1.00,1.60
2009.11.17 08:06:37.024,0.84675,0.84705,1.00,4.00
2009.11.17 08:06:37.304,0.84675,0.847,1.00,1.60
2009.11.17 08:06:39.934,0.8467,0.847,3.20,1.60
2009.11.17 08:06:40.173,0.8467,0.847,3.20,1.80
2009.11.17 08:06:41.633,0.8467,0.847,3.20,1.60
2009.11.17 08:06:41.913,0.8467,0.847,3.20,1.80
2009.11.17 08:06:44.252,0.8467,0.84695,3.20,1.60
2009.11.17 08:06:44.412,0.8467,0.84695,2.40,1.60
2009.11.17 08:06:46.622,0.84675,0.847,1.00,1.80
2009.11.17 08:06:46.861,0.8467,0.847,3.20,2.80
2009.11.17 08:06:47.091,0.8467,0.847,3.20,1.80
2009.11.17 08:06:47.611,0.8467,0.847,3.20,1.60
2009.11.17 08:06:47.841,0.8467,0.847,3.20,1.80
2009.11.17 08:06:50.461,0.8467,0.847,3.20,1.60
2009.11.17 08:06:50.630,0.8467,0.847,3.20,1.80
2009.11.17 08:06:51.210,0.8468,0.84705,1.00,6.50
2009.11.17 08:06:51.380,0.84685,0.84705,1.00,2.40
2009.11.17 08:06:51.730,0.84685,0.84715,1.00,10.40
2009.11.17 08:06:52.070,0.84685,0.84715,3.20,2.40
2009.11.17 08:06:52.410,0.84685,0.8472,5.60,9.80
2009.11.17 08:06:53.430,0.84685,0.84715,5.60,1.00
2009.11.17 08:06:53.610,0.84685,0.84715,5.60,1.00
2009.11.17 08:06:55.479,0.84685,0.8472,5.70,9.60
2009.11.17 08:06:55.659,0.84685,0.84715,5.60,1.00
2009.11.17 08:06:55.999,0.84685,0.84715,5.60,1.00
2009.11.17 08:06:58.978,0.84685,0.84715,6.40,1.00
2009.11.17 08:06:59.488,0.84685,0.8472,6.50,9.80
2009.11.17 08:06:59.719,0.8469,0.8472,1.00,9.80
2009.11.17 08:06:59.878,0.8469,0.84715,1.00,1.00
2009.11.17 08:07:00.728,0.84695,0.84725,1.00,8.20
2009.11.17 08:07:01.888,0.84695,0.84725,1.00,8.00
2009.11.17 08:07:02.288,0.84695,0.84725,1.00,8.20
2009.11.17 08:07:04.967,0.84695,0.84725,1.00,8.00
2009.11.17 08:07:06.807,0.84695,0.84725,1.00,8.20
2009.11.17 08:07:07.087,0.847,0.84725,1.00,8.00
2009.11.17 08:07:07.376,0.847,0.84725,1.00,2.40
2009.11.17 08:07:07.717,0.847,0.84725,4.80,2.40
2009.11.17 08:07:08.426,0.847,0.8473,4.80,4.10
2009.11.17 08:07:08.876,0.847,0.8473,1.00,4.10
2009.11.17 08:07:09.216,0.847,0.8473,4.80,4.10
2009.11.17 08:07:09.846,0.847,0.8473,4.90,4.10
2009.11.17 08:07:11.096,0.847,0.8473,1.00,4.10
2009.11.17 08:07:14.055,0.847,0.8473,4.90,4.10
2009.11.17 08:07:17.864,0.847,0.8473,1.00,4.10
2009.11.17 08:07:18.494,0.847,0.8473,1.00,4.00
2009.11.17 08:07:18.714,0.847,0.8473,1.00,4.10
2009.11.17 08:07:20.933,0.847,0.8473,1.00,4.00
2009.11.17 08:07:21.223,0.847,0.8473,4.90,4.00
2009.11.17 08:07:21.563,0.847,0.84725,4.00,1.60
2009.11.17 08:07:21.843,0.84695,0.84725,1.00,4.00
2009.11.17 08:07:22.533,0.84705,0.84725,2.40,2.40
2009.11.17 08:07:22.753,0.84705,0.84725,1.60,4.00
2009.11.17 08:07:22.983,0.84695,0.84725,3.30,1.60
2009.11.17 08:07:23.383,0.84695,0.84725,3.20,1.60
2009.11.17 08:07:24.762,0.84695,0.84725,3.20,1.80
2009.11.17 08:07:27.072,0.84695,0.84725,3.20,1.60
2009.11.17 08:07:27.712,0.84695,0.8473,8.80,5.80
2009.11.17 08:07:30.031,0.84695,0.8472,6.40,1.60
2009.11.17 08:07:30.211,0.8469,0.8472,3.30,1.60
2009.11.17 08:07:30.621,0.8469,0.8472,1.00,1.60
2009.11.17 08:07:30.851,0.84685,0.8472,9.70,1.60
2009.11.17 08:07:31.131,0.84685,0.8472,5.70,1.60
2009.11.17 08:07:32.401,0.84685,0.8472,5.70,4.00
2009.11.17 08:07:32.570,0.84685,0.8472,5.70,5.60
2009.11.17 08:07:33.311,0.8469,0.8472,1.00,5.60
2009.11.17 08:07:34.650,0.8469,0.8472,1.00,5.60
2009.11.17 08:07:44.898,0.84685,0.8471,9.30,1.60
2009.11.17 08:07:45.118,0.84685,0.84715,9.70,1.60
2009.11.17 08:07:45.357,0.8469,0.84715,1.00,1.60
2009.11.17 08:07:45.887,0.84685,0.84715,3.70,1.60
2009.11.17 08:07:46.168,0.84685,0.84715,3.20,1.60
2009.11.17 08:07:46.787,0.84685,0.8471,2.40,1.60
2009.11.17 08:07:47.127,0.8468,0.84715,7.30,6.70
2009.11.17 08:07:47.477,0.8469,0.84715,1.00,4.00
2009.11.17 08:07:53.235,0.8468,0.84695,6.40,1.60
2009.11.17 08:07:53.456,0.8468,0.847,1.00,1.00
2009.11.17 08:07:53.726,0.8468,0.8471,1.00,1.60
2009.11.17 08:07:53.966,0.84685,0.84715,1.00,8.20
2009.11.17 08:07:55.335,0.84685,0.8471,1.00,3.20
2009.11.17 08:07:55.455,0.8468,0.8471,4.80,3.20
2009.11.17 08:07:55.565,0.8468,0.8471,1.00,3.20
2009.11.17 08:07:55.795,0.84675,0.8471,8.90,4.00
2009.11.17 08:07:56.166,0.84675,0.84695,2.40,1.60
2009.11.17 08:07:56.505,0.8467,0.847,3.20,2.20
2009.11.17 08:07:56.865,0.8467,0.847,3.20,1.60
2009.11.17 08:07:57.155,0.8467,0.84705,5.00,4.20
2009.11.17 08:07:57.895,0.84675,0.84705,2.50,1.60
2009.11.17 08:07:58.225,0.84675,0.84705,2.40,1.60
2009.11.17 08:07:58.564,0.84675,0.847,2.40,1.60
2009.11.17 08:07:58.914,0.8467,0.847,2.50,1.60
2009.11.17 08:07:59.264,0.8467,0.847,3.30,1.60
2009.11.17 08:08:00.524,0.84675,0.84705,1.00,4.00
2009.11.17 08:08:01.574,0.8467,0.84705,9.00,4.00
2009.11.17 08:08:01.813,0.84675,0.84705,1.00,4.00
2009.11.17 08:08:02.093,0.8467,0.84705,9.00,4.00
2009.11.17 08:08:02.603,0.8467,0.84705,9.00,8.00
2009.11.17 08:08:03.173,0.8467,0.847,6.50,4.60
2009.11.17 08:08:03.283,0.8467,0.8469,4.00,2.40
2009.11.17 08:08:03.403,0.8466,0.84685,1.00,1.60
2009.11.17 08:08:03.853,0.8466,0.84685,1.00,3.20
2009.11.17 08:08:04.153,0.8466,0.84685,1.00,5.60
2009.11.17 08:08:05.622,0.8466,0.8468,1.00,1.60
2009.11.17 08:08:06.032,0.8466,0.84685,1.00,2.40
2009.11.17 08:08:06.193,0.8466,0.8469,1.00,10.40
2009.11.17 08:08:06.423,0.8466,0.84675,1.00,1.60
2009.11.17 08:08:06.652,0.84655,0.8468,2.50,1.60
2009.11.17 08:08:07.112,0.8466,0.8469,1.00,10.40
2009.11.17 08:08:07.632,0.8466,0.84685,1.00,1.00
2009.11.17 08:08:07.922,0.8466,0.84685,1.00,6.40
2009.11.17 08:08:08.852,0.8466,0.84685,1.00,4.00
2009.11.17 08:08:09.412,0.8466,0.84685,1.00,2.40
2009.11.17 08:08:09.831,0.8466,0.8469,1.00,7.00
2009.11.17 08:08:10.411,0.8466,0.8469,1.00,3.80
2009.11.17 08:08:10.581,0.8466,0.8469,1.00,1.60
2009.11.17 08:08:13.781,0.8466,0.8469,2.50,1.60
2009.11.17 08:08:16.020,0.8466,0.8469,3.30,1.60
2009.11.17 08:08:16.260,0.8466,0.8469,2.50,1.60
2009.11.17 08:08:16.960,0.8466,0.8469,3.30,1.60
2009.11.17 08:08:17.310,0.84665,0.8469,4.80,1.60
2009.11.17 08:08:24.068,0.84665,0.8469,2.40,1.60
2009.11.17 08:08:24.468,0.8466,0.8469,1.00,2.20
2009.11.17 08:08:25.808,0.8466,0.8469,1.00,3.00
2009.11.17 08:08:25.978,0.84655,0.8469,10.10,3.00
2009.11.17 08:08:26.088,0.84655,0.84685,5.70,1.60
2009.11.17 08:08:26.647,0.84655,0.84685,5.60,1.60
2009.11.17 08:08:28.007,0.84655,0.84685,5.70,1.60
2009.11.17 08:08:28.737,0.8466,0.84685,1.00,1.60
2009.11.17 08:08:30.966,0.84655,0.8468,4.80,1.60
2009.11.17 08:08:31.306,0.8465,0.8468,2.50,1.60
2009.11.17 08:08:31.646,0.8465,0.8468,3.30,1.60
2009.11.17 08:08:31.926,0.8465,0.84685,7.30,8.00
2009.11.17 08:08:32.216,0.8465,0.84685,6.50,9.40
2009.11.17 08:08:32.516,0.8465,0.8468,2.50,1.60
2009.11.17 08:08:34.716,0.8465,0.8468,1.00,2.40
2009.11.17 08:08:34.946,0.8465,0.84675,1.00,1.60
2009.11.17 08:08:35.356,0.8465,0.84675,1.00,3.20
2009.11.17 08:08:35.825,0.84645,0.8467,6.50,1.60
2009.11.17 08:08:36.176,0.84645,0.8467,1.00,1.60
2009.11.17 08:08:37.215,0.8464,0.8467,1.00,1.60
2009.11.17 08:08:38.775,0.8464,0.84675,1.00,13.00
2009.11.17 08:08:39.005,0.8464,0.84675,1.00,12.00
2009.11.17 08:08:39.294,0.84645,0.84675,1.00,8.00
2009.11.17 08:08:39.814,0.84645,0.8468,1.00,12.90
2009.11.17 08:08:40.094,0.8465,0.84675,1.00,4.00
2009.11.17 08:08:40.334,0.8465,0.84675,1.00,2.40
2009.11.17 08:08:40.804,0.84655,0.84675,1.00,2.40
2009.11.17 08:08:41.154,0.84655,0.84685,1.00,8.00
2009.11.17 08:08:41.824,0.84655,0.84685,1.00,8.00
2009.11.17 08:08:43.893,0.84655,0.84685,1.00,8.80
2009.11.17 08:08:44.133,0.8465,0.8468,4.90,1.60
2009.11.17 08:08:44.363,0.84655,0.84685,1.00,8.60
2009.11.17 08:08:44.633,0.84655,0.84685,1.00,8.00
2009.11.17 08:08:45.663,0.84655,0.84685,1.00,8.00
2009.11.17 08:08:46.143,0.8465,0.8468,1.00,5.60
2009.11.17 08:08:49.592,0.8465,0.8468,1.00,3.20
2009.11.17 08:08:56.450,0.8465,0.8468,1.00,3.20
2009.11.17 08:08:56.690,0.84645,0.8468,7.30,3.20
2009.11.17 08:08:56.910,0.84645,0.8468,5.70,3.20
2009.11.17 08:09:00.769,0.84645,0.8468,9.70,3.20
2009.11.17 08:09:01.449,0.84645,0.8468,5.70,3.20
2009.11.17 08:09:01.909,0.8465,0.8468,1.00,1.60
2009.11.17 08:09:02.199,0.84655,0.84685,1.00,8.00
2009.11.17 08:09:02.549,0.8465,0.84685,7.20,5.60
2009.11.17 08:09:03.249,0.8465,0.84685,3.20,5.60
2009.11.17 08:09:03.479,0.8465,0.84685,1.00,8.00
2009.11.17 08:09:03.648,0.84645,0.84685,9.70,8.80
2009.11.17 08:09:03.759,0.84645,0.84685,10.10,8.80
2009.11.17 08:09:03.929,0.84645,0.84685,9.70,8.80
2009.11.17 08:09:04.168,0.84655,0.84685,1.00,8.00
2009.11.17 08:09:04.459,0.84655,0.84685,1.00,4.00
2009.11.17 08:09:04.688,0.8465,0.84685,3.20,4.80
2009.11.17 08:09:04.978,0.84645,0.84685,9.70,8.80
2009.11.17 08:09:06.548,0.8465,0.8468,1.00,1.60
2009.11.17 08:09:06.668,0.8465,0.8468,1.00,4.00
2009.11.17 08:09:06.848,0.8465,0.84685,1.00,8.00
2009.11.17 08:09:07.938,0.8465,0.84685,1.00,8.80
2009.11.17 08:09:08.298,0.8465,0.84685,1.00,8.00
2009.11.17 08:09:09.197,0.8465,0.84685,1.00,8.80
2009.11.17 08:09:09.837,0.8465,0.84685,1.00,8.00
2009.11.17 08:09:10.127,0.84645,0.8468,10.10,1.60
2009.11.17 08:09:10.237,0.84645,0.8468,9.70,1.60
2009.11.17 08:09:10.347,0.84645,0.8468,9.70,5.60
2009.11.17 08:09:10.587,0.84645,0.8468,5.70,5.60
2009.11.17 08:09:14.006,0.84645,0.8468,7.40,4.00
2009.11.17 08:09:14.226,0.84645,0.8468,4.90,6.40
2009.11.17 08:09:14.396,0.84645,0.8468,2.50,6.40
2009.11.17 08:09:14.636,0.84645,0.84675,1.00,2.40
2009.11.17 08:09:15.036,0.84645,0.84675,1.00,4.80
2009.11.17 08:09:15.276,0.84645,0.84665,1.00,1.60
2009.11.17 08:09:15.556,0.8464,0.84665,4.00,6.40
2009.11.17 08:09:15.856,0.84635,0.84665,1.70,6.40
2009.11.17 08:09:16.665,0.84635,0.84665,1.00,6.40
2009.11.17 08:09:17.355,0.8463,0.84665,3.60,10.50
2009.11.17 08:09:17.645,0.8463,0.84665,2.40,12.80
2009.11.17 08:09:17.935,0.8463,0.84665,2.40,13.00
2009.11.17 08:09:18.215,0.8463,0.84665,2.40,12.80
2009.11.17 08:09:18.395,0.8463,0.84665,2.40,13.00
2009.11.17 08:09:18.565,0.8463,0.84665,2.40,12.80
2009.11.17 08:09:18.905,0.8463,0.84665,2.40,13.00
2009.11.17 08:09:19.935,0.8463,0.84665,2.40,12.80
2009.11.17 08:09:20.284,0.8463,0.84665,2.40,13.00
2009.11.17 08:09:20.504,0.84625,0.84655,2.50,2.40
2009.11.17 08:09:20.784,0.84625,0.84655,2.40,2.40
2009.11.17 08:09:21.014,0.8462,0.84655,2.50,4.80
2009.11.17 08:09:21.254,0.8462,0.84655,1.00,8.80
2009.11.17 08:09:21.544,0.8462,0.84655,1.00,12.80
2009.11.17 08:09:22.114,0.8463,0.84655,1.00,12.00
2009.11.17 08:09:22.404,0.84635,0.84655,1.00,4.00
2009.11.17 08:09:22.624,0.84635,0.84655,1.00,2.40
2009.11.17 08:09:22.794,0.84635,0.8466,1.00,1.60
2009.11.17 08:09:23.774,0.84635,0.8466,1.00,1.60
2009.11.17 08:09:24.843,0.8464,0.8466,1.00,1.60
2009.11.17 08:09:25.234,0.84635,0.8466,1.00,1.60
2009.11.17 08:09:25.403,0.8464,0.8466,1.00,1.60
2009.11.17 08:09:27.083,0.84635,0.8466,1.00,1.60
2009.11.17 08:09:27.313,0.84635,0.8466,1.00,4.00
2009.11.17 08:09:28.462,0.84635,0.8466,1.00,1.60
2009.11.17 08:09:31.512,0.8463,0.8466,4.50,2.40
2009.11.17 08:09:31.792,0.84635,0.8466,1.00,2.60
2009.11.17 08:09:32.072,0.84635,0.8466,1.00,1.60
2009.11.17 08:09:33.401,0.84635,0.8466,1.00,1.60
2009.11.17 08:09:36.211,0.84635,0.8466,1.00,3.20
2009.11.17 08:09:36.441,0.8463,0.8466,1.00,4.20
2009.11.17 08:09:36.611,0.84625,0.8466,4.90,4.00
2009.11.17 08:09:36.891,0.8463,0.8466,1.00,3.20
2009.11.17 08:09:37.171,0.8463,0.84665,3.30,6.50
2009.11.17 08:09:37.460,0.84635,0.84665,1.00,2.40
2009.11.17 08:09:37.740,0.8464,0.8467,1.00,11.40
2009.11.17 08:09:38.071,0.8465,0.8467,1.00,4.00
2009.11.17 08:09:38.350,0.8465,0.84675,1.60,6.40
2009.11.17 08:09:38.700,0.84645,0.8468,7.60,1.80
2009.11.17 08:09:38.930,0.84645,0.84685,7.60,15.40
2009.11.17 08:09:39.220,0.84645,0.8468,7.60,1.80
2009.11.17 08:09:39.700,0.8465,0.8468,1.00,1.80
2009.11.17 08:09:39.820,0.8465,0.8468,3.00,1.00
2009.11.17 08:09:39.940,0.8465,0.8468,1.80,3.20
2009.11.17 08:09:40.050,0.84645,0.84675,6.50,1.80
2009.11.17 08:09:40.170,0.84645,0.84675,4.90,1.80
2009.11.17 08:09:40.230,0.84645,0.84675,2.50,5.80
2009.11.17 08:09:40.460,0.84645,0.84675,1.00,8.20
2009.11.17 08:09:40.580,0.84645,0.84675,1.00,6.40
2009.11.17 08:09:41.459,0.8465,0.84675,1.00,6.40
2009.11.17 08:09:43.409,0.8465,0.84675,1.00,8.20
2009.11.17 08:09:43.629,0.8465,0.84675,1.00,6.40
2009.11.17 08:09:43.799,0.84645,0.84675,4.30,6.40
2009.11.17 08:09:43.979,0.8465,0.8467,1.00,4.00
2009.11.17 08:09:44.639,0.84645,0.84665,1.00,1.60
2009.11.17 08:09:44.929,0.84645,0.84665,1.00,4.00
2009.11.17 08:09:48.158,0.8464,0.84665,1.00,6.40
2009.11.17 08:09:48.268,0.8464,0.84665,1.00,6.40
2009.11.17 08:09:48.778,0.8464,0.84665,1.00,8.00
2009.11.17 08:09:49.168,0.84635,0.8466,1.00,4.00
2009.11.17 08:09:49.467,0.8463,0.8466,2.60,4.00
2009.11.17 08:09:50.507,0.8463,0.8466,1.60,4.80
2009.11.17 08:09:50.807,0.84625,0.84655,6.40,2.40
2009.11.17 08:09:51.047,0.84625,0.84655,2.40,6.40
2009.11.17 08:09:51.327,0.8462,0.84655,1.00,8.80
2009.11.17 08:09:51.667,0.84615,0.8465,10.10,2.40
2009.11.17 08:09:51.897,0.84615,0.8465,6.40,6.40
2009.11.17 08:09:52.177,0.84615,0.84645,2.40,1.00
2009.11.17 08:09:52.467,0.84615,0.84645,2.40,4.80
2009.11.17 08:09:52.807,0.8461,0.84645,1.70,6.40
2009.11.17 08:09:53.147,0.8461,0.84645,1.00,6.40
2009.11.17 08:09:53.547,0.8461,0.84645,1.30,8.00
2009.11.17 08:09:53.666,0.8461,0.8465,2.60,17.20
2009.11.17 08:09:53.836,0.8461,0.84645,2.60,8.00
2009.11.17 08:09:54.116,0.84605,0.84645,13.00,8.80
2009.11.17 08:09:54.276,0.84605,0.84645,7.40,12.80
2009.11.17 08:09:54.746,0.84605,0.8464,4.80,4.00
2009.11.17 08:09:55.046,0.84605,0.8464,5.60,7.20
2009.11.17 08:09:55.386,0.84605,0.8464,4.80,8.00
2009.11.17 08:09:55.726,0.84605,0.84635,2.40,2.40
2009.11.17 08:09:56.306,0.84605,0.84635,2.40,2.60
2009.11.17 08:09:56.536,0.84605,0.84635,2.40,2.40
2009.11.17 08:09:57.106,0.84605,0.84635,2.40,2.60
2009.11.17 08:09:57.466,0.84605,0.84635,2.40,2.40
2009.11.17 08:09:57.756,0.84605,0.84635,2.40,2.60
2009.11.17 08:09:58.105,0.84605,0.84635,2.40,2.40
2009.11.17 08:09:58.335,0.84605,0.84635,2.40,2.60
2009.11.17 08:09:58.565,0.84605,0.84635,2.40,2.40
2009.11.17 08:09:58.795,0.84605,0.84635,2.40,2.60
2009.11.17 08:09:59.545,0.84605,0.84635,2.40,2.40
2009.11.17 08:09:59.765,0.84605,0.84635,2.40,2.60
2009.11.17 08:10:00.165,0.84605,0.84635,2.40,2.40
2009.11.17 08:10:02.105,0.84605,0.8463,2.40,1.60
2009.11.17 08:10:02.395,0.846,0.8463,1.00,1.60
2009.11.17 08:10:02.687,0.846,0.84635,4.80,8.00
2009.11.17 08:10:02.975,0.846,0.84635,1.00,7.20
2009.11.17 08:10:03.324,0.846,0.84635,1.00,11.20
2009.11.17 08:10:03.624,0.846,0.84635,1.00,7.20
2009.11.17 08:10:05.404,0.846,0.84635,1.80,7.20
2009.11.17 08:10:05.524,0.846,0.84635,2.60,6.40
2009.11.17 08:10:06.414,0.846,0.84635,5.00,4.00
2009.11.17 08:10:06.713,0.846,0.84635,4.80,4.00
2009.11.17 08:10:10.093,0.84605,0.84635,1.00,4.00
2009.11.17 08:10:10.952,0.846,0.84635,9.20,4.00
2009.11.17 08:10:11.572,0.846,0.84635,8.80,4.00
2009.11.17 08:10:12.102,0.84605,0.84635,1.00,4.00
2009.11.17 08:10:14.702,0.8461,0.84635,1.00,5.60
2009.11.17 08:10:14.862,0.8461,0.84635,1.00,4.00
2009.11.17 08:10:21.370,0.8461,0.84635,1.00,7.20
2009.11.17 08:10:21.700,0.846,0.8462,4.00,2.40
2009.11.17 08:10:22.060,0.84595,0.8462,1.00,2.40
2009.11.17 08:10:22.410,0.84585,0.8462,11.40,2.60
2009.11.17 08:10:23.740,0.8459,0.8462,2.40,1.80
2009.11.17 08:10:24.029,0.8459,0.84625,2.50,4.80
2009.11.17 08:10:24.389,0.8459,0.84625,5.70,2.40
2009.11.17 08:10:26.598,0.84595,0.84625,2.80,2.40
2009.11.17 08:10:26.948,0.84595,0.84625,2.40,2.40
2009.11.17 08:10:27.228,0.8459,0.84625,4.50,4.80
2009.11.17 08:10:28.878,0.8459,0.84625,4.40,5.00
2009.11.17 08:10:29.108,0.8459,0.84625,4.40,9.00
2009.11.17 08:10:29.158,0.8459,0.84625,1.20,9.00
2009.11.17 08:10:29.278,0.8459,0.84625,1.20,11.40
2009.11.17 08:10:29.328,0.8459,0.84625,2.00,9.00
2009.11.17 08:10:29.448,0.8459,0.84625,1.60,9.00
2009.11.17 08:10:29.508,0.8459,0.84625,1.00,6.40
2009.11.17 08:10:29.868,0.8459,0.84625,5.40,8.00
2009.11.17 08:10:30.158,0.8459,0.84625,6.20,4.00
2009.11.17 08:10:30.798,0.84595,0.84625,1.00,4.00
2009.11.17 08:10:31.667,0.8459,0.84625,5.00,4.80
2009.11.17 08:10:31.838,0.8459,0.84625,1.00,6.40
2009.11.17 08:10:32.067,0.8459,0.84625,1.20,10.40
2009.11.17 08:10:32.287,0.84595,0.84625,1.00,12.00
2009.11.17 08:10:32.977,0.8459,0.84625,1.80,12.20
2009.11.17 08:10:33.317,0.84595,0.84625,1.00,8.20
2009.11.17 08:10:33.667,0.8459,0.84625,1.30,13.00
2009.11.17 08:10:34.128,0.8459,0.8462,1.00,4.00
2009.11.17 08:10:34.417,0.84595,0.8462,1.00,4.10
2009.11.17 08:10:34.707,0.8459,0.8462,1.20,4.00
2009.11.17 08:10:34.987,0.84595,0.8462,1.00,4.10
2009.11.17 08:10:35.227,0.84595,0.8462,1.00,1.60
2009.11.17 08:10:35.467,0.84595,0.84625,1.60,8.10
2009.11.17 08:10:35.747,0.846,0.84625,1.00,6.40
2009.11.17 08:10:36.096,0.84595,0.84625,7.80,4.00
2009.11.17 08:10:36.446,0.84595,0.8463,7.40,5.70
2009.11.17 08:10:37.126,0.8461,0.8463,4.00,4.00
2009.11.17 08:10:37.476,0.8461,0.8463,1.60,4.00
2009.11.17 08:10:37.826,0.84595,0.8463,7.40,4.00
2009.11.17 08:10:38.666,0.84595,0.8463,7.40,4.10
2009.11.17 08:10:38.906,0.84615,0.8463,1.00,4.00
2009.11.17 08:10:39.646,0.84615,0.8464,1.00,4.00
2009.11.17 08:10:39.936,0.8462,0.84645,3.20,6.40
2009.11.17 08:10:40.445,0.8462,0.84645,4.00,6.40
2009.11.17 08:10:40.715,0.8462,0.84645,4.20,6.40
2009.11.17 08:10:40.946,0.84625,0.84645,1.00,2.40
2009.11.17 08:10:41.235,0.84625,0.8465,1.00,4.10
2009.11.17 08:10:41.875,0.84625,0.8465,1.00,4.00
2009.11.17 08:10:42.495,0.8462,0.8465,2.00,4.00
2009.11.17 08:10:42.895,0.8462,0.84645,1.00,1.00
2009.11.17 08:10:43.225,0.8461,0.84645,1.00,12.80
2009.11.17 08:10:43.565,0.8461,0.84645,1.00,12.80
2009.11.17 08:10:43.945,0.8461,0.8464,1.00,4.00
2009.11.17 08:10:44.555,0.8461,0.8464,1.00,6.40
2009.11.17 08:10:44.844,0.8461,0.8464,1.00,10.40
2009.11.17 08:10:45.134,0.8461,0.84635,1.00,2.40
2009.11.17 08:10:45.714,0.84605,0.84635,1.00,2.40
2009.11.17 08:10:46.054,0.84605,0.84635,1.00,4.00
2009.11.17 08:10:46.294,0.84605,0.84635,1.00,6.40
2009.11.17 08:10:46.644,0.846,0.84635,6.50,7.20
2009.11.17 08:10:46.983,0.84605,0.84635,1.00,8.40
2009.11.17 08:10:47.374,0.84605,0.84635,1.00,10.40
2009.11.17 08:10:47.723,0.84605,0.84635,1.00,6.40
2009.11.17 08:10:48.073,0.84605,0.84635,1.00,9.90
2009.11.17 08:10:48.533,0.84605,0.84635,1.00,9.70
2009.11.17 08:10:48.763,0.84605,0.84635,1.00,9.10
2009.11.17 08:10:48.863,0.84605,0.84635,2.60,2.40
2009.11.17 08:10:49.263,0.84605,0.84635,1.80,2.40
2009.11.17 08:10:49.583,0.84605,0.84635,2.40,2.40
2009.11.17 08:10:49.973,0.846,0.84635,4.90,8.80
2009.11.17 08:10:50.333,0.846,0.84635,1.00,8.80
2009.11.17 08:10:51.723,0.846,0.84635,1.00,17.20
2009.11.17 08:10:52.002,0.846,0.84615,1.00,1.60
2009.11.17 08:10:52.223,0.8459,0.8462,1.00,4.00
2009.11.17 08:10:52.452,0.8459,0.8462,1.00,1.60
2009.11.17 08:10:52.962,0.8459,0.8462,1.00,1.60
2009.11.17 08:10:54.912,0.8459,0.84625,1.00,8.80
2009.11.17 08:10:55.152,0.8459,0.84625,3.30,8.80
2009.11.17 08:10:56.951,0.8459,0.84625,5.00,7.20
2009.11.17 08:10:57.121,0.84595,0.84625,1.00,6.40
2009.11.17 08:10:57.921,0.8459,0.84625,12.60,2.40
2009.11.17 08:10:58.481,0.84595,0.84625,1.00,4.00
2009.11.17 08:10:58.701,0.84595,0.84625,4.80,2.40
2009.11.17 08:10:59.281,0.84595,0.8463,7.20,7.30
2009.11.17 08:10:59.920,0.84595,0.8463,7.20,7.50
2009.11.17 08:11:00.301,0.84595,0.8463,7.40,7.50
2009.11.17 08:11:00.710,0.84595,0.8463,7.30,7.40
2009.11.17 08:11:01.920,0.846,0.8463,1.00,7.30
2009.11.17 08:11:02.200,0.84595,0.8463,7.40,7.50
2009.11.17 08:11:02.550,0.846,0.8463,1.00,7.30
2009.11.17 08:11:02.890,0.84595,0.8463,7.40,5.10
2009.11.17 08:11:03.240,0.84595,0.8463,7.60,4.90
2009.11.17 08:11:03.809,0.84595,0.8463,7.40,5.10
2009.11.17 08:11:04.609,0.84605,0.8463,1.00,4.30
2009.11.17 08:11:04.779,0.84605,0.8463,2.60,2.40
2009.11.17 08:11:04.959,0.84605,0.84635,2.60,6.40
2009.11.17 08:11:05.249,0.84605,0.84635,2.60,2.40
2009.11.17 08:11:06.639,0.84605,0.84635,2.40,2.50
2009.11.17 08:11:07.169,0.846,0.8463,1.00,2.60
2009.11.17 08:11:07.339,0.846,0.84635,1.00,13.00
2009.11.17 08:11:07.569,0.846,0.84635,1.00,8.80
2009.11.17 08:11:07.729,0.84595,0.8463,11.80,3.30
2009.11.17 08:11:08.178,0.84595,0.8463,7.40,7.30
2009.11.17 08:11:08.499,0.846,0.84635,3.30,12.80
2009.11.17 08:11:08.829,0.846,0.8463,1.00,4.00
2009.11.17 08:11:10.238,0.846,0.8463,1.00,4.00
2009.11.17 08:11:10.768,0.846,0.8463,1.00,1.60
2009.11.17 08:11:10.888,0.846,0.84635,1.00,8.80
2009.11.17 08:11:10.938,0.84605,0.84635,1.00,8.80
2009.11.17 08:11:11.398,0.84605,0.84635,1.00,8.00
2009.11.17 08:11:12.378,0.8461,0.84635,1.00,2.40
2009.11.17 08:11:12.728,0.8461,0.8464,1.00,8.00
2009.11.17 08:11:13.027,0.84605,0.8464,11.80,5.60
2009.11.17 08:11:13.327,0.84605,0.8464,7.40,5.80
2009.11.17 08:11:13.667,0.84605,0.84635,2.50,5.60
2009.11.17 08:11:13.957,0.84605,0.84635,1.00,8.00
2009.11.17 08:11:14.317,0.84605,0.8463,1.00,1.60
2009.11.17 08:11:15.417,0.846,0.8463,1.00,1.60
2009.11.17 08:11:15.867,0.846,0.8463,1.00,2.40
2009.11.17 08:11:16.107,0.84595,0.84625,6.90,1.60
2009.11.17 08:11:16.337,0.84595,0.84625,4.10,5.60
2009.11.17 08:11:16.557,0.84595,0.84625,1.00,8.00
2009.11.17 08:11:16.827,0.84595,0.84625,2.60,6.40
2009.11.17 08:11:17.056,0.84595,0.84625,2.60,2.40
2009.11.17 08:11:17.806,0.846,0.84625,1.00,2.40
2009.11.17 08:11:18.096,0.846,0.8463,1.00,5.60
2009.11.17 08:11:18.676,0.84605,0.84635,1.00,12.00
2009.11.17 08:11:18.966,0.84605,0.84635,1.00,8.00
2009.11.17 08:11:19.196,0.84605,0.84635,2.60,2.40
2009.11.17 08:11:19.536,0.84605,0.8464,3.30,4.00
2009.11.17 08:11:19.986,0.8461,0.8464,1.00,4.00
2009.11.17 08:11:22.515,0.84605,0.84635,2.40,4.00
2009.11.17 08:11:22.695,0.846,0.84635,1.00,6.40
2009.11.17 08:11:23.085,0.846,0.84635,2.60,6.40
2009.11.17 08:11:23.265,0.846,0.84635,6.60,6.40
2009.11.17 08:11:24.405,0.84605,0.84635,1.00,6.40
2009.11.17 08:11:24.745,0.84605,0.84635,1.00,2.40
2009.11.17 08:11:25.095,0.8461,0.8464,1.00,4.00
2009.11.17 08:11:27.004,0.8461,0.8464,1.00,1.60
2009.11.17 08:11:29.093,0.84605,0.8464,10.00,2.40
2009.11.17 08:11:29.263,0.84605,0.84635,5.60,1.60
2009.11.17 08:11:29.383,0.84605,0.84635,6.00,1.60
2009.11.17 08:11:29.733,0.8461,0.8464,1.00,1.60
2009.11.17 08:11:30.134,0.8461,0.84645,6.80,2.50
2009.11.17 08:11:30.483,0.84615,0.84645,3.20,1.60
2009.11.17 08:11:30.813,0.84615,0.84645,1.00,1.70
2009.11.17 08:11:31.143,0.84615,0.84645,1.00,4.10
2009.11.17 08:11:31.883,0.8461,0.8464,1.00,1.60
2009.11.17 08:11:32.233,0.8462,0.84645,1.00,2.40
2009.11.17 08:11:32.933,0.8462,0.8465,1.00,1.70
2009.11.17 08:11:33.213,0.8462,0.8465,1.00,4.10
2009.11.17 08:11:33.742,0.84615,0.84645,3.60,1.80
2009.11.17 08:11:33.972,0.84615,0.84645,3.20,1.80
2009.11.17 08:11:34.393,0.8462,0.8465,1.00,9.00
2009.11.17 08:11:34.622,0.8462,0.84645,1.00,2.40
2009.11.17 08:11:34.862,0.84615,0.84645,2.80,2.40
2009.11.17 08:11:35.092,0.84615,0.84645,2.40,2.40
2009.11.17 08:11:35.262,0.84615,0.84645,2.40,4.00
2009.11.17 08:11:35.382,0.84615,0.84645,2.40,6.40
2009.11.17 08:11:35.502,0.84615,0.84645,1.00,8.20
2009.11.17 08:11:36.532,0.8461,0.84645,3.70,8.20
2009.11.17 08:11:36.822,0.8461,0.84645,1.00,8.20
2009.11.17 08:11:38.111,0.8461,0.84645,1.00,6.50
2009.11.17 08:11:38.401,0.84615,0.84645,2.60,6.40
2009.11.17 08:11:38.681,0.84615,0.84645,2.60,4.00
2009.11.17 08:11:38.851,0.8462,0.84645,1.00,4.00
2009.11.17 08:11:39.021,0.8462,0.84645,1.00,5.60
2009.11.17 08:11:39.142,0.8462,0.84645,1.00,5.60
2009.11.17 08:11:39.361,0.84615,0.84645,4.10,5.60
2009.11.17 08:11:39.421,0.84615,0.84645,4.00,8.00
2009.11.17 08:11:39.531,0.8461,0.84645,8.90,8.00
2009.11.17 08:11:39.591,0.8461,0.84645,4.90,8.00
2009.11.17 08:11:39.951,0.8461,0.84645,1.00,8.00
2009.11.17 08:11:40.291,0.8461,0.84645,1.00,12.00
2009.11.17 08:11:40.641,0.8461,0.84645,1.00,8.00
2009.11.17 08:11:40.921,0.8461,0.84645,1.00,8.20
2009.11.17 08:11:41.431,0.8461,0.84645,1.00,8.00
2009.11.17 08:11:41.670,0.84615,0.84645,1.00,8.00
2009.11.17 08:11:41.951,0.8461,0.84645,3.20,5.60
2009.11.17 08:11:42.180,0.84615,0.84645,1.00,4.00
2009.11.17 08:11:42.920,0.8462,0.84645,1.00,4.00
2009.11.17 08:11:43.270,0.84615,0.84655,9.60,13.00
2009.11.17 08:11:43.660,0.84615,0.8465,5.60,4.00
2009.11.17 08:11:46.739,0.8461,0.84645,15.60,1.60
2009.11.17 08:11:47.649,0.8462,0.84645,1.00,1.60
2009.11.17 08:11:47.889,0.8462,0.84645,1.00,5.60
2009.11.17 08:11:48.189,0.8462,0.84645,1.00,1.60
2009.11.17 08:11:50.109,0.84615,0.84645,3.60,2.40
2009.11.17 08:11:50.339,0.84615,0.84635,3.20,6.40
2009.11.17 08:11:50.578,0.846,0.8463,3.20,1.60
2009.11.17 08:11:50.798,0.846,0.84625,1.00,2.40
2009.11.17 08:11:51.038,0.84595,0.8463,3.30,10.90
2009.11.17 08:11:51.278,0.84595,0.8463,3.30,5.60
2009.11.17 08:11:51.879,0.84595,0.8463,5.70,5.60
2009.11.17 08:11:52.928,0.84595,0.8463,7.40,4.00
2009.11.17 08:11:53.148,0.84595,0.8463,11.20,6.40
2009.11.17 08:11:53.618,0.84595,0.8463,12.00,4.00
2009.11.17 08:11:53.847,0.84595,0.8463,8.00,4.00
2009.11.17 08:11:53.968,0.84595,0.8463,7.20,2.40
2009.11.17 08:11:54.078,0.84595,0.84635,7.20,12.80
2009.11.17 08:11:54.188,0.84595,0.8463,7.40,2.60
2009.11.17 08:11:54.418,0.84595,0.84615,7.40,1.00
2009.11.17 08:11:56.047,0.84595,0.84605,6.60,1.00
2009.11.17 08:11:56.327,0.84595,0.8464,6.60,6.60
2009.11.17 08:11:56.567,0.84595,0.8464,7.60,6.40
2009.11.17 08:11:56.857,0.84595,0.8464,7.40,6.60
2009.11.17 08:11:57.666,0.84595,0.8463,7.40,4.00
2009.11.17 08:11:59.626,0.84595,0.84615,7.40,1.00
2009.11.17 08:11:59.856,0.84595,0.8464,7.40,6.60
2009.11.17 08:12:03.486,0.84595,0.8463,7.40,6.40
2009.11.17 08:12:03.715,0.84595,0.8463,7.40,6.60
2009.11.17 08:12:06.644,0.84595,0.8463,7.40,6.40
2009.11.17 08:12:06.985,0.84595,0.8463,7.40,6.60
2009.11.17 08:12:07.274,0.846,0.8463,1.00,4.00
2009.11.17 08:12:08.684,0.84595,0.84625,8.80,4.00
2009.11.17 08:12:08.974,0.84595,0.84625,2.40,4.00
2009.11.17 08:12:09.684,0.8459,0.84625,8.10,6.40
2009.11.17 08:12:09.984,0.8459,0.84625,9.80,4.80
2009.11.17 08:12:10.284,0.846,0.84625,1.00,4.00
2009.11.17 08:12:10.404,0.846,0.84625,3.30,2.40
2009.11.17 08:12:10.514,0.846,0.84625,8.90,2.40
2009.11.17 08:12:10.634,0.846,0.8463,8.90,4.00
2009.11.17 08:12:10.933,0.84605,0.84635,1.00,6.50
2009.11.17 08:12:11.173,0.84605,0.84635,5.10,2.40
2009.11.17 08:12:11.453,0.84605,0.84635,9.10,2.40
2009.11.17 08:12:13.503,0.8461,0.84635,1.00,2.40
2009.11.17 08:12:17.412,0.84605,0.84635,9.10,2.50
2009.11.17 08:12:18.102,0.84605,0.84635,5.10,2.50
2009.11.17 08:12:18.462,0.84605,0.84635,9.10,2.50
2009.11.17 08:12:20.431,0.84605,0.84635,5.10,2.50
2009.11.17 08:12:21.451,0.8461,0.84635,1.00,2.40
2009.11.17 08:12:23.630,0.8461,0.8464,1.00,5.80
2009.11.17 08:12:25.780,0.84605,0.84635,7.50,1.00
2009.11.17 08:12:27.870,0.8461,0.8464,1.00,5.80
2009.11.17 08:12:28.969,0.84605,0.8463,5.00,1.60
2009.11.17 08:12:29.069,0.84605,0.8463,2.50,4.00
2009.11.17 08:12:29.129,0.84605,0.8463,1.70,4.00
2009.11.17 08:12:29.189,0.8461,0.8463,1.00,4.00
2009.11.17 08:12:29.539,0.8461,0.84635,1.00,6.40
2009.11.17 08:12:31.249,0.84605,0.8463,1.00,1.60
2009.11.17 08:12:31.419,0.84605,0.8463,1.00,5.60
2009.11.17 08:12:31.758,0.8461,0.8463,1.00,4.00
2009.11.17 08:12:34.178,0.84605,0.8463,1.00,5.60
2009.11.17 08:12:34.468,0.84605,0.8463,1.00,6.40
2009.11.17 08:12:34.928,0.84605,0.8463,1.00,6.80
2009.11.17 08:12:35.198,0.846,0.8463,1.00,7.00
2009.11.17 08:12:35.488,0.846,0.84625,1.00,2.40
2009.11.17 08:12:35.947,0.84605,0.84625,1.00,7.20
2009.11.17 08:12:36.288,0.846,0.84625,1.00,8.80
2009.11.17 08:12:37.267,0.8459,0.8462,2.60,1.00
2009.11.17 08:12:37.557,0.8459,0.84615,1.00,2.80
2009.11.17 08:12:37.897,0.8459,0.84605,1.00,1.60
2009.11.17 08:12:38.307,0.8458,0.84605,4.90,4.00
2009.11.17 08:12:38.647,0.8458,0.84605,4.90,6.40
2009.11.17 08:12:38.927,0.8458,0.846,4.00,1.60
2009.11.17 08:12:39.267,0.84575,0.846,1.00,4.00
2009.11.17 08:12:42.396,0.84575,0.84605,1.00,9.00
2009.11.17 08:12:42.846,0.8458,0.84605,2.60,6.40
2009.11.17 08:12:43.086,0.8458,0.84605,2.60,2.40
2009.11.17 08:12:43.436,0.8458,0.8461,2.60,4.10
2009.11.17 08:12:43.956,0.8458,0.8461,2.60,1.70
2009.11.17 08:12:45.065,0.8458,0.84605,1.00,4.80
2009.11.17 08:12:45.425,0.84575,0.84605,2.50,6.60
2009.11.17 08:12:45.775,0.84575,0.846,4.00,1.60
2009.11.17 08:12:46.065,0.84575,0.846,4.00,5.60
2009.11.17 08:12:46.415,0.84565,0.846,5.80,5.60
2009.11.17 08:12:46.755,0.84565,0.846,5.00,5.60
2009.11.17 08:12:47.755,0.84565,0.846,5.00,5.80
2009.11.17 08:12:48.285,0.84565,0.846,7.40,5.80
2009.11.17 08:12:48.465,0.8457,0.846,1.00,5.60
2009.11.17 08:12:48.644,0.8457,0.84605,2.40,10.50
2009.11.17 08:12:49.334,0.8457,0.84605,2.40,6.50
2009.11.17 08:12:50.504,0.84565,0.846,12.60,1.60
2009.11.17 08:12:50.564,0.84565,0.846,12.20,1.60
2009.11.17 08:12:50.684,0.8457,0.846,1.00,1.60
2009.11.17 08:12:50.794,0.8457,0.84605,6.60,6.80
2009.11.17 08:12:50.854,0.8457,0.84605,5.60,7.20
2009.11.17 08:12:50.964,0.8457,0.846,4.00,1.60
2009.11.17 08:12:51.414,0.8457,0.84605,6.60,7.20
2009.11.17 08:12:53.633,0.8457,0.84605,5.80,7.20
2009.11.17 08:12:53.853,0.8457,0.84595,5.80,1.00
2009.11.17 08:12:54.073,0.8457,0.84595,4.00,1.00
2009.11.17 08:12:54.243,0.84565,0.84595,2.50,1.00
2009.11.17 08:12:56.133,0.84565,0.8459,2.50,1.00
2009.11.17 08:12:56.193,0.84565,0.8459,2.50,2.40
2009.11.17 08:12:56.313,0.84565,0.8459,1.00,2.40
2009.11.17 08:12:56.543,0.8456,0.84585,1.00,1.00
2009.11.17 08:12:56.782,0.84555,0.84585,8.90,1.00
2009.11.17 08:12:58.282,0.8456,0.84585,1.00,1.00
2009.11.17 08:12:58.632,0.84555,0.84585,8.90,1.00
2009.11.17 08:12:59.202,0.84555,0.8459,10.60,5.20
2009.11.17 08:12:59.372,0.8456,0.8459,1.00,5.20
2009.11.17 08:12:59.482,0.8456,0.8459,1.00,4.80
2009.11.17 08:12:59.892,0.8456,0.84595,1.00,8.80
2009.11.17 08:13:00.232,0.8456,0.8459,1.00,1.00
2009.11.17 08:13:00.582,0.84555,0.84585,8.80,1.00
2009.11.17 08:13:00.921,0.84555,0.84585,4.80,1.00
2009.11.17 08:13:02.831,0.84555,0.84585,8.80,1.00
2009.11.17 08:13:03.811,0.84555,0.84585,6.40,5.20
2009.11.17 08:13:03.991,0.84555,0.84585,4.00,6.40
2009.11.17 08:13:04.381,0.84555,0.84585,5.60,2.40
2009.11.17 08:13:04.621,0.84555,0.84585,4.00,2.40
2009.11.17 08:13:04.790,0.8455,0.84585,4.80,6.40
2009.11.17 08:13:05.081,0.8455,0.84585,4.00,7.20
2009.11.17 08:13:05.380,0.8455,0.8458,4.00,1.00
2009.11.17 08:13:05.660,0.8455,0.84585,4.00,7.60
2009.11.17 08:13:05.940,0.8455,0.8459,5.80,12.60
2009.11.17 08:13:06.290,0.84555,0.84585,1.00,6.40
2009.11.17 08:13:06.640,0.84555,0.84585,2.80,6.40
2009.11.17 08:13:06.980,0.84555,0.84585,2.80,2.40
2009.11.17 08:13:07.320,0.8455,0.84575,6.80,1.00
2009.11.17 08:13:07.710,0.84545,0.8458,9.20,2.60
2009.11.17 08:13:08.070,0.84545,0.8458,4.80,2.40
2009.11.17 08:13:08.460,0.84545,0.84585,11.40,7.20
2009.11.17 08:13:08.759,0.84545,0.8458,8.80,2.60
2009.11.17 08:13:09.109,0.84545,0.84585,11.80,7.20
2009.11.17 08:13:09.449,0.84545,0.84585,11.40,7.20
2009.11.17 08:13:13.898,0.8455,0.84585,2.40,7.20
2009.11.17 08:13:14.188,0.8455,0.84585,2.40,6.40
2009.11.17 08:13:14.478,0.8455,0.84585,6.40,6.40
2009.11.17 08:13:15.818,0.84555,0.84585,2.20,2.40
2009.11.17 08:13:16.158,0.84555,0.84585,3.00,2.40
2009.11.17 08:13:16.508,0.8455,0.84585,2.50,5.70
2009.11.17 08:13:16.628,0.8455,0.8458,4.80,1.00
2009.11.17 08:13:16.798,0.8455,0.8458,3.20,1.00
2009.11.17 08:13:16.968,0.8455,0.8458,2.40,1.00
2009.11.17 08:13:17.847,0.84555,0.8458,4.80,1.00
2009.11.17 08:13:18.207,0.84555,0.84585,5.40,2.40
2009.11.17 08:13:18.557,0.84555,0.8459,4.80,8.20
2009.11.17 08:13:18.677,0.84555,0.8459,2.40,10.60
2009.11.17 08:13:19.897,0.8455,0.84585,9.00,2.40
2009.11.17 08:13:20.577,0.8455,0.84585,2.40,5.70
2009.11.17 08:13:20.757,0.8455,0.84585,2.40,7.30
2009.11.17 08:13:21.377,0.8455,0.84585,5.00,6.40
2009.11.17 08:13:24.925,0.8455,0.84585,9.00,4.00
2009.11.17 08:13:25.105,0.8455,0.84585,9.00,2.40
2009.11.17 08:13:27.255,0.8456,0.84585,2.40,2.40
2009.11.17 08:13:27.495,0.84555,0.84585,2.40,2.40
2009.11.17 08:13:27.785,0.84555,0.8459,7.20,5.70
2009.11.17 08:13:28.075,0.84555,0.8459,6.40,6.50
2009.11.17 08:13:28.375,0.84555,0.8459,4.80,8.20
2009.11.17 08:13:29.884,0.8456,0.8459,2.40,1.60
2009.11.17 08:13:30.175,0.8456,0.84595,2.40,10.50
2009.11.17 08:13:30.395,0.8456,0.84595,2.40,6.50
2009.11.17 08:13:31.824,0.8456,0.8459,1.00,1.60
2009.11.17 08:13:32.614,0.8456,0.84595,1.00,8.00
2009.11.17 08:13:32.914,0.8456,0.84595,1.00,12.00
2009.11.17 08:13:33.254,0.8456,0.8459,1.00,4.00
2009.11.17 08:13:33.534,0.8456,0.8459,1.00,4.00
2009.11.17 08:13:33.884,0.8456,0.8459,1.00,4.00
2009.11.17 08:13:34.583,0.8456,0.8459,1.00,4.80
2009.11.17 08:13:34.753,0.84555,0.8459,5.20,6.60
2009.11.17 08:13:34.933,0.84555,0.8459,2.40,11.50
2009.11.17 08:13:35.863,0.8455,0.8458,3.30,1.60
2009.11.17 08:13:36.903,0.8455,0.8458,2.50,1.60
2009.11.17 08:13:37.463,0.8455,0.8458,2.40,1.80
2009.11.17 08:13:39.952,0.8455,0.8458,2.50,1.60
2009.11.17 08:13:41.332,0.84545,0.8458,8.90,2.40
2009.11.17 08:13:41.682,0.84545,0.8458,6.50,2.40
2009.11.17 08:13:42.022,0.84545,0.8458,2.50,6.40
2009.11.17 08:13:42.591,0.84545,0.8458,5.00,4.80
2009.11.17 08:13:43.451,0.84545,0.8458,4.80,4.90
2009.11.17 08:13:43.791,0.84545,0.8458,5.00,4.80
2009.11.17 08:13:44.121,0.8455,0.8458,1.00,4.10
2009.11.17 08:13:44.471,0.8455,0.8458,1.00,4.00
2009.11.17 08:13:44.821,0.84545,0.8458,10.00,5.60
2009.11.17 08:13:45.171,0.8455,0.84575,1.00,1.60
2009.11.17 08:13:45.351,0.84545,0.84575,8.80,1.60
2009.11.17 08:13:45.581,0.84545,0.84575,4.80,1.60
2009.11.17 08:13:46.100,0.84545,0.84575,4.80,1.80
2009.11.17 08:13:46.390,0.84545,0.84575,2.40,1.80
2009.11.17 08:13:47.520,0.84545,0.8458,3.30,9.80
2009.11.17 08:13:47.860,0.84545,0.84575,2.50,1.60
2009.11.17 08:13:48.200,0.84545,0.84575,2.40,1.80
2009.11.17 08:13:48.890,0.8454,0.84575,9.00,4.20
2009.11.17 08:13:52.299,0.8454,0.84575,5.00,4.20
2009.11.17 08:13:53.549,0.8454,0.84575,9.00,4.20
2009.11.17 08:13:55.209,0.8454,0.84575,5.00,4.20
2009.11.17 08:13:55.428,0.8454,0.84575,9.00,4.20
2009.11.17 08:13:55.708,0.84545,0.8458,3.20,7.40
2009.11.17 08:13:55.998,0.84545,0.8458,5.60,3.40
2009.11.17 08:13:56.298,0.84545,0.8458,9.60,3.40
2009.11.17 08:13:59.267,0.84545,0.8458,5.60,3.40
2009.11.17 08:13:59.847,0.84545,0.8458,9.60,3.40
2009.11.17 08:14:00.947,0.84545,0.8458,5.60,3.40
2009.11.17 08:14:01.817,0.84545,0.8458,9.60,3.40
2009.11.17 08:14:02.347,0.84555,0.8458,1.00,1.70
2009.11.17 08:14:02.617,0.84555,0.84585,1.00,6.50
2009.11.17 08:14:02.897,0.84545,0.8458,9.60,1.60
2009.11.17 08:14:03.136,0.84545,0.8458,5.60,5.80
2009.11.17 08:14:07.545,0.84545,0.8458,7.20,4.10
2009.11.17 08:14:07.775,0.84555,0.8458,1.00,4.10
2009.11.17 08:14:07.955,0.8455,0.8458,1.00,4.00
2009.11.17 08:14:09.225,0.84555,0.8458,1.00,4.00
2009.11.17 08:14:09.915,0.8455,0.8458,1.20,4.00
2009.11.17 08:14:10.395,0.84555,0.8458,1.00,4.00
2009.11.17 08:14:10.685,0.84555,0.84585,1.00,6.40
2009.11.17 08:14:13.354,0.84565,0.84585,1.00,6.40
2009.11.17 08:14:13.584,0.84565,0.84585,1.00,2.40
2009.11.17 08:14:13.824,0.84565,0.84595,1.00,6.50
2009.11.17 08:14:18.013,0.84565,0.84595,1.00,6.40
2009.11.17 08:14:19.842,0.8456,0.84595,2.80,6.50
2009.11.17 08:14:20.012,0.8456,0.846,1.00,16.30
2009.11.17 08:14:20.542,0.8456,0.84595,1.00,13.00
2009.11.17 08:14:21.912,0.8456,0.84595,1.00,12.80
2009.11.17 08:14:24.941,0.8456,0.84595,1.00,13.00
2009.11.17 08:14:26.741,0.8456,0.84595,1.00,12.20
2009.11.17 08:14:27.031,0.8456,0.84595,2.40,10.50
2009.11.17 08:14:27.311,0.84555,0.84595,11.20,9.00
2009.11.17 08:14:27.611,0.84555,0.84595,7.20,13.00
2009.11.17 08:14:28.450,0.84555,0.8459,7.20,1.00
2009.11.17 08:14:28.730,0.84555,0.84595,7.20,13.00
2009.11.17 08:14:28.951,0.8456,0.84595,1.00,12.20
2009.11.17 08:14:29.230,0.84565,0.84595,1.00,12.20
2009.11.17 08:14:29.510,0.84565,0.84595,1.00,10.50
2009.11.17 08:14:29.750,0.84565,0.84595,1.00,6.50
2009.11.17 08:14:30.330,0.8456,0.84595,2.80,6.50
2009.11.17 08:14:30.790,0.8456,0.84595,2.40,6.50
2009.11.17 08:14:32.429,0.8456,0.8459,2.40,1.00
2009.11.17 08:14:32.649,0.84565,0.8459,1.00,1.00
2009.11.17 08:14:32.989,0.84565,0.846,5.60,5.80
2009.11.17 08:14:33.389,0.84565,0.84595,7.20,1.00
2009.11.17 08:14:34.019,0.84565,0.84585,2.40,2.50
2009.11.17 08:14:34.309,0.84565,0.8458,1.00,1.60
2009.11.17 08:14:34.599,0.84565,0.84585,3.20,4.00
2009.11.17 08:14:34.950,0.84555,0.8458,2.40,1.60
2009.11.17 08:14:35.649,0.84555,0.8458,3.20,1.80
2009.11.17 08:14:35.869,0.8456,0.84585,1.00,4.00
2009.11.17 08:14:36.159,0.8456,0.8459,2.40,1.80
2009.11.17 08:14:36.429,0.8456,0.8459,2.40,2.70
2009.11.17 08:14:36.968,0.8456,0.8459,3.20,2.70
2009.11.17 08:14:37.248,0.8456,0.8459,3.20,1.80
2009.11.17 08:14:39.338,0.84565,0.8459,1.00,1.80
2009.11.17 08:14:39.448,0.84565,0.8459,1.00,1.00
2009.11.17 08:14:39.688,0.8457,0.8459,1.00,1.00
2009.11.17 08:14:39.858,0.84565,0.8459,3.60,1.00
2009.11.17 08:14:39.978,0.8457,0.84595,1.00,1.00
2009.11.17 08:14:40.318,0.8457,0.84595,2.40,1.00
2009.11.17 08:14:40.668,0.8457,0.84595,2.80,1.00
2009.11.17 08:14:41.347,0.84565,0.84595,4.80,1.00
2009.11.17 08:14:41.857,0.84565,0.84595,8.00,1.00
2009.11.17 08:14:42.147,0.84565,0.84595,4.00,1.00
2009.11.17 08:14:42.887,0.8457,0.846,1.00,6.60
2009.11.17 08:14:43.237,0.84565,0.846,4.20,6.60
2009.11.17 08:14:45.017,0.84565,0.84595,4.20,1.00
2009.11.17 08:14:45.246,0.84565,0.84595,2.50,6.40
2009.11.17 08:14:45.416,0.8456,0.84595,5.20,9.00
2009.11.17 08:14:45.526,0.8456,0.8459,4.00,1.00
2009.11.17 08:14:45.687,0.8456,0.8459,4.00,2.40
2009.11.17 08:14:45.976,0.8456,0.8459,4.00,6.40
2009.11.17 08:14:46.086,0.84555,0.8459,5.60,10.40
2009.11.17 08:14:46.586,0.84555,0.84585,3.20,1.60
2009.11.17 08:14:46.936,0.84555,0.84585,2.40,3.20
2009.11.17 08:14:47.326,0.84555,0.84585,1.00,8.00
2009.11.17 08:14:47.656,0.84555,0.8458,1.00,1.60
2009.11.17 08:14:47.996,0.8455,0.8458,1.00,1.60
2009.11.17 08:14:48.695,0.84545,0.8458,7.80,1.60
2009.11.17 08:14:49.036,0.84555,0.8458,1.00,4.10
2009.11.17 08:14:49.375,0.84555,0.8458,7.20,1.00
2009.11.17 08:14:49.715,0.8456,0.84585,4.00,4.80
2009.11.17 08:14:50.005,0.84555,0.8458,1.80,8.00
2009.11.17 08:14:50.345,0.8456,0.84575,1.60,1.60
2009.11.17 08:14:50.678,0.84555,0.84575,1.80,1.60
2009.11.17 08:14:50.965,0.84555,0.84575,1.60,2.00
2009.11.17 08:14:51.418,0.84545,0.84575,3.20,1.60
2009.11.17 08:14:51.765,0.8455,0.8458,1.00,1.70
2009.11.17 08:14:52.115,0.8455,0.8458,1.80,4.10
2009.11.17 08:14:52.465,0.84555,0.84575,4.00,2.40
2009.11.17 08:14:52.864,0.84555,0.84575,4.00,6.40
2009.11.17 08:14:53.185,0.84545,0.84575,4.90,6.40
2009.11.17 08:14:53.884,0.84545,0.8457,4.00,1.60
2009.11.17 08:14:54.244,0.8454,0.84575,8.70,7.20
2009.11.17 08:14:54.584,0.8454,0.8457,4.00,4.80
2009.11.17 08:14:54.934,0.84535,0.84565,4.80,6.40
2009.11.17 08:14:55.324,0.84535,0.84565,4.00,7.20
2009.11.17 08:14:55.894,0.84535,0.84555,4.00,8.40
2009.11.17 08:14:56.244,0.8453,0.84545,5.60,1.00
2009.11.17 08:14:56.594,0.8453,0.8454,1.60,1.60
2009.11.17 08:14:56.804,0.8453,0.8454,1.60,1.00
2009.11.17 08:14:57.014,0.84495,0.8454,4.80,6.40
2009.11.17 08:14:57.583,0.845,0.8454,2.40,4.10
2009.11.17 08:14:57.823,0.845,0.8454,4.80,4.00
2009.11.17 08:14:58.163,0.8451,0.84545,2.40,2.60
2009.11.17 08:14:58.503,0.8451,0.8454,2.50,1.60
2009.11.17 08:14:58.853,0.8451,0.8454,2.40,2.60
2009.11.17 08:14:59.133,0.84505,0.84535,4.80,4.00
2009.11.17 08:14:59.363,0.84505,0.84535,5.60,4.10
2009.11.17 08:14:59.833,0.84505,0.84535,5.60,8.10
2009.11.17 08:15:00.233,0.84505,0.84515,2.40,2.40
2009.11.17 08:15:00.583,0.845,0.8452,1.00,4.00
2009.11.17 08:15:00.963,0.84505,0.84525,1.00,4.00
2009.11.17 08:15:01.722,0.84505,0.8453,1.00,4.00
2009.11.17 08:15:02.112,0.84505,0.84535,3.20,4.00
2009.11.17 08:15:02.452,0.8451,0.84535,2.40,4.00
2009.11.17 08:15:02.782,0.84505,0.84535,5.60,4.00
2009.11.17 08:15:03.162,0.84505,0.8454,5.60,5.70
2009.11.17 08:15:03.452,0.84505,0.8454,4.80,5.60
2009.11.17 08:15:03.792,0.84505,0.84535,2.40,5.60
2009.11.17 08:15:04.122,0.8451,0.84535,2.40,6.40
2009.11.17 08:15:04.462,0.8451,0.8454,1.60,1.60
2009.11.17 08:15:05.032,0.84505,0.8454,5.30,9.60
2009.11.17 08:15:05.372,0.84505,0.8454,5.30,5.60
2009.11.17 08:15:05.862,0.84525,0.8454,1.60,4.00
2009.11.17 08:15:06.142,0.84515,0.84545,2.70,6.50
2009.11.17 08:15:06.491,0.84515,0.8454,2.70,4.80
2009.11.17 08:15:06.831,0.8451,0.84535,4.00,2.40
2009.11.17 08:15:07.161,0.84515,0.84535,4.00,6.40
2009.11.17 08:15:07.501,0.84505,0.84535,3.60,6.40
2009.11.17 08:15:07.841,0.84505,0.84535,3.60,6.50
2009.11.17 08:15:08.521,0.84505,0.8453,3.50,1.00
2009.11.17 08:15:08.881,0.84505,0.84535,3.60,6.50
2009.11.17 08:15:09.270,0.84505,0.8453,3.50,1.00
2009.11.17 08:15:09.610,0.84505,0.8453,1.60,1.00
2009.11.17 08:15:10.500,0.84495,0.8453,12.20,1.00
2009.11.17 08:15:10.670,0.84495,0.84525,11.80,1.00
2009.11.17 08:15:10.830,0.84495,0.8452,11.00,1.00
2009.11.17 08:15:11.010,0.84495,0.8452,5.40,1.60
2009.11.17 08:15:11.250,0.84495,0.8452,2.40,4.00
2009.11.17 08:15:11.420,0.84495,0.8452,3.50,4.00
2009.11.17 08:15:11.590,0.8449,0.8452,2.20,4.00
2009.11.17 08:15:11.980,0.84505,0.84525,1.00,6.40
2009.11.17 08:15:12.330,0.84505,0.84525,2.20,2.40
2009.11.17 08:15:12.680,0.845,0.8453,1.80,1.60
2009.11.17 08:15:13.020,0.845,0.84525,1.80,1.60
2009.11.17 08:15:13.709,0.845,0.84525,1.80,4.00
2009.11.17 08:15:14.579,0.845,0.84525,1.80,6.40
2009.11.17 08:15:15.959,0.845,0.84525,2.60,6.40
2009.11.17 08:15:16.249,0.845,0.84525,4.80,6.40
2009.11.17 08:15:16.599,0.845,0.84525,1.80,6.40
2009.11.17 08:15:16.939,0.845,0.84525,1.80,2.40
2009.11.17 08:15:17.169,0.845,0.8453,2.80,1.00
2009.11.17 08:15:17.398,0.84505,0.84535,1.00,10.40
2009.11.17 08:15:17.808,0.845,0.8453,6.20,2.40
2009.11.17 08:15:18.158,0.845,0.8453,4.00,6.40
2009.11.17 08:15:18.508,0.84495,0.84525,1.80,6.40
2009.11.17 08:15:19.818,0.8449,0.8452,3.20,1.00
2009.11.17 08:15:20.168,0.84495,0.8452,1.00,1.60
2009.11.17 08:15:20.558,0.84485,0.84515,7.60,2.50
2009.11.17 08:15:20.918,0.84485,0.84515,1.00,10.60
2009.11.17 08:15:21.248,0.8448,0.84515,6.00,10.60
2009.11.17 08:15:21.608,0.8448,0.84515,5.00,9.70
2009.11.17 08:15:21.968,0.8448,0.84515,2.60,13.70
2009.11.17 08:15:22.317,0.8448,0.8451,1.60,4.10
2009.11.17 08:15:23.017,0.8448,0.84505,1.60,8.10
2009.11.17 08:15:23.347,0.84475,0.84505,2.00,10.50
2009.11.17 08:15:23.707,0.8448,0.84505,2.20,6.40
2009.11.17 08:15:24.067,0.8448,0.8451,2.20,12.90
2009.11.17 08:15:24.557,0.8448,0.845,1.60,1.00
2009.11.17 08:15:24.847,0.84475,0.845,2.40,2.40
2009.11.17 08:15:25.067,0.8447,0.84495,4.10,1.00
2009.11.17 08:15:25.457,0.84465,0.84495,5.80,7.20
2009.11.17 08:15:25.797,0.84465,0.84495,1.60,7.20
2009.11.17 08:15:26.136,0.84475,0.84495,1.00,2.40
2009.11.17 08:15:26.486,0.8448,0.84505,1.60,1.00
2009.11.17 08:15:27.176,0.8448,0.84505,1.60,2.50
2009.11.17 08:15:27.526,0.8448,0.84505,1.60,4.00
2009.11.17 08:15:27.866,0.8448,0.8451,1.60,4.10
2009.11.17 08:15:28.216,0.84475,0.84495,7.60,1.00
2009.11.17 08:15:28.556,0.84475,0.84495,4.00,1.00
2009.11.17 08:15:28.896,0.84475,0.845,4.10,4.80
2009.11.17 08:15:29.296,0.84485,0.84505,1.60,2.40
2009.11.17 08:15:29.516,0.8449,0.8451,1.00,4.10
2009.11.17 08:15:29.746,0.8449,0.84515,9.10,11.20
2009.11.17 08:15:29.976,0.8449,0.84515,9.10,2.40
2009.11.17 08:15:30.435,0.8449,0.84515,2.70,2.40
2009.11.17 08:15:30.785,0.8449,0.84515,2.60,2.40
2009.11.17 08:15:31.116,0.84485,0.84515,2.70,7.20
2009.11.17 08:15:31.495,0.8448,0.8451,1.00,2.60
2009.11.17 08:15:31.825,0.8448,0.8451,2.50,4.10
2009.11.17 08:15:32.215,0.8448,0.8451,1.00,4.10
2009.11.17 08:15:32.835,0.8448,0.8451,1.00,4.00
2009.11.17 08:15:33.815,0.8448,0.8451,1.00,4.00
2009.11.17 08:15:34.164,0.8448,0.8451,1.00,1.00
2009.11.17 08:15:34.994,0.84485,0.8451,1.60,1.00
2009.11.17 08:15:35.274,0.84485,0.84515,2.80,7.20
2009.11.17 08:15:35.564,0.84495,0.84515,1.60,7.20
2009.11.17 08:15:35.844,0.84485,0.84515,2.80,7.20
2009.11.17 08:15:37.614,0.84485,0.84515,2.80,3.20
2009.11.17 08:15:37.964,0.84485,0.8452,8.40,9.30
2009.11.17 08:15:38.314,0.84485,0.84515,8.30,1.00
2009.11.17 08:15:38.653,0.84485,0.8451,8.30,1.00
2009.11.17 08:15:39.003,0.84485,0.8451,6.40,1.00
2009.11.17 08:15:39.353,0.84485,0.84515,6.60,1.00
2009.11.17 08:15:39.703,0.84485,0.8452,6.00,8.90
2009.11.17 08:15:40.503,0.84485,0.8452,6.00,4.90
2009.11.17 08:15:40.843,0.84485,0.8451,1.60,1.00
2009.11.17 08:15:42.932,0.8449,0.8451,1.00,1.00
2009.11.17 08:15:43.272,0.84485,0.84515,3.60,6.40
2009.11.17 08:15:43.572,0.84475,0.84505,4.00,5.60
2009.11.17 08:15:43.912,0.8448,0.8451,1.60,4.00
2009.11.17 08:15:44.832,0.8448,0.8451,1.60,4.80
2009.11.17 08:15:45.062,0.84475,0.8451,10.60,4.80
2009.11.17 08:15:45.402,0.84475,0.8451,6.60,4.80
2009.11.17 08:15:45.752,0.84475,0.8451,6.60,8.80
2009.11.17 08:15:46.462,0.84475,0.8451,6.60,7.20
2009.11.17 08:15:46.801,0.84495,0.8451,2.70,4.00
2009.11.17 08:15:47.102,0.84495,0.84515,2.70,4.00
2009.11.17 08:15:47.381,0.84495,0.8452,2.70,4.00
2009.11.17 08:15:48.481,0.84495,0.8452,2.80,4.00
2009.11.17 08:15:48.771,0.84495,0.8452,1.80,4.00
2009.11.17 08:15:49.661,0.84495,0.84525,1.80,8.90
2009.11.17 08:15:50.350,0.84495,0.8452,1.60,1.00
2009.11.17 08:15:50.511,0.84495,0.84525,5.20,4.10
2009.11.17 08:15:50.630,0.84495,0.84525,7.60,1.70
2009.11.17 08:15:50.911,0.84495,0.84525,7.80,1.70
2009.11.17 08:15:51.441,0.84505,0.8453,2.00,8.10
2009.11.17 08:15:51.790,0.8451,0.8453,1.60,4.00
2009.11.17 08:15:52.090,0.8451,0.84535,1.60,2.50
2009.11.17 08:15:52.371,0.8451,0.84535,2.00,1.00
2009.11.17 08:15:52.890,0.84515,0.8454,1.60,4.90
2009.11.17 08:15:53.230,0.84515,0.8454,1.60,1.00
2009.11.17 08:15:54.510,0.84515,0.84545,1.80,8.90
2009.11.17 08:15:57.099,0.84515,0.8454,1.60,1.00
2009.11.17 08:15:57.659,0.84515,0.84545,1.80,8.10
2009.11.17 08:15:57.779,0.84515,0.84545,1.80,6.50
2009.11.17 08:15:58.179,0.84515,0.84545,7.60,1.00
2009.11.17 08:15:58.509,0.84515,0.84545,5.80,4.90
2009.11.17 08:15:58.859,0.84515,0.84545,1.80,7.30
2009.11.17 08:15:59.398,0.84515,0.84545,1.80,6.50
2009.11.17 08:15:59.568,0.84515,0.84545,3.60,6.50
2009.11.17 08:15:59.738,0.84515,0.84545,3.60,2.50
2009.11.17 08:16:00.019,0.84515,0.84545,5.20,2.50
2009.11.17 08:16:00.608,0.84515,0.84545,2.80,6.50
2009.11.17 08:16:00.938,0.84515,0.84545,1.80,6.50
2009.11.17 08:16:01.558,0.84515,0.84545,3.60,4.10
2009.11.17 08:16:01.908,0.84515,0.84545,5.20,2.50
2009.11.17 08:16:02.248,0.84515,0.84545,4.30,3.30
2009.11.17 08:16:02.418,0.8451,0.8454,5.60,1.60
2009.11.17 08:16:02.638,0.84515,0.84545,1.60,10.50
2009.11.17 08:16:02.988,0.84515,0.84545,1.60,6.50
2009.11.17 08:16:03.748,0.84515,0.8454,1.60,1.00
2009.11.17 08:16:04.437,0.84505,0.84535,4.00,1.00
2009.11.17 08:16:04.617,0.84505,0.84535,2.40,6.40
2009.11.17 08:16:04.837,0.845,0.84535,3.60,8.80
2009.11.17 08:16:05.227,0.845,0.84535,6.00,8.80
2009.11.17 08:16:05.467,0.845,0.84535,6.00,8.00
2009.11.17 08:16:05.637,0.84505,0.84535,5.40,2.40
2009.11.17 08:16:05.757,0.84505,0.8454,7.40,4.80
2009.11.17 08:16:05.927,0.84505,0.8454,11.00,4.80
2009.11.17 08:16:06.267,0.84505,0.8454,6.80,4.90
2009.11.17 08:16:06.387,0.84505,0.8454,4.40,4.90
2009.11.17 08:16:06.897,0.84505,0.84535,4.40,1.00
2009.11.17 08:16:07.407,0.84505,0.8453,1.00,1.00
2009.11.17 08:16:07.757,0.845,0.8453,2.40,1.60
2009.11.17 08:16:08.107,0.84515,0.84535,1.60,4.00
2009.11.17 08:16:08.467,0.8451,0.8454,1.60,1.60
2009.11.17 08:16:08.816,0.84515,0.84545,1.60,10.40
2009.11.17 08:16:09.146,0.84515,0.84545,1.60,6.40
2009.11.17 08:16:14.045,0.84515,0.84545,2.40,6.40
2009.11.17 08:16:14.325,0.84515,0.84545,2.60,6.40
2009.11.17 08:16:14.495,0.84515,0.84545,1.80,6.40
2009.11.17 08:16:14.835,0.84515,0.84545,1.60,6.40
2009.11.17 08:16:15.185,0.84515,0.8454,1.60,1.00
2009.11.17 08:16:15.484,0.84515,0.84545,1.60,6.40
2009.11.17 08:16:16.574,0.84515,0.84545,1.80,6.50
2009.11.17 08:16:16.864,0.8452,0.84545,1.00,2.40
2009.11.17 08:16:17.044,0.8452,0.84545,2.40,2.40
2009.11.17 08:16:17.204,0.8452,0.84545,6.40,2.40
2009.11.17 08:16:17.384,0.8452,0.84555,2.60,6.90
2009.11.17 08:16:17.664,0.8452,0.84555,2.60,6.50
2009.11.17 08:16:17.844,0.8452,0.84555,3.20,6.50
2009.11.17 08:16:18.354,0.84525,0.84555,1.00,7.30
2009.11.17 08:16:18.684,0.84525,0.84555,1.00,6.50
2009.11.17 08:16:19.024,0.8453,0.84555,1.00,6.40
2009.11.17 08:16:19.244,0.84525,0.8455,1.00,1.60
2009.11.17 08:16:19.474,0.84525,0.8455,2.20,1.60
2009.11.17 08:16:19.654,0.84525,0.8455,2.40,1.60
2009.11.17 08:16:19.894,0.84525,0.8455,1.00,1.60
2009.11.17 08:16:20.114,0.8452,0.8455,7.20,1.60
2009.11.17 08:16:20.464,0.84535,0.84555,1.00,4.80
2009.11.17 08:16:20.803,0.84535,0.84565,2.40,6.50
2009.11.17 08:16:21.143,0.8454,0.84565,1.60,1.00
2009.11.17 08:16:21.833,0.8454,0.8457,1.60,4.10
2009.11.17 08:16:22.163,0.8454,0.8457,1.80,4.00
2009.11.17 08:16:23.163,0.84545,0.8457,1.60,4.00
2009.11.17 08:16:23.453,0.84545,0.8457,4.00,4.00
2009.11.17 08:16:25.073,0.84545,0.84575,2.40,6.50
2009.11.17 08:16:25.582,0.84545,0.84575,4.00,6.50
2009.11.17 08:16:27.432,0.84545,0.84575,2.40,6.50
2009.11.17 08:16:27.732,0.8454,0.8457,5.60,4.90
2009.11.17 08:16:28.022,0.8454,0.8457,5.60,4.10
2009.11.17 08:16:28.252,0.8454,0.8457,2.40,4.10
2009.11.17 08:16:29.591,0.8454,0.8457,1.60,4.10
2009.11.17 08:16:29.871,0.84545,0.8457,1.00,4.00
2009.11.17 08:16:30.811,0.84545,0.8457,1.80,4.00
2009.11.17 08:16:30.931,0.84545,0.8457,3.80,4.10
2009.11.17 08:16:31.051,0.84545,0.8457,2.20,4.10
2009.11.17 08:16:33.070,0.84545,0.8457,2.20,1.00
2009.11.17 08:16:33.350,0.84545,0.84575,2.40,6.50
2009.11.17 08:16:34.940,0.84545,0.84575,2.40,4.10
2009.11.17 08:16:35.210,0.84545,0.84575,4.00,2.50
2009.11.17 08:16:36.190,0.84545,0.84575,2.40,2.50
2009.11.17 08:16:36.650,0.84545,0.84575,4.80,1.00
2009.11.17 08:16:38.179,0.84545,0.8457,4.60,1.00
2009.11.17 08:16:38.419,0.84545,0.84575,2.40,2.50
2009.11.17 08:16:38.719,0.84545,0.8457,2.20,1.00
2009.11.17 08:16:39.169,0.84545,0.8457,3.80,1.00
2009.11.17 08:16:39.289,0.8454,0.84565,4.80,1.00
2009.11.17 08:16:39.409,0.8454,0.84565,4.00,1.00
2009.11.17 08:16:39.519,0.8454,0.84565,4.00,4.10
2009.11.17 08:16:39.629,0.8454,0.84565,4.00,6.50
2009.11.17 08:16:39.739,0.84535,0.84565,4.10,6.50
2009.11.17 08:16:39.849,0.84535,0.84565,1.00,6.50
2009.11.17 08:16:43.838,0.84535,0.84565,2.40,6.50
2009.11.17 08:16:44.248,0.84535,0.84565,2.40,2.50
2009.11.17 08:16:44.978,0.84545,0.84565,1.00,2.40
2009.11.17 08:16:45.498,0.84545,0.8457,1.00,7.20
2009.11.17 08:16:45.797,0.84545,0.84575,1.00,6.50
2009.11.17 08:16:46.018,0.8454,0.84575,6.20,6.50
2009.11.17 08:16:46.307,0.8454,0.84575,6.20,2.50
2009.11.17 08:16:46.537,0.84545,0.84575,1.00,2.40
2009.11.17 08:16:47.157,0.8454,0.84575,6.20,2.50
2009.11.17 08:16:47.497,0.84545,0.84575,1.00,2.40
2009.11.17 08:16:47.847,0.8455,0.84575,1.00,2.50
2009.11.17 08:16:48.147,0.84545,0.84575,2.80,2.50
2009.11.17 08:16:48.487,0.84545,0.84575,2.40,2.50
2009.11.17 08:16:49.806,0.8454,0.8457,9.60,1.00
2009.11.17 08:16:50.146,0.84555,0.84575,1.00,2.40
2009.11.17 08:16:50.446,0.84555,0.8458,2.40,4.00
2009.11.17 08:16:51.066,0.84555,0.84585,2.40,6.50
2009.11.17 08:16:51.756,0.84555,0.84585,2.40,6.40
2009.11.17 08:16:52.136,0.8455,0.84575,6.90,7.40
2009.11.17 08:16:52.196,0.8455,0.84575,4.50,6.60
2009.11.17 08:16:52.256,0.8455,0.84575,4.00,5.20
2009.11.17 08:16:52.376,0.8455,0.84575,4.00,4.10
2009.11.17 08:16:52.486,0.84545,0.84575,4.90,6.50
2009.11.17 08:16:52.606,0.84545,0.84575,4.00,7.20
2009.11.17 08:16:52.726,0.8454,0.84575,7.40,8.80
2009.11.17 08:16:52.836,0.8454,0.84575,6.60,8.80
2009.11.17 08:16:53.245,0.8454,0.84575,2.60,8.80
2009.11.17 08:16:53.595,0.8454,0.84575,6.60,8.80
2009.11.17 08:16:53.925,0.8454,0.8457,5.80,3.10
2009.11.17 08:16:54.155,0.8454,0.8457,4.00,5.60
2009.11.17 08:16:54.385,0.84535,0.8457,6.00,5.60
2009.11.17 08:16:54.615,0.84535,0.84565,2.40,4.20
2009.11.17 08:16:55.465,0.8453,0.84555,1.00,2.40
2009.11.17 08:16:56.845,0.84525,0.84555,6.60,2.50
2009.11.17 08:16:57.465,0.84525,0.8455,4.80,1.00
2009.11.17 08:16:57.735,0.84525,0.8455,2.40,1.00
2009.11.17 08:16:57.955,0.84525,0.8455,2.40,1.00
2009.11.17 08:16:58.235,0.84525,0.84555,5.60,1.00
2009.11.17 08:16:58.594,0.8453,0.84555,1.00,2.50
2009.11.17 08:16:58.934,0.84525,0.84555,7.40,1.70
2009.11.17 08:16:59.284,0.84525,0.84555,9.20,1.00
2009.11.17 08:16:59.624,0.84535,0.84555,4.00,1.00
2009.11.17 08:16:59.964,0.84535,0.84565,4.80,4.90
2009.11.17 08:17:00.324,0.84535,0.8456,4.80,1.00
2009.11.17 08:17:00.774,0.84535,0.84555,2.40,2.50
2009.11.17 08:17:00.954,0.84525,0.84555,6.60,2.50
2009.11.17 08:17:03.613,0.84525,0.84555,6.60,6.50
2009.11.17 08:17:04.543,0.84525,0.84555,6.60,2.50
2009.11.17 08:17:04.713,0.84525,0.84555,6.60,6.50
2009.11.17 08:17:05.073,0.84525,0.84555,6.60,5.70
2009.11.17 08:17:09.372,0.84525,0.8456,6.60,9.00
2009.11.17 08:17:12.551,0.8453,0.8456,1.00,4.10
2009.11.17 08:17:12.881,0.84525,0.84555,8.40,1.00
2009.11.17 08:17:14.231,0.84525,0.8456,8.60,1.00
2009.11.17 08:17:14.351,0.8453,0.84555,1.00,1.60
2009.11.17 08:17:15.021,0.84525,0.84555,9.90,1.70
2009.11.17 08:17:15.140,0.84525,0.84555,6.70,4.10
2009.11.17 08:17:15.651,0.84525,0.84555,4.80,4.10
2009.11.17 08:17:15.990,0.84525,0.8455,4.80,1.00
2009.11.17 08:17:16.340,0.8453,0.8455,1.60,1.00
2009.11.17 08:17:16.730,0.84525,0.8455,1.00,1.00
2009.11.17 08:17:17.700,0.84525,0.84555,1.00,4.10
2009.11.17 08:17:18.060,0.8452,0.84555,8.20,8.90
2009.11.17 08:17:18.360,0.84515,0.84555,12.60,8.90
2009.11.17 08:17:18.709,0.8452,0.84545,4.00,1.00
2009.11.17 08:17:19.349,0.8452,0.8455,5.20,1.60
2009.11.17 08:17:19.679,0.8452,0.84555,6.00,8.10
2009.11.17 08:17:19.959,0.8452,0.84555,10.00,4.10
2009.11.17 08:17:20.229,0.84525,0.84555,1.00,4.10
2009.11.17 08:17:20.519,0.84525,0.8455,1.00,1.00
2009.11.17 08:17:20.639,0.84525,0.84555,1.00,4.10
2009.11.17 08:17:20.939,0.84525,0.8455,1.00,1.00
2009.11.17 08:17:21.389,0.84525,0.8455,4.80,1.00
2009.11.17 08:17:22.079,0.8453,0.84555,1.00,1.00
2009.11.17 08:17:23.258,0.84525,0.8455,4.80,1.60
2009.11.17 08:17:23.558,0.84525,0.8455,2.40,1.60
2009.11.17 08:17:23.838,0.84525,0.84555,3.20,6.50
2009.11.17 08:17:24.078,0.84525,0.84555,5.60,1.00
2009.11.17 08:17:24.368,0.8453,0.84555,1.60,1.00
2009.11.17 08:17:24.998,0.8453,0.84555,2.70,1.00
2009.11.17 08:17:25.298,0.8453,0.84555,3.50,1.00
2009.11.17 08:17:26.268,0.84535,0.8456,1.00,1.60
2009.11.17 08:17:27.257,0.8453,0.84555,1.60,1.00
2009.11.17 08:17:28.167,0.8453,0.84555,2.40,1.00
2009.11.17 08:17:29.087,0.8453,0.84555,1.60,1.00
2009.11.17 08:17:33.936,0.84535,0.8456,2.40,1.70
2009.11.17 08:17:34.166,0.84535,0.8456,7.80,1.00
2009.11.17 08:17:35.555,0.84535,0.84565,8.00,1.70
2009.11.17 08:17:38.455,0.84535,0.84565,8.00,1.00
2009.11.17 08:17:39.494,0.84535,0.8456,7.00,1.00
2009.11.17 08:17:39.794,0.84535,0.8456,4.80,1.00
2009.11.17 08:17:40.074,0.84535,0.84565,8.00,1.70
2009.11.17 08:17:41.044,0.8454,0.84565,1.00,1.70
2009.11.17 08:17:41.224,0.8454,0.84565,1.00,1.60
2009.11.17 08:17:41.344,0.84545,0.8457,2.40,4.00
2009.11.17 08:17:41.514,0.8455,0.84575,1.60,10.50
2009.11.17 08:17:41.814,0.8455,0.84575,1.60,6.40
2009.11.17 08:17:42.154,0.84555,0.84575,1.60,2.40
2009.11.17 08:17:42.454,0.84555,0.8458,1.60,4.00
2009.11.17 08:17:44.254,0.8455,0.8458,2.40,4.00
2009.11.17 08:17:44.493,0.8455,0.8458,1.80,4.00
2009.11.17 08:17:44.603,0.8455,0.84575,1.80,1.60
2009.11.17 08:17:45.643,0.8455,0.84575,1.60,1.00
2009.11.17 08:17:51.322,0.84555,0.84575,2.40,1.00
2009.11.17 08:17:51.502,0.84555,0.84575,1.00,1.00
2009.11.17 08:17:51.622,0.84555,0.8458,2.40,1.00
2009.11.17 08:17:52.132,0.8455,0.84585,6.00,6.60
2009.11.17 08:17:52.431,0.84555,0.8458,1.60,1.60
2009.11.17 08:17:52.972,0.8455,0.8458,1.00,2.50
2009.11.17 08:17:53.321,0.84545,0.8458,5.90,8.10
2009.11.17 08:17:53.661,0.84555,0.8458,1.60,8.00
2009.11.17 08:17:54.071,0.84555,0.8458,2.20,4.00
2009.11.17 08:17:54.301,0.84555,0.8458,1.60,4.00
2009.11.17 08:17:55.150,0.84555,0.8458,1.60,4.10
2009.11.17 08:17:56.230,0.8455,0.8458,2.40,4.10
2009.11.17 08:17:56.570,0.8455,0.8458,2.80,4.10
2009.11.17 08:17:57.570,0.8455,0.84575,2.70,1.00
2009.11.17 08:17:58.710,0.8455,0.8458,2.20,1.00
2009.11.17 08:17:59.070,0.8455,0.8458,5.60,1.00
2009.11.17 08:17:59.240,0.8455,0.8458,1.60,4.10
2009.11.17 08:17:59.540,0.8455,0.8458,1.80,4.10
2009.11.17 08:18:00.000,0.84555,0.8458,1.00,1.60
2009.11.17 08:18:00.170,0.84555,0.8457,1.00,2.40
2009.11.17 08:18:00.499,0.84545,0.84565,6.40,1.60
2009.11.17 08:18:00.860,0.8454,0.8457,2.40,4.10
2009.11.17 08:18:01.259,0.84535,0.8457,7.50,6.60
2009.11.17 08:18:01.589,0.8454,0.8457,1.60,1.00
2009.11.17 08:18:01.919,0.8454,0.84575,1.80,7.30
2009.11.17 08:18:03.919,0.84535,0.8457,11.60,2.60
2009.11.17 08:18:04.149,0.84535,0.84565,7.50,1.00
2009.11.17 08:18:04.439,0.84535,0.8457,7.60,2.60
2009.11.17 08:18:04.839,0.84535,0.8457,7.60,6.60
2009.11.17 08:18:05.359,0.84535,0.84565,7.50,1.00
2009.11.17 08:18:07.837,0.84535,0.8457,7.60,6.60
2009.11.17 08:18:08.117,0.84535,0.8457,7.60,10.60
2009.11.17 08:18:09.757,0.84535,0.84565,7.50,1.00
2009.11.17 08:18:10.097,0.84535,0.84565,2.40,4.90
2009.11.17 08:18:10.397,0.8453,0.8456,1.60,3.30
2009.11.17 08:18:10.677,0.8453,0.8456,1.60,4.90
2009.11.17 08:18:10.957,0.8453,0.84555,1.60,1.60
2009.11.17 08:18:11.297,0.8453,0.84555,1.60,6.40
2009.11.17 08:18:11.757,0.84525,0.84555,2.80,6.40
2009.11.17 08:18:12.177,0.84525,0.8455,2.70,1.00
2009.11.17 08:18:12.297,0.8452,0.8455,6.50,1.00
2009.11.17 08:18:12.417,0.8452,0.8455,4.00,4.90
2009.11.17 08:18:12.527,0.84515,0.8455,9.20,4.90
2009.11.17 08:18:12.637,0.84515,0.8455,8.40,4.90
2009.11.17 08:18:14.456,0.8452,0.8455,2.60,4.00
2009.11.17 08:18:14.686,0.84525,0.8455,1.60,4.00
2009.11.17 08:18:15.516,0.84525,0.8455,1.80,4.00
2009.11.17 08:18:15.866,0.84535,0.8455,1.00,4.00
2009.11.17 08:18:16.266,0.84535,0.84555,1.00,4.00
2009.11.17 08:18:16.556,0.8453,0.84555,1.80,4.00
2009.11.17 08:18:17.605,0.84535,0.84555,1.00,4.00
2009.11.17 08:18:18.255,0.84535,0.84555,1.80,2.40
2009.11.17 08:18:18.795,0.84535,0.8456,2.60,4.00
2009.11.17 08:18:19.235,0.84535,0.8456,1.80,4.00
2009.11.17 08:18:20.364,0.84535,0.8456,1.60,4.00
2009.11.17 08:18:20.714,0.8454,0.84565,1.00,6.50
2009.11.17 08:18:21.054,0.8454,0.84565,1.00,4.00
2009.11.17 08:18:21.444,0.84535,0.8456,2.80,1.70
2009.11.17 08:18:21.784,0.84535,0.8456,3.80,1.60
2009.11.17 08:18:23.084,0.84535,0.8456,1.60,1.60
2009.11.17 08:18:23.704,0.84535,0.8456,1.60,4.10
2009.11.17 08:18:23.984,0.8453,0.8456,1.80,4.90
2009.11.17 08:18:24.274,0.8453,0.84555,1.60,1.00
2009.11.17 08:18:24.564,0.8453,0.84555,2.80,1.00
2009.11.17 08:18:24.963,0.84535,0.84555,1.60,1.00
2009.11.17 08:18:25.263,0.84535,0.84555,2.40,1.00
2009.11.17 08:18:25.623,0.84535,0.8456,1.60,4.80
2009.11.17 08:18:25.963,0.8453,0.84555,1.20,1.60
2009.11.17 08:18:26.143,0.84525,0.84555,6.50,5.00
2009.11.17 08:18:26.313,0.84525,0.8455,6.40,1.00
2009.11.17 08:18:26.483,0.8452,0.8455,4.40,1.00
2009.11.17 08:18:26.993,0.8452,0.8455,4.40,4.10
2009.11.17 08:18:28.072,0.8452,0.8455,4.40,4.90
2009.11.17 08:18:28.243,0.8452,0.84545,2.80,1.60
2009.11.17 08:18:28.423,0.8452,0.84545,2.80,4.00
2009.11.17 08:18:28.663,0.8452,0.8454,1.00,2.40
2009.11.17 08:18:28.833,0.84515,0.8454,1.70,4.00
2009.11.17 08:18:29.113,0.84515,0.8454,3.20,1.00
2009.11.17 08:18:29.462,0.84515,0.84545,4.20,6.50
2009.11.17 08:18:29.742,0.84515,0.84545,2.60,6.50
2009.11.17 08:18:33.031,0.84525,0.84545,1.00,6.40
2009.11.17 08:18:33.381,0.8452,0.84545,2.80,2.40
2009.11.17 08:18:34.071,0.8452,0.84545,1.00,6.40
2009.11.17 08:18:34.871,0.8452,0.84545,1.80,6.40
2009.11.17 08:18:35.161,0.8452,0.84545,1.20,6.40
2009.11.17 08:18:35.281,0.8452,0.84545,1.00,6.40
2009.11.17 08:18:38.770,0.8452,0.84545,1.00,6.40
2009.11.17 08:18:38.990,0.8452,0.84545,4.00,6.40
2009.11.17 08:18:39.550,0.84515,0.8454,1.00,1.00
2009.11.17 08:18:39.890,0.8451,0.8454,5.60,1.00
2009.11.17 08:18:40.180,0.84505,0.84535,15.60,1.60
2009.11.17 08:18:40.530,0.84505,0.84535,11.60,1.60
2009.11.17 08:18:40.870,0.8451,0.84535,1.00,1.60
2009.11.17 08:18:41.200,0.8451,0.8454,1.00,3.40
2009.11.17 08:18:41.540,0.8451,0.8454,2.40,1.70
2009.11.17 08:18:42.179,0.8451,0.8454,6.40,1.70
2009.11.17 08:18:42.859,0.84505,0.84535,12.40,1.00
2009.11.17 08:18:43.149,0.84505,0.8453,12.30,1.00
2009.11.17 08:18:43.439,0.84505,0.84535,12.40,1.00
2009.11.17 08:18:43.799,0.8451,0.8454,2.40,1.70
2009.11.17 08:18:44.039,0.8451,0.8454,1.60,1.70
2009.11.17 08:18:44.339,0.84505,0.84535,12.40,1.00
2009.11.17 08:18:44.619,0.84505,0.8453,12.30,1.00
2009.11.17 08:18:45.219,0.84505,0.84535,6.00,1.00
2009.11.17 08:18:45.449,0.8451,0.8453,1.00,1.00
2009.11.17 08:18:45.728,0.8451,0.8453,2.40,1.00
2009.11.17 08:18:46.028,0.8451,0.8453,1.60,1.00
2009.11.17 08:18:46.188,0.84505,0.8454,11.20,4.10
2009.11.17 08:18:46.308,0.84505,0.84535,8.00,1.00
2009.11.17 08:18:46.428,0.84505,0.8453,6.40,1.00
2009.11.17 08:18:46.538,0.84505,0.8453,6.40,2.50
2009.11.17 08:18:46.648,0.845,0.8453,9.20,4.10
2009.11.17 08:18:46.768,0.845,0.8453,5.20,4.10
2009.11.17 08:18:46.888,0.845,0.8453,4.10,4.10
2009.11.17 08:18:48.608,0.845,0.84525,4.00,4.10
2009.11.17 08:18:48.888,0.84495,0.84525,1.80,6.40
2009.11.17 08:18:49.118,0.84495,0.84525,5.80,6.40
2009.11.17 08:18:49.398,0.84495,0.84525,1.80,6.40
2009.11.17 08:18:50.947,0.84495,0.84525,1.60,6.50
2009.11.17 08:18:51.457,0.84495,0.8452,1.60,1.00
2009.11.17 08:18:51.907,0.84495,0.84525,1.60,6.50
2009.11.17 08:18:53.246,0.84495,0.84515,1.60,1.00
2009.11.17 08:18:53.597,0.8449,0.84515,5.10,1.00
2009.11.17 08:18:53.947,0.8449,0.84515,2.70,1.00
2009.11.17 08:18:55.066,0.8449,0.8452,2.80,1.70
2009.11.17 08:18:55.516,0.8449,0.8452,2.80,4.10
2009.11.17 08:18:55.746,0.84495,0.84525,1.60,11.30
2009.11.17 08:18:56.216,0.84495,0.84525,1.60,7.30
2009.11.17 08:18:56.456,0.84495,0.84525,1.60,6.50
2009.11.17 08:18:56.756,0.84495,0.84525,1.60,7.30
2009.11.17 08:18:57.056,0.84495,0.84525,1.60,6.50
2009.11.17 08:18:58.486,0.84495,0.84525,1.60,7.30
2009.11.17 08:18:58.666,0.84495,0.8451,1.60,1.00
2009.11.17 08:18:58.835,0.8449,0.84505,1.00,1.60
2009.11.17 08:18:59.065,0.84485,0.84505,4.00,6.40
2009.11.17 08:18:59.235,0.84485,0.84495,4.00,4.00
2009.11.17 08:18:59.415,0.84465,0.84495,6.70,6.40
2009.11.17 08:18:59.855,0.84465,0.84495,1.00,7.20
2009.11.17 08:19:00.245,0.8446,0.84495,7.50,7.20
2009.11.17 08:19:00.525,0.8446,0.84495,3.50,7.20
2009.11.17 08:19:01.225,0.8446,0.8449,2.70,2.40
2009.11.17 08:19:01.565,0.8446,0.8449,2.80,2.50
2009.11.17 08:19:02.665,0.8447,0.84485,1.60,1.00
2009.11.17 08:19:02.954,0.8446,0.8449,2.70,2.50
2009.11.17 08:19:03.294,0.8446,0.8449,3.50,5.70
2009.11.17 08:19:03.584,0.8446,0.8449,3.50,1.70
2009.11.17 08:19:03.924,0.8446,0.8449,2.70,2.50
2009.11.17 08:19:04.264,0.8446,0.8449,3.50,1.70
2009.11.17 08:19:05.574,0.8446,0.8449,3.60,1.70
2009.11.17 08:19:05.994,0.8446,0.8449,2.80,2.50
2009.11.17 08:19:06.114,0.8446,0.84485,1.60,1.00
2009.11.17 08:19:06.674,0.8446,0.8449,1.60,2.50
2009.11.17 08:19:06.793,0.8446,0.8449,3.50,1.70
2009.11.17 08:19:07.124,0.8446,0.8449,2.70,2.40
2009.11.17 08:19:07.473,0.8446,0.84485,4.00,1.70
2009.11.17 08:19:07.873,0.84455,0.84485,4.10,8.10
2009.11.17 08:19:08.803,0.8446,0.84485,1.60,4.80
2009.11.17 08:19:09.143,0.84455,0.84475,4.10,1.00
2009.11.17 08:19:09.483,0.84455,0.8448,4.00,2.10
2009.11.17 08:19:09.823,0.84455,0.84485,4.00,9.70
2009.11.17 08:19:10.173,0.84455,0.84485,1.80,7.30
2009.11.17 08:19:10.522,0.84455,0.84485,1.80,6.50
2009.11.17 08:19:10.912,0.84455,0.8448,1.60,1.00
2009.11.17 08:19:11.214,0.84455,0.84485,1.80,6.40
2009.11.17 08:19:11.732,0.84455,0.84485,1.60,6.50
2009.11.17 08:19:12.272,0.8445,0.84475,5.00,1.00
2009.11.17 08:19:12.672,0.8445,0.84475,4.00,1.00
2009.11.17 08:19:13.022,0.8445,0.8448,4.00,4.10
2009.11.17 08:19:13.402,0.8445,0.8448,4.10,4.10
2009.11.17 08:19:15.991,0.8445,0.84475,6.70,1.00
2009.11.17 08:19:16.271,0.8445,0.84475,1.00,1.00
2009.11.17 08:19:16.551,0.84445,0.84475,7.40,1.00
2009.11.17 08:19:17.351,0.8445,0.8448,1.00,8.10
2009.11.17 08:19:17.811,0.8445,0.8448,2.80,8.10
2009.11.17 08:19:18.041,0.84445,0.84475,7.40,1.00
2009.11.17 08:19:18.341,0.84445,0.84475,7.20,1.00
2009.11.17 08:19:19.900,0.8445,0.84475,1.60,1.00
2009.11.17 08:19:20.120,0.8445,0.84475,2.70,1.00
2009.11.17 08:19:20.460,0.8445,0.84475,1.00,1.00
2009.11.17 08:19:20.690,0.84445,0.8447,6.40,1.00
2009.11.17 08:19:21.150,0.84445,0.8447,7.20,1.00
2009.11.17 08:19:21.390,0.84445,0.8447,6.40,1.00
2009.11.17 08:19:23.839,0.84445,0.8447,4.80,1.00
2009.11.17 08:19:24.120,0.84445,0.84475,5.00,5.70
2009.11.17 08:19:24.410,0.84445,0.84475,5.00,4.10
2009.11.17 08:19:24.699,0.84445,0.84475,7.20,1.00
2009.11.17 08:19:25.039,0.84445,0.8447,4.00,1.00
2009.11.17 08:19:25.319,0.84445,0.84475,1.60,6.50
2009.11.17 08:19:25.599,0.8445,0.84475,1.60,6.50
2009.11.17 08:19:25.949,0.8445,0.84475,2.70,6.50
2009.11.17 08:19:26.819,0.8445,0.84475,2.70,2.50
2009.11.17 08:19:27.098,0.84445,0.8447,6.40,1.00
2009.11.17 08:19:27.658,0.8444,0.84465,7.60,1.00
2009.11.17 08:19:28.008,0.8444,0.8446,6.40,1.00
2009.11.17 08:19:28.348,0.84455,0.84475,2.40,10.40
2009.11.17 08:19:28.708,0.8446,0.8448,1.60,1.00
2009.11.17 08:19:29.088,0.84465,0.84485,1.60,6.50
2009.11.17 08:19:29.428,0.84465,0.84485,1.60,2.50
2009.11.17 08:19:29.768,0.84465,0.84485,1.60,1.00
2009.11.17 08:19:30.638,0.84465,0.8449,1.60,4.10
2009.11.17 08:19:31.267,0.84465,0.8449,2.20,4.10
2009.11.17 08:19:31.447,0.84465,0.8449,1.00,4.10
2009.11.17 08:19:31.607,0.8446,0.8449,2.40,4.10
2009.11.17 08:19:31.827,0.8446,0.8449,2.40,8.10
2009.11.17 08:19:32.947,0.84465,0.8449,2.20,8.10
2009.11.17 08:19:33.247,0.84465,0.8449,2.20,4.10
2009.11.17 08:19:33.607,0.84465,0.8449,2.20,1.00
2009.11.17 08:19:33.967,0.84465,0.84495,3.00,6.50
2009.11.17 08:19:35.887,0.84465,0.8449,2.20,1.00
2009.11.17 08:19:36.236,0.84465,0.8449,3.00,1.00
2009.11.17 08:19:36.516,0.84465,0.8449,5.40,1.00
2009.11.17 08:19:36.866,0.8447,0.84495,1.00,1.00
2009.11.17 08:19:37.146,0.84465,0.8449,8.30,1.00
2009.11.17 08:19:38.356,0.8447,0.8449,1.00,1.00
2009.11.17 08:19:38.696,0.8447,0.845,2.60,4.10
2009.11.17 08:19:39.046,0.8447,0.845,3.60,4.10
2009.11.17 08:19:40.605,0.8447,0.845,2.80,4.10
2009.11.17 08:19:45.105,0.8447,0.845,2.70,4.10
2009.11.17 08:19:45.624,0.84485,0.845,1.60,4.10
2009.11.17 08:19:45.734,0.84485,0.845,3.20,4.10
2009.11.17 08:19:45.794,0.84485,0.84505,1.00,6.40
2009.11.17 08:19:46.034,0.8448,0.84505,2.40,6.40
2009.11.17 08:19:47.354,0.8448,0.84505,2.20,6.50
2009.11.17 08:19:51.823,0.8448,0.84505,2.20,2.50
2009.11.17 08:19:52.113,0.84485,0.84505,1.60,2.40
2009.11.17 08:19:52.342,0.8448,0.8451,2.40,4.10
2009.11.17 08:19:52.582,0.84485,0.8451,1.60,4.10
2009.11.17 08:19:52.802,0.84485,0.84505,1.60,1.00
2009.11.17 08:19:53.323,0.8449,0.84505,1.60,1.00
2009.11.17 08:19:54.002,0.8448,0.84505,4.00,1.00
2009.11.17 08:19:54.452,0.84475,0.84505,11.20,1.00
2009.11.17 08:19:54.742,0.84475,0.84505,4.80,1.00
2009.11.17 08:19:56.421,0.84475,0.84505,8.80,1.00
2009.11.17 08:19:59.821,0.84475,0.8451,9.00,4.10
2009.11.17 08:20:00.331,0.84475,0.8451,7.30,5.80
2009.11.17 08:20:00.450,0.84475,0.84505,8.20,1.00
2009.11.17 08:20:00.630,0.8448,0.8451,1.80,4.80
2009.11.17 08:20:00.800,0.8448,0.84505,2.40,2.40
2009.11.17 08:20:01.021,0.8448,0.8451,2.40,4.10
2009.11.17 08:20:01.550,0.8448,0.8451,3.20,4.10
2009.11.17 08:20:02.020,0.8448,0.8451,3.20,1.70
2009.11.17 08:20:02.600,0.84485,0.8451,2.40,1.70
2009.11.17 08:20:02.870,0.84485,0.8451,2.40,1.60
2009.11.17 08:20:04.359,0.84485,0.8451,2.40,1.70
2009.11.17 08:20:04.919,0.84485,0.8451,1.60,1.70
2009.11.17 08:20:05.209,0.8448,0.8451,3.20,1.70
2009.11.17 08:20:06.079,0.84485,0.8451,1.00,1.60
2009.11.17 08:20:06.309,0.84485,0.8451,1.60,1.60
2009.11.17 08:20:06.649,0.8448,0.8451,3.20,1.70
2009.11.17 08:20:07.239,0.84485,0.84515,1.60,11.30
2009.11.17 08:20:07.479,0.84485,0.8451,2.40,1.00
2009.11.17 08:20:08.049,0.84485,0.8451,3.20,1.00
2009.11.17 08:20:08.339,0.8449,0.84515,2.40,4.10
2009.11.17 08:20:08.679,0.8449,0.84515,3.00,1.00
2009.11.17 08:20:09.988,0.84495,0.84515,2.40,1.00
2009.11.17 08:20:10.448,0.8449,0.8452,5.50,1.00
2009.11.17 08:20:10.968,0.845,0.8452,3.00,4.00
2009.11.17 08:20:11.308,0.845,0.84525,3.00,1.00
2009.11.17 08:20:12.988,0.845,0.84525,3.00,1.70
2009.11.17 08:20:13.337,0.845,0.84525,3.00,6.50
2009.11.17 08:20:13.687,0.84505,0.8453,3.80,4.00
2009.11.17 08:20:13.967,0.84495,0.84525,5.60,4.10
2009.11.17 08:20:14.267,0.84485,0.84515,5.00,1.60
2009.11.17 08:20:14.497,0.84485,0.84515,1.00,4.80
2009.11.17 08:20:14.767,0.8448,0.8451,1.80,3.20
2009.11.17 08:20:15.117,0.8448,0.8451,1.80,5.60
2009.11.17 08:20:15.467,0.8448,0.8451,2.40,5.60
2009.11.17 08:20:15.817,0.8448,0.84515,3.50,10.40
2009.11.17 08:20:15.937,0.8449,0.84515,1.60,10.40
2009.11.17 08:20:16.217,0.8448,0.84505,8.40,1.00
2009.11.17 08:20:16.327,0.8448,0.84505,6.40,1.00
2009.11.17 08:20:16.437,0.84475,0.84505,10.60,1.00
2009.11.17 08:20:16.617,0.84475,0.84505,5.90,1.00
2009.11.17 08:20:16.787,0.84475,0.84505,4.00,1.00
2009.11.17 08:20:16.906,0.84475,0.84505,1.60,6.50
2009.11.17 08:20:17.306,0.8447,0.845,8.20,1.70
2009.11.17 08:20:17.656,0.84475,0.84505,1.60,6.50
2009.11.17 08:20:17.996,0.84475,0.84505,2.40,6.50
2009.11.17 08:20:18.226,0.84475,0.84505,2.60,2.50
2009.11.17 08:20:18.496,0.8448,0.84505,1.60,1.00
2009.11.17 08:20:20.715,0.84475,0.845,11.50,1.00
2009.11.17 08:20:20.995,0.84475,0.845,2.40,1.00
2009.11.17 08:20:21.286,0.8447,0.845,6.00,1.00
2009.11.17 08:20:21.695,0.8447,0.845,1.00,1.00
2009.11.17 08:20:23.235,0.84465,0.84505,7.40,11.00
2009.11.17 08:20:23.565,0.8447,0.845,2.60,4.00
2009.11.17 08:20:23.905,0.8447,0.845,6.60,4.00
2009.11.17 08:20:24.295,0.8447,0.845,2.60,4.00
2009.11.17 08:20:25.924,0.84475,0.845,1.60,4.00
2009.11.17 08:20:26.444,0.8447,0.845,7.60,4.00
2009.11.17 08:20:26.794,0.8447,0.84495,1.00,1.60
2009.11.17 08:20:27.144,0.8447,0.84495,2.60,1.60
2009.11.17 08:20:27.494,0.8447,0.845,3.60,5.70
2009.11.17 08:20:28.553,0.84465,0.84495,11.40,1.70
2009.11.17 08:20:28.833,0.84475,0.84495,1.60,1.70
2009.11.17 08:20:29.104,0.84475,0.84505,1.60,7.20
2009.11.17 08:20:29.424,0.84475,0.84505,2.60,3.10
2009.11.17 08:20:29.703,0.84475,0.84505,2.60,2.80
2009.11.17 08:20:29.943,0.84475,0.84505,3.20,2.40
2009.11.17 08:20:30.863,0.84475,0.84505,1.60,7.30
2009.11.17 08:20:31.213,0.84475,0.845,1.60,4.10
2009.11.17 08:20:31.593,0.84475,0.845,1.80,4.00
2009.11.17 08:20:32.283,0.84475,0.84505,2.40,6.50
2009.11.17 08:20:32.623,0.84475,0.84505,4.00,6.50
2009.11.17 08:20:32.963,0.8447,0.845,6.40,4.00
2009.11.17 08:20:33.253,0.84475,0.845,2.40,4.00
2009.11.17 08:20:33.822,0.84475,0.845,2.20,4.10
2009.11.17 08:20:34.162,0.8447,0.845,4.00,4.00
2009.11.17 08:20:34.662,0.84475,0.84505,1.80,4.90
2009.11.17 08:20:35.022,0.84475,0.845,1.60,1.00
2009.11.17 08:20:35.312,0.84475,0.845,2.20,1.00
2009.11.17 08:20:35.932,0.84475,0.845,6.20,1.00
2009.11.17 08:20:36.562,0.84475,0.84505,6.40,6.50
2009.11.17 08:20:37.442,0.8448,0.84505,1.60,6.50
2009.11.17 08:20:37.781,0.84475,0.84505,2.40,6.50
2009.11.17 08:20:38.171,0.84475,0.845,1.60,4.10
2009.11.17 08:20:40.731,0.8447,0.845,1.80,4.90
2009.11.17 08:20:41.991,0.8447,0.84495,1.60,1.00
2009.11.17 08:20:43.380,0.84465,0.84495,5.70,1.00
2009.11.17 08:20:43.720,0.8447,0.84495,1.60,1.00
2009.11.17 08:20:44.750,0.84465,0.84495,4.00,4.10
2009.11.17 08:20:45.210,0.8447,0.84495,1.60,6.50
2009.11.17 08:20:45.600,0.8447,0.84495,1.60,2.50
2009.11.17 08:20:45.940,0.8447,0.8449,1.60,1.00
2009.11.17 08:20:46.339,0.84475,0.84495,1.60,2.40
2009.11.17 08:20:46.669,0.84475,0.845,1.60,4.10
2009.11.17 08:20:47.969,0.8448,0.845,1.60,1.00
2009.11.17 08:20:49.799,0.8447,0.845,2.80,1.00
2009.11.17 08:20:50.149,0.8447,0.845,2.80,2.50
2009.11.17 08:20:50.538,0.8448,0.8449,1.60,1.00
2009.11.17 08:20:50.838,0.8448,0.845,1.60,4.10
2009.11.17 08:20:51.468,0.84485,0.8451,2.40,4.10
2009.11.17 08:20:51.738,0.84485,0.8451,3.50,1.00
2009.11.17 08:20:52.698,0.84485,0.8451,3.90,1.00
2009.11.17 08:20:53.038,0.8449,0.84515,1.00,6.50
2009.11.17 08:20:55.358,0.8449,0.8451,1.00,1.00
2009.11.17 08:20:55.587,0.8449,0.84515,1.00,6.50
2009.11.17 08:20:56.097,0.84485,0.8451,4.30,1.00
2009.11.17 08:20:56.377,0.84485,0.8451,3.90,1.00
2009.11.17 08:20:57.577,0.84485,0.8451,3.50,1.00
2009.11.17 08:20:58.067,0.8449,0.8451,1.00,1.00
2009.11.17 08:20:58.297,0.84485,0.84505,2.70,1.00
2009.11.17 08:20:58.646,0.84485,0.84505,1.60,1.00
2009.11.17 08:21:01.746,0.8448,0.84505,1.60,1.00
2009.11.17 08:21:02.616,0.8448,0.845,1.60,1.00
2009.11.17 08:21:02.945,0.8448,0.845,2.00,1.00
2009.11.17 08:21:03.295,0.84475,0.845,2.40,1.00
2009.11.17 08:21:03.645,0.8447,0.845,2.20,1.00
2009.11.17 08:21:03.995,0.84475,0.84495,2.00,1.00
2009.11.17 08:21:04.345,0.84475,0.845,2.00,1.00
2009.11.17 08:21:04.685,0.8447,0.845,10.00,1.00
2009.11.17 08:21:05.075,0.8447,0.84495,4.00,1.00
2009.11.17 08:21:05.425,0.84465,0.84495,4.00,10.50
2009.11.17 08:21:05.775,0.84465,0.84495,4.00,6.50
2009.11.17 08:21:08.615,0.8447,0.84495,2.40,6.50
2009.11.17 08:21:09.024,0.84475,0.84495,1.60,6.40
2009.11.17 08:21:09.354,0.84475,0.845,3.20,1.00
2009.11.17 08:21:10.384,0.84475,0.845,4.60,1.00
2009.11.17 08:21:11.064,0.84475,0.84495,2.20,1.00
2009.11.17 08:21:11.243,0.84475,0.84495,1.60,1.00
2009.11.17 08:21:11.753,0.84475,0.845,1.60,1.00
2009.11.17 08:21:15.972,0.84475,0.84505,1.60,10.50
2009.11.17 08:21:19.462,0.84475,0.845,1.60,2.40
2009.11.17 08:21:19.522,0.84475,0.845,1.60,4.00
2009.11.17 08:21:20.041,0.84475,0.845,1.60,4.10
2009.11.17 08:21:20.441,0.84475,0.845,2.40,4.10
2009.11.17 08:21:20.791,0.8448,0.845,1.60,4.00
2009.11.17 08:21:21.141,0.84485,0.84505,1.60,4.10
2009.11.17 08:21:21.881,0.8448,0.84505,1.60,4.10
2009.11.17 08:21:24.670,0.8448,0.845,1.60,1.00
2009.11.17 08:21:25.180,0.84475,0.84505,2.80,6.50
2009.11.17 08:21:25.420,0.84475,0.845,1.80,1.60
2009.11.17 08:21:25.650,0.84465,0.845,11.20,4.00
2009.11.17 08:21:26.170,0.84465,0.84495,2.40,11.00
2009.11.17 08:21:26.450,0.84455,0.8449,8.70,4.00
2009.11.17 08:21:26.740,0.84455,0.8449,8.30,4.00
2009.11.17 08:21:27.669,0.84455,0.8449,8.30,4.10
2009.11.17 08:21:28.009,0.84455,0.8449,5.90,4.10
2009.11.17 08:21:28.599,0.84455,0.84485,5.90,1.00
2009.11.17 08:21:29.399,0.84455,0.84485,5.10,1.00
2009.11.17 08:21:29.699,0.84455,0.84485,1.60,2.50
2009.11.17 08:21:31.238,0.84455,0.84485,1.60,4.90
2009.11.17 08:21:31.589,0.84455,0.84485,1.60,6.50
2009.11.17 08:21:36.367,0.84465,0.84485,1.60,2.50
2009.11.17 08:21:36.578,0.84465,0.84485,1.60,2.40
2009.11.17 08:21:36.807,0.84465,0.8449,1.60,1.00
2009.11.17 08:21:37.107,0.84465,0.8449,2.40,1.00
2009.11.17 08:21:37.757,0.8447,0.8449,2.40,1.00
2009.11.17 08:21:38.557,0.8447,0.84495,2.40,1.00
2009.11.17 08:21:38.797,0.8447,0.8449,2.40,1.00
2009.11.17 08:21:39.037,0.8447,0.84495,2.40,1.00
2009.11.17 08:21:39.427,0.84465,0.84495,12.40,1.00
2009.11.17 08:21:39.757,0.8447,0.84495,2.40,1.00
2009.11.17 08:21:40.106,0.84465,0.84495,8.40,1.00
2009.11.17 08:21:41.146,0.84465,0.84485,8.30,1.00
2009.11.17 08:21:41.486,0.8446,0.84485,15.90,1.00
2009.11.17 08:21:41.936,0.84465,0.8449,5.90,1.00
2009.11.17 08:21:44.986,0.84465,0.84485,6.70,1.00
2009.11.17 08:21:45.345,0.84465,0.84485,5.90,1.00
2009.11.17 08:21:46.065,0.84465,0.8449,5.90,1.00
2009.11.17 08:21:46.805,0.84465,0.8449,3.40,1.00
2009.11.17 08:21:47.195,0.84465,0.8448,1.00,1.00
2009.11.17 08:21:47.545,0.8446,0.8449,2.40,4.10
2009.11.17 08:21:48.595,0.8446,0.84495,1.00,13.50
2009.11.17 08:21:48.984,0.8446,0.84485,1.00,1.00
2009.11.17 08:21:49.614,0.8447,0.84485,1.00,1.00
2009.11.17 08:21:49.914,0.8446,0.8449,1.60,1.00
2009.11.17 08:21:51.254,0.84455,0.8449,8.80,5.80
2009.11.17 08:21:51.594,0.84455,0.8449,3.20,5.80
2009.11.17 08:21:51.824,0.8446,0.8449,1.60,4.10
2009.11.17 08:21:52.274,0.84455,0.8449,3.20,5.80
2009.11.17 08:21:52.723,0.84455,0.84485,2.40,2.40
2009.11.17 08:21:52.893,0.84455,0.84485,2.40,2.60
2009.11.17 08:21:53.293,0.84455,0.84485,2.40,2.40
2009.11.17 08:21:53.463,0.84455,0.84485,2.40,2.60
2009.11.17 08:21:54.283,0.84455,0.8449,2.40,7.40
2009.11.17 08:21:54.633,0.84455,0.8449,3.20,5.80
2009.11.17 08:21:55.213,0.84455,0.84485,3.20,1.00
2009.11.17 08:21:55.423,0.8446,0.84485,1.00,1.00
2009.11.17 08:21:55.593,0.8446,0.8449,1.00,9.00
2009.11.17 08:21:55.943,0.84455,0.8449,12.40,4.10
2009.11.17 08:21:56.273,0.8446,0.8449,1.00,1.70
2009.11.17 08:21:58.112,0.8446,0.8449,3.50,1.70
2009.11.17 08:21:58.672,0.84465,0.8449,1.00,1.60
2009.11.17 08:21:59.022,0.8446,0.8449,3.50,1.70
2009.11.17 08:22:00.112,0.8446,0.8449,3.50,1.00
2009.11.17 08:22:00.391,0.84465,0.84495,1.00,8.20
2009.11.17 08:22:05.061,0.84465,0.84495,2.60,2.50
2009.11.17 08:22:08.819,0.84465,0.84495,5.00,1.00
2009.11.17 08:22:09.149,0.8447,0.84495,1.00,1.00
2009.11.17 08:22:09.539,0.8447,0.84495,3.30,1.00
2009.11.17 08:22:09.719,0.8447,0.845,3.50,4.10
2009.11.17 08:22:10.419,0.8447,0.84495,1.00,1.00
2009.11.17 08:22:10.709,0.84465,0.84495,11.80,1.00
2009.11.17 08:22:11.039,0.84465,0.84495,7.40,1.00
2009.11.17 08:22:12.649,0.8447,0.84495,1.00,1.00
2009.11.17 08:22:12.869,0.84465,0.84495,7.80,1.00
2009.11.17 08:22:13.048,0.84465,0.84495,7.40,1.00
2009.11.17 08:22:13.269,0.84465,0.84495,6.60,1.00
2009.11.17 08:22:13.848,0.8447,0.84495,2.40,1.00
2009.11.17 08:22:14.188,0.8447,0.84495,1.00,1.00
2009.11.17 08:22:14.518,0.84465,0.8449,4.80,1.00
2009.11.17 08:22:20.297,0.84465,0.8449,3.20,1.00
2009.11.17 08:22:20.477,0.84465,0.8449,2.40,1.00
2009.11.17 08:22:20.817,0.8446,0.8449,7.50,1.00
2009.11.17 08:22:21.047,0.8446,0.8449,5.90,1.00
2009.11.17 08:22:27.985,0.8446,0.8449,5.70,1.00
2009.11.17 08:22:28.205,0.8446,0.8449,3.30,1.00
2009.11.17 08:22:28.315,0.8446,0.8449,3.50,1.00
2009.11.17 08:22:29.275,0.8446,0.8449,1.00,4.10
2009.11.17 08:22:30.475,0.8446,0.8449,2.40,4.10
2009.11.17 08:22:30.584,0.8446,0.8449,3.50,4.10
2009.11.17 08:22:31.084,0.8446,0.8449,1.60,4.10
2009.11.17 08:22:31.424,0.8446,0.8449,1.00,4.10
2009.11.17 08:22:32.634,0.84465,0.8449,1.00,4.00
2009.11.17 08:22:35.773,0.8446,0.8449,3.50,4.10
2009.11.17 08:22:36.123,0.84465,0.8449,1.00,4.00
2009.11.17 08:22:38.822,0.84465,0.84495,1.00,8.20
2009.11.17 08:22:43.861,0.84465,0.84495,1.00,5.80
2009.11.17 08:22:47.520,0.8447,0.84495,2.40,4.10
2009.11.17 08:22:47.690,0.8447,0.84495,1.00,4.00
2009.11.17 08:22:47.860,0.8447,0.845,2.60,1.00
2009.11.17 08:22:48.420,0.8447,0.845,6.60,1.00
2009.11.17 08:22:49.690,0.8447,0.845,7.50,1.00
2009.11.17 08:22:50.439,0.8447,0.845,9.90,1.00
2009.11.17 08:22:50.609,0.84475,0.845,1.60,1.00
2009.11.17 08:22:51.959,0.84475,0.845,2.40,1.00
2009.11.17 08:22:52.589,0.84475,0.845,1.60,1.00
2009.11.17 08:22:56.108,0.84475,0.845,2.40,1.00
2009.11.17 08:22:57.338,0.8447,0.84505,12.70,4.00
2009.11.17 08:22:57.568,0.8448,0.84505,1.00,2.40
2009.11.17 08:22:57.848,0.8448,0.8451,1.00,4.10
2009.11.17 08:22:59.227,0.8448,0.8451,3.50,1.70
2009.11.17 08:23:02.267,0.84485,0.8451,1.00,1.70
2009.11.17 08:23:02.616,0.8449,0.84515,1.60,6.40
2009.11.17 08:23:03.546,0.8449,0.84515,1.80,6.40
2009.11.17 08:23:05.286,0.8449,0.84515,2.60,6.40
2009.11.17 08:23:05.496,0.84495,0.84515,1.60,2.40
2009.11.17 08:23:05.786,0.84495,0.8452,1.60,1.70
2009.11.17 08:23:06.306,0.84495,0.8452,2.40,1.70
2009.11.17 08:23:06.546,0.84495,0.84525,3.50,2.50
2009.11.17 08:23:07.305,0.84495,0.84525,3.50,6.50
2009.11.17 08:23:07.596,0.845,0.84525,1.00,6.40
2009.11.17 08:23:08.006,0.845,0.84525,1.00,4.00
2009.11.17 08:23:08.225,0.845,0.84525,5.80,2.40
2009.11.17 08:23:08.405,0.845,0.84525,1.00,2.40
2009.11.17 08:23:08.985,0.845,0.84525,1.80,2.40
2009.11.17 08:23:09.345,0.845,0.8453,3.90,4.10
2009.11.17 08:23:10.375,0.845,0.8453,3.90,1.70
2009.11.17 08:23:10.495,0.845,0.8453,2.30,1.00
2009.11.17 08:23:10.605,0.84495,0.8453,17.20,1.00
2009.11.17 08:23:12.734,0.84505,0.84535,1.00,8.20
2009.11.17 08:23:13.124,0.84505,0.84535,4.30,3.40
2009.11.17 08:23:13.984,0.84505,0.84535,2.60,8.20
2009.11.17 08:23:14.204,0.84505,0.84535,4.30,6.60
2009.11.17 08:23:14.374,0.84505,0.8453,1.60,2.60
2009.11.17 08:23:14.614,0.84505,0.8453,1.60,4.00
2009.11.17 08:23:16.133,0.84505,0.8453,1.60,4.80
2009.11.17 08:23:16.363,0.84505,0.8453,1.60,4.00
2009.11.17 08:23:16.583,0.845,0.8453,2.60,4.00
2009.11.17 08:23:16.813,0.84505,0.84535,2.40,9.00
2009.11.17 08:23:17.053,0.84505,0.84535,4.30,7.40
2009.11.17 08:23:18.893,0.84515,0.84535,1.60,6.40
2009.11.17 08:23:19.173,0.84515,0.84535,1.60,2.40
2009.11.17 08:23:19.453,0.8451,0.84535,2.60,1.00
2009.11.17 08:23:20.432,0.8451,0.84535,1.80,1.00
2009.11.17 08:23:21.012,0.8451,0.84535,1.60,1.00
2009.11.17 08:23:22.782,0.8451,0.84535,2.70,1.00
2009.11.17 08:23:22.942,0.84515,0.84535,1.60,1.00
2009.11.17 08:23:23.112,0.84515,0.84535,1.60,1.00
2009.11.17 08:23:23.232,0.8451,0.84535,2.70,1.00
2009.11.17 08:23:23.412,0.8451,0.8454,1.00,10.40
2009.11.17 08:23:23.692,0.84505,0.84535,8.00,5.00
2009.11.17 08:23:24.072,0.84505,0.8453,1.60,1.60
2009.11.17 08:23:24.422,0.84505,0.8453,1.60,1.70
2009.11.17 08:23:25.031,0.845,0.8453,2.80,4.90
2009.11.17 08:23:26.491,0.845,0.84525,2.80,2.40
2009.11.17 08:23:28.120,0.845,0.8452,2.80,1.00
2009.11.17 08:23:28.350,0.845,0.8451,1.00,1.60
2009.11.17 08:23:28.590,0.8449,0.84515,2.20,1.60
2009.11.17 08:23:28.830,0.8449,0.84515,1.60,1.60
2009.11.17 08:23:29.050,0.8449,0.8451,1.60,1.60
2009.11.17 08:23:33.239,0.8449,0.84515,5.10,1.60
2009.11.17 08:23:35.449,0.845,0.8452,1.60,1.60
2009.11.17 08:23:36.609,0.845,0.84515,1.60,1.60
2009.11.17 08:23:37.128,0.84495,0.8451,3.40,1.60
2009.11.17 08:23:37.298,0.84495,0.8451,2.40,1.60
2009.11.17 08:23:38.058,0.8449,0.8451,2.60,1.60
2009.11.17 08:23:38.398,0.8449,0.8451,5.00,1.60
2009.11.17 08:23:38.688,0.8449,0.84515,4.80,1.60
2009.11.17 08:23:39.038,0.84495,0.84515,4.80,1.60
2009.11.17 08:23:40.807,0.84495,0.8451,4.80,1.60
2009.11.17 08:23:45.216,0.84495,0.84515,4.80,1.60
2009.11.17 08:23:45.616,0.845,0.84525,1.60,2.40
2009.11.17 08:23:45.846,0.845,0.84525,2.40,4.00
2009.11.17 08:23:46.126,0.84495,0.8453,11.20,1.00
2009.11.17 08:23:46.686,0.84495,0.8453,7.20,1.00
2009.11.17 08:23:47.946,0.845,0.8453,1.00,1.00
2009.11.17 08:23:48.476,0.84495,0.84525,7.20,1.00
2009.11.17 08:23:48.716,0.845,0.84525,2.40,1.00
2009.11.17 08:23:49.056,0.845,0.8453,2.40,1.00
2009.11.17 08:23:49.746,0.84505,0.8453,1.00,1.00
2009.11.17 08:23:52.335,0.845,0.8453,2.80,1.00
2009.11.17 08:23:52.555,0.845,0.84525,2.40,1.00
2009.11.17 08:23:53.874,0.84505,0.84525,1.00,1.00
2009.11.17 08:23:54.164,0.84505,0.84525,3.20,1.00
2009.11.17 08:23:54.444,0.84505,0.84535,7.20,1.00
2009.11.17 08:23:54.674,0.84505,0.84535,3.20,1.00
2009.11.17 08:23:55.524,0.84505,0.84535,2.40,1.00
2009.11.17 08:23:56.214,0.84505,0.84535,3.20,1.00
2009.11.17 08:23:56.903,0.84505,0.84535,5.00,1.00
2009.11.17 08:23:57.193,0.84505,0.84535,7.90,1.00
2009.11.17 08:24:01.013,0.84505,0.84535,7.10,1.00
2009.11.17 08:24:01.292,0.84505,0.84535,4.90,2.60
2009.11.17 08:24:01.522,0.84505,0.84535,4.90,1.00
2009.11.17 08:24:02.502,0.84505,0.8453,4.80,1.00
2009.11.17 08:24:03.512,0.84505,0.84535,4.90,1.80
2009.11.17 08:24:07.151,0.84505,0.84535,8.30,1.00
2009.11.17 08:24:11.010,0.8451,0.84535,1.80,1.00
2009.11.17 08:24:11.240,0.84515,0.84535,1.60,1.00
2009.11.17 08:24:11.470,0.8451,0.84535,6.30,1.00
2009.11.17 08:24:11.650,0.84515,0.84535,1.60,1.00
2009.11.17 08:24:12.810,0.8451,0.84535,2.30,1.00
2009.11.17 08:24:14.119,0.8451,0.84535,3.10,1.00
2009.11.17 08:24:19.738,0.8451,0.84535,2.30,1.00
2009.11.17 08:24:20.298,0.8451,0.84535,5.50,1.00
2009.11.17 08:24:20.528,0.84515,0.84535,1.60,1.00
2009.11.17 08:24:23.417,0.84515,0.84535,2.40,1.00
2009.11.17 08:24:23.947,0.8451,0.84535,7.10,1.00
2009.11.17 08:24:24.287,0.8451,0.84535,5.50,1.00
2009.11.17 08:24:24.967,0.84515,0.84535,2.40,1.00
2009.11.17 08:24:28.116,0.84515,0.84535,1.60,1.00
2009.11.17 08:24:28.286,0.8451,0.84535,5.50,1.00
2009.11.17 08:24:28.466,0.84515,0.84535,1.60,1.00
2009.11.17 08:24:28.636,0.84515,0.84535,2.40,1.00
2009.11.17 08:24:28.976,0.84525,0.84535,1.60,1.00
2009.11.17 08:24:29.146,0.84525,0.8455,7.20,1.00
2009.11.17 08:24:31.135,0.84525,0.84555,7.20,1.70
2009.11.17 08:24:31.315,0.84535,0.84565,4.00,7.30
2009.11.17 08:24:31.555,0.84535,0.84565,4.00,3.30
2009.11.17 08:24:31.665,0.84535,0.84565,6.40,1.00
2009.11.17 08:24:32.345,0.84535,0.8456,6.40,1.00
2009.11.17 08:24:33.225,0.84535,0.84565,6.40,1.00
2009.11.17 08:24:33.835,0.84535,0.84565,7.70,1.00
2009.11.17 08:24:34.164,0.84535,0.84565,7.90,1.00
2009.11.17 08:24:34.504,0.84535,0.8456,6.40,1.00
2009.11.17 08:24:35.784,0.84545,0.8457,1.60,5.00
2009.11.17 08:24:36.014,0.84545,0.8456,2.30,1.00
2009.11.17 08:24:36.244,0.8454,0.8456,2.10,1.00
2009.11.17 08:24:36.464,0.8454,0.84565,2.10,1.30
2009.11.17 08:24:36.625,0.8454,0.84565,1.60,1.00
2009.11.17 08:24:37.314,0.8454,0.84565,1.80,1.00
2009.11.17 08:24:38.344,0.8455,0.84575,1.80,5.20
2009.11.17 08:24:38.694,0.8455,0.84575,1.80,4.80
2009.11.17 08:24:39.054,0.8455,0.84575,1.80,2.40
2009.11.17 08:24:39.744,0.8455,0.84575,1.00,2.40
2009.11.17 08:24:40.493,0.8455,0.8457,1.00,1.00
2009.11.17 08:24:40.663,0.8455,0.84575,1.00,2.80
2009.11.17 08:24:41.123,0.8455,0.84575,1.00,2.40
2009.11.17 08:24:42.463,0.8455,0.84575,1.00,4.80
2009.11.17 08:24:42.693,0.8455,0.84575,1.00,4.00
2009.11.17 08:24:45.452,0.84545,0.84575,1.80,4.10
2009.11.17 08:24:46.372,0.84545,0.84575,3.40,6.50
2009.11.17 08:24:46.542,0.84545,0.8457,1.60,1.00
2009.11.17 08:24:46.652,0.8454,0.8457,2.70,1.00
2009.11.17 08:24:46.832,0.8454,0.8457,1.80,1.00
2009.11.17 08:24:48.031,0.8454,0.8457,2.60,1.00
2009.11.17 08:24:48.331,0.84545,0.8457,3.20,1.00
2009.11.17 08:24:49.571,0.84545,0.84575,3.40,6.50
2009.11.17 08:24:50.161,0.84545,0.84575,1.80,6.50
2009.11.17 08:24:50.391,0.84545,0.84575,3.10,6.50
2009.11.17 08:24:50.571,0.84545,0.84575,1.40,6.50
2009.11.17 08:24:50.811,0.8454,0.8457,4.10,1.00
2009.11.17 08:24:51.101,0.84535,0.8457,13.50,1.00
2009.11.17 08:24:51.321,0.84535,0.84565,7.30,1.60
2009.11.17 08:24:51.610,0.84535,0.84565,6.50,6.90
2009.11.17 08:24:51.960,0.84535,0.84555,4.10,1.00
2009.11.17 08:24:52.290,0.84535,0.84555,1.00,1.00
2009.11.17 08:24:53.220,0.8454,0.84565,1.80,7.60
2009.11.17 08:24:53.510,0.8454,0.84565,1.80,4.80
2009.11.17 08:24:53.750,0.84535,0.84565,1.00,4.80
2009.11.17 08:24:54.040,0.84535,0.84565,1.00,5.20
2009.11.17 08:24:54.690,0.84535,0.8456,1.00,1.00
2009.11.17 08:24:56.399,0.8453,0.8456,6.70,1.00
2009.11.17 08:24:57.679,0.8454,0.84565,1.80,4.80
2009.11.17 08:24:58.039,0.84535,0.84565,1.00,4.90
2009.11.17 08:24:58.429,0.8453,0.8456,9.10,1.00
2009.11.17 08:25:03.578,0.8454,0.84555,2.10,1.00
2009.11.17 08:25:03.937,0.8453,0.8456,1.60,9.60
2009.11.17 08:25:04.287,0.8453,0.8456,1.60,4.80
2009.11.17 08:25:04.937,0.8453,0.8456,1.80,4.80
2009.11.17 08:25:08.527,0.8453,0.84555,1.80,1.00
2009.11.17 08:25:08.807,0.8453,0.84555,1.60,1.00
2009.11.17 08:25:09.077,0.8453,0.84555,1.60,3.30
2009.11.17 08:25:11.106,0.84535,0.8456,3.20,7.80
2009.11.17 08:25:11.346,0.84535,0.8456,3.20,4.10
2009.11.17 08:25:11.645,0.84535,0.8456,3.70,4.10
2009.11.17 08:25:11.935,0.84535,0.8455,1.00,1.00
2009.11.17 08:25:12.225,0.84535,0.84555,3.70,7.20
2009.11.17 08:25:12.505,0.84535,0.8456,2.10,4.80
2009.11.17 08:25:12.785,0.84535,0.8456,2.10,1.00
2009.11.17 08:25:13.285,0.84535,0.8456,1.60,1.00
2009.11.17 08:25:13.645,0.84525,0.8455,5.70,1.00
2009.11.17 08:25:13.985,0.84525,0.84555,1.60,3.30
2009.11.17 08:25:14.445,0.8452,0.84555,1.80,9.00
2009.11.17 08:25:14.725,0.84525,0.84555,1.00,8.20
2009.11.17 08:25:14.955,0.84535,0.84555,2.30,4.80
2009.11.17 08:25:15.185,0.84535,0.8456,1.00,2.60
2009.11.17 08:25:15.405,0.8453,0.8456,4.00,2.60
2009.11.17 08:25:15.644,0.8453,0.8456,2.40,2.60
2009.11.17 08:25:16.764,0.84525,0.8456,8.30,2.60
2009.11.17 08:25:16.984,0.84525,0.8456,5.10,6.60
2009.11.17 08:25:17.274,0.84525,0.84555,3.40,1.00
2009.11.17 08:25:17.544,0.84525,0.84555,1.00,3.20
2009.11.17 08:25:17.774,0.84525,0.84555,1.00,7.20
2009.11.17 08:25:18.694,0.8452,0.84555,7.90,7.30
2009.11.17 08:25:18.994,0.8452,0.8455,11.90,1.60
2009.11.17 08:25:19.354,0.84525,0.8455,4.00,1.60
2009.11.17 08:25:19.704,0.84525,0.84555,7.40,7.30
2009.11.17 08:25:19.984,0.84525,0.84545,7.70,1.00
2009.11.17 08:25:20.104,0.84525,0.84545,6.00,1.00
2009.11.17 08:25:20.224,0.84525,0.84545,4.40,1.00
2009.11.17 08:25:20.564,0.84525,0.84545,4.00,1.00
2009.11.17 08:25:20.734,0.8452,0.84545,4.00,1.00
2009.11.17 08:25:21.193,0.8452,0.84545,4.10,1.00
2009.11.17 08:25:24.252,0.8452,0.84545,5.70,1.00
2009.11.17 08:25:24.602,0.8452,0.84545,1.70,1.00
2009.11.17 08:25:25.292,0.84515,0.8454,10.40,1.00
2009.11.17 08:25:27.412,0.84515,0.8454,1.00,1.00
2009.11.17 08:25:27.652,0.84515,0.84545,1.00,7.70
2009.11.17 08:25:27.882,0.84515,0.84545,1.00,7.30
2009.11.17 08:25:28.302,0.84515,0.8454,1.00,1.00
2009.11.17 08:25:28.822,0.8451,0.8454,7.90,1.00
2009.11.17 08:25:29.102,0.8451,0.8454,10.30,1.00
2009.11.17 08:25:29.432,0.8451,0.84535,6.20,3.20
2009.11.17 08:25:29.721,0.84505,0.8453,1.00,2.80
2009.11.17 08:25:30.062,0.84505,0.8453,1.60,1.00
2009.11.17 08:25:30.361,0.84505,0.8452,1.60,1.00
2009.11.17 08:25:30.701,0.845,0.84525,1.00,1.00
2009.11.17 08:25:31.031,0.84505,0.8453,2.20,1.00
2009.11.17 08:25:31.381,0.84505,0.84535,3.80,6.90
2009.11.17 08:25:31.611,0.8451,0.84535,1.60,2.50
2009.11.17 08:25:32.051,0.8451,0.84535,1.60,1.00
2009.11.17 08:25:32.281,0.84505,0.8453,5.40,1.00
2009.11.17 08:25:32.461,0.84505,0.8453,1.20,2.40
2009.11.17 08:25:32.810,0.845,0.84525,1.00,1.00
2009.11.17 08:25:33.450,0.845,0.84525,1.20,1.00
2009.11.17 08:25:34.311,0.84505,0.84525,2.00,1.00
2009.11.17 08:25:34.960,0.84505,0.84525,2.80,1.00
2009.11.17 08:25:36.860,0.84505,0.8453,2.80,1.00
2009.11.17 08:25:37.140,0.84505,0.8453,2.80,1.00
2009.11.17 08:25:37.259,0.84505,0.8453,2.80,1.00
2009.11.17 08:25:37.959,0.84505,0.8453,2.80,1.00
2009.11.17 08:25:38.469,0.84505,0.84525,2.80,1.00
2009.11.17 08:25:38.819,0.84505,0.84525,1.20,1.00
2009.11.17 08:25:39.169,0.845,0.84525,7.00,1.00
2009.11.17 08:25:39.519,0.845,0.84525,3.00,1.00
2009.11.17 08:25:39.859,0.845,0.84525,3.00,2.40
2009.11.17 08:25:41.588,0.845,0.8452,1.00,2.40
2009.11.17 08:25:41.988,0.84495,0.84515,1.00,1.00
2009.11.17 08:25:42.449,0.84495,0.8452,1.00,2.80
2009.11.17 08:25:42.668,0.84495,0.84515,1.80,1.00
2009.11.17 08:25:42.948,0.84495,0.84515,1.00,2.40
2009.11.17 08:25:43.398,0.84495,0.84515,1.00,1.60
2009.11.17 08:25:43.568,0.84495,0.8452,1.00,2.40
2009.11.17 08:25:43.798,0.84495,0.8452,1.80,2.40
2009.11.17 08:25:43.978,0.84495,0.8452,1.80,1.60
2009.11.17 08:25:44.568,0.84495,0.84515,1.00,1.60
2009.11.17 08:25:45.587,0.8449,0.84515,2.30,1.60
2009.11.17 08:25:47.077,0.8449,0.8451,1.00,1.60
2009.11.17 08:25:47.347,0.84495,0.8451,1.00,1.60
2009.11.17 08:25:47.577,0.84485,0.8451,10.60,1.60
2009.11.17 08:25:47.977,0.8449,0.8451,1.80,1.60
2009.11.17 08:25:48.207,0.8449,0.84515,1.80,1.60
2009.11.17 08:25:48.777,0.84485,0.8451,10.60,1.60
2009.11.17 08:25:49.067,0.84485,0.8451,10.60,2.40
2009.11.17 08:25:49.296,0.84485,0.8451,10.60,1.60
2009.11.17 08:25:52.686,0.8449,0.8451,1.00,1.60
2009.11.17 08:25:54.135,0.8449,0.84515,1.00,1.60
2009.11.17 08:25:54.355,0.8449,0.84515,1.80,1.60
2009.11.17 08:25:55.055,0.8449,0.8451,1.00,1.60
2009.11.17 08:25:55.345,0.8449,0.84515,1.80,1.60
2009.11.17 08:25:56.105,0.84495,0.8452,1.00,1.60
2009.11.17 08:25:56.335,0.84495,0.84515,1.80,1.60
2009.11.17 08:25:56.625,0.8449,0.8451,4.10,1.60
2009.11.17 08:25:57.025,0.8449,0.8451,1.00,1.60
2009.11.17 08:25:57.895,0.8449,0.84515,1.60,1.60
2009.11.17 08:25:58.175,0.8449,0.84525,2.40,10.60
2009.11.17 08:25:58.754,0.84495,0.84515,1.00,1.60
2009.11.17 08:25:59.084,0.84495,0.84515,3.20,1.60
2009.11.17 08:25:59.424,0.84495,0.84515,5.60,1.60
2009.11.17 08:25:59.774,0.84495,0.8452,5.60,1.60
2009.11.17 08:26:00.124,0.8449,0.84515,11.00,1.60
2009.11.17 08:26:00.404,0.84495,0.8452,5.60,1.60
2009.11.17 08:26:03.673,0.845,0.8452,1.00,1.60
2009.11.17 08:26:03.913,0.845,0.8452,3.20,1.60
2009.11.17 08:26:06.632,0.84505,0.8452,1.00,1.60
2009.11.17 08:26:06.913,0.84505,0.8452,2.50,1.60
2009.11.17 08:26:07.882,0.845,0.8452,4.00,1.60
2009.11.17 08:26:08.232,0.84495,0.84515,4.20,1.60
2009.11.17 08:26:08.572,0.84495,0.84515,1.80,1.60
2009.11.17 08:26:10.571,0.84495,0.84515,1.60,1.70
2009.11.17 08:26:10.801,0.8449,0.84515,6.60,1.60
2009.11.17 08:26:11.032,0.8449,0.8451,4.10,1.60
2009.11.17 08:26:11.271,0.84495,0.84515,1.80,1.60
2009.11.17 08:26:11.511,0.84495,0.84515,1.00,1.60
2009.11.17 08:26:11.741,0.8449,0.84515,6.60,1.60
2009.11.17 08:26:12.151,0.8449,0.84515,2.60,1.60
2009.11.17 08:26:12.491,0.84495,0.84515,1.00,1.60
2009.11.17 08:26:12.841,0.84495,0.84515,1.00,1.70
2009.11.17 08:26:13.171,0.84495,0.84515,3.20,1.60
2009.11.17 08:26:13.461,0.84495,0.84515,2.40,1.70
2009.11.17 08:26:13.761,0.8449,0.84515,4.80,1.70
2009.11.17 08:26:14.120,0.8449,0.84515,2.60,1.60
2009.11.17 08:26:14.450,0.84485,0.8451,5.90,1.60
2009.11.17 08:26:14.800,0.84485,0.84505,3.20,1.60
2009.11.17 08:26:15.140,0.84485,0.84505,1.00,1.60
2009.11.17 08:26:17.500,0.8448,0.84505,5.00,1.60
2009.11.17 08:26:17.730,0.8448,0.84505,1.60,1.70
2009.11.17 08:26:17.950,0.84475,0.845,7.30,1.60
2009.11.17 08:26:18.190,0.84475,0.84495,2.40,1.60
2009.11.17 08:26:18.360,0.8447,0.8449,4.10,1.60
2009.11.17 08:26:18.650,0.8447,0.8449,1.00,1.60
2009.11.17 08:26:19.729,0.8447,0.84495,1.80,8.00
2009.11.17 08:26:20.009,0.8446,0.8448,4.10,1.60
2009.11.17 08:26:20.279,0.8446,0.8448,1.00,1.60
2009.11.17 08:26:22.908,0.84465,0.84485,1.00,1.60
2009.11.17 08:26:23.598,0.84465,0.8449,1.80,2.40
2009.11.17 08:26:23.948,0.8446,0.84485,6.60,1.60
2009.11.17 08:26:24.238,0.8446,0.84485,1.60,1.70
2009.11.17 08:26:24.518,0.8446,0.84485,1.80,1.60
2009.11.17 08:26:24.818,0.84455,0.84485,4.00,3.30
2009.11.17 08:26:25.168,0.8445,0.84475,5.90,1.60
2009.11.17 08:26:25.918,0.84455,0.84475,1.00,1.60
2009.11.17 08:26:26.208,0.8445,0.84475,5.90,1.60
2009.11.17 08:26:26.548,0.84455,0.8448,2.60,1.60
2009.11.17 08:26:26.837,0.84455,0.8448,8.30,1.60
2009.11.17 08:26:27.058,0.84465,0.84485,1.00,1.70
2009.11.17 08:26:27.237,0.84465,0.84485,4.80,1.60
2009.11.17 08:26:27.457,0.84465,0.84485,7.40,1.60
2009.11.17 08:26:28.337,0.8447,0.84485,1.00,1.60
2009.11.17 08:26:29.087,0.8447,0.84485,1.00,1.60
2009.11.17 08:26:29.427,0.84465,0.8449,3.00,1.60
2009.11.17 08:26:29.767,0.84465,0.84485,5.60,1.60
2009.11.17 08:26:30.107,0.8447,0.8449,1.00,1.60
2009.11.17 08:26:30.277,0.84465,0.8449,7.00,1.60
2009.11.17 08:26:30.507,0.84465,0.84485,4.80,1.60
2009.11.17 08:26:30.687,0.84465,0.84485,5.70,1.60
2009.11.17 08:26:30.866,0.84465,0.8449,7.80,1.60
2009.11.17 08:26:31.037,0.84465,0.8449,6.10,1.60
2009.11.17 08:26:31.276,0.84465,0.84485,2.40,1.60
2009.11.17 08:26:31.576,0.8446,0.84485,3.50,1.60
2009.11.17 08:26:32.376,0.8447,0.84495,1.00,4.00
2009.11.17 08:26:32.666,0.8447,0.84495,2.60,1.60
2009.11.17 08:26:35.335,0.84465,0.8449,11.30,1.60
2009.11.17 08:26:35.396,0.8447,0.84485,1.00,1.60
2009.11.17 08:26:35.516,0.8447,0.8449,1.00,1.60
2009.11.17 08:26:35.685,0.8447,0.8449,1.00,1.60
2009.11.17 08:26:36.945,0.8447,0.8449,2.60,1.60
2009.11.17 08:26:37.305,0.8447,0.84495,2.60,1.60
2009.11.17 08:26:37.645,0.8447,0.8449,1.00,1.60
2009.11.17 08:26:39.615,0.8447,0.84495,2.60,1.60
2009.11.17 08:26:40.554,0.8447,0.84495,2.40,1.60
2009.11.17 08:26:41.824,0.84475,0.84495,2.40,1.60
2009.11.17 08:26:41.994,0.8448,0.84495,1.00,1.60
2009.11.17 08:26:42.114,0.8448,0.84505,2.40,4.00
2009.11.17 08:26:42.474,0.84475,0.84505,9.90,1.60
2009.11.17 08:26:42.644,0.84475,0.845,8.30,1.60
2009.11.17 08:26:43.274,0.8448,0.845,1.00,1.60
2009.11.17 08:26:43.674,0.84475,0.84495,6.60,1.60
2009.11.17 08:26:44.014,0.84475,0.84495,5.60,1.60
2009.11.17 08:26:44.343,0.84475,0.84495,3.20,1.60
2009.11.17 08:26:44.693,0.8447,0.84505,2.60,10.50
2009.11.17 08:26:45.213,0.8447,0.845,2.60,1.00
2009.11.17 08:26:45.713,0.8447,0.845,1.80,1.00
2009.11.17 08:26:45.893,0.8447,0.845,1.80,4.10
2009.11.17 08:26:46.733,0.8447,0.845,1.00,4.10
2009.11.17 08:26:47.673,0.8447,0.845,1.00,1.00
2009.11.17 08:26:48.762,0.84475,0.84505,1.00,15.10
2009.11.17 08:26:49.102,0.8447,0.845,1.00,1.00
2009.11.17 08:26:50.162,0.8446,0.84485,8.00,2.40
2009.11.17 08:26:50.332,0.8446,0.8449,2.40,7.30
2009.11.17 08:26:50.452,0.84455,0.8449,7.40,10.40
2009.11.17 08:26:50.622,0.8446,0.8449,1.00,5.60
2009.11.17 08:26:50.792,0.8446,0.8449,2.40,2.40
2009.11.17 08:26:50.972,0.8446,0.84495,2.40,13.00
2009.11.17 08:26:51.822,0.8446,0.8449,2.40,1.00
2009.11.17 08:26:55.521,0.8446,0.8449,4.80,1.00
2009.11.17 08:26:57.030,0.8446,0.8449,4.00,1.00
2009.11.17 08:26:57.190,0.8446,0.8449,5.60,1.00
2009.11.17 08:26:57.370,0.8446,0.8449,5.60,4.90
2009.11.17 08:26:57.491,0.8446,0.84485,4.00,1.60
2009.11.17 08:26:57.890,0.84455,0.84485,6.50,1.60
2009.11.17 08:26:58.240,0.8445,0.8448,1.00,1.60
2009.11.17 08:26:58.580,0.8445,0.8448,1.00,1.60
2009.11.17 08:26:58.970,0.84445,0.8448,5.60,1.60
2009.11.17 08:26:59.290,0.84445,0.8448,5.70,1.60
2009.11.17 08:27:01.309,0.84445,0.8448,4.90,6.40
2009.11.17 08:27:01.599,0.84445,0.84475,2.40,1.00
2009.11.17 08:27:02.219,0.8445,0.8448,1.60,8.10
2009.11.17 08:27:02.499,0.84445,0.8448,3.20,10.60
2009.11.17 08:27:02.789,0.84445,0.8448,2.40,10.60
2009.11.17 08:27:05.188,0.84445,0.8448,5.30,8.00
2009.11.17 08:27:05.358,0.84445,0.8448,5.30,8.80
2009.11.17 08:27:05.598,0.84445,0.8448,5.30,4.80
2009.11.17 08:27:06.048,0.8445,0.8448,1.00,4.10
2009.11.17 08:27:06.378,0.8445,0.8448,1.00,4.00
2009.11.17 08:27:08.987,0.8445,0.8448,4.20,8.00
2009.11.17 08:27:09.227,0.84455,0.8448,1.00,4.00
2009.11.17 08:27:09.567,0.8445,0.8448,1.00,4.00
2009.11.17 08:27:11.177,0.84455,0.8448,1.00,4.00
2009.11.17 08:27:12.077,0.8445,0.8448,1.00,4.00
2009.11.17 08:27:13.636,0.84445,0.8448,5.40,6.40
2009.11.17 08:27:13.977,0.84445,0.8448,4.90,6.40
2009.11.17 08:27:14.486,0.8445,0.8448,1.80,4.10
2009.11.17 08:27:16.046,0.84445,0.84475,2.40,6.60
2009.11.17 08:27:16.286,0.8444,0.84475,8.80,9.00
2009.11.17 08:27:16.516,0.8444,0.84475,4.80,13.00
2009.11.17 08:27:17.545,0.8444,0.8447,4.80,1.00
2009.11.17 08:27:19.715,0.8444,0.84475,5.00,8.20
2009.11.17 08:27:20.285,0.8444,0.8447,4.80,1.00
2009.11.17 08:27:20.794,0.8444,0.84475,5.00,8.20
2009.11.17 08:27:21.374,0.8444,0.8447,4.80,1.00
2009.11.17 08:27:22.334,0.8444,0.8447,2.40,1.00
2009.11.17 08:27:24.984,0.84435,0.8447,12.30,1.80
2009.11.17 08:27:25.274,0.84435,0.8447,8.30,1.80
2009.11.17 08:27:26.503,0.84435,0.84465,8.30,1.00
2009.11.17 08:27:28.253,0.84435,0.84465,7.50,1.00
2009.11.17 08:27:28.423,0.84435,0.84465,4.00,1.00
2009.11.17 08:27:28.663,0.8443,0.84465,5.90,6.50
2009.11.17 08:27:34.531,0.84435,0.84465,3.30,6.50
2009.11.17 08:27:35.521,0.8444,0.84465,1.00,6.40
2009.11.17 08:27:35.571,0.84435,0.84465,1.80,6.50
2009.11.17 08:27:36.071,0.84435,0.84465,1.00,6.50
2009.11.17 08:27:36.831,0.84435,0.8447,1.00,10.00
2009.11.17 08:27:38.510,0.84435,0.8446,1.00,1.60
2009.11.17 08:27:38.810,0.8443,0.8446,2.50,1.80
2009.11.17 08:27:39.790,0.8443,0.8446,1.00,1.80
2009.11.17 08:27:40.120,0.84425,0.84445,6.40,1.60
2009.11.17 08:27:40.460,0.84415,0.84445,4.90,1.60
2009.11.17 08:27:41.130,0.84415,0.84445,4.90,1.80
2009.11.17 08:27:42.339,0.84415,0.84445,6.50,1.80
2009.11.17 08:27:44.909,0.84415,0.8444,6.40,1.00
2009.11.17 08:27:45.199,0.8442,0.84445,1.00,1.60
2009.11.17 08:27:45.499,0.84415,0.84445,4.90,1.80
2009.11.17 08:27:45.998,0.84415,0.8444,4.80,1.00
2009.11.17 08:27:46.288,0.84415,0.84445,6.50,1.80
2009.11.17 08:27:46.808,0.84415,0.8444,6.40,1.00
2009.11.17 08:27:47.038,0.84415,0.84445,6.50,1.80
2009.11.17 08:27:47.448,0.8442,0.84445,1.60,1.00
2009.11.17 08:27:47.559,0.8442,0.8445,3.50,8.10
2009.11.17 08:27:48.018,0.8442,0.8445,5.10,8.10
2009.11.17 08:27:48.428,0.8442,0.8445,5.10,4.10
2009.11.17 08:27:48.778,0.8442,0.8445,1.80,4.10
2009.11.17 08:27:49.128,0.8442,0.8445,1.00,4.10
2009.11.17 08:27:49.468,0.84415,0.8445,16.30,4.10
2009.11.17 08:27:51.887,0.8442,0.8445,1.00,4.10
2009.11.17 08:27:52.677,0.8442,0.8445,1.00,4.10
2009.11.17 08:27:53.717,0.8442,0.8445,1.00,4.90
2009.11.17 08:27:53.947,0.84415,0.8445,9.00,4.90
2009.11.17 08:27:54.176,0.84425,0.8445,1.00,4.80
2009.11.17 08:27:54.676,0.84425,0.8445,1.00,4.00
2009.11.17 08:27:55.146,0.8442,0.8445,1.00,4.10
2009.11.17 08:27:55.486,0.84415,0.8445,9.00,4.90
2009.11.17 08:27:55.706,0.84415,0.8445,13.00,4.10
2009.11.17 08:27:56.106,0.84415,0.8445,9.00,4.10
2009.11.17 08:27:56.906,0.8442,0.8445,2.60,4.10
2009.11.17 08:27:57.256,0.8442,0.8445,3.50,1.00
2009.11.17 08:27:57.946,0.8442,0.8445,5.90,1.00
2009.11.17 08:28:00.875,0.8442,0.8445,5.90,1.70
2009.11.17 08:28:01.165,0.84425,0.8445,2.40,1.70
2009.11.17 08:28:01.395,0.84425,0.8445,4.80,1.00
2009.11.17 08:28:01.685,0.84425,0.8445,5.60,1.00
2009.11.17 08:28:01.964,0.84425,0.8445,4.80,1.70
2009.11.17 08:28:02.185,0.84425,0.84455,8.30,1.00
2009.11.17 08:28:02.354,0.84425,0.84455,7.40,1.00
2009.11.17 08:28:02.575,0.84425,0.8445,7.40,1.60
2009.11.17 08:28:02.744,0.84425,0.8446,7.40,4.20
2009.11.17 08:28:02.915,0.84425,0.8446,7.40,8.20
2009.11.17 08:28:03.884,0.8443,0.8446,2.40,7.40
2009.11.17 08:28:04.224,0.8443,0.8446,2.40,3.40
2009.11.17 08:28:05.304,0.8443,0.8446,3.20,7.20
2009.11.17 08:28:05.474,0.8443,0.8446,3.20,5.60
2009.11.17 08:28:05.824,0.84445,0.8446,2.40,4.00
2009.11.17 08:28:06.004,0.84455,0.84465,1.00,4.00
2009.11.17 08:28:06.184,0.84455,0.8448,1.00,4.00
2009.11.17 08:28:06.523,0.84455,0.84485,1.00,10.40
2009.11.17 08:28:06.863,0.8445,0.8448,2.80,8.00
2009.11.17 08:28:07.254,0.84455,0.84475,2.40,4.00
2009.11.17 08:28:07.554,0.8446,0.84485,1.60,2.40
2009.11.17 08:28:07.793,0.8446,0.8449,1.60,4.10
2009.11.17 08:28:08.363,0.8446,0.8448,1.80,1.60
2009.11.17 08:28:10.023,0.8446,0.8448,1.60,1.60
2009.11.17 08:28:12.702,0.84465,0.8449,3.10,1.60
2009.11.17 08:28:12.932,0.8446,0.8449,9.00,1.60
2009.11.17 08:28:13.162,0.84465,0.8449,1.00,1.60
2009.11.17 08:28:14.012,0.8446,0.8449,9.40,1.60
2009.11.17 08:28:14.302,0.84465,0.8449,1.00,1.60
2009.11.17 08:28:14.652,0.84465,0.8449,7.10,1.60
2009.11.17 08:28:14.941,0.84465,0.8449,9.50,1.60
2009.11.17 08:28:15.591,0.8447,0.845,1.60,5.70
2009.11.17 08:28:15.821,0.8447,0.845,2.40,1.70
2009.11.17 08:28:16.351,0.8447,0.845,1.60,1.70
2009.11.17 08:28:17.441,0.8447,0.845,1.60,2.50
2009.11.17 08:28:18.851,0.84465,0.8449,11.90,1.60
2009.11.17 08:28:21.150,0.8447,0.8449,1.00,1.60
2009.11.17 08:28:21.490,0.8447,0.845,7.10,1.60
2009.11.17 08:28:21.770,0.8447,0.8449,1.80,1.60
2009.11.17 08:28:22.050,0.8447,0.845,2.40,1.70
2009.11.17 08:28:22.270,0.8447,0.845,1.60,2.40
2009.11.17 08:28:23.029,0.8447,0.845,2.40,1.60
2009.11.17 08:28:23.839,0.8447,0.845,4.80,1.60
2009.11.17 08:28:24.529,0.8447,0.845,8.80,1.60
2009.11.17 08:28:24.869,0.8447,0.845,4.80,1.60
2009.11.17 08:28:25.219,0.84475,0.845,1.00,1.60
2009.11.17 08:28:25.679,0.84475,0.845,1.00,1.70
2009.11.17 08:28:25.799,0.8447,0.845,9.20,1.60
2009.11.17 08:28:25.979,0.84475,0.845,1.00,1.60
2009.11.17 08:28:26.039,0.8448,0.845,1.00,1.60
2009.11.17 08:28:26.159,0.8448,0.845,2.40,1.60
2009.11.17 08:28:26.509,0.84475,0.84485,2.40,1.60
2009.11.17 08:28:26.898,0.84455,0.84475,4.80,1.60
2009.11.17 08:28:27.238,0.8446,0.84485,2.40,1.60
2009.11.17 08:28:27.349,0.8446,0.8448,1.00,1.60
2009.11.17 08:28:27.519,0.8446,0.8448,2.40,1.60
2009.11.17 08:28:27.688,0.8446,0.8448,1.20,1.60
2009.11.17 08:28:27.798,0.8446,0.8448,1.00,1.60
2009.11.17 08:28:29.928,0.84455,0.8448,5.00,1.60
2009.11.17 08:28:30.248,0.84455,0.84475,5.00,1.60
2009.11.17 08:28:30.638,0.84455,0.8447,5.00,1.60
2009.11.17 08:28:31.568,0.84455,0.84475,5.00,1.60
2009.11.17 08:28:31.857,0.84465,0.8448,1.60,1.60
2009.11.17 08:28:32.148,0.84455,0.84475,5.00,1.60
2009.11.17 08:28:32.437,0.84455,0.84475,4.20,1.60
2009.11.17 08:28:32.787,0.84455,0.8448,4.20,1.60
2009.11.17 08:28:34.177,0.84455,0.8448,5.00,1.60
2009.11.17 08:28:34.667,0.84455,0.84475,4.00,1.60
2009.11.17 08:28:34.897,0.84455,0.84475,4.20,1.60
2009.11.17 08:28:35.237,0.84455,0.8448,4.20,1.60
2009.11.17 08:28:35.587,0.84455,0.8448,2.60,1.60
2009.11.17 08:28:35.926,0.8446,0.84475,2.40,1.00
2009.11.17 08:28:36.317,0.8447,0.8448,2.40,1.00
2009.11.17 08:28:36.666,0.84475,0.8448,1.00,1.00
2009.11.17 08:28:37.006,0.8448,0.8449,1.00,1.00
2009.11.17 08:28:37.296,0.8448,0.84505,1.00,1.70
2009.11.17 08:28:37.936,0.8448,0.84505,4.00,1.00
2009.11.17 08:28:38.206,0.8448,0.84505,2.40,1.00
2009.11.17 08:28:38.556,0.8448,0.8451,2.40,1.00
2009.11.17 08:28:39.695,0.84475,0.8451,7.80,5.80
2009.11.17 08:28:40.026,0.84475,0.8451,8.30,5.80
2009.11.17 08:28:40.195,0.84475,0.8451,8.30,1.80
2009.11.17 08:28:40.645,0.84475,0.8451,8.30,3.40
2009.11.17 08:28:40.765,0.84475,0.8451,8.30,9.80
2009.11.17 08:28:41.415,0.84475,0.8451,7.40,5.80
2009.11.17 08:28:41.745,0.8448,0.8451,1.00,5.80
2009.11.17 08:28:44.065,0.8448,0.8451,2.40,4.10
2009.11.17 08:28:44.354,0.84485,0.8451,1.00,4.10
2009.11.17 08:28:44.704,0.8448,0.8451,1.60,4.10
2009.11.17 08:28:45.404,0.8448,0.8451,2.40,4.10
2009.11.17 08:28:46.204,0.8448,0.84505,2.40,1.00
2009.11.17 08:28:46.774,0.8448,0.8451,2.40,4.10
2009.11.17 08:28:47.474,0.8448,0.8451,2.40,1.00
2009.11.17 08:28:47.824,0.84475,0.8451,8.80,2.40
2009.11.17 08:28:48.223,0.84465,0.845,5.60,10.40
2009.11.17 08:28:49.263,0.84465,0.845,5.60,10.60
2009.11.17 08:28:49.443,0.8446,0.84495,9.20,4.90
2009.11.17 08:28:49.604,0.8446,0.8449,7.20,1.00
2009.11.17 08:28:49.943,0.8446,0.84495,3.20,6.40
2009.11.17 08:28:50.653,0.8446,0.84495,2.40,7.30
2009.11.17 08:28:50.873,0.8446,0.84495,2.40,9.00
2009.11.17 08:28:51.093,0.8446,0.84495,2.40,8.80
2009.11.17 08:28:51.483,0.8446,0.84495,2.40,12.80
2009.11.17 08:28:51.702,0.8446,0.84495,2.40,13.00
2009.11.17 08:28:52.042,0.8446,0.8449,2.40,4.10
2009.11.17 08:28:52.423,0.8446,0.8449,3.20,1.00
2009.11.17 08:28:53.092,0.84465,0.8449,2.40,1.00
2009.11.17 08:28:53.392,0.8446,0.8449,3.20,1.00
2009.11.17 08:28:54.012,0.8446,0.84495,2.40,12.80
2009.11.17 08:28:54.742,0.8446,0.84495,2.40,13.00
2009.11.17 08:28:56.312,0.8446,0.84495,4.80,10.50
2009.11.17 08:28:56.831,0.8446,0.8449,4.80,1.00
2009.11.17 08:28:57.001,0.8446,0.84495,4.80,6.50
2009.11.17 08:28:57.231,0.8446,0.8449,4.80,1.00
2009.11.17 08:28:57.501,0.8446,0.84495,5.00,6.50
2009.11.17 08:28:58.691,0.8446,0.84495,2.60,6.50
2009.11.17 08:28:58.981,0.8446,0.8449,2.60,1.60
2009.11.17 08:28:59.251,0.8446,0.8449,2.60,1.70
2009.11.17 08:28:59.601,0.84455,0.8449,16.80,1.00
2009.11.17 08:28:59.951,0.84465,0.84495,2.40,6.50
2009.11.17 08:29:01.180,0.84465,0.84495,1.60,6.40
2009.11.17 08:29:01.451,0.84465,0.84495,1.60,6.50
2009.11.17 08:29:02.140,0.84465,0.84495,1.60,6.40
2009.11.17 08:29:02.750,0.84465,0.84495,1.60,6.50
2009.11.17 08:29:04.560,0.84465,0.84495,2.10,6.50
2009.11.17 08:29:05.689,0.84465,0.84495,2.30,6.50
2009.11.17 08:29:06.550,0.84465,0.84495,1.00,8.20
2009.11.17 08:29:06.609,0.84465,0.8449,1.00,1.60
2009.11.17 08:29:07.009,0.8447,0.8449,1.60,1.60
2009.11.17 08:29:08.979,0.84465,0.8449,1.00,1.60
2009.11.17 08:29:10.388,0.8447,0.8449,1.60,1.60
2009.11.17 08:29:10.728,0.84465,0.8449,1.60,1.70
2009.11.17 08:29:10.848,0.84465,0.8449,2.40,1.60
2009.11.17 08:29:11.139,0.8447,0.8449,1.60,1.60
2009.11.17 08:29:11.618,0.8447,0.84495,1.60,6.50
2009.11.17 08:29:11.728,0.84465,0.84495,1.00,6.50
2009.11.17 08:29:12.068,0.84465,0.84495,1.00,4.10
2009.11.17 08:29:12.408,0.84465,0.84495,1.00,2.50
2009.11.17 08:29:12.748,0.8448,0.84495,2.40,1.00
2009.11.17 08:29:13.158,0.8448,0.84505,1.60,1.70
2009.11.17 08:29:13.508,0.84475,0.8451,6.40,8.20
2009.11.17 08:29:13.847,0.8447,0.84505,1.00,2.40
2009.11.17 08:29:14.127,0.8447,0.84505,1.00,4.00
2009.11.17 08:29:14.717,0.8447,0.84505,1.00,4.10
2009.11.17 08:29:15.417,0.8447,0.845,1.00,1.00
2009.11.17 08:29:15.697,0.8447,0.845,1.00,4.10
2009.11.17 08:29:17.736,0.84465,0.845,9.40,4.10
2009.11.17 08:29:17.896,0.84465,0.845,9.00,4.10
2009.11.17 08:29:18.066,0.8447,0.84495,4.70,1.60
2009.11.17 08:29:18.416,0.8447,0.84495,4.70,4.00
2009.11.17 08:29:18.776,0.8447,0.84495,3.10,4.00
2009.11.17 08:29:19.066,0.8447,0.84495,3.10,1.60
2009.11.17 08:29:19.996,0.8447,0.84495,4.70,1.60
2009.11.17 08:29:20.396,0.84475,0.84495,1.60,1.60
2009.11.17 08:29:20.626,0.84475,0.845,1.60,1.70
2009.11.17 08:29:21.145,0.84475,0.845,2.40,1.70
2009.11.17 08:29:21.795,0.84475,0.845,2.40,1.00
2009.11.17 08:29:23.115,0.8447,0.845,7.10,1.00
2009.11.17 08:29:23.225,0.8447,0.845,8.70,1.70
2009.11.17 08:29:23.335,0.8447,0.845,4.70,1.70
2009.11.17 08:29:24.005,0.84475,0.845,1.00,1.60
2009.11.17 08:29:24.515,0.8448,0.845,1.00,1.60
2009.11.17 08:29:24.805,0.8449,0.84505,2.50,2.40
2009.11.17 08:29:25.084,0.84485,0.8451,4.50,4.00
2009.11.17 08:29:25.494,0.84485,0.84515,4.50,2.50
2009.11.17 08:29:25.885,0.84495,0.84515,1.60,2.40
2009.11.17 08:29:26.184,0.84495,0.8452,1.60,4.00
2009.11.17 08:29:26.584,0.84495,0.8452,1.80,4.10
2009.11.17 08:29:26.934,0.8449,0.8452,5.20,4.10
2009.11.17 08:29:27.214,0.845,0.8452,2.60,1.60
2009.11.17 08:29:27.564,0.845,0.84525,4.20,4.00
2009.11.17 08:29:28.644,0.845,0.84525,4.70,4.00
2009.11.17 08:29:28.864,0.84505,0.84525,1.60,4.00
2009.11.17 08:29:30.813,0.845,0.84525,1.80,4.00
2009.11.17 08:29:32.503,0.845,0.84525,1.60,4.10
2009.11.17 08:29:34.113,0.84495,0.8452,1.00,1.00
2009.11.17 08:29:34.452,0.84495,0.84525,1.60,6.50
2009.11.17 08:29:34.682,0.84495,0.8452,1.60,4.00
2009.11.17 08:29:35.022,0.8449,0.8452,2.40,4.00
2009.11.17 08:29:35.702,0.8449,0.8452,2.60,4.00
2009.11.17 08:29:36.212,0.8449,0.8452,1.00,4.00
2009.11.17 08:29:36.602,0.84495,0.8452,1.80,4.00
2009.11.17 08:29:36.772,0.84495,0.8452,3.40,4.00
2009.11.17 08:29:37.092,0.84495,0.84525,3.40,6.50
2009.11.17 08:29:45.550,0.84495,0.84525,1.80,6.50
2009.11.17 08:29:45.710,0.84495,0.84525,1.00,8.20
2009.11.17 08:29:45.890,0.84495,0.8452,1.00,1.60
2009.11.17 08:29:46.069,0.84495,0.8452,1.00,4.00
2009.11.17 08:29:46.419,0.84495,0.8452,1.70,4.00
2009.11.17 08:29:46.759,0.84495,0.8452,3.40,4.00
2009.11.17 08:29:49.919,0.845,0.84525,1.00,6.50
2009.11.17 08:29:51.888,0.84495,0.84525,4.60,6.50
2009.11.17 08:29:52.178,0.84495,0.84525,4.70,6.50
2009.11.17 08:29:52.298,0.84495,0.84525,4.70,10.50
2009.11.17 08:29:52.468,0.84495,0.84525,4.70,6.50
2009.11.17 08:29:53.278,0.84495,0.84525,3.90,6.50
2009.11.17 08:29:53.618,0.84505,0.8453,3.90,4.00
2009.11.17 08:29:53.967,0.8451,0.84535,1.00,4.00
2009.11.17 08:29:54.827,0.8451,0.84535,1.00,4.00
2009.11.17 08:29:55.397,0.8451,0.84535,1.00,4.10
2009.11.17 08:29:55.857,0.8451,0.84535,3.10,4.00
2009.11.17 08:29:56.027,0.84515,0.84535,1.60,4.00
2009.11.17 08:29:56.137,0.84515,0.8454,1.60,4.10
2009.11.17 08:29:56.467,0.8451,0.84535,1.00,1.60
2009.11.17 08:29:56.817,0.8451,0.84535,1.00,4.00
2009.11.17 08:29:57.517,0.8451,0.84535,1.00,4.00
2009.11.17 08:29:57.737,0.8451,0.84535,1.00,2.40
2009.11.17 08:29:57.957,0.8451,0.8454,1.00,4.10
2009.11.17 08:29:58.246,0.8451,0.8454,1.00,4.90
2009.11.17 08:29:58.357,0.8451,0.8454,1.00,7.50
2009.11.17 08:29:58.707,0.84515,0.8454,1.70,8.00
2009.11.17 08:29:59.056,0.84515,0.84545,4.20,6.50
2009.11.17 08:30:00.836,0.84515,0.84545,1.70,6.50
2009.11.17 08:30:01.406,0.84515,0.8454,1.70,4.00
2009.11.17 08:30:01.686,0.84515,0.8454,1.00,4.00
2009.11.17 08:30:01.976,0.8451,0.8454,1.00,4.00
2009.11.17 08:30:02.266,0.8451,0.84535,1.00,1.60
2009.11.17 08:30:02.795,0.8451,0.84535,1.00,4.00
2009.11.17 08:30:05.415,0.84515,0.84535,3.40,2.40
2009.11.17 08:30:05.745,0.84515,0.84545,3.40,6.50
2009.11.17 08:30:05.855,0.84515,0.84545,4.20,6.50
2009.11.17 08:30:06.485,0.84515,0.84545,1.80,6.50
2009.11.17 08:30:06.595,0.84515,0.84545,1.00,6.50
2009.11.17 08:30:06.714,0.84515,0.8454,1.00,4.00
2009.11.17 08:30:07.604,0.8451,0.8454,2.70,4.10
2009.11.17 08:30:09.204,0.84515,0.8454,2.40,4.10
2009.11.17 08:30:09.544,0.84515,0.8454,2.60,1.60
2009.11.17 08:30:09.834,0.84515,0.84545,5.10,6.50
2009.11.17 08:30:11.584,0.8452,0.84545,1.00,6.40
2009.11.17 08:30:12.503,0.84515,0.84545,5.10,6.50
2009.11.17 08:30:12.733,0.84515,0.84545,5.10,2.50
2009.11.17 08:30:13.073,0.84515,0.84545,7.50,1.00
2009.11.17 08:30:13.463,0.8452,0.84545,3.30,1.00
2009.11.17 08:30:13.813,0.84525,0.84555,5.10,6.50
2009.11.17 08:30:15.192,0.84525,0.84555,3.50,6.50
2009.11.17 08:30:15.542,0.84525,0.84555,5.10,6.50
2009.11.17 08:30:16.552,0.8453,0.84555,1.00,6.40
2009.11.17 08:30:18.542,0.84525,0.84555,9.10,6.50
2009.11.17 08:30:19.002,0.84525,0.84555,5.10,6.50
2009.11.17 08:30:20.051,0.8453,0.84555,4.70,6.40
2009.11.17 08:30:20.391,0.8453,0.8456,8.20,1.00
2009.11.17 08:30:20.731,0.8454,0.84565,1.00,3.40
2009.11.17 08:30:21.011,0.84545,0.8457,1.00,1.00
2009.11.17 08:30:21.351,0.8455,0.84575,2.40,2.50
2009.11.17 08:30:21.741,0.8455,0.84575,2.40,1.00
2009.11.17 08:30:22.471,0.8455,0.84575,1.60,1.00
2009.11.17 08:30:22.691,0.84545,0.84575,5.00,1.00
2009.11.17 08:30:23.561,0.84545,0.84575,9.00,1.00
2009.11.17 08:30:25.640,0.8455,0.8458,1.00,4.20
2009.11.17 08:30:27.060,0.8455,0.8458,1.00,2.60
2009.11.17 08:30:27.680,0.8455,0.8458,1.00,6.60
2009.11.17 08:30:28.200,0.84545,0.84575,4.20,4.40
2009.11.17 08:30:28.490,0.84545,0.84575,1.00,4.50
2009.11.17 08:30:28.789,0.84545,0.84575,1.00,6.90
2009.11.17 08:30:29.189,0.84545,0.84575,1.00,9.30
2009.11.17 08:30:29.539,0.8454,0.8457,1.80,1.00
2009.11.17 08:30:30.919,0.84535,0.84565,10.60,1.00
2009.11.17 08:30:31.339,0.84535,0.84565,6.60,1.00
2009.11.17 08:30:31.619,0.84535,0.84565,4.90,1.80
2009.11.17 08:30:31.918,0.84535,0.84565,1.00,5.90
2009.11.17 08:30:32.208,0.84535,0.84565,1.00,9.90
2009.11.17 08:30:33.068,0.84525,0.8456,13.10,2.60
2009.11.17 08:30:33.238,0.84525,0.8456,6.60,2.60
2009.11.17 08:30:33.478,0.84525,0.84565,6.60,17.20
2009.11.17 08:30:34.118,0.84525,0.8456,4.20,9.80
2009.11.17 08:30:35.368,0.84525,0.84555,2.50,5.10
2009.11.17 08:30:35.888,0.84525,0.8455,2.50,1.00
2009.11.17 08:30:38.467,0.84525,0.8455,1.00,1.00
2009.11.17 08:30:43.216,0.84525,0.84555,1.00,11.00
2009.11.17 08:30:43.446,0.84525,0.84555,1.80,3.70
2009.11.17 08:30:43.626,0.84525,0.84555,6.60,1.00
2009.11.17 08:30:43.856,0.8453,0.8456,10.30,1.00
2009.11.17 08:30:44.026,0.8453,0.8456,8.70,1.00
2009.11.17 08:30:44.205,0.84535,0.8456,2.40,1.00
2009.11.17 08:30:44.376,0.84535,0.8456,2.40,1.00
2009.11.17 08:30:44.555,0.84535,0.8456,4.80,1.00
2009.11.17 08:30:45.645,0.84535,0.8456,4.80,1.00
2009.11.17 08:30:45.995,0.84535,0.84565,4.80,1.30
2009.11.17 08:30:46.355,0.84535,0.84565,4.90,1.00
2009.11.17 08:30:48.814,0.84535,0.84565,6.60,1.00
2009.11.17 08:30:53.183,0.8454,0.84565,2.10,1.00
2009.11.17 08:30:53.343,0.8454,0.8457,2.30,1.00
2009.11.17 08:30:54.083,0.8454,0.84565,1.60,1.00
2009.11.17 08:30:54.263,0.84535,0.84565,6.60,1.00
2009.11.17 08:30:54.833,0.84535,0.8456,6.40,1.00
2009.11.17 08:30:55.173,0.84535,0.84565,6.60,1.00
2009.11.17 08:30:55.853,0.84535,0.8456,6.40,1.00
2009.11.17 08:30:57.312,0.84535,0.84565,6.60,1.00
2009.11.17 08:31:01.542,0.84535,0.84565,7.40,1.00
2009.11.17 08:31:01.832,0.84535,0.8457,7.40,1.00
2009.11.17 08:31:02.171,0.84535,0.84565,7.40,1.00
2009.11.17 08:31:02.411,0.84535,0.8457,7.40,1.00
2009.11.17 08:31:03.061,0.84535,0.84565,8.20,1.00
2009.11.17 08:31:03.801,0.84535,0.8457,8.20,4.90
2009.11.17 08:31:04.211,0.84535,0.84565,4.20,1.00
2009.11.17 08:31:04.891,0.84535,0.84565,2.50,1.00
2009.11.17 08:31:05.221,0.84535,0.84565,4.20,1.00
2009.11.17 08:31:05.940,0.84535,0.84565,4.00,1.00
2009.11.17 08:31:07.730,0.84535,0.84565,4.20,1.00
2009.11.17 08:31:08.600,0.84535,0.84565,4.00,1.00
2009.11.17 08:31:08.889,0.8454,0.8457,1.80,4.50
2009.11.17 08:31:09.229,0.84535,0.84565,8.00,1.00
2009.11.17 08:31:09.509,0.84535,0.84565,4.00,1.00
2009.11.17 08:31:10.189,0.84535,0.84565,2.40,1.00
2009.11.17 08:31:10.479,0.84535,0.84565,1.00,7.30
2009.11.17 08:31:11.389,0.84535,0.84565,1.00,8.20
2009.11.17 08:31:11.679,0.84535,0.84565,1.00,7.30
2009.11.17 08:31:11.979,0.84535,0.84565,1.60,6.50
2009.11.17 08:31:12.269,0.8454,0.8457,1.80,4.10
2009.11.17 08:31:12.609,0.8454,0.8457,4.70,1.00
2009.11.17 08:31:13.249,0.84545,0.8457,2.40,1.00
2009.11.17 08:31:14.868,0.8454,0.8457,2.40,1.00
2009.11.17 08:31:15.988,0.8454,0.8457,2.50,1.00
2009.11.17 08:31:16.098,0.8454,0.8457,4.20,1.00
2009.11.17 08:31:16.268,0.8454,0.8457,4.70,1.00
2009.11.17 08:31:18.907,0.8454,0.84565,4.00,1.00
2009.11.17 08:31:19.237,0.84535,0.84565,6.60,1.00
2009.11.17 08:31:20.407,0.8454,0.8457,1.60,8.90
2009.11.17 08:31:20.687,0.8454,0.8457,1.60,4.90
2009.11.17 08:31:20.987,0.8454,0.84565,1.60,1.00
2009.11.17 08:31:21.226,0.8454,0.8457,1.60,4.90
2009.11.17 08:31:25.385,0.8454,0.84565,1.60,1.00
2009.11.17 08:31:25.726,0.84535,0.84565,6.60,1.00
2009.11.17 08:31:27.795,0.84535,0.84565,6.60,1.00
2009.11.17 08:31:31.304,0.84535,0.84565,4.20,1.00
2009.11.17 08:31:31.774,0.84535,0.84565,1.80,3.30
2009.11.17 08:31:32.974,0.84535,0.8456,1.60,1.00
2009.11.17 08:31:33.324,0.8453,0.8456,6.70,1.00
2009.11.17 08:31:33.434,0.8453,0.8456,5.80,1.00
2009.11.17 08:31:33.784,0.84535,0.8456,1.60,1.00
2009.11.17 08:31:34.124,0.8453,0.8456,1.80,1.00
2009.11.17 08:31:34.454,0.84535,0.8456,1.60,1.00
2009.11.17 08:31:35.144,0.8453,0.8456,7.50,1.00
2009.11.17 08:31:35.543,0.84535,0.84565,1.80,7.30
2009.11.17 08:31:35.833,0.84535,0.84565,1.80,3.30
2009.11.17 08:31:38.053,0.84535,0.84565,1.00,5.00
2009.11.17 08:31:38.802,0.84535,0.84565,1.00,9.00
2009.11.17 08:31:39.082,0.84535,0.8456,1.00,1.00
2009.11.17 08:31:39.762,0.84535,0.84565,1.80,7.20
2009.11.17 08:31:40.102,0.84535,0.84565,1.80,3.20
2009.11.17 08:31:40.342,0.84535,0.84565,4.20,1.00
2009.11.17 08:31:42.392,0.84535,0.8457,5.00,8.60
2009.11.17 08:31:42.672,0.84535,0.8457,5.90,4.90
2009.11.17 08:31:42.891,0.84535,0.8457,5.90,1.00
2009.11.17 08:31:43.282,0.84535,0.8457,5.70,1.00
2009.11.17 08:31:43.621,0.8454,0.8457,1.00,1.00
2009.11.17 08:31:43.961,0.8454,0.8457,1.80,1.00
2009.11.17 08:31:44.191,0.8454,0.8457,2.10,5.60
2009.11.17 08:31:44.411,0.8454,0.8457,1.00,6.40
2009.11.17 08:31:44.871,0.84535,0.8456,5.90,1.60
2009.11.17 08:31:45.221,0.84535,0.8457,5.90,2.40
2009.11.17 08:31:45.911,0.8454,0.8457,1.00,2.50
2009.11.17 08:31:46.021,0.8454,0.8457,1.00,6.50
2009.11.17 08:31:46.940,0.8454,0.8457,1.00,2.50
2009.11.17 08:31:52.319,0.8454,0.8457,1.00,4.20
2009.11.17 08:31:52.539,0.84535,0.8456,4.20,1.60
2009.11.17 08:31:56.118,0.8454,0.8456,1.60,1.60
2009.11.17 08:31:57.298,0.8454,0.84565,2.70,1.60
2009.11.17 08:31:58.328,0.84545,0.84565,1.00,1.60
2009.11.17 08:32:00.497,0.84535,0.8456,6.60,1.60
2009.11.17 08:32:00.667,0.84535,0.8456,11.40,1.60
2009.11.17 08:32:01.307,0.84535,0.8456,7.40,1.60
2009.11.17 08:32:02.227,0.84545,0.8456,1.00,1.60
2009.11.17 08:32:02.567,0.8454,0.8456,4.00,1.60
2009.11.17 08:32:02.967,0.84545,0.8456,1.00,1.60
2009.11.17 08:32:03.836,0.84535,0.8456,11.40,1.60
2009.11.17 08:32:04.186,0.84535,0.8456,10.60,1.60
2009.11.17 08:32:04.537,0.8454,0.8456,1.00,1.60
2009.11.17 08:32:05.426,0.84545,0.84565,1.00,1.60
2009.11.17 08:32:08.165,0.8454,0.8456,2.70,1.60
2009.11.17 08:32:08.325,0.8454,0.84555,1.00,1.60
2009.11.17 08:32:08.506,0.84545,0.8456,1.00,1.60
2009.11.17 08:32:08.975,0.8454,0.8456,1.00,1.60
2009.11.17 08:32:09.505,0.8454,0.84555,1.00,1.60
2009.11.17 08:32:14.034,0.84535,0.84555,5.10,1.60
2009.11.17 08:32:14.254,0.8454,0.8456,1.80,1.60
2009.11.17 08:32:17.613,0.8454,0.8456,2.60,1.60
2009.11.17 08:32:19.202,0.84545,0.8457,1.00,1.60
2009.11.17 08:32:19.433,0.84545,0.8457,5.10,1.60
2009.11.17 08:32:19.723,0.84545,0.8457,5.90,1.60
2009.11.17 08:32:20.003,0.8455,0.84575,2.10,1.60
2009.11.17 08:32:20.283,0.8455,0.8457,2.10,1.60
2009.11.17 08:32:20.563,0.84545,0.8457,7.40,1.60
2009.11.17 08:32:20.842,0.8455,0.8457,1.00,1.60
2009.11.17 08:32:21.013,0.84545,0.8458,7.20,1.80
2009.11.17 08:32:21.302,0.8455,0.8457,1.00,1.60
2009.11.17 08:32:21.752,0.84545,0.8457,4.90,1.60
2009.11.17 08:32:21.922,0.84545,0.8457,2.50,1.60
2009.11.17 08:32:22.322,0.8454,0.8456,4.10,1.60
2009.11.17 08:32:22.622,0.8454,0.8456,1.00,1.60
2009.11.17 08:32:22.972,0.84545,0.8457,1.70,1.60
2009.11.17 08:32:23.252,0.8455,0.8457,1.00,1.60
2009.11.17 08:32:24.412,0.84545,0.8456,2.50,1.60
2009.11.17 08:32:24.581,0.84545,0.8456,2.40,1.60
2009.11.17 08:32:24.761,0.8454,0.8456,1.80,1.60
2009.11.17 08:32:24.991,0.84545,0.8456,1.00,1.60
2009.11.17 08:32:25.581,0.84545,0.8457,1.00,1.60
2009.11.17 08:32:26.211,0.8455,0.8457,1.00,1.60
2009.11.17 08:32:27.061,0.84545,0.8457,1.00,1.60
2009.11.17 08:32:27.401,0.84545,0.8457,5.90,1.60
2009.11.17 08:32:28.891,0.8455,0.8457,1.00,1.60
2009.11.17 08:32:33.141,0.84545,0.8457,4.90,1.60
2009.11.17 08:32:33.529,0.84545,0.8457,2.50,1.60
2009.11.17 08:32:33.879,0.84545,0.8457,1.00,1.60
2009.11.17 08:32:34.579,0.8455,0.8457,1.00,1.60
2009.11.17 08:32:37.438,0.84545,0.8457,1.00,1.60
2009.11.17 08:32:37.738,0.84545,0.8457,1.00,1.60
2009.11.17 08:32:39.388,0.8454,0.84575,5.00,8.00
2009.11.17 08:32:39.718,0.84545,0.8457,1.00,1.60
2009.11.17 08:32:40.298,0.8454,0.8457,5.00,1.60
2009.11.17 08:32:41.917,0.8454,0.8457,4.20,1.60
2009.11.17 08:32:42.037,0.8454,0.8456,4.20,1.60
2009.11.17 08:32:48.856,0.8454,0.8456,1.80,1.60
2009.11.17 08:32:50.865,0.84535,0.84575,12.40,13.80
2009.11.17 08:32:51.145,0.8454,0.84575,1.80,13.00
2009.11.17 08:32:51.435,0.8454,0.84575,1.80,9.00
2009.11.17 08:32:52.245,0.8454,0.84575,1.80,13.00
2009.11.17 08:32:52.645,0.8454,0.8457,1.60,1.00
2009.11.17 08:32:53.145,0.84535,0.8456,5.60,2.40
2009.11.17 08:32:53.315,0.84535,0.8456,2.40,2.40
2009.11.17 08:32:53.495,0.84535,0.8456,2.40,4.00
2009.11.17 08:32:54.584,0.84535,0.8456,2.40,4.20
2009.11.17 08:32:55.874,0.84535,0.84555,2.40,2.40
2009.11.17 08:32:56.224,0.8452,0.84545,4.10,4.00
2009.11.17 08:32:56.504,0.8452,0.84545,1.00,6.40
2009.11.17 08:32:56.794,0.8452,0.84545,1.00,4.00
2009.11.17 08:32:57.034,0.84515,0.84545,1.80,4.00
2009.11.17 08:33:03.792,0.84515,0.84545,9.50,1.00
2009.11.17 08:33:04.732,0.8452,0.8455,1.00,1.70
2009.11.17 08:33:05.702,0.8452,0.8455,2.60,1.70
2009.11.17 08:33:05.871,0.84525,0.8455,1.00,1.00
2009.11.17 08:33:06.031,0.84525,0.8455,3.30,1.00
2009.11.17 08:33:06.151,0.84525,0.84555,3.50,6.50
2009.11.17 08:33:06.451,0.84525,0.8455,3.30,1.00
2009.11.17 08:33:06.631,0.84525,0.84555,3.50,6.50
2009.11.17 08:33:06.991,0.84525,0.8455,3.30,1.00
2009.11.17 08:33:07.341,0.8453,0.84555,1.00,6.40
2009.11.17 08:33:07.681,0.8453,0.8455,1.00,1.60
2009.11.17 08:33:08.211,0.84525,0.8455,1.00,1.60
2009.11.17 08:33:08.791,0.8452,0.8455,1.00,1.80
2009.11.17 08:33:09.530,0.8452,0.8455,1.00,1.80
2009.11.17 08:33:09.870,0.84525,0.84555,1.00,6.50
2009.11.17 08:33:10.290,0.8453,0.84555,2.90,6.50
2009.11.17 08:33:10.530,0.84525,0.84555,4.90,2.50
2009.11.17 08:33:10.770,0.84525,0.84555,1.00,2.50
2009.11.17 08:33:11.510,0.84525,0.84555,1.00,2.40
2009.11.17 08:33:11.730,0.84525,0.84555,1.80,2.40
2009.11.17 08:33:12.000,0.8453,0.84555,1.80,2.40
2009.11.17 08:33:12.690,0.84525,0.84555,1.80,2.40
2009.11.17 08:33:13.699,0.8453,0.84555,1.80,2.40
2009.11.17 08:33:14.260,0.8453,0.84555,1.60,2.40
2009.11.17 08:33:14.599,0.8453,0.84555,1.80,2.40
2009.11.17 08:33:15.239,0.8453,0.84555,1.00,2.40
2009.11.17 08:33:15.579,0.84525,0.84555,1.80,2.40
2009.11.17 08:33:16.419,0.84525,0.84555,1.80,2.50
2009.11.17 08:33:16.539,0.8453,0.84555,1.30,4.00
2009.11.17 08:33:16.719,0.84525,0.84555,1.80,3.30
2009.11.17 08:33:16.879,0.84525,0.84555,2.40,7.30
2009.11.17 08:33:17.389,0.8453,0.84555,1.60,6.40
2009.11.17 08:33:18.948,0.84525,0.8455,1.60,4.00
2009.11.17 08:33:19.698,0.84525,0.8455,1.80,4.00
2009.11.17 08:33:20.458,0.8452,0.84545,2.40,4.00
2009.11.17 08:33:22.047,0.8452,0.84545,1.00,4.00
2009.11.17 08:33:22.327,0.84515,0.84545,7.60,4.00
2009.11.17 08:33:22.567,0.84515,0.84545,3.60,4.00
2009.11.17 08:33:24.577,0.8452,0.84545,1.00,4.00
2009.11.17 08:33:24.877,0.84515,0.84545,2.40,4.00
2009.11.17 08:33:25.267,0.8451,0.84545,2.40,8.20
2009.11.17 08:33:25.567,0.8451,0.8454,1.60,4.00
2009.11.17 08:33:25.727,0.84505,0.8454,7.20,4.00
2009.11.17 08:33:25.847,0.84505,0.8454,7.20,8.00
2009.11.17 08:33:26.996,0.84505,0.8454,4.80,12.80
2009.11.17 08:33:27.336,0.84505,0.8454,4.80,16.80
2009.11.17 08:33:27.726,0.84505,0.84535,4.80,4.00
2009.11.17 08:33:27.886,0.84505,0.8454,4.80,8.80
2009.11.17 08:33:28.066,0.84505,0.8454,5.60,8.10
2009.11.17 08:33:28.306,0.84505,0.8454,7.20,4.10
2009.11.17 08:33:28.476,0.84505,0.84535,7.20,1.00
2009.11.17 08:33:28.706,0.84505,0.8454,7.20,1.00
2009.11.17 08:33:29.396,0.8451,0.8454,2.40,4.10
2009.11.17 08:33:29.736,0.84505,0.8454,7.20,4.10
2009.11.17 08:33:30.716,0.84505,0.8454,7.20,1.00
2009.11.17 08:33:31.415,0.84515,0.8454,1.60,1.00
2009.11.17 08:33:31.796,0.8451,0.8454,3.40,1.00
2009.11.17 08:33:32.085,0.84505,0.8454,7.20,2.50
2009.11.17 08:33:32.625,0.84505,0.8454,6.40,2.50
2009.11.17 08:33:32.915,0.84505,0.8454,7.20,1.70
2009.11.17 08:33:33.655,0.84505,0.8454,7.20,5.70
2009.11.17 08:33:35.694,0.84505,0.84535,7.20,1.00
2009.11.17 08:33:36.405,0.8451,0.84535,2.40,1.00
2009.11.17 08:33:37.984,0.8451,0.8454,2.40,1.70
2009.11.17 08:33:38.264,0.8451,0.8454,1.60,2.50
2009.11.17 08:33:38.553,0.8451,0.8454,1.60,4.90
2009.11.17 08:33:38.893,0.8451,0.84535,1.60,1.00
2009.11.17 08:33:39.863,0.84525,0.84545,3.20,8.00
2009.11.17 08:33:40.213,0.8452,0.84545,1.00,4.00
2009.11.17 08:33:40.573,0.8452,0.84545,2.20,1.00
2009.11.17 08:33:40.933,0.84525,0.8455,2.20,1.00
2009.11.17 08:33:41.283,0.8452,0.84555,7.20,2.70
2009.11.17 08:33:41.624,0.8452,0.8455,3.20,1.00
2009.11.17 08:33:42.023,0.84525,0.84555,1.00,2.50
2009.11.17 08:33:42.323,0.8452,0.8455,2.50,1.00
2009.11.17 08:33:42.673,0.8452,0.8455,5.00,1.00
2009.11.17 08:33:42.883,0.84525,0.84555,2.40,3.30
2009.11.17 08:33:43.113,0.84525,0.84555,4.80,1.00
2009.11.17 08:33:43.292,0.8453,0.84555,1.60,1.00
2009.11.17 08:33:43.522,0.8453,0.84555,3.50,1.00
2009.11.17 08:33:43.753,0.8453,0.84555,2.70,1.00
2009.11.17 08:33:44.102,0.8454,0.8456,1.60,4.00
2009.11.17 08:33:44.432,0.8454,0.84565,2.70,2.50
2009.11.17 08:33:44.783,0.84535,0.8456,1.60,1.00
2009.11.17 08:33:45.662,0.84535,0.8456,1.60,1.70
2009.11.17 08:33:45.952,0.8453,0.8456,2.70,2.40
2009.11.17 08:33:46.292,0.8453,0.84555,1.60,1.60
2009.11.17 08:33:46.642,0.8452,0.84545,4.00,1.00
2009.11.17 08:33:47.002,0.8452,0.84545,4.00,4.80
2009.11.17 08:33:47.361,0.84515,0.84545,1.60,7.20
2009.11.17 08:33:47.722,0.84515,0.84545,1.60,11.20
2009.11.17 08:33:48.441,0.84515,0.8454,1.60,1.00
2009.11.17 08:33:48.801,0.8451,0.8454,4.20,1.00
2009.11.17 08:33:49.611,0.8451,0.8454,4.00,1.00
2009.11.17 08:33:49.841,0.8451,0.8454,4.20,1.00
2009.11.17 08:33:50.711,0.84515,0.84545,1.60,11.30
2009.11.17 08:33:51.051,0.84515,0.84545,1.60,7.30
2009.11.17 08:33:53.320,0.84515,0.84545,1.60,7.20
2009.11.17 08:33:56.269,0.8451,0.84525,1.00,1.00
2009.11.17 08:33:56.539,0.845,0.8453,1.00,4.80
2009.11.17 08:33:56.879,0.84495,0.8453,7.20,2.50
2009.11.17 08:33:58.189,0.84495,0.84525,6.40,1.00
2009.11.17 08:33:58.419,0.84495,0.8453,7.20,2.90
2009.11.17 08:33:58.639,0.845,0.8453,2.70,2.50
2009.11.17 08:33:59.318,0.84505,0.8453,1.60,1.60
2009.11.17 08:33:59.639,0.84495,0.8452,8.90,1.00
2009.11.17 08:33:59.939,0.84495,0.84525,6.40,1.00
2009.11.17 08:34:00.239,0.84495,0.8453,7.40,2.40
2009.11.17 08:34:00.888,0.84505,0.84535,1.60,11.70
2009.11.17 08:34:00.998,0.84505,0.84535,1.60,11.30
2009.11.17 08:34:01.508,0.84505,0.84535,1.60,7.30
2009.11.17 08:34:02.028,0.845,0.8452,1.00,1.00
2009.11.17 08:34:02.328,0.8449,0.8452,5.20,1.00
2009.11.17 08:34:03.028,0.84495,0.84525,1.60,7.20
2009.11.17 08:34:03.198,0.84495,0.84525,1.60,6.40
2009.11.17 08:34:03.768,0.845,0.84525,1.60,6.40
2009.11.17 08:34:04.117,0.845,0.8453,2.70,1.00
2009.11.17 08:34:04.808,0.84505,0.84535,1.60,6.50
2009.11.17 08:34:06.057,0.84505,0.84535,1.60,7.30
2009.11.17 08:34:06.227,0.845,0.84535,5.20,13.00
2009.11.17 08:34:06.597,0.845,0.8453,5.10,1.00
2009.11.17 08:34:06.827,0.845,0.84535,5.20,13.00
2009.11.17 08:34:08.326,0.845,0.8453,5.10,1.00
2009.11.17 08:34:08.496,0.845,0.8452,5.10,1.60
2009.11.17 08:34:09.656,0.84505,0.8453,1.60,1.60
2009.11.17 08:34:09.896,0.845,0.8452,5.10,1.60
2009.11.17 08:34:13.805,0.8451,0.8452,1.00,1.60
2009.11.17 08:34:14.085,0.84515,0.8453,1.60,1.60
2009.11.17 08:34:14.435,0.84515,0.84535,1.60,1.60
2009.11.17 08:34:15.525,0.84525,0.84535,1.60,1.60
2009.11.17 08:34:16.025,0.84515,0.8454,2.70,1.70
2009.11.17 08:34:16.314,0.84515,0.84535,1.60,1.60
2009.11.17 08:34:17.734,0.8452,0.84535,1.60,1.60
2009.11.17 08:34:18.194,0.8452,0.8454,1.60,1.60
2009.11.17 08:34:18.314,0.84525,0.8454,1.60,1.60
2009.11.17 08:34:18.834,0.84525,0.84545,1.60,1.00
2009.11.17 08:34:19.514,0.84525,0.8454,1.60,1.00
2009.11.17 08:34:20.033,0.8454,0.84555,2.70,2.40
2009.11.17 08:34:20.263,0.84545,0.8456,1.60,4.00
2009.11.17 08:34:20.484,0.8455,0.84565,1.60,1.60
2009.11.17 08:34:20.644,0.8455,0.8457,1.60,1.70
2009.11.17 08:34:21.103,0.84545,0.8457,4.00,1.70
2009.11.17 08:34:21.283,0.8454,0.8456,9.10,1.60
2009.11.17 08:34:21.513,0.8454,0.8456,5.10,1.60
2009.11.17 08:34:21.813,0.8454,0.8456,2.70,1.60
2009.11.17 08:34:26.672,0.8454,0.8456,3.50,1.60
2009.11.17 08:34:26.842,0.84545,0.84565,1.60,1.00
2009.11.17 08:34:26.892,0.84545,0.8457,1.60,5.70
2009.11.17 08:34:27.002,0.84545,0.8457,1.60,1.70
2009.11.17 08:34:27.062,0.8454,0.8456,5.90,1.60
2009.11.17 08:34:27.302,0.8454,0.8456,5.10,1.60
2009.11.17 08:34:29.061,0.8454,0.8456,2.70,1.60
2009.11.17 08:34:31.131,0.84545,0.8456,1.00,1.60
2009.11.17 08:34:31.311,0.8455,0.8457,1.60,1.60
2009.11.17 08:34:31.481,0.84545,0.84575,1.60,8.90
2009.11.17 08:34:31.691,0.84545,0.84565,2.70,1.60
2009.11.17 08:34:32.551,0.84545,0.8456,1.00,1.60
2009.11.17 08:34:33.060,0.8454,0.8456,2.70,1.60
2009.11.17 08:34:34.950,0.84545,0.8456,1.60,1.60
2009.11.17 08:34:35.120,0.84545,0.8457,1.60,5.70
2009.11.17 08:34:35.280,0.84545,0.8457,1.60,5.60
2009.11.17 08:34:39.429,0.84545,0.8457,1.60,5.70
2009.11.17 08:34:41.548,0.84545,0.8457,1.60,5.60
2009.11.17 08:34:44.518,0.84545,0.8457,1.60,5.70
2009.11.17 08:34:44.628,0.84545,0.8457,1.60,5.60
2009.11.17 08:34:45.358,0.84545,0.8457,1.60,5.60
2009.11.17 08:34:45.708,0.8454,0.8456,2.20,1.60
2009.11.17 08:34:49.686,0.8454,0.8456,3.00,1.60
2009.11.17 08:34:50.996,0.8454,0.8456,2.20,1.60
2009.11.17 08:34:51.786,0.8454,0.8456,1.00,1.60
2009.11.17 08:34:52.256,0.84535,0.8456,4.80,1.60
2009.11.17 08:34:53.336,0.84535,0.8456,2.40,1.60
2009.11.17 08:34:53.615,0.84535,0.8456,2.20,1.70
2009.11.17 08:34:54.125,0.84535,0.8456,1.60,1.70
2009.11.17 08:34:54.395,0.84535,0.8456,1.80,1.60
2009.11.17 08:34:54.686,0.84535,0.8456,1.60,1.70
2009.11.17 08:34:55.265,0.84535,0.84555,1.60,1.60
2009.11.17 08:34:56.335,0.84535,0.8456,2.20,1.70
2009.11.17 08:34:58.074,0.84535,0.8456,3.20,1.60
2009.11.17 08:34:58.364,0.84535,0.84555,2.20,1.60
2009.11.17 08:34:58.594,0.8454,0.84555,1.60,1.60
2009.11.17 08:34:58.874,0.8454,0.8456,1.60,1.60
2009.11.17 08:34:59.114,0.8454,0.8456,2.20,1.60
2009.11.17 08:34:59.974,0.8454,0.84555,2.40,1.60
2009.11.17 08:35:00.264,0.8454,0.84555,1.80,1.60
2009.11.17 08:35:01.964,0.8454,0.84555,1.60,1.60
2009.11.17 08:35:02.413,0.8454,0.8456,2.40,1.60
2009.11.17 08:35:02.863,0.8454,0.84555,2.40,1.60
2009.11.17 08:35:03.153,0.8454,0.84555,1.80,1.60
2009.11.17 08:35:03.383,0.8454,0.84555,1.60,1.60
2009.11.17 08:35:04.003,0.8454,0.84555,2.20,1.60
2009.11.17 08:35:04.343,0.8454,0.84555,1.60,1.60
2009.11.17 08:35:04.633,0.8454,0.8456,2.20,1.60
2009.11.17 08:35:04.803,0.8454,0.84555,2.40,1.60
2009.11.17 08:35:04.983,0.8454,0.84555,2.60,1.60
2009.11.17 08:35:05.103,0.84545,0.8457,2.40,3.20
2009.11.17 08:35:05.273,0.8455,0.84575,1.60,4.00
2009.11.17 08:35:05.383,0.84545,0.8457,2.80,1.60
2009.11.17 08:35:05.563,0.84545,0.84565,2.40,1.60
2009.11.17 08:35:06.252,0.8454,0.8456,8.60,1.60
2009.11.17 08:35:06.653,0.8454,0.8456,2.20,1.60
2009.11.17 08:35:06.952,0.8454,0.8456,7.20,1.60
2009.11.17 08:35:07.342,0.8454,0.8456,3.20,1.60
2009.11.17 08:35:07.682,0.8454,0.8456,2.40,1.60
2009.11.17 08:35:08.752,0.8454,0.8456,3.20,1.60
2009.11.17 08:35:09.492,0.8454,0.8456,2.20,1.60
2009.11.17 08:35:09.842,0.8454,0.8456,1.60,1.60
2009.11.17 08:35:11.591,0.8454,0.8456,2.40,1.60
2009.11.17 08:35:11.751,0.8454,0.8456,2.20,1.60
2009.11.17 08:35:11.921,0.84545,0.8457,1.60,4.00
2009.11.17 08:35:12.301,0.84545,0.8456,1.00,1.60
2009.11.17 08:35:12.641,0.84545,0.8457,2.40,1.60
2009.11.17 08:35:12.981,0.8454,0.8456,7.20,1.60
2009.11.17 08:35:13.401,0.84545,0.8457,1.80,1.60
2009.11.17 08:35:13.631,0.84545,0.8457,2.40,1.60
2009.11.17 08:35:14.680,0.84545,0.84575,2.40,6.50
2009.11.17 08:35:15.800,0.8455,0.84575,1.00,6.50
2009.11.17 08:35:16.100,0.84555,0.8458,2.40,4.00
2009.11.17 08:35:17.000,0.84555,0.8458,2.20,4.10
2009.11.17 08:35:17.870,0.84555,0.8457,1.00,1.60
2009.11.17 08:35:18.200,0.8455,0.8457,1.60,2.40
2009.11.17 08:35:18.539,0.84545,0.84565,4.00,1.00
2009.11.17 08:35:18.830,0.84535,0.84565,4.80,1.00
2009.11.17 08:35:19.359,0.8454,0.84565,1.60,1.00
2009.11.17 08:35:19.529,0.84545,0.84565,2.40,1.00
2009.11.17 08:35:19.740,0.84545,0.8457,4.80,1.00
2009.11.17 08:35:20.649,0.84545,0.8457,2.40,1.00
2009.11.17 08:35:20.989,0.84535,0.84565,8.30,1.00
2009.11.17 08:35:21.339,0.8454,0.84565,2.70,1.00
2009.11.17 08:35:21.559,0.8454,0.8457,2.80,4.00
2009.11.17 08:35:21.789,0.8454,0.8457,1.20,4.10
2009.11.17 08:35:22.029,0.8454,0.8457,1.00,4.10
2009.11.17 08:35:22.258,0.8454,0.84565,1.00,1.00
2009.11.17 08:35:22.539,0.84535,0.8456,2.40,1.00
2009.11.17 08:35:22.889,0.84535,0.84565,1.00,3.30
2009.11.17 08:35:24.378,0.84535,0.84565,1.00,2.50
2009.11.17 08:35:24.668,0.8454,0.8457,2.80,8.10
2009.11.17 08:35:24.948,0.84535,0.8457,12.40,4.10
2009.11.17 08:35:25.228,0.84535,0.8457,8.40,8.10
2009.11.17 08:35:25.859,0.84535,0.84565,5.20,4.00
2009.11.17 08:35:26.198,0.8453,0.84565,10.00,6.40
2009.11.17 08:35:26.478,0.8453,0.84565,6.00,6.40
2009.11.17 08:35:26.988,0.8453,0.8456,3.40,2.40
2009.11.17 08:35:27.218,0.8453,0.84555,1.60,1.60
2009.11.17 08:35:27.487,0.8453,0.84555,5.60,4.00
2009.11.17 08:35:27.827,0.8453,0.84555,1.60,4.00
2009.11.17 08:35:35.766,0.84525,0.84555,3.60,4.00
2009.11.17 08:35:36.095,0.84525,0.84555,2.60,4.00
2009.11.17 08:35:36.335,0.84525,0.84555,1.60,4.80
2009.11.17 08:35:36.555,0.8453,0.84555,1.60,4.00
2009.11.17 08:35:38.055,0.8453,0.8455,1.60,1.00
2009.11.17 08:35:38.395,0.8452,0.84535,5.60,1.60
2009.11.17 08:35:38.735,0.8452,0.84535,1.60,1.60
2009.11.17 08:35:39.055,0.8452,0.84535,1.80,1.60
2009.11.17 08:35:39.615,0.8452,0.84535,1.60,1.60
2009.11.17 08:35:40.084,0.8452,0.84535,1.80,1.60
2009.11.17 08:35:40.614,0.8452,0.84535,1.60,1.60
2009.11.17 08:35:40.954,0.8452,0.84535,2.40,1.60
2009.11.17 08:35:41.284,0.84525,0.84535,1.00,1.60
2009.11.17 08:35:41.514,0.84525,0.84535,2.50,1.60
2009.11.17 08:35:41.744,0.84515,0.8452,8.80,1.60
2009.11.17 08:35:41.974,0.8452,0.84555,2.70,1.70
2009.11.17 08:35:42.214,0.8452,0.84555,5.10,1.70
2009.11.17 08:35:42.444,0.8452,0.84545,2.40,1.60
2009.11.17 08:35:42.804,0.84515,0.84545,7.60,1.60
2009.11.17 08:35:43.644,0.84515,0.84545,4.80,4.90
2009.11.17 08:35:43.983,0.84515,0.84535,7.50,1.60
2009.11.17 08:35:44.913,0.8452,0.84535,1.00,1.60
2009.11.17 08:35:46.863,0.8452,0.8454,1.00,1.60
2009.11.17 08:35:46.983,0.8452,0.8454,1.00,2.40
2009.11.17 08:35:47.153,0.8452,0.8454,1.00,1.60
2009.11.17 08:35:49.003,0.8452,0.84535,1.00,1.60
2009.11.17 08:35:51.322,0.84515,0.84535,2.80,1.60
2009.11.17 08:35:52.551,0.84515,0.84535,1.80,1.60
2009.11.17 08:35:52.781,0.84515,0.8454,1.00,2.40
2009.11.17 08:35:53.062,0.84515,0.84545,1.00,7.30
2009.11.17 08:35:53.961,0.8451,0.8454,1.00,1.00
2009.11.17 08:35:54.311,0.8451,0.8454,1.00,1.00
2009.11.17 08:35:54.651,0.84515,0.84545,1.00,12.00
2009.11.17 08:35:55.001,0.84515,0.84545,1.80,9.60
2009.11.17 08:35:55.341,0.84515,0.84545,1.80,4.80
2009.11.17 08:35:55.681,0.84515,0.8454,1.80,1.00
2009.11.17 08:35:56.030,0.84515,0.8454,1.00,1.00
2009.11.17 08:35:58.460,0.84515,0.8454,1.00,2.40
2009.11.17 08:35:58.580,0.8451,0.8454,1.00,4.20
2009.11.17 08:35:58.750,0.8451,0.8454,1.00,8.00
2009.11.17 08:35:58.930,0.8451,0.8454,1.00,4.00
2009.11.17 08:35:59.290,0.8451,0.84545,1.00,12.00
2009.11.17 08:35:59.650,0.84515,0.8454,1.60,4.00
2009.11.17 08:35:59.990,0.84515,0.84545,1.60,3.20
2009.11.17 08:36:00.549,0.84515,0.84545,1.80,3.20
2009.11.17 08:36:05.428,0.84515,0.84545,1.80,7.20
2009.11.17 08:36:05.718,0.84515,0.84545,1.00,7.20
2009.11.17 08:36:06.878,0.84515,0.84545,1.80,7.20
2009.11.17 08:36:07.098,0.84515,0.8454,1.80,1.00
2009.11.17 08:36:07.218,0.84515,0.8454,1.00,1.00
2009.11.17 08:36:14.916,0.84515,0.8454,1.00,2.40
2009.11.17 08:36:15.876,0.8451,0.8454,4.10,2.40
2009.11.17 08:36:16.385,0.84515,0.8454,1.60,1.60
2009.11.17 08:36:16.665,0.8451,0.8454,6.80,2.40
2009.11.17 08:36:17.056,0.8451,0.8454,5.80,2.40
2009.11.17 08:36:17.226,0.84515,0.8454,1.60,1.70
2009.11.17 08:36:17.555,0.84515,0.8454,1.60,1.60
2009.11.17 08:36:18.605,0.84515,0.8454,1.80,1.60
2009.11.17 08:36:19.635,0.84515,0.8454,1.60,1.70
2009.11.17 08:36:21.734,0.8452,0.8454,1.60,1.70
2009.11.17 08:36:21.784,0.8452,0.8454,1.60,1.00
2009.11.17 08:36:21.905,0.84525,0.84545,1.60,6.40
2009.11.17 08:36:22.144,0.8452,0.8455,2.80,1.70
2009.11.17 08:36:22.644,0.84525,0.8455,1.60,1.60
2009.11.17 08:36:23.004,0.8453,0.84555,1.60,2.40
2009.11.17 08:36:23.344,0.8453,0.84555,1.60,2.50
2009.11.17 08:36:24.024,0.84525,0.84555,6.70,7.30
2009.11.17 08:36:24.314,0.84525,0.84555,4.10,4.80
2009.11.17 08:36:24.654,0.84525,0.84545,4.00,1.00
2009.11.17 08:36:24.944,0.8452,0.84545,4.00,1.70
2009.11.17 08:36:25.183,0.8452,0.84545,4.00,6.40
2009.11.17 08:36:25.463,0.84515,0.84545,5.60,6.40
2009.11.17 08:36:25.753,0.84515,0.84545,5.80,6.40
2009.11.17 08:36:26.393,0.84515,0.84545,1.80,6.40
2009.11.17 08:36:26.673,0.8452,0.84545,1.00,6.40
2009.11.17 08:36:27.363,0.84515,0.84545,1.60,6.50
2009.11.17 08:36:27.763,0.84515,0.84545,2.40,6.50
2009.11.17 08:36:28.103,0.84505,0.84545,11.40,11.20
2009.11.17 08:36:28.333,0.8451,0.8454,1.00,1.60
2009.11.17 08:36:28.613,0.84515,0.8454,1.80,1.60
2009.11.17 08:36:28.843,0.84515,0.84545,5.10,4.90
2009.11.17 08:36:29.192,0.84515,0.84545,5.10,4.10
2009.11.17 08:36:29.543,0.8452,0.84545,1.60,4.10
2009.11.17 08:36:30.572,0.8452,0.84545,1.80,4.00
2009.11.17 08:36:32.632,0.84525,0.84545,1.80,1.60
2009.11.17 08:36:33.152,0.8452,0.84545,1.80,1.60
2009.11.17 08:36:34.171,0.8452,0.84545,1.60,1.60
2009.11.17 08:36:34.861,0.8452,0.84545,1.80,1.60
2009.11.17 08:36:37.400,0.8452,0.84545,1.00,1.60
2009.11.17 08:36:37.510,0.84515,0.84545,10.40,1.60
2009.11.17 08:36:37.570,0.84515,0.84545,9.80,1.60
2009.11.17 08:36:37.800,0.84515,0.84545,4.20,1.60
2009.11.17 08:36:38.040,0.84515,0.84545,1.80,4.00
2009.11.17 08:36:44.969,0.84515,0.84545,2.60,4.00
2009.11.17 08:36:45.599,0.84515,0.84545,2.60,2.40
2009.11.17 08:36:45.828,0.84515,0.8455,5.00,5.70
2009.11.17 08:36:47.298,0.84515,0.8455,7.40,5.70
2009.11.17 08:36:51.397,0.8452,0.8455,1.00,1.70
2009.11.17 08:36:52.067,0.84515,0.8455,7.40,1.70
2009.11.17 08:36:52.307,0.8452,0.8455,1.00,1.70
2009.11.17 08:36:52.947,0.84525,0.8455,1.60,1.70
2009.11.17 08:36:54.556,0.84515,0.8455,11.40,1.70
2009.11.17 08:36:54.796,0.84515,0.8455,7.40,1.70
2009.11.17 08:36:56.086,0.84525,0.8455,1.00,1.60
2009.11.17 08:36:56.356,0.84525,0.84555,2.40,10.40
2009.11.17 08:36:56.896,0.84525,0.84555,1.60,6.40
2009.11.17 08:36:57.576,0.84525,0.84555,1.80,6.40
2009.11.17 08:36:57.946,0.8453,0.8455,1.60,1.00
2009.11.17 08:36:58.226,0.8453,0.84555,1.80,2.40
2009.11.17 08:36:58.506,0.84535,0.8456,1.00,5.60
2009.11.17 08:36:58.735,0.84535,0.84565,2.40,6.40
2009.11.17 08:37:00.025,0.84535,0.84565,2.60,6.40
2009.11.17 08:37:00.315,0.84535,0.84565,2.40,6.50
2009.11.17 08:37:00.545,0.84535,0.84565,1.60,7.30
2009.11.17 08:37:01.035,0.8453,0.8456,4.10,1.60
2009.11.17 08:37:01.325,0.84525,0.84555,8.00,1.00
2009.11.17 08:37:01.615,0.84525,0.84555,2.40,4.80
2009.11.17 08:37:01.895,0.84525,0.8455,2.40,1.00
2009.11.17 08:37:02.235,0.8452,0.84555,2.60,7.20
2009.11.17 08:37:02.584,0.8452,0.84555,6.40,6.50
2009.11.17 08:37:03.494,0.8452,0.84555,6.60,6.50
2009.11.17 08:37:05.444,0.84525,0.84555,1.00,6.40
2009.11.17 08:37:05.614,0.8452,0.84555,6.60,6.50
2009.11.17 08:37:05.894,0.84525,0.84555,1.00,6.40
2009.11.17 08:37:07.213,0.8452,0.84555,6.60,6.50
2009.11.17 08:37:09.153,0.84525,0.84555,1.60,6.50
2009.11.17 08:37:09.443,0.84525,0.84555,4.00,4.10
2009.11.17 08:37:10.063,0.84525,0.84555,4.00,6.50
2009.11.17 08:37:13.592,0.8452,0.8455,6.60,1.60
2009.11.17 08:37:13.762,0.8452,0.84545,1.00,1.60
2009.11.17 08:37:13.932,0.8452,0.84545,1.00,4.00
2009.11.17 08:37:14.102,0.8452,0.84545,1.00,6.40
2009.11.17 08:37:15.571,0.8452,0.84545,1.00,10.40
2009.11.17 08:37:17.711,0.8452,0.84545,1.00,6.40
2009.11.17 08:37:18.281,0.8452,0.84545,1.00,10.40
2009.11.17 08:37:20.770,0.8452,0.84545,1.80,10.40
2009.11.17 08:37:21.180,0.8452,0.84545,1.80,6.40
2009.11.17 08:37:23.130,0.8452,0.84545,1.80,4.00
2009.11.17 08:37:24.449,0.8452,0.84545,1.00,4.00
2009.11.17 08:37:24.670,0.8452,0.84545,1.00,6.40
2009.11.17 08:37:31.797,0.84525,0.84545,1.00,6.40
2009.11.17 08:37:32.077,0.84525,0.84545,1.00,2.40
2009.11.17 08:37:33.197,0.84525,0.84545,1.00,6.40
2009.11.17 08:37:33.557,0.84525,0.84545,1.00,7.20
2009.11.17 08:37:33.847,0.8452,0.84545,1.00,7.20
2009.11.17 08:37:34.527,0.8452,0.8454,1.00,1.00
2009.11.17 08:37:34.757,0.84515,0.84535,1.00,2.40
2009.11.17 08:37:34.877,0.84505,0.84535,4.00,4.80
2009.11.17 08:37:35.047,0.84505,0.84535,4.00,6.40
2009.11.17 08:37:35.627,0.845,0.84535,4.20,6.40
2009.11.17 08:37:36.267,0.84505,0.84535,1.60,4.80
2009.11.17 08:37:36.626,0.8451,0.8454,1.60,4.00
2009.11.17 08:37:37.566,0.8451,0.8454,1.60,4.10
2009.11.17 08:37:38.386,0.84505,0.8454,11.40,4.10
2009.11.17 08:37:38.556,0.84505,0.8454,7.40,4.10
2009.11.17 08:37:42.455,0.84505,0.84535,4.90,1.60
2009.11.17 08:37:42.735,0.84505,0.8454,7.40,4.10
2009.11.17 08:37:42.915,0.8451,0.8454,1.00,4.00
2009.11.17 08:37:43.145,0.84505,0.8454,5.00,4.10
2009.11.17 08:37:43.375,0.8451,0.8454,1.00,4.00
2009.11.17 08:37:44.474,0.84505,0.8454,5.00,4.10
2009.11.17 08:37:44.864,0.8451,0.8454,1.00,4.00
2009.11.17 08:37:45.264,0.8451,0.84535,1.00,1.00
2009.11.17 08:37:45.384,0.84505,0.84535,2.50,2.40
2009.11.17 08:37:45.544,0.84505,0.8454,5.00,4.80
2009.11.17 08:37:45.654,0.8451,0.84535,1.00,2.40
2009.11.17 08:37:47.244,0.8451,0.84535,1.00,4.80
2009.11.17 08:37:47.304,0.84505,0.84535,1.00,4.80
2009.11.17 08:37:47.483,0.84505,0.84535,1.00,7.20
2009.11.17 08:37:47.534,0.84505,0.84535,1.00,8.80
2009.11.17 08:37:47.654,0.845,0.84535,5.80,9.00
2009.11.17 08:37:47.774,0.845,0.84535,1.80,9.00
2009.11.17 08:37:48.174,0.845,0.8453,1.80,1.60
2009.11.17 08:37:49.703,0.84505,0.84535,1.80,11.20
2009.11.17 08:37:49.993,0.84505,0.84535,1.80,10.40
2009.11.17 08:37:50.163,0.84505,0.84535,1.80,6.40
2009.11.17 08:37:51.253,0.845,0.84535,4.20,9.00
2009.11.17 08:37:51.823,0.845,0.84535,1.80,13.00
2009.11.17 08:37:53.422,0.84505,0.84535,1.60,11.30
2009.11.17 08:37:53.592,0.8451,0.84535,1.60,10.50
2009.11.17 08:37:53.752,0.8451,0.84535,1.60,6.50
2009.11.17 08:37:53.862,0.8451,0.8454,1.60,4.90
2009.11.17 08:37:55.792,0.84505,0.8454,4.00,4.90
2009.11.17 08:37:56.022,0.84505,0.8454,4.00,8.90
2009.11.17 08:37:56.262,0.84505,0.84535,1.60,4.80
2009.11.17 08:37:56.442,0.84505,0.84535,1.60,6.40
2009.11.17 08:37:57.421,0.84505,0.84535,1.60,6.50
2009.11.17 08:37:57.711,0.84505,0.8453,1.60,1.00
2009.11.17 08:37:58.001,0.84505,0.84535,1.80,7.20
2009.11.17 08:37:58.301,0.84505,0.84535,1.60,2.40
2009.11.17 08:37:58.661,0.84505,0.8454,4.00,4.90
2009.11.17 08:38:00.561,0.84505,0.84535,1.60,2.40
2009.11.17 08:38:00.911,0.84505,0.84535,2.40,2.40
2009.11.17 08:38:01.261,0.84505,0.8454,8.80,4.80
2009.11.17 08:38:01.790,0.84505,0.8454,8.00,4.80
2009.11.17 08:38:02.030,0.84515,0.84545,1.00,12.40
2009.11.17 08:38:02.150,0.8452,0.84545,1.60,10.40
2009.11.17 08:38:02.270,0.8452,0.84545,1.60,6.40
2009.11.17 08:38:03.480,0.8452,0.84545,2.40,6.40
2009.11.17 08:38:04.320,0.8452,0.84545,2.60,6.40
2009.11.17 08:38:04.670,0.8452,0.84545,2.40,6.40
2009.11.17 08:38:05.120,0.8452,0.84545,1.60,4.00
2009.11.17 08:38:05.409,0.8452,0.8455,1.60,4.10
2009.11.17 08:38:06.219,0.84525,0.8455,3.20,1.00
2009.11.17 08:38:06.559,0.84525,0.84555,1.60,4.10
2009.11.17 08:38:07.179,0.84525,0.84555,3.20,1.70
2009.11.17 08:38:07.579,0.8453,0.8456,4.00,4.90
2009.11.17 08:38:07.929,0.8453,0.8456,4.00,1.00
2009.11.17 08:38:17.407,0.8453,0.84555,3.80,1.00
2009.11.17 08:38:21.925,0.8453,0.8456,4.00,1.00
2009.11.17 08:38:25.865,0.8453,0.8456,6.30,1.00
2009.11.17 08:38:26.154,0.84535,0.84565,1.60,7.30
2009.11.17 08:38:26.774,0.84535,0.84565,3.20,7.30
2009.11.17 08:38:33.263,0.8453,0.84565,4.60,7.30
2009.11.17 08:38:33.382,0.8453,0.8456,2.20,1.60
2009.11.17 08:38:33.492,0.8453,0.8456,1.60,1.60
2009.11.17 08:38:34.572,0.8453,0.8456,1.60,1.70
2009.11.17 08:38:37.861,0.8453,0.8456,1.60,1.60
2009.11.17 08:38:38.022,0.84535,0.8456,1.60,1.60
2009.11.17 08:38:38.311,0.8454,0.84565,1.60,6.40
2009.11.17 08:38:38.532,0.84535,0.84565,1.60,7.20
2009.11.17 08:38:39.751,0.84535,0.84565,1.60,7.30
2009.11.17 08:38:40.271,0.8454,0.84565,1.60,6.50
2009.11.17 08:38:40.661,0.8454,0.84565,1.60,2.50
2009.11.17 08:38:41.771,0.84535,0.84565,2.40,2.50
2009.11.17 08:38:42.410,0.8454,0.84565,2.20,2.50
2009.11.17 08:38:42.640,0.84535,0.84565,4.80,2.50
2009.11.17 08:38:42.810,0.84535,0.84565,7.20,1.00
2009.11.17 08:38:43.660,0.8454,0.8456,1.60,1.00
2009.11.17 08:38:43.890,0.8454,0.84565,1.60,1.00
2009.11.17 08:38:45.030,0.84545,0.8457,1.60,1.70
2009.11.17 08:38:45.200,0.84545,0.8457,2.20,1.70
2009.11.17 08:38:45.720,0.8454,0.84565,1.60,1.00
2009.11.17 08:38:47.649,0.8454,0.8457,1.70,1.60
2009.11.17 08:38:47.769,0.8454,0.8457,2.50,1.60
2009.11.17 08:38:47.830,0.8454,0.8457,2.60,1.70
2009.11.17 08:38:47.889,0.84545,0.8457,1.60,1.70
2009.11.17 08:38:48.279,0.84545,0.8457,2.20,1.70
2009.11.17 08:38:48.639,0.84545,0.8457,1.00,1.70
2009.11.17 08:38:48.989,0.8454,0.8457,1.80,1.70
2009.11.17 08:38:49.339,0.8454,0.84565,1.60,1.00
2009.11.17 08:38:51.389,0.8454,0.8457,1.60,1.70
2009.11.17 08:38:51.908,0.84545,0.8457,1.00,1.00
2009.11.17 08:38:52.138,0.84545,0.8457,2.20,1.00
2009.11.17 08:38:52.358,0.84545,0.8457,2.20,1.70
2009.11.17 08:38:52.698,0.8454,0.84565,1.60,1.00
2009.11.17 08:38:53.048,0.84545,0.84565,1.00,1.00
2009.11.17 08:38:53.398,0.8454,0.84565,1.60,1.00
2009.11.17 08:38:54.307,0.8454,0.8457,1.60,4.10
2009.11.17 08:38:55.347,0.8454,0.84565,1.60,1.00
2009.11.17 08:38:57.547,0.84535,0.84565,7.20,1.70
2009.11.17 08:38:58.417,0.8454,0.84565,1.60,1.70
2009.11.17 08:38:58.757,0.8454,0.84565,1.60,1.00
2009.11.17 08:39:00.116,0.8454,0.8457,1.60,4.10
2009.11.17 08:39:00.296,0.8454,0.84565,1.60,1.60
2009.11.17 08:39:01.276,0.8454,0.84565,1.60,4.00
2009.11.17 08:39:03.705,0.8454,0.84565,1.60,4.80
2009.11.17 08:39:03.915,0.8454,0.84565,1.60,6.40
2009.11.17 08:39:04.195,0.8453,0.84565,5.80,7.30
2009.11.17 08:39:04.545,0.8453,0.8456,1.80,4.00
2009.11.17 08:39:04.876,0.84525,0.8456,2.40,12.40
2009.11.17 08:39:05.045,0.84525,0.84555,2.40,1.60
2009.11.17 08:39:05.275,0.84525,0.84555,2.40,5.60
2009.11.17 08:39:06.605,0.84525,0.84555,2.40,9.60
2009.11.17 08:39:06.935,0.8452,0.84555,4.20,12.00
2009.11.17 08:39:07.514,0.8452,0.84555,4.20,12.10
2009.11.17 08:39:08.494,0.84525,0.84555,2.80,12.00
2009.11.17 08:39:08.604,0.84525,0.84555,2.80,11.30
2009.11.17 08:39:11.083,0.84525,0.8455,1.20,1.60
2009.11.17 08:39:11.253,0.8452,0.84545,2.40,1.00
2009.11.17 08:39:11.483,0.8452,0.8455,4.20,1.00
2009.11.17 08:39:12.633,0.8452,0.8455,4.20,1.00
2009.11.17 08:39:12.863,0.8452,0.8455,5.20,1.00
2009.11.17 08:39:13.323,0.8452,0.84545,5.10,1.00
2009.11.17 08:39:13.433,0.8452,0.84545,2.40,1.00
2009.11.17 08:39:13.603,0.84515,0.84545,7.60,1.00
2009.11.17 08:39:16.283,0.84515,0.84545,6.00,1.00
2009.11.17 08:39:16.402,0.84515,0.84545,4.90,1.00
2009.11.17 08:39:17.792,0.84515,0.84545,6.60,1.00
2009.11.17 08:39:18.122,0.84515,0.84545,7.60,1.00
2009.11.17 08:39:19.681,0.84525,0.8455,1.00,8.00
2009.11.17 08:39:20.021,0.84525,0.8455,2.80,4.00
2009.11.17 08:39:20.811,0.84525,0.84555,2.80,4.90
2009.11.17 08:39:23.991,0.8452,0.8455,5.20,1.70
2009.11.17 08:39:30.009,0.84525,0.84555,2.80,9.70
2009.11.17 08:39:30.119,0.84525,0.84555,2.80,5.70
2009.11.17 08:39:30.409,0.84525,0.8455,1.00,1.00
2009.11.17 08:39:30.519,0.84525,0.84555,1.00,7.40
2009.11.17 08:39:30.579,0.84525,0.84555,1.00,12.20
2009.11.17 08:39:30.699,0.8452,0.84555,5.20,12.20
2009.11.17 08:39:30.759,0.8452,0.8455,5.20,1.70
2009.11.17 08:39:30.999,0.8452,0.8455,5.20,1.60
2009.11.17 08:39:31.339,0.8452,0.8455,5.20,1.70
2009.11.17 08:39:31.689,0.8452,0.8455,5.20,1.60
2009.11.17 08:39:32.738,0.8452,0.84555,5.20,8.20
2009.11.17 08:39:32.919,0.84525,0.8455,5.10,1.00
2009.11.17 08:39:33.088,0.8453,0.84555,1.00,1.60
2009.11.17 08:39:33.428,0.84525,0.84555,7.60,1.70
2009.11.17 08:39:34.098,0.8453,0.84555,1.00,1.60
2009.11.17 08:39:34.608,0.84525,0.8455,4.80,1.70
2009.11.17 08:39:35.088,0.84525,0.8455,4.80,1.60
2009.11.17 08:39:35.468,0.84525,0.8455,4.80,1.70
2009.11.17 08:39:36.948,0.84525,0.8455,4.80,1.60
2009.11.17 08:39:37.247,0.84525,0.8455,2.40,1.70
2009.11.17 08:39:37.607,0.84525,0.84555,5.20,1.70
2009.11.17 08:39:37.837,0.84525,0.8456,7.60,13.10
2009.11.17 08:39:38.017,0.84525,0.8455,6.00,1.60
2009.11.17 08:39:38.187,0.84525,0.8455,4.90,1.60
2009.11.17 08:39:38.427,0.84525,0.8455,4.80,1.70
2009.11.17 08:39:39.117,0.84525,0.8455,4.80,1.60
2009.11.17 08:39:39.697,0.84525,0.8455,4.80,2.50
2009.11.17 08:39:40.057,0.8452,0.8455,4.00,2.40
2009.11.17 08:39:40.406,0.8452,0.8455,4.20,2.50
2009.11.17 08:39:40.746,0.8452,0.84545,4.00,1.00
2009.11.17 08:39:41.036,0.8452,0.8455,4.00,2.50
2009.11.17 08:39:41.376,0.8452,0.84545,4.00,1.00
2009.11.17 08:39:42.806,0.8452,0.84545,4.00,1.00
2009.11.17 08:39:43.036,0.8452,0.8454,2.40,1.60
2009.11.17 08:39:43.276,0.8452,0.84545,1.60,5.50
2009.11.17 08:39:43.556,0.8452,0.84545,5.10,4.00
2009.11.17 08:39:43.846,0.8452,0.84555,5.10,13.00
2009.11.17 08:39:44.135,0.8452,0.84555,4.80,12.00
2009.11.17 08:39:44.406,0.8452,0.84555,4.80,11.30
2009.11.17 08:39:45.685,0.8452,0.8455,4.80,1.00
2009.11.17 08:39:46.315,0.84525,0.84555,1.00,8.90
2009.11.17 08:39:46.495,0.84525,0.84555,5.20,6.50
2009.11.17 08:39:46.725,0.84525,0.8455,7.50,1.00
2009.11.17 08:39:52.194,0.84525,0.8455,7.50,1.00
2009.11.17 08:39:52.534,0.84525,0.84555,7.60,1.30
2009.11.17 08:39:52.874,0.84525,0.84555,7.60,1.20
2009.11.17 08:39:53.214,0.84525,0.8455,7.50,1.00
2009.11.17 08:39:54.703,0.84525,0.84555,7.60,1.30
2009.11.17 08:39:55.053,0.84525,0.8455,7.50,1.00
2009.11.17 08:39:55.683,0.84525,0.84555,7.60,1.00
2009.11.17 08:39:56.023,0.84525,0.8455,7.50,1.00
2009.11.17 08:39:56.483,0.84525,0.84555,7.60,1.00
2009.11.17 08:39:56.543,0.8453,0.84555,1.00,1.00
2009.11.17 08:39:56.653,0.84535,0.8456,2.70,4.90
2009.11.17 08:39:56.763,0.84535,0.8456,2.70,4.10
2009.11.17 08:39:56.823,0.8453,0.84555,4.00,1.00
2009.11.17 08:39:56.943,0.84535,0.8456,1.60,1.00
2009.11.17 08:39:57.053,0.84535,0.8455,1.00,1.00
2009.11.17 08:39:57.213,0.84525,0.8455,11.20,1.00
2009.11.17 08:39:57.673,0.84525,0.84555,7.40,1.00
2009.11.17 08:39:58.792,0.84525,0.8455,7.20,1.00
2009.11.17 08:39:59.442,0.84525,0.8455,5.60,1.00
2009.11.17 08:39:59.662,0.84525,0.8455,3.20,1.00
2009.11.17 08:39:59.952,0.84525,0.8455,4.80,1.00
2009.11.17 08:40:00.931,0.84525,0.84555,7.20,1.00
2009.11.17 08:40:03.111,0.8453,0.8456,1.60,5.70
2009.11.17 08:40:03.391,0.8453,0.8456,1.60,1.70
2009.11.17 08:40:03.561,0.8453,0.8456,1.60,1.00
2009.11.17 08:40:05.360,0.84525,0.8456,5.70,1.00
2009.11.17 08:40:05.641,0.84525,0.84555,5.70,1.00
2009.11.17 08:40:07.240,0.84525,0.84555,6.80,1.00
2009.11.17 08:40:07.300,0.84525,0.84555,7.40,1.00
2009.11.17 08:40:07.460,0.84525,0.84555,8.40,1.00
2009.11.17 08:40:09.719,0.8453,0.84555,2.20,1.00
2009.11.17 08:40:10.959,0.8453,0.84555,4.60,1.00
2009.11.17 08:40:11.479,0.8453,0.84555,5.40,1.00
2009.11.17 08:40:11.539,0.84535,0.8456,1.60,1.70
2009.11.17 08:40:11.599,0.84535,0.8456,1.60,1.00
2009.11.17 08:40:11.929,0.84535,0.84565,1.60,2.50
2009.11.17 08:40:12.109,0.84535,0.8456,1.60,1.00
2009.11.17 08:40:12.499,0.84535,0.84565,1.60,2.50
2009.11.17 08:40:12.799,0.84535,0.84565,1.80,2.50
2009.11.17 08:40:17.498,0.84535,0.84565,4.20,2.50
2009.11.17 08:40:17.668,0.8454,0.84565,1.60,1.00
2009.11.17 08:40:18.008,0.84545,0.8457,1.60,1.00
2009.11.17 08:40:23.356,0.84545,0.84575,1.80,6.50
2009.11.17 08:40:26.736,0.84555,0.84575,1.60,4.10
2009.11.17 08:40:27.085,0.84555,0.84575,1.60,2.50
2009.11.17 08:40:27.445,0.84555,0.84575,1.60,1.00
2009.11.17 08:40:30.734,0.84555,0.8458,1.60,1.70
2009.11.17 08:40:31.514,0.84555,0.8458,1.60,1.90
2009.11.17 08:40:31.734,0.8455,0.8458,1.00,5.80
2009.11.17 08:40:31.854,0.84545,0.8458,4.20,12.90
2009.11.17 08:40:32.034,0.84545,0.8458,4.00,13.40
2009.11.17 08:40:33.404,0.84545,0.84575,4.00,1.90
2009.11.17 08:40:34.703,0.8455,0.84575,1.60,1.00
2009.11.17 08:40:37.463,0.84555,0.8458,1.60,2.50
2009.11.17 08:40:39.212,0.84555,0.84585,1.60,8.20
2009.11.17 08:40:46.321,0.8456,0.84585,2.70,1.90
2009.11.17 08:40:46.671,0.8456,0.8459,2.70,5.80
2009.11.17 08:40:47.530,0.8456,0.8459,2.80,5.70
2009.11.17 08:40:50.730,0.8456,0.8458,2.80,1.60
2009.11.17 08:40:51.120,0.84555,0.84575,4.20,1.60
2009.11.17 08:40:51.360,0.84555,0.8458,5.00,1.60
2009.11.17 08:40:51.529,0.8456,0.8458,2.70,1.60
2009.11.17 08:40:51.759,0.8456,0.8458,2.80,1.60
2009.11.17 08:40:51.990,0.8456,0.8458,1.80,1.60
2009.11.17 08:40:52.219,0.8456,0.8458,2.80,1.60
2009.11.17 08:40:53.919,0.8456,0.84565,1.00,1.60
2009.11.17 08:40:54.149,0.84555,0.84565,1.60,1.60
2009.11.17 08:41:02.007,0.84555,0.8457,1.60,1.60
2009.11.17 08:41:02.227,0.8456,0.8457,1.60,1.60
2009.11.17 08:41:02.397,0.8456,0.84575,1.00,1.60
2009.11.17 08:41:02.627,0.84555,0.8458,1.60,1.60
2009.11.17 08:41:08.885,0.84555,0.84575,2.40,1.60
2009.11.17 08:41:09.055,0.8456,0.8458,2.80,1.60
2009.11.17 08:41:09.525,0.8456,0.8458,2.70,1.60
2009.11.17 08:41:09.695,0.8456,0.8458,2.80,1.60
2009.11.17 08:41:12.145,0.8456,0.84575,1.20,1.60
2009.11.17 08:41:12.314,0.8456,0.84575,1.00,1.60
2009.11.17 08:41:12.365,0.84555,0.84575,1.60,1.60
2009.11.17 08:41:14.754,0.8455,0.8457,2.80,1.60
2009.11.17 08:41:18.043,0.8455,0.8456,1.80,1.60
2009.11.17 08:41:18.493,0.8455,0.8457,1.00,1.60
2009.11.17 08:41:18.723,0.84545,0.8456,1.80,1.60
2009.11.17 08:41:19.753,0.84545,0.8456,1.60,1.60
2009.11.17 08:41:20.312,0.8454,0.8455,1.00,1.60
2009.11.17 08:41:20.472,0.84535,0.8455,10.60,1.60
2009.11.17 08:41:20.652,0.84535,0.8455,6.60,1.60
2009.11.17 08:41:20.822,0.84535,0.8455,4.90,1.60
2009.11.17 08:41:21.113,0.84535,0.8455,2.50,1.60
2009.11.17 08:41:21.642,0.84535,0.8455,1.00,1.60
2009.11.17 08:41:24.912,0.84535,0.8455,1.00,1.60
2009.11.17 08:41:25.631,0.84535,0.8455,1.00,1.60
2009.11.17 08:41:30.200,0.8453,0.84545,2.50,1.60
2009.11.17 08:41:30.900,0.8453,0.84545,1.00,1.60
2009.11.17 08:41:32.050,0.84535,0.8456,1.00,1.60
2009.11.17 08:41:32.390,0.84535,0.84545,1.00,1.60
2009.11.17 08:41:33.060,0.8453,0.8454,1.00,1.60
2009.11.17 08:41:34.089,0.84525,0.8454,7.40,1.60
2009.11.17 08:41:36.898,0.8453,0.8454,1.00,1.60
2009.11.17 08:41:41.457,0.8453,0.8454,1.00,1.60
2009.11.17 08:41:41.738,0.84535,0.8455,1.80,1.60
2009.11.17 08:41:42.707,0.84535,0.8455,1.60,1.60
2009.11.17 08:41:43.757,0.84535,0.8455,1.80,1.60
2009.11.17 08:41:44.786,0.84535,0.8455,1.60,1.60
2009.11.17 08:41:45.286,0.84535,0.8455,1.80,1.60
2009.11.17 08:41:46.176,0.84535,0.8455,1.60,1.60
2009.11.17 08:41:46.576,0.84535,0.8455,1.80,1.60
2009.11.17 08:41:46.926,0.8454,0.84565,2.10,4.00
2009.11.17 08:41:47.266,0.8454,0.8455,1.00,1.60
2009.11.17 08:41:47.436,0.84535,0.8455,5.80,1.60
2009.11.17 08:41:47.596,0.8453,0.8455,4.90,1.60
2009.11.17 08:41:47.816,0.8453,0.8454,2.40,1.60
2009.11.17 08:41:47.996,0.84525,0.8454,4.90,1.60
2009.11.17 08:41:48.166,0.84525,0.8454,8.30,1.60
2009.11.17 08:41:48.336,0.8453,0.84545,1.00,1.60
2009.11.17 08:41:53.575,0.84525,0.84545,4.90,1.60
2009.11.17 08:42:01.773,0.8454,0.84545,1.00,1.60
2009.11.17 08:42:02.063,0.84545,0.84565,4.80,4.00
2009.11.17 08:42:02.443,0.84545,0.8458,4.00,5.80
2009.11.17 08:42:02.792,0.84545,0.8458,3.20,5.80
2009.11.17 08:42:03.142,0.8454,0.8458,9.70,6.70
2009.11.17 08:42:03.482,0.8454,0.8458,9.40,6.60
2009.11.17 08:42:03.662,0.84545,0.8458,1.00,5.80
2009.11.17 08:42:03.882,0.8454,0.8458,9.40,6.60
2009.11.17 08:42:04.112,0.84545,0.8458,1.00,6.70
2009.11.17 08:42:04.282,0.8455,0.8458,1.00,6.60
2009.11.17 08:42:05.572,0.84545,0.8458,1.00,5.80
2009.11.17 08:42:05.852,0.8455,0.84575,1.00,1.60
2009.11.17 08:42:06.091,0.8455,0.8458,1.00,5.80
2009.11.17 08:42:08.251,0.8455,0.84575,1.00,2.40
2009.11.17 08:42:08.541,0.8455,0.8458,3.10,6.50
2009.11.17 08:42:08.821,0.8455,0.84585,3.10,5.20
2009.11.17 08:42:09.481,0.84555,0.8459,1.00,17.20
2009.11.17 08:42:09.760,0.84555,0.8459,1.00,18.80
2009.11.17 08:42:12.440,0.84555,0.8459,1.00,18.60
2009.11.17 08:42:12.610,0.8456,0.8459,3.20,11.40
2009.11.17 08:42:13.770,0.8456,0.84585,3.40,2.40
2009.11.17 08:42:14.840,0.8456,0.8459,1.80,2.60
2009.11.17 08:42:15.239,0.8456,0.84595,1.80,11.20
2009.11.17 08:42:18.549,0.84565,0.84595,1.00,11.50
2009.11.17 08:42:22.108,0.84565,0.8459,1.00,4.00
2009.11.17 08:42:22.467,0.84565,0.84595,1.00,18.20
2009.11.17 08:42:23.047,0.84565,0.8459,1.00,5.60
2009.11.17 08:42:23.218,0.8456,0.8459,1.00,16.20
2009.11.17 08:42:23.397,0.8456,0.8459,1.00,18.60
2009.11.17 08:42:24.547,0.84555,0.8459,1.00,18.80
2009.11.17 08:42:26.946,0.84555,0.84585,1.00,5.60
2009.11.17 08:42:27.127,0.84555,0.84585,2.60,2.40
2009.11.17 08:42:27.586,0.8456,0.84585,1.00,2.40
2009.11.17 08:42:27.816,0.8456,0.84595,1.00,15.70
2009.11.17 08:42:31.096,0.84555,0.84595,9.00,18.80
2009.11.17 08:42:33.635,0.84555,0.8459,5.00,1.00
2009.11.17 08:42:34.335,0.84555,0.84595,9.00,18.80
2009.11.17 08:42:36.824,0.84555,0.84595,5.00,18.80
2009.11.17 08:42:37.114,0.84555,0.84595,9.00,18.80
2009.11.17 08:42:38.464,0.84555,0.8459,5.00,1.00
2009.11.17 08:42:40.933,0.84555,0.8459,2.40,8.20
2009.11.17 08:42:41.213,0.8455,0.84585,2.60,2.40
2009.11.17 08:42:41.783,0.8455,0.8459,6.60,13.90
2009.11.17 08:42:42.063,0.8455,0.8459,2.60,13.90
2009.11.17 08:42:42.233,0.8455,0.8459,2.60,14.00
2009.11.17 08:42:44.072,0.8455,0.8459,6.60,14.00
2009.11.17 08:42:49.301,0.8455,0.84585,2.60,2.50
2009.11.17 08:42:49.541,0.8455,0.8459,2.60,14.00
2009.11.17 08:42:58.269,0.8455,0.84585,1.00,8.20
2009.11.17 08:42:59.789,0.8455,0.84585,1.00,8.10
2009.11.17 08:42:59.959,0.84545,0.84585,7.30,14.00
2009.11.17 08:43:00.419,0.8455,0.8459,2.60,18.50
2009.11.17 08:43:00.588,0.8455,0.8459,6.60,18.20
2009.11.17 08:43:01.388,0.8455,0.8458,5.60,4.00
2009.11.17 08:43:01.738,0.84545,0.84575,2.50,2.90
2009.11.17 08:43:02.088,0.8454,0.8458,9.10,7.50
2009.11.17 08:43:02.198,0.84545,0.8458,2.50,7.60
2009.11.17 08:43:03.118,0.84545,0.8457,2.40,1.00
2009.11.17 08:43:03.448,0.84545,0.84575,2.40,12.30
2009.11.17 08:43:03.788,0.8454,0.84575,1.00,5.90
2009.11.17 08:43:04.147,0.8454,0.84575,1.00,9.90
2009.11.17 08:43:04.388,0.8454,0.84575,1.00,4.90
2009.11.17 08:43:04.678,0.84535,0.8457,9.30,2.40
2009.11.17 08:43:04.907,0.84535,0.8457,4.90,8.50
2009.11.17 08:43:06.517,0.84535,0.8457,4.80,8.70
2009.11.17 08:43:07.577,0.84535,0.84565,4.80,1.80
2009.11.17 08:43:07.747,0.84535,0.8456,4.80,1.60
2009.11.17 08:43:07.966,0.84535,0.8456,5.60,1.70
2009.11.17 08:43:08.136,0.84535,0.84565,4.80,1.80
2009.11.17 08:43:10.586,0.84535,0.8457,5.60,7.20
2009.11.17 08:43:10.976,0.84545,0.8458,1.00,14.20
2009.11.17 08:43:11.326,0.84545,0.8458,1.00,8.00
2009.11.17 08:43:11.676,0.84545,0.84585,7.20,14.00
2009.11.17 08:43:11.905,0.84545,0.84585,7.20,14.20
2009.11.17 08:43:12.185,0.84545,0.84575,6.40,8.20
2009.11.17 08:43:12.756,0.84545,0.84575,2.40,12.20
2009.11.17 08:43:14.135,0.84545,0.8457,2.40,4.80
2009.11.17 08:43:14.435,0.8454,0.8457,2.40,4.80
2009.11.17 08:43:14.675,0.8454,0.8457,3.20,4.00
2009.11.17 08:43:14.905,0.8454,0.84575,4.80,12.00
2009.11.17 08:43:15.195,0.8454,0.84575,8.80,8.00
2009.11.17 08:43:15.475,0.8454,0.84575,8.80,8.80
2009.11.17 08:43:16.035,0.84545,0.84575,1.00,8.80
2009.11.17 08:43:17.344,0.84545,0.8458,1.00,13.00
2009.11.17 08:43:17.614,0.84545,0.8458,3.20,9.00
2009.11.17 08:43:18.134,0.84545,0.84585,4.80,19.00
2009.11.17 08:43:18.554,0.84545,0.84585,4.90,19.00
2009.11.17 08:43:19.634,0.84545,0.84585,5.70,15.80
2009.11.17 08:43:19.814,0.84545,0.84585,9.80,14.00
2009.11.17 08:43:19.984,0.84545,0.8459,14.60,21.70
2009.11.17 08:43:21.184,0.84545,0.8458,13.80,1.60
2009.11.17 08:43:21.304,0.8455,0.84585,1.00,14.50
2009.11.17 08:43:24.043,0.84545,0.8458,8.00,7.30
2009.11.17 08:43:24.383,0.8454,0.8458,4.90,10.50
2009.11.17 08:43:25.273,0.84545,0.8458,1.00,14.40
2009.11.17 08:43:25.552,0.8455,0.84575,1.00,9.10
2009.11.17 08:43:26.182,0.8455,0.84575,1.00,9.90
2009.11.17 08:43:26.472,0.8454,0.8457,4.10,6.40
2009.11.17 08:43:26.812,0.84545,0.8457,1.00,2.10
2009.11.17 08:43:26.972,0.8454,0.84575,3.30,6.70
2009.11.17 08:43:27.082,0.84545,0.8458,1.00,17.00
2009.11.17 08:43:27.252,0.84545,0.8458,1.00,14.80
2009.11.17 08:43:27.653,0.8455,0.84575,1.00,9.10
2009.11.17 08:43:28.002,0.84545,0.84575,4.90,9.10
2009.11.17 08:43:28.342,0.84545,0.8457,4.10,3.20
2009.11.17 08:43:28.681,0.84545,0.8457,1.00,3.70
2009.11.17 08:43:29.501,0.8454,0.8457,1.00,3.70
2009.11.17 08:43:29.921,0.8454,0.8457,1.00,3.70
2009.11.17 08:43:30.161,0.84545,0.84575,1.00,9.00
2009.11.17 08:43:30.441,0.84545,0.84575,1.00,9.10
2009.11.17 08:43:30.961,0.84545,0.8457,1.00,3.20
2009.11.17 08:43:31.251,0.84545,0.8457,1.00,1.60
2009.11.17 08:43:32.871,0.84545,0.8457,1.00,2.60
2009.11.17 08:43:32.921,0.84545,0.8457,1.00,4.30
2009.11.17 08:43:34.150,0.8454,0.8457,1.00,4.40
2009.11.17 08:43:34.950,0.84535,0.8457,10.50,4.70
2009.11.17 08:43:35.250,0.84535,0.8457,9.70,4.70
2009.11.17 08:43:35.540,0.84535,0.8457,5.70,4.70
2009.11.17 08:43:41.139,0.84535,0.84565,2.50,3.00
2009.11.17 08:43:41.479,0.84535,0.84565,1.00,5.40
2009.11.17 08:43:42.959,0.84535,0.84565,1.00,9.40
2009.11.17 08:43:43.298,0.84535,0.8456,1.00,2.70
2009.11.17 08:43:43.468,0.8453,0.8455,4.90,1.60
2009.11.17 08:43:43.648,0.8453,0.8455,4.10,1.60
2009.11.17 08:43:43.998,0.8453,0.8455,1.00,1.60
2009.11.17 08:43:45.488,0.84525,0.8455,1.00,1.60
2009.11.17 08:43:45.778,0.84525,0.8455,1.00,1.60
2009.11.17 08:43:47.277,0.8453,0.8455,1.00,1.60
2009.11.17 08:43:48.377,0.84525,0.8455,1.00,1.60
2009.11.17 08:43:48.727,0.8453,0.8455,1.00,1.60
2009.11.17 08:43:49.077,0.84525,0.8455,1.00,1.60
2009.11.17 08:43:49.717,0.84525,0.84555,1.00,8.40
2009.11.17 08:43:50.007,0.84525,0.84555,1.00,6.80
2009.11.17 08:43:54.216,0.8453,0.84555,1.00,6.70
2009.11.17 08:43:54.965,0.84525,0.84555,1.00,6.80
2009.11.17 08:43:59.064,0.8453,0.84555,1.00,6.70
2009.11.17 08:43:59.344,0.8453,0.84555,1.00,9.10
2009.11.17 08:43:59.974,0.8453,0.8455,1.00,1.60
2009.11.17 08:44:00.274,0.84525,0.8455,1.00,1.60
2009.11.17 08:44:01.754,0.84525,0.84555,1.00,6.80
2009.11.17 08:44:02.094,0.84525,0.84555,1.00,5.20
2009.11.17 08:44:03.144,0.84525,0.84555,1.00,5.20
2009.11.17 08:44:03.263,0.8453,0.84555,1.00,5.10
2009.11.17 08:44:03.503,0.8453,0.8456,1.00,9.20
2009.11.17 08:44:04.683,0.8453,0.8456,1.00,6.80
2009.11.17 08:44:04.913,0.8453,0.8456,1.00,4.40
2009.11.17 08:44:06.163,0.8453,0.84545,1.00,1.00
2009.11.17 08:44:06.323,0.84525,0.8454,6.40,1.60
2009.11.17 08:44:06.443,0.84525,0.8454,2.40,1.60
2009.11.17 08:44:06.832,0.8452,0.84545,1.00,1.60
2009.11.17 08:44:07.182,0.8452,0.84545,1.00,8.80
2009.11.17 08:44:07.943,0.8452,0.84535,1.00,2.40
2009.11.17 08:44:08.112,0.84505,0.84535,4.50,8.40
2009.11.17 08:44:08.342,0.84505,0.84535,5.80,6.40
2009.11.17 08:44:08.582,0.84505,0.8453,2.50,3.00
2009.11.17 08:44:08.872,0.84505,0.8453,1.00,2.20
2009.11.17 08:44:09.152,0.84505,0.84535,1.00,6.40
2009.11.17 08:44:09.732,0.84505,0.84535,4.20,4.00
2009.11.17 08:44:09.972,0.84505,0.8454,6.60,5.60
2009.11.17 08:44:10.202,0.84505,0.8454,13.00,5.60
2009.11.17 08:44:10.482,0.84505,0.84535,12.20,1.30
2009.11.17 08:44:10.712,0.84505,0.8453,2.50,1.60
2009.11.17 08:44:11.222,0.84505,0.8452,2.40,4.00
2009.11.17 08:44:11.511,0.845,0.8452,1.00,4.00
2009.11.17 08:44:11.742,0.845,0.8453,1.00,1.80
2009.11.17 08:44:12.261,0.845,0.8453,3.20,1.00
2009.11.17 08:44:12.661,0.84505,0.8453,1.60,1.00
2009.11.17 08:44:13.461,0.84505,0.8453,4.00,1.00
2009.11.17 08:44:13.801,0.84505,0.84535,1.00,2.40
2009.11.17 08:44:14.041,0.8451,0.84535,1.00,4.80
2009.11.17 08:44:14.781,0.84505,0.84535,2.50,2.60
2009.11.17 08:44:16.030,0.8451,0.84535,1.00,2.40
2009.11.17 08:44:17.010,0.8451,0.84535,1.00,1.60
2009.11.17 08:44:17.820,0.8451,0.84525,1.00,1.00
2009.11.17 08:44:18.060,0.84505,0.8452,2.50,1.60
2009.11.17 08:44:18.400,0.84495,0.84525,6.50,1.80
2009.11.17 08:44:18.759,0.84495,0.84525,5.70,1.80
2009.11.17 08:44:19.099,0.84495,0.84525,7.40,1.00
2009.11.17 08:44:19.449,0.84505,0.8453,1.00,3.40
2009.11.17 08:44:19.799,0.84505,0.8453,1.00,1.00
2009.11.17 08:44:20.149,0.845,0.8453,1.00,1.20
2009.11.17 08:44:20.329,0.845,0.8453,1.00,1.00
2009.11.17 08:44:20.739,0.845,0.84535,1.00,9.00
2009.11.17 08:44:20.959,0.845,0.84535,2.50,9.00
2009.11.17 08:44:21.359,0.845,0.8453,2.50,2.80
2009.11.17 08:44:22.149,0.845,0.8453,2.50,1.80
2009.11.17 08:44:22.489,0.845,0.8453,2.50,1.00
2009.11.17 08:44:22.989,0.845,0.8453,2.40,2.40
2009.11.17 08:44:23.279,0.845,0.8453,1.00,1.60
2009.11.17 08:44:23.559,0.845,0.84525,1.00,2.80
2009.11.17 08:44:23.838,0.84495,0.84525,4.90,2.80
2009.11.17 08:44:24.169,0.84495,0.84525,6.50,1.00
2009.11.17 08:44:24.458,0.84495,0.84525,2.50,1.70
2009.11.17 08:44:24.808,0.8449,0.8452,4.90,3.80
2009.11.17 08:44:25.168,0.84495,0.84515,4.00,1.00
2009.11.17 08:44:25.528,0.84485,0.84515,4.90,1.00
2009.11.17 08:44:25.808,0.84485,0.84515,2.50,1.00
2009.11.17 08:44:26.098,0.84485,0.84515,1.00,4.00
2009.11.17 08:44:26.378,0.8448,0.84515,1.00,8.80
2009.11.17 08:44:26.728,0.8448,0.84515,1.00,13.90
2009.11.17 08:44:27.118,0.8448,0.845,1.00,1.60
2009.11.17 08:44:27.448,0.8447,0.8449,1.00,1.60
2009.11.17 08:44:27.858,0.84455,0.84495,4.90,3.20
2009.11.17 08:44:28.087,0.84455,0.8449,4.10,1.60
2009.11.17 08:44:28.257,0.84455,0.8448,1.00,1.60
2009.11.17 08:44:29.537,0.8446,0.84485,1.00,5.20
2009.11.17 08:44:29.827,0.8446,0.8449,3.30,2.20
2009.11.17 08:44:30.167,0.84465,0.84495,1.00,2.40
2009.11.17 08:44:30.457,0.84465,0.84495,2.50,1.60
2009.11.17 08:44:30.757,0.84465,0.84495,4.80,2.40
2009.11.17 08:44:31.027,0.84465,0.8449,2.40,1.60
2009.11.17 08:44:31.267,0.8447,0.8449,1.00,1.60
2009.11.17 08:44:31.497,0.8447,0.84495,1.00,4.00
2009.11.17 08:44:31.736,0.8447,0.84495,1.00,4.00
2009.11.17 08:44:33.806,0.84465,0.845,4.90,7.50
2009.11.17 08:44:33.976,0.84465,0.845,4.90,11.50
2009.11.17 08:44:34.326,0.84475,0.845,1.00,10.40
2009.11.17 08:44:34.546,0.84475,0.845,1.00,7.50
2009.11.17 08:44:34.726,0.84465,0.845,10.50,7.50
2009.11.17 08:44:34.896,0.84465,0.845,10.50,7.60
2009.11.17 08:44:35.246,0.84465,0.845,5.70,7.60
2009.11.17 08:44:35.606,0.84465,0.845,6.10,3.60
2009.11.17 08:44:35.965,0.84475,0.845,1.20,1.00
2009.11.17 08:44:36.296,0.8447,0.845,3.70,2.60
2009.11.17 08:44:36.695,0.84475,0.845,1.00,3.60
2009.11.17 08:44:36.996,0.8447,0.845,1.30,3.60
2009.11.17 08:44:38.695,0.8447,0.845,1.00,3.60
2009.11.17 08:44:40.025,0.84465,0.8448,7.60,2.40
2009.11.17 08:44:40.424,0.84465,0.8448,4.00,1.60
2009.11.17 08:44:40.654,0.84465,0.8448,4.00,1.20
2009.11.17 08:44:40.884,0.84465,0.8448,4.00,1.00
2009.11.17 08:44:41.174,0.84465,0.8448,4.00,1.60
2009.11.17 08:44:41.404,0.84455,0.84485,4.80,1.80
2009.11.17 08:44:41.754,0.8446,0.8449,2.50,5.00
2009.11.17 08:44:42.104,0.8446,0.84495,2.50,13.00
2009.11.17 08:44:42.684,0.8446,0.84485,2.40,1.00
2009.11.17 08:44:42.904,0.8446,0.8449,3.30,1.80
2009.11.17 08:44:43.354,0.8446,0.8449,3.30,1.60
2009.11.17 08:44:44.274,0.8446,0.84495,5.00,7.40
2009.11.17 08:44:44.564,0.8446,0.84495,7.30,7.40
2009.11.17 08:44:44.923,0.8446,0.8449,2.50,1.00
2009.11.17 08:44:45.303,0.8446,0.8449,4.80,1.00
2009.11.17 08:44:45.653,0.84465,0.8449,5.60,1.00
2009.11.17 08:44:45.933,0.84465,0.845,5.60,9.80
2009.11.17 08:44:46.613,0.84465,0.845,5.70,9.60
2009.11.17 08:44:46.963,0.84465,0.845,5.60,9.80
2009.11.17 08:44:48.092,0.84465,0.845,5.70,9.60
2009.11.17 08:44:48.323,0.84465,0.845,5.60,9.80
2009.11.17 08:44:51.412,0.84465,0.845,5.70,9.60
2009.11.17 08:44:51.981,0.84465,0.845,5.60,9.80
2009.11.17 08:44:52.641,0.84465,0.845,5.70,9.60
2009.11.17 08:44:52.871,0.84465,0.845,4.80,10.40
2009.11.17 08:44:53.091,0.84465,0.845,4.80,11.50
2009.11.17 08:44:53.781,0.84465,0.8449,2.40,1.00
2009.11.17 08:44:54.121,0.84465,0.8449,2.40,2.80
2009.11.17 08:44:54.801,0.84465,0.8449,2.40,2.70
2009.11.17 08:44:55.141,0.84465,0.8448,2.40,2.80
2009.11.17 08:44:55.361,0.8445,0.8448,1.00,2.80
2009.11.17 08:44:55.941,0.84455,0.8448,1.00,2.70
2009.11.17 08:44:56.121,0.8445,0.8448,1.00,2.80
2009.11.17 08:44:58.490,0.84455,0.8448,1.00,2.70
2009.11.17 08:44:58.830,0.8445,0.8448,1.00,2.80
2009.11.17 08:45:00.519,0.8445,0.8448,1.00,2.80
2009.11.17 08:45:00.739,0.84455,0.8448,1.60,1.00
2009.11.17 08:45:00.969,0.84455,0.8448,1.60,1.00
2009.11.17 08:45:01.149,0.8445,0.84475,1.00,1.60
2009.11.17 08:45:01.389,0.8445,0.8448,1.00,2.40
2009.11.17 08:45:01.619,0.8445,0.8448,1.00,2.80
2009.11.17 08:45:02.189,0.84445,0.84475,13.80,1.00
2009.11.17 08:45:02.509,0.8445,0.8448,1.00,2.80
2009.11.17 08:45:03.949,0.84455,0.8448,1.60,1.20
2009.11.17 08:45:04.238,0.84455,0.8448,1.60,1.00
2009.11.17 08:45:04.469,0.84455,0.84485,1.70,9.20
2009.11.17 08:45:07.388,0.8446,0.84485,1.60,9.00
2009.11.17 08:45:07.498,0.84455,0.8448,1.00,1.60
2009.11.17 08:45:08.168,0.84455,0.8448,1.60,1.00
2009.11.17 08:45:08.868,0.8445,0.8448,4.10,2.80
2009.11.17 08:45:09.218,0.8445,0.8448,1.00,2.80
2009.11.17 08:45:10.557,0.84455,0.8448,1.00,2.80
2009.11.17 08:45:10.907,0.84455,0.84485,2.40,4.20
2009.11.17 08:45:11.187,0.8446,0.8448,1.60,1.60
2009.11.17 08:45:11.547,0.8445,0.8448,6.50,2.70
2009.11.17 08:45:11.887,0.84455,0.8448,1.60,1.00
2009.11.17 08:45:12.237,0.84455,0.8448,1.60,1.00
2009.11.17 08:45:13.466,0.84455,0.84485,1.70,5.20
2009.11.17 08:45:21.444,0.84455,0.84485,1.70,6.00
2009.11.17 08:45:22.024,0.84455,0.84485,1.70,5.20
2009.11.17 08:45:22.944,0.84455,0.84485,2.50,5.20
2009.11.17 08:45:23.174,0.84455,0.84485,4.90,1.80
2009.11.17 08:45:24.544,0.84455,0.84485,7.30,1.80
2009.11.17 08:45:24.894,0.84455,0.84485,8.10,1.80
2009.11.17 08:45:25.234,0.84455,0.84485,4.90,1.80
2009.11.17 08:45:25.464,0.84455,0.84485,4.10,1.80
2009.11.17 08:45:25.684,0.84465,0.84485,1.60,1.20
2009.11.17 08:45:26.184,0.84465,0.84485,1.60,1.00
2009.11.17 08:45:26.533,0.84465,0.8449,1.60,1.80
2009.11.17 08:45:28.323,0.8446,0.8449,1.00,3.40
2009.11.17 08:45:28.663,0.84455,0.8449,11.70,3.40
2009.11.17 08:45:29.003,0.84455,0.8449,7.30,3.40
2009.11.17 08:45:29.393,0.84455,0.8449,11.30,3.40
2009.11.17 08:45:29.682,0.8446,0.8449,1.00,3.40
2009.11.17 08:45:31.292,0.84465,0.8449,1.60,3.40
2009.11.17 08:45:32.162,0.84465,0.8449,1.60,1.80
2009.11.17 08:45:32.802,0.84465,0.8449,1.70,1.60
2009.11.17 08:45:33.082,0.84465,0.8449,1.60,1.80
2009.11.17 08:45:36.131,0.84465,0.8449,1.70,1.60
2009.11.17 08:45:37.061,0.8446,0.8449,2.50,2.80
2009.11.17 08:45:38.380,0.8446,0.8449,1.00,2.80
2009.11.17 08:45:42.849,0.8446,0.8449,1.00,2.80
2009.11.17 08:45:43.029,0.84465,0.8449,1.60,2.80
2009.11.17 08:45:43.209,0.84465,0.8449,1.60,1.80
2009.11.17 08:45:43.849,0.84465,0.8449,1.70,1.60
2009.11.17 08:45:47.338,0.84465,0.8449,1.00,1.60
2009.11.17 08:45:47.618,0.84465,0.8449,1.70,1.60
2009.11.17 08:45:47.739,0.84465,0.8449,1.70,5.60
2009.11.17 08:45:48.368,0.84465,0.8449,1.60,5.80
2009.11.17 08:45:49.528,0.84465,0.8449,1.70,5.60
2009.11.17 08:45:56.086,0.84465,0.8449,1.00,5.60
2009.11.17 08:45:56.786,0.84465,0.8449,1.70,5.60
2009.11.17 08:45:57.646,0.84455,0.8449,4.10,7.60
2009.11.17 08:45:58.326,0.84455,0.84475,2.40,1.00
2009.11.17 08:45:58.725,0.84455,0.8448,1.60,4.00
2009.11.17 08:45:59.065,0.84455,0.84485,1.60,7.20
2009.11.17 08:45:59.415,0.8445,0.84485,2.40,9.90
2009.11.17 08:46:00.355,0.8445,0.84485,2.50,10.00
2009.11.17 08:46:02.815,0.8445,0.8448,2.40,1.00
2009.11.17 08:46:02.985,0.84445,0.8448,9.70,2.40
2009.11.17 08:46:03.804,0.84445,0.8448,5.70,2.40
2009.11.17 08:46:04.494,0.84445,0.8448,5.70,2.60
2009.11.17 08:46:06.054,0.8445,0.8448,1.00,1.80
2009.11.17 08:46:06.563,0.8445,0.8448,1.00,1.60
2009.11.17 08:46:11.882,0.8445,0.8448,1.00,2.40
2009.11.17 08:46:13.542,0.84445,0.84475,6.50,1.70
2009.11.17 08:46:13.882,0.84445,0.84475,6.50,3.40
2009.11.17 08:46:14.232,0.84445,0.84475,5.70,3.40
2009.11.17 08:46:14.582,0.84445,0.84475,5.70,4.40
2009.11.17 08:46:16.341,0.84445,0.8447,5.70,1.60
2009.11.17 08:46:16.511,0.84445,0.8447,5.60,1.60
2009.11.17 08:46:19.591,0.84445,0.8447,4.80,1.60
2009.11.17 08:46:19.880,0.8444,0.8447,3.30,1.60
2009.11.17 08:46:20.700,0.8444,0.8447,2.50,2.40
2009.11.17 08:46:20.940,0.84435,0.8446,8.90,2.40
2009.11.17 08:46:21.290,0.84435,0.84465,5.70,2.80
2009.11.17 08:46:21.640,0.84435,0.8446,5.60,1.60
2009.11.17 08:46:21.970,0.84445,0.8446,1.00,1.60
2009.11.17 08:46:22.270,0.8444,0.84465,4.40,1.00
2009.11.17 08:46:22.490,0.84445,0.84475,4.80,2.60
2009.11.17 08:46:22.720,0.84445,0.84475,2.40,2.60
2009.11.17 08:46:23.290,0.84445,0.84475,3.20,1.80
2009.11.17 08:46:24.329,0.84445,0.84475,2.40,2.60
2009.11.17 08:46:25.129,0.84445,0.84475,3.20,1.80
2009.11.17 08:46:25.349,0.84445,0.84475,5.60,1.80
2009.11.17 08:46:26.089,0.8445,0.84475,1.00,1.80
2009.11.17 08:46:26.349,0.8445,0.8448,1.00,2.70
2009.11.17 08:46:26.529,0.8445,0.8448,1.00,1.60
2009.11.17 08:46:34.367,0.84445,0.84475,9.20,1.00
2009.11.17 08:46:34.647,0.84445,0.84475,5.60,1.00
2009.11.17 08:46:34.937,0.84445,0.8448,5.70,1.60
2009.11.17 08:46:35.277,0.84445,0.8448,9.70,1.60
2009.11.17 08:46:39.376,0.84445,0.8448,9.60,1.80
2009.11.17 08:46:41.555,0.84445,0.8448,9.60,5.80
2009.11.17 08:46:41.665,0.84445,0.8448,4.80,6.60
2009.11.17 08:46:42.905,0.84445,0.8448,5.60,5.80
2009.11.17 08:46:57.771,0.84445,0.84475,5.60,1.00
2009.11.17 08:46:58.231,0.84445,0.84475,3.20,1.80
2009.11.17 08:46:58.512,0.84445,0.84475,3.20,1.00
2009.11.17 08:46:58.751,0.84445,0.84475,5.60,1.00
2009.11.17 08:46:59.331,0.84445,0.84475,2.40,4.00
2009.11.17 08:46:59.601,0.8444,0.84475,3.20,6.40
2009.11.17 08:47:07.509,0.8444,0.84475,3.20,4.80
2009.11.17 08:47:07.729,0.84445,0.84475,1.00,2.40
2009.11.17 08:47:08.189,0.84445,0.8448,5.60,3.40
2009.11.17 08:47:08.409,0.84445,0.8448,9.60,3.40
2009.11.17 08:47:09.778,0.8445,0.84485,4.80,9.20
2009.11.17 08:47:10.058,0.84445,0.8448,13.00,2.70
2009.11.17 08:47:10.408,0.8445,0.8448,1.00,1.00
2009.11.17 08:47:10.688,0.8445,0.84485,4.80,9.20
2009.11.17 08:47:11.388,0.8445,0.84485,4.90,9.20
2009.11.17 08:47:12.548,0.8445,0.84485,4.10,10.00
2009.11.17 08:47:12.847,0.8445,0.8448,4.10,3.50
2009.11.17 08:47:13.078,0.8445,0.84475,4.00,2.20
2009.11.17 08:47:13.307,0.84445,0.84475,4.90,2.20
2009.11.17 08:47:13.718,0.84445,0.84475,5.70,2.20
2009.11.17 08:47:14.997,0.84445,0.84465,2.40,1.60
2009.11.17 08:47:15.327,0.8444,0.84465,4.00,1.60
2009.11.17 08:47:15.717,0.84435,0.84465,5.70,1.60
2009.11.17 08:47:19.386,0.84435,0.84465,4.90,2.40
2009.11.17 08:47:19.626,0.8444,0.84455,1.60,1.00
2009.11.17 08:47:19.856,0.84435,0.8445,1.60,1.60
2009.11.17 08:47:20.256,0.84435,0.84465,2.70,6.40
2009.11.17 08:47:20.596,0.84435,0.84465,5.70,1.60
2009.11.17 08:47:20.946,0.84435,0.84465,4.80,1.60
2009.11.17 08:47:21.446,0.84435,0.8446,4.80,1.00
2009.11.17 08:47:21.666,0.84435,0.84455,2.40,1.60
2009.11.17 08:47:21.886,0.8443,0.84465,4.00,9.00
2009.11.17 08:47:22.166,0.84425,0.84465,9.60,9.00
2009.11.17 08:47:22.466,0.84425,0.8446,11.20,1.60
2009.11.17 08:47:22.745,0.84425,0.8446,11.20,2.70
2009.11.17 08:47:23.085,0.8443,0.8446,2.40,2.70
2009.11.17 08:47:23.325,0.84435,0.84465,3.20,1.60
2009.11.17 08:47:23.615,0.84435,0.84465,5.60,1.60
2009.11.17 08:47:24.595,0.84435,0.84465,5.70,1.60
2009.11.17 08:47:24.825,0.84435,0.84465,4.90,1.60
2009.11.17 08:47:24.995,0.84435,0.84465,4.90,2.70
2009.11.17 08:47:25.905,0.84435,0.84465,4.90,4.30
2009.11.17 08:47:26.245,0.84435,0.84465,1.00,6.70
2009.11.17 08:47:26.844,0.84435,0.84465,4.90,6.70
2009.11.17 08:47:27.184,0.84435,0.84465,1.00,6.70
2009.11.17 08:47:27.834,0.84435,0.84465,1.00,6.70
2009.11.17 08:47:27.954,0.84435,0.84465,1.00,6.80
2009.11.17 08:47:28.064,0.84435,0.84465,2.50,5.80
2009.11.17 08:47:28.424,0.84435,0.84465,1.70,6.60
2009.11.17 08:47:28.534,0.84435,0.8446,1.60,2.70
2009.11.17 08:47:28.774,0.84425,0.84445,9.60,1.60
2009.11.17 08:47:29.054,0.84425,0.8445,2.40,2.20
2009.11.17 08:47:29.284,0.8442,0.84455,1.00,5.80
2009.11.17 08:47:29.503,0.8442,0.8445,1.00,3.20
2009.11.17 08:47:35.493,0.84425,0.8445,1.00,1.60
2009.11.17 08:47:35.782,0.84425,0.84455,5.60,2.80
2009.11.17 08:47:36.542,0.84425,0.84455,5.70,2.80
2009.11.17 08:47:37.392,0.8443,0.8446,2.40,2.80
2009.11.17 08:47:37.732,0.8443,0.8446,3.20,2.80
2009.11.17 08:47:38.072,0.84435,0.84465,1.00,5.60
2009.11.17 08:47:38.422,0.8443,0.84465,7.30,5.60
2009.11.17 08:47:38.772,0.8443,0.84465,8.50,5.60
2009.11.17 08:47:39.122,0.84435,0.84465,1.00,5.60
2009.11.17 08:47:39.361,0.8443,0.84465,8.10,5.60
2009.11.17 08:47:39.881,0.8443,0.84465,8.00,5.80
2009.11.17 08:47:40.181,0.84425,0.84465,16.20,6.60
2009.11.17 08:47:40.421,0.8443,0.8447,4.90,13.60
2009.11.17 08:47:40.781,0.8444,0.84465,1.00,8.80
2009.11.17 08:47:41.131,0.84435,0.8446,1.00,2.70
2009.11.17 08:47:41.461,0.84435,0.8446,1.00,1.60
2009.11.17 08:47:41.811,0.84435,0.84465,1.00,8.80
2009.11.17 08:47:42.150,0.8443,0.8446,1.00,2.70
2009.11.17 08:47:42.501,0.84435,0.8446,1.00,1.00
2009.11.17 08:47:42.851,0.84435,0.8446,3.20,1.00
2009.11.17 08:47:43.431,0.84435,0.84465,3.30,1.60
2009.11.17 08:47:44.120,0.84435,0.84465,6.50,1.60
2009.11.17 08:47:44.500,0.8443,0.84465,8.10,8.00
2009.11.17 08:47:44.850,0.8443,0.84465,2.60,8.00
2009.11.17 08:47:45.190,0.8445,0.84465,1.00,4.80
2009.11.17 08:47:45.530,0.84455,0.8447,1.00,4.10
2009.11.17 08:47:45.990,0.8445,0.8447,1.00,4.00
2009.11.17 08:47:46.280,0.84455,0.8447,7.00,4.00
2009.11.17 08:47:46.560,0.84455,0.8448,4.80,1.60
2009.11.17 08:47:46.960,0.84455,0.8448,4.00,5.60
2009.11.17 08:47:47.299,0.8445,0.8448,1.00,5.60
2009.11.17 08:47:47.929,0.8445,0.8448,1.60,4.00
2009.11.17 08:47:48.159,0.8445,0.8448,1.00,1.60
2009.11.17 08:47:49.369,0.84445,0.84475,6.40,1.00
2009.11.17 08:47:49.719,0.84445,0.84485,11.40,9.00
2009.11.17 08:47:50.069,0.8445,0.84485,2.40,11.20
2009.11.17 08:47:50.349,0.8445,0.84485,6.80,7.20
2009.11.17 08:47:50.988,0.84455,0.84485,1.00,2.40
2009.11.17 08:47:51.259,0.84455,0.84485,1.00,2.40
2009.11.17 08:47:51.598,0.8446,0.84485,1.00,2.40
2009.11.17 08:47:51.898,0.8446,0.84495,1.60,9.60
2009.11.17 08:47:52.569,0.8446,0.84495,1.60,5.60
2009.11.17 08:47:54.028,0.8446,0.84495,1.60,4.00
2009.11.17 08:47:54.368,0.84465,0.84495,1.00,4.00
2009.11.17 08:47:54.727,0.8446,0.84495,1.60,2.40
2009.11.17 08:47:55.657,0.8446,0.84495,1.60,2.40
2009.11.17 08:47:55.928,0.8446,0.84495,4.10,2.40
2009.11.17 08:47:56.277,0.84465,0.845,2.40,7.60
2009.11.17 08:47:56.567,0.84465,0.845,2.50,7.60
2009.11.17 08:47:57.317,0.84465,0.8449,2.50,1.60
2009.11.17 08:47:57.717,0.84465,0.8449,2.40,4.00
2009.11.17 08:47:57.997,0.84455,0.84475,7.20,2.80
2009.11.17 08:47:58.287,0.8445,0.8448,1.00,1.80
2009.11.17 08:47:58.637,0.8445,0.8448,1.70,1.60
2009.11.17 08:48:00.296,0.84455,0.8448,2.40,1.60
2009.11.17 08:48:00.696,0.84455,0.8449,3.30,9.20
2009.11.17 08:48:01.036,0.84455,0.84485,3.30,1.00
2009.11.17 08:48:01.206,0.84455,0.84485,3.20,2.40
2009.11.17 08:48:01.426,0.84455,0.84485,3.20,2.60
2009.11.17 08:48:01.586,0.84455,0.84485,3.20,2.40
2009.11.17 08:48:01.926,0.84455,0.8448,1.00,1.00
2009.11.17 08:48:02.616,0.84445,0.84475,6.40,2.40
2009.11.17 08:48:02.846,0.84445,0.84475,2.40,2.40
2009.11.17 08:48:03.076,0.84435,0.84475,9.70,4.80
2009.11.17 08:48:04.306,0.84445,0.84475,1.00,4.00
2009.11.17 08:48:04.655,0.84445,0.84475,1.00,6.40
2009.11.17 08:48:04.985,0.84445,0.84475,1.00,2.40
2009.11.17 08:48:05.225,0.84445,0.84475,1.00,2.50
2009.11.17 08:48:05.505,0.84445,0.84475,1.00,2.40
2009.11.17 08:48:06.705,0.84445,0.84475,1.00,2.40
2009.11.17 08:48:07.265,0.8445,0.84475,1.00,2.40
2009.11.17 08:48:07.945,0.8445,0.84475,1.00,4.00
2009.11.17 08:48:10.384,0.8445,0.84475,1.00,2.40
2009.11.17 08:48:11.464,0.84445,0.84475,4.90,4.00
2009.11.17 08:48:11.763,0.84445,0.84475,2.60,2.40
2009.11.17 08:48:12.064,0.84445,0.84475,6.60,2.40
2009.11.17 08:48:13.443,0.8445,0.84475,1.00,2.40
2009.11.17 08:48:13.773,0.8445,0.84475,1.00,2.40
2009.11.17 08:48:14.403,0.8445,0.84485,2.60,12.00
2009.11.17 08:48:14.823,0.8445,0.84485,1.00,12.80
2009.11.17 08:48:15.003,0.8445,0.84485,1.00,12.80
2009.11.17 08:48:15.353,0.8445,0.84485,1.00,13.20
2009.11.17 08:48:15.693,0.8445,0.84485,1.00,12.80
2009.11.17 08:48:16.752,0.8445,0.84485,1.00,8.80
2009.11.17 08:48:17.112,0.8445,0.84485,2.40,6.40
2009.11.17 08:48:17.462,0.84455,0.84485,1.00,4.00
2009.11.17 08:48:17.642,0.84455,0.8448,1.00,1.60
2009.11.17 08:48:17.812,0.8445,0.8448,4.00,1.60
2009.11.17 08:48:17.972,0.8445,0.8448,4.00,2.40
2009.11.17 08:48:18.152,0.84445,0.8448,3.30,2.40
2009.11.17 08:48:18.322,0.84445,0.8448,3.30,1.60
2009.11.17 08:48:19.182,0.84445,0.8448,5.70,1.60
2009.11.17 08:48:19.522,0.8445,0.84485,1.00,13.90
2009.11.17 08:48:19.801,0.8445,0.84485,1.00,12.80
2009.11.17 08:48:20.382,0.8445,0.84485,1.00,8.80
2009.11.17 08:48:21.122,0.8445,0.84485,1.00,4.80
2009.11.17 08:48:21.751,0.84455,0.84485,1.00,4.00
2009.11.17 08:48:22.261,0.8445,0.84485,1.00,4.80
2009.11.17 08:48:33.178,0.84455,0.84485,1.00,4.00
2009.11.17 08:48:41.956,0.84455,0.84485,3.20,1.60
2009.11.17 08:48:42.366,0.84455,0.8449,7.20,6.70
2009.11.17 08:48:42.536,0.8446,0.8449,1.00,5.60
2009.11.17 08:48:43.156,0.8446,0.8449,1.00,1.60
2009.11.17 08:48:45.125,0.8447,0.8449,1.00,1.60
2009.11.17 08:48:45.526,0.8447,0.84495,1.00,2.40
2009.11.17 08:48:45.705,0.8447,0.845,1.00,5.80
2009.11.17 08:48:45.995,0.8447,0.845,1.00,1.80
2009.11.17 08:48:46.975,0.8447,0.845,1.00,1.80
2009.11.17 08:48:48.005,0.84475,0.84505,1.00,4.80
2009.11.17 08:48:48.175,0.84475,0.84505,1.00,4.20
2009.11.17 08:48:50.704,0.84475,0.84505,1.00,5.80
2009.11.17 08:48:50.934,0.84475,0.84505,1.00,8.20
2009.11.17 08:48:52.854,0.84475,0.84505,1.00,8.20
2009.11.17 08:48:53.143,0.84475,0.84505,2.10,8.20
2009.11.17 08:48:58.212,0.8448,0.84505,1.00,8.00
2009.11.17 08:48:58.533,0.8448,0.84505,1.00,9.10
2009.11.17 08:48:58.642,0.8448,0.845,1.00,1.60
2009.11.17 08:48:58.802,0.8447,0.845,5.20,2.70
2009.11.17 08:48:58.862,0.8447,0.84495,5.20,1.60
2009.11.17 08:48:59.032,0.8447,0.84495,1.20,1.60
2009.11.17 08:48:59.212,0.8447,0.84495,1.00,2.20
2009.11.17 08:48:59.562,0.84465,0.84495,4.50,2.20
2009.11.17 08:48:59.912,0.84465,0.84495,3.70,2.20
2009.11.17 08:49:00.262,0.84465,0.84495,1.30,4.60
2009.11.17 08:49:00.542,0.84465,0.84495,2.10,4.00
2009.11.17 08:49:10.399,0.8447,0.84495,1.00,4.00
2009.11.17 08:49:12.699,0.8447,0.84495,1.20,1.60
2009.11.17 08:49:17.028,0.8447,0.84495,1.30,1.60
2009.11.17 08:49:17.328,0.8447,0.84495,1.00,1.60
2009.11.17 08:49:22.316,0.84465,0.84495,7.70,1.60
2009.11.17 08:49:24.956,0.8447,0.845,1.00,2.80
2009.11.17 08:49:25.196,0.8447,0.845,1.60,2.80
2009.11.17 08:49:25.716,0.8447,0.845,4.40,1.80
2009.11.17 08:49:25.996,0.84475,0.845,1.00,1.60
2009.11.17 08:49:29.425,0.84475,0.845,2.50,1.60
2009.11.17 08:49:31.424,0.84475,0.845,2.90,1.60
2009.11.17 08:49:31.534,0.84475,0.845,3.70,1.60
2009.11.17 08:49:32.134,0.8448,0.845,1.00,1.60
2009.11.17 08:49:33.924,0.84475,0.845,3.70,1.60
2009.11.17 08:49:34.044,0.8448,0.84505,1.00,2.70
2009.11.17 08:49:34.154,0.84485,0.8451,1.00,3.40
2009.11.17 08:49:34.493,0.84485,0.8451,1.00,1.60
2009.11.17 08:49:35.113,0.8449,0.84515,1.00,9.10
2009.11.17 08:49:35.403,0.8449,0.8451,1.00,1.60
2009.11.17 08:49:35.633,0.84485,0.8451,1.00,1.60
2009.11.17 08:49:36.323,0.84485,0.8451,1.00,1.60
2009.11.17 08:49:36.543,0.84485,0.8451,1.30,1.60
2009.11.17 08:49:38.853,0.84485,0.8451,1.20,1.60
2009.11.17 08:49:38.913,0.84485,0.8451,1.00,2.70
2009.11.17 08:49:38.973,0.84485,0.8451,1.00,3.60
2009.11.17 08:49:39.083,0.84475,0.8451,10.50,3.60
2009.11.17 08:49:39.142,0.84475,0.8451,9.70,3.60
2009.11.17 08:49:39.562,0.84475,0.8451,5.70,3.60
2009.11.17 08:49:39.912,0.84475,0.8451,5.70,7.60
2009.11.17 08:49:40.532,0.84475,0.8451,3.30,7.60
2009.11.17 08:49:41.002,0.84475,0.84505,2.50,1.00
2009.11.17 08:49:41.502,0.84475,0.84505,1.00,3.20
2009.11.17 08:49:42.881,0.8448,0.84505,1.00,2.40
2009.11.17 08:49:43.092,0.84485,0.84505,1.00,2.40
2009.11.17 08:49:43.671,0.84485,0.8451,1.00,1.60
2009.11.17 08:49:47.041,0.84485,0.8451,1.00,1.60
2009.11.17 08:49:50.550,0.84485,0.8451,1.00,1.60
2009.11.17 08:49:51.030,0.84485,0.8451,1.00,1.60
2009.11.17 08:49:59.198,0.84485,0.8451,1.00,1.60
2009.11.17 08:49:59.548,0.8448,0.84495,1.00,1.60
2009.11.17 08:50:00.147,0.84475,0.84505,11.00,1.60
2009.11.17 08:50:00.757,0.8448,0.8451,2.10,1.80
2009.11.17 08:50:01.587,0.8448,0.8451,1.30,1.80
2009.11.17 08:50:01.807,0.8448,0.84505,1.20,3.20
2009.11.17 08:50:02.037,0.84475,0.84505,4.50,3.20
2009.11.17 08:50:02.317,0.84475,0.84505,4.10,3.80
2009.11.17 08:50:02.557,0.84475,0.84505,1.70,8.60
2009.11.17 08:50:03.687,0.84475,0.84505,1.70,8.80
2009.11.17 08:50:03.867,0.84475,0.84505,1.00,8.80
2009.11.17 08:50:04.216,0.8448,0.84505,1.00,8.80
2009.11.17 08:50:04.446,0.8448,0.84505,1.00,6.40
2009.11.17 08:50:04.626,0.84485,0.84505,1.00,2.40
2009.11.17 08:50:04.736,0.84485,0.84505,3.20,2.40
2009.11.17 08:50:05.426,0.8448,0.8451,6.50,5.60
2009.11.17 08:50:05.886,0.84485,0.8451,1.00,5.60
2009.11.17 08:50:06.456,0.84485,0.8451,1.00,6.40
2009.11.17 08:50:06.516,0.8448,0.84505,1.60,1.60
2009.11.17 08:50:06.626,0.84475,0.84505,8.90,1.60
2009.11.17 08:50:06.676,0.84475,0.84505,7.30,2.20
2009.11.17 08:50:06.796,0.84475,0.84505,7.30,6.20
2009.11.17 08:50:06.856,0.84475,0.84505,1.00,10.20
2009.11.17 08:50:06.976,0.8447,0.845,2.50,1.00
2009.11.17 08:50:07.276,0.8447,0.845,2.50,2.70
2009.11.17 08:50:07.685,0.8447,0.845,1.70,2.70
2009.11.17 08:50:08.026,0.8448,0.84505,1.60,2.40
2009.11.17 08:50:08.245,0.8448,0.8451,1.60,5.80
2009.11.17 08:50:09.695,0.8448,0.8451,1.70,5.80
2009.11.17 08:50:10.795,0.84485,0.8451,1.00,5.60
2009.11.17 08:50:11.495,0.84485,0.84505,1.00,4.00
2009.11.17 08:50:11.665,0.8448,0.84505,1.00,6.70
2009.11.17 08:50:12.025,0.84475,0.84505,1.00,9.10
2009.11.17 08:50:13.494,0.84475,0.84505,1.00,9.20
2009.11.17 08:50:19.043,0.84475,0.84505,1.00,9.20
2009.11.17 08:50:19.273,0.84475,0.845,1.00,1.60
2009.11.17 08:50:19.693,0.8447,0.8449,4.10,1.60
2009.11.17 08:50:20.033,0.8446,0.8449,4.80,5.60
2009.11.17 08:50:20.322,0.8446,0.8449,1.00,5.60
2009.11.17 08:50:23.662,0.84465,0.8449,1.00,5.60
2009.11.17 08:50:24.782,0.8446,0.8449,1.00,5.60
2009.11.17 08:50:25.451,0.8446,0.8449,1.00,1.60
2009.11.17 08:50:26.421,0.84465,0.8449,1.00,1.60
2009.11.17 08:50:27.161,0.8446,0.8449,1.00,1.60
2009.11.17 08:50:27.441,0.8446,0.8449,1.00,2.70
2009.11.17 08:50:27.971,0.8446,0.8449,1.00,1.60
2009.11.17 08:50:28.701,0.8446,0.8449,1.70,1.60
2009.11.17 08:50:28.871,0.84465,0.8449,1.00,1.60
2009.11.17 08:50:30.490,0.8446,0.8448,1.00,1.60
2009.11.17 08:50:30.730,0.8446,0.8449,1.00,4.30
2009.11.17 08:50:31.000,0.8446,0.8449,1.00,3.20
2009.11.17 08:50:32.920,0.8446,0.8449,1.70,3.20
2009.11.17 08:50:33.429,0.8446,0.8449,1.00,3.20
2009.11.17 08:50:33.829,0.84455,0.8448,6.00,1.60
2009.11.17 08:50:34.039,0.84455,0.8448,4.80,1.60
2009.11.17 08:50:34.200,0.84455,0.84485,2.40,3.60
2009.11.17 08:50:34.599,0.84455,0.84485,2.50,2.40
2009.11.17 08:50:34.929,0.84455,0.8449,5.70,7.90
2009.11.17 08:50:35.279,0.84455,0.8449,5.70,7.50
2009.11.17 08:50:38.288,0.84455,0.8449,5.70,5.10
2009.11.17 08:50:38.638,0.84455,0.8449,5.70,3.50
2009.11.17 08:50:40.478,0.84455,0.8449,5.70,7.90
2009.11.17 08:50:40.877,0.84455,0.84485,4.90,1.00
2009.11.17 08:50:41.288,0.8446,0.8449,1.00,1.60
2009.11.17 08:50:41.448,0.8446,0.8449,1.60,1.60
2009.11.17 08:50:41.798,0.8446,0.84495,4.00,5.60
2009.11.17 08:50:42.487,0.8446,0.84495,4.10,5.60
2009.11.17 08:50:49.965,0.8446,0.84495,4.00,6.40
2009.11.17 08:50:50.206,0.8446,0.84495,4.00,10.40
2009.11.17 08:50:50.435,0.8446,0.84495,1.00,12.80
2009.11.17 08:50:50.675,0.84455,0.8449,10.90,1.00
2009.11.17 08:50:50.905,0.84455,0.8449,6.50,2.40
2009.11.17 08:50:52.715,0.84455,0.8449,5.70,2.40
2009.11.17 08:50:53.884,0.8446,0.8449,1.00,1.60
2009.11.17 08:50:56.474,0.8446,0.84495,2.40,12.80
2009.11.17 08:50:56.704,0.84465,0.84495,1.00,8.00
2009.11.17 08:50:56.914,0.84465,0.84495,1.00,2.40
2009.11.17 08:50:58.653,0.8447,0.84495,1.00,2.40
2009.11.17 08:51:00.003,0.8447,0.845,1.00,4.30
2009.11.17 08:51:00.293,0.84475,0.84495,1.00,1.60
2009.11.17 08:51:00.643,0.84475,0.8449,1.00,1.60
2009.11.17 08:51:01.093,0.84465,0.8449,2.50,5.60
2009.11.17 08:51:01.443,0.84465,0.8449,1.00,7.50
2009.11.17 08:51:01.733,0.8446,0.84485,1.00,1.00
2009.11.17 08:51:02.023,0.84465,0.84485,1.00,2.40
2009.11.17 08:51:02.712,0.84465,0.8449,1.00,7.90
2009.11.17 08:51:03.003,0.84455,0.8449,3.30,8.00
2009.11.17 08:51:03.392,0.84455,0.84485,2.50,1.00
2009.11.17 08:51:03.752,0.84455,0.8448,1.00,2.70
2009.11.17 08:51:04.392,0.84455,0.8448,1.00,1.60
2009.11.17 08:51:05.092,0.8445,0.84475,1.60,1.60
2009.11.17 08:51:05.442,0.84445,0.84475,7.30,1.60
2009.11.17 08:51:06.022,0.84445,0.84475,2.50,1.60
2009.11.17 08:51:12.950,0.84445,0.84475,1.00,4.00
2009.11.17 08:51:13.750,0.84445,0.8447,1.00,2.40
2009.11.17 08:51:14.050,0.8444,0.8446,1.00,1.00
2009.11.17 08:51:14.280,0.84445,0.8447,1.00,2.40
2009.11.17 08:51:15.139,0.84435,0.8446,9.20,1.00
2009.11.17 08:51:15.479,0.84435,0.8446,8.90,1.00
2009.11.17 08:51:15.809,0.84435,0.8446,4.90,1.00
2009.11.17 08:51:16.799,0.84435,0.84465,4.90,1.00
2009.11.17 08:51:17.779,0.84435,0.8447,4.80,9.10
2009.11.17 08:51:18.009,0.84435,0.8446,2.40,2.60
2009.11.17 08:51:18.129,0.84435,0.8446,2.40,2.70
2009.11.17 08:51:18.299,0.8443,0.8446,1.00,2.70
2009.11.17 08:51:18.409,0.8443,0.8446,3.20,1.60
2009.11.17 08:51:19.658,0.84435,0.84465,2.50,1.60
2009.11.17 08:51:20.008,0.84435,0.84465,2.40,1.80
2009.11.17 08:51:20.348,0.84435,0.84465,2.50,1.60
2009.11.17 08:51:20.968,0.84435,0.84465,2.40,1.80
2009.11.17 08:51:21.248,0.84435,0.84465,2.50,1.60
2009.11.17 08:51:22.707,0.84435,0.84465,2.40,1.80
2009.11.17 08:51:23.008,0.84435,0.84465,2.50,1.60
2009.11.17 08:51:23.967,0.84435,0.84465,2.40,1.80
2009.11.17 08:51:24.807,0.84435,0.84465,2.50,1.60
2009.11.17 08:51:25.967,0.84435,0.84465,4.90,1.60
2009.11.17 08:51:26.836,0.84435,0.84465,4.90,2.40
2009.11.17 08:51:28.166,0.84435,0.84465,4.90,1.60
2009.11.17 08:51:30.965,0.84435,0.84465,4.90,2.40
2009.11.17 08:51:31.265,0.84435,0.84465,4.90,1.60
2009.11.17 08:51:31.565,0.84435,0.8447,6.50,7.60
2009.11.17 08:51:31.855,0.84435,0.8447,10.50,7.60
2009.11.17 08:51:32.145,0.84435,0.8446,6.40,3.60
2009.11.17 08:51:32.445,0.84435,0.84465,2.40,7.30
2009.11.17 08:51:32.735,0.8443,0.8446,1.00,3.60
2009.11.17 08:51:33.775,0.84435,0.8446,1.00,3.50
2009.11.17 08:51:34.994,0.8444,0.8446,1.00,3.50
2009.11.17 08:51:35.854,0.84435,0.8446,1.00,3.50
2009.11.17 08:51:36.254,0.8443,0.8446,1.00,3.60
2009.11.17 08:51:36.424,0.84425,0.84455,9.70,1.60
2009.11.17 08:51:36.714,0.84425,0.84455,4.90,2.40
2009.11.17 08:51:36.984,0.84425,0.84455,2.50,2.40
2009.11.17 08:51:37.314,0.84425,0.84455,2.50,4.00
2009.11.17 08:51:37.984,0.84425,0.8445,2.40,2.40
2009.11.17 08:51:38.334,0.8442,0.8445,2.50,2.40
2009.11.17 08:51:38.684,0.8443,0.84455,1.00,8.60
2009.11.17 08:51:38.904,0.8442,0.84455,5.00,7.20
2009.11.17 08:51:39.074,0.84425,0.84455,1.00,7.20
2009.11.17 08:51:39.193,0.84425,0.84455,4.90,4.00
2009.11.17 08:51:39.544,0.84425,0.84455,4.80,3.80
2009.11.17 08:51:40.393,0.84425,0.84455,4.90,4.00
2009.11.17 08:51:40.783,0.84425,0.84455,4.90,3.80
2009.11.17 08:51:41.833,0.84425,0.84455,4.90,4.00
2009.11.17 08:51:43.054,0.84425,0.84455,4.90,3.80
2009.11.17 08:51:43.223,0.84425,0.84455,4.90,4.00
2009.11.17 08:51:44.552,0.84425,0.84455,4.90,2.20
2009.11.17 08:51:44.842,0.84425,0.84455,4.90,2.40
2009.11.17 08:51:46.782,0.84425,0.84455,4.90,4.00
2009.11.17 08:51:47.362,0.84425,0.84455,8.90,4.00
2009.11.17 08:51:49.041,0.84425,0.84455,8.80,3.80
2009.11.17 08:51:49.501,0.84425,0.84455,8.90,4.00
2009.11.17 08:51:50.011,0.84425,0.84455,8.90,3.80
2009.11.17 08:51:50.301,0.84425,0.84455,8.90,4.00
2009.11.17 08:51:53.130,0.84425,0.84455,8.90,4.80
2009.11.17 08:51:53.470,0.84425,0.84455,8.90,4.00
2009.11.17 08:51:53.650,0.84425,0.84455,8.90,2.40
2009.11.17 08:51:53.870,0.84425,0.84455,4.90,1.60
2009.11.17 08:52:04.228,0.8444,0.84465,1.00,2.70
2009.11.17 08:52:04.458,0.8444,0.84465,1.00,1.00
2009.11.17 08:52:04.518,0.8444,0.84475,1.00,13.00
2009.11.17 08:52:04.937,0.8444,0.84475,1.00,9.00
2009.11.17 08:52:06.627,0.8444,0.84475,1.00,9.00
2009.11.17 08:52:07.207,0.84445,0.8447,1.80,1.00
2009.11.17 08:52:07.487,0.84445,0.8447,1.70,1.60
2009.11.17 08:52:07.717,0.8444,0.8447,4.90,3.20
2009.11.17 08:52:07.837,0.8444,0.8447,4.10,3.20
2009.11.17 08:52:07.947,0.8444,0.84475,1.00,10.40
2009.11.17 08:52:08.467,0.84435,0.8447,11.20,4.40
2009.11.17 08:52:08.587,0.84435,0.8447,11.50,4.30
2009.11.17 08:52:09.106,0.8445,0.8447,1.60,4.30
2009.11.17 08:52:09.396,0.8444,0.8447,4.10,2.70
2009.11.17 08:52:09.636,0.8444,0.8447,1.00,2.70
2009.11.17 08:52:09.926,0.8444,0.8447,1.00,6.70
2009.11.17 08:52:10.156,0.8444,0.8447,4.80,4.00
2009.11.17 08:52:10.386,0.8444,0.84475,7.20,5.20
2009.11.17 08:52:10.606,0.84445,0.84475,2.40,2.80
2009.11.17 08:52:11.066,0.84445,0.84475,4.80,2.80
2009.11.17 08:52:12.666,0.84445,0.8447,4.90,1.60
2009.11.17 08:52:12.996,0.8444,0.8447,4.10,1.60
2009.11.17 08:52:13.226,0.8444,0.8447,1.00,1.60
2009.11.17 08:52:13.615,0.84435,0.8447,9.70,1.60
2009.11.17 08:52:13.975,0.8444,0.8447,1.00,1.60
2009.11.17 08:52:15.305,0.84445,0.8447,1.00,1.60
2009.11.17 08:52:20.153,0.84445,0.8447,1.00,4.00
2009.11.17 08:52:20.384,0.84435,0.8446,6.50,1.00
2009.11.17 08:52:20.554,0.84435,0.84455,2.40,2.40
2009.11.17 08:52:20.734,0.84425,0.84455,8.90,2.40
2009.11.17 08:52:21.024,0.84425,0.84455,4.90,2.40
2009.11.17 08:52:21.533,0.84425,0.84455,4.90,1.60
2009.11.17 08:52:21.813,0.8443,0.8446,1.60,1.00
2009.11.17 08:52:22.103,0.84425,0.84455,4.90,1.60
2009.11.17 08:52:24.703,0.8443,0.8446,1.00,2.70
2009.11.17 08:52:24.883,0.8443,0.8446,1.00,1.60
2009.11.17 08:52:25.293,0.84425,0.84455,5.70,1.60
2009.11.17 08:52:25.463,0.84425,0.8446,7.40,3.20
2009.11.17 08:52:25.703,0.84425,0.84455,4.80,1.60
2009.11.17 08:52:25.872,0.84425,0.8446,7.40,3.20
2009.11.17 08:52:26.172,0.84425,0.84455,4.90,1.60
2009.11.17 08:52:26.772,0.8443,0.8446,1.00,1.60
2009.11.17 08:52:27.342,0.8443,0.8446,3.20,1.60
2009.11.17 08:52:27.872,0.84435,0.8446,1.00,1.60
2009.11.17 08:52:30.211,0.8443,0.8446,1.00,1.60
2009.11.17 08:52:30.551,0.8443,0.8446,3.30,1.60
2009.11.17 08:52:32.041,0.84435,0.8446,1.00,1.60
2009.11.17 08:52:32.491,0.8443,0.8446,3.30,1.60
2009.11.17 08:52:35.350,0.84435,0.8446,1.00,1.60
2009.11.17 08:52:35.510,0.8443,0.8446,3.30,1.60
2009.11.17 08:52:35.680,0.84435,0.8446,2.50,1.60
2009.11.17 08:52:35.950,0.84435,0.8446,2.40,1.60
2009.11.17 08:52:36.280,0.84435,0.8446,2.50,1.60
2009.11.17 08:52:41.918,0.84435,0.8446,4.90,1.60
2009.11.17 08:52:43.408,0.84435,0.8446,4.80,1.60
2009.11.17 08:52:44.908,0.84435,0.8446,4.90,1.60
2009.11.17 08:52:54.225,0.8444,0.84455,4.00,1.60
2009.11.17 08:52:54.455,0.8444,0.8446,4.00,2.20
2009.11.17 08:52:54.805,0.8444,0.8446,4.00,1.60
2009.11.17 08:52:55.176,0.84435,0.8446,1.00,1.60
2009.11.17 08:53:00.484,0.84435,0.84465,1.00,7.50
2009.11.17 08:53:04.004,0.84435,0.84465,1.00,6.70
2009.11.17 08:53:06.613,0.8443,0.84465,9.00,6.80
2009.11.17 08:53:06.963,0.8443,0.8446,7.30,1.60
2009.11.17 08:53:07.072,0.8443,0.8446,6.40,1.60
2009.11.17 08:53:07.192,0.8443,0.8446,2.40,1.60
2009.11.17 08:53:07.422,0.8443,0.8446,3.20,1.70
2009.11.17 08:53:07.812,0.8443,0.8446,2.40,1.60
2009.11.17 08:53:08.752,0.8443,0.8446,2.40,1.60
2009.11.17 08:53:08.922,0.8443,0.8446,2.50,1.60
2009.11.17 08:53:10.762,0.8443,0.8446,3.30,1.60
2009.11.17 08:53:11.292,0.8443,0.8446,3.20,1.60
2009.11.17 08:53:11.871,0.8443,0.8446,3.30,1.60
2009.11.17 08:53:12.611,0.8443,0.8446,3.20,1.60
2009.11.17 08:53:12.841,0.8443,0.8446,3.30,1.60
2009.11.17 08:53:13.251,0.8443,0.8446,3.20,1.60
2009.11.17 08:53:13.471,0.8443,0.8446,3.30,1.60
2009.11.17 08:53:13.701,0.8443,0.8446,2.50,1.60
2009.11.17 08:53:14.351,0.8443,0.8446,2.40,1.60
2009.11.17 08:53:14.641,0.8443,0.8446,2.50,1.60
2009.11.17 08:53:16.230,0.8443,0.84465,5.00,6.80
2009.11.17 08:53:16.570,0.8443,0.84465,9.00,6.80
2009.11.17 08:53:17.510,0.8443,0.84465,5.00,10.80
2009.11.17 08:53:27.587,0.8443,0.84465,9.00,6.80
2009.11.17 08:53:27.927,0.8443,0.84465,5.00,6.80
2009.11.17 08:53:29.247,0.84435,0.84465,2.40,6.80
2009.11.17 08:53:29.607,0.8444,0.8447,1.00,9.60
2009.11.17 08:53:29.957,0.8444,0.84465,1.00,4.00
2009.11.17 08:53:30.657,0.8444,0.8447,1.00,5.60
2009.11.17 08:53:30.997,0.84435,0.84465,5.70,1.60
2009.11.17 08:53:32.396,0.84435,0.84465,7.30,1.60
2009.11.17 08:53:32.796,0.84435,0.8447,6.10,10.40
2009.11.17 08:53:33.136,0.8443,0.8447,12.70,10.40
2009.11.17 08:53:33.466,0.8444,0.8447,4.00,6.40
2009.11.17 08:53:33.636,0.84435,0.8447,5.70,6.40
2009.11.17 08:53:33.816,0.84435,0.8447,5.70,10.40
2009.11.17 08:53:36.545,0.84435,0.8447,5.70,6.40
2009.11.17 08:53:37.805,0.84435,0.84465,4.90,1.80
2009.11.17 08:53:37.915,0.84435,0.8446,4.80,1.60
2009.11.17 08:53:40.744,0.84435,0.8446,2.40,1.60
2009.11.17 08:53:41.195,0.8443,0.8446,4.10,3.50
2009.11.17 08:53:41.414,0.8443,0.8446,1.00,3.50
2009.11.17 08:53:42.294,0.8443,0.8446,1.00,3.60
2009.11.17 08:53:42.644,0.84425,0.8446,13.80,3.80
2009.11.17 08:53:43.514,0.8443,0.8446,1.00,3.60
2009.11.17 08:53:43.914,0.84435,0.8446,1.60,2.70
2009.11.17 08:53:43.974,0.84435,0.84465,1.60,8.20
2009.11.17 08:53:44.093,0.84435,0.84465,4.20,6.40
2009.11.17 08:53:44.203,0.8444,0.84465,1.60,2.40
2009.11.17 08:53:44.843,0.8444,0.84465,1.60,3.20
2009.11.17 08:53:45.183,0.8443,0.8446,8.10,1.60
2009.11.17 08:53:45.753,0.8443,0.8446,5.70,1.60
2009.11.17 08:53:48.683,0.8443,0.8446,8.10,1.60
2009.11.17 08:53:50.982,0.8443,0.84465,9.80,3.40
2009.11.17 08:53:51.332,0.84435,0.84465,1.00,2.40
2009.11.17 08:53:53.771,0.8443,0.84465,10.20,2.40
2009.11.17 08:53:53.931,0.84435,0.84465,1.00,2.40
2009.11.17 08:53:54.211,0.84435,0.8447,3.20,10.60
2009.11.17 08:53:57.130,0.84435,0.84465,3.20,1.00
2009.11.17 08:53:59.480,0.8445,0.8447,1.60,8.00
2009.11.17 08:53:59.660,0.8445,0.8447,1.60,6.40
2009.11.17 08:53:59.840,0.8444,0.8447,1.60,6.40
2009.11.17 08:54:00.010,0.84435,0.8447,5.60,8.80
2009.11.17 08:54:00.180,0.84435,0.8447,5.60,10.40
2009.11.17 08:54:00.639,0.84435,0.8447,5.60,10.60
2009.11.17 08:54:01.669,0.8445,0.8447,1.60,4.00
2009.11.17 08:54:02.829,0.84445,0.8447,1.60,4.10
2009.11.17 08:54:03.519,0.8444,0.8447,6.50,5.60
2009.11.17 08:54:03.739,0.8444,0.84465,2.50,2.40
2009.11.17 08:54:04.579,0.84435,0.84465,4.80,9.10
2009.11.17 08:54:04.939,0.84435,0.84465,5.60,3.20
2009.11.17 08:54:05.228,0.84435,0.84465,9.60,1.60
2009.11.17 08:54:06.178,0.84435,0.84465,8.90,1.60
2009.11.17 08:54:06.518,0.8444,0.8447,1.00,5.80
2009.11.17 08:54:06.628,0.84435,0.8447,13.00,5.80
2009.11.17 08:54:06.788,0.8444,0.8447,1.00,5.80
2009.11.17 08:54:06.908,0.8444,0.8447,1.00,1.80
2009.11.17 08:54:08.437,0.8444,0.8447,1.70,1.80
2009.11.17 08:54:08.797,0.8444,0.8447,1.70,5.80
2009.11.17 08:54:10.237,0.8444,0.8447,3.20,4.80
2009.11.17 08:54:10.597,0.84435,0.8446,6.40,1.60
2009.11.17 08:54:10.937,0.8443,0.84455,10.40,1.60
2009.11.17 08:54:11.267,0.8443,0.84455,2.40,1.60
2009.11.17 08:54:11.947,0.84425,0.84455,4.80,1.60
2009.11.17 08:54:13.457,0.84425,0.84455,4.90,1.60
2009.11.17 08:54:15.126,0.84425,0.84455,4.80,1.80
2009.11.17 08:54:16.246,0.84425,0.84455,4.90,1.60
2009.11.17 08:54:16.366,0.84425,0.84455,4.80,1.80
2009.11.17 08:54:22.314,0.84425,0.84455,4.90,1.60
2009.11.17 08:54:29.862,0.84425,0.84455,4.80,1.80
2009.11.17 08:54:48.098,0.84425,0.84455,2.40,1.80
2009.11.17 08:54:57.106,0.84425,0.8445,2.40,1.00
2009.11.17 08:54:58.036,0.84425,0.8445,2.40,1.80
2009.11.17 08:54:58.326,0.84425,0.84455,2.40,1.80
2009.11.17 08:54:59.075,0.84425,0.8445,2.40,1.00
2009.11.17 08:54:59.435,0.84425,0.84455,2.40,1.80
2009.11.17 08:54:59.826,0.84425,0.84455,2.40,8.20
2009.11.17 08:55:00.175,0.8442,0.8445,9.60,1.00
2009.11.17 08:55:00.395,0.84425,0.84455,2.40,6.80
2009.11.17 08:55:00.625,0.84425,0.84455,4.80,1.80
2009.11.17 08:55:01.315,0.84425,0.84445,4.80,1.00
2009.11.17 08:55:01.495,0.84425,0.8444,4.80,1.60
2009.11.17 08:55:01.555,0.84425,0.8444,2.40,1.60
2009.11.17 08:55:01.775,0.84415,0.8444,2.40,1.60
2009.11.17 08:55:01.935,0.84415,0.84445,4.80,2.80
2009.11.17 08:55:01.995,0.84415,0.8445,4.80,12.20
2009.11.17 08:55:02.115,0.8442,0.84445,1.00,1.20
2009.11.17 08:55:02.175,0.8442,0.84445,1.00,1.00
2009.11.17 08:55:02.295,0.8442,0.84455,2.40,5.80
2009.11.17 08:55:02.345,0.8442,0.84455,6.40,4.20
2009.11.17 08:55:02.725,0.84425,0.8445,4.00,1.00
2009.11.17 08:55:04.224,0.84425,0.8444,4.00,1.60
2009.11.17 08:55:04.394,0.8442,0.8444,2.40,1.60
2009.11.17 08:55:04.504,0.84415,0.8444,4.80,1.60
2009.11.17 08:55:05.544,0.84415,0.8444,4.80,1.80
2009.11.17 08:55:06.414,0.84415,0.84435,4.80,1.00
2009.11.17 08:55:08.804,0.84415,0.8443,2.40,1.00
2009.11.17 08:55:08.923,0.84405,0.8443,7.20,1.00
2009.11.17 08:55:09.043,0.84405,0.8443,8.90,1.00
2009.11.17 08:55:09.563,0.84405,0.8443,12.90,1.00
2009.11.17 08:55:09.683,0.84405,0.8443,8.80,1.00
2009.11.17 08:55:10.033,0.84405,0.8443,2.40,1.00
2009.11.17 08:55:11.733,0.84405,0.8443,4.00,1.00
2009.11.17 08:55:12.083,0.84405,0.8443,13.30,1.00
2009.11.17 08:55:12.432,0.84405,0.8443,9.30,1.00
2009.11.17 08:55:12.772,0.8441,0.84435,2.80,1.00
2009.11.17 08:55:12.952,0.8441,0.84435,4.80,1.00
2009.11.17 08:55:13.122,0.8441,0.84435,3.20,1.00
2009.11.17 08:55:15.003,0.84415,0.84435,2.40,1.00
2009.11.17 08:55:15.352,0.84415,0.84435,4.80,1.00
2009.11.17 08:55:17.031,0.84415,0.84435,2.40,1.00
2009.11.17 08:55:17.191,0.84405,0.8443,7.20,1.00
2009.11.17 08:55:17.421,0.84405,0.8443,6.40,1.00
2009.11.17 08:55:20.460,0.84405,0.8443,7.20,1.00
2009.11.17 08:55:21.330,0.84405,0.8443,6.40,1.00
2009.11.17 08:55:30.208,0.844,0.84425,2.40,1.00
2009.11.17 08:55:30.488,0.844,0.8443,5.00,4.10
2009.11.17 08:55:30.768,0.84405,0.8443,4.80,1.00
2009.11.17 08:55:33.658,0.84405,0.84435,4.80,2.60
2009.11.17 08:55:35.267,0.84405,0.8443,4.80,1.00
2009.11.17 08:55:36.257,0.84405,0.8443,2.40,1.00
2009.11.17 08:55:36.767,0.844,0.8443,2.40,1.00
2009.11.17 08:55:38.676,0.844,0.8443,2.40,1.00
2009.11.17 08:55:39.026,0.84395,0.8443,6.60,1.00
2009.11.17 08:55:40.256,0.844,0.8443,1.00,1.00
2009.11.17 08:55:40.526,0.844,0.8443,3.20,1.00
2009.11.17 08:55:40.925,0.844,0.84425,2.40,1.80
2009.11.17 08:55:41.475,0.84395,0.84425,5.70,1.80
2009.11.17 08:55:41.765,0.84395,0.84425,5.70,1.70
2009.11.17 08:55:42.055,0.844,0.84425,2.40,1.00
2009.11.17 08:55:42.395,0.844,0.8443,1.00,2.50
2009.11.17 08:55:42.975,0.84395,0.8443,5.70,6.60
2009.11.17 08:55:43.315,0.84395,0.8443,5.60,4.60
2009.11.17 08:55:43.545,0.844,0.84425,1.00,1.00
2009.11.17 08:55:44.754,0.844,0.8442,2.40,1.00
2009.11.17 08:55:45.104,0.844,0.8442,1.60,1.00
2009.11.17 08:55:45.454,0.844,0.8442,2.40,1.00
2009.11.17 08:55:45.744,0.84395,0.8443,16.70,1.60
2009.11.17 08:55:46.084,0.844,0.84435,2.50,9.10
2009.11.17 08:55:46.324,0.844,0.8443,2.40,1.00
2009.11.17 08:55:46.624,0.844,0.8443,1.60,1.00
2009.11.17 08:55:47.124,0.844,0.8443,1.60,1.00
2009.11.17 08:55:47.334,0.844,0.8443,1.60,2.50
2009.11.17 08:55:48.304,0.844,0.84425,1.60,1.80
2009.11.17 08:55:48.594,0.844,0.84425,1.60,1.60
2009.11.17 08:55:48.873,0.844,0.84425,1.60,1.80
2009.11.17 08:55:49.393,0.844,0.8443,1.60,1.70
2009.11.17 08:55:49.973,0.84405,0.84435,1.60,6.50
2009.11.17 08:55:50.303,0.84405,0.84435,2.40,6.50
2009.11.17 08:55:50.573,0.84405,0.84435,1.60,6.50
2009.11.17 08:55:50.923,0.84405,0.84435,2.40,4.00
2009.11.17 08:55:51.193,0.84415,0.84435,1.60,2.40
2009.11.17 08:55:51.773,0.84405,0.8443,1.60,1.00
2009.11.17 08:55:52.003,0.84405,0.8443,1.60,1.70
2009.11.17 08:55:52.473,0.84405,0.8443,1.60,4.10
2009.11.17 08:55:56.472,0.84405,0.8443,1.60,6.60
2009.11.17 08:55:56.712,0.844,0.8443,1.00,5.80
2009.11.17 08:55:57.002,0.844,0.84435,1.00,10.00
2009.11.17 08:55:57.921,0.84395,0.8443,6.60,6.60
2009.11.17 08:55:59.801,0.84405,0.8443,1.60,6.60
2009.11.17 08:55:59.971,0.84405,0.8443,1.70,4.00
2009.11.17 08:56:00.670,0.84405,0.8443,1.60,6.60
2009.11.17 08:56:01.001,0.84395,0.84425,2.40,1.60
2009.11.17 08:56:01.811,0.84395,0.84425,2.50,1.80
2009.11.17 08:56:03.450,0.84395,0.84425,2.40,1.80
2009.11.17 08:56:04.560,0.84395,0.84425,2.40,2.60
2009.11.17 08:56:04.740,0.84395,0.84425,2.40,10.60
2009.11.17 08:56:05.069,0.8439,0.84425,1.00,13.00
2009.11.17 08:56:09.009,0.8439,0.84425,2.60,12.20
2009.11.17 08:56:09.229,0.84395,0.84425,1.00,8.20
2009.11.17 08:56:09.698,0.8439,0.84425,8.30,5.80
2009.11.17 08:56:10.558,0.84395,0.84425,1.00,5.80
2009.11.17 08:56:10.898,0.84395,0.84425,1.00,7.10
2009.11.17 08:56:11.298,0.8439,0.8442,4.00,1.60
2009.11.17 08:56:11.638,0.84395,0.8442,1.00,1.60
2009.11.17 08:56:12.278,0.8439,0.8442,4.20,1.70
2009.11.17 08:56:12.558,0.8439,0.8442,4.00,1.70
2009.11.17 08:56:13.737,0.8439,0.8442,4.80,1.70
2009.11.17 08:56:13.858,0.8439,0.8442,5.00,1.70
2009.11.17 08:56:15.667,0.8439,0.8442,5.00,1.00
2009.11.17 08:56:17.217,0.8439,0.8442,2.50,2.60
2009.11.17 08:56:17.386,0.8439,0.8442,1.00,4.20
2009.11.17 08:56:18.597,0.84385,0.84415,9.00,1.00
2009.11.17 08:56:19.696,0.84385,0.8441,2.40,2.40
2009.11.17 08:56:19.906,0.8438,0.84405,1.00,1.60
2009.11.17 08:56:20.196,0.84375,0.84405,2.40,2.60
2009.11.17 08:56:20.436,0.8437,0.84405,6.60,13.00
2009.11.17 08:56:23.095,0.84365,0.8439,6.40,1.00
2009.11.17 08:56:23.266,0.84365,0.8439,4.80,1.00
2009.11.17 08:56:23.445,0.84365,0.84395,4.00,4.30
2009.11.17 08:56:23.565,0.84365,0.84395,4.00,3.40
2009.11.17 08:56:23.725,0.8437,0.84395,1.00,3.20
2009.11.17 08:56:24.755,0.8437,0.844,1.00,1.80
2009.11.17 08:56:25.085,0.8438,0.84405,1.00,3.20
2009.11.17 08:56:25.255,0.8438,0.84405,1.00,2.40
2009.11.17 08:56:25.485,0.8438,0.84405,1.70,2.40
2009.11.17 08:56:25.645,0.8438,0.8441,2.50,1.00
2009.11.17 08:56:25.825,0.8438,0.84415,2.50,13.40
2009.11.17 08:56:26.005,0.8438,0.8441,1.70,1.00
2009.11.17 08:56:28.264,0.8438,0.84415,2.50,13.40
2009.11.17 08:56:28.314,0.8438,0.84415,2.50,13.00
2009.11.17 08:56:28.824,0.84375,0.844,5.70,1.60
2009.11.17 08:56:28.934,0.84375,0.84405,5.70,8.10
2009.11.17 08:56:28.984,0.84375,0.84405,5.60,3.40
2009.11.17 08:56:29.104,0.84375,0.84405,4.80,2.60
2009.11.17 08:56:29.154,0.84375,0.84405,5.60,1.80
2009.11.17 08:56:29.264,0.8438,0.8441,1.00,13.10
2009.11.17 08:56:29.604,0.8438,0.8441,1.00,4.80
2009.11.17 08:56:29.993,0.8438,0.8441,1.00,1.00
2009.11.17 08:56:30.874,0.8438,0.8441,1.70,1.00
2009.11.17 08:56:32.103,0.8438,0.84415,2.50,13.40
2009.11.17 08:56:32.443,0.84375,0.84405,3.20,4.00
2009.11.17 08:56:32.793,0.8437,0.84405,5.00,10.40
2009.11.17 08:56:33.193,0.84365,0.844,5.00,4.00
2009.11.17 08:56:33.523,0.84365,0.844,3.30,10.40
2009.11.17 08:56:35.252,0.84365,0.84395,3.20,1.00
2009.11.17 08:56:35.662,0.84365,0.8439,1.00,4.00
2009.11.17 08:56:35.882,0.8436,0.8439,1.00,1.60
2009.11.17 08:56:36.162,0.8436,0.8439,1.00,8.00
2009.11.17 08:56:36.452,0.8436,0.8439,1.00,4.00
2009.11.17 08:56:36.972,0.8436,0.84395,1.00,12.00
2009.11.17 08:56:37.812,0.8436,0.84395,1.00,12.20
2009.11.17 08:56:40.891,0.8436,0.84395,1.00,12.00
2009.11.17 08:56:41.921,0.84355,0.8439,2.40,6.40
2009.11.17 08:56:42.101,0.84355,0.84385,2.40,4.00
2009.11.17 08:56:42.501,0.8435,0.84385,2.60,6.40
2009.11.17 08:56:42.840,0.8435,0.84385,2.60,10.40
2009.11.17 08:56:43.880,0.84355,0.84385,1.00,10.40
2009.11.17 08:56:44.000,0.84355,0.84385,3.20,6.40
2009.11.17 08:56:44.120,0.8436,0.8439,1.00,9.80
2009.11.17 08:56:44.240,0.8436,0.8439,1.00,5.80
2009.11.17 08:56:44.470,0.8436,0.8439,1.00,1.80
2009.11.17 08:56:46.730,0.84355,0.8439,7.40,1.80
2009.11.17 08:56:47.259,0.84355,0.8439,4.20,6.60
2009.11.17 08:56:47.609,0.84355,0.84385,2.60,6.40
2009.11.17 08:56:48.169,0.84365,0.84395,3.40,6.50
2009.11.17 08:56:48.519,0.84365,0.84395,3.20,6.50
2009.11.17 08:56:48.870,0.84365,0.84395,3.40,6.50
2009.11.17 08:56:50.109,0.84365,0.84395,4.20,6.50
2009.11.17 08:56:52.048,0.84365,0.84395,4.00,6.50
2009.11.17 08:56:52.278,0.84365,0.84395,4.20,4.10
2009.11.17 08:56:52.508,0.8437,0.84395,1.00,2.50
2009.11.17 08:56:52.738,0.8437,0.844,1.00,4.10
2009.11.17 08:56:52.958,0.8437,0.844,1.00,4.00
2009.11.17 08:56:53.588,0.8437,0.84405,1.00,12.20
2009.11.17 08:56:58.817,0.84365,0.84395,7.80,1.60
2009.11.17 08:56:59.046,0.84365,0.84395,7.90,1.60
2009.11.17 08:56:59.216,0.8436,0.84395,15.10,1.60
2009.11.17 08:56:59.386,0.8437,0.84395,1.00,1.60
2009.11.17 08:56:59.736,0.84365,0.84395,5.00,1.60
2009.11.17 08:57:00.266,0.8437,0.84395,1.00,6.40
2009.11.17 08:57:00.616,0.8437,0.84395,1.00,2.40
2009.11.17 08:57:01.256,0.8437,0.844,1.00,5.80
2009.11.17 08:57:01.906,0.84365,0.84395,7.50,1.00
2009.11.17 08:57:02.946,0.84365,0.84395,9.90,1.00
2009.11.17 08:57:03.056,0.84365,0.84395,12.30,1.00
2009.11.17 08:57:04.985,0.84365,0.84395,8.30,1.00
2009.11.17 08:57:05.045,0.84365,0.84395,12.30,1.00
2009.11.17 08:57:05.345,0.84365,0.84395,8.30,1.00
2009.11.17 08:57:05.695,0.84375,0.84395,1.60,1.00
2009.11.17 08:57:07.025,0.8437,0.84395,1.60,1.80
2009.11.17 08:57:07.695,0.84375,0.844,1.60,3.40
2009.11.17 08:57:11.244,0.84375,0.844,1.60,1.70
2009.11.17 08:57:11.484,0.8438,0.84405,1.60,12.20
2009.11.17 08:57:12.554,0.8438,0.84405,1.60,8.20
2009.11.17 08:57:15.143,0.8438,0.84405,1.60,8.90
2009.11.17 08:57:15.423,0.8438,0.84405,1.60,12.90
2009.11.17 08:57:16.462,0.8438,0.844,1.60,1.00
2009.11.17 08:57:16.902,0.8438,0.844,1.60,1.00
2009.11.17 08:57:17.242,0.84385,0.84405,1.60,13.10
2009.11.17 08:57:17.352,0.84385,0.84405,1.60,8.20
2009.11.17 08:57:20.611,0.84375,0.84405,1.60,8.70
2009.11.17 08:57:21.514,0.84375,0.844,1.60,1.00
2009.11.17 08:57:26.830,0.84385,0.84405,1.60,6.70
2009.11.17 08:57:28.740,0.84385,0.84405,1.60,6.40
2009.11.17 08:57:29.079,0.84385,0.84405,1.60,2.40
2009.11.17 08:57:29.300,0.84385,0.8441,1.60,9.80
2009.11.17 08:57:29.419,0.84385,0.8441,1.60,5.80
2009.11.17 08:57:30.709,0.8438,0.8441,1.60,11.10
2009.11.17 08:57:31.069,0.8438,0.844,1.60,1.80
2009.11.17 08:57:31.249,0.84375,0.844,2.40,1.80
2009.11.17 08:57:31.649,0.8437,0.844,4.10,1.80
2009.11.17 08:57:31.879,0.8437,0.844,1.70,1.80
2009.11.17 08:57:39.847,0.8437,0.84395,1.00,1.60
2009.11.17 08:57:40.077,0.8437,0.844,1.70,6.30
2009.11.17 08:57:40.247,0.8437,0.844,1.70,1.80
2009.11.17 08:57:46.015,0.8437,0.844,1.70,1.80
2009.11.17 08:57:52.084,0.8437,0.844,1.70,2.60
2009.11.17 08:57:53.493,0.8437,0.844,1.70,1.80
2009.11.17 08:57:55.083,0.8437,0.84395,1.60,1.00
2009.11.17 08:57:56.823,0.8437,0.844,1.70,1.80
2009.11.17 08:57:58.622,0.84375,0.844,1.60,1.80
2009.11.17 08:57:58.902,0.84375,0.844,1.60,5.80
2009.11.17 08:57:59.192,0.84375,0.844,1.60,1.80
2009.11.17 08:57:59.772,0.8437,0.844,1.70,1.80
2009.11.17 08:58:00.622,0.8437,0.844,2.50,1.80
2009.11.17 08:58:00.802,0.8438,0.844,1.60,1.00
2009.11.17 08:58:01.732,0.84385,0.84405,1.60,4.20
2009.11.17 08:58:06.670,0.84385,0.84405,1.60,1.80
2009.11.17 08:58:08.540,0.8438,0.84405,1.70,1.60
2009.11.17 08:58:08.890,0.8438,0.84405,1.60,1.80
2009.11.17 08:58:09.240,0.844,0.8441,1.60,5.60
2009.11.17 08:58:09.479,0.8438,0.84405,2.10,1.60
2009.11.17 08:58:09.650,0.8438,0.8441,2.40,4.40
2009.11.17 08:58:09.880,0.8438,0.8441,2.40,4.00
2009.11.17 08:58:10.049,0.84385,0.8441,1.60,4.00
2009.11.17 08:58:10.579,0.84385,0.84415,1.60,8.00
2009.11.17 08:58:10.919,0.84385,0.84415,1.60,4.00
2009.11.17 08:58:12.369,0.84385,0.84415,1.60,4.80
2009.11.17 08:58:12.599,0.8438,0.8441,3.30,1.60
2009.11.17 08:58:12.829,0.8438,0.8441,1.00,1.60
2009.11.17 08:58:13.459,0.8438,0.8441,1.00,1.80
2009.11.17 08:58:15.118,0.8438,0.8441,1.00,1.60
2009.11.17 08:58:21.577,0.8438,0.8441,1.00,2.40
2009.11.17 08:58:21.817,0.84375,0.84405,5.70,1.60
2009.11.17 08:58:23.756,0.8438,0.8441,1.00,7.40
2009.11.17 08:58:23.986,0.84375,0.8441,9.90,3.40
2009.11.17 08:58:24.266,0.84375,0.8441,8.30,5.00
2009.11.17 08:58:24.496,0.8438,0.8441,1.00,5.00
2009.11.17 08:58:24.726,0.8438,0.8441,1.00,3.40
2009.11.17 08:58:32.964,0.8438,0.84405,1.00,1.60
2009.11.17 08:58:33.244,0.84375,0.84405,5.70,1.60
2009.11.17 08:58:37.783,0.8438,0.84405,1.00,1.60
2009.11.17 08:58:46.920,0.84375,0.84405,3.30,1.60
2009.11.17 08:58:49.450,0.84375,0.84405,3.20,1.70
2009.11.17 08:58:49.610,0.84375,0.84405,2.40,1.80
2009.11.17 08:58:49.790,0.84375,0.84405,3.20,1.80
2009.11.17 08:58:50.140,0.8438,0.8441,1.00,5.80
2009.11.17 08:58:59.908,0.84375,0.8441,10.10,3.40
2009.11.17 08:59:03.556,0.8438,0.8441,2.50,3.40
2009.11.17 08:59:04.696,0.8438,0.8441,2.50,1.80
2009.11.17 08:59:06.346,0.8438,0.8441,2.50,3.40
2009.11.17 08:59:06.746,0.84385,0.8441,1.00,1.60
2009.11.17 08:59:06.966,0.84385,0.84415,1.00,15.10
2009.11.17 08:59:07.316,0.8438,0.8441,2.50,1.80
2009.11.17 08:59:07.656,0.84385,0.84415,2.40,6.50
2009.11.17 08:59:08.006,0.84385,0.8442,4.80,9.90
2009.11.17 08:59:08.355,0.84385,0.84415,9.00,1.00
2009.11.17 08:59:08.705,0.84385,0.84415,7.40,1.00
2009.11.17 08:59:09.045,0.84385,0.8442,7.40,4.90
2009.11.17 08:59:09.615,0.8439,0.8442,1.00,4.90
2009.11.17 08:59:12.104,0.84385,0.84415,7.40,1.00
2009.11.17 08:59:12.325,0.8439,0.8442,1.00,4.90
2009.11.17 08:59:12.564,0.8439,0.8442,1.00,2.40
2009.11.17 08:59:13.944,0.8439,0.84425,1.00,12.20
2009.11.17 08:59:14.344,0.8439,0.8442,1.00,1.00
2009.11.17 08:59:14.694,0.8439,0.8442,3.20,1.00
2009.11.17 08:59:18.113,0.84395,0.8442,1.00,3.40
2009.11.17 08:59:18.463,0.8441,0.84425,1.60,6.50
2009.11.17 08:59:18.813,0.84405,0.84425,1.60,2.50
2009.11.17 08:59:20.692,0.8441,0.8443,1.60,5.80
2009.11.17 08:59:21.722,0.8441,0.8443,2.40,4.10
2009.11.17 08:59:22.012,0.84415,0.84435,1.60,6.50
2009.11.17 08:59:25.911,0.84415,0.84435,2.40,6.50
2009.11.17 08:59:26.251,0.84415,0.8444,1.60,9.60
2009.11.17 08:59:26.491,0.84425,0.8444,1.60,4.00
2009.11.17 08:59:29.001,0.84425,0.8444,1.60,5.60
2009.11.17 08:59:29.230,0.8442,0.8444,1.60,5.60
2009.11.17 08:59:29.790,0.8442,0.84435,1.60,1.60
2009.11.17 08:59:29.950,0.84415,0.84435,1.60,1.60
2009.11.17 08:59:30.530,0.84415,0.84435,1.60,4.00
2009.11.17 08:59:31.160,0.84415,0.84435,1.60,4.10
2009.11.17 08:59:31.490,0.84415,0.84435,1.60,6.60
2009.11.17 08:59:31.840,0.84405,0.84435,1.60,6.60
2009.11.17 08:59:32.190,0.84405,0.84435,2.40,4.00
2009.11.17 08:59:32.540,0.84405,0.84435,6.40,4.00
2009.11.17 08:59:33.109,0.84405,0.84435,6.40,4.10
2009.11.17 08:59:33.839,0.84405,0.84435,8.00,4.10
2009.11.17 08:59:34.179,0.84415,0.84435,1.60,4.00
2009.11.17 08:59:35.509,0.84425,0.84435,1.60,4.00
2009.11.17 08:59:35.679,0.84425,0.84435,1.60,2.40
2009.11.17 08:59:35.799,0.8443,0.84435,1.60,2.40
2009.11.17 08:59:35.919,0.8443,0.84445,1.60,6.50
2009.11.17 08:59:37.939,0.8444,0.84445,1.60,6.40
2009.11.17 08:59:38.638,0.84425,0.84445,1.60,6.40
2009.11.17 08:59:38.938,0.84435,0.84445,1.60,6.40
2009.11.17 08:59:39.568,0.84435,0.84445,1.60,8.20
2009.11.17 08:59:39.848,0.84415,0.84445,1.70,8.20
2009.11.17 08:59:40.118,0.8441,0.8444,3.40,1.80
2009.11.17 08:59:40.888,0.8441,0.8444,2.50,4.20
2009.11.17 08:59:41.118,0.84425,0.8444,1.60,5.80
2009.11.17 08:59:41.517,0.84425,0.84435,1.60,5.80
2009.11.17 08:59:41.737,0.844,0.8442,7.20,1.60
2009.11.17 08:59:42.077,0.8439,0.84415,1.60,1.00
2009.11.17 08:59:42.487,0.844,0.84415,1.60,1.00
2009.11.17 08:59:43.167,0.84395,0.84415,1.60,1.00
2009.11.17 08:59:44.197,0.84405,0.84425,1.60,12.20
2009.11.17 08:59:44.537,0.84405,0.84425,1.60,2.50
2009.11.17 08:59:45.457,0.8441,0.84425,1.60,2.50
2009.11.17 08:59:45.846,0.84415,0.84425,1.60,2.40
2009.11.17 08:59:46.416,0.844,0.84425,1.00,1.60
2009.11.17 08:59:46.756,0.844,0.8443,2.90,4.10
2009.11.17 08:59:47.106,0.84405,0.8443,1.60,5.80
2009.11.17 08:59:47.456,0.84405,0.8443,1.60,1.80
2009.11.17 08:59:48.996,0.84415,0.84435,1.60,6.50
2009.11.17 08:59:49.356,0.84415,0.8444,1.60,1.80
2009.11.17 08:59:50.865,0.84425,0.8444,1.60,1.80
2009.11.17 08:59:51.265,0.84425,0.8444,1.60,1.00
2009.11.17 08:59:52.815,0.8443,0.8444,1.60,1.00
2009.11.17 08:59:53.164,0.8442,0.8444,1.60,1.00
2009.11.17 08:59:53.514,0.8441,0.84435,1.60,4.90
2009.11.17 08:59:53.864,0.84405,0.84435,6.40,6.50
2009.11.17 08:59:54.164,0.84405,0.84435,2.40,6.50
2009.11.17 08:59:55.464,0.8441,0.84435,1.00,6.50
2009.11.17 08:59:55.754,0.84425,0.84435,1.60,2.40
2009.11.17 08:59:56.074,0.84425,0.84445,1.60,12.20
2009.11.17 08:59:56.364,0.84415,0.84445,2.40,8.20
2009.11.17 08:59:56.694,0.84415,0.8444,2.40,1.60
2009.11.17 08:59:57.794,0.84415,0.8444,1.60,1.60
2009.11.17 08:59:58.154,0.84405,0.84425,7.20,3.20
2009.11.17 08:59:58.493,0.84405,0.8442,1.00,1.60
2009.11.17 08:59:58.824,0.84395,0.8442,1.00,5.60
2009.11.17 08:59:59.123,0.84385,0.84415,1.00,6.40
2009.11.17 08:59:59.413,0.8439,0.84415,1.00,2.40
2009.11.17 08:59:59.653,0.8439,0.8442,1.00,5.80
