2012.04.26 08:00:00.445,0.82666,0.8268,1.58,2.93
2012.04.26 08:00:00.645,0.82666,0.8268,1.58,2.18
2012.04.26 08:00:00.714,0.82666,0.82682,1.58,4.28
2012.04.26 08:00:00.787,0.82666,0.82679,1.58,1.35
2012.04.26 08:00:01.825,0.82665,0.82679,1.58,2.18
2012.04.26 08:00:02.136,0.82667,0.82679,3.15,2.18
2012.04.26 08:00:02.453,0.82669,0.8268,1.58,2.18
2012.04.26 08:00:02.524,0.82671,0.82684,1.58,1.50
2012.04.26 08:00:08.549,0.82666,0.82682,3.08,2.78
2012.04.26 08:00:08.797,0.82666,0.82683,2.33,2.33
2012.04.26 08:00:08.985,0.82668,0.82685,1.58,3.08
2012.04.26 08:00:09.552,0.82668,0.82687,2.33,2.10
2012.04.26 08:00:12.125,0.82671,0.82688,1.58,4.50
2012.04.26 08:00:12.437,0.82674,0.82691,1.58,2.55
2012.04.26 08:00:12.565,0.82678,0.82693,1.58,4.43
2012.04.26 08:00:12.757,0.82678,0.82696,1.58,1.50
2012.04.26 08:00:13.007,0.82681,0.82696,1.58,1.50
2012.04.26 08:00:13.078,0.82678,0.82696,4.50,1.50
2012.04.26 08:00:13.576,0.82678,0.82694,2.93,1.58
2012.04.26 08:00:14.388,0.82676,0.82694,3.08,1.58
2012.04.26 08:00:14.907,0.82676,0.82695,2.33,2.33
2012.04.26 08:00:15.467,0.82675,0.82694,1.05,2.93
2012.04.26 08:00:15.542,0.82675,0.8269,1.58,1.58
2012.04.26 08:00:16.675,0.82673,0.82689,1.50,1.58
2012.04.26 08:00:16.865,0.82674,0.82691,2.33,3.15
2012.04.26 08:00:18.604,0.82675,0.82693,1.58,3.90
2012.04.26 08:00:18.675,0.82675,0.8269,1.58,2.18
2012.04.26 08:00:19.627,0.82678,0.8269,1.58,2.18
2012.04.26 08:00:20.042,0.8268,0.82696,1.58,2.25
2012.04.26 08:00:20.117,0.82677,0.82693,1.58,1.58
2012.04.26 08:00:21.595,0.82678,0.82696,1.58,4.65
2012.04.26 08:00:21.785,0.82681,0.82696,1.58,2.33
2012.04.26 08:00:22.095,0.82679,0.82694,1.58,1.58
2012.04.26 08:00:22.524,0.82676,0.82693,3.15,1.58
2012.04.26 08:00:22.755,0.82678,0.82695,1.58,1.58
2012.04.26 08:00:23.107,0.82681,0.82696,1.58,3.83
2012.04.26 08:00:23.176,0.82681,0.82696,1.58,3.08
2012.04.26 08:00:23.679,0.82682,0.82699,1.58,3.08
2012.04.26 08:00:25.254,0.82685,0.82699,1.58,1.50
2012.04.26 08:00:25.915,0.8268,0.82697,1.58,2.33
2012.04.26 08:00:25.985,0.82679,0.82694,1.58,1.58
2012.04.26 08:00:26.604,0.8268,0.82697,1.58,3.90
2012.04.26 08:00:26.954,0.82683,0.82698,1.58,3.08
2012.04.26 08:00:29.505,0.82685,0.82699,1.58,2.10
2012.04.26 08:00:29.706,0.82682,0.82699,1.58,3.68
2012.04.26 08:00:31.694,0.82685,0.82699,1.58,2.10
2012.04.26 08:00:32.486,0.82683,0.82698,1.58,2.33
2012.04.26 08:00:34.095,0.82683,0.82701,2.33,9.15
2012.04.26 08:00:34.298,0.82686,0.82701,2.33,8.33
2012.04.26 08:00:34.605,0.82689,0.82701,1.58,5.25
2012.04.26 08:00:35.127,0.82687,0.82702,3.15,1.25
2012.04.26 08:00:35.205,0.8269,0.82705,1.58,2.33
2012.04.26 08:00:36.295,0.82691,0.82707,1.58,3.68
2012.04.26 08:00:36.365,0.82689,0.82706,1.58,4.50
2012.04.26 08:00:36.700,0.82687,0.82704,2.33,2.33
2012.04.26 08:00:36.948,0.82689,0.82705,1.58,2.33
2012.04.26 08:00:37.408,0.82689,0.82706,1.58,3.75
2012.04.26 08:00:37.895,0.82691,0.82708,1.58,3.90
2012.04.26 08:00:38.026,0.82689,0.82706,3.90,1.58
2012.04.26 08:00:38.276,0.82688,0.82703,2.33,1.58
2012.04.26 08:00:38.861,0.82692,0.82704,1.58,1.35
2012.04.26 08:00:38.925,0.82689,0.82704,3.15,1.35
2012.04.26 08:00:40.616,0.82692,0.82704,1.58,1.35
2012.04.26 08:00:42.375,0.82687,0.82703,2.33,1.58
2012.04.26 08:00:42.915,0.82685,0.82702,2.33,1.58
2012.04.26 08:00:42.989,0.82685,0.82701,1.58,2.93
2012.04.26 08:00:43.384,0.82685,0.82701,1.58,2.18
2012.04.26 08:00:46.465,0.82686,0.82701,1.58,2.18
2012.04.26 08:00:46.535,0.82688,0.82701,1.58,2.18
2012.04.26 08:00:47.123,0.8269,0.82703,1.58,1.58
2012.04.26 08:00:47.328,0.82692,0.82706,1.58,1.58
2012.04.26 08:00:47.397,0.82688,0.82705,3.08,3.75
2012.04.26 08:00:47.835,0.82691,0.82706,1.58,3.15
2012.04.26 08:00:48.285,0.82693,0.82708,1.58,1.73
2012.04.26 08:00:48.644,0.8269,0.82707,2.33,1.58
2012.04.26 08:00:48.715,0.82694,0.82709,1.58,4.20
2012.04.26 08:00:49.527,0.82694,0.82709,1.58,2.33
2012.04.26 08:00:50.121,0.82693,0.8271,1.58,2.33
2012.04.26 08:00:51.767,0.82693,0.82708,1.58,2.18
2012.04.26 08:00:52.134,0.82691,0.82708,1.58,3.75
2012.04.26 08:00:52.204,0.82691,0.82706,1.58,2.18
2012.04.26 08:00:52.335,0.82689,0.82706,3.90,3.75
2012.04.26 08:00:52.884,0.82691,0.82706,1.58,2.18
2012.04.26 08:00:53.194,0.82694,0.82708,1.58,3.53
2012.04.26 08:00:53.325,0.82691,0.82706,3.15,2.93
2012.04.26 08:00:53.396,0.82691,0.82706,1.58,3.68
2012.04.26 08:00:53.601,0.82688,0.82705,1.58,2.33
2012.04.26 08:00:54.705,0.82688,0.82705,1.58,3.75
2012.04.26 08:00:54.896,0.82692,0.82707,1.58,2.93
2012.04.26 08:00:55.271,0.82694,0.82707,1.58,1.35
2012.04.26 08:00:55.805,0.82694,0.82706,1.58,2.10
2012.04.26 08:00:55.937,0.82687,0.82699,1.50,2.33
2012.04.26 08:00:56.065,0.82682,0.82697,2.33,1.58
2012.04.26 08:00:57.384,0.82683,0.827,1.58,1.58
2012.04.26 08:01:01.215,0.82683,0.827,2.33,1.58
2012.04.26 08:01:01.783,0.82685,0.82701,1.58,1.58
2012.04.26 08:01:02.674,0.82684,0.82699,2.33,1.58
2012.04.26 08:01:06.793,0.82682,0.82698,1.50,1.58
2012.04.26 08:01:07.427,0.82682,0.82698,1.50,1.58
2012.04.26 08:01:07.636,0.82683,0.827,1.58,3.15
2012.04.26 08:01:08.153,0.82685,0.82702,1.58,1.58
2012.04.26 08:01:09.625,0.82686,0.82702,1.58,1.58
2012.04.26 08:01:10.002,0.82688,0.82703,1.58,2.33
2012.04.26 08:01:12.523,0.82686,0.82701,3.15,1.58
2012.04.26 08:01:13.879,0.82685,0.82701,1.58,1.58
2012.04.26 08:01:14.005,0.82686,0.82703,1.58,3.90
2012.04.26 08:01:20.048,0.82687,0.82703,1.58,1.58
2012.04.26 08:01:20.118,0.82689,0.82704,1.58,2.33
2012.04.26 08:01:20.560,0.82693,0.82708,1.58,2.93
2012.04.26 08:01:21.413,0.82693,0.82708,1.58,2.33
2012.04.26 08:01:21.544,0.82695,0.82709,1.58,1.50
2012.04.26 08:01:22.294,0.82695,0.8271,1.58,1.50
2012.04.26 08:01:22.426,0.82693,0.82709,1.58,2.78
2012.04.26 08:01:24.561,0.82693,0.82709,1.58,2.18
2012.04.26 08:01:25.163,0.82693,0.82709,1.58,2.93
2012.04.26 08:01:25.696,0.82693,0.82709,1.58,2.18
2012.04.26 08:01:25.906,0.82692,0.82707,1.58,1.58
2012.04.26 08:01:26.334,0.82688,0.82705,1.58,1.58
2012.04.26 08:01:26.406,0.82687,0.82703,1.58,1.58
2012.04.26 08:01:26.924,0.82688,0.82705,1.58,1.58
2012.04.26 08:01:27.628,0.82691,0.82706,1.58,3.75
2012.04.26 08:01:28.427,0.82693,0.82707,1.58,2.93
2012.04.26 08:01:29.185,0.8269,0.82707,1.58,2.33
2012.04.26 08:01:29.434,0.82693,0.82708,1.58,2.33
2012.04.26 08:01:29.925,0.82693,0.82707,1.58,1.35
2012.04.26 08:01:30.174,0.82689,0.82704,2.33,4.50
2012.04.26 08:01:30.246,0.82691,0.82704,1.58,2.93
2012.04.26 08:01:30.437,0.82687,0.82702,1.58,2.33
2012.04.26 08:01:30.504,0.82685,0.82701,2.33,1.58
2012.04.26 08:01:31.826,0.82687,0.82703,1.58,2.93
2012.04.26 08:01:32.480,0.82688,0.82703,1.58,4.50
2012.04.26 08:01:35.544,0.82686,0.82701,1.58,1.58
2012.04.26 08:01:35.916,0.82683,0.827,2.33,2.33
2012.04.26 08:01:38.348,0.82686,0.82701,1.58,3.08
2012.04.26 08:01:41.435,0.82686,0.827,1.58,1.35
2012.04.26 08:01:41.687,0.82681,0.82698,1.58,3.75
2012.04.26 08:01:42.243,0.8268,0.82697,1.58,1.58
2012.04.26 08:01:43.443,0.82682,0.82698,1.58,1.58
2012.04.26 08:01:43.952,0.82682,0.82699,1.58,2.33
2012.04.26 08:01:44.531,0.82682,0.82698,1.58,1.58
2012.04.26 08:01:44.596,0.82679,0.82696,2.33,1.58
2012.04.26 08:01:45.028,0.82682,0.82697,1.58,1.58
2012.04.26 08:01:45.096,0.8268,0.82696,1.58,1.58
2012.04.26 08:01:45.343,0.82678,0.82694,1.50,1.58
2012.04.26 08:01:45.414,0.82678,0.82696,3.08,1.58
2012.04.26 08:01:46.172,0.82678,0.82696,2.33,1.58
2012.04.26 08:01:46.956,0.82677,0.82694,3.08,1.58
2012.04.26 08:01:47.207,0.82679,0.82696,1.58,1.58
2012.04.26 08:01:47.820,0.82682,0.82697,1.58,1.58
2012.04.26 08:01:48.125,0.82683,0.827,1.58,4.58
2012.04.26 08:01:48.764,0.82683,0.827,1.58,3.83
2012.04.26 08:01:49.085,0.82681,0.82698,1.58,1.58
2012.04.26 08:01:49.426,0.82683,0.827,1.58,3.83
2012.04.26 08:01:49.909,0.82682,0.82697,1.58,1.58
2012.04.26 08:01:50.069,0.82683,0.827,1.58,5.40
2012.04.26 08:01:50.615,0.82681,0.82698,3.90,1.58
2012.04.26 08:01:50.745,0.82685,0.82702,1.58,1.58
2012.04.26 08:01:50.816,0.82683,0.827,3.15,2.33
2012.04.26 08:01:51.135,0.82679,0.82696,1.58,1.58
2012.04.26 08:01:51.579,0.82676,0.8269,1.13,1.58
2012.04.26 08:01:51.776,0.82677,0.82692,2.33,1.58
2012.04.26 08:01:51.846,0.82678,0.82695,1.58,2.33
2012.04.26 08:01:52.348,0.82678,0.82695,1.58,2.33
2012.04.26 08:01:52.655,0.82681,0.82696,1.58,2.33
2012.04.26 08:01:53.916,0.82682,0.82697,1.58,1.50
2012.04.26 08:01:54.052,0.82682,0.82698,1.58,1.50
2012.04.26 08:01:54.126,0.8268,0.82697,1.58,2.33
2012.04.26 08:01:54.810,0.82677,0.82694,2.33,1.58
2012.04.26 08:01:55.403,0.82677,0.82694,1.58,2.33
2012.04.26 08:01:55.717,0.82676,0.82691,1.58,1.58
2012.04.26 08:01:56.034,0.82674,0.82689,1.58,1.58
2012.04.26 08:01:56.534,0.82671,0.82688,3.08,1.58
2012.04.26 08:01:57.087,0.82674,0.82686,1.58,1.50
2012.04.26 08:01:57.217,0.8267,0.82681,1.50,1.58
2012.04.26 08:01:57.351,0.82667,0.82678,2.10,1.58
2012.04.26 08:01:57.791,0.82668,0.82684,2.33,2.33
2012.04.26 08:01:58.064,0.82667,0.82682,2.33,1.58
2012.04.26 08:01:59.105,0.82667,0.82685,2.33,3.08
2012.04.26 08:02:00.069,0.82667,0.82683,2.33,1.35
2012.04.26 08:02:00.377,0.82663,0.8268,1.58,1.58
2012.04.26 08:02:00.987,0.82663,0.82678,1.58,1.58
2012.04.26 08:02:01.245,0.8266,0.82677,3.08,1.58
2012.04.26 08:02:01.317,0.82665,0.82682,1.58,2.33
2012.04.26 08:02:01.876,0.82665,0.82682,1.58,2.33
2012.04.26 08:02:03.008,0.82664,0.82679,3.15,1.58
2012.04.26 08:02:04.791,0.82661,0.82678,3.15,1.58
2012.04.26 08:02:05.553,0.8266,0.82677,1.50,1.58
2012.04.26 08:02:05.745,0.82662,0.82677,1.58,1.58
2012.04.26 08:02:05.815,0.8266,0.82677,1.50,1.58
2012.04.26 08:02:06.064,0.82662,0.82679,1.58,3.90
2012.04.26 08:02:06.683,0.82663,0.82678,1.58,2.33
2012.04.26 08:02:07.125,0.82661,0.82677,1.58,1.58
2012.04.26 08:02:07.198,0.8266,0.82675,3.08,2.33
2012.04.26 08:02:07.506,0.8266,0.82673,2.33,3.53
2012.04.26 08:02:07.580,0.82655,0.82669,1.58,1.58
2012.04.26 08:02:07.959,0.8265,0.82665,2.33,1.58
2012.04.26 08:02:08.278,0.82651,0.82658,1.58,2.18
2012.04.26 08:02:08.348,0.82646,0.82658,2.33,2.18
2012.04.26 08:02:08.479,0.82644,0.82658,1.73,2.18
2012.04.26 08:02:08.547,0.82642,0.82655,2.78,2.18
2012.04.26 08:02:08.739,0.82641,0.82656,3.90,4.50
2012.04.26 08:02:08.927,0.82642,0.82656,1.58,2.93
2012.04.26 08:02:09.375,0.82645,0.82656,1.58,2.93
2012.04.26 08:02:09.776,0.82649,0.82656,1.58,2.18
2012.04.26 08:02:09.846,0.82649,0.82659,1.58,1.50
2012.04.26 08:02:10.405,0.8265,0.82663,1.58,2.10
2012.04.26 08:02:10.893,0.82652,0.82663,1.58,2.85
2012.04.26 08:02:11.397,0.82651,0.82663,1.58,2.10
2012.04.26 08:02:12.878,0.82649,0.82663,1.58,2.85
2012.04.26 08:02:13.185,0.82646,0.82661,1.58,2.33
2012.04.26 08:02:13.254,0.82648,0.82663,1.58,4.43
2012.04.26 08:02:13.685,0.82646,0.82662,1.58,2.33
2012.04.26 08:02:14.264,0.82645,0.82659,1.58,1.50
2012.04.26 08:02:16.254,0.82645,0.8266,1.58,2.93
2012.04.26 08:02:19.946,0.82646,0.8266,1.58,2.93
2012.04.26 08:02:20.474,0.82647,0.8266,1.58,2.93
2012.04.26 08:02:22.967,0.82647,0.82659,1.58,1.50
2012.04.26 08:02:23.187,0.82644,0.82659,1.58,1.50
2012.04.26 08:02:23.605,0.82647,0.82659,1.58,1.50
2012.04.26 08:02:24.147,0.82644,0.82659,1.58,1.50
2012.04.26 08:02:27.728,0.82642,0.82658,1.58,2.10
2012.04.26 08:02:27.795,0.8264,0.82657,1.58,2.33
2012.04.26 08:02:27.926,0.82638,0.82656,1.58,3.08
2012.04.26 08:02:28.237,0.82639,0.82656,1.58,2.33
2012.04.26 08:02:28.307,0.82641,0.82658,3.15,2.93
2012.04.26 08:02:28.656,0.82644,0.82658,1.58,1.35
2012.04.26 08:02:28.966,0.82644,0.82652,1.58,2.78
2012.04.26 08:02:29.043,0.82641,0.82652,1.58,2.78
2012.04.26 08:02:29.117,0.82636,0.82652,1.58,2.78
2012.04.26 08:02:29.248,0.82639,0.82654,1.58,4.43
2012.04.26 08:02:29.557,0.82642,0.82654,1.58,2.85
2012.04.26 08:02:29.625,0.82642,0.82655,1.58,1.35
2012.04.26 08:02:30.128,0.82639,0.82654,1.58,1.35
2012.04.26 08:02:30.634,0.82639,0.82652,1.58,2.18
2012.04.26 08:02:31.044,0.82637,0.82652,1.58,2.18
2012.04.26 08:02:32.246,0.82637,0.8265,1.58,2.18
2012.04.26 08:02:32.314,0.82635,0.8265,1.58,2.18
2012.04.26 08:02:32.384,0.82635,0.82652,3.15,3.75
2012.04.26 08:02:32.454,0.82638,0.82652,1.58,2.18
2012.04.26 08:02:33.634,0.82638,0.82652,1.58,2.93
2012.04.26 08:02:34.184,0.82635,0.8265,1.58,2.93
2012.04.26 08:02:37.035,0.82637,0.82652,1.58,3.68
2012.04.26 08:02:37.164,0.82637,0.82652,1.58,2.18
2012.04.26 08:02:37.474,0.82635,0.82652,3.15,4.50
2012.04.26 08:02:39.856,0.82637,0.82652,1.58,2.93
2012.04.26 08:02:40.166,0.82642,0.82656,1.58,4.28
2012.04.26 08:02:40.356,0.8264,0.82655,1.58,2.93
2012.04.26 08:02:40.426,0.82638,0.82655,1.58,2.18
2012.04.26 08:02:40.676,0.82639,0.82655,1.58,1.35
2012.04.26 08:02:41.044,0.82637,0.82654,1.58,2.33
2012.04.26 08:02:41.817,0.82636,0.82652,1.58,1.58
2012.04.26 08:02:42.066,0.82635,0.82651,1.58,1.50
2012.04.26 08:02:42.254,0.82633,0.8265,3.75,2.33
2012.04.26 08:02:42.385,0.82635,0.82651,1.58,2.33
2012.04.26 08:02:42.694,0.82634,0.82649,1.58,1.58
2012.04.26 08:02:43.804,0.82632,0.82648,1.58,1.58
2012.04.26 08:02:44.154,0.82631,0.82648,2.33,2.93
2012.04.26 08:02:44.286,0.82631,0.82648,2.33,2.33
2012.04.26 08:02:44.773,0.82636,0.82651,1.58,3.08
2012.04.26 08:02:45.330,0.82634,0.82649,1.58,1.58
2012.04.26 08:02:46.576,0.82632,0.82647,1.58,1.58
2012.04.26 08:02:47.325,0.82635,0.82649,1.58,1.58
2012.04.26 08:02:47.990,0.82635,0.82651,1.58,1.50
2012.04.26 08:02:48.515,0.82634,0.82649,1.58,3.90
2012.04.26 08:02:48.586,0.82632,0.82647,1.58,1.58
2012.04.26 08:02:48.846,0.82634,0.82649,1.58,1.58
2012.04.26 08:02:49.720,0.82632,0.82648,1.58,1.58
2012.04.26 08:02:50.322,0.82631,0.82648,2.33,1.58
2012.04.26 08:02:54.496,0.82634,0.82649,1.58,1.58
2012.04.26 08:02:55.435,0.82631,0.82648,5.25,1.58
2012.04.26 08:02:55.806,0.82633,0.8265,1.58,1.58
2012.04.26 08:02:56.124,0.82635,0.82651,1.58,2.33
2012.04.26 08:02:56.728,0.82635,0.82651,1.58,3.08
2012.04.26 08:02:57.315,0.82635,0.82651,1.58,2.33
2012.04.26 08:02:57.385,0.82635,0.82651,1.58,3.08
2012.04.26 08:02:58.375,0.82635,0.82651,1.58,2.33
2012.04.26 08:02:59.034,0.82637,0.82652,1.58,1.58
2012.04.26 08:03:04.067,0.82639,0.82654,1.58,1.58
2012.04.26 08:03:04.689,0.82637,0.82652,3.15,1.58
2012.04.26 08:03:06.086,0.82639,0.82654,1.58,1.58
2012.04.26 08:03:06.300,0.8264,0.82656,1.58,1.58
2012.04.26 08:03:06.551,0.82638,0.82655,1.58,1.58
2012.04.26 08:03:06.615,0.82638,0.82655,1.58,2.33
2012.04.26 08:03:08.710,0.82638,0.82655,1.58,1.58
2012.04.26 08:03:09.245,0.82638,0.82655,1.58,2.33
2012.04.26 08:03:09.765,0.82637,0.82654,1.58,1.58
2012.04.26 08:03:09.896,0.82636,0.82651,2.33,1.58
2012.04.26 08:03:13.245,0.82634,0.8265,2.33,1.58
2012.04.26 08:03:13.755,0.82634,0.8265,2.33,1.58
2012.04.26 08:03:13.971,0.82635,0.82652,2.33,1.58
2012.04.26 08:03:15.434,0.82638,0.82653,1.58,1.58
2012.04.26 08:03:15.879,0.82636,0.82651,1.58,1.58
2012.04.26 08:03:16.818,0.82638,0.82653,1.58,1.58
2012.04.26 08:03:17.946,0.82635,0.82653,2.33,1.58
2012.04.26 08:03:19.067,0.82637,0.82654,1.58,3.15
2012.04.26 08:03:19.492,0.8264,0.82655,1.58,2.33
2012.04.26 08:03:20.017,0.82638,0.82658,2.93,1.35
2012.04.26 08:03:20.204,0.82638,0.82661,2.93,2.10
2012.04.26 08:03:20.460,0.8264,0.82662,1.50,1.35
2012.04.26 08:03:21.916,0.82641,0.82663,2.93,1.35
2012.04.26 08:03:22.904,0.82642,0.82664,2.93,3.60
2012.04.26 08:03:24.185,0.8264,0.82663,3.68,1.35
2012.04.26 08:03:25.971,0.8264,0.82664,4.28,1.50
2012.04.26 08:03:28.167,0.8264,0.82663,3.68,1.35
2012.04.26 08:03:28.234,0.8264,0.82661,1.50,2.18
2012.04.26 08:03:28.544,0.82638,0.82654,2.93,1.58
2012.04.26 08:03:29.185,0.82639,0.82655,1.58,1.58
2012.04.26 08:03:29.780,0.82639,0.82656,1.58,1.58
2012.04.26 08:03:30.120,0.82638,0.82653,3.90,1.58
2012.04.26 08:03:33.626,0.82634,0.82651,3.08,1.58
2012.04.26 08:03:34.169,0.82634,0.82651,3.08,1.58
2012.04.26 08:03:38.585,0.82634,0.8265,3.08,1.58
2012.04.26 08:03:38.654,0.82634,0.82648,1.50,1.58
2012.04.26 08:03:38.975,0.82634,0.82651,3.08,1.58
2012.04.26 08:03:39.935,0.82634,0.8265,3.08,1.58
2012.04.26 08:03:40.005,0.82634,0.82648,1.50,1.58
2012.04.26 08:03:40.424,0.82634,0.82651,3.08,1.58
2012.04.26 08:03:42.614,0.82636,0.82653,1.58,2.18
2012.04.26 08:03:42.922,0.82634,0.82651,3.08,1.58
2012.04.26 08:03:43.407,0.82636,0.82653,1.58,1.58
2012.04.26 08:03:43.713,0.82638,0.82655,1.58,3.75
2012.04.26 08:03:44.024,0.82636,0.82653,1.58,1.58
2012.04.26 08:03:46.274,0.82637,0.82653,1.58,1.58
2012.04.26 08:03:46.880,0.82637,0.82652,1.58,1.58
2012.04.26 08:03:51.045,0.82635,0.8265,2.33,1.58
2012.04.26 08:03:55.067,0.82638,0.82652,1.58,1.58
2012.04.26 08:03:55.546,0.8264,0.82654,1.58,2.93
2012.04.26 08:03:55.746,0.82637,0.82654,1.58,3.75
2012.04.26 08:03:56.875,0.8264,0.82654,1.58,2.18
2012.04.26 08:03:57.875,0.82637,0.82654,1.58,3.75
2012.04.26 08:03:58.667,0.82639,0.82654,1.58,2.18
2012.04.26 08:03:59.455,0.82638,0.82653,1.58,1.58
2012.04.26 08:03:59.765,0.82643,0.82658,1.58,1.73
2012.04.26 08:04:00.077,0.82638,0.82655,2.33,2.18
2012.04.26 08:04:00.265,0.82636,0.82653,3.08,1.58
2012.04.26 08:04:00.524,0.82639,0.82654,1.58,1.58
2012.04.26 08:04:02.290,0.82642,0.82657,1.50,2.33
2012.04.26 08:04:02.600,0.82652,0.82662,1.58,2.93
2012.04.26 08:04:02.876,0.82646,0.82663,3.75,1.58
2012.04.26 08:04:03.125,0.82645,0.8266,1.58,1.58
2012.04.26 08:04:03.318,0.82646,0.82663,1.58,4.50
2012.04.26 08:04:03.964,0.82647,0.82662,1.58,1.58
2012.04.26 08:04:04.095,0.82645,0.8266,1.58,1.58
2012.04.26 08:04:04.694,0.82642,0.82657,3.08,1.58
2012.04.26 08:04:04.826,0.82643,0.8266,1.58,1.58
2012.04.26 08:04:04.895,0.82645,0.82662,1.58,1.58
2012.04.26 08:04:05.207,0.82643,0.8266,1.58,3.75
2012.04.26 08:04:05.514,0.82642,0.82657,2.33,1.58
2012.04.26 08:04:06.176,0.82644,0.8266,1.58,2.93
2012.04.26 08:04:06.666,0.82643,0.82658,3.15,1.58
2012.04.26 08:04:10.215,0.82645,0.8266,1.58,2.33
2012.04.26 08:04:11.106,0.82642,0.82659,2.33,1.58
2012.04.26 08:04:13.025,0.82644,0.82661,1.58,3.90
2012.04.26 08:04:14.728,0.82644,0.8266,1.58,1.50
2012.04.26 08:04:15.047,0.8264,0.82655,2.33,1.58
2012.04.26 08:04:15.610,0.8264,0.82657,2.33,1.58
2012.04.26 08:04:15.998,0.82644,0.8266,1.58,1.50
2012.04.26 08:04:17.715,0.82642,0.82659,3.15,2.33
2012.04.26 08:04:18.028,0.82638,0.82655,1.58,1.58
2012.04.26 08:04:18.347,0.82634,0.82651,4.65,1.58
2012.04.26 08:04:18.735,0.82639,0.82654,1.58,2.33
2012.04.26 08:04:19.924,0.82639,0.82654,1.58,1.58
2012.04.26 08:04:21.567,0.8264,0.82657,1.58,3.15
2012.04.26 08:04:21.817,0.82643,0.82659,1.58,2.25
2012.04.26 08:04:22.125,0.82647,0.82659,1.58,1.50
2012.04.26 08:04:22.690,0.82646,0.82661,1.58,2.33
2012.04.26 08:04:22.816,0.82643,0.8266,4.65,2.33
2012.04.26 08:04:23.149,0.82643,0.82657,1.50,1.58
2012.04.26 08:04:23.456,0.82646,0.82658,1.58,1.50
2012.04.26 08:04:23.585,0.82644,0.82658,2.33,1.50
2012.04.26 08:04:24.795,0.82645,0.82662,1.58,5.25
2012.04.26 08:04:25.105,0.82648,0.82662,1.58,1.50
2012.04.26 08:04:26.686,0.82645,0.82662,2.33,3.08
2012.04.26 08:04:27.677,0.82648,0.82662,1.58,1.50
2012.04.26 08:04:32.134,0.82645,0.82662,3.90,3.08
2012.04.26 08:04:34.085,0.82643,0.8266,2.33,2.33
2012.04.26 08:04:34.627,0.82643,0.8266,2.33,2.33
2012.04.26 08:04:35.178,0.82645,0.82662,1.58,2.33
2012.04.26 08:04:35.911,0.82646,0.82661,1.58,3.08
2012.04.26 08:04:36.946,0.82644,0.82659,2.33,2.33
2012.04.26 08:04:38.883,0.82646,0.82661,1.58,3.08
2012.04.26 08:04:39.294,0.82648,0.82663,1.58,3.08
2012.04.26 08:04:40.184,0.82645,0.82662,1.58,2.33
2012.04.26 08:04:40.505,0.82647,0.82663,1.58,1.50
2012.04.26 08:04:41.656,0.82646,0.82661,2.33,3.68
2012.04.26 08:04:43.063,0.82644,0.82657,2.33,1.58
2012.04.26 08:04:43.139,0.8264,0.82657,2.93,1.58
2012.04.26 08:04:43.327,0.82638,0.82652,1.50,1.58
2012.04.26 08:04:43.398,0.82638,0.82654,3.08,3.15
2012.04.26 08:04:43.649,0.82638,0.82652,2.33,1.58
2012.04.26 08:04:44.072,0.82637,0.82652,1.58,3.15
2012.04.26 08:04:44.206,0.82635,0.8265,2.33,1.58
2012.04.26 08:04:44.526,0.82637,0.82653,1.58,1.58
2012.04.26 08:04:44.595,0.82637,0.82655,1.58,1.58
2012.04.26 08:04:45.495,0.82636,0.82653,3.90,1.58
2012.04.26 08:04:46.042,0.82637,0.82653,1.50,1.58
2012.04.26 08:04:49.346,0.82639,0.82654,1.58,1.58
2012.04.26 08:04:50.018,0.82639,0.82654,1.58,2.33
2012.04.26 08:04:52.078,0.82639,0.82654,1.58,1.58
2012.04.26 08:04:52.935,0.82638,0.82653,1.58,1.58
2012.04.26 08:04:53.593,0.82638,0.82652,1.58,2.18
2012.04.26 08:04:53.785,0.82639,0.82654,1.58,2.33
2012.04.26 08:04:54.435,0.82636,0.82653,3.90,1.58
2012.04.26 08:04:54.505,0.82638,0.82655,1.58,2.18
2012.04.26 08:04:54.816,0.82638,0.82654,1.58,2.93
2012.04.26 08:04:55.137,0.82636,0.82651,1.58,1.58
2012.04.26 08:04:55.446,0.82633,0.82648,1.58,2.93
2012.04.26 08:04:56.188,0.82636,0.8265,1.58,1.50
2012.04.26 08:04:56.660,0.82631,0.82648,2.33,2.33
2012.04.26 08:04:57.170,0.82631,0.82648,1.58,3.08
2012.04.26 08:04:57.239,0.82631,0.82647,1.58,1.50
2012.04.26 08:04:57.665,0.82628,0.82643,1.58,2.33
2012.04.26 08:04:57.928,0.8263,0.82645,1.58,5.25
2012.04.26 08:04:58.175,0.82627,0.82644,1.58,2.33
2012.04.26 08:04:59.806,0.82629,0.82646,1.58,3.08
2012.04.26 08:04:59.876,0.82629,0.82646,1.58,2.33
2012.04.26 08:05:00.587,0.82627,0.82644,3.90,1.58
2012.04.26 08:05:01.116,0.82627,0.82644,2.33,1.58
2012.04.26 08:05:01.841,0.82627,0.82644,3.08,1.58
2012.04.26 08:05:02.145,0.8263,0.82647,1.58,2.33
2012.04.26 08:05:03.886,0.8263,0.82647,1.58,3.08
2012.04.26 08:05:04.074,0.82628,0.82643,1.58,1.35
2012.04.26 08:05:04.625,0.82627,0.82642,1.58,4.50
2012.04.26 08:05:06.107,0.82629,0.82643,1.58,1.35
2012.04.26 08:05:06.236,0.82623,0.8264,1.58,2.33
2012.04.26 08:05:06.426,0.8262,0.82635,3.75,1.58
2012.04.26 08:05:06.872,0.82617,0.82634,1.95,1.58
2012.04.26 08:05:07.022,0.82615,0.8263,1.01,1.58
2012.04.26 08:05:07.334,0.82615,0.82627,2.18,1.58
2012.04.26 08:05:07.405,0.82615,0.82631,2.93,1.58
2012.04.26 08:05:07.593,0.82614,0.8263,1.50,1.58
2012.04.26 08:05:07.855,0.82616,0.82633,1.58,3.90
2012.04.26 08:05:08.297,0.82615,0.8263,1.58,1.58
2012.04.26 08:05:09.558,0.82616,0.8263,2.18,1.58
2012.04.26 08:05:13.154,0.82616,0.82632,1.58,1.58
2012.04.26 08:05:13.224,0.82615,0.82629,1.58,1.58
2012.04.26 08:05:13.655,0.82616,0.82631,3.75,1.58
2012.04.26 08:05:13.727,0.8262,0.82634,1.58,1.58
2012.04.26 08:05:13.860,0.82618,0.82633,2.18,1.58
2012.04.26 08:05:14.524,0.82608,0.82623,2.63,3.15
2012.04.26 08:05:15.047,0.82608,0.82623,2.33,1.58
2012.04.26 08:05:15.370,0.8261,0.82625,1.58,1.58
2012.04.26 08:05:15.560,0.82611,0.82627,1.58,1.58
2012.04.26 08:05:15.866,0.82611,0.82624,1.58,1.50
2012.04.26 08:05:16.419,0.8261,0.82624,1.58,1.50
2012.04.26 08:05:16.545,0.82607,0.82622,3.15,1.58
2012.04.26 08:05:19.206,0.82605,0.8262,3.90,1.58
2012.04.26 08:05:19.653,0.82607,0.8262,1.58,1.58
2012.04.26 08:05:19.726,0.82608,0.82625,1.58,3.08
2012.04.26 08:05:21.186,0.82608,0.82625,2.33,3.08
2012.04.26 08:05:21.497,0.82615,0.82629,1.58,1.50
2012.04.26 08:05:21.566,0.82615,0.82629,1.58,1.50
2012.04.26 08:05:21.637,0.82612,0.82627,3.15,1.58
2012.04.26 08:05:22.177,0.82611,0.82624,1.35,1.58
2012.04.26 08:05:23.395,0.82611,0.82626,2.10,1.58
2012.04.26 08:05:23.537,0.82614,0.82631,1.58,2.33
2012.04.26 08:05:29.405,0.82613,0.82628,2.33,1.58
2012.04.26 08:05:31.183,0.82614,0.82631,1.58,2.33
2012.04.26 08:05:31.554,0.82617,0.82632,1.58,1.58
2012.04.26 08:05:33.223,0.82615,0.8263,1.58,1.58
2012.04.26 08:05:33.593,0.82617,0.82632,1.58,1.58
2012.04.26 08:05:34.829,0.82615,0.8263,1.58,1.58
2012.04.26 08:05:35.705,0.82617,0.82632,1.58,1.58
2012.04.26 08:05:36.077,0.82621,0.82634,1.58,2.33
2012.04.26 08:05:36.344,0.82619,0.82634,1.58,2.33
2012.04.26 08:05:38.715,0.82619,0.82634,1.58,2.33
2012.04.26 08:05:39.024,0.8262,0.82636,1.58,1.50
2012.04.26 08:05:39.096,0.82619,0.82634,1.58,1.58
2012.04.26 08:05:41.546,0.82621,0.82636,1.58,2.33
2012.04.26 08:05:43.584,0.82619,0.82634,3.15,1.58
2012.04.26 08:05:43.939,0.8262,0.82636,1.58,2.33
2012.04.26 08:05:44.373,0.82619,0.82634,3.15,1.58
2012.04.26 08:05:45.237,0.82618,0.82632,1.50,1.58
2012.04.26 08:05:45.366,0.82619,0.82634,1.58,1.58
2012.04.26 08:05:45.914,0.82618,0.82635,2.33,1.58
2012.04.26 08:05:46.045,0.82617,0.82633,1.50,1.58
2012.04.26 08:05:47.247,0.82619,0.82634,1.58,3.15
2012.04.26 08:05:47.928,0.8262,0.82637,1.58,3.83
2012.04.26 08:05:48.000,0.82623,0.82637,1.58,2.25
2012.04.26 08:05:54.022,0.82621,0.82637,1.58,3.08
2012.04.26 08:05:54.565,0.8262,0.82637,1.58,3.08
2012.04.26 08:05:57.433,0.82619,0.82635,1.58,1.58
2012.04.26 08:05:57.715,0.82618,0.82633,2.33,1.58
2012.04.26 08:05:58.096,0.82618,0.82636,2.33,2.33
2012.04.26 08:05:59.318,0.82618,0.82633,2.33,1.58
2012.04.26 08:05:59.733,0.82619,0.82635,1.58,1.58
2012.04.26 08:06:00.063,0.82618,0.82633,2.33,1.58
2012.04.26 08:06:00.376,0.8262,0.82636,1.58,2.33
2012.04.26 08:06:00.725,0.82619,0.82634,1.58,1.58
2012.04.26 08:06:00.794,0.8262,0.82637,1.58,3.90
2012.04.26 08:06:01.094,0.82618,0.82636,2.33,2.33
2012.04.26 08:06:01.304,0.82621,0.82636,1.58,2.33
2012.04.26 08:06:02.034,0.82618,0.82636,3.90,2.33
2012.04.26 08:06:02.165,0.82621,0.82637,1.58,3.08
2012.04.26 08:06:02.294,0.82618,0.82636,1.58,2.33
2012.04.26 08:06:02.549,0.82621,0.82636,1.58,2.33
2012.04.26 08:06:03.655,0.82621,0.82635,1.58,2.48
2012.04.26 08:06:03.727,0.82618,0.82633,1.58,1.35
2012.04.26 08:06:03.855,0.82618,0.82632,1.58,1.35
2012.04.26 08:06:03.927,0.82614,0.82629,1.58,2.33
2012.04.26 08:06:04.055,0.82611,0.82628,1.58,1.58
2012.04.26 08:06:04.306,0.82609,0.82626,5.25,1.58
2012.04.26 08:06:04.618,0.82616,0.8263,1.58,1.50
2012.04.26 08:06:04.745,0.82614,0.82629,1.58,2.33
2012.04.26 08:06:06.694,0.82611,0.82628,1.58,1.58
2012.04.26 08:06:06.825,0.82613,0.8263,1.58,3.08
2012.04.26 08:06:09.884,0.82612,0.82627,1.58,1.58
2012.04.26 08:06:10.195,0.82614,0.82629,1.58,2.33
2012.04.26 08:06:13.475,0.82616,0.8263,1.58,1.50
2012.04.26 08:06:13.928,0.82619,0.82634,1.58,3.08
2012.04.26 08:06:14.002,0.82617,0.82632,1.58,1.58
2012.04.26 08:06:14.195,0.82614,0.82631,1.58,1.58
2012.04.26 08:06:15.134,0.82619,0.82634,1.58,2.33
2012.04.26 08:06:15.389,0.82617,0.82632,1.58,1.58
2012.04.26 08:06:18.625,0.82619,0.82634,1.58,2.33
2012.04.26 08:06:18.997,0.82614,0.82631,3.15,1.58
2012.04.26 08:06:19.127,0.82613,0.82629,1.58,1.58
2012.04.26 08:06:19.653,0.82612,0.82629,1.58,1.58
2012.04.26 08:06:20.276,0.82615,0.8263,1.58,3.90
2012.04.26 08:06:20.347,0.82616,0.82633,1.58,2.33
2012.04.26 08:06:20.575,0.82619,0.82634,1.58,3.08
2012.04.26 08:06:20.928,0.82617,0.82632,1.58,1.58
2012.04.26 08:06:22.453,0.82618,0.82635,1.58,3.68
2012.04.26 08:06:27.415,0.8262,0.82635,1.58,1.50
2012.04.26 08:06:27.544,0.82618,0.82635,1.58,3.08
2012.04.26 08:06:29.206,0.82619,0.82635,1.58,3.08
2012.04.26 08:06:29.274,0.82621,0.82635,1.58,1.50
2012.04.26 08:06:29.899,0.8262,0.82635,1.58,1.50
2012.04.26 08:06:35.082,0.8262,0.82637,1.58,2.33
2012.04.26 08:06:36.345,0.82622,0.82638,1.58,4.43
2012.04.26 08:06:36.414,0.82622,0.82638,1.58,2.25
2012.04.26 08:06:36.965,0.82621,0.82636,1.58,1.58
2012.04.26 08:06:37.094,0.82619,0.82634,3.90,1.58
2012.04.26 08:06:37.405,0.82621,0.82636,1.58,1.58
2012.04.26 08:06:37.812,0.82618,0.82635,4.65,1.58
2012.04.26 08:06:38.003,0.8262,0.82636,1.58,1.58
2012.04.26 08:06:38.646,0.8262,0.82637,1.58,1.58
2012.04.26 08:06:38.955,0.82623,0.82638,1.58,1.58
2012.04.26 08:06:41.863,0.8262,0.82635,3.15,1.58
2012.04.26 08:06:41.933,0.82621,0.82637,1.58,1.58
2012.04.26 08:06:42.364,0.82619,0.82636,3.75,1.58
2012.04.26 08:06:44.206,0.82621,0.82638,1.58,2.33
2012.04.26 08:06:44.514,0.82621,0.82638,1.58,2.33
2012.04.26 08:06:45.137,0.8262,0.82634,1.58,1.58
2012.04.26 08:06:45.207,0.82621,0.82638,1.58,2.33
2012.04.26 08:06:46.034,0.82619,0.82636,2.18,2.33
2012.04.26 08:06:46.604,0.82622,0.82637,1.58,2.33
2012.04.26 08:06:47.625,0.82619,0.82636,2.18,2.33
2012.04.26 08:06:48.986,0.82621,0.82638,1.58,3.90
2012.04.26 08:06:49.810,0.8262,0.82635,1.58,1.58
2012.04.26 08:06:50.458,0.8262,0.82635,1.58,3.08
2012.04.26 08:06:50.588,0.82616,0.82632,3.75,1.58
2012.04.26 08:06:50.657,0.82615,0.8263,1.58,1.58
2012.04.26 08:06:50.784,0.82613,0.82629,2.18,1.58
2012.04.26 08:06:51.035,0.82615,0.8263,1.58,3.15
2012.04.26 08:06:51.104,0.82613,0.82629,2.18,1.58
2012.04.26 08:06:51.234,0.82614,0.82631,1.58,2.33
2012.04.26 08:06:52.186,0.82615,0.82631,1.58,1.58
2012.04.26 08:06:52.254,0.82617,0.82632,1.58,2.33
2012.04.26 08:06:52.832,0.8262,0.82637,1.58,3.90
2012.04.26 08:06:52.904,0.82619,0.82634,1.58,1.58
2012.04.26 08:06:53.295,0.82621,0.82636,1.58,2.33
2012.04.26 08:06:59.224,0.82623,0.82638,1.58,2.33
2012.04.26 08:06:59.311,0.82621,0.82637,1.58,1.58
2012.04.26 08:06:59.879,0.8262,0.82637,1.58,1.58
2012.04.26 08:07:00.555,0.82618,0.82635,3.15,1.58
2012.04.26 08:07:01.351,0.82619,0.82635,1.58,1.58
2012.04.26 08:07:01.669,0.82621,0.82636,1.58,1.58
2012.04.26 08:07:03.084,0.82622,0.82639,1.58,3.08
2012.04.26 08:07:03.917,0.82621,0.82637,1.58,1.58
2012.04.26 08:07:04.509,0.8262,0.82637,1.58,1.58
2012.04.26 08:07:05.474,0.82622,0.82639,1.58,2.33
2012.04.26 08:07:06.024,0.82621,0.82636,1.58,1.58
2012.04.26 08:07:06.643,0.82621,0.82636,2.33,1.58
2012.04.26 08:07:10.511,0.82623,0.82638,1.58,1.58
2012.04.26 08:07:11.867,0.82628,0.82642,1.58,1.50
2012.04.26 08:07:12.005,0.82628,0.82643,1.58,3.08
2012.04.26 08:07:12.385,0.82625,0.82642,1.58,2.33
2012.04.26 08:07:17.289,0.82626,0.82642,1.58,2.33
2012.04.26 08:07:17.846,0.82627,0.82644,1.58,2.33
2012.04.26 08:07:17.974,0.82625,0.82642,1.58,2.33
2012.04.26 08:07:21.295,0.82625,0.82641,1.58,1.58
2012.04.26 08:07:21.366,0.82624,0.82639,1.58,1.58
2012.04.26 08:07:22.377,0.82626,0.82642,1.58,2.33
2012.04.26 08:07:22.444,0.82628,0.82643,1.58,2.33
2012.04.26 08:07:22.899,0.82624,0.82639,1.58,1.58
2012.04.26 08:07:23.104,0.82625,0.82642,1.58,2.33
2012.04.26 08:07:24.056,0.82625,0.82641,1.58,1.58
2012.04.26 08:07:24.124,0.82622,0.82639,4.43,1.58
2012.04.26 08:07:24.580,0.82624,0.82639,2.33,1.58
2012.04.26 08:07:24.646,0.82625,0.82642,2.33,1.58
2012.04.26 08:07:24.838,0.82629,0.82647,1.58,1.58
2012.04.26 08:07:24.965,0.82632,0.82647,1.58,1.58
2012.04.26 08:07:25.214,0.8263,0.82646,1.58,1.58
2012.04.26 08:07:25.415,0.82632,0.82647,1.58,1.58
2012.04.26 08:07:25.977,0.82629,0.82647,2.33,1.58
2012.04.26 08:07:26.487,0.82629,0.82647,2.33,1.58
2012.04.26 08:07:27.025,0.82629,0.82647,1.58,1.58
2012.04.26 08:07:27.335,0.82627,0.82642,1.58,3.15
2012.04.26 08:07:27.646,0.82621,0.82638,3.68,1.58
2012.04.26 08:07:27.894,0.82621,0.82638,3.68,1.58
2012.04.26 08:07:28.263,0.82624,0.82639,1.58,1.58
2012.04.26 08:07:30.318,0.82625,0.82642,1.58,1.58
2012.04.26 08:07:30.693,0.82624,0.82639,1.58,1.58
2012.04.26 08:07:34.307,0.82622,0.82637,2.33,1.58
2012.04.26 08:07:35.031,0.82623,0.82638,1.58,1.58
2012.04.26 08:07:39.766,0.82621,0.82636,1.50,1.58
2012.04.26 08:07:39.897,0.82621,0.82638,3.08,1.58
2012.04.26 08:07:40.226,0.82621,0.82638,3.08,1.58
2012.04.26 08:07:43.685,0.82622,0.82638,1.35,1.58
2012.04.26 08:07:43.874,0.82626,0.82643,1.58,3.83
2012.04.26 08:07:44.005,0.82624,0.82639,1.58,1.58
2012.04.26 08:07:47.963,0.82621,0.82638,2.33,1.58
2012.04.26 08:07:51.254,0.82622,0.82638,1.58,1.58
2012.04.26 08:07:51.324,0.82623,0.8264,1.58,1.58
2012.04.26 08:07:55.304,0.82622,0.82637,1.58,1.58
2012.04.26 08:07:55.667,0.82625,0.82642,1.58,1.58
2012.04.26 08:07:55.737,0.82629,0.82644,1.58,2.33
2012.04.26 08:07:55.985,0.8263,0.82647,1.58,2.93
2012.04.26 08:07:56.715,0.8263,0.82647,1.58,1.58
2012.04.26 08:07:57.934,0.82634,0.82649,1.58,2.33
2012.04.26 08:07:58.006,0.82631,0.82648,3.90,2.33
2012.04.26 08:07:58.435,0.82628,0.82647,3.68,1.58
2012.04.26 08:07:59.032,0.82628,0.82647,3.68,1.58
2012.04.26 08:08:00.243,0.82628,0.82647,4.43,1.58
2012.04.26 08:08:00.557,0.82634,0.82651,1.58,2.33
2012.04.26 08:08:01.101,0.82637,0.82652,1.58,1.58
2012.04.26 08:08:01.355,0.82637,0.82656,1.58,3.90
2012.04.26 08:08:01.425,0.82639,0.82655,1.58,1.58
2012.04.26 08:08:01.553,0.82637,0.82654,1.58,1.58
2012.04.26 08:08:02.425,0.82638,0.82656,1.58,2.33
2012.04.26 08:08:03.536,0.82636,0.82655,3.90,1.58
2012.04.26 08:08:03.818,0.82638,0.82656,1.58,1.58
2012.04.26 08:08:04.153,0.82638,0.82656,2.33,1.58
2012.04.26 08:08:04.692,0.8264,0.82657,2.33,1.58
2012.04.26 08:08:05.017,0.82644,0.82661,5.25,1.58
2012.04.26 08:08:05.207,0.82647,0.82665,1.58,1.35
2012.04.26 08:08:05.764,0.82645,0.82662,1.50,1.58
2012.04.26 08:08:06.165,0.82646,0.82664,2.33,1.58
2012.04.26 08:08:07.668,0.82645,0.82662,1.50,1.58
2012.04.26 08:08:09.735,0.82646,0.82664,2.33,3.15
2012.04.26 08:08:09.804,0.82645,0.82662,1.50,1.58
2012.04.26 08:08:10.399,0.82644,0.82662,3.08,1.58
2012.04.26 08:08:11.025,0.82644,0.82662,3.08,1.58
2012.04.26 08:08:11.621,0.82644,0.82661,1.50,1.58
2012.04.26 08:08:12.516,0.82644,0.82658,1.50,1.58
2012.04.26 08:08:13.653,0.82644,0.82658,2.25,1.58
2012.04.26 08:08:13.788,0.82646,0.82661,1.50,1.58
2012.04.26 08:08:13.915,0.82648,0.82665,1.58,2.33
2012.04.26 08:08:14.044,0.82649,0.82667,2.93,1.58
2012.04.26 08:08:14.114,0.82651,0.82667,1.58,1.58
2012.04.26 08:08:14.305,0.82649,0.82667,4.50,1.58
2012.04.26 08:08:14.648,0.82649,0.82665,2.93,1.58
2012.04.26 08:08:15.442,0.82648,0.82665,2.93,1.58
2012.04.26 08:08:15.499,0.82648,0.82667,4.50,1.58
2012.04.26 08:08:16.087,0.82648,0.82666,4.50,1.58
2012.04.26 08:08:17.038,0.82651,0.82667,1.58,1.58
2012.04.26 08:08:18.059,0.82648,0.82666,4.50,1.58
2012.04.26 08:08:19.523,0.8265,0.82668,1.58,1.58
2012.04.26 08:08:19.784,0.8265,0.82665,1.58,1.58
2012.04.26 08:08:19.975,0.82644,0.8266,2.33,1.58
2012.04.26 08:08:20.227,0.82645,0.82663,1.58,1.58
2012.04.26 08:08:20.586,0.82644,0.82661,3.08,1.58
2012.04.26 08:08:20.834,0.82645,0.82663,2.33,3.15
2012.04.26 08:08:22.775,0.82645,0.82663,4.05,1.58
2012.04.26 08:08:22.847,0.82652,0.82668,1.58,2.33
2012.04.26 08:08:23.288,0.8265,0.82666,1.58,1.58
2012.04.26 08:08:23.974,0.82651,0.82669,1.58,3.15
2012.04.26 08:08:24.835,0.82652,0.82671,1.58,2.33
2012.04.26 08:08:24.973,0.82651,0.82669,1.58,1.58
2012.04.26 08:08:27.234,0.82651,0.82669,2.33,1.58
2012.04.26 08:08:27.814,0.82654,0.8267,1.58,1.58
2012.04.26 08:08:29.318,0.82656,0.8267,2.25,1.58
2012.04.26 08:08:29.387,0.82656,0.82675,4.43,2.33
2012.04.26 08:08:29.575,0.82659,0.82675,1.58,1.58
2012.04.26 08:08:29.706,0.8266,0.82677,1.58,2.33
2012.04.26 08:08:29.956,0.82658,0.82677,3.75,2.33
2012.04.26 08:08:30.086,0.82658,0.82675,2.18,1.58
2012.04.26 08:08:30.458,0.82658,0.82673,2.18,1.58
2012.04.26 08:08:32.366,0.82656,0.82674,2.10,3.90
2012.04.26 08:08:32.441,0.82656,0.82669,1.50,1.58
2012.04.26 08:08:32.759,0.8265,0.82659,1.50,1.58
2012.04.26 08:08:32.828,0.82643,0.82659,2.93,1.58
2012.04.26 08:08:33.015,0.82642,0.82656,2.25,1.58
2012.04.26 08:08:33.149,0.8264,0.82656,1.50,1.58
2012.04.26 08:08:33.336,0.82637,0.82654,2.13,1.58
2012.04.26 08:08:33.645,0.82637,0.82651,1.38,1.58
2012.04.26 08:08:34.078,0.82638,0.82656,1.73,1.58
2012.04.26 08:08:34.274,0.82637,0.82653,1.58,1.58
2012.04.26 08:08:34.585,0.82638,0.82657,2.18,2.33
2012.04.26 08:08:35.136,0.82638,0.82655,1.58,1.58
2012.04.26 08:08:35.443,0.82635,0.82651,2.10,1.58
2012.04.26 08:08:37.354,0.82636,0.82652,2.33,3.15
2012.04.26 08:08:37.675,0.82641,0.82657,4.50,1.58
2012.04.26 08:08:37.744,0.82643,0.82659,2.33,1.58
2012.04.26 08:08:38.485,0.82643,0.82659,3.08,1.58
2012.04.26 08:08:39.057,0.82644,0.82661,2.33,2.33
2012.04.26 08:08:42.954,0.82647,0.82662,1.58,2.33
2012.04.26 08:08:43.603,0.82646,0.82662,1.58,2.33
2012.04.26 08:08:44.135,0.82647,0.82664,1.58,4.50
2012.04.26 08:08:44.684,0.82646,0.82661,1.58,2.33
2012.04.26 08:08:45.204,0.82647,0.82664,1.58,2.33
2012.04.26 08:08:46.388,0.82646,0.82661,1.58,2.33
2012.04.26 08:08:47.038,0.82643,0.8266,3.90,2.33
2012.04.26 08:08:50.270,0.82646,0.82661,1.58,3.90
2012.04.26 08:08:50.817,0.82647,0.82663,1.58,1.50
2012.04.26 08:08:50.944,0.82645,0.82662,1.58,2.33
2012.04.26 08:08:51.945,0.82647,0.82663,1.58,1.50
2012.04.26 08:08:53.394,0.82646,0.82661,1.58,2.33
2012.04.26 08:08:53.975,0.82648,0.82663,1.58,3.08
2012.04.26 08:08:55.607,0.82646,0.82661,1.58,2.33
2012.04.26 08:08:57.647,0.82647,0.82663,1.58,1.50
2012.04.26 08:08:58.197,0.82646,0.82661,1.58,2.33
2012.04.26 08:08:58.585,0.82644,0.82659,1.58,1.58
2012.04.26 08:08:58.896,0.8264,0.82655,2.33,1.58
2012.04.26 08:08:59.203,0.82638,0.82653,1.58,1.58
2012.04.26 08:08:59.275,0.82639,0.82655,1.58,1.58
2012.04.26 08:09:00.467,0.82638,0.82651,1.58,1.58
2012.04.26 08:09:00.595,0.82636,0.82651,2.33,1.58
2012.04.26 08:09:01.199,0.82638,0.82653,1.58,2.33
2012.04.26 08:09:01.840,0.82638,0.82653,1.58,2.33
2012.04.26 08:09:06.544,0.82636,0.82651,1.58,1.58
2012.04.26 08:09:06.805,0.82637,0.82654,1.58,2.33
2012.04.26 08:09:11.377,0.82637,0.82654,1.58,2.33
2012.04.26 08:09:11.505,0.82639,0.82656,1.58,4.65
2012.04.26 08:09:11.940,0.82637,0.82654,1.58,2.33
2012.04.26 08:09:12.564,0.82636,0.82651,1.58,1.58
2012.04.26 08:09:13.140,0.82637,0.82654,1.58,2.33
2012.04.26 08:09:14.094,0.82637,0.82653,1.58,1.58
2012.04.26 08:09:14.163,0.82636,0.82651,1.58,1.58
2012.04.26 08:09:15.124,0.82638,0.82653,1.58,1.58
2012.04.26 08:09:15.426,0.82636,0.82655,1.58,2.93
2012.04.26 08:09:15.494,0.82634,0.82655,3.08,1.35
2012.04.26 08:09:18.482,0.82636,0.82655,1.58,1.35
2012.04.26 08:09:19.335,0.82635,0.82655,3.15,2.93
2012.04.26 08:09:20.007,0.82635,0.82655,2.18,2.33
2012.04.26 08:09:20.134,0.82635,0.82655,1.58,2.33
2012.04.26 08:09:20.205,0.82637,0.82654,1.58,1.50
2012.04.26 08:09:20.274,0.82635,0.82654,1.58,1.50
2012.04.26 08:09:20.405,0.82637,0.82654,1.58,5.25
2012.04.26 08:09:20.715,0.82636,0.82651,1.58,1.58
2012.04.26 08:09:21.087,0.82637,0.82654,1.58,2.33
2012.04.26 08:09:23.263,0.82637,0.82654,1.58,3.08
2012.04.26 08:09:23.817,0.8264,0.82655,1.58,4.50
2012.04.26 08:09:24.064,0.82641,0.82656,1.58,2.10
2012.04.26 08:09:24.316,0.82638,0.82653,1.58,1.58
2012.04.26 08:09:25.055,0.82639,0.82656,1.58,5.25
2012.04.26 08:09:25.575,0.82639,0.82655,1.58,1.35
2012.04.26 08:09:26.124,0.82639,0.82654,1.58,1.35
2012.04.26 08:09:26.683,0.82638,0.82653,1.58,2.18
2012.04.26 08:09:28.504,0.82639,0.82656,1.58,3.08
2012.04.26 08:09:29.815,0.82639,0.82656,1.58,3.08
2012.04.26 08:09:30.006,0.82642,0.82656,1.58,2.10
2012.04.26 08:09:30.254,0.82639,0.82656,1.58,3.68
2012.04.26 08:09:30.583,0.82638,0.82653,1.58,1.58
2012.04.26 08:09:31.133,0.8264,0.82655,1.58,2.33
2012.04.26 08:09:31.444,0.8264,0.82655,1.58,3.08
2012.04.26 08:09:31.663,0.82638,0.82653,1.58,2.33
2012.04.26 08:09:33.652,0.8264,0.82655,1.58,2.33
2012.04.26 08:09:33.844,0.82637,0.82653,1.58,2.33
2012.04.26 08:09:33.914,0.82636,0.82651,1.58,1.58
2012.04.26 08:09:35.359,0.82638,0.82653,1.58,3.83
2012.04.26 08:09:36.059,0.82635,0.82652,3.15,2.33
2012.04.26 08:09:37.374,0.82637,0.82653,1.58,2.25
2012.04.26 08:09:39.520,0.82637,0.82654,1.58,2.33
2012.04.26 08:09:42.425,0.82635,0.82652,2.33,1.58
2012.04.26 08:09:42.744,0.82638,0.82653,1.58,1.58
2012.04.26 08:09:43.215,0.8264,0.82655,1.58,1.58
2012.04.26 08:09:43.655,0.82638,0.82653,1.58,1.58
2012.04.26 08:09:43.786,0.82639,0.82656,1.58,1.58
2012.04.26 08:09:43.917,0.82637,0.82654,1.58,1.58
2012.04.26 08:09:44.315,0.82639,0.82655,1.58,1.58
2012.04.26 08:09:44.684,0.82637,0.82654,1.58,1.58
2012.04.26 08:09:44.874,0.82639,0.82655,1.58,1.58
2012.04.26 08:09:45.272,0.82638,0.82653,1.58,1.58
2012.04.26 08:09:46.300,0.82639,0.82656,1.58,3.15
2012.04.26 08:09:46.368,0.82642,0.82657,1.58,3.15
2012.04.26 08:09:46.795,0.82639,0.82654,3.15,1.58
2012.04.26 08:09:49.535,0.82637,0.82653,1.58,1.58
2012.04.26 08:09:49.607,0.82638,0.82655,1.58,3.15
2012.04.26 08:09:50.716,0.82635,0.8265,3.08,2.33
2012.04.26 08:09:51.024,0.8263,0.82645,2.33,1.58
2012.04.26 08:09:51.154,0.82632,0.82647,2.33,1.58
2012.04.26 08:09:52.109,0.82629,0.82646,3.08,1.58
2012.04.26 08:09:52.239,0.82632,0.82646,3.60,1.58
2012.04.26 08:09:52.367,0.82636,0.82652,1.58,1.50
2012.04.26 08:09:52.626,0.82634,0.82651,1.58,2.33
2012.04.26 08:09:52.698,0.82631,0.82648,3.08,1.58
2012.04.26 08:09:53.486,0.82631,0.82645,1.50,1.58
2012.04.26 08:09:53.766,0.82632,0.82647,2.33,1.58
2012.04.26 08:09:54.820,0.82631,0.82648,3.08,1.58
2012.04.26 08:09:54.891,0.82634,0.82649,1.58,1.58
2012.04.26 08:09:55.735,0.82631,0.82648,3.08,1.58
2012.04.26 08:09:56.064,0.82631,0.82646,3.68,1.58
2012.04.26 08:09:56.437,0.82631,0.82648,3.08,1.58
2012.04.26 08:09:58.318,0.82634,0.82649,1.58,1.58
2012.04.26 08:09:58.624,0.82632,0.82646,1.58,1.58
2012.04.26 08:09:58.875,0.82628,0.82644,1.50,1.58
2012.04.26 08:09:58.947,0.82632,0.82647,1.58,1.58
2012.04.26 08:09:59.475,0.8263,0.82646,1.58,1.58
2012.04.26 08:09:59.984,0.82629,0.82646,1.58,1.58
2012.04.26 08:10:03.244,0.82628,0.82643,2.33,1.58
2012.04.26 08:10:03.564,0.82632,0.82647,1.58,1.58
2012.04.26 08:10:03.954,0.82632,0.82647,1.58,2.18
2012.04.26 08:10:05.064,0.82629,0.82644,1.58,1.58
2012.04.26 08:10:05.834,0.82627,0.82643,3.90,1.58
2012.04.26 08:10:06.536,0.82625,0.82642,4.65,1.58
2012.04.26 08:10:07.321,0.82626,0.82637,1.50,1.58
2012.04.26 08:10:07.399,0.8262,0.82635,2.25,1.58
2012.04.26 08:10:08.064,0.8262,0.82636,3.83,1.58
2012.04.26 08:10:08.651,0.8262,0.82635,2.25,1.58
2012.04.26 08:10:09.766,0.8262,0.82636,3.83,1.58
2012.04.26 08:10:10.026,0.82621,0.82639,2.33,1.58
2012.04.26 08:10:10.335,0.8262,0.82637,3.83,1.58
2012.04.26 08:10:10.925,0.82621,0.82639,2.33,1.58
2012.04.26 08:10:11.114,0.82623,0.8264,3.15,1.58
2012.04.26 08:10:11.185,0.82624,0.82642,1.58,2.33
2012.04.26 08:10:11.435,0.82626,0.82643,1.58,2.78
2012.04.26 08:10:12.227,0.8263,0.82644,1.58,2.18
2012.04.26 08:10:12.295,0.82631,0.82646,1.58,1.50
2012.04.26 08:10:12.514,0.82631,0.82649,1.58,2.10
2012.04.26 08:10:12.585,0.82631,0.82646,1.58,1.58
2012.04.26 08:10:12.654,0.82627,0.82644,3.08,3.15
2012.04.26 08:10:12.724,0.82626,0.82642,2.33,1.58
2012.04.26 08:10:13.238,0.82625,0.82641,1.50,1.58
2012.04.26 08:10:13.424,0.82627,0.82643,1.58,1.58
2012.04.26 08:10:14.634,0.82625,0.82641,2.33,1.58
2012.04.26 08:10:15.055,0.82626,0.82643,1.58,3.90
2012.04.26 08:10:16.638,0.82626,0.82639,1.58,1.50
2012.04.26 08:10:16.708,0.82621,0.82638,2.33,3.08
2012.04.26 08:10:16.778,0.82617,0.82631,3.23,1.58
2012.04.26 08:10:17.085,0.82617,0.82629,1.05,1.58
2012.04.26 08:10:17.890,0.82616,0.82628,4.50,1.58
2012.04.26 08:10:18.353,0.82612,0.82628,1.35,1.58
2012.04.26 08:10:18.547,0.82611,0.82628,2.33,1.58
2012.04.26 08:10:18.831,0.82608,0.82619,1.35,1.58
2012.04.26 08:10:18.957,0.82602,0.82619,4.05,1.58
2012.04.26 08:10:19.027,0.82602,0.82619,4.05,1.58
2012.04.26 08:10:19.095,0.82602,0.82617,2.48,1.58
2012.04.26 08:10:20.320,0.82603,0.8262,2.33,1.58
2012.04.26 08:10:20.505,0.82602,0.82617,3.08,1.58
2012.04.26 08:10:20.936,0.82604,0.82619,2.33,1.58
2012.04.26 08:10:21.252,0.82605,0.82622,2.33,3.15
2012.04.26 08:10:21.326,0.82603,0.8262,2.93,1.58
2012.04.26 08:10:21.636,0.82603,0.82618,3.53,1.58
2012.04.26 08:10:21.824,0.82602,0.82618,1.35,1.58
2012.04.26 08:10:22.015,0.82603,0.82618,1.35,1.58
2012.04.26 08:10:22.144,0.82603,0.82618,1.35,1.58
2012.04.26 08:10:22.335,0.82603,0.82618,2.48,1.58
2012.04.26 08:10:22.525,0.82606,0.82623,2.33,1.58
2012.04.26 08:10:22.726,0.82604,0.82621,4.50,1.58
2012.04.26 08:10:22.853,0.82604,0.82621,4.50,1.58
2012.04.26 08:10:24.216,0.82605,0.82621,1.35,1.58
2012.04.26 08:10:24.345,0.82606,0.82623,2.18,1.58
2012.04.26 08:10:24.914,0.82605,0.8262,1.58,1.58
2012.04.26 08:10:25.229,0.82606,0.82623,1.58,3.15
2012.04.26 08:10:27.585,0.82605,0.8262,1.58,1.58
2012.04.26 08:10:29.097,0.82607,0.82622,1.58,3.15
2012.04.26 08:10:29.923,0.82605,0.8262,2.33,1.58
2012.04.26 08:10:30.997,0.82603,0.82618,2.93,1.58
2012.04.26 08:10:31.499,0.82605,0.8262,1.58,1.58
2012.04.26 08:10:33.045,0.82604,0.82618,3.53,1.58
2012.04.26 08:10:34.077,0.82602,0.82614,1.35,1.58
2012.04.26 08:10:34.286,0.82601,0.82617,2.93,1.58
2012.04.26 08:10:34.807,0.82601,0.82618,2.93,1.58
2012.04.26 08:10:37.483,0.82601,0.82618,2.33,1.58
2012.04.26 08:10:37.914,0.826,0.82615,3.15,1.58
2012.04.26 08:10:38.393,0.82602,0.82617,1.58,1.58
2012.04.26 08:10:38.716,0.82599,0.82614,1.58,1.58
2012.04.26 08:10:39.355,0.82601,0.82616,1.58,1.58
2012.04.26 08:10:42.294,0.82602,0.82618,1.58,3.68
2012.04.26 08:10:42.425,0.82598,0.82616,2.33,2.33
2012.04.26 08:10:42.495,0.82598,0.82614,1.58,1.50
2012.04.26 08:10:42.806,0.82597,0.82612,2.33,1.35
2012.04.26 08:10:42.875,0.82594,0.82609,1.58,1.58
2012.04.26 08:10:43.467,0.82591,0.82608,1.58,1.58
2012.04.26 08:10:44.724,0.82594,0.82609,1.58,1.58
2012.04.26 08:10:46.385,0.82592,0.82607,1.58,1.58
2012.04.26 08:10:46.818,0.82594,0.82609,1.58,1.58
2012.04.26 08:10:46.945,0.82591,0.82608,1.58,1.58
2012.04.26 08:10:51.973,0.82592,0.82608,1.58,1.58
2012.04.26 08:10:52.044,0.82593,0.8261,1.58,1.58
2012.04.26 08:10:52.934,0.82592,0.82607,3.15,1.58
2012.04.26 08:10:53.741,0.82591,0.82608,1.58,1.58
2012.04.26 08:10:54.063,0.82593,0.8261,1.58,1.58
2012.04.26 08:10:54.976,0.82592,0.82608,1.58,1.58
2012.04.26 08:10:55.290,0.82589,0.82606,2.33,1.58
2012.04.26 08:10:55.635,0.82587,0.82604,1.58,1.58
2012.04.26 08:11:00.015,0.82587,0.82603,1.58,2.10
2012.04.26 08:11:00.324,0.82587,0.826,1.58,2.18
2012.04.26 08:11:00.696,0.82587,0.82604,1.58,3.08
2012.04.26 08:11:00.825,0.82589,0.82604,1.58,1.50
2012.04.26 08:11:04.867,0.82589,0.82606,2.18,3.08
2012.04.26 08:11:05.186,0.82592,0.82607,1.58,3.08
2012.04.26 08:11:05.257,0.82593,0.82607,1.58,1.58
2012.04.26 08:11:05.388,0.82594,0.82609,1.58,1.95
2012.04.26 08:11:05.815,0.82597,0.82612,1.58,1.58
2012.04.26 08:11:05.884,0.82597,0.82614,1.58,1.58
2012.04.26 08:11:06.596,0.82596,0.82611,1.58,1.58
2012.04.26 08:11:08.637,0.82596,0.82611,2.93,1.58
2012.04.26 08:11:08.706,0.82598,0.82613,2.33,1.58
2012.04.26 08:11:08.776,0.826,0.82615,1.58,1.58
2012.04.26 08:11:09.455,0.82597,0.82615,5.25,1.58
2012.04.26 08:11:11.755,0.82599,0.82616,1.58,3.15
2012.04.26 08:11:15.053,0.826,0.82616,1.58,1.58
2012.04.26 08:11:15.125,0.82602,0.82617,1.58,1.58
2012.04.26 08:11:17.714,0.82599,0.82615,1.58,1.58
2012.04.26 08:11:17.786,0.82597,0.82614,3.08,1.58
2012.04.26 08:11:19.670,0.82597,0.82612,1.50,1.58
2012.04.26 08:11:23.374,0.82597,0.82614,3.08,1.58
2012.04.26 08:11:23.564,0.826,0.82615,1.58,1.58
2012.04.26 08:11:23.985,0.82598,0.82613,1.58,1.58
2012.04.26 08:11:26.393,0.82597,0.82612,1.50,1.58
2012.04.26 08:11:27.344,0.82595,0.82609,1.50,1.58
2012.04.26 08:11:27.595,0.82598,0.82613,1.58,1.58
2012.04.26 08:11:28.149,0.82595,0.82612,3.08,1.58
2012.04.26 08:11:28.686,0.82595,0.82609,1.50,1.58
2012.04.26 08:11:28.974,0.82596,0.82611,2.33,1.58
2012.04.26 08:11:30.605,0.82595,0.82609,1.50,1.58
2012.04.26 08:11:30.855,0.82595,0.82609,1.50,1.58
2012.04.26 08:11:31.375,0.82594,0.82609,1.58,1.58
2012.04.26 08:11:31.626,0.82591,0.82607,3.08,1.58
2012.04.26 08:11:32.173,0.82593,0.82608,1.58,1.58
2012.04.26 08:11:36.865,0.82593,0.82608,1.58,5.10
2012.04.26 08:11:37.057,0.82588,0.82603,1.58,1.58
2012.04.26 08:11:37.485,0.82586,0.82601,2.33,1.58
2012.04.26 08:11:37.806,0.82587,0.82603,1.58,1.58
2012.04.26 08:11:38.175,0.82587,0.82598,1.58,2.10
2012.04.26 08:11:38.245,0.82585,0.82598,1.58,2.10
2012.04.26 08:11:38.377,0.82581,0.82595,1.58,2.78
2012.04.26 08:11:38.575,0.82577,0.82592,2.33,1.58
2012.04.26 08:11:38.824,0.82578,0.82595,2.33,3.75
2012.04.26 08:11:39.134,0.82581,0.82595,1.58,2.18
2012.04.26 08:11:39.675,0.8258,0.82597,1.58,3.08
2012.04.26 08:11:40.330,0.82581,0.82596,1.58,1.58
2012.04.26 08:11:41.956,0.82581,0.82596,1.58,2.33
2012.04.26 08:11:42.480,0.82581,0.82596,1.58,2.33
2012.04.26 08:11:42.726,0.82581,0.82594,1.58,2.18
2012.04.26 08:11:42.987,0.82579,0.82593,1.58,2.18
2012.04.26 08:11:44.233,0.82579,0.82594,1.58,1.58
2012.04.26 08:11:44.980,0.82582,0.82597,1.58,3.83
2012.04.26 08:11:50.794,0.82583,0.82597,1.58,2.25
2012.04.26 08:11:51.344,0.82582,0.82597,1.58,3.83
2012.04.26 08:11:52.926,0.82583,0.82597,1.58,1.50
2012.04.26 08:11:53.272,0.82586,0.826,1.58,1.50
2012.04.26 08:11:53.346,0.82584,0.82599,1.58,2.33
2012.04.26 08:11:54.467,0.82585,0.826,1.58,1.50
2012.04.26 08:11:54.655,0.82583,0.826,1.58,3.08
2012.04.26 08:11:57.124,0.82584,0.82599,1.58,3.08
2012.04.26 08:11:57.194,0.82581,0.82598,1.58,2.33
2012.04.26 08:11:58.436,0.82584,0.82598,1.58,2.33
2012.04.26 08:11:58.746,0.82591,0.82601,1.58,4.50
2012.04.26 08:11:58.818,0.82591,0.82604,1.58,3.53
2012.04.26 08:11:58.889,0.82586,0.82603,2.93,2.33
2012.04.26 08:11:58.958,0.82589,0.82606,1.58,2.93
2012.04.26 08:11:59.207,0.82587,0.82604,2.33,3.75
2012.04.26 08:11:59.519,0.82586,0.82602,1.58,1.58
2012.04.26 08:11:59.586,0.82588,0.82605,1.58,1.58
2012.04.26 08:11:59.660,0.82592,0.82607,1.58,5.25
2012.04.26 08:11:59.965,0.82594,0.82607,1.58,2.93
2012.04.26 08:12:00.094,0.82591,0.82606,1.58,2.33
2012.04.26 08:12:01.147,0.82589,0.82604,1.58,1.58
2012.04.26 08:12:01.289,0.82587,0.82604,1.58,1.58
2012.04.26 08:12:04.125,0.8259,0.82605,1.58,3.90
2012.04.26 08:12:04.257,0.82586,0.82603,1.58,2.18
2012.04.26 08:12:04.779,0.82582,0.82597,1.58,2.18
2012.04.26 08:12:05.287,0.82581,0.82597,1.58,2.18
2012.04.26 08:12:06.228,0.82584,0.82597,1.58,2.18
2012.04.26 08:12:07.125,0.82582,0.82597,1.58,2.18
2012.04.26 08:12:07.315,0.82579,0.82593,4.65,2.18
2012.04.26 08:12:07.566,0.82577,0.82592,1.58,1.58
2012.04.26 08:12:08.015,0.82578,0.82594,1.58,2.93
2012.04.26 08:12:08.334,0.82576,0.82593,1.58,1.58
2012.04.26 08:12:22.165,0.82579,0.82594,1.58,5.25
2012.04.26 08:12:23.173,0.82577,0.82594,1.58,4.50
2012.04.26 08:12:24.568,0.82576,0.82591,1.58,1.58
2012.04.26 08:12:24.997,0.82574,0.82589,1.58,1.58
2012.04.26 08:12:25.315,0.82568,0.82582,1.50,1.58
2012.04.26 08:12:25.565,0.82567,0.82584,3.08,1.58
2012.04.26 08:12:25.815,0.82571,0.82587,1.58,2.33
2012.04.26 08:12:29.274,0.8257,0.82588,1.58,1.58
2012.04.26 08:12:29.601,0.82573,0.82588,1.58,1.58
2012.04.26 08:12:29.917,0.82571,0.82585,1.58,3.53
2012.04.26 08:12:29.989,0.82568,0.82583,1.58,1.58
2012.04.26 08:12:30.178,0.82568,0.82583,1.58,2.33
2012.04.26 08:12:30.248,0.82565,0.82582,1.58,3.08
2012.04.26 08:12:30.574,0.82563,0.82581,1.58,2.33
2012.04.26 08:12:30.810,0.82562,0.82579,2.33,1.58
2012.04.26 08:12:31.246,0.82565,0.8258,1.58,1.58
2012.04.26 08:12:31.867,0.82563,0.82579,1.58,2.33
2012.04.26 08:12:32.785,0.82565,0.82581,1.58,1.50
2012.04.26 08:12:32.856,0.82567,0.82583,1.58,2.25
2012.04.26 08:12:33.176,0.82569,0.82581,1.58,1.50
2012.04.26 08:12:33.248,0.82566,0.82581,3.15,1.50
2012.04.26 08:12:33.922,0.82568,0.82583,1.58,1.50
2012.04.26 08:12:34.306,0.82569,0.82584,1.58,2.33
2012.04.26 08:12:34.558,0.82566,0.82581,2.33,1.58
2012.04.26 08:12:35.028,0.82567,0.82584,2.33,2.33
2012.04.26 08:12:37.438,0.82567,0.82584,2.33,1.58
2012.04.26 08:12:37.686,0.8257,0.82585,1.58,2.33
2012.04.26 08:12:40.280,0.8257,0.82585,1.58,3.08
2012.04.26 08:12:40.466,0.82567,0.82584,2.33,2.33
2012.04.26 08:12:41.072,0.82569,0.82585,1.58,1.50
2012.04.26 08:12:41.832,0.82567,0.82584,3.90,2.33
2012.04.26 08:12:42.155,0.8257,0.82585,1.58,4.65
2012.04.26 08:12:43.910,0.8257,0.82585,1.58,2.33
2012.04.26 08:12:44.768,0.82567,0.82584,2.33,1.58
2012.04.26 08:12:44.915,0.82569,0.82586,1.58,4.50
2012.04.26 08:12:45.447,0.82569,0.82585,1.58,1.50
2012.04.26 08:12:45.516,0.82569,0.82586,1.58,4.50
2012.04.26 08:12:50.964,0.82568,0.82583,2.33,1.58
2012.04.26 08:12:51.166,0.82569,0.82586,1.58,2.33
2012.04.26 08:12:51.718,0.82569,0.82585,1.58,1.50
2012.04.26 08:12:52.164,0.82569,0.82586,1.58,2.33
2012.04.26 08:12:56.737,0.82567,0.82585,2.33,2.33
2012.04.26 08:12:57.249,0.82569,0.82586,1.58,2.33
2012.04.26 08:12:57.700,0.82574,0.82588,2.33,2.33
2012.04.26 08:12:57.773,0.82574,0.8259,2.33,2.33
2012.04.26 08:12:58.301,0.82575,0.8259,1.58,1.58
2012.04.26 08:12:58.506,0.82576,0.82593,1.58,2.33
2012.04.26 08:12:59.118,0.82574,0.82591,2.33,1.58
2012.04.26 08:12:59.547,0.82577,0.82592,1.58,2.33
2012.04.26 08:12:59.729,0.82574,0.82591,2.33,1.58
2012.04.26 08:13:00.736,0.82573,0.82588,2.33,1.58
2012.04.26 08:13:01.132,0.82575,0.8259,1.58,1.58
2012.04.26 08:13:01.636,0.82571,0.82588,3.08,1.58
2012.04.26 08:13:01.884,0.82574,0.82589,1.58,1.58
2012.04.26 08:13:02.269,0.82571,0.82588,3.08,1.58
2012.04.26 08:13:03.584,0.82574,0.82589,1.58,1.58
2012.04.26 08:13:05.246,0.82574,0.82589,1.58,2.33
2012.04.26 08:13:05.317,0.82571,0.82586,1.50,1.58
2012.04.26 08:13:05.687,0.82571,0.82584,1.50,1.58
2012.04.26 08:13:05.757,0.82572,0.82587,1.58,1.58
2012.04.26 08:13:07.910,0.82573,0.82588,1.58,1.35
2012.04.26 08:13:08.418,0.82572,0.82587,1.58,5.33
2012.04.26 08:13:08.605,0.8257,0.82585,2.33,1.58
2012.04.26 08:13:10.384,0.82571,0.82587,2.33,3.75
2012.04.26 08:13:11.069,0.82575,0.82587,1.58,2.18
2012.04.26 08:13:11.617,0.82575,0.82589,1.58,3.53
2012.04.26 08:13:11.689,0.82572,0.82589,2.33,5.10
2012.04.26 08:13:12.276,0.82572,0.82589,2.33,2.33
2012.04.26 08:13:12.655,0.82575,0.8259,1.58,3.90
2012.04.26 08:13:13.216,0.82572,0.82589,2.33,1.58
2012.04.26 08:13:13.725,0.82574,0.82591,2.33,2.18
2012.04.26 08:13:14.219,0.82574,0.82591,1.58,2.93
2012.04.26 08:13:14.526,0.8257,0.82584,1.50,2.33
2012.04.26 08:13:18.796,0.82571,0.82588,3.90,2.33
2012.04.26 08:13:18.928,0.82575,0.82592,1.58,4.50
2012.04.26 08:13:19.597,0.82577,0.82593,1.58,3.08
2012.04.26 08:13:20.126,0.8258,0.82593,1.58,1.50
2012.04.26 08:13:20.817,0.82577,0.82593,3.90,1.50
2012.04.26 08:13:23.916,0.82575,0.8259,3.90,1.58
2012.04.26 08:13:30.289,0.82572,0.82589,2.93,1.58
2012.04.26 08:13:30.856,0.82572,0.82589,2.93,2.33
2012.04.26 08:13:31.417,0.82572,0.82589,2.93,1.58
2012.04.26 08:13:31.835,0.82572,0.82589,2.93,1.58
2012.04.26 08:13:34.126,0.82572,0.82589,2.93,2.33
2012.04.26 08:13:34.640,0.82572,0.82589,2.93,1.58
2012.04.26 08:13:38.344,0.82572,0.82589,2.93,1.58
2012.04.26 08:13:38.845,0.82575,0.8259,1.58,1.58
2012.04.26 08:13:43.516,0.82575,0.8259,1.58,2.33
2012.04.26 08:13:43.704,0.82573,0.82586,1.58,1.58
2012.04.26 08:13:43.774,0.82571,0.82586,3.08,1.58
2012.04.26 08:13:43.987,0.82574,0.82588,1.58,1.58
2012.04.26 08:13:44.748,0.82574,0.82589,1.58,1.58
2012.04.26 08:13:47.305,0.82578,0.82593,1.58,1.50
2012.04.26 08:13:47.435,0.8258,0.82596,1.58,1.35
2012.04.26 08:13:48.196,0.82578,0.82595,1.58,2.33
2012.04.26 08:13:48.366,0.8258,0.82596,1.58,2.93
2012.04.26 08:13:49.846,0.82582,0.82596,1.58,1.35
2012.04.26 08:13:51.061,0.8258,0.82595,1.58,2.33
2012.04.26 08:13:53.755,0.82578,0.82593,1.58,1.58
2012.04.26 08:13:55.566,0.8258,0.82595,1.58,1.58
2012.04.26 08:13:56.111,0.82578,0.82593,3.15,1.58
2012.04.26 08:13:57.477,0.82576,0.82591,2.33,1.58
2012.04.26 08:13:58.706,0.82578,0.82593,1.58,1.58
2012.04.26 08:13:58.896,0.82579,0.82595,2.33,1.58
2012.04.26 08:13:59.368,0.82578,0.82593,2.33,1.58
2012.04.26 08:13:59.972,0.82576,0.82591,2.33,1.58
2012.04.26 08:14:00.527,0.82574,0.8259,2.33,1.58
2012.04.26 08:14:00.957,0.82573,0.8259,2.33,2.33
2012.04.26 08:14:01.267,0.8257,0.82586,2.33,1.58
2012.04.26 08:14:01.395,0.82569,0.82586,3.08,1.58
2012.04.26 08:14:01.587,0.82569,0.82582,1.50,1.58
2012.04.26 08:14:01.957,0.82569,0.82587,2.33,2.93
2012.04.26 08:14:02.205,0.82571,0.82587,1.58,2.78
2012.04.26 08:14:02.791,0.82571,0.82586,1.58,3.15
2012.04.26 08:14:03.106,0.82568,0.82583,3.08,1.58
2012.04.26 08:14:03.358,0.82573,0.82588,1.58,2.33
2012.04.26 08:14:03.608,0.82571,0.82588,2.33,1.58
2012.04.26 08:14:03.739,0.82573,0.8259,1.58,6.08
2012.04.26 08:14:03.925,0.82573,0.82591,1.58,1.58
2012.04.26 08:14:04.057,0.82573,0.82589,3.75,1.58
2012.04.26 08:14:04.428,0.82577,0.82592,1.58,2.33
2012.04.26 08:14:04.736,0.82572,0.82589,2.33,1.58
2012.04.26 08:14:05.419,0.82575,0.82592,1.58,2.93
2012.04.26 08:14:05.726,0.82572,0.82587,3.68,1.58
2012.04.26 08:14:05.859,0.82577,0.82594,1.58,3.83
2012.04.26 08:14:06.165,0.82574,0.82591,1.58,1.58
2012.04.26 08:14:06.295,0.82576,0.82593,1.58,2.33
2012.04.26 08:14:06.605,0.82574,0.82591,3.75,1.58
2012.04.26 08:14:07.155,0.82577,0.82591,1.58,1.58
2012.04.26 08:14:07.526,0.82578,0.82594,1.58,1.50
2012.04.26 08:14:08.059,0.82577,0.82592,1.58,1.58
2012.04.26 08:14:10.057,0.82578,0.82595,1.58,4.65
2012.04.26 08:14:10.125,0.82578,0.82595,1.58,2.33
2012.04.26 08:14:10.378,0.8258,0.82597,1.58,3.75
2012.04.26 08:14:10.907,0.82581,0.82596,1.58,1.58
2012.04.26 08:14:11.485,0.8258,0.82597,1.58,2.33
2012.04.26 08:14:11.976,0.82578,0.82595,1.58,1.58
2012.04.26 08:14:12.522,0.82581,0.82596,1.58,1.58
2012.04.26 08:14:12.597,0.82579,0.82595,2.33,1.58
2012.04.26 08:14:14.654,0.82577,0.82593,2.10,1.58
2012.04.26 08:14:18.885,0.82575,0.82591,1.50,1.58
2012.04.26 08:14:18.954,0.82577,0.82593,2.33,1.58
2012.04.26 08:14:19.473,0.82577,0.82594,2.33,1.58
2012.04.26 08:14:20.092,0.82578,0.82595,2.33,1.58
2012.04.26 08:14:20.596,0.82581,0.82596,1.58,1.58
2012.04.26 08:14:23.097,0.82578,0.82595,3.90,1.58
2012.04.26 08:14:28.206,0.8258,0.82597,1.58,2.18
2012.04.26 08:14:29.244,0.8258,0.82596,1.58,1.58
2012.04.26 08:14:29.313,0.82579,0.82594,2.33,1.58
2012.04.26 08:14:31.075,0.8258,0.82596,1.58,1.58
2012.04.26 08:14:31.641,0.8258,0.82597,2.33,1.58
2012.04.26 08:14:33.345,0.82579,0.82594,1.58,1.58
2012.04.26 08:14:34.387,0.8258,0.82597,1.58,1.58
2012.04.26 08:14:38.347,0.82582,0.82599,1.58,2.33
2012.04.26 08:14:38.655,0.82585,0.826,1.58,1.58
2012.04.26 08:14:44.074,0.82586,0.82602,1.58,1.58
2012.04.26 08:14:44.507,0.82588,0.82604,1.58,2.33
2012.04.26 08:14:45.118,0.82588,0.82605,1.58,1.58
2012.04.26 08:14:45.437,0.82592,0.82609,1.58,1.58
2012.04.26 08:14:49.264,0.82592,0.82608,1.58,1.58
2012.04.26 08:14:49.772,0.82592,0.82609,1.58,1.58
2012.04.26 08:14:56.004,0.82592,0.82609,1.58,2.33
2012.04.26 08:14:57.385,0.8259,0.82607,2.33,1.58
2012.04.26 08:15:00.276,0.8259,0.82607,3.90,1.58
2012.04.26 08:15:00.588,0.82597,0.82612,1.58,2.33
2012.04.26 08:15:00.715,0.82597,0.82612,3.90,1.58
2012.04.26 08:15:00.787,0.82599,0.82614,1.58,3.83
2012.04.26 08:15:03.497,0.82599,0.82615,2.33,1.58
2012.04.26 08:15:04.046,0.82599,0.82616,2.33,1.58
2012.04.26 08:15:05.573,0.82599,0.82615,2.33,1.58
2012.04.26 08:15:05.646,0.82598,0.82613,2.33,1.58
2012.04.26 08:15:06.247,0.82598,0.82613,1.58,2.33
2012.04.26 08:15:06.377,0.82596,0.82611,1.50,2.33
2012.04.26 08:15:06.517,0.82595,0.82607,1.50,1.58
2012.04.26 08:15:06.886,0.8259,0.82605,4.50,1.58
2012.04.26 08:15:07.018,0.82587,0.82604,2.33,2.33
2012.04.26 08:15:07.149,0.82586,0.82601,3.08,1.58
2012.04.26 08:15:07.465,0.82588,0.82604,2.33,1.58
2012.04.26 08:15:07.994,0.82588,0.82605,2.33,1.58
2012.04.26 08:15:10.685,0.82588,0.82605,2.33,2.33
2012.04.26 08:15:11.288,0.82588,0.82605,2.33,1.58
2012.04.26 08:15:12.068,0.82588,0.82605,2.33,2.33
2012.04.26 08:15:12.256,0.82588,0.82605,2.33,1.58
2012.04.26 08:15:12.536,0.82588,0.82605,1.58,2.33
2012.04.26 08:15:13.156,0.82586,0.82603,2.33,2.33
2012.04.26 08:15:13.697,0.82588,0.82605,1.58,3.83
2012.04.26 08:15:15.510,0.82587,0.82605,1.58,3.83
2012.04.26 08:15:16.088,0.82585,0.82604,4.65,2.33
2012.04.26 08:15:16.545,0.82587,0.82605,1.58,3.83
2012.04.26 08:15:18.386,0.82586,0.82602,1.58,1.58
2012.04.26 08:15:18.845,0.82587,0.82604,1.58,1.58
2012.04.26 08:15:20.383,0.82587,0.82604,1.58,2.33
2012.04.26 08:15:23.564,0.82586,0.82602,1.58,1.58
2012.04.26 08:15:24.607,0.82587,0.82605,1.58,3.83
2012.04.26 08:15:25.454,0.82586,0.82602,1.58,1.58
2012.04.26 08:15:29.586,0.82586,0.82602,1.58,2.93
2012.04.26 08:15:29.896,0.82576,0.82593,3.68,1.58
2012.04.26 08:15:30.144,0.82575,0.82593,2.33,1.58
2012.04.26 08:15:30.705,0.82572,0.82594,3.83,2.93
2012.04.26 08:15:34.089,0.82575,0.82597,2.33,5.25
2012.04.26 08:15:34.157,0.82577,0.82597,1.58,3.68
2012.04.26 08:15:36.158,0.82579,0.82597,1.58,3.68
2012.04.26 08:15:36.762,0.8258,0.82597,1.58,2.93
2012.04.26 08:15:36.965,0.82578,0.82597,2.33,2.93
2012.04.26 08:15:37.578,0.82579,0.82597,1.58,2.93
2012.04.26 08:15:38.126,0.82576,0.82596,2.33,2.33
2012.04.26 08:15:38.655,0.82576,0.82596,2.33,2.33
2012.04.26 08:15:38.725,0.82577,0.82595,2.33,1.50
2012.04.26 08:15:39.318,0.82578,0.82597,1.58,5.25
2012.04.26 08:15:40.934,0.82578,0.82595,1.58,1.50
2012.04.26 08:15:41.123,0.82576,0.82595,1.58,1.50
2012.04.26 08:15:42.224,0.82573,0.82593,2.93,1.58
2012.04.26 08:15:42.773,0.82574,0.82595,2.33,1.50
2012.04.26 08:15:43.627,0.82574,0.82596,2.33,3.08
2012.04.26 08:15:44.716,0.82574,0.82596,2.33,2.33
2012.04.26 08:15:45.257,0.82578,0.82595,1.58,1.50
2012.04.26 08:15:45.448,0.82578,0.82597,1.58,3.68
2012.04.26 08:15:45.938,0.82579,0.826,2.33,2.10
2012.04.26 08:15:46.007,0.82581,0.826,1.58,2.10
2012.04.26 08:15:46.539,0.82582,0.826,1.58,1.50
2012.04.26 08:15:49.959,0.82582,0.82602,1.58,3.08
2012.04.26 08:15:50.455,0.8258,0.82598,1.50,1.58
2012.04.26 08:15:51.042,0.82581,0.82603,2.25,2.93
2012.04.26 08:15:51.405,0.82582,0.82604,2.93,1.35
2012.04.26 08:15:51.787,0.82584,0.82606,1.50,2.93
2012.04.26 08:15:53.755,0.82584,0.82608,1.50,3.68
2012.04.26 08:15:54.337,0.82584,0.82606,1.50,1.50
2012.04.26 08:15:54.406,0.82584,0.82606,1.50,1.50
2012.04.26 08:15:56.405,0.82587,0.82606,1.58,1.50
2012.04.26 08:15:56.714,0.82587,0.82607,1.58,3.08
2012.04.26 08:15:57.235,0.82586,0.82605,1.58,2.33
2012.04.26 08:16:00.515,0.82584,0.82604,3.08,2.33
2012.04.26 08:16:00.766,0.82584,0.82604,2.33,3.68
2012.04.26 08:16:00.958,0.82581,0.82603,3.08,2.33
2012.04.26 08:16:01.207,0.82585,0.82603,2.18,2.33
2012.04.26 08:16:01.522,0.82589,0.82606,1.58,2.33
2012.04.26 08:16:01.836,0.82586,0.82604,2.33,1.58
2012.04.26 08:16:02.280,0.82586,0.82601,2.33,1.58
2012.04.26 08:16:02.795,0.82588,0.82603,1.58,1.58
2012.04.26 08:16:04.496,0.82588,0.82603,2.33,1.58
2012.04.26 08:16:05.964,0.82588,0.82603,2.33,1.58
2012.04.26 08:16:07.419,0.82586,0.82602,2.93,1.58
2012.04.26 08:16:08.926,0.82588,0.82603,1.58,1.58
2012.04.26 08:16:09.236,0.82589,0.82606,1.58,3.90
2012.04.26 08:16:09.367,0.82592,0.82607,1.58,2.33
2012.04.26 08:16:09.922,0.82592,0.82607,1.58,1.58
2012.04.26 08:16:10.805,0.82589,0.82605,1.58,1.35
2012.04.26 08:16:11.120,0.82581,0.82597,3.68,1.58
2012.04.26 08:16:11.648,0.82581,0.82596,3.08,1.58
2012.04.26 08:16:12.008,0.82582,0.82599,2.33,2.33
2012.04.26 08:16:12.136,0.82586,0.82601,1.58,2.33
2012.04.26 08:16:12.275,0.82586,0.82601,1.58,1.58
2012.04.26 08:16:12.418,0.82586,0.82601,1.58,2.33
2012.04.26 08:16:12.548,0.82584,0.826,1.58,1.58
2012.04.26 08:16:12.617,0.82586,0.82601,1.58,4.35
2012.04.26 08:16:12.807,0.82581,0.82597,2.33,2.93
2012.04.26 08:16:13.327,0.82579,0.82596,2.33,1.58
2012.04.26 08:16:13.529,0.82577,0.82594,4.65,1.58
2012.04.26 08:16:19.607,0.82583,0.82597,2.33,2.93
2012.04.26 08:16:19.855,0.82583,0.826,2.33,2.33
2012.04.26 08:16:20.046,0.82582,0.82597,2.33,1.58
2012.04.26 08:16:20.178,0.82583,0.826,2.33,2.33
2012.04.26 08:16:20.507,0.82582,0.82597,2.33,1.58
2012.04.26 08:16:22.418,0.82582,0.82597,2.33,1.58
2012.04.26 08:16:22.669,0.82582,0.82599,2.33,2.33
2012.04.26 08:16:22.798,0.82584,0.82601,1.58,2.33
2012.04.26 08:16:22.946,0.82582,0.82599,2.33,2.33
2012.04.26 08:16:26.471,0.82582,0.82599,2.33,3.68
2012.04.26 08:16:26.658,0.82579,0.82594,2.33,2.33
2012.04.26 08:16:27.166,0.82577,0.82593,1.50,1.58
2012.04.26 08:16:27.475,0.82576,0.82591,4.50,1.58
2012.04.26 08:16:28.016,0.82577,0.82592,2.33,1.58
2012.04.26 08:16:32.548,0.82578,0.82595,2.33,2.33
2012.04.26 08:16:32.956,0.82576,0.82588,4.50,1.58
2012.04.26 08:16:35.535,0.82576,0.82586,4.50,1.58
2012.04.26 08:16:38.855,0.82576,0.82584,3.75,1.58
2012.04.26 08:16:39.285,0.8257,0.82584,1.13,1.58
2012.04.26 08:16:39.357,0.82569,0.82584,1.58,1.58
2012.04.26 08:16:39.496,0.82566,0.82584,2.33,2.18
2012.04.26 08:16:39.568,0.82564,0.82579,3.08,1.58
2012.04.26 08:16:39.818,0.82564,0.8258,1.50,1.58
2012.04.26 08:16:40.349,0.82563,0.8258,3.08,3.15
2012.04.26 08:16:40.417,0.82563,0.82578,1.50,1.58
2012.04.26 08:16:41.062,0.82564,0.82579,2.33,1.58
2012.04.26 08:16:42.924,0.82566,0.82581,1.58,1.58
2012.04.26 08:16:43.177,0.82563,0.8258,3.08,1.58
2012.04.26 08:16:43.365,0.82566,0.82581,1.58,1.58
2012.04.26 08:16:43.496,0.82563,0.8258,3.08,1.58
2012.04.26 08:16:43.805,0.82566,0.82581,1.58,1.58
2012.04.26 08:16:44.432,0.82563,0.82577,1.50,1.58
2012.04.26 08:16:44.499,0.82564,0.82579,2.33,1.58
2012.04.26 08:16:45.182,0.82565,0.82581,1.58,1.58
2012.04.26 08:16:45.679,0.82564,0.82579,1.58,1.58
2012.04.26 08:16:45.747,0.82562,0.82578,1.58,1.58
2012.04.26 08:16:46.178,0.82561,0.82576,2.25,1.58
2012.04.26 08:16:46.529,0.82561,0.82578,3.83,3.15
2012.04.26 08:16:47.324,0.82563,0.82579,1.58,2.33
2012.04.26 08:16:47.659,0.82562,0.82577,1.58,1.58
2012.04.26 08:16:48.970,0.82561,0.82578,3.08,1.58
2012.04.26 08:16:49.668,0.82561,0.82577,3.08,1.58
2012.04.26 08:16:49.970,0.82561,0.82575,1.50,1.58
2012.04.26 08:16:50.476,0.82562,0.82577,2.33,1.58
2012.04.26 08:16:51.318,0.82563,0.82577,1.58,1.58
2012.04.26 08:16:51.386,0.82564,0.82581,1.58,1.58
2012.04.26 08:16:51.580,0.82562,0.82577,1.58,1.58
2012.04.26 08:16:54.565,0.82563,0.82579,1.58,2.18
2012.04.26 08:16:54.938,0.82564,0.82578,1.50,1.58
2012.04.26 08:16:55.245,0.82567,0.82583,1.58,1.05
2012.04.26 08:16:55.756,0.82566,0.82583,1.58,2.33
2012.04.26 08:16:56.257,0.82565,0.8258,1.58,3.90
2012.04.26 08:16:56.630,0.82562,0.82579,3.08,1.58
2012.04.26 08:16:56.877,0.82563,0.82579,2.25,1.58
2012.04.26 08:16:57.326,0.82562,0.82579,3.83,1.58
2012.04.26 08:17:00.558,0.82562,0.82579,3.08,1.58
2012.04.26 08:17:03.596,0.8256,0.82577,3.90,1.58
2012.04.26 08:17:03.904,0.82558,0.82574,1.50,1.58
2012.04.26 08:17:04.298,0.82562,0.82577,1.58,2.18
2012.04.26 08:17:05.478,0.82564,0.82577,2.18,1.58
2012.04.26 08:17:05.548,0.82564,0.8258,2.18,1.58
2012.04.26 08:17:05.677,0.82568,0.82583,1.58,3.08
2012.04.26 08:17:06.226,0.82568,0.82583,1.58,1.58
2012.04.26 08:17:06.849,0.82566,0.82582,2.18,1.58
2012.04.26 08:17:06.917,0.82566,0.82579,2.18,1.58
2012.04.26 08:17:07.048,0.82563,0.82579,2.10,1.58
2012.04.26 08:17:07.297,0.82562,0.82576,1.38,1.58
2012.04.26 08:17:07.936,0.82561,0.82575,2.25,1.58
2012.04.26 08:17:08.009,0.82561,0.82578,3.83,1.58
2012.04.26 08:17:14.325,0.82561,0.82578,2.33,1.58
2012.04.26 08:17:14.759,0.82563,0.82579,1.58,1.58
2012.04.26 08:17:15.287,0.82562,0.82578,1.35,1.58
2012.04.26 08:17:15.417,0.82563,0.8258,1.58,1.58
2012.04.26 08:17:15.606,0.82562,0.82577,2.93,1.58
2012.04.26 08:17:15.915,0.82563,0.8258,1.58,3.15
2012.04.26 08:17:17.165,0.82562,0.82577,2.93,1.58
2012.04.26 08:17:17.487,0.82563,0.8258,1.58,1.58
2012.04.26 08:17:19.853,0.82562,0.82577,2.33,1.58
2012.04.26 08:17:24.243,0.82564,0.82579,1.58,1.58
2012.04.26 08:17:24.797,0.82561,0.82578,2.33,1.58
2012.04.26 08:17:24.929,0.82564,0.82581,1.58,3.75
2012.04.26 08:17:25.266,0.82562,0.82579,1.58,2.33
2012.04.26 08:17:25.987,0.82562,0.82579,1.58,1.58
2012.04.26 08:17:28.194,0.82562,0.82579,1.58,2.33
2012.04.26 08:17:28.723,0.82562,0.82579,1.58,1.58
2012.04.26 08:17:30.837,0.82568,0.8258,1.58,1.58
2012.04.26 08:17:31.086,0.82568,0.82583,1.58,2.33
2012.04.26 08:17:31.486,0.82566,0.82581,1.58,1.58
2012.04.26 08:17:32.165,0.82568,0.82583,1.58,2.33
2012.04.26 08:17:34.255,0.82565,0.82582,2.33,2.33
2012.04.26 08:17:34.797,0.82566,0.82584,1.58,3.68
2012.04.26 08:17:34.928,0.82566,0.82582,1.58,1.50
2012.04.26 08:17:35.237,0.82562,0.82578,2.33,1.58
2012.04.26 08:17:35.756,0.82566,0.82581,1.58,1.58
2012.04.26 08:17:36.258,0.82567,0.82583,1.58,2.33
2012.04.26 08:17:37.408,0.82567,0.82581,1.58,1.58
2012.04.26 08:17:37.477,0.82564,0.82579,2.33,1.58
2012.04.26 08:17:37.605,0.82561,0.82578,3.83,1.58
2012.04.26 08:17:37.736,0.82561,0.82575,2.25,1.58
2012.04.26 08:17:37.927,0.82563,0.82578,1.58,1.58
2012.04.26 08:17:38.442,0.82564,0.82581,1.58,1.58
2012.04.26 08:17:39.155,0.82567,0.82582,1.58,2.33
2012.04.26 08:17:39.228,0.82565,0.82581,1.58,1.58
2012.04.26 08:17:42.460,0.82564,0.82579,1.58,1.58
2012.04.26 08:17:42.997,0.82562,0.82577,1.58,1.58
2012.04.26 08:17:43.306,0.82558,0.82575,2.33,1.58
2012.04.26 08:17:43.679,0.82557,0.82572,2.33,1.58
2012.04.26 08:17:43.933,0.82559,0.82574,2.33,1.58
2012.04.26 08:17:44.006,0.82561,0.82576,2.33,1.58
2012.04.26 08:17:44.135,0.82563,0.82577,1.58,1.50
2012.04.26 08:17:44.206,0.8256,0.82577,2.33,3.08
2012.04.26 08:17:44.456,0.82563,0.82578,1.58,2.33
2012.04.26 08:17:45.781,0.82564,0.8258,1.58,2.10
2012.04.26 08:17:45.905,0.82562,0.82577,1.58,2.33
2012.04.26 08:17:47.295,0.82563,0.82579,1.58,2.33
2012.04.26 08:17:47.837,0.82562,0.82577,1.58,2.33
2012.04.26 08:17:48.425,0.82563,0.8258,1.58,3.68
2012.04.26 08:17:48.984,0.82562,0.82577,1.58,2.33
2012.04.26 08:17:49.794,0.82562,0.82577,1.58,2.70
2012.04.26 08:17:50.108,0.82545,0.8256,1.58,2.33
2012.04.26 08:17:50.177,0.82545,0.8256,1.58,3.08
2012.04.26 08:17:50.247,0.82536,0.82553,2.33,1.58
2012.04.26 08:17:50.496,0.82538,0.82555,1.58,1.58
2012.04.26 08:17:50.626,0.8254,0.82555,1.58,2.33
2012.04.26 08:17:50.826,0.82537,0.82554,1.58,2.33
2012.04.26 08:17:52.645,0.82542,0.82555,1.58,1.50
2012.04.26 08:17:53.196,0.8254,0.82553,1.58,1.50
2012.04.26 08:17:53.686,0.82538,0.82553,1.58,2.93
2012.04.26 08:17:53.814,0.8254,0.82553,1.58,1.35
2012.04.26 08:17:54.674,0.82537,0.82554,1.58,2.33
2012.04.26 08:17:54.867,0.82541,0.82556,1.58,3.08
2012.04.26 08:17:54.936,0.82541,0.82556,1.58,2.33
2012.04.26 08:17:55.126,0.82538,0.82555,1.58,1.58
2012.04.26 08:17:56.731,0.82541,0.82556,1.58,2.33
2012.04.26 08:17:58.196,0.82542,0.82558,1.58,1.50
2012.04.26 08:17:58.325,0.82542,0.82559,1.58,1.58
2012.04.26 08:17:58.515,0.82544,0.82561,1.58,6.08
2012.04.26 08:17:59.307,0.82546,0.82561,1.58,4.50
2012.04.26 08:17:59.860,0.82545,0.8256,1.58,1.58
2012.04.26 08:18:00.578,0.82547,0.82561,1.58,4.88
2012.04.26 08:18:00.648,0.82543,0.8256,1.58,1.58
2012.04.26 08:18:01.220,0.82545,0.82561,1.58,6.08
2012.04.26 08:18:01.738,0.82547,0.82562,2.10,2.33
2012.04.26 08:18:01.988,0.82555,0.82571,1.58,1.50
2012.04.26 08:18:02.117,0.82558,0.82571,1.58,1.50
2012.04.26 08:18:02.549,0.82556,0.82571,1.58,3.08
2012.04.26 08:18:03.685,0.82554,0.82569,1.58,1.58
2012.04.26 08:18:04.251,0.82556,0.82571,1.58,1.50
2012.04.26 08:18:05.456,0.82558,0.82571,1.58,1.50
2012.04.26 08:18:05.947,0.82562,0.82576,1.58,6.68
2012.04.26 08:18:06.075,0.8256,0.82573,1.58,2.33
2012.04.26 08:18:06.145,0.82558,0.82573,2.33,2.33
2012.04.26 08:18:06.339,0.82555,0.82568,1.58,2.18
2012.04.26 08:18:06.961,0.82554,0.82568,1.58,2.93
2012.04.26 08:18:08.827,0.82554,0.82571,1.58,2.33
2012.04.26 08:18:08.895,0.82557,0.82572,1.58,2.33
2012.04.26 08:18:09.486,0.82555,0.8257,3.15,1.58
2012.04.26 08:18:11.025,0.82556,0.82573,1.58,2.93
2012.04.26 08:18:11.866,0.82554,0.82571,2.33,2.33
2012.04.26 08:18:16.685,0.82556,0.82572,1.58,2.33
2012.04.26 08:18:18.315,0.82554,0.8257,3.75,1.58
2012.04.26 08:18:18.448,0.82556,0.82571,1.58,2.33
2012.04.26 08:18:18.699,0.82552,0.82569,2.33,1.58
2012.04.26 08:18:18.886,0.82551,0.82566,2.33,1.58
2012.04.26 08:18:19.498,0.82552,0.82568,2.33,1.58
2012.04.26 08:18:19.987,0.82552,0.82569,3.08,1.58
2012.04.26 08:18:20.116,0.82556,0.82571,2.33,2.33
2012.04.26 08:18:20.186,0.82559,0.82573,1.58,1.50
2012.04.26 08:18:20.618,0.82557,0.82571,1.58,2.33
2012.04.26 08:18:21.499,0.82556,0.82571,2.33,2.33
2012.04.26 08:18:22.046,0.82557,0.82571,2.93,2.33
2012.04.26 08:18:22.596,0.82558,0.82573,1.58,2.33
2012.04.26 08:18:23.584,0.82556,0.82571,1.58,2.33
2012.04.26 08:18:23.935,0.82558,0.82573,1.58,2.33
2012.04.26 08:18:24.664,0.82567,0.82581,1.58,1.05
2012.04.26 08:18:24.744,0.82568,0.82583,1.58,5.38
2012.04.26 08:18:24.816,0.82568,0.82583,1.58,4.50
2012.04.26 08:18:24.950,0.8257,0.82584,1.58,1.50
2012.04.26 08:18:25.167,0.82567,0.82584,1.58,3.83
2012.04.26 08:18:25.355,0.82566,0.8258,1.58,1.58
2012.04.26 08:18:25.857,0.82565,0.8258,1.58,1.58
2012.04.26 08:18:26.105,0.82566,0.82583,1.58,4.50
2012.04.26 08:18:27.785,0.82565,0.8258,1.58,1.58
2012.04.26 08:18:31.065,0.82566,0.82583,1.58,6.83
2012.04.26 08:18:32.707,0.82569,0.82583,1.58,3.68
2012.04.26 08:18:32.895,0.82566,0.82583,3.15,4.50
2012.04.26 08:18:34.898,0.82569,0.82584,1.58,6.60
2012.04.26 08:18:35.985,0.82567,0.82583,1.58,2.33
2012.04.26 08:18:37.855,0.82565,0.82582,3.15,1.58
2012.04.26 08:18:42.725,0.82564,0.8258,1.58,1.58
2012.04.26 08:18:43.239,0.82563,0.8258,1.58,1.58
2012.04.26 08:18:43.775,0.82563,0.8258,1.58,2.33
2012.04.26 08:18:44.189,0.82569,0.82582,1.58,1.50
2012.04.26 08:18:44.704,0.82566,0.82581,3.15,4.35
2012.04.26 08:18:45.695,0.82566,0.82581,1.58,5.10
2012.04.26 08:18:45.828,0.82564,0.8258,1.58,1.58
2012.04.26 08:18:46.366,0.82566,0.82581,1.58,2.18
2012.04.26 08:18:46.606,0.82563,0.8258,1.58,2.33
2012.04.26 08:18:47.465,0.82565,0.82581,1.58,2.93
2012.04.26 08:18:48.519,0.82565,0.82582,1.58,2.93
2012.04.26 08:18:48.769,0.82565,0.82581,1.58,1.35
2012.04.26 08:18:49.077,0.82562,0.82578,1.58,6.60
2012.04.26 08:18:49.208,0.82559,0.82574,1.58,2.93
2012.04.26 08:18:49.337,0.82557,0.82574,1.58,5.10
2012.04.26 08:18:50.557,0.82561,0.82574,1.58,1.50
2012.04.26 08:18:50.985,0.82562,0.82577,1.58,5.85
2012.04.26 08:18:51.174,0.82562,0.82577,1.58,6.60
2012.04.26 08:18:52.485,0.82562,0.82577,1.58,2.93
2012.04.26 08:18:53.907,0.8256,0.82575,3.15,1.58
2012.04.26 08:18:54.156,0.82556,0.82572,2.33,2.78
2012.04.26 08:18:54.226,0.82555,0.8257,2.33,1.58
2012.04.26 08:18:54.738,0.82557,0.82572,1.58,3.75
2012.04.26 08:18:54.807,0.82555,0.8257,1.58,1.58
2012.04.26 08:18:54.996,0.82555,0.82572,1.58,3.15
2012.04.26 08:18:55.485,0.82553,0.8257,2.33,1.58
2012.04.26 08:18:55.855,0.82553,0.82568,2.33,2.18
2012.04.26 08:18:56.046,0.82553,0.8257,1.58,1.58
2012.04.26 08:18:56.115,0.82555,0.8257,1.58,1.58
2012.04.26 08:18:56.636,0.82557,0.82572,1.58,1.58
2012.04.26 08:18:57.217,0.82557,0.82572,1.58,2.93
2012.04.26 08:18:58.358,0.82555,0.82568,1.58,1.58
2012.04.26 08:18:58.427,0.82556,0.82572,1.58,2.18
2012.04.26 08:18:58.557,0.82558,0.82574,1.58,1.50
2012.04.26 08:18:59.270,0.82556,0.82573,2.33,1.50
2012.04.26 08:18:59.807,0.82558,0.82573,1.58,2.10
2012.04.26 08:19:00.117,0.82555,0.8257,2.33,1.58
2012.04.26 08:19:00.437,0.82552,0.82569,2.33,1.58
2012.04.26 08:19:01.135,0.82552,0.82569,2.33,1.58
2012.04.26 08:19:01.515,0.82551,0.82566,2.33,1.58
2012.04.26 08:19:03.907,0.82553,0.82568,1.58,1.58
2012.04.26 08:19:05.126,0.82554,0.8257,1.58,1.58
2012.04.26 08:19:05.644,0.82553,0.82568,1.58,1.58
2012.04.26 08:19:06.235,0.82555,0.8257,1.58,1.58
2012.04.26 08:19:11.028,0.82557,0.82571,1.58,2.18
2012.04.26 08:19:12.484,0.82555,0.8257,1.58,1.58
2012.04.26 08:19:13.062,0.82556,0.82571,1.58,2.18
2012.04.26 08:19:14.653,0.82554,0.82571,1.58,3.75
2012.04.26 08:19:15.937,0.82553,0.82568,2.33,1.58
2012.04.26 08:19:16.404,0.82555,0.8257,1.58,1.58
2012.04.26 08:19:17.575,0.82556,0.82573,1.58,3.68
2012.04.26 08:19:18.100,0.82554,0.82571,1.58,1.58
2012.04.26 08:19:18.478,0.82556,0.82573,1.58,4.65
2012.04.26 08:19:19.478,0.82554,0.82569,2.33,1.58
2012.04.26 08:19:19.668,0.82556,0.82573,1.58,2.33
2012.04.26 08:19:19.976,0.82555,0.82571,2.85,1.58
2012.04.26 08:19:20.167,0.82556,0.82573,2.33,1.58
2012.04.26 08:19:22.055,0.8256,0.82577,2.33,1.58
2012.04.26 08:19:22.366,0.82563,0.82578,2.33,1.58
2012.04.26 08:19:22.675,0.82562,0.82576,1.35,1.58
2012.04.26 08:19:22.747,0.82563,0.8258,2.33,1.58
2012.04.26 08:19:24.419,0.82565,0.82582,1.58,1.58
2012.04.26 08:19:25.139,0.82565,0.82582,2.33,1.58
2012.04.26 08:19:25.763,0.8256,0.82579,3.68,1.58
2012.04.26 08:19:26.436,0.8256,0.82579,3.68,1.58
2012.04.26 08:19:26.904,0.8256,0.82579,1.50,1.58
2012.04.26 08:19:27.034,0.82559,0.82577,2.33,2.18
2012.04.26 08:19:27.286,0.82559,0.82579,2.33,2.33
2012.04.26 08:19:27.836,0.8256,0.82579,2.93,2.33
2012.04.26 08:19:28.375,0.8256,0.82581,2.33,1.50
2012.04.26 08:19:28.671,0.8256,0.82582,2.33,2.33
2012.04.26 08:19:28.737,0.8256,0.82582,2.33,2.33
2012.04.26 08:19:29.213,0.82561,0.82581,3.08,1.58
2012.04.26 08:19:29.747,0.82563,0.82582,2.33,1.58
2012.04.26 08:19:30.274,0.82564,0.82585,1.35,3.08
2012.04.26 08:19:31.268,0.82564,0.82582,1.35,1.58
2012.04.26 08:19:31.695,0.82564,0.82585,1.35,1.50
2012.04.26 08:19:32.227,0.82564,0.82585,1.35,1.50
2012.04.26 08:19:33.807,0.82564,0.82586,1.35,2.93
2012.04.26 08:19:35.766,0.82566,0.82583,2.33,2.18
2012.04.26 08:19:36.027,0.82563,0.82583,3.08,2.18
2012.04.26 08:19:36.659,0.82564,0.82586,2.33,2.93
2012.04.26 08:19:37.251,0.82564,0.82586,2.33,2.93
2012.04.26 08:19:38.575,0.82568,0.82585,1.58,2.33
2012.04.26 08:19:39.207,0.82568,0.82585,1.58,3.08
2012.04.26 08:19:39.525,0.82561,0.82578,3.68,1.58
2012.04.26 08:19:40.099,0.82561,0.82578,3.68,1.58
2012.04.26 08:19:40.225,0.82561,0.82575,2.10,1.58
2012.04.26 08:19:40.556,0.82564,0.82579,1.58,3.75
2012.04.26 08:19:40.807,0.82561,0.82578,1.50,1.58
2012.04.26 08:19:41.367,0.82561,0.82577,3.08,1.58
2012.04.26 08:19:41.786,0.82562,0.8258,2.33,1.58
2012.04.26 08:19:42.158,0.82561,0.82578,1.50,1.58
2012.04.26 08:19:42.468,0.8256,0.82575,2.33,1.58
2012.04.26 08:19:42.658,0.82559,0.82576,2.33,1.58
2012.04.26 08:19:43.145,0.82558,0.82573,2.93,1.58
2012.04.26 08:19:43.338,0.82559,0.82576,1.35,1.58
2012.04.26 08:19:45.097,0.82559,0.82573,1.35,1.58
2012.04.26 08:19:45.487,0.82563,0.82575,1.58,1.58
2012.04.26 08:19:45.555,0.82563,0.82578,1.58,2.33
2012.04.26 08:19:46.016,0.82565,0.8258,1.58,2.33
2012.04.26 08:19:46.086,0.82563,0.82578,1.58,1.58
2012.04.26 08:19:46.155,0.82563,0.82576,1.58,1.58
2012.04.26 08:19:46.225,0.8256,0.82574,1.35,1.58
2012.04.26 08:19:46.355,0.82561,0.82578,1.58,1.58
2012.04.26 08:19:46.785,0.82562,0.82578,2.85,1.58
2012.04.26 08:19:46.855,0.82568,0.82583,1.58,3.08
2012.04.26 08:19:47.226,0.82569,0.82586,1.58,3.08
2012.04.26 08:19:48.697,0.82566,0.82583,2.93,1.58
2012.04.26 08:19:49.166,0.82566,0.82581,1.35,1.58
2012.04.26 08:19:52.664,0.82566,0.82583,2.18,1.58
2012.04.26 08:19:53.285,0.82567,0.82583,1.58,1.58
2012.04.26 08:19:53.354,0.82569,0.82584,1.58,1.58
2012.04.26 08:19:54.096,0.82568,0.82585,1.58,2.33
2012.04.26 08:19:54.497,0.82567,0.82582,1.58,1.58
2012.04.26 08:19:57.256,0.82567,0.82585,3.15,2.33
2012.04.26 08:19:57.324,0.82569,0.82586,1.58,2.33
2012.04.26 08:19:57.743,0.82568,0.82583,2.33,1.58
2012.04.26 08:19:58.045,0.8257,0.82585,1.58,2.33
2012.04.26 08:19:59.117,0.82571,0.82588,1.58,3.08
2012.04.26 08:20:00.997,0.82571,0.82588,1.58,4.65
2012.04.26 08:20:01.664,0.8257,0.82585,1.58,1.58
2012.04.26 08:20:02.870,0.8257,0.82585,1.58,2.33
2012.04.26 08:20:03.047,0.82568,0.82584,1.58,2.33
2012.04.26 08:20:03.295,0.82566,0.82582,2.33,1.58
2012.04.26 08:20:05.610,0.82565,0.8258,3.08,1.58
2012.04.26 08:20:05.916,0.82563,0.82578,3.08,2.33
2012.04.26 08:20:06.311,0.82562,0.82572,4.50,1.58
2012.04.26 08:20:06.380,0.82562,0.82575,4.50,1.58
2012.04.26 08:20:06.927,0.82562,0.82573,4.88,1.58
2012.04.26 08:20:07.181,0.82557,0.82572,1.95,1.58
2012.04.26 08:20:07.247,0.82555,0.82571,3.75,1.58
2012.04.26 08:20:07.377,0.82553,0.82567,2.93,1.58
2012.04.26 08:20:07.888,0.82552,0.82566,2.25,1.58
2012.04.26 08:20:08.211,0.82553,0.8257,2.33,1.58
2012.04.26 08:20:11.048,0.82553,0.82568,3.90,1.58
2012.04.26 08:20:11.616,0.82555,0.8257,1.58,3.90
2012.04.26 08:20:11.940,0.82555,0.8257,1.58,3.08
2012.04.26 08:20:12.496,0.82553,0.82568,2.33,2.33
2012.04.26 08:20:14.413,0.82553,0.82568,2.33,2.93
2012.04.26 08:20:14.719,0.82548,0.82562,1.58,1.58
2012.04.26 08:20:14.789,0.82545,0.82562,1.58,3.75
2012.04.26 08:20:15.457,0.82546,0.82562,1.58,2.18
2012.04.26 08:20:15.588,0.82546,0.82564,1.58,3.08
2012.04.26 08:20:15.727,0.82549,0.82564,1.58,2.33
2012.04.26 08:20:16.608,0.82549,0.82562,1.58,2.18
2012.04.26 08:20:16.756,0.82549,0.82564,1.58,3.08
2012.04.26 08:20:17.429,0.82547,0.82564,2.33,1.58
2012.04.26 08:20:17.499,0.82547,0.82564,2.33,1.58
2012.04.26 08:20:17.867,0.82551,0.82567,2.33,1.58
2012.04.26 08:20:17.998,0.82554,0.82569,1.58,2.33
2012.04.26 08:20:20.938,0.82556,0.82571,1.58,3.90
2012.04.26 08:20:21.489,0.82553,0.8257,3.90,2.33
2012.04.26 08:20:21.785,0.82556,0.82571,1.58,3.90
2012.04.26 08:20:22.096,0.82553,0.8257,1.58,2.33
2012.04.26 08:20:23.468,0.82552,0.82567,3.15,1.58
2012.04.26 08:20:24.008,0.82553,0.82569,1.58,4.50
2012.04.26 08:20:24.077,0.82552,0.82567,1.58,1.58
2012.04.26 08:20:24.209,0.82552,0.8257,1.58,2.33
2012.04.26 08:20:24.277,0.82554,0.82571,1.58,2.93
2012.04.26 08:20:25.397,0.82552,0.82569,1.58,2.33
2012.04.26 08:20:26.150,0.82553,0.82568,1.58,1.58
2012.04.26 08:20:26.427,0.8255,0.82565,3.08,1.58
2012.04.26 08:20:26.736,0.82552,0.82567,1.58,1.58
2012.04.26 08:20:28.779,0.82554,0.82569,1.58,2.33
2012.04.26 08:20:29.453,0.82553,0.8257,1.58,2.33
2012.04.26 08:20:30.557,0.82553,0.8257,2.33,1.58
2012.04.26 08:20:30.926,0.82556,0.82571,1.58,3.15
2012.04.26 08:20:32.216,0.82554,0.82569,3.08,1.58
2012.04.26 08:20:34.787,0.82554,0.82569,2.33,1.58
2012.04.26 08:20:35.313,0.82553,0.82568,1.50,1.58
2012.04.26 08:20:37.368,0.82554,0.82569,2.33,1.58
2012.04.26 08:20:38.021,0.82555,0.82569,2.93,1.58
2012.04.26 08:20:42.856,0.82555,0.82567,2.93,1.58
2012.04.26 08:20:43.305,0.82555,0.8257,1.35,3.15
2012.04.26 08:20:54.678,0.82555,0.82572,2.93,1.58
2012.04.26 08:20:57.099,0.82558,0.82573,1.58,1.58
2012.04.26 08:20:58.576,0.8256,0.82577,1.58,2.33
2012.04.26 08:20:58.766,0.82561,0.82579,1.58,2.33
2012.04.26 08:20:59.019,0.82559,0.82577,2.33,1.58
2012.04.26 08:20:59.479,0.82562,0.82577,1.58,1.58
2012.04.26 08:20:59.547,0.8256,0.82577,1.58,1.58
2012.04.26 08:21:00.064,0.82559,0.82577,2.33,1.58
2012.04.26 08:21:01.347,0.82562,0.82577,1.58,1.58
2012.04.26 08:21:01.706,0.8256,0.82576,1.58,1.58
2012.04.26 08:21:02.016,0.82562,0.82578,1.58,1.58
2012.04.26 08:21:02.522,0.82563,0.82579,1.58,1.50
2012.04.26 08:21:03.127,0.82566,0.8258,1.58,1.50
2012.04.26 08:21:03.636,0.82568,0.82582,1.58,1.50
2012.04.26 08:21:03.710,0.82568,0.82583,1.58,3.83
2012.04.26 08:21:03.778,0.82566,0.82581,1.58,1.58
2012.04.26 08:21:05.105,0.82562,0.82579,1.58,1.58
2012.04.26 08:21:05.839,0.82564,0.82581,1.58,3.15
2012.04.26 08:21:06.166,0.82563,0.82578,1.58,1.58
2012.04.26 08:21:06.548,0.82565,0.8258,1.58,2.33
2012.04.26 08:21:06.619,0.82563,0.8258,3.15,2.33
2012.04.26 08:21:06.747,0.82563,0.8258,1.58,1.58
2012.04.26 08:21:07.150,0.82565,0.82582,1.58,3.08
2012.04.26 08:21:07.616,0.82563,0.8258,1.58,1.58
2012.04.26 08:21:08.956,0.82564,0.82582,2.33,2.33
2012.04.26 08:21:09.027,0.82564,0.82579,2.93,1.58
2012.04.26 08:21:09.337,0.82567,0.82584,1.58,2.33
2012.04.26 08:21:09.646,0.82565,0.82582,2.33,2.33
2012.04.26 08:21:10.730,0.82565,0.82582,3.08,1.58
2012.04.26 08:21:11.134,0.82568,0.82583,1.58,3.15
2012.04.26 08:21:12.780,0.82566,0.82581,2.33,1.58
2012.04.26 08:21:13.466,0.82567,0.82584,1.58,1.58
2012.04.26 08:21:13.536,0.82569,0.82585,1.58,1.58
2012.04.26 08:21:13.847,0.82567,0.82584,3.08,1.58
2012.04.26 08:21:14.426,0.8257,0.82585,1.58,3.15
2012.04.26 08:21:14.859,0.82571,0.82588,1.58,1.58
2012.04.26 08:21:14.930,0.8257,0.82586,1.50,1.58
2012.04.26 08:21:15.421,0.8257,0.82586,1.50,1.58
2012.04.26 08:21:15.958,0.8257,0.82586,1.50,1.58
2012.04.26 08:21:16.030,0.82571,0.82588,2.33,1.58
2012.04.26 08:21:16.100,0.8257,0.82584,1.50,1.58
2012.04.26 08:21:16.167,0.82571,0.82586,2.33,3.15
2012.04.26 08:21:16.638,0.82573,0.82588,1.58,1.58
2012.04.26 08:21:16.947,0.82575,0.8259,1.58,1.58
2012.04.26 08:21:17.018,0.82575,0.82592,1.58,1.58
2012.04.26 08:21:17.086,0.82574,0.82589,2.33,1.58
2012.04.26 08:21:18.606,0.82574,0.82589,3.08,1.58
2012.04.26 08:21:18.807,0.82577,0.82592,1.58,1.58
2012.04.26 08:21:19.888,0.82579,0.82594,1.58,2.33
2012.04.26 08:21:20.339,0.82579,0.82594,2.33,2.33
2012.04.26 08:21:20.646,0.82577,0.82593,2.85,1.58
2012.04.26 08:21:21.171,0.8258,0.82595,1.58,1.58
2012.04.26 08:21:21.655,0.82578,0.82593,3.08,1.58
2012.04.26 08:21:24.265,0.82578,0.82592,1.50,1.58
2012.04.26 08:21:24.873,0.82578,0.82593,1.50,1.58
2012.04.26 08:21:29.338,0.82579,0.82594,2.33,1.58
2012.04.26 08:21:29.864,0.82578,0.82593,1.50,1.58
2012.04.26 08:21:31.016,0.82579,0.82594,2.33,1.58
2012.04.26 08:21:32.227,0.82584,0.82598,1.58,2.18
2012.04.26 08:21:32.299,0.82584,0.826,1.58,1.58
2012.04.26 08:21:32.430,0.82583,0.82598,2.33,1.58
2012.04.26 08:21:32.861,0.82579,0.82593,2.25,1.58
2012.04.26 08:21:33.236,0.82579,0.82594,3.08,1.58
2012.04.26 08:21:33.429,0.82579,0.82592,1.50,1.58
2012.04.26 08:21:33.750,0.8258,0.82595,2.33,1.58
2012.04.26 08:21:34.651,0.82582,0.82597,1.58,3.15
2012.04.26 08:21:36.326,0.8258,0.82595,2.33,1.58
2012.04.26 08:21:36.876,0.82581,0.82598,1.58,2.33
2012.04.26 08:21:37.990,0.82581,0.82597,1.58,1.58
2012.04.26 08:21:38.388,0.8258,0.82595,1.58,1.58
2012.04.26 08:21:39.236,0.82578,0.82594,2.33,1.58
2012.04.26 08:21:41.007,0.82579,0.82597,3.08,3.15
2012.04.26 08:21:41.448,0.82579,0.82595,1.50,1.58
2012.04.26 08:21:41.973,0.82579,0.82595,1.50,1.58
2012.04.26 08:21:47.657,0.8258,0.82597,2.33,1.58
2012.04.26 08:21:47.729,0.82578,0.82594,1.50,1.58
2012.04.26 08:21:48.035,0.82578,0.82591,1.50,1.58
2012.04.26 08:21:48.767,0.82577,0.82594,2.33,2.33
2012.04.26 08:21:50.052,0.82581,0.82596,1.58,1.58
2012.04.26 08:21:50.299,0.82578,0.82595,3.08,1.58
2012.04.26 08:21:50.607,0.82576,0.82591,4.65,2.10
2012.04.26 08:21:50.677,0.82576,0.82591,3.08,2.10
2012.04.26 08:21:50.748,0.82576,0.82586,1.50,1.58
2012.04.26 08:21:50.816,0.82576,0.82592,1.50,1.58
2012.04.26 08:21:51.326,0.82575,0.82592,1.58,1.58
2012.04.26 08:21:52.077,0.82573,0.8259,2.33,1.58
2012.04.26 08:21:52.600,0.82576,0.82591,1.58,1.58
2012.04.26 08:21:53.098,0.82573,0.8259,2.33,1.58
2012.04.26 08:21:53.295,0.82576,0.82593,1.58,2.93
2012.04.26 08:21:54.155,0.82575,0.82589,1.58,2.10
2012.04.26 08:21:54.232,0.8257,0.82587,2.33,2.18
2012.04.26 08:21:54.296,0.8257,0.82587,2.33,2.18
2012.04.26 08:21:54.485,0.82568,0.82585,1.58,1.58
2012.04.26 08:21:54.915,0.82571,0.82586,1.58,4.35
2012.04.26 08:21:56.328,0.82571,0.82586,1.58,5.85
2012.04.26 08:21:56.460,0.82569,0.82583,1.58,1.35
2012.04.26 08:21:56.769,0.8257,0.82583,1.58,1.35
2012.04.26 08:21:56.840,0.82568,0.82582,1.58,2.93
2012.04.26 08:21:56.911,0.82566,0.82581,3.08,1.58
2012.04.26 08:21:57.095,0.82566,0.82581,2.33,2.33
2012.04.26 08:21:57.640,0.82568,0.82583,1.58,2.33
2012.04.26 08:21:57.714,0.82572,0.82587,1.58,3.68
2012.04.26 08:21:57.908,0.82572,0.82586,1.58,2.18
2012.04.26 08:21:58.468,0.82573,0.82586,1.58,2.18
2012.04.26 08:21:59.020,0.82571,0.82586,1.58,2.18
2012.04.26 08:21:59.632,0.82571,0.82588,1.58,3.68
2012.04.26 08:22:01.173,0.8257,0.82585,3.15,1.58
2012.04.26 08:22:01.680,0.8257,0.82585,1.58,2.33
2012.04.26 08:22:01.867,0.82558,0.82575,2.63,2.18
2012.04.26 08:22:01.996,0.82558,0.82572,2.33,1.58
2012.04.26 08:22:02.127,0.82554,0.82571,1.58,1.58
2012.04.26 08:22:02.198,0.82556,0.82573,1.58,1.58
2012.04.26 08:22:02.506,0.82554,0.82571,1.58,1.58
2012.04.26 08:22:04.318,0.82557,0.82573,2.33,1.58
2012.04.26 08:22:04.389,0.82558,0.82575,1.58,1.58
2012.04.26 08:22:04.917,0.82556,0.82573,2.33,1.58
2012.04.26 08:22:07.208,0.82554,0.82571,2.33,1.58
2012.04.26 08:22:07.853,0.82554,0.82571,2.33,5.33
2012.04.26 08:22:07.924,0.82553,0.82569,2.33,1.58
2012.04.26 08:22:08.544,0.82553,0.82569,2.33,1.58
2012.04.26 08:22:09.647,0.82554,0.82571,2.33,3.75
2012.04.26 08:22:12.484,0.82554,0.82571,2.33,1.58
2012.04.26 08:22:12.615,0.82559,0.82573,1.58,2.78
2012.04.26 08:22:14.875,0.82558,0.82576,2.33,3.08
2012.04.26 08:22:14.945,0.82558,0.82573,2.33,1.35
2012.04.26 08:22:15.255,0.82556,0.82571,1.58,1.58
2012.04.26 08:22:15.565,0.82558,0.82573,2.33,2.78
2012.04.26 08:22:16.004,0.8256,0.82574,1.58,2.78
2012.04.26 08:22:17.668,0.8256,0.8257,2.33,2.10
2012.04.26 08:22:17.796,0.82555,0.82569,1.50,2.18
2012.04.26 08:22:17.866,0.82555,0.8257,1.50,1.58
2012.04.26 08:22:17.937,0.82558,0.82572,1.58,1.58
2012.04.26 08:22:18.367,0.82554,0.82571,2.33,3.75
2012.04.26 08:22:18.795,0.82553,0.82568,2.33,1.58
2012.04.26 08:22:18.864,0.82555,0.8257,2.33,1.58
2012.04.26 08:22:19.634,0.82557,0.82572,2.33,4.35
2012.04.26 08:22:19.946,0.8256,0.82574,1.58,2.78
2012.04.26 08:22:20.017,0.8256,0.82575,1.58,2.18
2012.04.26 08:22:20.388,0.82562,0.82577,1.58,2.33
2012.04.26 08:22:23.975,0.82559,0.82576,2.33,2.33
2012.04.26 08:22:24.506,0.82563,0.82577,2.18,2.33
2012.04.26 08:22:24.578,0.82567,0.82582,1.58,2.70
2012.04.26 08:22:24.646,0.82567,0.82584,1.58,1.58
2012.04.26 08:22:24.836,0.82566,0.82581,2.33,1.58
2012.04.26 08:22:25.205,0.82564,0.82578,1.58,2.18
2012.04.26 08:22:25.275,0.82562,0.82578,3.15,2.18
2012.04.26 08:22:25.347,0.8256,0.82576,2.33,1.58
2012.04.26 08:22:28.098,0.8256,0.82578,2.33,3.75
2012.04.26 08:22:28.348,0.8256,0.82575,1.58,1.58
2012.04.26 08:22:28.754,0.82562,0.82577,1.58,3.15
2012.04.26 08:22:32.792,0.82563,0.8258,1.58,3.90
2012.04.26 08:22:33.056,0.82562,0.82577,1.58,1.58
2012.04.26 08:22:34.025,0.82563,0.8258,1.58,2.33
2012.04.26 08:22:34.596,0.82562,0.82577,1.58,1.58
2012.04.26 08:22:34.665,0.82562,0.82579,1.58,2.33
2012.04.26 08:22:35.524,0.82563,0.82581,1.58,3.08
2012.04.26 08:22:36.446,0.82564,0.8258,1.58,2.33
2012.04.26 08:22:42.124,0.82565,0.82582,1.58,1.50
2012.04.26 08:22:42.735,0.82564,0.8258,1.58,2.33
2012.04.26 08:22:44.704,0.82561,0.8258,2.33,2.33
2012.04.26 08:22:44.895,0.82561,0.82577,1.58,1.58
2012.04.26 08:22:45.147,0.82559,0.82576,2.33,1.58
2012.04.26 08:22:45.353,0.82561,0.82577,1.58,1.58
2012.04.26 08:22:46.648,0.82558,0.82576,2.33,1.58
2012.04.26 08:22:47.232,0.82558,0.82576,1.58,1.58
2012.04.26 08:22:47.485,0.82561,0.82578,1.58,3.53
2012.04.26 08:22:47.676,0.82559,0.82578,1.58,5.10
2012.04.26 08:22:49.046,0.82559,0.82578,1.58,5.10
2012.04.26 08:22:49.544,0.82561,0.82576,1.58,1.35
2012.04.26 08:22:50.170,0.82561,0.82575,1.58,1.50
2012.04.26 08:22:50.716,0.82562,0.82576,1.58,1.35
2012.04.26 08:22:51.504,0.82561,0.82576,1.58,1.35
2012.04.26 08:22:53.594,0.82564,0.82578,1.58,1.50
2012.04.26 08:22:55.287,0.82563,0.82579,1.58,4.50
2012.04.26 08:22:55.655,0.82567,0.8258,1.58,1.35
2012.04.26 08:22:56.174,0.82566,0.82581,1.58,2.18
2012.04.26 08:22:56.687,0.82566,0.82581,1.58,1.58
2012.04.26 08:22:57.440,0.82568,0.82582,1.58,1.50
2012.04.26 08:22:57.698,0.82576,0.82592,1.58,2.93
2012.04.26 08:22:57.829,0.8258,0.82592,1.58,2.18
2012.04.26 08:22:58.089,0.8258,0.82595,1.58,3.75
2012.04.26 08:22:58.218,0.8258,0.82595,1.58,4.50
2012.04.26 08:22:58.437,0.8258,0.82595,1.58,1.58
2012.04.26 08:22:58.994,0.82577,0.82595,2.33,1.58
2012.04.26 08:22:59.514,0.82578,0.82594,2.33,3.75
2012.04.26 08:23:00.088,0.82578,0.82594,2.33,3.75
2012.04.26 08:23:00.163,0.82583,0.82598,1.58,2.33
2012.04.26 08:23:01.025,0.82581,0.82596,3.08,2.33
2012.04.26 08:23:01.466,0.82578,0.82595,2.33,1.58
2012.04.26 08:23:02.024,0.82578,0.82595,2.33,2.33
2012.04.26 08:23:04.160,0.82578,0.82595,2.33,1.58
2012.04.26 08:23:06.806,0.82581,0.82596,1.58,1.58
2012.04.26 08:23:06.998,0.82583,0.826,1.58,2.33
2012.04.26 08:23:07.067,0.82586,0.82601,1.58,2.33
2012.04.26 08:23:07.376,0.82584,0.82599,1.58,2.33
2012.04.26 08:23:07.626,0.82582,0.82597,2.33,1.58
2012.04.26 08:23:09.038,0.82584,0.82599,1.58,1.58
2012.04.26 08:23:11.795,0.82588,0.82603,1.58,2.93
2012.04.26 08:23:12.345,0.8259,0.82605,1.58,1.58
2012.04.26 08:23:13.258,0.82588,0.82604,1.58,1.58
2012.04.26 08:23:16.208,0.82589,0.82606,1.58,2.33
2012.04.26 08:23:16.337,0.82588,0.82603,1.58,1.58
2012.04.26 08:23:16.822,0.82586,0.82601,2.33,1.58
2012.04.26 08:23:17.375,0.82584,0.82599,2.33,1.58
2012.04.26 08:23:18.337,0.82584,0.82599,2.33,1.58
2012.04.26 08:23:18.645,0.82586,0.82601,1.58,1.58
2012.04.26 08:23:18.715,0.82584,0.82599,2.33,1.58
2012.04.26 08:23:20.139,0.82586,0.82601,1.58,1.58
2012.04.26 08:23:20.700,0.82585,0.82602,1.58,1.58
2012.04.26 08:23:21.707,0.82584,0.82599,1.58,1.58
2012.04.26 08:23:21.837,0.8258,0.82596,1.50,1.58
2012.04.26 08:23:22.087,0.8258,0.82594,1.50,1.58
2012.04.26 08:23:22.280,0.82581,0.82598,1.58,2.33
2012.04.26 08:23:22.529,0.8258,0.82595,3.08,1.58
2012.04.26 08:23:24.625,0.82583,0.82597,1.58,1.58
2012.04.26 08:23:25.233,0.82583,0.82598,1.58,2.33
2012.04.26 08:23:27.048,0.82585,0.82599,1.58,1.50
2012.04.26 08:23:27.575,0.82585,0.826,1.58,3.68
2012.04.26 08:23:27.648,0.82582,0.82597,3.15,1.58
2012.04.26 08:23:27.846,0.82584,0.826,1.58,2.93
2012.04.26 08:23:28.219,0.82582,0.82599,1.58,2.33
2012.04.26 08:23:28.734,0.82582,0.82599,1.58,3.08
2012.04.26 08:23:28.805,0.82585,0.82599,1.58,1.50
2012.04.26 08:23:28.969,0.82582,0.82599,3.15,3.08
2012.04.26 08:23:29.490,0.82582,0.82599,1.58,3.08
2012.04.26 08:23:36.125,0.82581,0.82596,1.58,1.58
2012.04.26 08:23:37.758,0.82581,0.82596,1.58,2.33
2012.04.26 08:23:37.885,0.82581,0.82596,1.58,1.58
2012.04.26 08:23:37.958,0.8258,0.82592,1.50,1.58
2012.04.26 08:23:38.326,0.82578,0.82594,1.50,2.33
2012.04.26 08:23:39.386,0.82577,0.82591,1.50,1.58
2012.04.26 08:23:39.648,0.82572,0.82586,2.33,1.58
2012.04.26 08:23:39.776,0.82569,0.82583,1.05,1.58
2012.04.26 08:23:40.199,0.82568,0.82583,2.33,1.58
2012.04.26 08:23:41.104,0.82569,0.82586,1.58,1.58
2012.04.26 08:23:43.648,0.82569,0.82586,1.58,2.33
2012.04.26 08:23:44.996,0.82569,0.82586,1.58,1.58
2012.04.26 08:23:45.469,0.82572,0.82587,1.58,1.58
2012.04.26 08:23:47.056,0.82572,0.82587,1.58,2.33
2012.04.26 08:23:47.304,0.82572,0.82587,1.58,1.58
2012.04.26 08:23:49.936,0.8257,0.82585,2.33,1.58
2012.04.26 08:23:50.522,0.82572,0.82587,1.58,1.58
2012.04.26 08:23:54.025,0.82574,0.82587,1.58,1.58
2012.04.26 08:23:54.099,0.82574,0.82589,3.15,1.58
2012.04.26 08:23:54.165,0.82575,0.82592,1.58,1.58
2012.04.26 08:23:57.186,0.82578,0.82593,1.58,1.58
2012.04.26 08:23:57.256,0.82579,0.82595,1.58,1.35
2012.04.26 08:23:57.326,0.82581,0.82595,1.58,1.35
2012.04.26 08:23:57.646,0.82579,0.82595,1.58,1.50
2012.04.26 08:23:57.835,0.82577,0.82594,1.58,2.33
2012.04.26 08:23:57.972,0.82575,0.82592,1.58,1.58
2012.04.26 08:23:58.696,0.82578,0.82593,1.58,1.58
2012.04.26 08:24:04.178,0.82575,0.82592,1.58,1.58
2012.04.26 08:24:04.245,0.82574,0.8259,1.58,1.58
2012.04.26 08:24:04.757,0.82573,0.8259,2.33,1.58
2012.04.26 08:24:05.117,0.82576,0.82591,1.58,1.58
2012.04.26 08:24:09.768,0.82576,0.82591,1.58,2.33
2012.04.26 08:24:09.834,0.82576,0.82591,1.58,1.58
2012.04.26 08:24:10.035,0.82574,0.8259,1.58,1.58
2012.04.26 08:24:10.164,0.82571,0.82588,4.65,1.58
2012.04.26 08:24:10.355,0.8257,0.82586,2.93,1.58
2012.04.26 08:24:10.907,0.82569,0.82586,1.58,1.58
2012.04.26 08:24:11.314,0.82572,0.82587,1.58,1.58
2012.04.26 08:24:11.881,0.82572,0.82588,1.58,1.50
2012.04.26 08:24:13.717,0.82574,0.82588,1.58,1.50
2012.04.26 08:24:14.956,0.82573,0.82588,3.15,3.08
2012.04.26 08:24:15.084,0.82571,0.82587,1.58,2.33
2012.04.26 08:24:15.636,0.8257,0.82587,1.58,2.33
2012.04.26 08:24:22.176,0.82573,0.82588,1.58,3.08
2012.04.26 08:24:29.271,0.82573,0.82588,1.58,2.33
2012.04.26 08:24:29.987,0.82574,0.82589,1.58,2.25
2012.04.26 08:24:37.540,0.82571,0.82588,1.58,2.33
2012.04.26 08:24:37.751,0.82571,0.82588,1.58,3.08
2012.04.26 08:24:41.067,0.82571,0.82588,1.58,3.83
2012.04.26 08:24:41.365,0.82574,0.82588,1.58,1.50
2012.04.26 08:24:48.040,0.82576,0.82588,1.58,1.50
2012.04.26 08:24:54.416,0.82573,0.82588,1.58,2.10
2012.04.26 08:24:54.556,0.8257,0.82587,1.58,1.58
2012.04.26 08:24:54.627,0.8257,0.82587,1.58,2.33
2012.04.26 08:24:54.815,0.82568,0.82585,1.58,3.08
2012.04.26 08:24:55.159,0.82566,0.82583,1.58,3.08
2012.04.26 08:24:56.095,0.82568,0.82584,1.58,1.50
2012.04.26 08:24:56.631,0.82571,0.82585,1.58,2.25
2012.04.26 08:24:56.757,0.82571,0.82586,1.58,1.58
2012.04.26 08:24:57.215,0.82572,0.82587,1.58,1.50
2012.04.26 08:24:57.764,0.82571,0.82586,1.58,2.33
2012.04.26 08:24:58.239,0.82568,0.82585,3.90,2.33
2012.04.26 08:24:58.855,0.82568,0.82585,3.90,1.58
2012.04.26 08:24:58.927,0.82571,0.82586,1.58,1.58
2012.04.26 08:25:00.733,0.82572,0.82589,1.58,8.18
2012.04.26 08:25:01.310,0.82571,0.82587,1.58,1.58
2012.04.26 08:25:01.375,0.82571,0.82587,1.58,2.33
2012.04.26 08:25:01.684,0.8257,0.82587,1.58,2.33
2012.04.26 08:25:01.762,0.82568,0.82585,1.58,1.58
2012.04.26 08:25:02.621,0.82569,0.82586,1.58,1.58
2012.04.26 08:25:02.939,0.82569,0.82586,1.58,2.33
2012.04.26 08:25:04.712,0.82568,0.82584,3.15,2.33
2012.04.26 08:25:05.046,0.8257,0.82585,1.58,2.33
2012.04.26 08:25:05.833,0.82568,0.82583,3.15,1.58
2012.04.26 08:25:06.473,0.82569,0.82586,1.58,3.15
2012.04.26 08:25:07.003,0.82572,0.82587,1.58,2.33
2012.04.26 08:25:10.505,0.82569,0.82586,2.33,1.58
2012.04.26 08:25:10.755,0.82573,0.82588,1.58,2.33
2012.04.26 08:25:11.136,0.82575,0.82588,1.58,1.58
2012.04.26 08:25:11.205,0.82576,0.82593,1.58,3.30
2012.04.26 08:25:12.227,0.82579,0.82594,1.58,6.00
2012.04.26 08:25:13.075,0.82576,0.82593,3.15,2.33
2012.04.26 08:25:13.455,0.82579,0.82594,1.58,7.58
2012.04.26 08:25:14.140,0.82576,0.82593,1.58,4.50
2012.04.26 08:25:18.257,0.82578,0.82594,2.33,2.33
2012.04.26 08:25:18.565,0.82582,0.82598,1.58,3.53
2012.04.26 08:25:18.636,0.8258,0.82597,1.58,1.58
2012.04.26 08:25:19.086,0.82577,0.82595,2.33,1.58
2012.04.26 08:25:19.395,0.82576,0.82593,1.58,1.58
2012.04.26 08:25:19.884,0.82578,0.82595,1.58,6.00
2012.04.26 08:25:20.455,0.82577,0.82592,1.58,1.58
2012.04.26 08:25:21.798,0.82575,0.8259,1.58,1.58
2012.04.26 08:25:21.985,0.82576,0.82593,1.58,1.58
2012.04.26 08:25:22.054,0.82574,0.82591,3.15,1.58
2012.04.26 08:25:27.544,0.82577,0.82592,1.58,1.58
2012.04.26 08:25:28.054,0.82575,0.8259,1.58,1.58
2012.04.26 08:25:28.885,0.82576,0.82593,1.58,3.90
2012.04.26 08:25:29.243,0.82579,0.82594,1.58,4.50
2012.04.26 08:25:30.305,0.82576,0.82593,3.15,2.33
2012.04.26 08:25:32.756,0.82574,0.82591,1.58,1.58
2012.04.26 08:25:36.275,0.82576,0.82593,1.58,2.33
2012.04.26 08:25:36.592,0.82574,0.82591,3.75,1.58
2012.04.26 08:25:38.336,0.82577,0.82592,1.58,3.15
2012.04.26 08:25:38.670,0.82575,0.8259,3.15,1.58
2012.04.26 08:25:40.421,0.82577,0.82592,1.58,1.58
2012.04.26 08:25:40.938,0.82576,0.82593,1.58,2.33
2012.04.26 08:25:42.355,0.82575,0.8259,3.15,1.58
2012.04.26 08:25:43.568,0.82574,0.82591,1.58,1.58
2012.04.26 08:25:44.083,0.82578,0.82593,1.58,2.33
2012.04.26 08:25:44.159,0.82575,0.82592,1.58,1.58
2012.04.26 08:25:45.925,0.82577,0.82594,1.58,3.08
2012.04.26 08:25:53.116,0.82577,0.82594,3.08,1.58
2012.04.26 08:25:53.701,0.82581,0.82596,2.33,1.58
2012.04.26 08:25:54.005,0.82583,0.82598,1.58,2.33
2012.04.26 08:25:54.260,0.82581,0.82597,1.58,1.58
2012.04.26 08:25:54.816,0.82581,0.82598,2.33,3.08
2012.04.26 08:25:55.296,0.82579,0.82596,2.33,1.58
2012.04.26 08:25:56.713,0.82581,0.82598,2.33,3.08
2012.04.26 08:26:03.615,0.82583,0.82598,1.58,1.50
2012.04.26 08:26:10.056,0.82581,0.82596,2.33,1.58
2012.04.26 08:26:10.625,0.82583,0.82598,1.58,2.33
2012.04.26 08:26:15.447,0.82581,0.82595,1.58,1.50
2012.04.26 08:26:15.576,0.82579,0.82593,1.58,2.33
2012.04.26 08:26:15.646,0.82579,0.82591,1.58,1.58
2012.04.26 08:26:15.716,0.82576,0.82591,1.58,1.58
2012.04.26 08:26:15.906,0.82578,0.82593,1.58,2.33
2012.04.26 08:26:16.215,0.82575,0.8259,1.58,1.58
2012.04.26 08:26:16.741,0.82577,0.82592,1.58,1.58
2012.04.26 08:26:17.135,0.82574,0.82591,1.58,1.58
2012.04.26 08:26:17.325,0.82576,0.82593,1.58,5.25
2012.04.26 08:26:17.636,0.82575,0.8259,1.58,1.58
2012.04.26 08:26:18.614,0.82577,0.82592,1.58,3.15
2012.04.26 08:26:22.675,0.82579,0.82594,1.58,4.65
2012.04.26 08:26:25.674,0.82581,0.82594,1.58,1.50
2012.04.26 08:26:26.055,0.82579,0.82594,3.15,1.50
2012.04.26 08:26:27.574,0.82578,0.82593,1.58,2.33
2012.04.26 08:26:28.426,0.82579,0.82593,1.58,1.50
2012.04.26 08:26:35.194,0.82577,0.82593,1.58,1.50
2012.04.26 08:26:35.626,0.82575,0.82592,2.33,1.58
2012.04.26 08:26:37.330,0.82577,0.82593,1.58,1.50
2012.04.26 08:26:38.497,0.82576,0.82591,3.15,1.58
2012.04.26 08:26:41.296,0.82578,0.82593,1.58,3.08
2012.04.26 08:26:44.605,0.82575,0.82593,2.33,3.08
2012.04.26 08:26:44.796,0.82575,0.82588,1.58,2.18
2012.04.26 08:26:44.929,0.82573,0.82588,2.33,2.18
2012.04.26 08:26:45.059,0.82573,0.82591,2.33,1.58
2012.04.26 08:26:45.621,0.82577,0.82593,1.58,3.83
2012.04.26 08:26:48.035,0.82578,0.82595,1.58,2.33
2012.04.26 08:26:48.545,0.82577,0.82594,1.58,2.33
2012.04.26 08:26:50.756,0.82579,0.82595,1.58,2.33
2012.04.26 08:26:50.944,0.82577,0.82593,1.58,2.33
2012.04.26 08:26:53.165,0.82578,0.82595,1.58,2.33
2012.04.26 08:26:53.378,0.82576,0.82594,2.33,2.33
2012.04.26 08:26:53.906,0.82579,0.82594,1.58,2.33
2012.04.26 08:26:56.895,0.82577,0.82594,1.58,2.33
2012.04.26 08:26:57.426,0.82579,0.82595,1.58,2.33
2012.04.26 08:26:59.545,0.82577,0.82593,1.58,1.50
2012.04.26 08:27:00.335,0.82578,0.82593,1.58,1.50
2012.04.26 08:27:00.942,0.82577,0.82593,1.58,3.08
2012.04.26 08:27:02.734,0.82574,0.82589,1.58,2.18
2012.04.26 08:27:03.165,0.82572,0.82584,1.58,1.58
2012.04.26 08:27:03.418,0.8257,0.82586,2.33,1.58
2012.04.26 08:27:03.844,0.82568,0.82586,3.15,1.58
2012.04.26 08:27:07.955,0.82569,0.82588,1.58,3.83
2012.04.26 08:27:08.147,0.82573,0.82588,1.58,2.25
2012.04.26 08:27:08.276,0.82574,0.82591,1.58,1.35
2012.04.26 08:27:08.466,0.82574,0.82592,1.58,1.35
2012.04.26 08:27:08.535,0.82579,0.82593,1.58,4.43
2012.04.26 08:27:08.884,0.82576,0.82593,3.15,1.50
2012.04.26 08:27:09.452,0.82574,0.82591,2.33,1.58
2012.04.26 08:27:09.945,0.82577,0.82592,1.58,1.58
2012.04.26 08:27:10.257,0.82574,0.82591,2.33,2.33
2012.04.26 08:27:12.173,0.82574,0.82591,1.58,2.18
2012.04.26 08:27:14.883,0.82576,0.82593,1.58,8.10
2012.04.26 08:27:15.235,0.82578,0.82593,1.58,4.43
2012.04.26 08:27:15.889,0.82577,0.82592,1.58,1.58
2012.04.26 08:27:16.436,0.82575,0.8259,1.58,1.58
2012.04.26 08:27:16.764,0.82578,0.82593,1.58,3.68
2012.04.26 08:27:17.179,0.82576,0.82593,1.58,5.25
2012.04.26 08:27:17.506,0.82575,0.8259,1.58,1.58
2012.04.26 08:27:17.824,0.82577,0.82592,1.58,1.58
2012.04.26 08:27:18.676,0.82577,0.82593,1.58,3.68
2012.04.26 08:27:20.069,0.82577,0.82592,1.58,1.58
2012.04.26 08:27:22.605,0.82575,0.8259,1.58,1.58
2012.04.26 08:27:23.105,0.82577,0.82592,1.58,2.18
2012.04.26 08:27:23.616,0.82578,0.82593,1.58,2.85
2012.04.26 08:27:24.057,0.82576,0.82593,1.58,3.08
2012.04.26 08:27:26.957,0.82578,0.82593,1.58,1.50
2012.04.26 08:27:29.241,0.82577,0.82592,1.58,1.58
2012.04.26 08:27:29.953,0.82578,0.82593,1.58,1.50
2012.04.26 08:27:30.513,0.82576,0.82593,1.58,3.08
2012.04.26 08:27:32.438,0.82579,0.82594,1.58,2.33
2012.04.26 08:27:32.569,0.82576,0.82593,1.58,2.33
2012.04.26 08:27:33.316,0.8258,0.82595,1.58,2.33
2012.04.26 08:27:34.168,0.82578,0.82593,1.58,2.33
2012.04.26 08:27:34.667,0.8258,0.82595,1.58,2.33
2012.04.26 08:27:34.979,0.82588,0.82605,3.15,2.33
2012.04.26 08:27:35.249,0.82588,0.82605,3.90,1.58
2012.04.26 08:27:35.317,0.82587,0.82601,2.33,1.58
2012.04.26 08:27:35.566,0.82583,0.82598,3.90,1.58
2012.04.26 08:27:35.758,0.82586,0.826,1.58,1.58
2012.04.26 08:27:35.827,0.82586,0.82603,1.58,5.25
2012.04.26 08:27:35.955,0.82585,0.826,3.15,1.58
2012.04.26 08:27:36.455,0.82583,0.82599,1.58,1.58
2012.04.26 08:27:36.995,0.82582,0.82599,2.33,1.58
2012.04.26 08:27:37.999,0.82582,0.82599,2.33,1.58
2012.04.26 08:27:38.247,0.82582,0.82599,1.58,1.58
2012.04.26 08:27:38.439,0.82581,0.82596,4.65,1.58
2012.04.26 08:27:38.806,0.8258,0.82593,1.50,1.58
2012.04.26 08:27:39.119,0.82578,0.82595,2.33,3.15
2012.04.26 08:27:39.489,0.82583,0.82599,1.58,1.58
2012.04.26 08:27:40.103,0.82583,0.826,1.58,2.33
2012.04.26 08:27:40.535,0.82585,0.82601,1.58,3.68
2012.04.26 08:27:41.169,0.82584,0.826,1.58,2.33
2012.04.26 08:27:41.723,0.82583,0.826,1.58,2.33
2012.04.26 08:27:43.441,0.82586,0.82601,1.58,6.83
2012.04.26 08:27:43.509,0.82584,0.826,1.58,2.33
2012.04.26 08:27:44.009,0.82585,0.82601,1.58,3.68
2012.04.26 08:27:44.753,0.82584,0.82599,1.58,1.58
2012.04.26 08:27:46.048,0.82585,0.82601,1.58,3.68
2012.04.26 08:27:47.135,0.82581,0.82598,2.33,1.58
2012.04.26 08:27:50.217,0.82583,0.82599,1.58,1.58
2012.04.26 08:27:50.523,0.82582,0.82597,1.58,1.58
2012.04.26 08:27:50.970,0.82584,0.82599,1.58,1.58
2012.04.26 08:27:54.727,0.82581,0.82598,3.08,1.58
2012.04.26 08:28:00.385,0.82582,0.82598,1.58,1.58
2012.04.26 08:28:00.456,0.82584,0.82599,1.58,1.58
2012.04.26 08:28:00.765,0.82585,0.82602,3.83,1.58
2012.04.26 08:28:00.896,0.82588,0.82605,2.33,1.58
2012.04.26 08:28:03.666,0.82591,0.82606,1.58,1.58
2012.04.26 08:28:04.424,0.82588,0.82605,3.08,1.58
2012.04.26 08:28:05.114,0.82591,0.82606,1.58,1.58
2012.04.26 08:28:05.697,0.82591,0.82606,4.43,1.58
2012.04.26 08:28:05.946,0.82597,0.82613,2.93,1.58
2012.04.26 08:28:06.156,0.82598,0.82615,2.33,1.58
2012.04.26 08:28:06.605,0.82597,0.82613,1.58,1.58
2012.04.26 08:28:07.154,0.82596,0.82613,2.33,1.58
2012.04.26 08:28:08.836,0.82598,0.82615,1.58,1.58
2012.04.26 08:28:09.208,0.82597,0.82612,1.58,1.58
2012.04.26 08:28:10.705,0.82598,0.82615,1.58,1.58
2012.04.26 08:28:14.607,0.82601,0.82616,1.58,2.33
2012.04.26 08:28:14.738,0.82598,0.82615,3.15,1.58
2012.04.26 08:28:15.832,0.82597,0.82612,1.58,1.58
2012.04.26 08:28:16.739,0.82598,0.82615,1.58,3.15
2012.04.26 08:28:17.076,0.82597,0.82613,1.58,1.58
2012.04.26 08:28:17.824,0.82596,0.82613,2.33,1.58
2012.04.26 08:28:20.025,0.82596,0.82613,3.08,1.58
2012.04.26 08:28:20.395,0.82598,0.82615,1.58,1.58
2012.04.26 08:28:31.399,0.82601,0.82616,1.58,1.58
2012.04.26 08:28:31.769,0.82599,0.82614,1.58,1.58
2012.04.26 08:28:35.836,0.82596,0.82613,2.33,1.58
2012.04.26 08:28:37.525,0.82599,0.82614,1.58,1.58
2012.04.26 08:28:38.285,0.82597,0.82612,1.58,1.58
2012.04.26 08:28:39.605,0.82599,0.82614,1.58,3.15
2012.04.26 08:28:49.287,0.82597,0.82612,3.15,1.58
2012.04.26 08:28:50.017,0.82598,0.82614,1.58,1.58
2012.04.26 08:28:50.526,0.82598,0.82615,1.58,1.58
2012.04.26 08:28:51.265,0.82596,0.82611,3.08,1.58
2012.04.26 08:28:53.468,0.82596,0.82611,1.50,1.58
2012.04.26 08:29:00.372,0.82596,0.82612,3.08,1.58
2012.04.26 08:29:00.891,0.82596,0.82613,3.08,1.58
2012.04.26 08:29:01.845,0.82596,0.82611,1.50,1.58
2012.04.26 08:29:03.010,0.82597,0.82612,2.33,1.58
2012.04.26 08:29:03.957,0.82598,0.82615,1.58,1.58
2012.04.26 08:29:04.148,0.82597,0.82612,1.58,1.58
2012.04.26 08:29:05.664,0.82595,0.8261,3.83,1.58
2012.04.26 08:29:06.218,0.82595,0.8261,3.90,1.58
2012.04.26 08:29:06.284,0.82596,0.82613,1.58,1.58
2012.04.26 08:29:16.161,0.82597,0.82613,1.58,1.58
2012.04.26 08:29:16.226,0.82599,0.82614,1.58,2.33
2012.04.26 08:29:16.696,0.82597,0.82612,1.58,1.58
2012.04.26 08:29:22.945,0.82599,0.82615,1.58,1.50
2012.04.26 08:29:23.455,0.82599,0.82616,1.58,3.90
2012.04.26 08:29:23.524,0.82598,0.82613,1.58,1.58
2012.04.26 08:29:23.594,0.82599,0.82616,1.58,2.33
2012.04.26 08:29:24.354,0.82597,0.82614,1.58,1.58
2012.04.26 08:29:26.204,0.82596,0.82611,3.15,1.58
2012.04.26 08:29:29.213,0.82597,0.82614,1.58,1.58
2012.04.26 08:29:30.583,0.82599,0.82614,2.18,1.58
2012.04.26 08:29:30.898,0.82605,0.82615,1.58,1.58
2012.04.26 08:29:30.966,0.82605,0.82622,1.58,3.90
2012.04.26 08:29:31.036,0.82603,0.8262,1.58,2.33
2012.04.26 08:29:31.227,0.82601,0.82618,1.58,1.58
2012.04.26 08:29:31.647,0.82599,0.82616,2.33,1.58
2012.04.26 08:29:32.187,0.82599,0.82616,3.08,2.33
2012.04.26 08:29:32.497,0.82593,0.82608,3.08,1.58
2012.04.26 08:29:32.804,0.82595,0.8261,2.33,1.58
2012.04.26 08:29:34.446,0.82596,0.82613,1.58,2.33
2012.04.26 08:29:36.094,0.82595,0.8261,2.33,1.58
2012.04.26 08:29:36.436,0.82597,0.82614,1.58,2.33
2012.04.26 08:29:36.816,0.82596,0.82611,3.15,1.58
2012.04.26 08:29:37.378,0.82598,0.82613,1.58,1.58
2012.04.26 08:29:39.648,0.826,0.82615,1.58,1.58
2012.04.26 08:29:43.607,0.82598,0.82613,1.58,1.58
2012.04.26 08:29:43.918,0.826,0.82615,1.58,1.58
2012.04.26 08:29:44.386,0.82597,0.82614,3.75,1.58
2012.04.26 08:29:55.566,0.82598,0.82614,1.58,1.58
2012.04.26 08:29:55.662,0.82596,0.82611,1.58,1.58
2012.04.26 08:29:57.155,0.82597,0.82614,1.58,3.08
2012.04.26 08:29:57.746,0.82596,0.82611,1.58,1.58
2012.04.26 08:29:57.814,0.82594,0.82611,2.33,1.58
2012.04.26 08:30:00.724,0.82597,0.82612,1.58,1.58
2012.04.26 08:30:03.529,0.82594,0.82611,3.90,1.58
2012.04.26 08:30:09.905,0.82597,0.82612,1.58,1.58
2012.04.26 08:30:15.580,0.82599,0.82614,1.58,2.33
2012.04.26 08:30:15.947,0.826,0.82617,5.25,2.93
2012.04.26 08:30:16.245,0.82604,0.82621,1.58,2.93
2012.04.26 08:30:16.319,0.82604,0.82621,1.58,2.18
2012.04.26 08:30:17.944,0.82609,0.82624,2.33,2.33
2012.04.26 08:30:18.017,0.82609,0.82626,2.33,1.58
2012.04.26 08:30:18.086,0.82612,0.82627,1.58,1.58
2012.04.26 08:30:18.215,0.82613,0.8263,1.58,3.90
2012.04.26 08:30:18.468,0.82615,0.82631,1.58,1.13
2012.04.26 08:30:18.866,0.82612,0.82629,1.58,2.33
2012.04.26 08:30:19.326,0.82611,0.82626,3.15,1.58
2012.04.26 08:30:20.006,0.82613,0.82628,1.58,1.58
2012.04.26 08:30:20.285,0.82614,0.82631,1.58,2.33
2012.04.26 08:30:21.108,0.82617,0.82631,2.18,1.58
2012.04.26 08:30:21.181,0.8262,0.82637,1.58,1.58
2012.04.26 08:30:21.466,0.82619,0.82634,1.58,1.58
2012.04.26 08:30:22.146,0.8262,0.82637,1.58,1.58
2012.04.26 08:30:22.489,0.82619,0.82635,1.58,1.58
2012.04.26 08:30:23.838,0.82621,0.82636,1.58,1.58
2012.04.26 08:30:23.968,0.82622,0.82639,1.58,3.08
2012.04.26 08:30:24.546,0.8262,0.82637,1.58,1.58
2012.04.26 08:30:24.855,0.82618,0.82635,3.08,1.58
2012.04.26 08:30:25.164,0.82617,0.82633,1.35,1.58
2012.04.26 08:30:25.475,0.82619,0.82634,1.58,1.58
2012.04.26 08:30:25.786,0.82617,0.82632,2.18,1.58
2012.04.26 08:30:26.335,0.82615,0.8263,3.08,1.58
2012.04.26 08:30:26.647,0.82617,0.82632,1.58,1.58
2012.04.26 08:30:27.507,0.82617,0.82632,3.38,1.58
2012.04.26 08:30:27.924,0.8263,0.82644,1.58,2.10
2012.04.26 08:30:28.000,0.82628,0.82641,1.58,1.50
2012.04.26 08:30:28.548,0.82625,0.8264,1.58,1.58
2012.04.26 08:30:28.677,0.82623,0.8264,1.58,1.58
2012.04.26 08:30:31.335,0.82625,0.82642,1.58,3.08
2012.04.26 08:30:31.937,0.82626,0.82641,1.58,2.33
2012.04.26 08:30:32.244,0.82624,0.82639,1.58,1.58
2012.04.26 08:30:32.980,0.82629,0.82639,2.18,1.58
2012.04.26 08:30:33.053,0.82629,0.82642,2.18,2.33
2012.04.26 08:30:33.446,0.8263,0.82645,1.58,1.58
2012.04.26 08:30:33.577,0.82633,0.82648,1.58,2.33
2012.04.26 08:30:34.194,0.82631,0.82646,1.58,1.58
2012.04.26 08:30:34.271,0.82629,0.82646,3.75,1.58
2012.04.26 08:30:34.340,0.82629,0.82646,4.50,1.58
2012.04.26 08:30:34.668,0.82638,0.82653,1.58,1.58
2012.04.26 08:30:34.919,0.82636,0.82651,1.58,1.58
2012.04.26 08:30:36.546,0.82635,0.82649,1.50,1.58
2012.04.26 08:30:36.715,0.82635,0.82652,3.08,1.58
2012.04.26 08:30:39.725,0.82635,0.82652,3.08,1.58
2012.04.26 08:30:40.256,0.82634,0.8265,2.25,1.58
2012.04.26 08:30:40.986,0.82636,0.82651,1.58,1.58
2012.04.26 08:30:43.374,0.82637,0.82654,1.58,5.25
2012.04.26 08:30:43.784,0.82635,0.82652,2.33,1.58
2012.04.26 08:30:44.504,0.82635,0.82652,2.33,1.58
2012.04.26 08:30:44.645,0.82635,0.82652,2.33,1.58
2012.04.26 08:30:48.575,0.82635,0.82652,2.33,1.58
2012.04.26 08:30:49.096,0.82638,0.82653,1.58,1.58
2012.04.26 08:30:50.536,0.82635,0.82652,2.18,1.58
2012.04.26 08:30:55.947,0.82634,0.8265,1.58,1.58
2012.04.26 08:30:56.503,0.82633,0.8265,1.58,1.58
2012.04.26 08:30:57.216,0.82633,0.8265,2.96,1.58
2012.04.26 08:30:57.587,0.82633,0.8265,2.33,1.58
2012.04.26 08:30:57.717,0.82638,0.82655,1.58,1.58
2012.04.26 08:30:58.087,0.82637,0.82653,1.50,1.58
2012.04.26 08:30:58.396,0.82641,0.82656,1.58,2.18
2012.04.26 08:30:58.829,0.82639,0.82654,3.08,1.58
2012.04.26 08:30:59.344,0.82639,0.82654,4.65,1.58
2012.04.26 08:30:59.538,0.82642,0.82659,1.58,3.08
2012.04.26 08:30:59.850,0.82644,0.82661,1.58,5.10
2012.04.26 08:31:00.083,0.82642,0.82658,2.33,1.50
2012.04.26 08:31:00.616,0.82643,0.82658,1.58,2.33
2012.04.26 08:31:00.747,0.82641,0.82656,2.33,1.58
2012.04.26 08:31:00.818,0.82639,0.82654,3.08,1.58
2012.04.26 08:31:01.150,0.82641,0.82656,1.58,3.15
2012.04.26 08:31:04.226,0.8264,0.82654,1.50,1.58
2012.04.26 08:31:04.356,0.8264,0.82656,2.33,1.58
2012.04.26 08:31:04.428,0.82644,0.82659,2.33,1.58
2012.04.26 08:31:04.498,0.82644,0.82661,1.58,1.58
2012.04.26 08:31:04.567,0.82647,0.82662,1.58,4.65
2012.04.26 08:31:04.877,0.82645,0.8266,1.58,1.58
2012.04.26 08:31:05.786,0.82646,0.82662,1.58,3.08
2012.04.26 08:31:07.246,0.82648,0.82663,1.58,1.50
2012.04.26 08:31:07.749,0.82648,0.82665,1.58,3.08
2012.04.26 08:31:08.307,0.82647,0.82662,3.15,1.58
2012.04.26 08:31:10.066,0.82648,0.82663,1.58,1.50
2012.04.26 08:31:10.197,0.82646,0.82663,1.58,3.08
2012.04.26 08:31:18.266,0.82647,0.82662,1.58,1.58
2012.04.26 08:31:20.408,0.82645,0.8266,1.58,1.58
2012.04.26 08:31:20.716,0.82646,0.82663,1.58,3.08
2012.04.26 08:31:21.047,0.82645,0.82661,1.58,1.58
2012.04.26 08:31:21.561,0.82644,0.82661,2.33,1.58
2012.04.26 08:31:22.270,0.82643,0.82658,1.58,1.58
2012.04.26 08:31:28.407,0.82641,0.82657,3.08,1.58
2012.04.26 08:31:29.766,0.8264,0.82657,2.33,1.58
2012.04.26 08:31:29.837,0.82639,0.82654,4.58,1.58
2012.04.26 08:31:30.147,0.8264,0.82655,1.50,1.58
2012.04.26 08:31:30.217,0.8264,0.82655,1.50,1.58
2012.04.26 08:31:30.286,0.8264,0.82657,3.08,1.58
2012.04.26 08:31:30.417,0.82643,0.82658,1.58,2.33
2012.04.26 08:31:30.488,0.82641,0.82657,2.33,1.58
2012.04.26 08:31:30.626,0.8264,0.82654,1.50,1.58
2012.04.26 08:31:30.818,0.8264,0.82657,2.33,1.58
2012.04.26 08:31:39.704,0.82639,0.82655,1.50,1.58
2012.04.26 08:31:42.259,0.82638,0.82655,4.58,1.58
2012.04.26 08:31:42.327,0.82641,0.82658,1.58,2.33
2012.04.26 08:31:43.374,0.82644,0.82659,1.58,5.25
2012.04.26 08:31:45.555,0.82641,0.82658,1.58,2.33
2012.04.26 08:31:47.490,0.82643,0.8266,1.58,3.08
2012.04.26 08:31:47.556,0.82643,0.8266,1.58,2.33
2012.04.26 08:31:48.240,0.82642,0.82657,1.58,1.58
2012.04.26 08:31:48.667,0.82644,0.8266,1.58,3.08
2012.04.26 08:31:48.796,0.82645,0.82662,1.58,2.33
2012.04.26 08:31:49.178,0.82647,0.82664,1.58,3.08
2012.04.26 08:31:49.838,0.82646,0.82661,1.58,1.58
2012.04.26 08:31:50.077,0.82647,0.82664,1.58,3.08
2012.04.26 08:31:53.490,0.8265,0.82664,1.58,1.50
2012.04.26 08:31:53.677,0.82647,0.82663,1.58,2.33
2012.04.26 08:31:53.805,0.82646,0.82661,1.58,1.58
2012.04.26 08:31:54.356,0.82647,0.82663,1.58,1.50
2012.04.26 08:31:55.237,0.82647,0.82658,1.58,2.18
2012.04.26 08:31:55.764,0.82641,0.82651,2.33,1.35
2012.04.26 08:31:55.843,0.82632,0.82649,1.58,3.08
2012.04.26 08:31:55.923,0.82631,0.82646,1.58,2.93
2012.04.26 08:31:56.137,0.82626,0.82641,2.33,1.58
2012.04.26 08:31:56.328,0.82626,0.82644,2.33,3.08
2012.04.26 08:31:56.398,0.82626,0.82644,1.58,3.08
2012.04.26 08:31:56.468,0.82623,0.82638,2.33,1.58
2012.04.26 08:31:56.776,0.82622,0.82637,1.50,1.58
2012.04.26 08:31:56.848,0.82622,0.82637,2.25,1.58
2012.04.26 08:31:57.036,0.82622,0.82639,3.83,1.58
2012.04.26 08:31:57.227,0.82622,0.82639,3.83,1.58
2012.04.26 08:31:57.479,0.82623,0.82636,1.50,1.58
2012.04.26 08:31:57.548,0.82623,0.82639,1.50,1.58
2012.04.26 08:31:57.748,0.82623,0.82637,1.50,1.58
2012.04.26 08:31:58.296,0.82623,0.82637,1.50,1.58
2012.04.26 08:31:58.366,0.82623,0.82639,1.50,1.58
2012.04.26 08:31:58.917,0.82624,0.82641,1.58,3.90
2012.04.26 08:31:59.110,0.82627,0.82643,2.33,2.33
2012.04.26 08:31:59.179,0.82629,0.82644,1.50,1.35
2012.04.26 08:31:59.257,0.82629,0.82645,1.50,1.50
2012.04.26 08:31:59.613,0.82634,0.82648,1.58,1.50
2012.04.26 08:31:59.939,0.8264,0.82651,1.58,1.35
2012.04.26 08:32:00.427,0.82637,0.82651,1.58,2.10
2012.04.26 08:32:00.619,0.82639,0.82651,1.58,2.10
2012.04.26 08:32:00.997,0.82637,0.82651,1.58,2.10
2012.04.26 08:32:01.618,0.82633,0.82648,1.58,2.10
2012.04.26 08:32:02.167,0.82635,0.82647,1.58,1.50
2012.04.26 08:32:02.856,0.82633,0.82648,1.58,3.08
2012.04.26 08:32:04.707,0.8263,0.82647,2.33,2.33
2012.04.26 08:32:08.178,0.8263,0.82646,1.58,1.58
2012.04.26 08:32:08.248,0.82627,0.82642,3.15,1.58
2012.04.26 08:32:08.557,0.82625,0.8264,3.90,1.58
2012.04.26 08:32:08.687,0.82626,0.82642,1.58,1.58
2012.04.26 08:32:09.264,0.82626,0.82643,1.58,3.08
2012.04.26 08:32:09.576,0.82629,0.82644,1.58,4.65
2012.04.26 08:32:14.084,0.82631,0.82646,1.58,2.33
2012.04.26 08:32:14.683,0.82628,0.82645,1.58,2.33
2012.04.26 08:32:14.814,0.82626,0.82643,2.33,1.58
2012.04.26 08:32:15.344,0.82627,0.82645,1.58,2.33
2012.04.26 08:32:16.147,0.82629,0.82645,1.58,2.33
2012.04.26 08:32:16.707,0.8263,0.82647,1.58,3.83
2012.04.26 08:32:20.695,0.8263,0.82644,1.58,1.50
2012.04.26 08:32:21.353,0.8263,0.82647,1.58,3.83
2012.04.26 08:32:22.034,0.8263,0.82644,1.58,1.50
2012.04.26 08:32:24.606,0.82629,0.82644,1.58,3.08
2012.04.26 08:32:26.100,0.82629,0.82644,1.58,2.33
2012.04.26 08:32:26.417,0.82631,0.82646,1.58,2.33
2012.04.26 08:32:26.978,0.82632,0.82647,1.58,1.50
2012.04.26 08:32:35.018,0.8263,0.82647,1.58,3.08
2012.04.26 08:32:35.937,0.82632,0.82647,1.58,1.50
2012.04.26 08:32:44.040,0.82635,0.82647,1.58,1.50
2012.04.26 08:32:44.348,0.82638,0.82647,1.58,1.50
2012.04.26 08:32:44.597,0.82637,0.82653,1.58,1.50
2012.04.26 08:32:45.105,0.82638,0.82653,1.58,1.58
2012.04.26 08:32:47.605,0.82636,0.82651,1.58,1.58
2012.04.26 08:32:47.677,0.82638,0.82654,1.58,3.90
2012.04.26 08:32:48.063,0.82635,0.8265,1.58,1.58
2012.04.26 08:32:48.139,0.82632,0.82649,1.58,3.08
2012.04.26 08:32:48.651,0.82632,0.82649,1.58,3.08
2012.04.26 08:32:48.776,0.8263,0.82647,2.33,2.33
2012.04.26 08:32:49.347,0.82633,0.82648,1.58,4.65
2012.04.26 08:32:49.828,0.82635,0.82648,1.58,1.50
2012.04.26 08:32:49.976,0.82633,0.82648,1.58,3.08
2012.04.26 08:32:50.639,0.82634,0.82651,1.58,3.08
2012.04.26 08:32:50.708,0.82637,0.82651,1.58,1.50
2012.04.26 08:32:50.897,0.82637,0.82652,1.58,1.58
2012.04.26 08:32:50.966,0.82635,0.8265,1.58,1.58
2012.04.26 08:32:51.217,0.82635,0.82653,1.58,2.18
2012.04.26 08:32:51.595,0.82635,0.8265,1.58,1.58
2012.04.26 08:32:51.671,0.82638,0.82653,1.58,2.18
2012.04.26 08:32:52.105,0.82639,0.82656,1.58,3.15
2012.04.26 08:32:52.788,0.82642,0.82657,1.58,1.58
2012.04.26 08:32:53.559,0.8264,0.82655,1.58,1.58
2012.04.26 08:32:57.835,0.82638,0.82653,1.58,1.58
2012.04.26 08:33:01.314,0.82644,0.82657,1.58,1.58
2012.04.26 08:33:01.449,0.82644,0.82659,1.58,1.58
2012.04.26 08:33:01.696,0.8264,0.82657,2.33,1.58
2012.04.26 08:33:01.827,0.82642,0.82657,1.58,1.58
2012.04.26 08:33:01.898,0.82643,0.8266,1.58,3.08
2012.04.26 08:33:02.026,0.82645,0.82662,1.58,2.93
2012.04.26 08:33:02.557,0.82644,0.82659,1.58,1.58
2012.04.26 08:33:03.538,0.82645,0.82662,1.58,2.33
2012.04.26 08:33:04.880,0.82644,0.82659,1.58,1.58
2012.04.26 08:33:05.005,0.82641,0.82658,2.33,1.58
2012.04.26 08:33:05.555,0.82641,0.82658,2.33,1.58
2012.04.26 08:33:05.747,0.82644,0.82659,1.58,1.58
2012.04.26 08:33:06.329,0.82645,0.82661,1.58,1.35
2012.04.26 08:33:06.746,0.82643,0.8266,1.58,2.33
2012.04.26 08:33:07.418,0.82645,0.82662,1.58,3.08
2012.04.26 08:33:12.940,0.82643,0.8266,2.33,2.33
2012.04.26 08:33:13.571,0.82642,0.82657,2.33,1.58
2012.04.26 08:33:15.838,0.82643,0.8266,1.58,3.90
2012.04.26 08:33:17.605,0.82645,0.82662,1.58,4.65
2012.04.26 08:33:18.258,0.82643,0.8266,1.58,2.33
2012.04.26 08:33:21.597,0.82645,0.82662,1.58,4.65
2012.04.26 08:33:23.605,0.82643,0.8266,1.58,2.93
2012.04.26 08:33:25.946,0.82642,0.82657,3.15,1.58
2012.04.26 08:33:26.866,0.82642,0.82657,3.68,1.58
2012.04.26 08:33:27.007,0.82649,0.82664,2.33,2.33
2012.04.26 08:33:27.545,0.82649,0.82664,2.33,1.58
2012.04.26 08:33:29.087,0.82648,0.82662,1.50,1.58
2012.04.26 08:33:30.157,0.82647,0.82662,3.08,1.58
2012.04.26 08:33:30.346,0.82649,0.82664,3.08,1.58
2012.04.26 08:33:30.806,0.82651,0.82666,2.33,1.58
2012.04.26 08:33:31.247,0.82649,0.82664,3.08,1.58
2012.04.26 08:33:31.900,0.82651,0.82666,2.33,1.58
2012.04.26 08:33:33.056,0.82649,0.82665,3.08,1.58
2012.04.26 08:33:33.760,0.82651,0.82666,2.33,1.58
2012.04.26 08:33:36.869,0.82651,0.82666,2.33,1.58
2012.04.26 08:33:37.406,0.8265,0.82667,3.08,3.08
2012.04.26 08:33:38.003,0.82651,0.82666,2.33,1.58
2012.04.26 08:33:40.637,0.8265,0.82667,3.08,2.33
2012.04.26 08:33:42.186,0.8265,0.82667,1.58,2.33
2012.04.26 08:33:43.295,0.8265,0.82667,1.58,3.08
2012.04.26 08:33:44.939,0.82649,0.82664,1.58,1.58
2012.04.26 08:33:46.457,0.82649,0.82663,1.58,2.85
2012.04.26 08:33:46.648,0.82645,0.8266,1.58,2.18
2012.04.26 08:33:47.204,0.82646,0.82663,1.58,7.35
2012.04.26 08:33:47.457,0.82645,0.82658,1.58,2.78
2012.04.26 08:33:47.526,0.82643,0.82658,2.33,4.35
2012.04.26 08:33:51.405,0.82644,0.82658,1.58,2.78
2012.04.26 08:33:52.186,0.82644,0.82658,1.58,5.03
2012.04.26 08:33:52.316,0.8264,0.82657,1.58,2.18
2012.04.26 08:33:57.678,0.8264,0.82657,1.58,1.58
2012.04.26 08:33:57.810,0.82642,0.82658,1.58,2.78
2012.04.26 08:33:59.380,0.82643,0.82658,1.58,2.78
2012.04.26 08:34:00.096,0.82644,0.82658,1.58,2.78
2012.04.26 08:34:01.634,0.82643,0.82658,1.58,4.35
2012.04.26 08:34:02.911,0.82644,0.82658,1.58,2.78
2012.04.26 08:34:07.375,0.82644,0.8266,1.58,1.35
2012.04.26 08:34:07.684,0.82646,0.8266,1.58,1.35
2012.04.26 08:34:08.166,0.82643,0.8266,1.58,2.93
2012.04.26 08:34:08.557,0.82646,0.8266,1.58,1.35
2012.04.26 08:34:17.485,0.82644,0.82659,1.58,1.58
2012.04.26 08:34:17.615,0.82646,0.8266,1.58,1.35
2012.04.26 08:34:19.698,0.82644,0.82659,3.08,1.58
2012.04.26 08:34:19.826,0.82644,0.82659,2.33,1.58
2012.04.26 08:34:20.145,0.82644,0.82659,1.58,1.58
2012.04.26 08:34:20.846,0.82646,0.82661,1.58,1.58
2012.04.26 08:34:21.212,0.82648,0.82663,1.58,2.33
2012.04.26 08:34:21.553,0.82646,0.82661,1.58,1.58
2012.04.26 08:34:21.861,0.82648,0.82663,1.58,2.33
2012.04.26 08:34:22.123,0.82645,0.82662,3.90,1.58
2012.04.26 08:34:22.637,0.82645,0.82661,1.58,1.58
2012.04.26 08:34:23.061,0.82643,0.8266,4.50,1.58
2012.04.26 08:34:23.771,0.82645,0.82661,1.58,1.58
2012.04.26 08:34:24.303,0.82645,0.82662,1.58,1.58
2012.04.26 08:34:26.780,0.82646,0.82662,1.58,1.58
2012.04.26 08:34:27.326,0.82646,0.82661,3.15,1.58
2012.04.26 08:34:27.637,0.82648,0.82663,1.58,2.33
2012.04.26 08:34:28.385,0.82649,0.82664,1.58,1.50
2012.04.26 08:34:32.017,0.82648,0.82663,1.58,2.33
2012.04.26 08:34:35.057,0.8265,0.82665,1.58,3.90
2012.04.26 08:34:38.016,0.82648,0.82663,1.58,2.33
2012.04.26 08:34:39.708,0.82649,0.82666,1.58,3.90
2012.04.26 08:34:40.137,0.82646,0.82663,3.08,2.33
2012.04.26 08:34:40.655,0.82647,0.82664,1.58,2.33
2012.04.26 08:34:42.605,0.82646,0.82662,1.58,1.58
2012.04.26 08:34:43.016,0.82648,0.82663,1.58,2.33
2012.04.26 08:34:45.396,0.82645,0.82662,2.33,1.58
2012.04.26 08:34:45.464,0.82645,0.82662,3.08,1.58
2012.04.26 08:34:48.205,0.82647,0.82664,3.08,2.33
2012.04.26 08:34:50.205,0.82647,0.82664,3.08,2.33
2012.04.26 08:34:53.535,0.82652,0.82667,1.58,2.33
2012.04.26 08:34:54.157,0.82654,0.82669,1.58,3.08
2012.04.26 08:34:55.575,0.82651,0.82668,1.58,2.33
2012.04.26 08:35:00.236,0.8265,0.82665,1.58,1.58
2012.04.26 08:35:02.192,0.82652,0.82667,1.58,2.33
2012.04.26 08:35:02.886,0.82651,0.82668,1.58,2.33
2012.04.26 08:35:04.506,0.82652,0.82668,1.58,2.33
2012.04.26 08:35:05.354,0.82653,0.8267,1.58,3.08
2012.04.26 08:35:05.986,0.82652,0.82667,3.15,2.33
2012.04.26 08:35:06.335,0.82654,0.82669,1.58,2.33
2012.04.26 08:35:10.208,0.82655,0.8267,1.58,1.35
2012.04.26 08:35:10.336,0.82651,0.82668,3.08,2.33
2012.04.26 08:35:10.984,0.82654,0.82669,1.58,2.33
2012.04.26 08:35:11.239,0.82651,0.82668,3.08,2.33
2012.04.26 08:35:11.426,0.82653,0.8267,1.58,2.93
2012.04.26 08:35:11.556,0.82654,0.8267,1.58,1.35
2012.04.26 08:35:11.806,0.82654,0.8267,3.08,1.35
2012.04.26 08:35:12.520,0.82654,0.82672,2.33,2.18
2012.04.26 08:35:12.706,0.82657,0.82672,1.58,2.18
2012.04.26 08:35:13.215,0.82655,0.8267,1.58,2.18
2012.04.26 08:35:15.976,0.82655,0.82669,1.58,2.18
2012.04.26 08:35:16.046,0.82652,0.82669,3.08,3.75
2012.04.26 08:35:16.118,0.82655,0.8267,1.58,2.18
2012.04.26 08:35:17.946,0.82653,0.82671,2.33,2.78
2012.04.26 08:35:18.495,0.82652,0.8267,2.33,5.10
2012.04.26 08:35:18.896,0.82654,0.8267,1.58,3.53
2012.04.26 08:35:20.048,0.82654,0.8267,1.58,3.53
2012.04.26 08:35:21.488,0.82654,0.82671,1.58,2.33
2012.04.26 08:35:24.757,0.82655,0.8267,1.58,2.33
2012.04.26 08:35:25.064,0.82653,0.82668,1.58,1.58
2012.04.26 08:35:28.426,0.82655,0.8267,1.58,2.93
2012.04.26 08:35:28.858,0.82656,0.82673,1.58,2.93
2012.04.26 08:35:29.167,0.82654,0.82671,2.33,1.58
2012.04.26 08:35:29.724,0.82654,0.82671,2.33,1.58
2012.04.26 08:35:31.116,0.82653,0.82668,2.33,1.58
2012.04.26 08:35:33.697,0.82655,0.8267,1.58,1.58
2012.04.26 08:35:34.216,0.82652,0.82669,2.33,1.58
2012.04.26 08:35:35.806,0.82654,0.8267,2.33,1.58
2012.04.26 08:35:36.206,0.82656,0.82671,1.58,2.33
2012.04.26 08:35:36.536,0.82658,0.82673,1.58,2.33
2012.04.26 08:35:36.605,0.82655,0.82672,1.58,2.33
2012.04.26 08:35:36.998,0.82655,0.82671,1.58,2.85
2012.04.26 08:35:37.127,0.82653,0.8267,1.58,1.58
2012.04.26 08:35:37.568,0.82658,0.82672,1.58,1.35
2012.04.26 08:35:37.755,0.82655,0.82672,1.58,2.93
2012.04.26 08:35:38.127,0.82652,0.82669,1.58,1.58
2012.04.26 08:35:38.197,0.82655,0.8267,1.58,1.58
2012.04.26 08:35:40.727,0.82652,0.82669,1.58,1.58
2012.04.26 08:35:41.316,0.82655,0.8267,1.58,1.58
2012.04.26 08:35:42.627,0.82652,0.82669,3.90,1.58
2012.04.26 08:35:42.915,0.82652,0.82669,3.83,1.58
2012.04.26 08:35:44.705,0.82652,0.82666,2.25,1.58
2012.04.26 08:35:53.196,0.82652,0.82668,3.08,1.58
2012.04.26 08:35:53.326,0.82656,0.8267,1.58,1.58
2012.04.26 08:35:53.686,0.82653,0.8267,2.33,1.58
2012.04.26 08:35:56.625,0.82653,0.8267,1.58,1.58
2012.04.26 08:35:56.877,0.82651,0.82668,1.58,1.58
2012.04.26 08:35:58.808,0.82653,0.82669,1.58,2.33
2012.04.26 08:36:01.606,0.8265,0.82667,3.08,1.58
2012.04.26 08:36:03.547,0.8265,0.82664,1.50,1.58
2012.04.26 08:36:03.936,0.8265,0.82662,1.50,1.58
2012.04.26 08:36:04.061,0.8265,0.82664,3.08,1.58
2012.04.26 08:36:04.126,0.8265,0.82667,3.08,1.58
2012.04.26 08:36:04.270,0.8265,0.82664,1.50,1.58
2012.04.26 08:36:04.606,0.82649,0.82664,3.83,1.58
2012.04.26 08:36:04.677,0.82649,0.82662,2.25,1.58
2012.04.26 08:36:04.744,0.82649,0.82664,3.83,1.58
2012.04.26 08:36:04.884,0.82651,0.82666,1.58,1.58
2012.04.26 08:36:05.096,0.82652,0.82669,1.58,2.33
2012.04.26 08:36:06.018,0.8265,0.82667,3.08,1.58
2012.04.26 08:36:06.831,0.8265,0.82667,2.33,1.58
2012.04.26 08:36:07.168,0.8265,0.82665,1.50,1.58
2012.04.26 08:36:07.627,0.82652,0.82667,1.58,1.58
2012.04.26 08:36:08.105,0.8265,0.82665,1.58,1.58
2012.04.26 08:36:08.586,0.82651,0.82668,1.58,1.58
2012.04.26 08:36:12.176,0.82649,0.82666,2.33,1.58
2012.04.26 08:36:12.486,0.82647,0.82664,3.08,1.58
2012.04.26 08:36:12.797,0.82645,0.82662,3.23,1.58
2012.04.26 08:36:12.866,0.82645,0.82662,2.48,1.58
2012.04.26 08:36:12.996,0.82648,0.8266,1.50,1.58
2012.04.26 08:36:13.447,0.82648,0.82663,3.08,1.58
2012.04.26 08:36:14.005,0.8265,0.82665,2.33,1.58
2012.04.26 08:36:15.515,0.8265,0.82665,1.58,1.95
2012.04.26 08:36:15.586,0.8265,0.82665,1.58,2.33
2012.04.26 08:36:15.844,0.82631,0.82647,1.50,1.58
2012.04.26 08:36:16.038,0.8263,0.82647,1.58,2.18
2012.04.26 08:36:16.109,0.82629,0.82643,2.33,1.58
2012.04.26 08:36:16.658,0.82629,0.82644,3.08,1.58
2012.04.26 08:36:16.728,0.8263,0.82647,3.75,3.15
2012.04.26 08:36:17.317,0.8263,0.82644,2.18,1.58
2012.04.26 08:36:17.637,0.8263,0.82646,4.50,1.58
2012.04.26 08:36:18.313,0.8263,0.82647,5.25,1.58
2012.04.26 08:36:22.426,0.82632,0.82648,2.33,1.58
2012.04.26 08:36:22.975,0.8263,0.82647,3.08,1.58
2012.04.26 08:36:24.224,0.82634,0.82651,2.33,2.33
2012.04.26 08:36:24.738,0.82633,0.82648,3.08,1.58
2012.04.26 08:36:26.011,0.82633,0.82648,2.33,1.58
2012.04.26 08:36:26.389,0.82633,0.82648,3.08,1.58
2012.04.26 08:36:27.638,0.82635,0.8265,2.33,3.90
2012.04.26 08:36:28.477,0.82635,0.8265,1.58,2.33
2012.04.26 08:36:31.451,0.82635,0.8265,2.33,2.33
2012.04.26 08:36:34.417,0.82635,0.8265,1.58,2.33
2012.04.26 08:36:35.208,0.82633,0.82649,1.50,1.58
2012.04.26 08:36:35.778,0.82634,0.82651,2.33,2.33
2012.04.26 08:36:36.475,0.82634,0.82651,1.58,2.33
2012.04.26 08:36:36.751,0.82634,0.82651,2.33,2.33
2012.04.26 08:36:38.087,0.82633,0.82648,3.08,1.58
2012.04.26 08:36:38.808,0.82635,0.8265,2.33,3.90
2012.04.26 08:36:48.426,0.82634,0.82651,2.33,2.33
2012.04.26 08:36:49.329,0.82635,0.82651,1.58,1.50
2012.04.26 08:36:49.577,0.82631,0.82648,3.08,1.58
2012.04.26 08:36:50.376,0.82633,0.8265,1.58,2.33
2012.04.26 08:36:55.836,0.82633,0.8265,2.33,2.33
2012.04.26 08:36:56.288,0.82633,0.82649,1.58,1.58
2012.04.26 08:36:56.650,0.82631,0.82646,2.33,1.58
2012.04.26 08:36:57.997,0.82632,0.82649,1.58,3.15
2012.04.26 08:36:58.337,0.82634,0.8265,1.58,1.50
2012.04.26 08:36:58.677,0.82637,0.82652,1.58,2.33
2012.04.26 08:36:58.761,0.82635,0.8265,3.15,2.33
2012.04.26 08:36:59.647,0.82632,0.82649,1.58,1.58
2012.04.26 08:37:00.740,0.82634,0.82651,1.58,2.33
2012.04.26 08:37:01.107,0.82633,0.82648,1.58,1.58
2012.04.26 08:37:05.148,0.82632,0.82649,1.58,2.33
2012.04.26 08:37:05.486,0.8263,0.82647,2.33,1.58
2012.04.26 08:37:05.835,0.82635,0.8265,1.58,5.25
2012.04.26 08:37:06.027,0.82632,0.82649,1.58,2.33
2012.04.26 08:37:07.116,0.82631,0.82646,2.33,1.58
2012.04.26 08:37:07.368,0.82632,0.82649,2.33,2.33
2012.04.26 08:37:17.625,0.82634,0.82651,1.58,2.33
2012.04.26 08:37:19.744,0.82632,0.82649,4.65,2.33
2012.04.26 08:37:21.096,0.82631,0.82646,3.90,1.58
2012.04.26 08:37:23.158,0.82632,0.82649,2.33,3.90
2012.04.26 08:37:24.814,0.8263,0.82645,2.33,1.58
2012.04.26 08:37:24.875,0.82632,0.82647,1.58,1.58
2012.04.26 08:37:25.338,0.8263,0.82645,2.33,1.58
2012.04.26 08:37:26.666,0.82629,0.82643,1.50,1.58
2012.04.26 08:37:26.740,0.82627,0.82643,3.08,1.58
2012.04.26 08:37:26.808,0.82627,0.8264,1.50,1.58
2012.04.26 08:37:26.875,0.82625,0.8264,2.33,1.58
2012.04.26 08:37:27.068,0.82625,0.8264,2.33,1.58
2012.04.26 08:37:27.337,0.82627,0.82642,1.58,1.58
2012.04.26 08:37:27.649,0.82625,0.8264,2.33,1.58
2012.04.26 08:37:28.221,0.82624,0.82639,1.50,1.58
2012.04.26 08:37:28.557,0.82624,0.82641,3.08,1.58
2012.04.26 08:37:32.677,0.82627,0.82642,1.58,2.33
2012.04.26 08:37:34.323,0.82625,0.82643,2.33,3.08
2012.04.26 08:37:34.546,0.82627,0.82643,1.58,1.50
2012.04.26 08:37:37.936,0.82624,0.82641,1.58,2.18
2012.04.26 08:37:38.006,0.82624,0.82641,1.58,4.50
2012.04.26 08:37:38.567,0.82623,0.82639,1.58,2.33
2012.04.26 08:37:39.512,0.82624,0.82642,1.58,3.68
2012.04.26 08:37:40.386,0.82624,0.82642,1.58,3.68
2012.04.26 08:37:40.641,0.82629,0.82642,1.58,1.50
2012.04.26 08:37:40.768,0.82629,0.82642,1.58,1.50
2012.04.26 08:37:41.438,0.82627,0.82642,1.58,1.50
2012.04.26 08:37:42.096,0.82628,0.82642,1.58,1.50
2012.04.26 08:37:42.906,0.82625,0.82642,1.58,3.08
2012.04.26 08:37:43.670,0.82624,0.82642,2.33,3.08
2012.04.26 08:37:43.795,0.82627,0.82642,1.58,1.50
2012.04.26 08:37:48.273,0.82624,0.82642,2.33,3.08
2012.04.26 08:37:48.457,0.82624,0.82642,2.33,3.68
2012.04.26 08:37:48.765,0.82626,0.8264,1.58,1.35
2012.04.26 08:37:49.078,0.8262,0.82636,2.33,1.50
2012.04.26 08:37:49.484,0.8262,0.82636,1.58,1.50
2012.04.26 08:37:49.676,0.82622,0.82636,1.58,1.50
2012.04.26 08:37:51.686,0.82621,0.82636,1.58,1.50
2012.04.26 08:38:00.605,0.82624,0.82638,1.58,1.50
2012.04.26 08:38:01.153,0.82621,0.82638,3.15,1.50
2012.04.26 08:38:02.548,0.82619,0.82637,1.58,3.08
2012.04.26 08:38:05.025,0.82617,0.82636,5.25,2.33
2012.04.26 08:38:05.278,0.82619,0.82636,1.58,1.50
2012.04.26 08:38:05.647,0.82621,0.82636,1.58,1.50
2012.04.26 08:38:10.431,0.82629,0.82639,1.58,1.50
2012.04.26 08:38:10.958,0.82629,0.82642,1.58,1.50
2012.04.26 08:38:11.030,0.82627,0.82642,1.58,1.50
2012.04.26 08:38:11.536,0.82628,0.82642,1.58,1.50
2012.04.26 08:38:11.607,0.82626,0.82642,1.58,1.50
2012.04.26 08:38:11.677,0.82626,0.82639,1.58,2.85
2012.04.26 08:38:11.985,0.82622,0.82633,1.50,1.58
2012.04.26 08:38:12.060,0.82622,0.82637,3.08,2.33
2012.04.26 08:38:12.246,0.82622,0.82637,1.58,2.33
2012.04.26 08:38:12.798,0.82623,0.82639,1.58,1.50
2012.04.26 08:38:12.867,0.82621,0.82638,1.58,2.33
2012.04.26 08:38:13.360,0.82624,0.82639,1.58,2.33
2012.04.26 08:38:13.918,0.82623,0.8264,1.58,3.08
2012.04.26 08:38:14.227,0.82627,0.82643,1.58,3.08
2012.04.26 08:38:14.666,0.82625,0.82642,1.58,2.33
2012.04.26 08:38:15.299,0.82628,0.82643,1.58,3.08
2012.04.26 08:38:15.632,0.8263,0.82645,1.58,1.58
2012.04.26 08:38:15.973,0.82628,0.82643,1.58,1.58
2012.04.26 08:38:16.397,0.82626,0.82642,1.58,1.58
2012.04.26 08:38:16.709,0.82624,0.82639,1.58,1.58
2012.04.26 08:38:17.238,0.82626,0.82641,1.58,3.15
2012.04.26 08:38:17.498,0.82623,0.8264,3.15,2.33
2012.04.26 08:38:17.837,0.82622,0.82637,1.58,1.58
2012.04.26 08:38:18.089,0.82619,0.82636,2.33,1.58
2012.04.26 08:38:18.597,0.82622,0.82637,1.58,2.33
2012.04.26 08:38:19.148,0.82623,0.8264,1.58,3.08
2012.04.26 08:38:19.337,0.82623,0.8264,1.58,2.33
2012.04.26 08:38:21.720,0.82622,0.82637,1.58,1.58
2012.04.26 08:38:22.027,0.82622,0.82636,1.58,1.50
2012.04.26 08:38:22.219,0.82619,0.82633,1.58,2.33
2012.04.26 08:38:22.409,0.82618,0.82631,2.33,1.50
2012.04.26 08:38:22.959,0.82613,0.82629,4.88,1.58
2012.04.26 08:38:24.556,0.82612,0.82629,2.70,1.58
2012.04.26 08:38:25.129,0.82612,0.82629,2.33,1.58
2012.04.26 08:38:26.231,0.82618,0.82633,1.58,2.33
2012.04.26 08:38:26.300,0.82618,0.82633,1.58,2.93
2012.04.26 08:38:26.488,0.82614,0.82631,3.75,1.58
2012.04.26 08:38:26.684,0.82613,0.82628,3.15,1.58
2012.04.26 08:38:27.118,0.82609,0.82624,1.58,1.58
2012.04.26 08:38:27.429,0.82611,0.82626,1.58,1.58
2012.04.26 08:38:27.736,0.82614,0.82629,1.58,1.58
2012.04.26 08:38:28.200,0.82612,0.82628,2.33,1.58
2012.04.26 08:38:28.741,0.82613,0.8263,1.58,2.93
2012.04.26 08:38:32.188,0.82612,0.82627,1.58,1.58
2012.04.26 08:38:32.378,0.82614,0.82629,1.58,2.33
2012.04.26 08:38:33.005,0.82612,0.82627,1.58,1.58
2012.04.26 08:38:33.143,0.82614,0.82629,1.58,2.33
2012.04.26 08:38:33.388,0.82615,0.82631,1.58,1.50
2012.04.26 08:38:33.457,0.82617,0.82634,1.58,6.23
2012.04.26 08:38:33.588,0.82617,0.82634,1.58,4.05
2012.04.26 08:38:33.840,0.82619,0.82633,1.58,2.25
2012.04.26 08:38:33.908,0.82613,0.8263,1.58,1.58
2012.04.26 08:38:34.568,0.82616,0.82631,1.58,2.33
2012.04.26 08:38:35.196,0.82616,0.82631,1.58,2.93
2012.04.26 08:38:36.077,0.82618,0.82631,1.58,1.35
2012.04.26 08:38:36.925,0.82614,0.82629,1.58,2.33
2012.04.26 08:38:37.416,0.82615,0.82632,1.58,2.33
2012.04.26 08:38:38.398,0.82615,0.82632,2.33,1.58
2012.04.26 08:38:38.528,0.82615,0.82632,1.58,1.58
2012.04.26 08:38:39.137,0.82615,0.82632,2.33,1.58
2012.04.26 08:38:42.057,0.82617,0.82634,2.33,3.90
2012.04.26 08:38:42.848,0.82617,0.82633,2.33,1.58
2012.04.26 08:38:43.365,0.82616,0.82631,1.58,1.58
2012.04.26 08:38:47.206,0.82617,0.82634,1.58,2.33
2012.04.26 08:38:47.626,0.82615,0.82632,1.58,1.58
2012.04.26 08:38:48.180,0.82617,0.82634,2.33,2.33
2012.04.26 08:38:48.725,0.82616,0.82632,2.33,1.58
2012.04.26 08:38:48.995,0.82615,0.82632,2.33,1.58
2012.04.26 08:38:49.068,0.82615,0.82632,3.08,1.58
2012.04.26 08:38:49.137,0.82615,0.82632,2.33,1.58
2012.04.26 08:38:49.826,0.82615,0.82632,3.08,1.58
2012.04.26 08:38:51.911,0.82617,0.82632,3.98,1.58
2012.04.26 08:38:52.220,0.82627,0.82632,1.58,1.58
2012.04.26 08:38:52.290,0.82627,0.82641,1.58,1.58
2012.04.26 08:38:52.358,0.82629,0.82645,1.58,1.58
2012.04.26 08:38:52.894,0.8263,0.82647,1.58,3.08
2012.04.26 08:38:53.026,0.82629,0.82644,1.58,1.58
2012.04.26 08:38:53.535,0.82627,0.82642,3.15,1.58
2012.04.26 08:38:54.087,0.82624,0.82641,4.65,1.58
2012.04.26 08:38:54.218,0.82624,0.82638,2.33,1.58
2012.04.26 08:38:54.407,0.82623,0.8264,3.75,1.58
2012.04.26 08:38:54.915,0.82623,0.82638,2.18,1.58
2012.04.26 08:38:55.049,0.82621,0.82638,1.58,2.33
2012.04.26 08:38:55.388,0.82619,0.82636,2.33,1.58
2012.04.26 08:38:56.298,0.82622,0.82637,1.58,4.65
2012.04.26 08:39:09.707,0.82622,0.82637,2.55,2.33
2012.04.26 08:39:10.021,0.8263,0.82643,2.18,1.58
2012.04.26 08:39:10.207,0.82632,0.82646,1.58,1.58
2012.04.26 08:39:10.280,0.82635,0.82648,1.58,3.00
2012.04.26 08:39:11.030,0.82636,0.82653,1.58,4.05
2012.04.26 08:39:11.160,0.82634,0.82649,1.58,1.58
2012.04.26 08:39:11.409,0.82636,0.82651,1.58,1.58
2012.04.26 08:39:11.727,0.82631,0.82646,1.58,1.58
2012.04.26 08:39:12.153,0.82625,0.82638,5.55,1.58
2012.04.26 08:39:12.290,0.82624,0.82638,1.80,1.58
2012.04.26 08:39:12.360,0.82624,0.82641,2.48,1.58
2012.04.26 08:39:12.849,0.82622,0.82639,2.33,1.58
2012.04.26 08:39:13.360,0.82623,0.82638,1.58,1.58
2012.04.26 08:39:14.811,0.82625,0.8264,1.58,2.18
2012.04.26 08:39:15.370,0.82626,0.82643,1.58,5.03
2012.04.26 08:39:15.794,0.82621,0.82636,1.58,1.58
2012.04.26 08:39:16.569,0.82618,0.82636,1.58,1.58
2012.04.26 08:39:16.898,0.82617,0.82634,3.08,1.58
2012.04.26 08:39:17.209,0.82619,0.82636,1.58,1.58
2012.04.26 08:39:17.702,0.82622,0.82637,1.58,3.08
2012.04.26 08:39:18.008,0.82624,0.8264,1.58,1.50
2012.04.26 08:39:18.140,0.82624,0.8264,1.58,2.33
2012.04.26 08:39:18.693,0.82625,0.8264,1.58,3.90
2012.04.26 08:39:18.763,0.82621,0.82638,1.58,1.58
2012.04.26 08:39:18.979,0.82623,0.8264,1.58,3.90
2012.04.26 08:39:19.409,0.82623,0.82637,2.18,1.58
2012.04.26 08:39:19.660,0.82623,0.82639,2.18,1.58
2012.04.26 08:39:19.790,0.82623,0.82636,2.18,1.58
2012.04.26 08:39:20.200,0.82621,0.82636,4.50,1.58
2012.04.26 08:39:21.090,0.82624,0.82639,1.58,1.58
2012.04.26 08:39:21.756,0.82622,0.82637,1.58,1.58
2012.04.26 08:39:22.070,0.82612,0.82628,3.00,1.58
2012.04.26 08:39:22.378,0.82613,0.8263,1.58,1.58
2012.04.26 08:39:22.573,0.82616,0.82631,1.58,2.18
2012.04.26 08:39:24.681,0.82616,0.82628,1.58,1.13
2012.04.26 08:39:24.928,0.82607,0.82623,1.58,1.35
2012.04.26 08:39:25.423,0.82609,0.82623,1.58,2.93
2012.04.26 08:39:25.730,0.82609,0.8262,1.58,2.10
2012.04.26 08:39:25.861,0.82603,0.82618,1.58,1.58
2012.04.26 08:39:25.932,0.82606,0.82618,1.58,1.58
2012.04.26 08:39:26.242,0.82608,0.82623,1.58,3.08
2012.04.26 08:39:26.806,0.8261,0.82622,1.58,1.35
2012.04.26 08:39:26.877,0.82607,0.82622,1.58,1.35
2012.04.26 08:39:27.999,0.82605,0.82622,1.58,3.68
2012.04.26 08:39:28.922,0.82605,0.8262,3.15,2.85
2012.04.26 08:39:29.464,0.82608,0.82619,1.58,1.35
2012.04.26 08:39:29.537,0.82602,0.82616,1.58,1.50
2012.04.26 08:39:29.671,0.826,0.82615,1.58,2.33
2012.04.26 08:39:30.212,0.82599,0.82614,1.58,3.15
2012.04.26 08:39:30.342,0.82602,0.82613,1.58,1.58
2012.04.26 08:39:30.652,0.82607,0.8262,1.58,2.25
2012.04.26 08:39:30.721,0.82607,0.82622,1.58,3.83
2012.04.26 08:39:32.462,0.82604,0.82621,3.15,2.33
2012.04.26 08:39:33.197,0.82605,0.82621,1.58,2.33
2012.04.26 08:39:33.330,0.82607,0.82622,1.58,1.50
2012.04.26 08:39:34.956,0.82607,0.82624,2.33,1.35
2012.04.26 08:39:35.036,0.82614,0.82628,1.58,1.50
2012.04.26 08:39:35.859,0.82615,0.82629,1.58,1.50
2012.04.26 08:39:36.626,0.82614,0.82629,1.58,3.08
2012.04.26 08:39:37.388,0.82614,0.82629,1.58,2.33
2012.04.26 08:39:38.823,0.82616,0.82631,1.58,3.08
2012.04.26 08:39:38.948,0.82617,0.82633,1.58,1.50
2012.04.26 08:39:39.668,0.82616,0.82631,1.58,1.58
2012.04.26 08:39:41.359,0.82616,0.8263,1.58,1.58
2012.04.26 08:39:41.429,0.82613,0.82628,1.58,1.58
2012.04.26 08:39:41.498,0.82611,0.82626,2.33,1.58
2012.04.26 08:39:42.341,0.82611,0.82626,1.58,1.58
2012.04.26 08:39:42.887,0.82612,0.82627,1.58,1.58
2012.04.26 08:39:43.522,0.82613,0.82629,1.58,3.08
2012.04.26 08:39:43.828,0.82616,0.82631,1.58,2.33
2012.04.26 08:39:43.899,0.82614,0.82631,1.58,2.33
2012.04.26 08:39:43.969,0.82613,0.82631,3.15,1.58
2012.04.26 08:39:44.702,0.82616,0.82631,1.58,1.58
2012.04.26 08:39:45.010,0.82613,0.82628,1.58,1.58
2012.04.26 08:39:45.203,0.8261,0.82627,1.58,1.58
2012.04.26 08:39:45.970,0.82613,0.82628,1.58,2.18
2012.04.26 08:39:49.479,0.82614,0.82631,1.58,3.15
2012.04.26 08:39:50.049,0.82617,0.82632,1.58,2.33
2012.04.26 08:39:50.399,0.82615,0.8263,1.58,1.58
2012.04.26 08:39:51.899,0.82615,0.8263,2.33,1.58
2012.04.26 08:39:52.150,0.82616,0.82633,2.33,7.43
2012.04.26 08:39:53.032,0.82616,0.82633,1.58,3.68
2012.04.26 08:39:54.444,0.82614,0.82631,3.15,1.58
2012.04.26 08:39:54.920,0.82617,0.82632,1.58,1.58
2012.04.26 08:39:55.865,0.8262,0.82635,1.58,1.50
2012.04.26 08:39:56.352,0.82622,0.82636,1.50,1.58
2012.04.26 08:39:56.420,0.82627,0.82638,1.58,1.50
2012.04.26 08:39:56.609,0.82628,0.82645,1.58,1.58
2012.04.26 08:39:56.866,0.8263,0.82647,1.58,3.08
2012.04.26 08:39:57.169,0.82629,0.82644,1.58,1.58
2012.04.26 08:39:57.482,0.82632,0.82649,1.58,2.93
2012.04.26 08:39:57.850,0.82634,0.8265,1.58,2.10
2012.04.26 08:39:57.919,0.82634,0.8265,1.58,1.50
2012.04.26 08:39:58.132,0.82633,0.82648,1.58,1.58
2012.04.26 08:39:58.599,0.82634,0.8265,1.58,2.25
2012.04.26 08:39:59.039,0.82634,0.8265,1.58,3.83
2012.04.26 08:39:59.588,0.82633,0.82648,1.58,2.33
2012.04.26 08:40:01.161,0.8263,0.82648,1.58,2.33
2012.04.26 08:40:01.359,0.8263,0.82646,1.58,1.50
2012.04.26 08:40:01.611,0.82625,0.82641,2.18,1.58
2012.04.26 08:40:02.207,0.82629,0.82645,1.58,2.33
2012.04.26 08:40:02.710,0.82626,0.82641,1.58,1.58
2012.04.26 08:40:02.839,0.82627,0.82644,1.58,1.58
2012.04.26 08:40:03.291,0.82626,0.82641,1.58,1.58
2012.04.26 08:40:04.770,0.82627,0.82641,1.58,1.58
2012.04.26 08:40:05.110,0.82623,0.8264,1.58,1.58
2012.04.26 08:40:05.361,0.82626,0.82641,1.58,1.58
2012.04.26 08:40:06.004,0.82624,0.8264,1.58,1.58
2012.04.26 08:40:06.728,0.82626,0.82641,1.58,1.58
2012.04.26 08:40:07.631,0.82624,0.82639,3.15,1.58
2012.04.26 08:40:08.059,0.82625,0.82642,1.58,4.50
2012.04.26 08:40:08.387,0.82624,0.82639,1.58,1.58
2012.04.26 08:40:09.839,0.82626,0.82641,1.58,1.58
2012.04.26 08:40:10.147,0.82624,0.82639,1.58,1.58
2012.04.26 08:40:10.644,0.82622,0.82637,2.33,1.58
2012.04.26 08:40:11.319,0.82623,0.8264,1.58,1.58
2012.04.26 08:40:12.398,0.82622,0.82639,1.50,1.58
2012.04.26 08:40:14.999,0.82621,0.82639,3.08,2.33
2012.04.26 08:40:15.129,0.8262,0.82635,2.33,1.58
2012.04.26 08:40:15.203,0.82621,0.82638,2.33,1.58
2012.04.26 08:40:15.898,0.82623,0.82639,1.58,2.33
2012.04.26 08:40:16.821,0.82622,0.82637,2.33,1.58
2012.04.26 08:40:17.298,0.82622,0.82639,2.33,1.50
2012.04.26 08:40:18.417,0.82622,0.82637,2.33,1.58
2012.04.26 08:40:19.463,0.82623,0.82639,1.58,4.65
2012.04.26 08:40:20.217,0.82623,0.82639,1.58,3.08
2012.04.26 08:40:20.361,0.82615,0.82631,1.58,1.35
2012.04.26 08:40:20.551,0.82615,0.82629,1.58,2.18
2012.04.26 08:40:21.061,0.82614,0.82629,1.58,1.58
2012.04.26 08:40:21.379,0.82607,0.82624,2.33,1.58
2012.04.26 08:40:21.831,0.8261,0.82627,1.58,1.35
2012.04.26 08:40:22.020,0.82614,0.82628,1.58,3.08
2012.04.26 08:40:22.092,0.82614,0.82629,1.58,3.83
2012.04.26 08:40:22.644,0.82615,0.82629,1.58,2.25
2012.04.26 08:40:22.710,0.82613,0.82629,1.58,2.25
2012.04.26 08:40:23.264,0.82612,0.82627,1.58,1.58
2012.04.26 08:40:23.778,0.82613,0.82629,1.58,1.50
2012.04.26 08:40:24.721,0.82612,0.82628,1.58,2.33
2012.04.26 08:40:25.109,0.8261,0.82625,1.58,1.58
2012.04.26 08:40:25.301,0.82612,0.82627,1.58,2.33
2012.04.26 08:40:25.511,0.82609,0.82626,2.33,2.33
2012.04.26 08:40:25.579,0.82611,0.82628,1.58,2.33
2012.04.26 08:40:26.157,0.8261,0.82625,1.58,1.58
2012.04.26 08:40:26.688,0.82609,0.82626,2.33,1.58
2012.04.26 08:40:27.749,0.82612,0.82627,1.58,1.58
2012.04.26 08:40:28.399,0.82609,0.82623,3.08,1.58
2012.04.26 08:40:29.421,0.82608,0.82625,2.33,3.15
2012.04.26 08:40:30.430,0.82607,0.82623,2.33,1.58
2012.04.26 08:40:31.151,0.82605,0.82621,2.25,1.58
2012.04.26 08:40:31.677,0.82607,0.82622,2.33,1.58
2012.04.26 08:40:31.809,0.82608,0.82625,2.33,3.15
2012.04.26 08:40:32.850,0.82606,0.82623,2.33,1.58
2012.04.26 08:40:34.469,0.82606,0.82623,1.58,1.58
2012.04.26 08:40:35.022,0.82606,0.82623,1.58,2.18
2012.04.26 08:40:38.658,0.82604,0.82621,3.90,1.58
2012.04.26 08:40:42.280,0.82603,0.82619,2.33,1.58
2012.04.26 08:40:42.797,0.82602,0.82619,3.08,1.58
2012.04.26 08:40:44.198,0.82604,0.82619,1.58,1.58
2012.04.26 08:40:44.588,0.82606,0.82623,1.58,3.75
2012.04.26 08:40:44.908,0.82604,0.82621,2.33,1.58
2012.04.26 08:40:45.762,0.82602,0.82619,4.65,1.58
2012.04.26 08:40:46.199,0.82604,0.82621,4.50,1.58
2012.04.26 08:40:46.329,0.82606,0.82623,1.58,1.58
2012.04.26 08:40:46.831,0.82606,0.82622,1.58,1.58
2012.04.26 08:40:47.149,0.82603,0.82618,2.33,1.58
2012.04.26 08:40:50.528,0.82606,0.82621,1.58,3.15
2012.04.26 08:40:51.048,0.82606,0.8262,1.58,2.10
2012.04.26 08:40:51.121,0.82604,0.82619,1.58,2.18
2012.04.26 08:40:51.428,0.82602,0.82617,1.58,1.35
2012.04.26 08:40:51.499,0.82599,0.82616,3.15,1.58
2012.04.26 08:40:51.801,0.82602,0.82617,1.58,2.93
2012.04.26 08:40:59.838,0.82603,0.82619,1.58,1.50
2012.04.26 08:41:00.483,0.82602,0.82617,1.58,1.58
2012.04.26 08:41:00.861,0.82604,0.82619,1.58,3.83
2012.04.26 08:41:01.735,0.82601,0.82618,1.58,1.58
2012.04.26 08:41:02.662,0.82604,0.82619,1.58,3.08
2012.04.26 08:41:02.972,0.82606,0.82623,1.58,2.33
2012.04.26 08:41:03.163,0.82608,0.82623,2.33,1.58
2012.04.26 08:41:03.490,0.82611,0.82626,1.58,1.35
2012.04.26 08:41:04.040,0.82612,0.82626,1.58,1.35
2012.04.26 08:41:04.545,0.82609,0.82626,1.58,2.93
2012.04.26 08:41:05.090,0.8261,0.82626,1.58,2.93
2012.04.26 08:41:05.955,0.82608,0.82623,1.58,1.58
2012.04.26 08:41:06.179,0.82609,0.82626,1.58,2.93
2012.04.26 08:41:06.430,0.82607,0.82624,2.33,1.58
2012.04.26 08:41:06.877,0.82611,0.82626,1.58,4.50
2012.04.26 08:41:07.050,0.82609,0.82625,1.58,2.33
2012.04.26 08:41:07.664,0.8261,0.82626,1.58,2.93
2012.04.26 08:41:08.098,0.82608,0.82622,2.93,1.58
2012.04.26 08:41:08.170,0.82608,0.82625,4.50,2.33
2012.04.26 08:41:08.724,0.8261,0.82627,1.58,3.08
2012.04.26 08:41:11.560,0.82609,0.82626,1.58,3.90
2012.04.26 08:41:15.758,0.82608,0.82623,1.58,1.58
2012.04.26 08:41:15.829,0.82609,0.82625,1.58,3.90
2012.04.26 08:41:16.660,0.82608,0.82623,1.58,1.58
2012.04.26 08:41:17.006,0.8261,0.82625,1.58,2.33
2012.04.26 08:41:21.302,0.82607,0.82624,3.90,1.58
2012.04.26 08:41:26.318,0.82608,0.82626,1.58,2.33
2012.04.26 08:41:26.955,0.82608,0.82626,2.33,2.33
2012.04.26 08:41:27.636,0.82607,0.82624,2.33,1.58
2012.04.26 08:41:28.378,0.82607,0.82624,2.33,1.58
2012.04.26 08:41:28.480,0.82606,0.82622,2.33,1.58
2012.04.26 08:41:29.529,0.82607,0.82623,2.33,1.58
2012.04.26 08:41:29.838,0.8261,0.82625,1.58,2.33
2012.04.26 08:41:30.169,0.82608,0.82623,1.58,1.58
2012.04.26 08:41:30.533,0.8261,0.82625,1.58,3.90
2012.04.26 08:41:31.278,0.82607,0.82624,2.33,1.58
2012.04.26 08:41:35.080,0.82605,0.82622,3.08,1.58
2012.04.26 08:41:35.607,0.82608,0.82623,1.58,1.58
2012.04.26 08:41:36.598,0.82605,0.82622,3.08,1.58
2012.04.26 08:41:37.307,0.82605,0.82622,3.08,1.58
2012.04.26 08:41:37.378,0.82606,0.82624,2.33,1.58
2012.04.26 08:41:37.848,0.82605,0.82622,3.08,1.58
2012.04.26 08:41:38.627,0.82605,0.82622,3.08,1.58
2012.04.26 08:41:39.398,0.82608,0.82623,1.58,1.58
2012.04.26 08:41:39.550,0.82605,0.82622,3.08,1.58
2012.04.26 08:41:40.497,0.82608,0.82623,1.58,1.58
2012.04.26 08:41:44.278,0.82608,0.82626,1.58,2.18
2012.04.26 08:41:47.961,0.82608,0.82623,1.58,1.58
2012.04.26 08:41:48.168,0.82608,0.82626,1.58,2.18
2012.04.26 08:41:48.759,0.82607,0.82624,1.58,2.33
2012.04.26 08:41:52.488,0.82605,0.82622,2.33,1.58
2012.04.26 08:41:53.032,0.82608,0.82623,1.58,1.58
2012.04.26 08:41:53.984,0.82606,0.82621,2.33,1.58
2012.04.26 08:41:55.111,0.82607,0.82624,1.58,3.90
2012.04.26 08:41:55.357,0.82609,0.82625,1.58,3.08
2012.04.26 08:41:56.088,0.82607,0.82624,2.33,2.33
2012.04.26 08:41:56.459,0.82607,0.82624,2.93,3.15
2012.04.26 08:41:56.650,0.82611,0.82628,2.33,2.33
2012.04.26 08:41:56.840,0.82615,0.82629,1.58,1.58
2012.04.26 08:41:56.970,0.82613,0.82629,3.15,1.58
2012.04.26 08:41:57.103,0.82614,0.82631,1.58,2.70
2012.04.26 08:41:58.190,0.82613,0.82629,2.33,1.58
2012.04.26 08:41:59.840,0.82615,0.8263,1.58,1.58
2012.04.26 08:42:02.033,0.82611,0.82628,5.25,1.58
2012.04.26 08:42:02.509,0.82613,0.8263,2.33,3.15
2012.04.26 08:42:06.819,0.82615,0.82631,1.58,1.58
2012.04.26 08:42:07.373,0.82615,0.82632,1.58,1.58
2012.04.26 08:42:08.427,0.82613,0.82628,2.33,1.58
2012.04.26 08:42:08.499,0.82613,0.8263,2.33,1.58
2012.04.26 08:42:09.010,0.82613,0.8263,1.58,1.58
2012.04.26 08:42:09.561,0.82612,0.82628,3.90,1.58
2012.04.26 08:42:10.070,0.82615,0.82631,1.58,2.33
2012.04.26 08:42:10.260,0.82615,0.82632,1.58,2.33
2012.04.26 08:42:10.331,0.82614,0.82629,3.15,1.58
2012.04.26 08:42:11.082,0.82612,0.82629,2.33,1.58
2012.04.26 08:42:11.636,0.82611,0.82629,2.33,2.33
2012.04.26 08:42:11.705,0.82611,0.82629,2.33,2.93
2012.04.26 08:42:12.016,0.82606,0.82621,3.08,1.58
2012.04.26 08:42:12.399,0.82608,0.82623,2.33,1.58
2012.04.26 08:42:12.599,0.82606,0.82621,2.33,1.58
2012.04.26 08:42:12.770,0.82606,0.82624,2.33,3.90
2012.04.26 08:42:12.959,0.82605,0.82622,3.90,1.58
2012.04.26 08:42:13.328,0.82607,0.82624,2.33,2.33
2012.04.26 08:42:20.669,0.82606,0.82622,3.08,1.58
2012.04.26 08:42:21.035,0.82606,0.82619,1.50,1.58
2012.04.26 08:42:21.969,0.82606,0.82621,3.08,1.58
2012.04.26 08:42:22.350,0.82607,0.82624,2.33,2.33
2012.04.26 08:42:22.424,0.82606,0.82621,3.08,1.58
2012.04.26 08:42:23.223,0.82608,0.82623,2.33,1.58
2012.04.26 08:42:23.804,0.82606,0.82622,1.50,1.58
2012.04.26 08:42:24.660,0.82605,0.82621,1.58,1.58
2012.04.26 08:42:24.728,0.82604,0.82619,2.33,1.58
2012.04.26 08:42:25.282,0.82603,0.82618,2.33,1.58
2012.04.26 08:42:25.351,0.82605,0.82622,1.58,1.58
2012.04.26 08:42:25.420,0.82605,0.82622,1.58,2.33
2012.04.26 08:42:25.849,0.82601,0.82618,3.08,2.33
2012.04.26 08:42:26.288,0.82605,0.82622,1.58,1.58
2012.04.26 08:42:26.440,0.82603,0.8262,2.33,1.58
2012.04.26 08:42:27.250,0.82606,0.82621,1.58,1.58
2012.04.26 08:42:27.850,0.82607,0.82624,1.58,2.33
2012.04.26 08:42:28.039,0.82606,0.82621,1.58,1.58
2012.04.26 08:42:28.559,0.82605,0.82622,1.58,1.58
2012.04.26 08:42:29.462,0.82604,0.82619,3.90,1.58
2012.04.26 08:42:31.128,0.82605,0.82622,1.58,1.58
2012.04.26 08:42:31.700,0.82607,0.82624,1.58,2.33
2012.04.26 08:42:32.918,0.82607,0.82623,1.58,1.58
2012.04.26 08:42:33.232,0.82606,0.82621,1.58,1.58
2012.04.26 08:42:33.627,0.82607,0.82624,1.58,2.33
2012.04.26 08:42:33.841,0.82606,0.82621,1.58,1.58
2012.04.26 08:42:36.502,0.82603,0.82619,2.33,1.58
2012.04.26 08:42:36.675,0.82602,0.82617,3.08,1.58
2012.04.26 08:42:36.800,0.82604,0.82619,1.58,3.15
2012.04.26 08:42:37.050,0.82605,0.82621,1.58,1.58
2012.04.26 08:42:37.747,0.82605,0.82622,1.58,1.58
2012.04.26 08:42:38.509,0.82605,0.82622,1.58,2.18
2012.04.26 08:42:38.998,0.82603,0.8262,3.15,2.93
2012.04.26 08:42:39.875,0.82606,0.8262,1.58,2.10
2012.04.26 08:42:40.554,0.82603,0.8262,1.58,3.68
2012.04.26 08:42:41.765,0.82602,0.82617,1.58,1.58
2012.04.26 08:42:43.890,0.82603,0.82618,1.58,1.50
2012.04.26 08:42:44.630,0.82601,0.82618,1.58,3.08
2012.04.26 08:42:47.728,0.82601,0.82618,1.58,3.08
2012.04.26 08:42:47.800,0.82599,0.82616,1.58,1.58
2012.04.26 08:42:49.910,0.82597,0.82614,2.33,1.58
2012.04.26 08:42:50.159,0.82598,0.82616,1.58,2.33
2012.04.26 08:42:50.452,0.82598,0.82616,1.58,3.08
2012.04.26 08:42:51.270,0.82597,0.82614,2.33,2.33
2012.04.26 08:42:53.483,0.82597,0.82614,1.58,1.58
2012.04.26 08:42:55.591,0.82599,0.82613,2.18,1.58
2012.04.26 08:42:55.658,0.82599,0.82616,2.18,3.08
2012.04.26 08:42:55.869,0.82599,0.82613,2.18,1.58
2012.04.26 08:42:57.640,0.82599,0.82615,3.75,1.58
2012.04.26 08:42:59.359,0.82599,0.82615,3.75,2.33
2012.04.26 08:42:59.921,0.82599,0.82615,3.75,1.58
2012.04.26 08:43:00.291,0.82599,0.82614,2.18,2.33
2012.04.26 08:43:00.581,0.82599,0.82615,3.75,3.15
2012.04.26 08:43:00.710,0.82599,0.82613,2.18,1.58
2012.04.26 08:43:00.840,0.826,0.82615,1.58,1.58
2012.04.26 08:43:01.101,0.82602,0.82617,1.58,1.58
2012.04.26 08:43:01.428,0.826,0.82615,1.58,1.58
2012.04.26 08:43:01.739,0.82602,0.82617,1.58,1.58
2012.04.26 08:43:02.119,0.82604,0.82619,1.58,3.90
2012.04.26 08:43:02.432,0.82606,0.82621,1.58,1.58
2012.04.26 08:43:02.748,0.82608,0.82623,1.58,3.08
2012.04.26 08:43:04.180,0.82607,0.82624,1.58,1.58
2012.04.26 08:43:04.888,0.82606,0.82621,1.58,1.58
2012.04.26 08:43:06.291,0.82604,0.8262,2.18,1.58
2012.04.26 08:43:06.601,0.82601,0.82616,3.08,1.58
2012.04.26 08:43:07.158,0.82601,0.82616,1.58,1.58
2012.04.26 08:43:07.639,0.82602,0.82619,1.58,2.33
2012.04.26 08:43:08.171,0.82602,0.82618,2.18,1.58
2012.04.26 08:43:08.659,0.82605,0.82622,1.58,1.58
2012.04.26 08:43:08.910,0.82604,0.8262,1.58,1.58
2012.04.26 08:43:09.366,0.82603,0.82618,1.58,1.58
2012.04.26 08:43:09.923,0.82602,0.82619,4.50,1.58
2012.04.26 08:43:12.038,0.82601,0.82616,2.33,1.58
2012.04.26 08:43:12.529,0.82599,0.82616,5.25,1.58
2012.04.26 08:43:12.719,0.82602,0.82617,1.58,1.58
2012.04.26 08:43:13.364,0.82599,0.82616,6.08,1.58
2012.04.26 08:43:18.092,0.82599,0.82617,5.25,1.58
2012.04.26 08:43:18.159,0.82601,0.82618,1.58,1.58
2012.04.26 08:43:18.548,0.82599,0.82617,5.25,1.58
2012.04.26 08:43:18.799,0.82599,0.82615,1.50,1.58
2012.04.26 08:43:19.118,0.82602,0.82617,1.58,1.58
2012.04.26 08:43:20.187,0.826,0.82616,1.58,1.58
2012.04.26 08:43:20.581,0.82601,0.82618,1.58,1.58
2012.04.26 08:43:20.650,0.826,0.82616,1.58,1.58
2012.04.26 08:43:22.398,0.82601,0.82619,1.58,4.65
2012.04.26 08:43:22.990,0.82603,0.8262,1.58,3.90
2012.04.26 08:43:23.370,0.82601,0.82618,3.15,2.33
2012.04.26 08:43:24.121,0.82603,0.82619,1.58,1.50
2012.04.26 08:43:24.623,0.82603,0.8262,1.58,2.33
2012.04.26 08:43:25.178,0.82606,0.82619,1.58,1.50
2012.04.26 08:43:25.252,0.82603,0.82619,1.58,1.50
2012.04.26 08:43:26.002,0.82603,0.8262,1.58,2.33
2012.04.26 08:43:27.008,0.82602,0.82617,1.58,1.58
2012.04.26 08:43:27.646,0.82603,0.82619,1.58,1.50
2012.04.26 08:43:27.772,0.82601,0.82618,1.58,2.33
2012.04.26 08:43:29.348,0.82599,0.82617,3.90,1.58
2012.04.26 08:43:29.480,0.82599,0.82617,2.33,2.33
2012.04.26 08:43:29.850,0.82604,0.82619,1.58,5.85
2012.04.26 08:43:29.982,0.82603,0.82617,1.58,1.58
2012.04.26 08:43:30.188,0.82603,0.82619,1.58,3.08
2012.04.26 08:43:30.858,0.82601,0.82618,1.58,1.58
2012.04.26 08:43:31.538,0.826,0.82615,1.58,1.58
2012.04.26 08:43:32.588,0.826,0.82618,1.58,1.58
2012.04.26 08:43:33.002,0.826,0.82618,1.58,2.18
2012.04.26 08:43:33.312,0.82602,0.82618,1.58,2.18
2012.04.26 08:43:33.499,0.82602,0.82618,1.58,1.58
2012.04.26 08:43:34.718,0.82602,0.82618,1.58,2.18
2012.04.26 08:43:46.030,0.826,0.82616,1.58,1.58
2012.04.26 08:43:46.420,0.82601,0.82618,3.15,2.33
2012.04.26 08:43:46.493,0.82603,0.8262,1.58,6.00
2012.04.26 08:43:46.560,0.826,0.82618,1.58,4.35
2012.04.26 08:43:54.077,0.82603,0.8262,1.58,5.25
2012.04.26 08:43:54.616,0.82602,0.82618,1.58,2.33
2012.04.26 08:43:55.419,0.82601,0.82616,1.58,1.58
2012.04.26 08:43:57.839,0.82603,0.82618,1.58,1.58
2012.04.26 08:43:58.149,0.82605,0.82621,1.58,1.35
2012.04.26 08:43:58.860,0.82604,0.8262,1.58,1.58
2012.04.26 08:44:00.447,0.82604,0.82622,1.58,1.58
2012.04.26 08:44:00.630,0.82606,0.82623,1.58,3.68
2012.04.26 08:44:01.679,0.82604,0.82622,1.58,1.58
2012.04.26 08:44:04.288,0.82603,0.8262,2.33,1.58
2012.04.26 08:44:04.601,0.82605,0.82621,3.15,1.58
2012.04.26 08:44:05.058,0.82608,0.82625,1.58,2.93
2012.04.26 08:44:06.072,0.82606,0.82623,1.58,2.18
2012.04.26 08:44:06.921,0.82608,0.82625,1.58,5.10
2012.04.26 08:44:08.880,0.82614,0.82626,1.58,2.93
2012.04.26 08:44:09.318,0.82612,0.82627,3.15,2.33
2012.04.26 08:44:10.028,0.82612,0.82627,1.58,1.73
2012.04.26 08:44:10.528,0.82614,0.82629,1.58,1.88
2012.04.26 08:44:11.135,0.82614,0.82629,1.58,1.58
2012.04.26 08:44:11.548,0.82614,0.82629,1.58,2.33
2012.04.26 08:44:11.619,0.82612,0.82626,1.58,1.58
2012.04.26 08:44:11.870,0.82613,0.82628,1.58,1.58
2012.04.26 08:44:13.101,0.82613,0.82628,1.58,2.18
2012.04.26 08:44:13.528,0.8261,0.82626,1.58,2.18
2012.04.26 08:44:14.172,0.8261,0.82626,1.58,2.93
2012.04.26 08:44:14.688,0.82609,0.82624,1.58,1.58
2012.04.26 08:44:16.630,0.82609,0.82625,1.58,2.93
2012.04.26 08:44:16.699,0.82611,0.82627,1.58,2.33
2012.04.26 08:44:19.068,0.8261,0.82628,3.15,3.08
2012.04.26 08:44:19.867,0.82611,0.82627,1.58,2.33
2012.04.26 08:44:20.451,0.82607,0.82623,2.33,1.58
2012.04.26 08:44:24.111,0.82605,0.82621,1.58,1.58
2012.04.26 08:44:24.500,0.82602,0.82619,2.33,1.58
2012.04.26 08:44:24.821,0.82606,0.82622,1.58,1.58
2012.04.26 08:44:25.277,0.82603,0.82621,3.90,1.58
2012.04.26 08:44:25.409,0.82602,0.82619,2.33,1.58
2012.04.26 08:44:26.481,0.82604,0.8262,1.58,1.58
2012.04.26 08:44:26.839,0.82606,0.82623,1.58,3.08
2012.04.26 08:44:27.049,0.82604,0.8262,1.58,1.58
2012.04.26 08:44:27.119,0.82606,0.82622,1.58,2.33
2012.04.26 08:44:27.590,0.82604,0.8262,1.58,1.58
2012.04.26 08:44:28.020,0.82606,0.82621,1.58,1.50
2012.04.26 08:44:28.458,0.82608,0.82621,1.58,1.50
2012.04.26 08:44:30.561,0.82605,0.82621,1.58,3.08
2012.04.26 08:44:30.998,0.82602,0.82621,3.15,2.33
2012.04.26 08:44:31.129,0.82604,0.82622,1.58,3.08
2012.04.26 08:44:31.439,0.82607,0.82622,1.58,1.50
2012.04.26 08:44:31.569,0.82605,0.82622,1.58,3.08
2012.04.26 08:44:32.092,0.82606,0.82622,1.58,4.65
2012.04.26 08:44:32.162,0.82603,0.82619,1.58,1.58
2012.04.26 08:44:32.349,0.82605,0.82621,1.58,2.33
2012.04.26 08:44:32.659,0.82608,0.82624,1.58,2.33
2012.04.26 08:44:33.173,0.82612,0.82629,1.58,3.08
2012.04.26 08:44:33.241,0.82614,0.8263,1.58,3.08
2012.04.26 08:44:33.312,0.82611,0.8263,2.33,3.08
2012.04.26 08:44:33.679,0.82613,0.82631,1.58,3.08
2012.04.26 08:44:34.008,0.82612,0.82628,1.58,1.58
2012.04.26 08:44:34.548,0.82612,0.8263,1.58,1.58
2012.04.26 08:44:37.000,0.82612,0.82627,1.58,1.58
2012.04.26 08:44:37.978,0.82612,0.82629,1.58,3.15
2012.04.26 08:44:38.683,0.82613,0.82631,1.58,3.45
2012.04.26 08:44:38.930,0.82612,0.82629,1.58,1.58
2012.04.26 08:44:39.819,0.82612,0.82627,1.58,1.58
2012.04.26 08:44:41.329,0.82612,0.82629,1.58,1.58
2012.04.26 08:44:41.463,0.82612,0.82627,1.58,2.10
2012.04.26 08:44:41.534,0.8261,0.82624,1.58,1.35
2012.04.26 08:44:41.910,0.82606,0.82623,1.58,1.50
2012.04.26 08:44:42.281,0.82602,0.82621,2.33,2.18
2012.04.26 08:44:42.889,0.82602,0.8262,2.33,1.58
2012.04.26 08:44:43.080,0.82604,0.82622,1.58,2.33
2012.04.26 08:44:43.628,0.82605,0.82621,1.58,2.18
2012.04.26 08:44:44.082,0.82603,0.82621,1.58,2.93
2012.04.26 08:44:44.151,0.82605,0.82621,1.58,2.93
2012.04.26 08:44:44.578,0.82602,0.8262,1.58,1.58
2012.04.26 08:44:45.409,0.82602,0.8262,1.58,2.33
2012.04.26 08:44:45.609,0.82604,0.82621,1.58,2.93
2012.04.26 08:44:46.210,0.82606,0.82621,1.58,1.35
2012.04.26 08:44:47.100,0.82608,0.82624,1.58,3.83
2012.04.26 08:44:47.704,0.82608,0.82624,1.58,1.58
2012.04.26 08:44:48.289,0.82605,0.82624,1.58,1.58
2012.04.26 08:44:48.889,0.82608,0.82625,1.58,3.90
2012.04.26 08:44:49.391,0.82607,0.82625,1.58,2.33
2012.04.26 08:44:50.681,0.82606,0.82623,2.33,1.58
2012.04.26 08:44:51.310,0.82608,0.82625,1.58,2.33
2012.04.26 08:44:51.778,0.82606,0.82622,2.33,1.58
2012.04.26 08:44:51.999,0.82607,0.82625,2.33,2.33
2012.04.26 08:44:52.128,0.82609,0.82627,1.58,2.93
2012.04.26 08:44:52.670,0.82608,0.82624,1.58,1.58
2012.04.26 08:44:52.789,0.82606,0.82623,2.33,1.58
2012.04.26 08:44:53.322,0.82605,0.82622,2.93,1.58
2012.04.26 08:44:54.120,0.82602,0.82621,2.33,1.58
2012.04.26 08:44:54.192,0.82605,0.82623,2.33,1.58
2012.04.26 08:44:55.528,0.82607,0.82624,1.58,1.58
2012.04.26 08:44:57.129,0.82608,0.82626,1.58,2.33
2012.04.26 08:44:59.782,0.82607,0.82624,1.58,1.58
2012.04.26 08:45:00.074,0.82606,0.82622,2.33,1.58
2012.04.26 08:45:00.910,0.82607,0.82624,1.58,1.58
2012.04.26 08:45:01.445,0.82608,0.82624,2.18,1.58
2012.04.26 08:45:02.608,0.82608,0.82622,2.18,1.58
2012.04.26 08:45:03.660,0.82609,0.82624,2.18,1.58
2012.04.26 08:45:03.851,0.82607,0.82624,1.58,1.58
2012.04.26 08:45:03.981,0.82609,0.82626,2.18,3.90
2012.04.26 08:45:04.346,0.82609,0.82623,2.18,1.58
2012.04.26 08:45:08.819,0.8261,0.82623,2.18,1.58
2012.04.26 08:45:10.919,0.8261,0.82624,2.18,1.58
2012.04.26 08:45:11.840,0.82609,0.82624,3.75,1.58
2012.04.26 08:45:12.499,0.82609,0.82623,2.18,1.58
2012.04.26 08:45:14.615,0.82609,0.82624,3.75,1.58
2012.04.26 08:45:15.308,0.82609,0.82623,2.18,1.58
2012.04.26 08:45:18.028,0.82609,0.82626,2.18,2.33
2012.04.26 08:45:18.726,0.82609,0.82624,2.18,1.58
2012.04.26 08:45:19.396,0.82609,0.82625,3.75,2.33
2012.04.26 08:45:19.681,0.82609,0.82625,5.85,2.33
2012.04.26 08:45:20.053,0.82613,0.82625,2.93,1.58
2012.04.26 08:45:20.122,0.82613,0.82628,2.93,1.58
2012.04.26 08:45:20.414,0.82617,0.82631,1.58,1.58
2012.04.26 08:45:20.480,0.82617,0.82635,1.58,1.58
2012.04.26 08:45:20.964,0.82615,0.82633,1.58,3.90
2012.04.26 08:45:24.859,0.82617,0.82633,2.18,1.58
2012.04.26 08:45:25.500,0.82618,0.82634,1.58,1.58
2012.04.26 08:45:26.147,0.82617,0.82631,2.18,1.58
2012.04.26 08:45:26.459,0.82617,0.82633,2.18,2.33
2012.04.26 08:45:26.658,0.82617,0.82631,2.18,1.58
2012.04.26 08:45:27.628,0.82617,0.82632,2.18,1.58
2012.04.26 08:45:28.251,0.82617,0.82631,2.18,1.58
2012.04.26 08:45:29.109,0.82617,0.82632,2.18,1.58
2012.04.26 08:45:29.918,0.82616,0.82632,1.58,2.33
2012.04.26 08:45:30.108,0.82614,0.82631,2.33,1.58
2012.04.26 08:45:30.728,0.82615,0.82633,1.58,3.08
2012.04.26 08:45:35.756,0.82613,0.82631,4.50,2.33
2012.04.26 08:45:35.819,0.82613,0.82631,4.50,1.58
2012.04.26 08:45:36.769,0.82615,0.82632,1.58,2.33
2012.04.26 08:45:36.900,0.82613,0.82631,4.50,1.58
2012.04.26 08:45:37.133,0.82613,0.8263,4.50,2.33
2012.04.26 08:45:37.688,0.82613,0.8263,4.50,1.58
2012.04.26 08:45:38.200,0.82614,0.82631,1.58,2.33
2012.04.26 08:45:38.787,0.82609,0.82625,2.48,1.58
2012.04.26 08:45:38.866,0.82608,0.82626,3.08,1.58
2012.04.26 08:45:38.932,0.82611,0.82627,1.58,1.58
2012.04.26 08:45:40.589,0.82611,0.82629,1.58,3.53
2012.04.26 08:45:40.992,0.82613,0.82628,1.58,1.35
2012.04.26 08:45:41.132,0.82611,0.82628,1.58,2.93
2012.04.26 08:45:43.240,0.8261,0.82626,1.58,1.58
2012.04.26 08:45:45.916,0.8261,0.82628,1.58,2.10
2012.04.26 08:45:46.148,0.8261,0.82626,1.58,1.58
2012.04.26 08:45:46.620,0.82612,0.82628,1.58,2.85
2012.04.26 08:45:47.010,0.82608,0.82626,3.08,2.33
2012.04.26 08:45:47.078,0.8261,0.82627,1.58,2.33
2012.04.26 08:45:47.920,0.82609,0.82626,1.58,2.33
2012.04.26 08:45:48.910,0.82609,0.82625,1.58,1.50
2012.04.26 08:45:49.520,0.8261,0.82627,1.58,2.33
2012.04.26 08:45:52.249,0.82609,0.82628,1.58,4.43
2012.04.26 08:45:58.140,0.8261,0.82627,1.58,2.33
2012.04.26 08:46:01.680,0.82611,0.82627,1.58,2.33
2012.04.26 08:46:02.336,0.8261,0.82625,1.58,2.33
2012.04.26 08:46:03.018,0.82611,0.82627,1.58,2.33
2012.04.26 08:46:05.803,0.8261,0.82625,1.58,2.33
2012.04.26 08:46:08.439,0.8261,0.82625,1.58,1.50
2012.04.26 08:46:08.971,0.8261,0.82628,1.58,3.68
2012.04.26 08:46:09.520,0.8261,0.82625,1.58,1.50
2012.04.26 08:46:09.923,0.8261,0.82623,1.58,2.85
2012.04.26 08:46:10.171,0.82606,0.8262,1.58,1.35
2012.04.26 08:46:10.301,0.82604,0.8262,1.58,2.93
2012.04.26 08:46:10.697,0.82606,0.82621,1.58,1.35
2012.04.26 08:46:11.023,0.82604,0.8262,3.15,2.18
2012.04.26 08:46:12.147,0.82605,0.82622,1.58,1.50
2012.04.26 08:46:12.741,0.82607,0.82623,1.58,1.58
2012.04.26 08:46:13.050,0.8261,0.82625,1.58,1.50
2012.04.26 08:46:13.372,0.82612,0.82625,1.58,1.50
2012.04.26 08:46:17.462,0.82611,0.82625,1.58,1.50
2012.04.26 08:46:22.949,0.82612,0.82625,1.58,1.50
2012.04.26 08:46:23.544,0.82611,0.82625,1.58,1.50
2012.04.26 08:46:26.178,0.8261,0.82625,1.58,1.50
2012.04.26 08:46:27.711,0.82612,0.82625,1.58,1.50
2012.04.26 08:46:29.575,0.82612,0.82625,1.58,2.25
2012.04.26 08:46:29.871,0.82612,0.82625,1.58,1.50
2012.04.26 08:46:30.320,0.82614,0.82625,1.58,1.50
2012.04.26 08:46:30.509,0.82612,0.82625,1.58,1.50
2012.04.26 08:46:34.965,0.82614,0.82625,1.58,1.50
2012.04.26 08:46:35.655,0.82613,0.82625,1.58,1.50
2012.04.26 08:46:38.384,0.82614,0.82625,1.58,1.50
2012.04.26 08:46:39.280,0.82613,0.82625,1.58,1.50
2012.04.26 08:46:39.951,0.82614,0.82625,1.58,1.50
2012.04.26 08:46:40.018,0.82612,0.82625,1.58,1.50
2012.04.26 08:46:45.773,0.82616,0.8263,1.58,7.80
2012.04.26 08:46:45.842,0.82613,0.8263,2.33,4.88
2012.04.26 08:46:46.034,0.82615,0.8263,1.58,4.88
2012.04.26 08:46:47.497,0.82613,0.8263,2.33,4.50
2012.04.26 08:46:47.810,0.82611,0.8263,2.33,6.08
2012.04.26 08:46:53.819,0.82612,0.82629,1.58,2.33
2012.04.26 08:46:55.679,0.82613,0.8263,1.58,4.88
2012.04.26 08:46:56.252,0.82612,0.82628,1.58,1.50
2012.04.26 08:46:59.173,0.8261,0.82629,2.33,2.33
2012.04.26 08:46:59.730,0.82612,0.8263,1.58,8.03
2012.04.26 08:47:00.427,0.82611,0.82627,2.33,2.33
2012.04.26 08:47:01.120,0.82611,0.8263,2.33,6.45
2012.04.26 08:47:01.249,0.8261,0.82627,2.33,2.33
2012.04.26 08:47:01.681,0.82612,0.82629,3.90,1.35
2012.04.26 08:47:01.989,0.8261,0.82628,2.33,3.08
2012.04.26 08:47:02.180,0.8261,0.82628,2.33,2.33
2012.04.26 08:47:02.671,0.82609,0.82625,1.50,1.58
2012.04.26 08:47:03.076,0.82614,0.82631,2.33,3.15
2012.04.26 08:47:03.323,0.82612,0.82629,2.33,1.58
2012.04.26 08:47:03.874,0.82612,0.82628,2.33,1.58
2012.04.26 08:47:04.002,0.82612,0.82628,2.33,1.58
2012.04.26 08:47:04.071,0.82611,0.8263,2.33,1.58
2012.04.26 08:47:04.141,0.82614,0.8263,2.33,1.58
2012.04.26 08:47:04.451,0.82616,0.82631,1.58,2.18
2012.04.26 08:47:04.521,0.82613,0.82631,2.33,1.58
2012.04.26 08:47:04.771,0.82614,0.82633,2.33,3.08
2012.04.26 08:47:04.840,0.82613,0.82629,2.33,1.58
2012.04.26 08:47:05.151,0.82613,0.82628,3.90,2.78
2012.04.26 08:47:05.461,0.82609,0.82628,2.33,2.18
2012.04.26 08:47:05.769,0.82612,0.82628,1.58,5.10
2012.04.26 08:47:05.840,0.8261,0.82627,3.15,2.18
2012.04.26 08:47:05.970,0.82608,0.82625,3.90,1.58
2012.04.26 08:47:06.627,0.8261,0.82626,1.58,3.08
2012.04.26 08:47:08.059,0.82611,0.82626,1.58,1.50
2012.04.26 08:47:09.281,0.82612,0.82628,1.58,3.53
2012.04.26 08:47:10.744,0.82613,0.82628,1.58,1.35
2012.04.26 08:47:15.026,0.82611,0.82628,1.58,1.35
2012.04.26 08:47:15.339,0.82609,0.82627,3.90,2.18
2012.04.26 08:47:15.930,0.82611,0.82628,1.58,2.93
2012.04.26 08:47:16.746,0.8261,0.82626,1.58,1.58
2012.04.26 08:47:17.334,0.82609,0.82627,1.58,2.18
2012.04.26 08:47:17.668,0.82612,0.82628,1.58,2.93
2012.04.26 08:47:17.958,0.8261,0.82627,2.33,2.18
2012.04.26 08:47:19.058,0.82612,0.82628,1.58,2.93
2012.04.26 08:47:21.339,0.82613,0.82628,1.58,1.35
2012.04.26 08:47:22.069,0.82611,0.82628,2.33,1.35
2012.04.26 08:47:26.623,0.82611,0.82629,2.33,3.08
2012.04.26 08:47:26.810,0.82612,0.8263,2.33,2.93
2012.04.26 08:47:26.941,0.82614,0.82631,1.50,1.58
2012.04.26 08:47:27.010,0.82616,0.82634,1.58,2.25
2012.04.26 08:47:27.547,0.8262,0.82634,1.58,1.35
2012.04.26 08:47:27.774,0.82618,0.82634,1.58,1.35
2012.04.26 08:47:28.309,0.82619,0.82636,1.58,6.00
2012.04.26 08:47:28.382,0.82622,0.82636,1.58,2.25
2012.04.26 08:47:28.631,0.82619,0.82637,1.58,5.25
2012.04.26 08:47:28.700,0.82622,0.82637,1.58,5.25
2012.04.26 08:47:29.091,0.8262,0.82636,1.58,2.33
2012.04.26 08:47:29.659,0.82621,0.82637,1.58,2.93
2012.04.26 08:47:30.192,0.8262,0.82636,1.58,2.33
2012.04.26 08:47:32.089,0.82617,0.82635,2.33,1.58
2012.04.26 08:47:32.222,0.82617,0.82635,2.33,1.58
2012.04.26 08:47:32.785,0.82619,0.82637,2.33,4.50
2012.04.26 08:47:34.149,0.82621,0.82637,1.58,2.93
2012.04.26 08:47:34.693,0.82619,0.82636,2.33,2.33
2012.04.26 08:47:35.128,0.82621,0.82637,1.58,2.33
2012.04.26 08:47:36.579,0.82619,0.82636,2.33,2.33
2012.04.26 08:47:37.460,0.82621,0.82636,1.58,1.35
2012.04.26 08:47:37.999,0.8262,0.82636,1.58,2.93
2012.04.26 08:47:40.319,0.82621,0.82636,1.58,1.35
2012.04.26 08:47:41.643,0.8262,0.82636,1.58,2.93
2012.04.26 08:47:41.968,0.82622,0.82636,1.58,1.35
2012.04.26 08:47:42.522,0.8262,0.82636,1.58,1.35
2012.04.26 08:47:43.051,0.82619,0.82636,2.33,1.35
2012.04.26 08:47:43.952,0.8262,0.82633,1.50,1.58
2012.04.26 08:47:44.265,0.82624,0.8264,1.58,2.33
2012.04.26 08:47:44.401,0.82628,0.82645,1.58,1.35
2012.04.26 08:47:44.593,0.8263,0.82646,1.58,2.10
2012.04.26 08:47:45.601,0.8263,0.82647,1.58,3.08
2012.04.26 08:47:45.972,0.8263,0.82644,1.58,1.58
2012.04.26 08:47:46.432,0.82628,0.82644,1.58,1.58
2012.04.26 08:47:46.572,0.82631,0.82646,2.33,2.93
2012.04.26 08:47:46.919,0.82633,0.8265,1.58,3.08
2012.04.26 08:47:47.111,0.82631,0.82647,1.58,2.33
2012.04.26 08:47:47.182,0.82628,0.82647,2.33,2.33
2012.04.26 08:47:47.370,0.82626,0.82645,2.33,1.58
2012.04.26 08:47:47.559,0.82626,0.82643,1.50,1.58
2012.04.26 08:47:47.691,0.82626,0.82645,3.08,1.58
2012.04.26 08:47:47.760,0.82626,0.82645,3.08,1.58
2012.04.26 08:47:47.950,0.82626,0.82645,3.08,1.58
2012.04.26 08:47:48.081,0.82627,0.82643,1.58,1.58
2012.04.26 08:47:49.041,0.82627,0.82644,2.33,1.58
2012.04.26 08:47:49.777,0.82626,0.82643,1.50,1.58
2012.04.26 08:47:52.623,0.82625,0.82643,2.33,2.33
2012.04.26 08:47:53.359,0.82628,0.82643,1.58,1.58
2012.04.26 08:47:53.429,0.8263,0.82646,1.58,2.10
2012.04.26 08:47:53.499,0.82627,0.82645,1.58,1.58
2012.04.26 08:47:53.990,0.82626,0.82643,1.50,1.58
2012.04.26 08:47:55.360,0.82625,0.82643,3.90,1.58
2012.04.26 08:47:55.919,0.82625,0.82642,2.33,1.58
2012.04.26 08:47:56.269,0.82628,0.82643,1.58,1.58
2012.04.26 08:47:56.830,0.82626,0.82642,2.25,1.58
2012.04.26 08:47:57.784,0.82626,0.8264,2.25,1.58
2012.04.26 08:47:58.337,0.82623,0.8264,2.33,1.58
2012.04.26 08:47:58.710,0.82626,0.82643,1.58,3.15
2012.04.26 08:47:59.141,0.82627,0.82643,1.50,1.58
2012.04.26 08:47:59.210,0.82628,0.82644,1.58,1.58
2012.04.26 08:47:59.410,0.82626,0.82642,3.08,1.58
2012.04.26 08:48:01.597,0.82624,0.82639,2.18,1.58
2012.04.26 08:48:01.672,0.82624,0.82642,3.75,3.15
2012.04.26 08:48:01.893,0.82622,0.8264,3.90,1.58
2012.04.26 08:48:02.202,0.82627,0.82642,1.58,1.58
2012.04.26 08:48:02.315,0.82624,0.82642,3.90,1.58
2012.04.26 08:48:03.929,0.82624,0.82642,1.58,1.58
2012.04.26 08:48:04.179,0.82623,0.8264,2.33,1.58
2012.04.26 08:48:04.692,0.82625,0.82641,1.58,1.58
2012.04.26 08:48:05.070,0.82626,0.82644,1.58,3.83
2012.04.26 08:48:05.579,0.82625,0.82641,2.33,1.58
2012.04.26 08:48:07.179,0.82622,0.8264,2.33,1.58
2012.04.26 08:48:07.558,0.82622,0.82637,2.33,1.58
2012.04.26 08:48:07.853,0.82623,0.82639,2.33,1.58
2012.04.26 08:48:09.559,0.82623,0.82641,2.33,1.58
2012.04.26 08:48:10.276,0.82623,0.82642,2.33,1.58
2012.04.26 08:48:12.739,0.82622,0.8264,2.33,1.58
2012.04.26 08:48:15.161,0.82621,0.82637,3.08,1.58
2012.04.26 08:48:15.232,0.82621,0.82637,1.58,1.58
2012.04.26 08:48:15.786,0.8262,0.82636,1.50,1.58
2012.04.26 08:48:15.849,0.82624,0.82639,1.58,2.33
2012.04.26 08:48:21.320,0.82625,0.8264,1.58,2.33
2012.04.26 08:48:21.970,0.82624,0.82641,1.58,2.33
2012.04.26 08:48:22.537,0.82624,0.82634,1.58,1.58
2012.04.26 08:48:22.607,0.82618,0.82631,2.25,1.58
2012.04.26 08:48:22.683,0.82618,0.82631,1.50,1.58
2012.04.26 08:48:22.814,0.82618,0.82634,1.50,1.58
2012.04.26 08:48:23.132,0.82618,0.82636,2.33,2.33
2012.04.26 08:48:23.282,0.82618,0.82636,2.33,3.08
2012.04.26 08:48:23.785,0.82619,0.82635,1.58,2.33
2012.04.26 08:48:25.484,0.82619,0.82635,1.58,1.58
2012.04.26 08:48:27.670,0.82619,0.82635,3.08,1.58
2012.04.26 08:48:27.744,0.82621,0.82638,2.93,1.58
2012.04.26 08:48:27.930,0.82623,0.8264,2.33,1.58
2012.04.26 08:48:28.241,0.82629,0.82645,1.58,2.93
2012.04.26 08:48:28.863,0.82627,0.82642,1.58,1.58
2012.04.26 08:48:29.408,0.82625,0.82642,3.83,1.58
2012.04.26 08:48:30.407,0.82625,0.82642,2.33,2.18
2012.04.26 08:48:30.960,0.82626,0.82643,1.58,2.18
2012.04.26 08:48:31.619,0.82625,0.82642,1.58,2.18
2012.04.26 08:48:32.283,0.82625,0.82641,1.58,1.58
2012.04.26 08:48:32.604,0.82624,0.82639,1.58,1.58
2012.04.26 08:48:32.789,0.82621,0.82639,2.33,1.58
2012.04.26 08:48:32.979,0.82624,0.82639,1.58,1.58
2012.04.26 08:48:34.530,0.82624,0.82639,5.10,1.58
2012.04.26 08:48:34.660,0.82629,0.82645,1.58,1.58
2012.04.26 08:48:35.214,0.8263,0.82648,1.58,3.08
2012.04.26 08:48:36.589,0.82631,0.82648,1.58,2.33
2012.04.26 08:48:37.217,0.82632,0.82649,1.58,1.50
2012.04.26 08:48:37.731,0.8263,0.82649,1.58,3.08
2012.04.26 08:48:37.804,0.8263,0.82649,3.08,1.58
2012.04.26 08:48:37.872,0.82632,0.82649,2.10,1.58
2012.04.26 08:48:38.002,0.82634,0.82651,1.58,1.58
2012.04.26 08:48:38.191,0.82631,0.8265,3.15,2.33
2012.04.26 08:48:38.440,0.82633,0.82651,1.58,2.33
2012.04.26 08:48:38.990,0.82631,0.8265,2.33,2.33
2012.04.26 08:48:39.514,0.82631,0.82649,2.33,1.58
2012.04.26 08:48:39.830,0.82634,0.8265,2.93,1.58
2012.04.26 08:48:40.162,0.82636,0.82652,3.75,1.58
2012.04.26 08:48:40.291,0.82638,0.82656,1.58,2.33
2012.04.26 08:48:41.053,0.82636,0.82653,2.93,1.58
2012.04.26 08:48:41.121,0.82638,0.82654,1.58,2.33
2012.04.26 08:48:41.429,0.82635,0.82649,1.50,1.58
2012.04.26 08:48:41.621,0.82635,0.82651,2.25,1.58
2012.04.26 08:48:42.171,0.82636,0.82652,2.33,3.15
2012.04.26 08:48:42.300,0.82634,0.8265,3.83,1.58
2012.04.26 08:48:42.489,0.82635,0.82653,2.33,1.58
2012.04.26 08:48:42.860,0.82635,0.8265,2.33,1.58
2012.04.26 08:48:43.111,0.82635,0.8265,1.58,1.58
2012.04.26 08:48:43.910,0.82633,0.8265,2.25,1.58
2012.04.26 08:48:44.041,0.82632,0.82649,1.58,1.50
2012.04.26 08:48:44.619,0.82631,0.82647,1.58,3.15
2012.04.26 08:48:45.129,0.82628,0.82646,4.50,1.58
2012.04.26 08:48:45.651,0.82631,0.82647,1.58,1.58
2012.04.26 08:48:46.271,0.82628,0.82646,4.50,1.58
2012.04.26 08:48:47.170,0.8263,0.82647,2.33,1.58
2012.04.26 08:48:48.900,0.82628,0.82646,2.33,1.58
2012.04.26 08:48:56.693,0.82627,0.82643,3.08,1.58
2012.04.26 08:48:59.530,0.82628,0.82645,1.58,3.15
2012.04.26 08:48:59.848,0.82626,0.82643,4.65,1.58
2012.04.26 08:49:00.401,0.82624,0.82641,1.35,1.58
2012.04.26 08:49:00.953,0.82624,0.82641,4.43,1.58
2012.04.26 08:49:01.282,0.82628,0.82646,1.58,3.08
2012.04.26 08:49:02.035,0.82628,0.82643,1.58,1.58
2012.04.26 08:49:03.653,0.82625,0.82643,2.33,1.58
2012.04.26 08:49:05.169,0.82627,0.82644,1.58,2.33
2012.04.26 08:49:09.007,0.82624,0.8264,1.58,1.58
2012.04.26 08:49:09.451,0.82621,0.82637,1.58,1.58
2012.04.26 08:49:17.905,0.82622,0.82639,1.58,4.50
2012.04.26 08:49:18.416,0.82623,0.82638,1.58,1.58
2012.04.26 08:49:21.190,0.82621,0.82637,1.58,1.58
2012.04.26 08:49:22.381,0.82622,0.82638,1.58,2.18
2012.04.26 08:49:23.710,0.82622,0.82637,1.58,1.58
2012.04.26 08:49:25.287,0.8262,0.82637,2.33,1.58
2012.04.26 08:49:25.357,0.82618,0.82635,2.33,1.58
2012.04.26 08:49:25.926,0.8262,0.82636,2.33,1.58
2012.04.26 08:49:29.023,0.82622,0.82637,1.58,2.33
2012.04.26 08:49:29.624,0.82624,0.82639,2.33,2.33
2012.04.26 08:49:29.696,0.82627,0.82642,1.58,1.58
2012.04.26 08:49:31.292,0.82624,0.82641,3.90,1.58
2012.04.26 08:49:32.079,0.82623,0.82639,3.08,1.58
2012.04.26 08:49:32.460,0.82623,0.82637,1.50,1.58
2012.04.26 08:49:32.996,0.82623,0.82638,3.08,1.58
2012.04.26 08:49:33.118,0.82625,0.8264,2.33,3.15
2012.04.26 08:49:35.710,0.82625,0.8264,2.33,1.58
2012.04.26 08:49:35.899,0.82627,0.82642,1.58,1.58
2012.04.26 08:49:37.912,0.82629,0.82644,1.58,1.58
2012.04.26 08:49:38.312,0.82631,0.82646,1.58,2.33
2012.04.26 08:49:38.379,0.82628,0.82645,2.33,1.58
2012.04.26 08:49:39.411,0.82627,0.82642,3.08,1.58
2012.04.26 08:49:39.632,0.82629,0.82644,1.58,3.15
2012.04.26 08:49:39.976,0.8263,0.82647,1.58,3.90
2012.04.26 08:49:40.281,0.82633,0.82648,1.58,4.65
2012.04.26 08:49:40.589,0.82637,0.82648,1.58,1.50
2012.04.26 08:49:40.720,0.82638,0.82652,1.58,1.50
2012.04.26 08:49:49.495,0.82635,0.82652,1.58,3.08
2012.04.26 08:49:54.927,0.82634,0.82649,2.33,2.33
2012.04.26 08:49:57.480,0.82632,0.82647,4.65,1.58
2012.04.26 08:49:58.313,0.8263,0.82645,6.83,1.58
2012.04.26 08:49:58.954,0.82632,0.82647,1.58,1.58
2012.04.26 08:50:04.309,0.8263,0.82645,3.75,1.58
2012.04.26 08:50:04.801,0.82631,0.82648,1.58,1.58
2012.04.26 08:50:05.918,0.82629,0.82646,6.00,1.58
2012.04.26 08:50:07.560,0.82629,0.82643,4.43,1.58
2012.04.26 08:50:07.819,0.82629,0.82646,6.00,3.15
2012.04.26 08:50:08.122,0.82629,0.82644,4.43,1.58
2012.04.26 08:50:08.920,0.82629,0.82641,4.43,1.58
2012.04.26 08:50:10.479,0.82629,0.82643,4.43,1.58
2012.04.26 08:50:10.572,0.82629,0.82641,4.43,1.58
2012.04.26 08:50:16.443,0.8263,0.82645,2.33,1.58
2012.04.26 08:50:17.638,0.82631,0.82647,1.58,1.58
2012.04.26 08:50:18.371,0.82629,0.82646,5.25,1.58
2012.04.26 08:50:19.759,0.82629,0.82646,3.75,1.58
2012.04.26 08:50:20.191,0.82628,0.82643,1.58,1.58
2012.04.26 08:50:24.053,0.82626,0.82642,1.50,1.58
2012.04.26 08:50:24.666,0.82628,0.82642,1.58,1.58
2012.04.26 08:50:24.733,0.8263,0.82645,1.58,1.58
2012.04.26 08:50:34.421,0.82628,0.82644,1.58,1.58
2012.04.26 08:50:34.961,0.82627,0.82644,2.33,1.58
2012.04.26 08:50:35.150,0.82629,0.82646,1.58,2.18
2012.04.26 08:50:36.400,0.82629,0.82645,1.58,1.58
2012.04.26 08:50:36.981,0.82626,0.82643,3.08,1.58
2012.04.26 08:50:37.380,0.82629,0.82644,1.58,1.58
2012.04.26 08:50:37.690,0.82626,0.82641,3.15,1.58
2012.04.26 08:50:37.999,0.82622,0.82637,3.08,1.58
2012.04.26 08:50:38.070,0.82623,0.8264,1.58,1.58
2012.04.26 08:50:38.385,0.82625,0.8264,1.58,1.58
2012.04.26 08:50:38.452,0.82627,0.82644,1.58,1.58
2012.04.26 08:50:38.819,0.8263,0.82645,1.58,2.18
2012.04.26 08:50:39.310,0.82627,0.82644,1.58,1.58
2012.04.26 08:50:39.380,0.82627,0.82642,1.58,1.58
2012.04.26 08:50:39.939,0.82626,0.82641,2.33,1.58
2012.04.26 08:50:40.369,0.82627,0.82644,1.58,1.58
2012.04.26 08:50:41.374,0.82627,0.82644,2.33,1.58
2012.04.26 08:50:41.830,0.8263,0.82645,1.58,2.18
2012.04.26 08:50:43.412,0.8263,0.82645,1.58,2.93
2012.04.26 08:50:43.481,0.82627,0.82644,1.58,2.33
2012.04.26 08:50:43.671,0.82625,0.82642,3.75,2.33
2012.04.26 08:50:43.803,0.82623,0.8264,2.33,1.58
2012.04.26 08:50:44.210,0.82621,0.82638,2.33,1.58
2012.04.26 08:50:44.987,0.82625,0.82642,1.58,2.33
2012.04.26 08:50:45.900,0.82623,0.8264,2.33,1.58
2012.04.26 08:50:46.300,0.82626,0.82641,1.58,1.58
2012.04.26 08:50:47.159,0.82624,0.82639,1.58,1.58
2012.04.26 08:50:47.931,0.82626,0.82641,1.58,1.58
2012.04.26 08:50:50.708,0.82626,0.82639,1.58,2.33
2012.04.26 08:50:50.841,0.82621,0.82638,1.58,2.33
2012.04.26 08:50:50.909,0.82619,0.82636,2.33,1.58
2012.04.26 08:50:51.350,0.82624,0.82638,1.58,1.50
2012.04.26 08:50:51.598,0.82621,0.82638,1.58,3.08
2012.04.26 08:50:53.630,0.82621,0.82637,1.58,1.58
2012.04.26 08:50:53.700,0.8262,0.82635,1.58,1.58
2012.04.26 08:50:53.891,0.82621,0.82638,1.58,3.08
2012.04.26 08:50:54.083,0.8262,0.82635,1.58,1.58
2012.04.26 08:50:54.209,0.82617,0.82634,1.58,1.58
2012.04.26 08:50:54.778,0.82619,0.82636,1.58,3.15
2012.04.26 08:50:55.775,0.82619,0.82636,1.58,2.33
2012.04.26 08:51:02.191,0.82618,0.82633,1.58,1.58
2012.04.26 08:51:12.659,0.82616,0.82632,2.93,1.58
2012.04.26 08:51:16.170,0.82617,0.82634,1.58,1.58
2012.04.26 08:51:19.840,0.82621,0.82634,2.18,1.58
2012.04.26 08:51:19.969,0.82618,0.82634,1.58,1.58
2012.04.26 08:51:20.040,0.82619,0.82636,1.58,1.58
2012.04.26 08:51:20.230,0.82617,0.82634,1.58,1.58
2012.04.26 08:51:20.672,0.82619,0.82634,1.58,1.58
2012.04.26 08:51:20.979,0.82623,0.82638,1.58,3.08
2012.04.26 08:51:21.399,0.82621,0.82636,1.58,1.58
2012.04.26 08:51:21.935,0.82622,0.82638,1.58,1.35
2012.04.26 08:51:23.089,0.82622,0.82639,1.58,2.33
2012.04.26 08:51:23.763,0.82621,0.82636,1.58,1.58
2012.04.26 08:51:24.252,0.82619,0.82634,1.58,1.58
2012.04.26 08:51:24.681,0.82619,0.82636,1.58,1.58
2012.04.26 08:51:25.069,0.82618,0.82634,2.78,1.58
2012.04.26 08:51:25.570,0.82622,0.82634,2.18,1.58
2012.04.26 08:51:25.935,0.82622,0.82636,2.18,1.58
2012.04.26 08:51:26.001,0.82623,0.8264,1.58,2.33
2012.04.26 08:51:27.274,0.82621,0.82636,3.90,1.58
2012.04.26 08:51:27.881,0.82623,0.82638,1.58,2.33
2012.04.26 08:51:28.192,0.82626,0.82643,1.58,7.20
2012.04.26 08:51:28.702,0.82624,0.82639,2.33,2.33
2012.04.26 08:51:29.269,0.82624,0.82639,1.58,2.33
2012.04.26 08:51:32.850,0.82623,0.82639,2.33,1.58
2012.04.26 08:51:33.258,0.82626,0.82643,1.58,2.33
2012.04.26 08:51:33.880,0.82629,0.82644,1.58,3.08
2012.04.26 08:51:34.011,0.82625,0.82642,1.58,1.58
2012.04.26 08:51:35.521,0.82627,0.82644,1.58,3.08
2012.04.26 08:51:36.081,0.82626,0.82642,1.58,1.58
2012.04.26 08:51:36.942,0.82625,0.82642,1.58,1.58
2012.04.26 08:51:38.151,0.82627,0.82644,1.58,3.08
2012.04.26 08:51:38.633,0.82625,0.82642,1.58,1.58
2012.04.26 08:51:39.341,0.82623,0.8264,1.58,1.58
2012.04.26 08:51:39.936,0.82623,0.8264,1.58,2.33
2012.04.26 08:51:40.240,0.82621,0.82638,2.33,1.58
2012.04.26 08:51:40.431,0.82624,0.82639,1.58,1.58
2012.04.26 08:51:40.742,0.82627,0.82638,2.18,1.58
2012.04.26 08:51:40.932,0.82623,0.82638,4.50,1.58
2012.04.26 08:51:41.063,0.82624,0.82641,2.33,1.58
2012.04.26 08:51:41.131,0.82625,0.82638,2.93,1.58
2012.04.26 08:51:41.440,0.82623,0.82636,2.18,1.58
2012.04.26 08:51:42.510,0.82623,0.82636,3.53,1.58
2012.04.26 08:51:42.839,0.82626,0.82636,2.18,1.58
2012.04.26 08:51:43.151,0.82626,0.82639,2.18,1.58
2012.04.26 08:51:47.691,0.82626,0.82637,2.18,1.58
2012.04.26 08:51:47.760,0.82624,0.82637,1.35,1.58
2012.04.26 08:51:49.043,0.82623,0.82637,2.18,1.58
2012.04.26 08:51:49.114,0.82623,0.82635,2.18,1.58
2012.04.26 08:51:49.310,0.82619,0.82635,1.50,1.58
2012.04.26 08:51:49.854,0.82622,0.82639,3.75,1.58
2012.04.26 08:51:49.920,0.82622,0.82637,2.18,1.58
2012.04.26 08:51:50.410,0.82624,0.82636,2.18,1.58
2012.04.26 08:51:51.979,0.82624,0.82638,2.18,1.58
2012.04.26 08:51:52.841,0.82624,0.82636,2.93,1.58
2012.04.26 08:51:53.930,0.82624,0.82639,2.93,1.58
2012.04.26 08:51:54.628,0.82624,0.82638,2.93,1.58
2012.04.26 08:51:55.229,0.82624,0.82637,2.93,1.58
2012.04.26 08:51:55.430,0.82624,0.82639,3.53,1.58
2012.04.26 08:51:55.869,0.82624,0.82637,3.53,1.58
2012.04.26 08:51:56.120,0.82624,0.82639,3.53,1.58
2012.04.26 08:51:57.891,0.82624,0.82638,3.53,1.58
2012.04.26 08:51:59.860,0.82624,0.82637,3.53,1.58
2012.04.26 08:52:01.759,0.8262,0.82637,5.10,1.58
2012.04.26 08:52:01.830,0.82624,0.82637,2.18,1.58
2012.04.26 08:52:04.541,0.82624,0.82638,2.18,1.58
2012.04.26 08:52:04.959,0.82624,0.82636,2.18,1.58
2012.04.26 08:52:06.011,0.82624,0.82635,2.18,1.58
2012.04.26 08:52:06.385,0.82621,0.82636,2.33,1.58
2012.04.26 08:52:06.690,0.82618,0.82635,5.40,1.58
2012.04.26 08:52:07.190,0.8262,0.82637,1.58,1.58
2012.04.26 08:52:07.789,0.82618,0.82635,3.08,1.58
2012.04.26 08:52:08.100,0.82617,0.8263,1.35,1.58
2012.04.26 08:52:08.173,0.82617,0.82632,1.35,1.58
2012.04.26 08:52:08.721,0.82616,0.82633,4.50,1.58
2012.04.26 08:52:09.354,0.82619,0.82634,2.33,1.58
2012.04.26 08:52:09.672,0.82618,0.82632,3.68,1.58
2012.04.26 08:52:09.740,0.82618,0.82635,5.25,3.15
2012.04.26 08:52:10.169,0.82621,0.82636,1.58,1.58
2012.04.26 08:52:10.704,0.82622,0.82638,1.58,1.58
2012.04.26 08:52:10.772,0.8262,0.82637,1.58,1.58
2012.04.26 08:52:10.841,0.82619,0.82634,2.33,1.58
2012.04.26 08:52:11.161,0.82614,0.82628,2.33,1.58
2012.04.26 08:52:11.491,0.82612,0.82626,1.50,1.58
2012.04.26 08:52:11.563,0.82612,0.82626,1.50,1.58
2012.04.26 08:52:11.691,0.82614,0.82631,2.33,1.58
2012.04.26 08:52:11.941,0.82616,0.82632,1.58,1.58
2012.04.26 08:52:12.253,0.82618,0.8263,2.18,1.58
2012.04.26 08:52:12.321,0.82619,0.82634,1.58,2.33
2012.04.26 08:52:12.744,0.82617,0.82634,3.15,1.58
2012.04.26 08:52:13.062,0.8262,0.82634,1.58,1.58
2012.04.26 08:52:13.135,0.82622,0.82638,1.58,1.58
2012.04.26 08:52:13.323,0.82621,0.82636,3.08,1.58
2012.04.26 08:52:13.643,0.82624,0.82639,1.58,1.58
2012.04.26 08:52:13.951,0.82617,0.82632,4.65,1.58
2012.04.26 08:52:14.263,0.82623,0.82638,1.58,2.33
2012.04.26 08:52:14.393,0.82621,0.82633,1.58,2.33
2012.04.26 08:52:14.523,0.82616,0.82632,1.58,2.93
2012.04.26 08:52:14.653,0.82614,0.82627,1.58,1.58
2012.04.26 08:52:14.782,0.82607,0.82622,3.08,1.58
2012.04.26 08:52:15.489,0.82612,0.82625,1.58,1.58
2012.04.26 08:52:15.562,0.82614,0.82629,1.58,1.58
2012.04.26 08:52:15.992,0.82619,0.82631,1.58,1.58
2012.04.26 08:52:16.122,0.82619,0.82635,1.58,1.50
2012.04.26 08:52:18.177,0.82621,0.82638,1.58,2.93
2012.04.26 08:52:18.312,0.82624,0.82639,1.58,3.08
2012.04.26 08:52:18.830,0.82624,0.82639,1.58,2.33
2012.04.26 08:52:19.150,0.82622,0.82637,1.58,1.58
2012.04.26 08:52:19.402,0.8262,0.82637,1.58,2.33
2012.04.26 08:52:19.470,0.82619,0.82634,1.58,1.58
2012.04.26 08:52:20.810,0.82622,0.82637,1.58,2.33
2012.04.26 08:52:21.785,0.8262,0.82635,1.58,2.33
2012.04.26 08:52:22.380,0.8262,0.82635,1.58,2.33
2012.04.26 08:52:22.632,0.8262,0.82635,1.58,1.58
2012.04.26 08:52:22.952,0.82622,0.82637,1.58,2.33
2012.04.26 08:52:23.020,0.82618,0.82636,1.58,2.33
2012.04.26 08:52:23.593,0.82618,0.82636,1.58,2.33
2012.04.26 08:52:24.075,0.82621,0.82638,1.58,2.33
2012.04.26 08:52:24.679,0.82621,0.82638,1.58,2.33
2012.04.26 08:52:25.049,0.82618,0.82636,1.58,2.33
2012.04.26 08:52:25.258,0.8262,0.82637,1.58,2.33
2012.04.26 08:52:25.832,0.82619,0.82635,1.58,1.58
2012.04.26 08:52:28.431,0.82617,0.82634,1.58,1.58
2012.04.26 08:52:28.559,0.82618,0.82636,1.58,2.33
2012.04.26 08:52:29.332,0.82617,0.82634,1.58,1.58
2012.04.26 08:52:31.170,0.8262,0.82634,2.10,1.58
2012.04.26 08:52:31.302,0.8262,0.82635,1.58,1.58
2012.04.26 08:52:31.432,0.82618,0.82635,1.58,1.58
2012.04.26 08:52:31.797,0.82617,0.82633,2.78,1.58
2012.04.26 08:52:31.982,0.82618,0.82635,2.33,1.58
2012.04.26 08:52:32.230,0.8262,0.82637,1.58,1.58
2012.04.26 08:52:33.420,0.82619,0.82634,1.58,1.58
2012.04.26 08:52:33.900,0.82617,0.82632,4.50,1.58
2012.04.26 08:52:34.621,0.8262,0.82637,1.58,1.58
2012.04.26 08:52:35.039,0.82618,0.82635,5.10,1.58
2012.04.26 08:52:35.996,0.82618,0.82633,1.35,1.58
2012.04.26 08:52:36.362,0.82618,0.82635,1.58,1.58
2012.04.26 08:52:36.612,0.82617,0.82632,3.75,1.58
2012.04.26 08:52:36.963,0.82619,0.82634,1.58,1.58
2012.04.26 08:52:37.290,0.82621,0.82636,1.58,2.33
2012.04.26 08:52:37.651,0.82619,0.82634,1.58,1.58
2012.04.26 08:52:42.521,0.82621,0.82636,1.58,2.33
2012.04.26 08:52:42.649,0.82618,0.82636,1.58,2.33
2012.04.26 08:52:43.386,0.82619,0.82636,1.58,3.90
2012.04.26 08:52:44.170,0.82618,0.82633,1.58,1.58
2012.04.26 08:52:44.541,0.82616,0.82631,3.08,1.58
2012.04.26 08:52:44.862,0.82613,0.82628,2.33,1.58
2012.04.26 08:52:47.442,0.82611,0.82627,7.43,1.58
2012.04.26 08:52:48.993,0.82614,0.82628,1.50,1.58
2012.04.26 08:52:49.620,0.82614,0.82631,1.50,1.58
2012.04.26 08:52:49.845,0.82614,0.82631,1.50,2.18
2012.04.26 08:52:50.032,0.82613,0.82631,1.58,2.93
2012.04.26 08:52:50.104,0.8261,0.82625,3.08,1.58
2012.04.26 08:52:50.170,0.8261,0.82625,1.58,1.58
2012.04.26 08:52:50.423,0.82608,0.8263,5.10,3.08
2012.04.26 08:52:50.613,0.82612,0.8263,1.58,1.50
2012.04.26 08:52:50.931,0.82615,0.8263,1.58,1.58
2012.04.26 08:52:51.240,0.82617,0.82632,1.58,1.58
2012.04.26 08:52:52.433,0.82614,0.82632,5.10,1.58
2012.04.26 08:52:52.983,0.82617,0.82632,1.58,1.58
2012.04.26 08:52:53.620,0.82617,0.82634,1.58,1.50
2012.04.26 08:52:54.369,0.82617,0.82632,1.58,1.58
2012.04.26 08:52:54.739,0.82619,0.82634,1.58,1.58
2012.04.26 08:52:56.233,0.82621,0.82636,1.58,1.58
2012.04.26 08:52:57.760,0.82619,0.82634,2.33,1.58
2012.04.26 08:52:59.129,0.8262,0.82637,1.58,1.58
2012.04.26 08:52:59.202,0.82622,0.82638,1.58,1.58
2012.04.26 08:52:59.837,0.82622,0.82639,1.58,2.33
2012.04.26 08:53:00.581,0.82621,0.82636,1.58,1.58
2012.04.26 08:53:00.931,0.82623,0.82638,1.58,1.58
2012.04.26 08:53:02.639,0.82623,0.82637,1.58,1.58
2012.04.26 08:53:02.708,0.8262,0.82635,1.58,1.58
2012.04.26 08:53:04.984,0.82619,0.82633,2.93,1.58
2012.04.26 08:53:06.302,0.82619,0.82635,4.50,1.58
2012.04.26 08:53:06.430,0.82621,0.82636,2.18,1.58
2012.04.26 08:53:06.620,0.82621,0.82638,4.50,3.15
2012.04.26 08:53:06.942,0.8262,0.82635,4.50,1.58
2012.04.26 08:53:07.496,0.8262,0.82636,2.93,1.58
2012.04.26 08:53:07.930,0.8262,0.82633,2.93,1.58
2012.04.26 08:53:08.001,0.8262,0.82636,2.18,3.15
2012.04.26 08:53:09.809,0.82619,0.82636,3.75,1.58
2012.04.26 08:53:10.359,0.82619,0.82635,2.18,1.58
2012.04.26 08:53:10.899,0.8262,0.82635,1.58,1.58
2012.04.26 08:53:12.521,0.82622,0.82637,1.58,2.33
2012.04.26 08:53:19.997,0.82625,0.82641,1.58,2.25
2012.04.26 08:53:20.061,0.82627,0.82641,1.58,1.50
2012.04.26 08:53:21.482,0.82625,0.8264,2.33,1.58
2012.04.26 08:53:22.400,0.82625,0.8264,1.58,1.58
2012.04.26 08:53:22.941,0.82625,0.82643,1.58,2.33
2012.04.26 08:53:23.491,0.82625,0.8264,1.58,1.58
2012.04.26 08:53:25.359,0.82623,0.82638,6.83,1.58
2012.04.26 08:53:26.113,0.82625,0.8264,1.58,1.58
2012.04.26 08:53:29.485,0.82623,0.82639,2.93,1.58
2012.04.26 08:53:29.612,0.82623,0.82636,2.18,1.58
2012.04.26 08:53:29.683,0.82621,0.82636,1.58,1.58
2012.04.26 08:53:29.754,0.82619,0.82635,1.50,1.58
2012.04.26 08:53:30.252,0.8262,0.82637,1.58,3.15
2012.04.26 08:53:30.622,0.82618,0.82633,3.08,1.58
2012.04.26 08:53:31.358,0.8262,0.82635,1.58,3.15
2012.04.26 08:53:31.431,0.82617,0.82634,1.58,1.58
2012.04.26 08:53:31.724,0.8262,0.82635,1.58,3.15
2012.04.26 08:53:34.423,0.82619,0.82636,1.58,1.58
2012.04.26 08:53:35.240,0.82621,0.82638,1.58,3.08
2012.04.26 08:53:35.793,0.82621,0.82638,1.58,3.08
2012.04.26 08:53:38.461,0.82619,0.82636,3.15,1.58
2012.04.26 08:53:39.569,0.82618,0.82633,1.58,1.58
2012.04.26 08:53:39.878,0.8262,0.82635,1.58,1.58
2012.04.26 08:53:40.214,0.82618,0.82633,1.58,1.58
2012.04.26 08:53:40.669,0.8262,0.82635,1.58,2.33
2012.04.26 08:53:42.670,0.82622,0.82637,1.58,1.58
2012.04.26 08:53:43.822,0.82622,0.82637,1.58,2.33
2012.04.26 08:53:44.328,0.82622,0.82637,1.58,1.58
2012.04.26 08:53:44.830,0.8262,0.82635,1.58,1.58
2012.04.26 08:53:45.199,0.82621,0.82638,1.58,4.65
2012.04.26 08:53:51.412,0.82621,0.82638,1.58,3.08
2012.04.26 08:53:52.024,0.82621,0.82638,1.58,3.08
2012.04.26 08:53:52.088,0.82621,0.82638,1.58,3.08
2012.04.26 08:53:53.070,0.82619,0.82636,3.15,4.50
2012.04.26 08:53:56.130,0.82619,0.82636,1.58,5.85
2012.04.26 08:53:57.090,0.82619,0.82636,1.58,5.10
2012.04.26 08:53:57.399,0.82617,0.82632,1.58,1.58
2012.04.26 08:53:57.471,0.82618,0.82635,1.58,2.33
2012.04.26 08:53:57.948,0.82617,0.82633,1.58,1.58
2012.04.26 08:53:58.300,0.82618,0.82635,1.58,2.33
2012.04.26 08:54:01.152,0.82619,0.82634,1.58,1.58
2012.04.26 08:54:02.259,0.82621,0.82636,1.58,2.93
2012.04.26 08:54:02.824,0.82622,0.82637,1.58,2.18
2012.04.26 08:54:03.139,0.82624,0.82638,1.58,2.10
2012.04.26 08:54:03.797,0.82622,0.82637,1.58,2.18
2012.04.26 08:54:07.098,0.82622,0.82636,1.58,1.35
2012.04.26 08:54:07.230,0.82617,0.82631,1.58,1.58
2012.04.26 08:54:07.419,0.82617,0.82634,1.58,2.33
2012.04.26 08:54:07.671,0.82617,0.82634,1.58,3.08
2012.04.26 08:54:08.692,0.82617,0.82634,1.58,2.33
2012.04.26 08:54:08.764,0.82615,0.82632,1.58,1.35
2012.04.26 08:54:08.951,0.82613,0.82625,1.58,1.58
2012.04.26 08:54:09.201,0.8261,0.82625,1.58,1.58
2012.04.26 08:54:09.399,0.82612,0.82627,1.58,3.90
2012.04.26 08:54:09.530,0.8261,0.82626,1.58,1.58
2012.04.26 08:54:10.097,0.82609,0.82626,1.58,1.58
2012.04.26 08:54:10.832,0.82608,0.82624,1.58,1.58
2012.04.26 08:54:11.149,0.82611,0.82626,1.58,1.58
2012.04.26 08:54:11.769,0.82609,0.82624,1.58,1.58
2012.04.26 08:54:12.091,0.82602,0.82617,2.33,1.58
2012.04.26 08:54:12.444,0.82604,0.82619,1.58,1.58
2012.04.26 08:54:12.793,0.82601,0.82618,2.33,1.58
2012.04.26 08:54:14.617,0.82601,0.82617,2.33,1.58
2012.04.26 08:54:15.145,0.82601,0.82618,2.33,1.58
2012.04.26 08:54:17.230,0.826,0.82615,2.33,1.58
2012.04.26 08:54:17.816,0.82602,0.82617,2.33,1.58
2012.04.26 08:54:19.270,0.826,0.82616,2.33,1.58
2012.04.26 08:54:19.817,0.82602,0.82617,2.33,1.58
2012.04.26 08:54:20.340,0.82599,0.82616,4.50,1.58
2012.04.26 08:54:20.863,0.82602,0.82617,2.33,1.58
2012.04.26 08:54:21.500,0.82605,0.82619,1.58,1.58
2012.04.26 08:54:21.577,0.82608,0.82625,1.58,2.33
2012.04.26 08:54:21.641,0.82607,0.82622,3.15,1.58
2012.04.26 08:54:21.960,0.82605,0.8262,1.58,1.58
2012.04.26 08:54:22.695,0.82605,0.8262,1.58,2.33
2012.04.26 08:54:23.233,0.82603,0.82619,2.33,2.33
2012.04.26 08:54:23.303,0.82602,0.82617,2.33,1.58
2012.04.26 08:54:24.380,0.82603,0.82619,1.58,2.33
2012.04.26 08:54:24.911,0.82601,0.82618,2.33,1.58
2012.04.26 08:54:25.480,0.82602,0.8262,2.33,2.33
2012.04.26 08:54:26.464,0.82602,0.82615,1.58,4.50
2012.04.26 08:54:26.537,0.82596,0.82613,1.58,1.58
2012.04.26 08:54:26.721,0.82599,0.82614,1.58,2.33
2012.04.26 08:54:27.221,0.82599,0.82617,1.58,1.95
2012.04.26 08:54:27.412,0.82602,0.82617,1.58,1.95
2012.04.26 08:54:28.912,0.82603,0.82618,1.58,1.50
2012.04.26 08:54:29.113,0.82599,0.82616,3.15,1.58
2012.04.26 08:54:29.246,0.82602,0.82617,1.58,1.58
2012.04.26 08:54:32.002,0.826,0.82615,1.58,1.58
2012.04.26 08:54:33.912,0.82602,0.82617,1.58,3.15
2012.04.26 08:54:35.215,0.826,0.82615,1.58,1.58
2012.04.26 08:54:35.860,0.82601,0.82617,1.58,1.58
2012.04.26 08:54:36.390,0.82601,0.82618,1.58,2.33
2012.04.26 08:54:36.862,0.82604,0.82619,1.58,5.40
2012.04.26 08:54:37.052,0.82602,0.82618,1.58,3.08
2012.04.26 08:54:37.789,0.82601,0.82618,1.58,3.08
2012.04.26 08:54:38.819,0.82603,0.82618,1.58,1.50
2012.04.26 08:54:39.337,0.82602,0.82617,1.58,1.58
2012.04.26 08:54:39.859,0.82603,0.82618,1.58,1.50
2012.04.26 08:54:42.309,0.82601,0.82618,3.15,3.08
2012.04.26 08:54:45.859,0.82604,0.82618,1.58,1.50
2012.04.26 08:54:46.368,0.82602,0.82617,3.15,1.58
2012.04.26 08:54:49.182,0.82604,0.82619,1.58,4.58
2012.04.26 08:54:49.602,0.82602,0.82617,1.58,1.58
2012.04.26 08:54:50.833,0.82604,0.82619,1.58,1.50
2012.04.26 08:54:51.043,0.82609,0.82624,1.58,2.33
2012.04.26 08:54:51.114,0.82611,0.82626,1.58,3.83
2012.04.26 08:54:51.240,0.82611,0.82626,1.58,3.08
2012.04.26 08:54:51.313,0.82609,0.82624,1.58,1.58
2012.04.26 08:54:51.443,0.8261,0.82627,1.58,2.33
2012.04.26 08:54:52.341,0.82611,0.82627,1.58,2.33
2012.04.26 08:54:52.894,0.82612,0.82628,1.58,1.50
2012.04.26 08:54:53.503,0.82611,0.82626,1.58,2.33
2012.04.26 08:54:54.777,0.82609,0.82625,3.15,1.58
2012.04.26 08:54:55.169,0.82609,0.82625,1.58,2.33
2012.04.26 08:54:55.778,0.8261,0.82626,1.58,1.50
2012.04.26 08:54:56.703,0.8261,0.82627,1.58,2.33
2012.04.26 08:54:57.021,0.82609,0.82625,1.58,2.33
2012.04.26 08:54:57.486,0.82612,0.82626,1.58,1.50
2012.04.26 08:54:57.961,0.82612,0.82627,1.58,2.33
2012.04.26 08:54:58.250,0.82612,0.82626,1.58,1.50
2012.04.26 08:54:58.672,0.82612,0.82627,1.58,2.33
2012.04.26 08:54:58.942,0.8261,0.82626,1.58,2.33
2012.04.26 08:54:59.457,0.82609,0.82626,1.58,2.33
2012.04.26 08:55:00.977,0.82607,0.82624,3.90,1.58
2012.04.26 08:55:01.309,0.82611,0.82626,1.58,2.33
2012.04.26 08:55:04.566,0.82608,0.82624,2.33,2.78
2012.04.26 08:55:04.634,0.82604,0.82619,2.33,1.58
2012.04.26 08:55:04.822,0.82601,0.82618,2.33,2.33
2012.04.26 08:55:05.131,0.826,0.82615,5.25,1.58
2012.04.26 08:55:05.440,0.82602,0.82617,1.58,1.58
2012.04.26 08:55:05.591,0.826,0.82616,1.50,1.58
2012.04.26 08:55:05.831,0.82602,0.82617,1.58,1.58
2012.04.26 08:55:13.029,0.826,0.82616,3.08,1.58
2012.04.26 08:55:13.628,0.82602,0.82617,1.58,1.58
2012.04.26 08:55:14.322,0.82603,0.8262,1.58,5.25
2012.04.26 08:55:14.881,0.82605,0.82619,1.58,2.33
2012.04.26 08:55:15.789,0.82602,0.82619,1.58,2.33
2012.04.26 08:55:16.089,0.82604,0.8262,1.58,3.68
2012.04.26 08:55:16.710,0.82602,0.82619,1.58,2.33
2012.04.26 08:55:20.972,0.82602,0.82619,2.33,2.33
2012.04.26 08:55:21.233,0.82609,0.82624,1.58,3.75
2012.04.26 08:55:21.363,0.82606,0.82623,3.15,2.33
2012.04.26 08:55:21.492,0.82609,0.82624,1.58,3.15
2012.04.26 08:55:22.255,0.8261,0.82627,1.58,2.33
2012.04.26 08:55:23.184,0.82608,0.82626,1.58,2.33
2012.04.26 08:55:23.610,0.8261,0.82627,1.58,2.33
2012.04.26 08:55:25.275,0.82608,0.82626,1.58,2.33
2012.04.26 08:55:25.610,0.82607,0.82624,2.33,1.58
2012.04.26 08:55:26.131,0.82609,0.82625,1.58,1.58
2012.04.26 08:55:30.743,0.82609,0.82625,6.08,1.58
2012.04.26 08:55:31.051,0.82617,0.82634,1.58,2.93
2012.04.26 08:55:36.210,0.82616,0.82631,1.58,1.58
2012.04.26 08:55:37.361,0.82616,0.82631,1.58,2.33
2012.04.26 08:55:37.495,0.82614,0.82629,3.90,3.08
2012.04.26 08:55:37.885,0.82614,0.82622,2.33,1.58
2012.04.26 08:55:38.401,0.82609,0.82623,4.50,1.58
2012.04.26 08:55:39.112,0.82609,0.82625,4.50,1.58
2012.04.26 08:55:39.641,0.82609,0.82624,4.50,1.58
2012.04.26 08:55:39.951,0.82609,0.82622,4.50,1.58
2012.04.26 08:55:40.291,0.82609,0.8262,4.50,1.58
2012.04.26 08:55:40.622,0.82609,0.82623,4.50,1.58
2012.04.26 08:55:42.740,0.82609,0.82624,6.08,1.58
2012.04.26 08:55:44.280,0.8261,0.82627,2.33,1.58
2012.04.26 08:55:44.740,0.82609,0.82624,6.08,1.58
2012.04.26 08:55:45.584,0.82609,0.82623,4.50,1.58
2012.04.26 08:55:45.831,0.82609,0.82625,4.50,1.58
2012.04.26 08:55:46.264,0.82612,0.82627,1.50,1.58
2012.04.26 08:55:46.515,0.82616,0.82628,1.58,2.33
2012.04.26 08:55:46.583,0.82616,0.82633,1.58,3.90
2012.04.26 08:55:47.092,0.8262,0.82634,1.58,3.08
2012.04.26 08:55:47.281,0.82617,0.82634,2.33,2.33
2012.04.26 08:55:48.117,0.82617,0.82632,1.58,1.58
2012.04.26 08:55:48.189,0.82612,0.82629,2.48,1.58
2012.04.26 08:55:49.384,0.82612,0.82629,2.33,4.50
2012.04.26 08:55:49.690,0.8261,0.82625,1.50,3.15
2012.04.26 08:55:50.051,0.82609,0.82622,4.50,1.58
2012.04.26 08:55:51.154,0.82609,0.82625,4.50,1.58
2012.04.26 08:55:51.670,0.82609,0.82622,4.50,1.58
2012.04.26 08:55:52.651,0.82609,0.82625,4.50,1.58
2012.04.26 08:55:52.841,0.82609,0.82623,4.50,1.58
2012.04.26 08:55:53.407,0.82609,0.82624,6.08,1.58
2012.04.26 08:55:53.763,0.82611,0.82626,2.33,1.58
2012.04.26 08:55:54.072,0.82609,0.82624,4.50,1.58
2012.04.26 08:55:54.724,0.82612,0.82627,2.33,1.58
2012.04.26 08:55:54.972,0.82614,0.82629,2.33,1.58
2012.04.26 08:55:55.100,0.82618,0.82634,1.58,1.50
2012.04.26 08:55:55.461,0.82616,0.82633,3.15,2.33
2012.04.26 08:55:56.801,0.82617,0.82633,1.58,2.33
2012.04.26 08:55:57.318,0.82618,0.82635,1.58,3.08
2012.04.26 08:55:57.947,0.82618,0.82635,1.58,2.33
2012.04.26 08:55:58.129,0.82618,0.82635,1.58,3.08
2012.04.26 08:55:59.201,0.82616,0.82633,1.58,2.33
2012.04.26 08:55:59.452,0.82615,0.8263,2.18,1.58
2012.04.26 08:56:00.089,0.82617,0.82632,1.58,1.58
2012.04.26 08:56:00.462,0.82615,0.8263,2.18,1.58
2012.04.26 08:56:00.941,0.82617,0.82632,1.58,1.58
2012.04.26 08:56:01.491,0.82619,0.82634,1.58,5.33
2012.04.26 08:56:02.344,0.82618,0.82635,1.58,3.75
2012.04.26 08:56:05.291,0.82617,0.82632,1.58,1.58
2012.04.26 08:56:06.562,0.82619,0.82634,1.58,1.58
2012.04.26 08:56:06.871,0.82629,0.82642,1.58,1.88
2012.04.26 08:56:06.943,0.82629,0.82644,1.58,2.33
2012.04.26 08:56:07.072,0.82631,0.82646,1.58,3.08
2012.04.26 08:56:07.146,0.82631,0.82646,1.58,2.33
2012.04.26 08:56:07.691,0.82629,0.82644,1.58,1.58
2012.04.26 08:56:08.332,0.82627,0.82643,3.15,1.58
2012.04.26 08:56:09.283,0.82628,0.82645,1.58,1.58
2012.04.26 08:56:12.513,0.82627,0.82644,1.58,1.58
2012.04.26 08:56:13.076,0.82626,0.82644,1.58,1.58
2012.04.26 08:56:14.549,0.82629,0.82644,1.58,1.58
2012.04.26 08:56:14.860,0.82631,0.82646,1.58,1.58
2012.04.26 08:56:15.440,0.82629,0.82644,3.15,1.58
2012.04.26 08:56:16.381,0.82627,0.8264,1.58,1.58
2012.04.26 08:56:16.450,0.82625,0.8264,2.33,1.58
2012.04.26 08:56:16.895,0.82625,0.82638,1.58,1.50
2012.04.26 08:56:16.963,0.82616,0.82633,3.08,1.58
2012.04.26 08:56:17.330,0.82616,0.82633,3.08,1.58
2012.04.26 08:56:17.399,0.82618,0.82635,1.58,3.75
2012.04.26 08:56:17.590,0.82616,0.82634,3.15,2.93
2012.04.26 08:56:17.660,0.82615,0.82632,3.90,1.58
2012.04.26 08:56:17.969,0.82618,0.82633,1.58,1.58
2012.04.26 08:56:18.304,0.8262,0.82633,1.58,2.18
2012.04.26 08:56:18.642,0.82618,0.82633,3.15,3.75
2012.04.26 08:56:26.732,0.82615,0.82633,2.33,4.50
2012.04.26 08:56:27.389,0.82618,0.82633,1.58,3.75
2012.04.26 08:56:28.449,0.82615,0.82633,2.33,3.75
2012.04.26 08:56:29.549,0.82615,0.82633,1.58,4.50
2012.04.26 08:56:31.169,0.82615,0.8263,1.58,1.58
2012.04.26 08:56:32.040,0.82617,0.82632,1.58,1.58
2012.04.26 08:56:34.030,0.82615,0.82631,1.58,1.58
2012.04.26 08:56:34.869,0.82616,0.82633,1.58,2.93
2012.04.26 08:56:35.339,0.82615,0.82631,2.33,1.58
2012.04.26 08:56:35.661,0.82617,0.82633,1.58,1.58
2012.04.26 08:56:36.090,0.82615,0.82631,2.33,1.58
2012.04.26 08:56:36.389,0.82617,0.82634,1.58,4.50
2012.04.26 08:56:36.924,0.82616,0.82633,2.33,1.58
2012.04.26 08:56:37.468,0.82617,0.82634,1.58,3.75
2012.04.26 08:56:37.540,0.82616,0.82632,2.33,1.58
2012.04.26 08:56:42.050,0.82615,0.82632,1.58,1.58
2012.04.26 08:56:42.364,0.82614,0.82629,2.33,1.58
2012.04.26 08:56:42.721,0.82612,0.82627,2.33,1.58
2012.04.26 08:56:44.140,0.82611,0.82626,1.50,1.58
2012.04.26 08:56:45.149,0.82611,0.82627,1.50,1.58
2012.04.26 08:56:45.651,0.8261,0.82628,3.08,1.58
2012.04.26 08:56:46.642,0.82611,0.82628,1.58,2.33
2012.04.26 08:56:46.949,0.8261,0.82625,1.58,3.75
2012.04.26 08:56:47.280,0.8261,0.82627,2.33,2.33
2012.04.26 08:56:47.814,0.8261,0.82626,1.58,2.18
2012.04.26 08:56:48.419,0.8261,0.82627,1.58,2.33
2012.04.26 08:56:48.955,0.8261,0.82626,1.58,2.18
2012.04.26 08:56:49.484,0.8261,0.82627,1.58,2.33
2012.04.26 08:56:51.821,0.82613,0.82628,1.58,2.33
2012.04.26 08:56:52.381,0.82614,0.82628,2.18,1.58
2012.04.26 08:56:52.843,0.82614,0.82625,2.18,1.58
2012.04.26 08:56:52.912,0.82612,0.82625,1.50,1.58
2012.04.26 08:56:53.040,0.82612,0.82627,3.08,1.58
2012.04.26 08:56:54.879,0.82613,0.82627,2.18,1.58
2012.04.26 08:56:55.269,0.82613,0.8263,2.18,1.58
2012.04.26 08:56:57.720,0.82613,0.82628,2.18,1.58
2012.04.26 08:57:00.413,0.82614,0.8263,2.18,1.58
2012.04.26 08:57:01.249,0.82614,0.8263,2.78,1.58
2012.04.26 08:57:02.185,0.82613,0.82625,2.78,1.58
2012.04.26 08:57:02.712,0.82612,0.82628,5.03,1.58
2012.04.26 08:57:04.669,0.82612,0.82628,3.53,2.33
2012.04.26 08:57:06.424,0.82611,0.82625,1.50,1.58
2012.04.26 08:57:09.561,0.82612,0.82628,3.53,2.33
2012.04.26 08:57:10.050,0.82612,0.82628,5.85,1.58
2012.04.26 08:57:12.302,0.82612,0.82628,3.23,1.58
2012.04.26 08:57:12.374,0.82612,0.82626,1.65,1.58
2012.04.26 08:57:12.621,0.82612,0.8263,2.48,2.33
2012.04.26 08:57:13.275,0.82612,0.8263,2.63,2.33
2012.04.26 08:57:13.630,0.82612,0.8263,2.63,1.58
2012.04.26 08:57:14.171,0.82612,0.8263,2.63,2.33
2012.04.26 08:57:14.854,0.82612,0.8263,2.48,2.33
2012.04.26 08:57:15.621,0.82612,0.8263,2.48,1.58
2012.04.26 08:57:15.750,0.82615,0.8263,1.58,1.58
2012.04.26 08:57:15.820,0.82616,0.82632,1.58,1.50
2012.04.26 08:57:16.444,0.82612,0.8263,2.48,1.58
2012.04.26 08:57:17.022,0.82612,0.8263,2.63,1.58
2012.04.26 08:57:17.550,0.82612,0.8263,2.48,1.58
2012.04.26 08:57:17.618,0.82612,0.8263,2.48,2.33
2012.04.26 08:57:18.354,0.82612,0.8263,2.63,2.33
2012.04.26 08:57:19.188,0.82612,0.8263,2.48,2.33
2012.04.26 08:57:19.729,0.82612,0.8263,2.63,2.33
2012.04.26 08:57:20.991,0.82612,0.8263,2.48,2.33
2012.04.26 08:57:21.290,0.82614,0.82631,1.58,1.58
2012.04.26 08:57:22.481,0.82614,0.8263,1.58,1.58
2012.04.26 08:57:22.610,0.82612,0.82629,2.48,1.58
2012.04.26 08:57:26.720,0.82614,0.82629,2.18,1.58
2012.04.26 08:57:27.324,0.82615,0.82629,2.78,1.58
2012.04.26 08:57:33.871,0.82615,0.8263,2.78,3.15
2012.04.26 08:57:38.890,0.82615,0.82624,2.18,1.58
2012.04.26 08:57:38.961,0.82611,0.82623,3.56,1.58
2012.04.26 08:57:39.218,0.82609,0.82625,3.23,1.58
2012.04.26 08:57:39.770,0.82613,0.82627,2.18,2.33
2012.04.26 08:57:40.093,0.82614,0.82629,1.58,1.58
2012.04.26 08:57:40.164,0.82614,0.82628,1.58,5.25
2012.04.26 08:57:40.759,0.82606,0.82621,2.36,1.58
2012.04.26 08:57:40.839,0.82609,0.82619,2.78,1.58
2012.04.26 08:57:40.911,0.82609,0.82622,2.78,1.58
2012.04.26 08:57:41.523,0.82609,0.82625,4.35,1.50
2012.04.26 08:57:42.412,0.82611,0.82628,1.58,7.58
2012.04.26 08:57:42.743,0.82613,0.82628,1.58,4.50
2012.04.26 08:57:46.421,0.82614,0.82628,1.58,4.50
2012.04.26 08:57:46.490,0.82614,0.82632,1.58,2.33
2012.04.26 08:57:46.560,0.82616,0.82633,1.58,1.58
2012.04.26 08:57:46.991,0.82615,0.8263,1.58,1.58
2012.04.26 08:57:47.307,0.82617,0.82632,1.58,1.58
2012.04.26 08:57:47.629,0.82615,0.8263,1.58,1.58
2012.04.26 08:57:48.299,0.82617,0.82632,1.58,1.58
2012.04.26 08:57:49.620,0.82618,0.82635,1.58,3.08
2012.04.26 08:57:50.171,0.82617,0.82632,1.58,1.58
2012.04.26 08:57:50.362,0.82618,0.82634,2.18,1.58
2012.04.26 08:57:50.912,0.82618,0.82633,1.58,1.58
2012.04.26 08:57:51.040,0.8262,0.82635,1.58,4.50
2012.04.26 08:57:51.412,0.82617,0.82634,2.33,1.58
2012.04.26 08:57:52.055,0.82616,0.82631,1.58,1.58
2012.04.26 08:57:52.183,0.82613,0.82631,3.08,1.58
2012.04.26 08:57:52.251,0.82616,0.82631,1.58,1.58
2012.04.26 08:57:52.380,0.82617,0.82633,1.58,2.33
2012.04.26 08:57:54.185,0.82616,0.82633,1.58,2.33
2012.04.26 08:57:54.254,0.82616,0.82633,1.58,2.33
2012.04.26 08:57:54.810,0.82615,0.82633,1.58,2.33
2012.04.26 08:57:55.254,0.82615,0.8263,1.58,1.58
2012.04.26 08:57:58.044,0.82613,0.82628,3.90,1.58
2012.04.26 08:57:58.361,0.8261,0.82626,2.93,1.58
2012.04.26 08:57:59.462,0.8261,0.82626,2.93,1.58
2012.04.26 08:57:59.589,0.8261,0.82626,2.18,1.58
2012.04.26 08:58:00.587,0.8261,0.82626,2.93,1.58
2012.04.26 08:58:01.129,0.82612,0.82627,2.33,1.58
2012.04.26 08:58:02.772,0.82614,0.82629,1.58,1.58
2012.04.26 08:58:06.410,0.82613,0.82628,2.18,1.58
2012.04.26 08:58:07.580,0.82614,0.82629,1.58,1.58
2012.04.26 08:58:13.132,0.82613,0.82628,2.18,1.58
2012.04.26 08:58:14.179,0.82613,0.8263,3.75,1.58
2012.04.26 08:58:20.757,0.82613,0.8263,5.10,1.58
2012.04.26 08:58:20.820,0.82616,0.8263,1.58,1.58
2012.04.26 08:58:20.890,0.82617,0.82634,1.58,2.33
2012.04.26 08:58:21.083,0.82616,0.82631,1.58,1.58
2012.04.26 08:58:21.389,0.82614,0.82629,1.58,1.58
2012.04.26 08:58:21.703,0.82612,0.82627,2.33,1.58
2012.04.26 08:58:22.870,0.82614,0.82629,1.58,2.33
2012.04.26 08:58:23.320,0.82612,0.82627,2.33,1.58
2012.04.26 08:58:24.991,0.8261,0.82625,2.18,1.58
2012.04.26 08:58:25.662,0.82612,0.82627,1.58,1.58
2012.04.26 08:58:26.032,0.8261,0.82625,1.58,1.58
2012.04.26 08:58:26.099,0.8261,0.82628,1.58,3.08
2012.04.26 08:58:26.232,0.82609,0.82624,1.58,1.58
2012.04.26 08:58:27.172,0.82606,0.82623,5.10,1.58
2012.04.26 08:58:27.841,0.82606,0.82623,5.10,1.58
2012.04.26 08:58:27.973,0.82606,0.82623,4.50,1.58
2012.04.26 08:58:28.243,0.82606,0.8262,2.18,1.58
2012.04.26 08:58:28.950,0.82606,0.82621,2.18,1.58
2012.04.26 08:58:36.811,0.82606,0.82623,3.75,1.58
2012.04.26 08:58:37.889,0.82606,0.82621,2.18,1.58
2012.04.26 08:58:38.509,0.82607,0.82622,1.58,1.58
2012.04.26 08:58:42.513,0.82606,0.82621,2.18,1.58
2012.04.26 08:58:42.871,0.82606,0.82623,3.75,1.58
2012.04.26 08:58:43.002,0.82609,0.82624,1.58,1.58
2012.04.26 08:58:45.962,0.82607,0.82622,1.58,1.58
2012.04.26 08:58:47.948,0.82608,0.82624,1.58,1.58
2012.04.26 08:58:48.494,0.82608,0.82625,1.58,3.08
2012.04.26 08:58:49.140,0.82608,0.82624,1.58,1.58
2012.04.26 08:58:49.221,0.82607,0.82622,1.58,1.58
2012.04.26 08:58:50.128,0.82608,0.82625,1.58,2.33
2012.04.26 08:58:50.259,0.82606,0.82623,4.50,1.58
2012.04.26 08:58:53.648,0.82608,0.82625,1.58,2.33
2012.04.26 08:58:54.190,0.82608,0.82624,1.58,1.58
2012.04.26 08:58:54.260,0.82606,0.82623,4.50,1.58
2012.04.26 08:58:58.660,0.82606,0.82622,2.93,1.58
2012.04.26 08:58:59.180,0.82607,0.82622,1.58,1.58
2012.04.26 08:59:06.704,0.82606,0.82623,4.50,1.58
2012.04.26 08:59:07.090,0.82608,0.82625,1.58,2.33
2012.04.26 08:59:10.781,0.82607,0.82623,2.93,1.58
2012.04.26 08:59:11.701,0.82608,0.82625,1.58,2.33
2012.04.26 08:59:12.149,0.82607,0.82622,3.75,1.58
2012.04.26 08:59:22.139,0.82609,0.82624,1.58,1.58
2012.04.26 08:59:23.736,0.82607,0.82622,4.35,1.58
2012.04.26 08:59:28.059,0.82608,0.82625,1.58,3.15
2012.04.26 08:59:29.020,0.82607,0.82622,3.75,1.58
2012.04.26 08:59:31.871,0.82608,0.82625,3.90,1.58
2012.04.26 08:59:32.326,0.82613,0.8263,3.15,2.33
2012.04.26 08:59:32.391,0.82616,0.82631,1.58,3.08
2012.04.26 08:59:32.640,0.82618,0.82633,1.58,3.08
2012.04.26 08:59:32.769,0.82618,0.82631,1.58,1.58
2012.04.26 08:59:32.839,0.82614,0.82629,1.58,1.58
2012.04.26 08:59:43.974,0.82611,0.82629,2.33,2.33
2012.04.26 08:59:44.162,0.8261,0.82625,1.58,1.58
2012.04.26 08:59:44.487,0.82608,0.82623,1.58,1.58
2012.04.26 08:59:46.041,0.82606,0.82621,1.58,1.58
2012.04.26 08:59:50.894,0.82603,0.82621,3.08,1.58
2012.04.26 08:59:51.079,0.82603,0.82618,2.33,1.58
2012.04.26 08:59:51.445,0.826,0.82616,3.08,1.58
2012.04.26 08:59:51.642,0.826,0.82616,3.45,1.58
2012.04.26 08:59:51.710,0.82601,0.82619,2.33,1.58
2012.04.26 08:59:51.900,0.82601,0.82619,2.33,1.58
2012.04.26 08:59:52.429,0.82603,0.8262,2.33,1.58
2012.04.26 08:59:55.350,0.82606,0.82619,1.58,1.58
2012.04.26 08:59:55.420,0.82602,0.82617,1.58,1.58
2012.04.26 08:59:55.669,0.82604,0.82619,1.58,1.58
2012.04.26 08:59:57.860,0.82602,0.82618,2.33,1.58
2012.04.26 08:59:58.172,0.82603,0.8262,1.58,1.58
2012.04.26 08:59:58.244,0.82602,0.82618,1.58,1.58
2012.04.26 08:59:58.754,0.82602,0.82617,1.58,1.58
2012.04.26 08:59:59.412,0.82604,0.82619,1.58,1.58
