2018.01.19 12:00:00.090,0.89109,0.89119,2.25,1.50
2018.01.19 12:00:00.380,0.89109,0.89119,1.00,3.62
2018.01.19 12:00:00.798,0.8911,0.89119,2.25,1.00
2018.01.19 12:00:01.331,0.8911,0.89119,1.12,1.00
2018.01.19 12:00:02.021,0.89111,0.89119,1.00,1.00
2018.01.19 12:00:02.229,0.8911,0.8912,2.62,1.00
2018.01.19 12:00:02.281,0.89112,0.89122,1.87,1.50
2018.01.19 12:00:02.595,0.89114,0.89123,1.50,1.12
2018.01.19 12:00:03.108,0.89113,0.89123,4.12,1.12
2018.01.19 12:00:03.733,0.89115,0.89123,1.00,1.00
2018.01.19 12:00:04.314,0.89114,0.89124,1.50,1.87
2018.01.19 12:00:04.579,0.89118,0.89127,2.62,1.00
2018.01.19 12:00:04.888,0.89115,0.89126,1.87,1.50
2018.01.19 12:00:05.272,0.89115,0.89126,2.25,3.25
2018.01.19 12:00:05.885,0.89116,0.89126,1.12,2.50
2018.01.19 12:00:07.154,0.89116,0.89126,3.37,1.00
2018.01.19 12:00:07.827,0.89116,0.89126,3.37,1.00
2018.01.19 12:00:10.326,0.89116,0.89126,4.12,1.00
2018.01.19 12:00:11.048,0.89118,0.89128,2.25,1.50
2018.01.19 12:00:11.387,0.8912,0.89128,1.00,1.12
2018.01.19 12:00:11.905,0.8912,0.89129,2.25,1.00
2018.01.19 12:00:12.670,0.8912,0.89129,2.62,1.50
2018.01.19 12:00:12.984,0.8912,0.89129,2.25,1.50
2018.01.19 12:00:13.199,0.8912,0.89129,1.12,1.50
2018.01.19 12:00:13.812,0.8912,0.89129,1.87,1.00
2018.01.19 12:00:14.538,0.8912,0.89129,1.12,1.00
2018.01.19 12:00:15.077,0.89121,0.89129,1.00,1.00
2018.01.19 12:00:16.342,0.89122,0.89131,1.12,1.50
2018.01.19 12:00:17.309,0.89123,0.89132,1.00,1.12
2018.01.19 12:00:17.361,0.89125,0.89133,1.00,1.50
2018.01.19 12:00:17.875,0.89125,0.89133,1.12,1.00
2018.01.19 12:00:19.771,0.89125,0.89133,1.00,1.00
2018.01.19 12:00:19.824,0.89121,0.89132,1.50,2.62
2018.01.19 12:00:19.875,0.89121,0.89131,1.12,1.12
2018.01.19 12:00:20.413,0.89121,0.89131,1.12,2.50
2018.01.19 12:00:22.352,0.89121,0.89131,1.12,2.24
2018.01.19 12:00:23.026,0.89121,0.89131,3.37,1.87
2018.01.19 12:00:23.078,0.89124,0.89132,1.00,1.50
2018.01.19 12:00:23.299,0.89124,0.89135,2.62,3.00
2018.01.19 12:00:24.985,0.89124,0.89135,2.25,3.37
2018.01.19 12:00:26.806,0.89125,0.89135,1.00,2.25
2018.01.19 12:00:30.527,0.89126,0.89135,1.00,1.50
2018.01.19 12:00:30.760,0.89124,0.89135,1.00,3.37
2018.01.19 12:00:31.157,0.89126,0.89135,1.00,3.25
2018.01.19 12:00:32.357,0.89124,0.89135,1.87,3.25
2018.01.19 12:00:34.262,0.89124,0.89135,1.75,2.99
2018.01.19 12:00:34.820,0.89125,0.89136,2.25,2.25
2018.01.19 12:00:36.335,0.89126,0.89136,1.50,3.24
2018.01.19 12:00:37.664,0.89127,0.89137,1.12,2.25
2018.01.19 12:00:38.193,0.89128,0.89138,1.50,1.87
2018.01.19 12:00:38.245,0.8913,0.89139,1.87,1.87
2018.01.19 12:00:38.585,0.89133,0.89142,1.00,2.25
2018.01.19 12:00:38.953,0.89132,0.89142,1.00,3.25
2018.01.19 12:00:39.589,0.89131,0.89142,1.50,4.00
2018.01.19 12:00:40.642,0.89133,0.89142,1.12,2.12
2018.01.19 12:00:40.828,0.89133,0.89142,1.37,1.00
2018.01.19 12:00:41.340,0.89134,0.89144,2.62,1.12
2018.01.19 12:00:41.849,0.89134,0.89144,1.12,2.25
2018.01.19 12:00:42.787,0.89133,0.89144,1.87,2.25
2018.01.19 12:00:44.321,0.89133,0.89143,1.00,1.12
2018.01.19 12:00:46.526,0.8913,0.89142,2.25,4.50
2018.01.19 12:00:47.145,0.89128,0.8914,4.12,1.50
2018.01.19 12:00:47.725,0.89128,0.89139,2.62,2.25
2018.01.19 12:00:48.496,0.8913,0.89139,1.12,2.25
2018.01.19 12:00:50.620,0.89129,0.8914,2.25,1.87
2018.01.19 12:00:52.287,0.8913,0.8914,1.75,1.87
2018.01.19 12:00:52.522,0.89131,0.8914,1.00,1.87
2018.01.19 12:00:53.067,0.8913,0.8914,1.50,1.87
2018.01.19 12:00:53.730,0.8913,0.8914,1.00,2.62
2018.01.19 12:00:54.292,0.89131,0.8914,1.00,1.00
2018.01.19 12:00:54.395,0.89131,0.8914,3.75,1.00
2018.01.19 12:00:54.881,0.89131,0.89141,1.12,3.00
2018.01.19 12:00:56.808,0.89131,0.89141,1.00,3.62
2018.01.19 12:00:56.860,0.89128,0.89139,2.25,2.25
2018.01.19 12:00:57.485,0.89129,0.89139,1.00,2.62
2018.01.19 12:00:57.991,0.89131,0.89141,2.62,1.87
2018.01.19 12:00:59.101,0.89131,0.89141,3.00,1.00
2018.01.19 12:01:00.271,0.89131,0.89141,2.25,2.50
2018.01.19 12:01:03.603,0.89129,0.8914,1.50,2.25
2018.01.19 12:01:03.756,0.89128,0.89139,1.12,3.00
2018.01.19 12:01:04.442,0.89128,0.89139,1.12,4.50
2018.01.19 12:01:04.987,0.89129,0.89138,1.00,1.12
2018.01.19 12:01:05.518,0.89128,0.89138,1.00,3.37
2018.01.19 12:01:06.252,0.89129,0.89137,1.00,1.87
2018.01.19 12:01:06.458,0.89127,0.89137,1.00,3.37
2018.01.19 12:01:06.949,0.89125,0.89136,1.00,2.62
2018.01.19 12:01:07.001,0.89125,0.89135,1.00,1.87
2018.01.19 12:01:07.609,0.89126,0.89134,1.00,1.12
2018.01.19 12:01:08.209,0.89125,0.89134,1.50,2.24
2018.01.19 12:01:10.311,0.89128,0.89134,1.00,2.50
2018.01.19 12:01:10.464,0.89127,0.89136,2.62,1.12
2018.01.19 12:01:12.134,0.89127,0.89137,2.62,1.87
2018.01.19 12:01:12.481,0.89127,0.89137,2.62,2.49
2018.01.19 12:01:13.015,0.89127,0.89137,2.25,5.62
2018.01.19 12:01:13.079,0.89127,0.89137,2.25,3.74
2018.01.19 12:01:14.238,0.89128,0.89137,1.00,2.99
2018.01.19 12:01:14.765,0.89127,0.89137,1.50,2.24
2018.01.19 12:01:15.448,0.89128,0.89137,1.00,2.99
2018.01.19 12:01:16.420,0.89127,0.89137,3.00,1.50
2018.01.19 12:01:16.690,0.89126,0.89137,2.62,2.25
2018.01.19 12:01:17.199,0.89128,0.89137,1.00,1.50
2018.01.19 12:01:18.179,0.89128,0.89137,1.87,2.25
2018.01.19 12:01:18.779,0.89127,0.89137,1.00,3.00
2018.01.19 12:01:19.454,0.89128,0.89137,1.00,2.25
2018.01.19 12:01:22.146,0.89126,0.89137,3.00,2.62
2018.01.19 12:01:22.197,0.89128,0.89138,2.62,1.75
2018.01.19 12:01:22.249,0.89129,0.89138,1.12,1.50
2018.01.19 12:01:22.300,0.89129,0.89139,2.25,1.75
2018.01.19 12:01:22.402,0.89128,0.89139,1.50,1.50
2018.01.19 12:01:22.591,0.89126,0.89137,2.25,2.25
2018.01.19 12:01:22.797,0.89124,0.89135,2.25,2.25
2018.01.19 12:01:23.332,0.89124,0.89135,2.25,3.62
2018.01.19 12:01:24.169,0.89124,0.89135,2.25,3.25
2018.01.19 12:01:24.726,0.89124,0.89135,2.25,3.00
2018.01.19 12:01:25.244,0.89123,0.89135,3.00,3.25
2018.01.19 12:01:26.176,0.89123,0.89135,3.75,3.37
2018.01.19 12:01:27.086,0.89123,0.89135,4.50,2.62
2018.01.19 12:01:27.395,0.89126,0.89136,2.62,3.37
2018.01.19 12:01:27.448,0.89126,0.89136,2.62,1.50
2018.01.19 12:01:28.610,0.89126,0.89136,3.37,1.50
2018.01.19 12:01:28.662,0.89127,0.89136,1.00,2.25
2018.01.19 12:01:28.764,0.89127,0.89136,1.00,1.87
2018.01.19 12:01:29.309,0.89125,0.89136,2.62,1.50
2018.01.19 12:01:30.466,0.89125,0.89136,1.50,1.87
2018.01.19 12:01:31.037,0.89125,0.89136,1.87,1.12
2018.01.19 12:01:31.921,0.89125,0.89136,1.50,1.12
2018.01.19 12:01:32.650,0.89125,0.89136,1.37,2.12
2018.01.19 12:01:33.573,0.89125,0.89136,2.62,1.12
2018.01.19 12:01:34.322,0.89126,0.89136,1.12,1.50
2018.01.19 12:01:34.950,0.89125,0.89136,1.12,1.75
2018.01.19 12:01:35.001,0.89125,0.89136,1.12,2.25
2018.01.19 12:01:35.715,0.89127,0.89136,1.00,1.50
2018.01.19 12:01:37.620,0.89127,0.89136,1.00,1.87
2018.01.19 12:01:43.951,0.89128,0.89136,1.87,1.00
2018.01.19 12:01:44.193,0.89128,0.89139,1.87,1.87
2018.01.19 12:01:44.543,0.89128,0.89139,1.37,4.37
2018.01.19 12:01:45.108,0.89128,0.89139,1.37,6.75
2018.01.19 12:01:45.498,0.89127,0.89138,1.00,1.50
2018.01.19 12:01:45.898,0.89127,0.89138,1.87,2.62
2018.01.19 12:01:46.422,0.89127,0.89138,1.12,2.62
2018.01.19 12:01:47.844,0.89127,0.89138,1.50,3.37
2018.01.19 12:01:48.355,0.89128,0.89138,1.12,1.50
2018.01.19 12:01:48.906,0.89127,0.89138,2.62,3.00
2018.01.19 12:01:49.267,0.89125,0.89137,4.12,2.25
2018.01.19 12:01:50.454,0.89126,0.89137,1.12,3.00
2018.01.19 12:01:51.240,0.89126,0.89137,1.37,3.00
2018.01.19 12:01:52.016,0.89126,0.89136,1.87,1.50
2018.01.19 12:01:56.019,0.89125,0.89135,1.00,2.25
2018.01.19 12:01:56.615,0.89124,0.89135,1.12,6.00
2018.01.19 12:01:57.584,0.89124,0.89135,1.00,4.75
2018.01.19 12:01:57.738,0.89122,0.89134,3.37,1.12
2018.01.19 12:01:58.566,0.89123,0.89134,3.00,2.12
2018.01.19 12:01:59.113,0.89124,0.89134,1.12,2.49
2018.01.19 12:02:00.341,0.89124,0.89134,2.25,2.49
2018.01.19 12:02:00.444,0.89127,0.89137,1.37,2.62
2018.01.19 12:02:01.134,0.89127,0.89137,1.50,1.87
2018.01.19 12:02:02.621,0.89125,0.89137,2.25,3.74
2018.01.19 12:02:02.732,0.89123,0.89135,3.75,2.25
2018.01.19 12:02:03.260,0.89123,0.89135,1.87,4.50
2018.01.19 12:02:04.190,0.89123,0.89135,3.00,3.74
2018.01.19 12:02:04.754,0.89122,0.89132,2.25,1.12
2018.01.19 12:02:05.008,0.89121,0.89132,1.00,5.24
2018.01.19 12:02:08.227,0.89121,0.89132,1.50,2.12
2018.01.19 12:02:08.867,0.89121,0.89132,1.00,1.50
2018.01.19 12:02:11.187,0.89121,0.89132,1.12,1.87
2018.01.19 12:02:11.534,0.89119,0.89131,4.12,4.87
2018.01.19 12:02:11.740,0.89118,0.8913,3.00,4.50
2018.01.19 12:02:12.285,0.89119,0.89129,1.00,1.12
2018.01.19 12:02:12.820,0.89119,0.89129,1.00,1.87
2018.01.19 12:02:13.549,0.8912,0.89129,1.00,1.87
2018.01.19 12:02:13.703,0.89118,0.89129,2.25,2.25
2018.01.19 12:02:14.365,0.89118,0.89129,1.50,2.50
2018.01.19 12:02:14.876,0.89118,0.89129,2.25,3.62
2018.01.19 12:02:16.912,0.89118,0.89129,1.87,2.49
2018.01.19 12:02:17.430,0.89118,0.89129,3.00,2.87
2018.01.19 12:02:19.085,0.89117,0.89129,5.25,3.24
2018.01.19 12:02:20.620,0.89118,0.89129,1.00,3.99
2018.01.19 12:02:21.304,0.89118,0.89129,2.25,3.62
2018.01.19 12:02:25.682,0.89118,0.89129,1.12,3.62
2018.01.19 12:02:26.818,0.89117,0.89128,1.50,1.50
2018.01.19 12:02:27.475,0.89116,0.89127,1.50,1.87
2018.01.19 12:02:29.444,0.89115,0.89126,1.50,1.12
2018.01.19 12:02:30.206,0.89116,0.89126,1.12,3.37
2018.01.19 12:02:31.015,0.89117,0.89126,1.00,2.62
2018.01.19 12:02:32.397,0.89117,0.89126,1.00,1.50
2018.01.19 12:02:33.415,0.89117,0.89126,1.87,1.00
2018.01.19 12:02:33.933,0.89118,0.89127,1.87,1.87
2018.01.19 12:02:34.966,0.89118,0.89127,2.62,1.87
2018.01.19 12:02:39.364,0.89119,0.89127,1.50,1.00
2018.01.19 12:02:39.467,0.8912,0.8913,1.50,1.50
2018.01.19 12:02:39.976,0.89121,0.89131,1.87,1.50
2018.01.19 12:02:40.649,0.89123,0.89131,1.00,1.50
2018.01.19 12:02:42.992,0.89122,0.89131,1.00,2.87
2018.01.19 12:02:43.044,0.8912,0.89131,1.50,3.62
2018.01.19 12:02:43.788,0.89119,0.89129,1.00,1.50
2018.01.19 12:02:47.631,0.89118,0.89129,1.87,3.00
2018.01.19 12:02:48.236,0.89118,0.89129,2.62,2.50
2018.01.19 12:02:48.882,0.89119,0.89129,1.50,2.87
2018.01.19 12:02:49.430,0.89119,0.89129,1.50,2.50
2018.01.19 12:02:50.188,0.89122,0.89131,1.00,2.62
2018.01.19 12:02:50.745,0.89122,0.89132,1.50,1.00
2018.01.19 12:02:51.928,0.89123,0.89132,1.00,1.00
2018.01.19 12:02:52.483,0.89123,0.89132,1.00,1.87
2018.01.19 12:02:52.942,0.89119,0.89131,5.62,1.87
2018.01.19 12:02:53.992,0.89119,0.89131,4.50,3.37
2018.01.19 12:02:54.162,0.89119,0.8913,1.50,2.25
2018.01.19 12:02:55.191,0.89117,0.89129,4.87,4.12
2018.01.19 12:02:56.820,0.89117,0.89129,3.37,4.12
2018.01.19 12:03:06.930,0.89117,0.89129,2.25,4.50
2018.01.19 12:03:10.164,0.89122,0.89129,1.00,1.12
2018.01.19 12:03:10.268,0.89122,0.89131,1.00,1.00
2018.01.19 12:03:10.781,0.89122,0.89131,1.50,1.37
2018.01.19 12:03:22.371,0.89122,0.89132,1.87,2.62
2018.01.19 12:03:23.017,0.89122,0.89132,1.87,1.50
2018.01.19 12:03:24.453,0.89122,0.89132,1.87,1.87
2018.01.19 12:03:24.601,0.89123,0.89133,2.62,1.50
2018.01.19 12:03:25.129,0.89122,0.89133,3.00,3.37
2018.01.19 12:03:26.640,0.89122,0.89133,2.62,3.00
2018.01.19 12:03:27.977,0.89122,0.89133,1.87,3.37
2018.01.19 12:03:28.615,0.89122,0.89133,1.50,4.74
2018.01.19 12:03:29.301,0.89121,0.89133,1.50,4.49
2018.01.19 12:03:32.606,0.89121,0.89133,1.50,4.87
2018.01.19 12:03:33.408,0.89121,0.89133,2.25,4.12
2018.01.19 12:03:34.126,0.89121,0.89133,1.50,4.87
2018.01.19 12:03:37.930,0.89121,0.89133,1.87,4.49
2018.01.19 12:03:38.447,0.8912,0.89132,1.37,4.12
2018.01.19 12:03:38.655,0.89119,0.89131,2.25,1.12
2018.01.19 12:03:39.978,0.89119,0.89131,3.37,3.00
2018.01.19 12:03:40.309,0.89123,0.89134,3.00,1.12
2018.01.19 12:03:40.907,0.89125,0.89134,1.12,1.12
2018.01.19 12:03:42.520,0.89125,0.89135,1.12,2.62
2018.01.19 12:03:42.993,0.89126,0.89135,1.37,1.50
2018.01.19 12:03:43.548,0.89126,0.89136,1.50,1.00
2018.01.19 12:03:44.084,0.89126,0.89137,1.50,1.50
2018.01.19 12:03:44.611,0.89127,0.89137,1.00,3.37
2018.01.19 12:03:45.135,0.89126,0.89137,1.37,2.25
2018.01.19 12:03:51.590,0.89127,0.89137,1.50,2.24
2018.01.19 12:03:52.096,0.89128,0.89137,1.50,1.50
2018.01.19 12:03:56.621,0.89128,0.89138,1.12,1.87
2018.01.19 12:03:58.742,0.8913,0.89139,1.50,1.00
2018.01.19 12:03:59.051,0.89128,0.89139,1.50,2.50
2018.01.19 12:03:59.569,0.89129,0.89139,1.12,2.24
2018.01.19 12:04:00.105,0.8913,0.89139,1.00,3.00
2018.01.19 12:04:01.128,0.89129,0.89138,1.00,1.87
2018.01.19 12:04:04.910,0.8913,0.89138,1.00,1.00
2018.01.19 12:04:05.168,0.8913,0.8914,1.12,1.50
2018.01.19 12:04:05.531,0.8913,0.8914,2.25,1.00
2018.01.19 12:04:05.890,0.8913,0.8914,1.87,1.00
2018.01.19 12:04:06.912,0.8913,0.8914,2.25,1.00
2018.01.19 12:04:07.422,0.89131,0.8914,1.87,1.00
2018.01.19 12:04:07.527,0.8913,0.8914,1.12,1.00
2018.01.19 12:04:07.733,0.89129,0.89139,1.00,1.12
2018.01.19 12:04:08.265,0.89128,0.89139,1.00,3.74
2018.01.19 12:04:08.823,0.89128,0.89139,1.00,3.37
2018.01.19 12:04:10.872,0.89128,0.89139,4.87,2.25
2018.01.19 12:04:11.076,0.89129,0.89139,1.50,1.50
2018.01.19 12:04:12.937,0.89129,0.89139,1.00,3.37
2018.01.19 12:04:13.873,0.89128,0.89139,3.00,2.62
2018.01.19 12:04:21.716,0.89127,0.89138,1.50,2.25
2018.01.19 12:04:22.279,0.89127,0.89138,2.62,3.25
2018.01.19 12:04:23.190,0.89127,0.89138,1.12,4.12
2018.01.19 12:04:23.463,0.89129,0.89138,1.50,1.00
2018.01.19 12:04:24.014,0.8913,0.89138,1.50,1.12
2018.01.19 12:04:25.690,0.8913,0.89139,1.87,1.50
2018.01.19 12:04:26.382,0.89132,0.8914,2.25,1.50
2018.01.19 12:04:26.694,0.89131,0.8914,1.00,1.00
2018.01.19 12:04:27.274,0.89131,0.8914,1.00,1.50
2018.01.19 12:04:27.383,0.89129,0.8914,3.00,2.62
2018.01.19 12:04:27.435,0.89129,0.8914,1.87,4.49
2018.01.19 12:04:28.134,0.8913,0.8914,1.50,3.37
2018.01.19 12:04:28.671,0.8913,0.89141,2.62,3.00
2018.01.19 12:04:29.477,0.8913,0.8914,1.00,4.87
2018.01.19 12:04:30.241,0.8913,0.8914,1.50,3.00
2018.01.19 12:04:32.227,0.89128,0.8914,2.62,5.99
2018.01.19 12:04:32.777,0.89128,0.89139,1.50,2.25
2018.01.19 12:04:33.319,0.89128,0.89139,1.50,4.87
2018.01.19 12:04:34.274,0.89128,0.89139,2.62,4.87
2018.01.19 12:04:34.615,0.8913,0.8914,1.00,3.37
2018.01.19 12:04:34.916,0.89132,0.89141,1.00,1.87
2018.01.19 12:04:36.337,0.89132,0.89141,1.50,1.12
2018.01.19 12:04:38.367,0.89132,0.89142,4.12,1.00
2018.01.19 12:04:39.229,0.89133,0.89142,1.00,1.00
2018.01.19 12:04:39.746,0.89132,0.89143,4.12,1.87
2018.01.19 12:04:42.322,0.89133,0.89143,1.00,1.50
2018.01.19 12:04:42.650,0.89132,0.89143,1.00,3.00
2018.01.19 12:04:43.829,0.89132,0.89142,1.00,1.12
2018.01.19 12:04:45.945,0.89132,0.89142,1.00,2.62
2018.01.19 12:04:47.351,0.89132,0.89142,1.50,3.37
2018.01.19 12:04:48.730,0.89132,0.89142,1.50,3.37
2018.01.19 12:04:50.962,0.89132,0.89141,1.00,1.12
2018.01.19 12:04:51.178,0.8913,0.89141,2.62,2.87
2018.01.19 12:04:54.757,0.89131,0.89141,1.12,1.50
2018.01.19 12:04:55.319,0.89131,0.8914,1.00,1.12
2018.01.19 12:04:55.628,0.8913,0.89141,3.75,2.25
2018.01.19 12:04:55.703,0.8913,0.89141,3.75,2.25
2018.01.19 12:04:56.093,0.89132,0.89141,1.12,2.24
2018.01.19 12:04:57.706,0.89133,0.89143,1.12,3.00
2018.01.19 12:04:58.406,0.89133,0.89143,2.25,1.00
2018.01.19 12:05:00.478,0.89133,0.89143,1.87,2.12
2018.01.19 12:05:00.667,0.89131,0.89142,2.62,1.12
2018.01.19 12:05:01.010,0.89133,0.89143,1.00,4.12
2018.01.19 12:05:01.231,0.89132,0.89143,3.00,2.25
2018.01.19 12:05:01.806,0.89133,0.89143,1.12,1.37
2018.01.19 12:05:02.922,0.89133,0.89144,1.87,2.62
2018.01.19 12:05:04.001,0.89133,0.89144,1.87,2.25
2018.01.19 12:05:04.537,0.89131,0.89142,4.12,1.50
2018.01.19 12:05:05.591,0.89131,0.89142,2.62,2.25
2018.01.19 12:05:06.667,0.89133,0.89142,1.00,2.25
2018.01.19 12:05:06.989,0.89134,0.89144,1.00,4.12
2018.01.19 12:05:09.345,0.89134,0.89143,1.00,2.62
2018.01.19 12:05:09.520,0.89132,0.89142,1.00,2.62
2018.01.19 12:05:09.724,0.89134,0.89142,1.12,1.00
2018.01.19 12:05:09.826,0.89134,0.89145,1.12,3.75
2018.01.19 12:05:10.081,0.89133,0.89145,2.25,5.25
2018.01.19 12:05:10.296,0.8913,0.89142,1.00,2.62
2018.01.19 12:05:10.347,0.8913,0.89141,1.00,4.50
2018.01.19 12:05:10.502,0.89127,0.89138,1.87,1.50
2018.01.19 12:05:11.748,0.89127,0.89138,1.50,3.74
2018.01.19 12:05:12.056,0.89129,0.89139,1.50,1.50
2018.01.19 12:05:12.614,0.8913,0.89139,1.00,1.50
2018.01.19 12:05:15.847,0.89129,0.89139,1.00,2.25
2018.01.19 12:05:16.352,0.89128,0.89139,3.37,2.25
2018.01.19 12:05:18.402,0.89129,0.89139,1.00,2.50
2018.01.19 12:05:18.507,0.89127,0.89138,1.12,1.12
2018.01.19 12:05:19.057,0.89127,0.89138,1.00,4.12
2018.01.19 12:05:19.161,0.89125,0.89137,3.75,1.87
2018.01.19 12:05:20.932,0.89125,0.89137,3.37,4.87
2018.01.19 12:05:21.436,0.89125,0.89137,3.75,4.87
2018.01.19 12:05:23.481,0.89125,0.89136,3.00,1.12
2018.01.19 12:05:26.962,0.89127,0.89137,1.00,2.62
2018.01.19 12:05:28.099,0.89126,0.89137,1.12,3.62
2018.01.19 12:05:28.675,0.89126,0.89137,1.50,3.37
2018.01.19 12:05:29.018,0.89126,0.89136,3.00,1.50
2018.01.19 12:05:29.661,0.89126,0.89136,1.50,1.87
2018.01.19 12:05:30.293,0.89126,0.89136,1.00,3.37
2018.01.19 12:05:31.015,0.89127,0.89136,1.00,2.50
2018.01.19 12:05:31.118,0.89125,0.89135,1.00,1.50
2018.01.19 12:05:31.170,0.89124,0.89135,1.00,5.24
2018.01.19 12:05:31.495,0.89122,0.89132,1.00,1.50
2018.01.19 12:05:32.077,0.89122,0.89132,1.00,2.62
2018.01.19 12:05:32.635,0.89121,0.89132,1.00,5.24
2018.01.19 12:05:33.182,0.8912,0.89132,2.25,5.25
2018.01.19 12:05:34.086,0.8912,0.89132,2.25,5.62
2018.01.19 12:05:34.926,0.8912,0.89132,2.25,5.25
2018.01.19 12:05:37.271,0.89121,0.89132,1.50,3.00
2018.01.19 12:05:38.487,0.89123,0.89132,1.00,2.25
2018.01.19 12:05:39.045,0.89123,0.89132,1.37,1.00
2018.01.19 12:05:41.672,0.89123,0.89132,2.25,1.00
2018.01.19 12:05:42.188,0.89124,0.89132,1.00,1.00
2018.01.19 12:05:52.114,0.89122,0.89132,2.25,2.62
2018.01.19 12:05:52.216,0.89119,0.89131,2.62,3.22
2018.01.19 12:05:52.318,0.89118,0.89128,1.00,1.50
2018.01.19 12:05:52.471,0.89116,0.89127,3.00,2.25
2018.01.19 12:05:53.744,0.89118,0.89127,1.12,2.12
2018.01.19 12:05:55.367,0.89118,0.89127,1.12,1.87
2018.01.19 12:05:56.148,0.89118,0.89127,1.50,1.00
2018.01.19 12:05:56.734,0.89118,0.89128,1.50,1.50
2018.01.19 12:05:59.016,0.89118,0.89128,1.00,2.62
2018.01.19 12:05:59.655,0.89119,0.89128,1.12,1.87
2018.01.19 12:06:00.263,0.89118,0.89128,1.50,2.87
2018.01.19 12:06:00.782,0.89116,0.89126,1.50,1.12
2018.01.19 12:06:01.009,0.89114,0.89126,1.50,3.75
2018.01.19 12:06:01.062,0.89114,0.89123,1.00,3.00
2018.01.19 12:06:01.895,0.89113,0.89123,1.00,6.37
2018.01.19 12:06:01.946,0.89111,0.89122,1.12,3.75
2018.01.19 12:06:02.560,0.89111,0.89122,1.12,7.12
2018.01.19 12:06:02.611,0.89111,0.89121,1.12,3.75
2018.01.19 12:06:03.434,0.89111,0.89121,1.00,3.75
2018.01.19 12:06:03.935,0.89111,0.89121,1.87,1.12
2018.01.19 12:06:04.439,0.89112,0.89122,2.25,1.00
2018.01.19 12:06:11.673,0.89112,0.89122,1.87,2.12
2018.01.19 12:06:11.828,0.89108,0.8912,3.75,1.50
2018.01.19 12:06:11.932,0.89107,0.89117,2.25,1.12
2018.01.19 12:06:12.461,0.89106,0.89117,2.25,2.87
2018.01.19 12:06:13.008,0.89106,0.89117,2.62,1.87
2018.01.19 12:06:13.204,0.89108,0.89118,2.25,1.37
2018.01.19 12:06:13.883,0.8911,0.89118,1.12,1.12
2018.01.19 12:06:14.532,0.89111,0.89118,1.00,1.12
2018.01.19 12:06:15.050,0.89112,0.8912,1.00,1.37
2018.01.19 12:06:15.413,0.89113,0.89121,1.00,1.87
2018.01.19 12:06:16.250,0.89112,0.89121,1.12,3.00
2018.01.19 12:06:17.479,0.89112,0.89121,1.12,1.12
2018.01.19 12:06:17.981,0.89112,0.89121,2.25,1.50
2018.01.19 12:06:18.759,0.89112,0.89121,1.50,2.25
2018.01.19 12:06:19.273,0.89112,0.89121,1.00,3.25
2018.01.19 12:06:20.672,0.89111,0.89121,1.00,4.87
2018.01.19 12:06:21.370,0.8911,0.89121,1.12,6.37
2018.01.19 12:06:23.632,0.89109,0.89121,1.50,7.50
2018.01.19 12:06:24.195,0.89108,0.89119,1.87,1.50
2018.01.19 12:06:24.268,0.89106,0.89117,2.62,1.87
2018.01.19 12:06:24.579,0.89106,0.89115,1.12,1.87
2018.01.19 12:06:25.125,0.89104,0.89115,1.50,3.74
2018.01.19 12:06:25.947,0.89104,0.89115,1.00,4.12
2018.01.19 12:06:27.399,0.89104,0.89114,1.75,1.87
2018.01.19 12:06:27.451,0.89104,0.89114,1.00,2.24
2018.01.19 12:06:28.222,0.89103,0.89113,1.12,1.87
2018.01.19 12:06:28.274,0.89101,0.89112,1.12,3.00
2018.01.19 12:06:28.981,0.89101,0.89112,1.87,4.87
2018.01.19 12:06:29.497,0.89103,0.89112,1.00,3.75
2018.01.19 12:06:30.301,0.89104,0.89112,1.00,1.00
2018.01.19 12:06:32.095,0.89104,0.89113,1.87,2.25
2018.01.19 12:06:32.614,0.89103,0.89113,1.50,1.87
2018.01.19 12:06:33.128,0.89103,0.89113,1.12,1.50
2018.01.19 12:06:33.533,0.89102,0.89113,2.25,5.87
2018.01.19 12:06:34.119,0.89102,0.89112,1.50,1.12
2018.01.19 12:06:34.442,0.89104,0.89113,1.12,1.00
2018.01.19 12:06:35.047,0.89109,0.89114,1.00,1.50
2018.01.19 12:06:35.100,0.89109,0.89119,3.00,1.00
2018.01.19 12:06:37.668,0.89109,0.89119,2.25,1.50
2018.01.19 12:06:38.216,0.8911,0.89119,1.00,1.00
2018.01.19 12:06:38.372,0.89108,0.89118,1.37,1.50
2018.01.19 12:06:38.629,0.89107,0.89118,1.87,4.49
2018.01.19 12:06:39.660,0.89108,0.89118,1.00,3.74
2018.01.19 12:06:40.936,0.89107,0.89117,1.00,1.12
2018.01.19 12:06:43.691,0.89107,0.89116,1.50,2.25
2018.01.19 12:06:46.097,0.89106,0.89116,1.50,1.12
2018.01.19 12:06:46.300,0.89108,0.89118,1.87,2.62
2018.01.19 12:06:47.025,0.89109,0.89118,1.00,1.50
2018.01.19 12:06:48.654,0.89112,0.89118,1.00,1.00
2018.01.19 12:06:48.705,0.89112,0.8912,1.00,1.00
2018.01.19 12:06:49.530,0.8911,0.89121,1.87,2.62
2018.01.19 12:06:49.582,0.8911,0.89121,2.62,4.12
2018.01.19 12:06:49.633,0.8911,0.89121,2.62,4.37
2018.01.19 12:06:51.919,0.89111,0.89121,1.50,2.62
2018.01.19 12:06:52.021,0.89111,0.89121,3.75,1.12
2018.01.19 12:06:56.991,0.89112,0.89121,1.00,1.00
2018.01.19 12:06:59.569,0.89112,0.89121,1.50,1.12
2018.01.19 12:07:00.176,0.89112,0.89121,1.00,1.00
2018.01.19 12:07:08.945,0.89111,0.89121,1.50,3.74
2018.01.19 12:07:09.049,0.8911,0.8912,1.12,1.50
2018.01.19 12:07:09.768,0.89109,0.8912,1.87,4.87
2018.01.19 12:07:09.871,0.89107,0.89118,1.87,2.25
2018.01.19 12:07:11.442,0.89107,0.89118,1.87,3.62
2018.01.19 12:07:18.335,0.89107,0.89118,2.25,3.75
2018.01.19 12:07:23.234,0.89108,0.89117,1.00,1.12
2018.01.19 12:07:27.059,0.89108,0.89117,1.87,1.00
2018.01.19 12:07:27.928,0.89108,0.89118,1.12,2.62
2018.01.19 12:07:28.467,0.89109,0.89118,1.00,2.25
2018.01.19 12:07:29.274,0.89111,0.89118,1.00,1.00
2018.01.19 12:07:29.325,0.89111,0.8912,1.87,1.50
2018.01.19 12:07:31.432,0.89112,0.8912,1.00,1.00
2018.01.19 12:07:31.983,0.89112,0.89121,1.37,1.00
2018.01.19 12:07:32.208,0.89111,0.89121,2.25,1.00
2018.01.19 12:07:32.746,0.89111,0.89121,1.00,5.24
2018.01.19 12:07:33.317,0.8911,0.89121,1.12,4.12
2018.01.19 12:07:34.040,0.89111,0.8912,1.00,1.87
2018.01.19 12:07:34.233,0.89109,0.8912,1.12,7.12
2018.01.19 12:07:34.336,0.89107,0.89118,4.50,1.87
2018.01.19 12:07:36.127,0.89108,0.89118,2.25,3.25
2018.01.19 12:07:36.435,0.89111,0.89118,1.00,1.50
2018.01.19 12:07:36.982,0.89111,0.89119,1.00,1.50
2018.01.19 12:07:38.860,0.89111,0.8912,1.50,1.50
2018.01.19 12:07:39.416,0.89111,0.8912,1.12,2.12
2018.01.19 12:07:39.770,0.89109,0.89119,2.62,1.50
2018.01.19 12:07:39.873,0.89107,0.89117,1.87,2.25
2018.01.19 12:07:40.218,0.89105,0.89115,1.37,1.87
2018.01.19 12:07:42.442,0.89104,0.89114,1.00,1.12
2018.01.19 12:07:42.544,0.89101,0.89114,1.50,7.12
2018.01.19 12:07:42.596,0.891,0.89111,1.75,3.75
2018.01.19 12:07:44.886,0.89101,0.89111,1.00,6.75
2018.01.19 12:07:45.652,0.89101,0.89111,1.12,2.62
2018.01.19 12:07:46.281,0.89102,0.89112,2.62,1.00
2018.01.19 12:07:46.736,0.89102,0.89112,2.25,1.87
2018.01.19 12:07:47.299,0.89098,0.89109,3.37,1.50
2018.01.19 12:07:47.351,0.89097,0.89108,2.62,3.00
2018.01.19 12:07:47.453,0.89094,0.89106,4.12,1.87
2018.01.19 12:07:47.505,0.89094,0.89104,1.12,1.12
2018.01.19 12:07:47.762,0.89093,0.89103,1.50,6.00
2018.01.19 12:07:47.866,0.89092,0.89103,1.50,4.12
2018.01.19 12:07:47.918,0.89094,0.89103,1.00,2.25
2018.01.19 12:07:48.438,0.89095,0.89103,2.25,1.12
2018.01.19 12:07:49.251,0.89096,0.89103,1.00,1.12
2018.01.19 12:07:50.035,0.89096,0.89105,1.00,1.12
2018.01.19 12:07:57.413,0.89095,0.89106,4.50,3.00
2018.01.19 12:07:59.364,0.89098,0.89106,1.00,1.50
2018.01.19 12:07:59.877,0.89097,0.89106,1.12,1.50
2018.01.19 12:08:00.567,0.89096,0.89106,1.12,2.12
2018.01.19 12:08:02.516,0.89097,0.89106,1.12,1.00
2018.01.19 12:08:02.887,0.89096,0.89105,1.00,2.25
2018.01.19 12:08:03.788,0.89095,0.89105,1.12,2.62
2018.01.19 12:08:04.305,0.89095,0.89105,1.87,1.00
2018.01.19 12:08:04.907,0.89095,0.89105,2.25,1.00
2018.01.19 12:08:05.802,0.89097,0.89105,1.00,1.00
2018.01.19 12:08:06.089,0.89095,0.89105,1.00,2.99
2018.01.19 12:08:06.939,0.89096,0.89105,1.00,2.62
2018.01.19 12:08:07.154,0.89098,0.89105,1.00,1.00
2018.01.19 12:08:07.205,0.89099,0.89108,1.00,1.12
2018.01.19 12:08:07.308,0.89101,0.89109,1.12,1.00
2018.01.19 12:08:07.846,0.89101,0.89109,1.12,1.00
2018.01.19 12:08:08.000,0.89101,0.8911,1.12,2.62
2018.01.19 12:08:11.266,0.89101,0.8911,1.00,2.62
2018.01.19 12:08:13.688,0.891,0.8911,1.50,3.00
2018.01.19 12:08:18.490,0.89099,0.8911,2.25,2.62
2018.01.19 12:08:18.563,0.891,0.8911,2.62,3.75
2018.01.19 12:08:38.711,0.89099,0.8911,4.50,3.75
2018.01.19 12:08:38.815,0.89099,0.8911,1.87,4.12
2018.01.19 12:08:39.318,0.89099,0.8911,1.87,3.62
2018.01.19 12:08:40.011,0.891,0.8911,1.00,3.37
2018.01.19 12:08:41.324,0.89099,0.8911,2.25,3.37
2018.01.19 12:08:41.376,0.891,0.8911,1.00,3.62
2018.01.19 12:08:44.882,0.891,0.8911,1.00,3.00
2018.01.19 12:08:51.297,0.891,0.8911,1.00,3.25
2018.01.19 12:08:52.936,0.891,0.8911,1.00,3.00
2018.01.19 12:09:04.896,0.89099,0.8911,2.62,3.75
2018.01.19 12:09:05.518,0.891,0.8911,1.12,4.12
2018.01.19 12:09:06.135,0.891,0.8911,1.00,3.62
2018.01.19 12:09:06.303,0.891,0.89109,2.62,1.50
2018.01.19 12:09:06.355,0.89098,0.89109,1.75,5.62
2018.01.19 12:09:06.407,0.89098,0.89109,1.12,7.49
2018.01.19 12:09:06.664,0.89098,0.89109,1.87,4.12
2018.01.19 12:09:07.171,0.89099,0.89109,2.62,1.00
2018.01.19 12:09:08.761,0.89099,0.89109,1.37,1.12
2018.01.19 12:09:11.215,0.89099,0.89109,1.00,1.50
2018.01.19 12:09:11.436,0.89101,0.89109,1.00,2.25
2018.01.19 12:09:12.041,0.89102,0.8911,1.00,1.87
2018.01.19 12:09:12.348,0.89103,0.89112,1.50,1.87
2018.01.19 12:09:14.560,0.89104,0.89112,1.00,1.12
2018.01.19 12:09:15.967,0.89102,0.89112,1.12,2.25
2018.01.19 12:09:16.468,0.89101,0.89112,1.50,3.00
2018.01.19 12:09:16.995,0.89102,0.89112,1.00,3.00
2018.01.19 12:09:17.838,0.89102,0.89112,1.37,2.87
2018.01.19 12:09:18.411,0.89102,0.89112,1.00,2.87
2018.01.19 12:09:20.108,0.89104,0.89112,1.00,1.87
2018.01.19 12:09:20.618,0.89105,0.89114,1.12,1.87
2018.01.19 12:09:20.824,0.89106,0.89115,1.50,1.50
2018.01.19 12:09:21.331,0.89106,0.89115,1.00,1.50
2018.01.19 12:09:22.493,0.89105,0.89115,1.12,2.87
2018.01.19 12:09:23.045,0.89103,0.89115,1.50,4.12
2018.01.19 12:09:23.861,0.89103,0.89114,1.00,1.87
2018.01.19 12:09:24.417,0.89103,0.89112,1.00,1.50
2018.01.19 12:09:24.963,0.89103,0.89112,1.00,1.87
2018.01.19 12:09:29.433,0.89101,0.89112,3.37,1.00
2018.01.19 12:09:29.767,0.891,0.89112,1.50,7.50
2018.01.19 12:09:30.913,0.891,0.89111,1.37,2.62
2018.01.19 12:09:32.168,0.891,0.89111,1.37,4.49
2018.01.19 12:09:33.017,0.891,0.89111,1.87,3.37
2018.01.19 12:09:34.248,0.891,0.89111,1.00,5.62
2018.01.19 12:09:35.601,0.891,0.89111,1.87,4.12
2018.01.19 12:09:38.277,0.891,0.89111,1.50,3.37
2018.01.19 12:09:40.420,0.891,0.89111,2.25,3.37
2018.01.19 12:09:41.215,0.891,0.89111,1.50,3.62
2018.01.19 12:09:48.512,0.891,0.89111,1.50,3.37
2018.01.19 12:09:49.044,0.891,0.89111,1.50,5.24
2018.01.19 12:09:51.199,0.891,0.89111,1.00,5.25
2018.01.19 12:09:53.422,0.891,0.89111,1.12,3.37
2018.01.19 12:09:54.138,0.89101,0.89111,1.12,2.12
2018.01.19 12:09:54.241,0.89102,0.89111,1.00,1.87
2018.01.19 12:09:55.187,0.89101,0.89111,3.37,1.50
2018.01.19 12:09:55.239,0.89102,0.89111,1.50,1.00
2018.01.19 12:09:59.681,0.89103,0.89111,1.37,1.00
2018.01.19 12:10:01.338,0.89103,0.89111,1.50,1.00
2018.01.19 12:10:01.557,0.89104,0.89114,1.37,1.87
2018.01.19 12:10:02.164,0.89104,0.89114,1.12,3.62
2018.01.19 12:10:02.541,0.89102,0.89113,1.50,1.50
2018.01.19 12:10:03.201,0.89104,0.89113,1.00,3.37
2018.01.19 12:10:03.549,0.89102,0.89112,1.12,1.50
2018.01.19 12:10:04.091,0.89102,0.89112,1.12,3.37
2018.01.19 12:10:04.277,0.89102,0.89112,1.50,1.00
2018.01.19 12:10:04.639,0.89103,0.89113,1.50,1.12
2018.01.19 12:10:05.307,0.89104,0.89115,1.12,2.62
2018.01.19 12:10:05.817,0.89104,0.89115,1.50,3.00
2018.01.19 12:10:08.654,0.89104,0.89115,2.62,1.87
2018.01.19 12:10:09.642,0.89104,0.89115,2.25,1.50
2018.01.19 12:10:10.258,0.89104,0.89115,2.25,1.12
2018.01.19 12:10:12.788,0.89104,0.89115,2.25,1.87
2018.01.19 12:10:13.660,0.89105,0.89115,1.37,1.87
2018.01.19 12:10:13.763,0.89104,0.89115,2.25,2.62
2018.01.19 12:10:14.906,0.89104,0.89114,1.12,1.12
2018.01.19 12:10:15.212,0.89101,0.89112,2.62,1.12
2018.01.19 12:10:15.726,0.89102,0.89112,1.00,2.62
2018.01.19 12:10:19.255,0.89103,0.89112,1.00,1.12
2018.01.19 12:10:19.461,0.89105,0.89114,1.12,1.00
2018.01.19 12:10:19.769,0.89109,0.89117,1.50,1.50
2018.01.19 12:10:21.069,0.8911,0.89117,1.00,1.00
2018.01.19 12:10:21.595,0.89109,0.89118,1.00,1.50
2018.01.19 12:10:22.751,0.8911,0.89118,1.00,1.00
2018.01.19 12:10:23.847,0.89109,0.89118,1.50,1.87
2018.01.19 12:10:24.379,0.89109,0.89118,1.00,1.87
2018.01.19 12:10:27.101,0.89109,0.89117,1.00,1.12
2018.01.19 12:10:27.863,0.89108,0.89117,1.12,2.12
2018.01.19 12:10:29.172,0.89107,0.89117,3.00,1.12
2018.01.19 12:10:29.455,0.89105,0.89116,2.25,1.12
2018.01.19 12:10:29.762,0.89107,0.89116,1.50,2.12
2018.01.19 12:10:30.327,0.89106,0.89116,1.87,1.00
2018.01.19 12:10:30.716,0.89105,0.89115,1.37,2.25
2018.01.19 12:10:30.869,0.89103,0.89113,1.00,1.12
2018.01.19 12:10:31.418,0.89102,0.89112,1.00,1.50
2018.01.19 12:10:31.928,0.89103,0.89112,1.00,1.00
2018.01.19 12:10:32.429,0.89104,0.89112,1.00,1.12
2018.01.19 12:10:33.604,0.89104,0.89113,1.00,1.00
2018.01.19 12:10:35.430,0.89105,0.89114,1.00,1.50
2018.01.19 12:10:36.035,0.89104,0.89114,1.12,1.50
2018.01.19 12:10:46.295,0.89103,0.89114,2.25,3.37
2018.01.19 12:10:46.604,0.89103,0.89111,1.00,1.50
2018.01.19 12:10:46.892,0.891,0.89111,1.00,3.37
2018.01.19 12:10:47.790,0.89101,0.89111,1.00,3.37
2018.01.19 12:10:48.300,0.89101,0.89111,1.37,3.25
2018.01.19 12:10:51.036,0.89101,0.89111,1.00,3.74
2018.01.19 12:10:52.580,0.891,0.8911,1.50,1.87
2018.01.19 12:10:53.200,0.89102,0.89111,1.00,4.12
2018.01.19 12:10:53.252,0.89104,0.89111,1.00,2.25
2018.01.19 12:10:53.409,0.8911,0.89119,1.50,1.50
2018.01.19 12:10:53.927,0.8911,0.89119,1.00,1.50
2018.01.19 12:10:54.030,0.89112,0.89119,1.00,1.00
2018.01.19 12:10:54.134,0.89113,0.89122,1.00,3.75
2018.01.19 12:10:54.919,0.89114,0.89122,1.00,1.00
2018.01.19 12:10:55.557,0.89113,0.89122,1.12,1.00
2018.01.19 12:10:56.001,0.89113,0.89122,2.25,1.00
2018.01.19 12:10:58.772,0.89116,0.89122,1.00,1.00
2018.01.19 12:11:01.170,0.89116,0.89124,1.12,1.00
2018.01.19 12:11:01.222,0.89118,0.89125,1.00,1.50
2018.01.19 12:11:03.430,0.89116,0.89125,1.12,1.00
2018.01.19 12:11:03.996,0.89117,0.89125,1.00,1.87
2018.01.19 12:11:05.183,0.89116,0.89125,1.00,1.87
2018.01.19 12:11:05.235,0.89115,0.89125,1.12,4.12
2018.01.19 12:11:07.498,0.89113,0.89124,1.12,4.50
2018.01.19 12:11:07.968,0.89111,0.89123,1.50,5.62
2018.01.19 12:11:08.286,0.89111,0.8912,1.00,2.25
2018.01.19 12:11:09.404,0.89114,0.8912,1.00,3.00
2018.01.19 12:11:09.509,0.89112,0.89121,1.50,1.50
2018.01.19 12:11:09.613,0.89112,0.89122,1.50,1.87
2018.01.19 12:11:09.716,0.89111,0.89121,1.75,1.50
2018.01.19 12:11:09.768,0.89111,0.89121,1.12,3.62
2018.01.19 12:11:10.276,0.89111,0.89121,1.00,7.12
2018.01.19 12:11:12.106,0.89111,0.89121,1.37,6.00
2018.01.19 12:11:12.310,0.8911,0.89121,1.50,4.12
2018.01.19 12:11:12.816,0.8911,0.89121,1.50,4.50
2018.01.19 12:11:13.438,0.8911,0.89121,1.50,4.12
2018.01.19 12:11:21.516,0.89111,0.89121,1.12,1.50
2018.01.19 12:11:21.568,0.89114,0.89122,1.00,2.25
2018.01.19 12:11:21.723,0.89115,0.89124,1.00,1.00
2018.01.19 12:11:23.490,0.89114,0.89124,2.62,1.50
2018.01.19 12:11:24.212,0.89115,0.89124,1.12,1.12
2018.01.19 12:11:25.017,0.89116,0.89126,1.00,6.75
2018.01.19 12:11:27.101,0.89114,0.89125,1.50,2.62
2018.01.19 12:11:27.449,0.89116,0.89125,1.00,1.00
2018.01.19 12:11:27.551,0.89117,0.89125,1.12,1.87
2018.01.19 12:11:27.655,0.89119,0.89127,1.00,6.00
2018.01.19 12:11:31.276,0.89121,0.89127,1.00,3.37
2018.01.19 12:11:31.328,0.89121,0.89128,1.00,1.37
2018.01.19 12:11:31.431,0.89121,0.8913,1.00,2.25
2018.01.19 12:11:32.093,0.89121,0.8913,1.00,4.12
2018.01.19 12:11:32.619,0.89121,0.8913,1.00,2.25
2018.01.19 12:11:35.699,0.8912,0.8913,1.00,2.62
2018.01.19 12:11:41.604,0.89122,0.8913,1.00,2.25
2018.01.19 12:11:41.966,0.8912,0.8913,1.00,6.37
2018.01.19 12:11:42.070,0.89118,0.89129,1.50,2.62
2018.01.19 12:11:46.497,0.8912,0.89129,1.00,3.37
2018.01.19 12:11:46.701,0.8912,0.8913,1.50,3.00
2018.01.19 12:11:47.040,0.8912,0.8913,1.50,3.25
2018.01.19 12:11:47.399,0.89119,0.89129,1.50,5.25
2018.01.19 12:11:50.368,0.89117,0.89127,1.87,3.00
2018.01.19 12:11:50.594,0.89115,0.89125,1.00,8.25
2018.01.19 12:11:50.748,0.89113,0.89123,1.00,2.25
2018.01.19 12:11:51.568,0.89112,0.89123,2.62,3.74
2018.01.19 12:11:52.168,0.89114,0.89123,1.12,1.12
2018.01.19 12:11:52.684,0.89115,0.89123,1.00,1.00
2018.01.19 12:11:52.848,0.89115,0.89125,1.12,1.50
2018.01.19 12:11:53.780,0.89115,0.89125,1.87,1.50
2018.01.19 12:11:54.451,0.89118,0.89126,1.37,1.00
2018.01.19 12:11:54.553,0.8912,0.89129,3.00,1.00
2018.01.19 12:11:55.118,0.89121,0.89131,3.37,2.25
2018.01.19 12:11:56.076,0.89121,0.89131,2.25,1.50
2018.01.19 12:11:56.492,0.89124,0.89132,1.00,3.00
2018.01.19 12:11:56.647,0.89125,0.89136,2.25,3.00
2018.01.19 12:11:57.165,0.89125,0.89136,2.62,1.87
2018.01.19 12:11:57.423,0.89127,0.89136,1.00,4.74
2018.01.19 12:11:57.968,0.89127,0.89136,1.00,4.87
2018.01.19 12:11:58.517,0.89127,0.89136,1.00,4.87
2018.01.19 12:11:59.536,0.89127,0.89136,1.00,1.12
2018.01.19 12:12:00.342,0.89127,0.89136,1.00,1.50
2018.01.19 12:12:00.844,0.89127,0.89136,1.00,1.87
2018.01.19 12:12:01.900,0.89127,0.89136,1.00,2.87
2018.01.19 12:12:04.346,0.89126,0.89136,2.25,1.87
2018.01.19 12:12:06.297,0.89127,0.89136,1.00,2.62
2018.01.19 12:12:07.413,0.89128,0.89138,1.00,6.00
2018.01.19 12:12:08.336,0.89128,0.89138,1.37,2.62
2018.01.19 12:12:08.877,0.89128,0.89138,1.00,3.37
2018.01.19 12:12:10.530,0.89127,0.89138,1.12,3.37
2018.01.19 12:12:11.960,0.89126,0.89138,2.62,5.62
2018.01.19 12:12:13.370,0.89126,0.89137,3.37,1.50
2018.01.19 12:12:20.442,0.89128,0.89137,1.00,2.12
2018.01.19 12:12:21.333,0.89127,0.89137,1.37,1.50
2018.01.19 12:12:22.363,0.89127,0.89137,1.00,1.87
2018.01.19 12:12:23.670,0.89127,0.89137,1.37,2.25
2018.01.19 12:12:25.112,0.89127,0.89137,1.12,1.87
2018.01.19 12:12:26.774,0.89128,0.89137,1.00,2.25
2018.01.19 12:12:30.282,0.89127,0.89137,1.12,2.25
2018.01.19 12:12:31.266,0.89127,0.89137,1.12,3.37
2018.01.19 12:12:34.436,0.89126,0.89137,3.00,3.37
2018.01.19 12:12:36.978,0.89126,0.89137,2.62,3.00
2018.01.19 12:12:38.072,0.89127,0.89137,1.00,2.25
2018.01.19 12:12:38.281,0.89125,0.89136,1.87,2.62
2018.01.19 12:12:39.266,0.89124,0.89134,1.00,2.62
2018.01.19 12:12:40.003,0.89125,0.89134,1.00,1.00
2018.01.19 12:12:41.013,0.89125,0.89135,1.50,4.12
2018.01.19 12:12:41.695,0.89125,0.89134,1.00,3.37
2018.01.19 12:12:42.234,0.89124,0.89134,1.00,5.12
2018.01.19 12:12:44.149,0.89124,0.89134,1.00,4.37
2018.01.19 12:12:44.665,0.89125,0.89134,1.00,1.87
2018.01.19 12:12:44.820,0.89123,0.89134,2.25,2.87
2018.01.19 12:12:48.559,0.89123,0.89134,1.50,3.37
2018.01.19 12:12:49.065,0.89122,0.89134,3.00,6.74
2018.01.19 12:12:50.081,0.89122,0.89134,2.25,6.75
2018.01.19 12:12:59.029,0.89124,0.89134,1.00,6.00
2018.01.19 12:12:59.137,0.89122,0.89134,3.00,5.25
2018.01.19 12:12:59.815,0.89123,0.89134,1.00,5.62
2018.01.19 12:13:01.279,0.89128,0.89134,1.00,1.12
2018.01.19 12:13:01.330,0.89128,0.89137,1.12,2.25
2018.01.19 12:13:01.961,0.89128,0.89138,4.50,1.50
2018.01.19 12:13:02.014,0.8913,0.89139,1.12,1.00
2018.01.19 12:13:02.170,0.89131,0.89141,3.00,1.00
2018.01.19 12:13:02.793,0.89131,0.89141,1.50,2.12
2018.01.19 12:13:03.148,0.89129,0.89141,2.25,4.87
2018.01.19 12:13:03.669,0.89131,0.8914,1.00,3.37
2018.01.19 12:13:04.144,0.89131,0.8914,1.00,4.87
2018.01.19 12:13:07.635,0.8913,0.8914,1.12,3.37
2018.01.19 12:13:08.243,0.89132,0.8914,1.00,1.37
2018.01.19 12:13:09.342,0.89132,0.8914,1.00,1.00
2018.01.19 12:13:10.934,0.8913,0.89141,1.50,2.62
2018.01.19 12:13:11.636,0.89129,0.8914,2.62,1.12
2018.01.19 12:13:12.016,0.89128,0.8914,2.62,3.37
2018.01.19 12:13:12.614,0.89129,0.8914,1.00,3.62
2018.01.19 12:13:14.014,0.89131,0.89141,1.00,3.75
2018.01.19 12:13:14.118,0.89132,0.89142,2.25,1.00
2018.01.19 12:13:14.170,0.89132,0.89142,1.12,3.25
2018.01.19 12:13:14.221,0.8913,0.8914,1.50,1.50
2018.01.19 12:13:14.324,0.89128,0.89138,1.12,1.50
2018.01.19 12:13:15.299,0.89128,0.89138,1.00,1.87
2018.01.19 12:13:15.970,0.89128,0.89138,1.12,1.50
2018.01.19 12:13:17.550,0.89128,0.89138,1.00,2.25
2018.01.19 12:13:25.026,0.89128,0.89138,1.00,2.62
2018.01.19 12:13:25.079,0.89126,0.89137,1.87,2.62
2018.01.19 12:13:26.550,0.89126,0.89137,1.50,7.87
2018.01.19 12:13:26.654,0.89123,0.89135,2.25,3.37
2018.01.19 12:13:27.321,0.89123,0.89135,2.25,6.75
2018.01.19 12:13:27.800,0.89125,0.89135,1.00,2.25
2018.01.19 12:13:28.342,0.89126,0.89136,1.87,3.00
2018.01.19 12:13:28.928,0.89126,0.89136,1.50,1.87
2018.01.19 12:13:29.761,0.89126,0.89136,1.50,1.50
2018.01.19 12:13:33.522,0.89124,0.89136,2.25,7.87
2018.01.19 12:13:33.593,0.89125,0.89134,1.00,4.12
2018.01.19 12:13:37.615,0.89125,0.89134,1.00,3.74
2018.01.19 12:13:40.091,0.89125,0.89134,1.00,8.50
2018.01.19 12:13:40.713,0.89124,0.89134,1.00,8.62
2018.01.19 12:13:43.213,0.89123,0.89134,1.00,4.12
2018.01.19 12:13:43.757,0.89124,0.89134,1.00,4.12
2018.01.19 12:13:49.557,0.89124,0.89134,1.00,2.62
2018.01.19 12:13:50.499,0.89124,0.89134,1.12,3.62
2018.01.19 12:13:51.283,0.89125,0.89134,1.00,4.12
2018.01.19 12:13:51.819,0.89123,0.89134,1.37,4.37
2018.01.19 12:13:52.437,0.89124,0.89135,1.87,4.50
2018.01.19 12:13:53.454,0.89127,0.89135,1.00,1.87
2018.01.19 12:13:53.607,0.89128,0.89137,1.00,1.12
2018.01.19 12:13:54.575,0.89127,0.89137,1.50,1.50
2018.01.19 12:13:55.123,0.89131,0.89139,1.00,1.50
2018.01.19 12:13:55.226,0.8913,0.8914,1.87,1.12
2018.01.19 12:13:55.429,0.8913,0.8914,1.12,3.00
2018.01.19 12:13:55.965,0.8913,0.8914,1.00,3.37
2018.01.19 12:13:56.283,0.89128,0.8914,1.00,6.74
2018.01.19 12:13:56.335,0.8913,0.89139,1.00,1.12
2018.01.19 12:13:56.387,0.8913,0.89139,1.00,1.50
2018.01.19 12:13:56.965,0.89131,0.8914,1.00,1.12
2018.01.19 12:13:57.500,0.89131,0.8914,1.00,1.37
2018.01.19 12:13:58.069,0.89131,0.8914,1.12,1.12
2018.01.19 12:14:02.718,0.89131,0.8914,1.00,2.12
2018.01.19 12:14:02.771,0.89128,0.89139,1.50,1.12
2018.01.19 12:14:02.927,0.89127,0.89139,2.62,7.50
2018.01.19 12:14:03.132,0.89127,0.89138,1.12,1.12
2018.01.19 12:14:03.754,0.89127,0.89137,1.00,1.50
2018.01.19 12:14:04.131,0.89127,0.89137,1.00,4.12
2018.01.19 12:14:04.774,0.89127,0.89137,1.00,2.87
2018.01.19 12:14:05.025,0.89126,0.89137,1.12,2.25
2018.01.19 12:14:06.000,0.89126,0.89137,1.50,2.12
2018.01.19 12:14:06.754,0.89126,0.89137,1.50,3.24
2018.01.19 12:14:07.307,0.89126,0.89137,1.50,3.37
2018.01.19 12:14:08.610,0.89126,0.89137,1.50,3.62
2018.01.19 12:14:09.507,0.89127,0.89137,1.00,4.37
2018.01.19 12:14:13.920,0.89127,0.89137,1.00,2.99
2018.01.19 12:14:15.140,0.89128,0.89137,1.12,1.50
2018.01.19 12:14:15.717,0.89127,0.89137,2.25,2.50
2018.01.19 12:14:16.304,0.89127,0.89137,1.50,2.25
2018.01.19 12:14:17.042,0.89127,0.89137,1.50,1.87
2018.01.19 12:14:19.261,0.89127,0.89137,1.12,2.50
2018.01.19 12:14:20.937,0.89127,0.89137,1.12,3.37
2018.01.19 12:14:21.510,0.89127,0.89137,1.12,2.62
2018.01.19 12:14:22.176,0.89127,0.89137,2.25,1.37
2018.01.19 12:14:22.750,0.89127,0.89137,2.25,1.37
2018.01.19 12:14:31.283,0.8913,0.89137,1.00,1.37
2018.01.19 12:14:31.335,0.8913,0.8914,2.25,2.25
2018.01.19 12:14:31.439,0.89132,0.89142,1.87,3.00
2018.01.19 12:14:31.887,0.89134,0.89142,1.00,1.00
2018.01.19 12:14:32.415,0.89132,0.89142,2.25,1.12
2018.01.19 12:14:34.650,0.89133,0.89142,1.50,1.00
2018.01.19 12:14:35.218,0.89133,0.89143,3.00,2.25
2018.01.19 12:14:36.097,0.89134,0.89144,1.87,1.12
2018.01.19 12:14:36.715,0.89134,0.89144,1.87,1.50
2018.01.19 12:14:37.233,0.89134,0.89144,1.87,1.12
2018.01.19 12:14:39.153,0.89134,0.89145,2.25,1.87
2018.01.19 12:14:39.987,0.89135,0.89145,1.50,1.50
2018.01.19 12:14:40.089,0.89136,0.89146,1.37,3.00
2018.01.19 12:14:41.465,0.89136,0.89146,1.00,1.87
2018.01.19 12:14:41.626,0.89135,0.89146,2.25,2.12
2018.01.19 12:14:42.128,0.89135,0.89144,1.00,1.50
2018.01.19 12:14:50.604,0.89133,0.89144,1.00,3.74
2018.01.19 12:14:51.141,0.89132,0.89144,3.00,3.74
2018.01.19 12:14:55.083,0.89132,0.89143,3.37,1.12
2018.01.19 12:15:00.939,0.89134,0.89143,1.37,2.99
2018.01.19 12:15:00.990,0.89132,0.89143,1.50,2.62
2018.01.19 12:15:01.451,0.89131,0.89143,2.62,4.12
2018.01.19 12:15:02.502,0.89131,0.89142,3.00,1.50
2018.01.19 12:15:05.635,0.89131,0.89142,2.62,1.42
2018.01.19 12:15:06.143,0.89131,0.89142,2.25,2.92
2018.01.19 12:15:06.824,0.89131,0.89142,2.62,2.92
2018.01.19 12:15:06.876,0.89131,0.89141,1.87,1.50
2018.01.19 12:15:07.390,0.89131,0.89141,1.00,5.17
2018.01.19 12:15:08.852,0.89131,0.8914,1.00,1.12
2018.01.19 12:15:11.421,0.89131,0.8914,1.87,2.17
2018.01.19 12:15:11.575,0.89131,0.89141,1.87,2.55
2018.01.19 12:15:12.138,0.89132,0.89141,1.00,1.67
2018.01.19 12:15:12.774,0.89132,0.89141,1.00,1.87
2018.01.19 12:15:18.922,0.89132,0.89141,1.50,1.00
2018.01.19 12:15:18.974,0.89132,0.89141,1.12,3.25
2018.01.19 12:15:19.078,0.8913,0.89139,1.00,2.25
2018.01.19 12:15:19.181,0.89128,0.89139,1.12,5.99
2018.01.19 12:15:21.127,0.89128,0.89137,1.00,2.25
2018.01.19 12:15:21.716,0.89128,0.89137,1.00,2.25
2018.01.19 12:15:28.364,0.89128,0.89138,1.12,3.00
2018.01.19 12:15:28.543,0.89128,0.89138,1.50,3.62
2018.01.19 12:15:29.217,0.89128,0.89138,1.50,2.50
2018.01.19 12:15:29.723,0.89128,0.89138,1.50,1.00
2018.01.19 12:15:30.263,0.89128,0.89138,2.25,1.50
2018.01.19 12:15:31.252,0.89128,0.89138,2.25,1.87
2018.01.19 12:15:32.246,0.89128,0.89138,1.87,1.50
2018.01.19 12:15:35.361,0.89128,0.89138,1.12,2.12
2018.01.19 12:15:36.385,0.89128,0.89138,1.87,2.62
2018.01.19 12:15:37.491,0.8913,0.89138,1.00,1.00
2018.01.19 12:15:37.597,0.89131,0.8914,1.12,1.12
2018.01.19 12:15:38.135,0.8913,0.8914,1.50,1.12
2018.01.19 12:15:38.883,0.89132,0.89141,1.00,1.12
2018.01.19 12:15:40.269,0.89131,0.89141,1.12,1.12
2018.01.19 12:15:43.394,0.89131,0.89141,1.50,1.12
2018.01.19 12:15:45.188,0.89131,0.89141,1.50,1.00
2018.01.19 12:15:45.941,0.89131,0.89141,1.00,2.12
2018.01.19 12:15:48.418,0.89131,0.89141,1.00,3.62
2018.01.19 12:15:51.233,0.89129,0.89141,2.25,8.62
2018.01.19 12:15:51.810,0.89129,0.89141,2.25,6.75
2018.01.19 12:15:52.386,0.8913,0.89141,1.12,6.75
2018.01.19 12:15:52.989,0.89131,0.89141,1.00,6.24
2018.01.19 12:15:53.622,0.8913,0.89141,1.12,6.00
2018.01.19 12:15:54.244,0.8913,0.89141,2.25,4.12
2018.01.19 12:15:59.666,0.8913,0.89141,3.00,6.00
2018.01.19 12:16:03.221,0.8913,0.89141,2.25,2.62
2018.01.19 12:16:03.993,0.8913,0.89141,2.25,4.50
2018.01.19 12:16:04.502,0.8913,0.89141,2.25,1.87
2018.01.19 12:16:05.694,0.8913,0.89141,3.00,5.25
2018.01.19 12:16:05.900,0.89132,0.89142,1.50,2.25
2018.01.19 12:16:06.551,0.89133,0.89143,1.50,2.25
2018.01.19 12:16:06.947,0.89132,0.89143,2.62,1.50
2018.01.19 12:16:07.783,0.89132,0.89143,1.87,2.99
2018.01.19 12:16:08.853,0.89132,0.89142,2.62,1.87
2018.01.19 12:16:10.274,0.89132,0.89142,1.50,3.25
2018.01.19 12:16:10.967,0.89132,0.89142,1.12,2.25
2018.01.19 12:16:18.127,0.89131,0.89141,1.12,1.87
2018.01.19 12:16:18.516,0.89129,0.8914,1.00,2.62
2018.01.19 12:16:18.945,0.89127,0.89138,1.12,1.50
2018.01.19 12:16:19.655,0.89127,0.89138,2.25,6.00
2018.01.19 12:16:21.758,0.89128,0.89137,1.00,1.12
2018.01.19 12:16:29.544,0.89129,0.89138,1.87,1.50
2018.01.19 12:16:30.071,0.8913,0.89138,1.00,1.00
2018.01.19 12:16:30.935,0.89131,0.8914,1.00,3.00
2018.01.19 12:16:31.238,0.89131,0.8914,1.00,1.87
2018.01.19 12:16:32.068,0.89131,0.8914,1.12,2.50
2018.01.19 12:16:32.569,0.89131,0.8914,1.00,3.00
2018.01.19 12:16:33.187,0.89131,0.8914,1.00,2.62
2018.01.19 12:16:33.442,0.89131,0.8914,1.12,3.37
2018.01.19 12:16:33.738,0.89131,0.8914,1.12,2.25
2018.01.19 12:16:33.885,0.89131,0.8914,1.12,2.62
2018.01.19 12:16:34.658,0.89129,0.8914,3.37,2.62
2018.01.19 12:16:35.201,0.8913,0.8914,2.25,2.24
2018.01.19 12:16:38.641,0.89129,0.89139,1.50,1.12
2018.01.19 12:16:39.540,0.89129,0.89139,1.12,1.87
2018.01.19 12:16:40.216,0.89128,0.89139,1.50,2.87
2018.01.19 12:16:40.943,0.89127,0.89137,1.00,1.12
2018.01.19 12:16:41.098,0.89125,0.89136,2.25,1.12
2018.01.19 12:16:41.694,0.89125,0.89135,2.62,1.50
2018.01.19 12:16:44.437,0.89125,0.89135,2.62,1.00
2018.01.19 12:16:44.946,0.89127,0.89135,1.50,2.12
2018.01.19 12:16:45.002,0.89129,0.89137,1.00,4.12
2018.01.19 12:16:45.055,0.89128,0.89137,1.12,1.00
2018.01.19 12:16:45.581,0.89127,0.89137,1.12,2.12
2018.01.19 12:16:47.040,0.89127,0.89137,1.12,2.12
2018.01.19 12:16:47.671,0.89126,0.89137,1.50,3.25
2018.01.19 12:16:48.176,0.89126,0.89137,1.50,3.00
2018.01.19 12:16:49.232,0.89126,0.89136,1.50,1.87
2018.01.19 12:16:50.630,0.89126,0.89136,1.50,2.62
2018.01.19 12:16:54.235,0.89126,0.89136,1.87,1.00
2018.01.19 12:16:55.261,0.89127,0.89136,1.12,1.00
2018.01.19 12:16:58.742,0.89127,0.89136,1.12,1.00
2018.01.19 12:17:00.893,0.89126,0.89136,1.87,1.00
2018.01.19 12:17:02.158,0.89126,0.89136,1.50,1.37
2018.01.19 12:17:11.333,0.89124,0.89136,4.50,2.87
2018.01.19 12:17:12.284,0.89125,0.89136,1.00,3.37
2018.01.19 12:17:13.838,0.89125,0.89136,1.87,3.62
2018.01.19 12:17:14.322,0.89124,0.89135,2.62,1.12
2018.01.19 12:17:14.961,0.89124,0.89135,1.12,3.62
2018.01.19 12:17:16.049,0.89123,0.89135,2.62,3.00
2018.01.19 12:17:16.582,0.89124,0.89135,1.12,3.62
2018.01.19 12:17:17.692,0.89123,0.89134,3.00,1.12
2018.01.19 12:17:20.108,0.89123,0.89134,2.25,2.87
2018.01.19 12:17:22.291,0.89123,0.89133,1.50,1.87
2018.01.19 12:17:22.967,0.89123,0.89132,1.12,1.87
2018.01.19 12:17:23.515,0.89124,0.89132,1.12,1.50
2018.01.19 12:17:25.374,0.89124,0.89132,1.37,1.50
2018.01.19 12:17:25.426,0.89123,0.89132,1.87,1.50
2018.01.19 12:17:26.008,0.89121,0.89132,2.62,2.62
2018.01.19 12:17:27.612,0.89124,0.89132,1.50,1.00
2018.01.19 12:17:28.142,0.89125,0.89132,1.00,1.00
2018.01.19 12:17:28.644,0.89122,0.89132,2.25,3.00
2018.01.19 12:17:29.154,0.89122,0.89132,1.00,3.62
2018.01.19 12:17:30.237,0.89121,0.89132,3.00,3.74
2018.01.19 12:17:30.786,0.89122,0.89131,1.50,1.87
2018.01.19 12:17:31.501,0.8912,0.89131,1.87,4.00
2018.01.19 12:17:32.138,0.8912,0.8913,1.37,1.50
2018.01.19 12:17:32.786,0.8912,0.8913,1.00,2.50
2018.01.19 12:17:33.299,0.89121,0.8913,1.12,2.50
2018.01.19 12:17:33.988,0.8912,0.8913,1.00,3.25
2018.01.19 12:17:34.546,0.8912,0.8913,2.25,2.87
2018.01.19 12:17:40.533,0.8912,0.8913,1.87,2.62
2018.01.19 12:17:43.756,0.89119,0.8913,2.25,3.37
2018.01.19 12:17:44.268,0.8912,0.8913,2.62,2.25
2018.01.19 12:17:45.227,0.8912,0.8913,2.25,1.87
2018.01.19 12:17:46.173,0.89121,0.8913,1.50,1.87
2018.01.19 12:17:46.678,0.89121,0.8913,1.87,1.00
2018.01.19 12:17:49.889,0.89121,0.8913,3.00,1.00
2018.01.19 12:17:51.267,0.89121,0.8913,2.25,1.00
2018.01.19 12:17:51.901,0.89122,0.8913,1.12,1.00
2018.01.19 12:17:52.985,0.89121,0.8913,2.62,1.00
2018.01.19 12:17:53.037,0.8912,0.89129,1.50,2.62
2018.01.19 12:17:53.089,0.89118,0.89128,1.50,3.75
2018.01.19 12:17:53.141,0.89115,0.89124,1.12,1.50
2018.01.19 12:17:53.318,0.89111,0.89123,1.50,1.50
2018.01.19 12:17:53.370,0.8911,0.8912,1.87,1.12
2018.01.19 12:17:53.678,0.8911,0.89119,1.00,1.87
2018.01.19 12:17:54.050,0.89107,0.89116,1.12,1.50
2018.01.19 12:17:54.154,0.89105,0.89114,1.00,2.25
2018.01.19 12:17:54.720,0.89104,0.89113,1.12,1.12
2018.01.19 12:17:56.986,0.89105,0.89113,1.00,1.00
2018.01.19 12:18:03.356,0.89106,0.89113,1.00,1.00
2018.01.19 12:18:03.590,0.89108,0.89116,1.00,1.12
2018.01.19 12:18:05.432,0.89107,0.89116,1.50,1.00
2018.01.19 12:18:08.727,0.89107,0.89116,1.00,2.12
2018.01.19 12:18:08.882,0.89103,0.89114,1.00,1.50
2018.01.19 12:18:08.987,0.89102,0.89112,1.00,1.12
2018.01.19 12:18:09.092,0.89098,0.89109,1.87,3.37
2018.01.19 12:18:09.195,0.89097,0.89109,1.12,8.99
2018.01.19 12:18:10.046,0.89098,0.89108,1.00,4.50
2018.01.19 12:18:10.504,0.89096,0.89105,1.00,1.12
2018.01.19 12:18:11.080,0.89094,0.89105,1.50,2.62
2018.01.19 12:18:11.917,0.89094,0.89105,1.12,3.37
2018.01.19 12:18:14.167,0.89093,0.89105,1.87,5.24
2018.01.19 12:18:14.633,0.89095,0.89104,1.00,1.12
2018.01.19 12:18:15.987,0.89094,0.89104,1.00,1.87
2018.01.19 12:18:16.490,0.89093,0.89104,1.12,2.62
2018.01.19 12:18:17.122,0.89093,0.89104,1.50,2.24
2018.01.19 12:18:18.486,0.89093,0.89104,1.50,2.50
2018.01.19 12:18:18.950,0.89096,0.89104,1.00,1.50
2018.01.19 12:18:19.184,0.89099,0.89108,1.87,1.87
2018.01.19 12:18:19.913,0.89103,0.8911,1.00,1.50
2018.01.19 12:18:20.017,0.89103,0.89112,1.00,1.12
2018.01.19 12:18:20.616,0.89103,0.89112,1.00,1.37
2018.01.19 12:18:21.410,0.89103,0.89112,1.00,1.12
2018.01.19 12:18:25.598,0.89102,0.89112,1.00,1.50
2018.01.19 12:18:27.149,0.89102,0.89112,1.50,1.00
2018.01.19 12:18:27.676,0.89103,0.89112,1.00,2.62
2018.01.19 12:18:29.436,0.89103,0.89112,1.00,1.12
2018.01.19 12:18:32.788,0.89104,0.89112,1.00,1.00
2018.01.19 12:18:33.046,0.89107,0.89113,1.00,1.00
2018.01.19 12:18:33.275,0.8911,0.89118,1.00,1.12
2018.01.19 12:18:42.538,0.89109,0.89118,2.25,1.12
2018.01.19 12:18:46.890,0.8911,0.89118,1.00,2.25
2018.01.19 12:18:47.423,0.89109,0.89118,1.00,1.87
2018.01.19 12:18:51.024,0.89108,0.89118,1.12,1.87
2018.01.19 12:18:51.830,0.89108,0.89118,1.00,5.24
2018.01.19 12:18:55.078,0.89107,0.89118,1.12,5.24
2018.01.19 12:18:55.963,0.89107,0.89116,1.00,1.12
2018.01.19 12:18:56.278,0.89102,0.89114,2.62,3.00
2018.01.19 12:18:56.332,0.89101,0.89111,1.12,1.87
2018.01.19 12:18:56.488,0.89099,0.89109,1.00,1.50
2018.01.19 12:18:57.100,0.89098,0.89109,1.50,3.00
2018.01.19 12:18:59.066,0.89097,0.89108,1.87,2.25
2018.01.19 12:18:59.699,0.89097,0.89108,1.37,3.75
2018.01.19 12:19:00.208,0.89097,0.89107,1.00,2.25
2018.01.19 12:19:00.742,0.89097,0.89105,1.00,1.12
2018.01.19 12:19:01.156,0.89098,0.89107,1.00,1.50
2018.01.19 12:19:01.663,0.89099,0.89108,1.00,1.12
2018.01.19 12:19:02.166,0.891,0.89108,1.00,1.00
2018.01.19 12:19:02.269,0.89099,0.8911,1.87,3.00
2018.01.19 12:19:02.436,0.89099,0.8911,1.87,4.12
2018.01.19 12:19:02.956,0.89099,0.89109,1.87,1.50
2018.01.19 12:19:03.736,0.89099,0.89109,1.50,2.12
2018.01.19 12:19:04.962,0.89099,0.89109,1.50,2.12
2018.01.19 12:19:16.365,0.89099,0.89108,1.12,2.62
2018.01.19 12:19:16.936,0.89098,0.89108,1.00,4.74
2018.01.19 12:19:22.504,0.89098,0.89108,1.00,2.24
2018.01.19 12:19:25.164,0.89099,0.89108,1.00,2.12
2018.01.19 12:19:25.557,0.89099,0.89108,2.25,1.00
2018.01.19 12:19:25.764,0.89099,0.89109,2.62,1.50
2018.01.19 12:19:26.357,0.891,0.89109,1.37,1.37
2018.01.19 12:19:27.414,0.89101,0.89109,2.62,1.12
2018.01.19 12:19:27.469,0.89102,0.89111,1.50,1.12
2018.01.19 12:19:27.655,0.89101,0.89111,1.12,1.87
2018.01.19 12:19:27.708,0.891,0.8911,3.00,1.50
2018.01.19 12:19:27.915,0.89101,0.8911,1.12,1.12
2018.01.19 12:19:28.343,0.89103,0.89112,1.12,1.12
2018.01.19 12:19:28.893,0.89103,0.89112,1.12,3.00
2018.01.19 12:19:29.907,0.89102,0.89112,1.00,2.50
2018.01.19 12:19:30.786,0.89102,0.89112,1.00,4.87
2018.01.19 12:19:32.207,0.89103,0.89112,1.00,3.75
2018.01.19 12:19:38.466,0.89102,0.89112,1.87,3.74
2018.01.19 12:19:39.110,0.89103,0.89112,1.12,1.50
2018.01.19 12:19:39.472,0.89101,0.89112,1.12,3.37
2018.01.19 12:19:39.524,0.89101,0.89112,1.12,7.12
2018.01.19 12:19:40.163,0.891,0.89109,1.00,1.12
2018.01.19 12:19:40.725,0.89099,0.89109,1.12,2.99
2018.01.19 12:19:41.261,0.89099,0.89109,1.00,4.74
2018.01.19 12:19:41.416,0.891,0.89109,1.00,1.50
2018.01.19 12:19:42.149,0.89101,0.8911,1.00,1.00
2018.01.19 12:19:43.341,0.89102,0.8911,1.00,1.00
2018.01.19 12:19:44.765,0.89103,0.89112,1.00,1.87
2018.01.19 12:19:45.449,0.89102,0.89112,1.00,1.37
2018.01.19 12:19:46.306,0.89102,0.89112,1.00,1.50
2018.01.19 12:19:46.409,0.891,0.89112,1.50,7.87
2018.01.19 12:19:46.937,0.89101,0.8911,1.12,1.12
2018.01.19 12:19:47.721,0.89099,0.89109,1.37,3.37
2018.01.19 12:19:48.249,0.89099,0.89109,1.12,4.87
2018.01.19 12:19:48.861,0.89098,0.89108,1.00,2.25
2018.01.19 12:19:50.869,0.89097,0.89108,1.00,1.87
2018.01.19 12:19:53.186,0.89097,0.89108,1.50,3.62
2018.01.19 12:19:54.873,0.89097,0.89108,2.62,2.62
2018.01.19 12:19:55.774,0.89097,0.89108,3.00,3.62
2018.01.19 12:19:57.755,0.89097,0.89108,2.25,3.24
2018.01.19 12:19:58.064,0.891,0.89109,1.00,1.12
2018.01.19 12:19:58.473,0.89102,0.89109,1.00,1.00
2018.01.19 12:19:58.578,0.891,0.89109,1.12,1.00
2018.01.19 12:19:58.734,0.89099,0.89109,1.00,6.37
2018.01.19 12:19:58.917,0.89097,0.89107,1.50,1.87
2018.01.19 12:19:59.088,0.89099,0.89107,1.00,2.99
2018.01.19 12:19:59.192,0.89102,0.8911,1.12,2.62
2018.01.19 12:19:59.346,0.89105,0.89112,1.00,3.37
2018.01.19 12:19:59.398,0.89105,0.89113,1.00,1.12
2018.01.19 12:20:00.008,0.89104,0.89113,1.87,1.12
2018.01.19 12:20:00.337,0.89106,0.89113,1.00,1.00
2018.01.19 12:20:00.907,0.89104,0.89114,1.00,2.62
2018.01.19 12:20:00.961,0.89104,0.89112,1.00,1.87
2018.01.19 12:20:01.554,0.89102,0.89112,3.00,7.37
2018.01.19 12:20:01.763,0.89106,0.89114,1.12,1.50
2018.01.19 12:20:02.301,0.89105,0.89114,1.50,1.50
2018.01.19 12:20:02.967,0.89105,0.89114,1.00,5.25
2018.01.19 12:20:04.875,0.89105,0.89114,1.00,8.62
2018.01.19 12:20:05.840,0.89106,0.89114,1.00,2.25
2018.01.19 12:20:06.360,0.89106,0.89114,1.00,1.12
2018.01.19 12:20:08.913,0.89105,0.89114,1.87,1.50
2018.01.19 12:20:09.435,0.89105,0.89114,1.12,1.87
2018.01.19 12:20:10.058,0.89107,0.89114,1.00,1.50
2018.01.19 12:20:10.113,0.89108,0.89116,1.12,1.12
2018.01.19 12:20:10.943,0.89107,0.89116,1.87,2.12
2018.01.19 12:20:11.240,0.89106,0.89116,1.12,1.87
2018.01.19 12:20:11.292,0.89106,0.89116,1.12,4.12
2018.01.19 12:20:11.997,0.89106,0.89116,1.00,4.87
2018.01.19 12:20:12.535,0.89107,0.89115,1.00,1.12
2018.01.19 12:20:12.667,0.89105,0.89115,1.87,2.12
2018.01.19 12:20:13.186,0.89105,0.89115,1.50,2.87
2018.01.19 12:20:13.931,0.89106,0.89115,1.00,2.87
2018.01.19 12:20:14.241,0.89108,0.89115,1.00,1.00
2018.01.19 12:20:14.662,0.89108,0.89116,1.00,1.87
2018.01.19 12:20:15.190,0.89108,0.89116,1.00,1.00
2018.01.19 12:20:15.343,0.89111,0.89117,1.00,1.37
2018.01.19 12:20:15.394,0.89111,0.89119,1.12,1.87
2018.01.19 12:20:16.368,0.8911,0.89119,1.00,1.12
2018.01.19 12:20:20.990,0.89108,0.89119,2.25,3.00
2018.01.19 12:20:21.464,0.89108,0.89118,1.00,2.62
2018.01.19 12:20:21.567,0.89108,0.89118,1.00,3.37
2018.01.19 12:20:22.897,0.89108,0.89118,1.50,3.00
2018.01.19 12:20:23.409,0.89109,0.89118,1.00,2.62
2018.01.19 12:20:26.249,0.89109,0.89118,1.00,1.50
2018.01.19 12:20:27.002,0.89109,0.89118,1.12,1.50
2018.01.19 12:20:27.769,0.89109,0.89118,1.12,2.62
2018.01.19 12:20:28.291,0.89108,0.89118,1.12,1.50
2018.01.19 12:20:28.802,0.89109,0.89118,1.00,1.37
2018.01.19 12:20:29.386,0.89109,0.89118,1.00,4.12
2018.01.19 12:20:29.489,0.89109,0.89118,1.00,1.87
2018.01.19 12:20:30.287,0.89108,0.89118,1.12,1.87
2018.01.19 12:20:30.828,0.89108,0.89118,1.37,2.25
2018.01.19 12:20:31.434,0.89107,0.89118,1.87,3.37
2018.01.19 12:20:31.488,0.89107,0.89117,1.00,2.62
2018.01.19 12:20:31.540,0.89105,0.89116,1.87,3.37
2018.01.19 12:20:32.495,0.89104,0.89115,1.87,1.50
2018.01.19 12:20:32.702,0.89107,0.89115,1.00,3.37
2018.01.19 12:20:33.036,0.89111,0.89116,1.00,1.50
2018.01.19 12:20:33.091,0.89113,0.8912,1.00,1.50
2018.01.19 12:20:33.249,0.89113,0.89123,1.00,3.37
2018.01.19 12:20:33.777,0.89113,0.89123,1.00,5.49
2018.01.19 12:20:33.933,0.89113,0.89122,1.00,2.25
2018.01.19 12:20:33.984,0.89109,0.89121,2.62,1.87
2018.01.19 12:20:34.203,0.89111,0.89121,1.00,3.37
2018.01.19 12:20:34.786,0.89112,0.89122,1.50,1.00
2018.01.19 12:20:34.941,0.89114,0.89122,1.00,1.50
2018.01.19 12:20:34.992,0.89112,0.89122,1.50,1.00
2018.01.19 12:20:35.446,0.89111,0.89122,1.12,3.62
2018.01.19 12:20:35.703,0.89109,0.8912,2.62,1.87
2018.01.19 12:20:36.211,0.89109,0.8912,1.87,5.62
2018.01.19 12:20:36.589,0.89111,0.8912,1.12,1.87
2018.01.19 12:20:37.117,0.8911,0.8912,1.50,3.37
2018.01.19 12:20:39.005,0.8911,0.8912,1.37,2.99
2018.01.19 12:20:39.396,0.89109,0.89119,1.00,3.75
2018.01.19 12:20:40.287,0.89108,0.89119,1.50,6.00
2018.01.19 12:20:40.927,0.89109,0.89119,1.00,3.37
2018.01.19 12:20:42.798,0.8911,0.89119,1.00,2.12
2018.01.19 12:20:43.295,0.8911,0.8912,1.12,1.12
2018.01.19 12:20:43.869,0.89111,0.89121,1.12,2.62
2018.01.19 12:20:44.622,0.8911,0.89121,1.87,1.87
2018.01.19 12:20:45.149,0.8911,0.89121,2.25,2.62
2018.01.19 12:20:45.689,0.8911,0.89121,1.87,3.75
2018.01.19 12:20:46.233,0.89111,0.89121,1.12,2.87
2018.01.19 12:20:46.818,0.8911,0.89121,1.87,2.62
2018.01.19 12:20:47.333,0.8911,0.89121,1.87,3.37
2018.01.19 12:20:47.987,0.8911,0.89121,1.87,4.74
2018.01.19 12:20:48.038,0.8911,0.89121,1.87,2.62
2018.01.19 12:20:48.738,0.8911,0.89121,1.87,2.62
2018.01.19 12:20:49.454,0.8911,0.89121,1.87,2.62
2018.01.19 12:20:49.988,0.8911,0.89121,1.87,3.75
2018.01.19 12:20:50.309,0.89113,0.89122,1.12,1.00
2018.01.19 12:20:50.412,0.89114,0.89124,1.50,1.12
2018.01.19 12:20:50.616,0.89112,0.89122,1.12,3.37
2018.01.19 12:20:51.156,0.89112,0.89122,1.00,2.25
2018.01.19 12:20:51.688,0.89111,0.89122,1.12,4.87
2018.01.19 12:20:52.199,0.89111,0.89121,1.37,2.62
2018.01.19 12:20:52.737,0.89111,0.89121,1.12,1.12
2018.01.19 12:20:53.393,0.8911,0.8912,1.37,2.25
2018.01.19 12:20:53.908,0.8911,0.8912,1.00,4.12
2018.01.19 12:20:54.439,0.8911,0.8912,1.12,2.62
2018.01.19 12:20:54.985,0.89111,0.8912,1.00,2.62
2018.01.19 12:20:55.515,0.8911,0.8912,1.12,1.87
2018.01.19 12:20:55.920,0.89111,0.89122,1.00,4.50
2018.01.19 12:20:56.023,0.89111,0.89122,1.00,6.37
2018.01.19 12:20:56.203,0.89111,0.89122,1.00,4.49
2018.01.19 12:20:56.427,0.89114,0.89122,1.00,4.50
2018.01.19 12:20:56.581,0.89113,0.89122,1.12,1.12
2018.01.19 12:20:56.840,0.89114,0.89123,1.37,1.50
2018.01.19 12:20:57.292,0.89112,0.89123,1.12,3.37
2018.01.19 12:20:57.499,0.89111,0.89122,2.25,2.25
2018.01.19 12:20:57.765,0.89111,0.89121,1.37,1.12
2018.01.19 12:20:58.290,0.89111,0.89121,1.12,1.50
2018.01.19 12:20:58.791,0.89113,0.89121,1.00,1.00
2018.01.19 12:20:58.994,0.89113,0.89122,1.12,1.12
2018.01.19 12:20:59.097,0.89113,0.89122,1.87,1.50
2018.01.19 12:20:59.617,0.89113,0.89122,1.50,2.25
2018.01.19 12:21:00.026,0.89114,0.89122,2.25,1.12
2018.01.19 12:21:00.348,0.89117,0.89124,1.00,1.00
2018.01.19 12:21:00.877,0.89116,0.89125,1.00,1.50
2018.01.19 12:21:01.381,0.89117,0.89126,1.00,1.12
2018.01.19 12:21:01.887,0.89117,0.89126,1.00,1.87
2018.01.19 12:21:02.390,0.89117,0.89126,1.00,2.24
2018.01.19 12:21:02.938,0.89117,0.89126,1.12,5.99
2018.01.19 12:21:02.989,0.89117,0.89126,1.12,2.87
2018.01.19 12:21:03.632,0.89117,0.89126,1.00,1.75
2018.01.19 12:21:04.509,0.89117,0.89126,1.00,1.00
2018.01.19 12:21:04.989,0.89117,0.89126,1.00,4.12
2018.01.19 12:21:05.196,0.89117,0.89126,1.00,1.50
2018.01.19 12:21:05.785,0.89117,0.89126,1.00,1.75
2018.01.19 12:21:06.540,0.89117,0.89126,1.00,1.50
2018.01.19 12:21:06.938,0.89116,0.89126,1.00,4.50
2018.01.19 12:21:07.484,0.89115,0.89125,1.12,3.37
2018.01.19 12:21:08.220,0.89115,0.89125,1.00,3.74
2018.01.19 12:21:08.768,0.89115,0.89125,1.00,6.25
2018.01.19 12:21:09.147,0.89117,0.89126,1.00,4.50
2018.01.19 12:21:09.198,0.89117,0.89126,1.00,1.50
2018.01.19 12:21:09.769,0.89117,0.89126,1.00,1.00
2018.01.19 12:21:10.435,0.89116,0.89126,1.00,2.50
2018.01.19 12:21:11.083,0.89115,0.89125,3.00,1.87
2018.01.19 12:21:11.633,0.89116,0.89125,1.00,1.87
2018.01.19 12:21:13.309,0.89117,0.89125,1.00,1.87
2018.01.19 12:21:13.809,0.89118,0.89127,1.00,1.12
2018.01.19 12:21:14.485,0.89119,0.89127,1.50,1.00
2018.01.19 12:21:14.891,0.89119,0.89129,1.87,1.87
2018.01.19 12:21:15.790,0.89119,0.89129,1.00,3.62
2018.01.19 12:21:16.311,0.89119,0.89129,1.00,2.87
2018.01.19 12:21:18.568,0.89117,0.89128,1.12,2.62
2018.01.19 12:21:22.450,0.89118,0.89128,1.00,2.50
2018.01.19 12:21:23.098,0.89118,0.89128,1.12,1.00
2018.01.19 12:21:23.251,0.89116,0.89128,2.62,3.75
2018.01.19 12:21:24.098,0.89117,0.89128,1.00,3.75
2018.01.19 12:21:24.925,0.89117,0.89128,1.00,3.62
2018.01.19 12:21:25.486,0.89117,0.89128,1.00,3.62
2018.01.19 12:21:25.795,0.89119,0.89128,1.12,1.87
2018.01.19 12:21:25.898,0.8912,0.89129,1.12,1.00
2018.01.19 12:21:25.954,0.89119,0.89129,3.00,1.00
2018.01.19 12:21:26.471,0.89119,0.89129,1.12,3.37
2018.01.19 12:21:27.058,0.8912,0.89129,1.00,2.12
2018.01.19 12:21:27.362,0.89122,0.8913,1.00,1.50
2018.01.19 12:21:28.182,0.89121,0.89131,2.62,1.50
2018.01.19 12:21:31.689,0.89123,0.89131,1.00,1.50
2018.01.19 12:21:31.792,0.89121,0.89131,1.87,1.87
2018.01.19 12:21:32.046,0.89121,0.89131,1.00,4.12
2018.01.19 12:21:32.177,0.89121,0.89131,1.00,3.74
2018.01.19 12:21:35.997,0.89121,0.89131,1.00,3.62
2018.01.19 12:21:36.548,0.89121,0.89131,1.00,3.25
2018.01.19 12:21:38.641,0.89121,0.89131,2.25,2.25
2018.01.19 12:21:38.692,0.89121,0.89131,1.50,2.50
2018.01.19 12:21:38.845,0.89117,0.89128,1.50,1.50
2018.01.19 12:21:39.393,0.89116,0.89128,3.00,4.12
2018.01.19 12:21:40.310,0.89116,0.89128,2.62,3.37
2018.01.19 12:21:40.476,0.89116,0.89126,1.50,2.25
2018.01.19 12:21:40.722,0.89114,0.89125,1.50,1.50
2018.01.19 12:21:41.325,0.89114,0.89125,1.87,4.87
2018.01.19 12:21:42.181,0.89114,0.89125,1.50,3.37
2018.01.19 12:21:42.716,0.89113,0.89123,1.50,1.12
2018.01.19 12:21:43.025,0.89112,0.89123,1.12,7.49
2018.01.19 12:21:43.127,0.89113,0.89123,1.00,2.25
2018.01.19 12:21:43.835,0.89113,0.89123,2.62,1.12
2018.01.19 12:21:44.963,0.89113,0.89123,1.50,1.00
2018.01.19 12:21:45.404,0.89112,0.89122,1.12,1.12
2018.01.19 12:21:45.915,0.89111,0.89122,1.12,4.49
2018.01.19 12:21:46.467,0.8911,0.89121,3.37,1.12
2018.01.19 12:21:47.005,0.89111,0.89121,1.00,2.12
2018.01.19 12:21:49.962,0.8911,0.89121,2.62,1.50
2018.01.19 12:21:50.619,0.8911,0.89121,2.62,2.50
2018.01.19 12:21:53.786,0.89111,0.89121,1.00,2.12
2018.01.19 12:21:53.838,0.89112,0.89121,1.37,1.00
2018.01.19 12:21:54.155,0.89111,0.89121,1.00,7.00
2018.01.19 12:21:54.409,0.89113,0.89123,1.12,2.25
2018.01.19 12:21:54.511,0.89114,0.89124,1.50,3.00
2018.01.19 12:21:54.766,0.89113,0.89124,1.50,6.37
2018.01.19 12:21:55.114,0.89115,0.89124,1.00,2.62
2018.01.19 12:21:55.736,0.89113,0.89124,1.50,3.75
2018.01.19 12:21:56.340,0.89113,0.89124,1.50,5.24
2018.01.19 12:21:56.613,0.89116,0.89124,1.00,4.37
2018.01.19 12:21:56.665,0.89117,0.89125,1.00,1.50
2018.01.19 12:21:57.172,0.89116,0.89125,1.12,1.87
2018.01.19 12:21:58.782,0.89115,0.89125,1.37,2.12
2018.01.19 12:21:59.340,0.89115,0.89125,1.12,2.12
2018.01.19 12:21:59.990,0.89114,0.89125,1.12,1.87
2018.01.19 12:22:00.397,0.89116,0.89125,1.87,1.00
2018.01.19 12:22:00.646,0.89117,0.89128,3.00,1.12
2018.01.19 12:22:01.176,0.89117,0.89128,2.62,1.50
2018.01.19 12:22:01.443,0.89117,0.89127,1.12,2.62
2018.01.19 12:22:01.955,0.89116,0.89126,1.00,2.25
2018.01.19 12:22:03.019,0.89116,0.89126,1.00,2.62
2018.01.19 12:22:03.539,0.89116,0.89126,1.50,2.25
2018.01.19 12:22:04.236,0.89117,0.89126,1.00,3.00
2018.01.19 12:22:04.737,0.89116,0.89126,1.50,3.00
2018.01.19 12:22:05.437,0.89116,0.89126,1.50,3.00
2018.01.19 12:22:06.039,0.89116,0.89126,1.50,3.75
2018.01.19 12:22:06.337,0.89116,0.89126,1.50,2.62
2018.01.19 12:22:06.934,0.89116,0.89126,1.50,2.87
2018.01.19 12:22:08.838,0.89116,0.89126,2.25,2.25
2018.01.19 12:22:09.385,0.89116,0.89126,2.62,1.50
2018.01.19 12:22:09.743,0.89118,0.89128,1.00,4.12
2018.01.19 12:22:10.019,0.89116,0.89126,1.00,1.12
2018.01.19 12:22:10.071,0.89115,0.89126,1.00,3.24
2018.01.19 12:22:10.227,0.89116,0.89126,1.50,1.12
2018.01.19 12:22:10.751,0.89118,0.89127,1.00,2.25
2018.01.19 12:22:11.288,0.89117,0.89127,1.12,2.99
2018.01.19 12:22:12.050,0.89117,0.89127,1.00,5.24
2018.01.19 12:22:12.678,0.89117,0.89127,1.00,3.37
2018.01.19 12:22:13.186,0.89115,0.89126,3.37,1.50
2018.01.19 12:22:13.569,0.89116,0.89126,1.75,1.00
2018.01.19 12:22:13.895,0.89122,0.8913,1.00,1.87
2018.01.19 12:22:14.428,0.89121,0.89131,1.00,2.62
2018.01.19 12:22:14.938,0.89122,0.89131,1.00,3.37
2018.01.19 12:22:15.083,0.8912,0.89131,1.50,3.37
2018.01.19 12:22:15.687,0.8912,0.89131,1.87,4.12
2018.01.19 12:22:15.739,0.8912,0.89131,1.87,2.25
2018.01.19 12:22:16.242,0.89121,0.89131,1.37,1.50
2018.01.19 12:22:16.744,0.89121,0.89131,1.00,1.50
2018.01.19 12:22:17.949,0.89122,0.89132,1.00,3.75
2018.01.19 12:22:18.504,0.89121,0.89132,1.87,3.37
2018.01.19 12:22:19.902,0.89124,0.89132,1.00,2.62
2018.01.19 12:22:20.009,0.89124,0.89133,1.00,1.50
2018.01.19 12:22:20.060,0.89124,0.89133,1.00,4.37
2018.01.19 12:22:20.599,0.89122,0.89133,1.37,5.62
2018.01.19 12:22:21.122,0.89124,0.89133,1.12,2.25
2018.01.19 12:22:24.244,0.89124,0.89133,1.12,1.12
2018.01.19 12:22:24.614,0.89126,0.89134,1.00,2.25
2018.01.19 12:22:25.497,0.89125,0.89134,1.12,2.25
2018.01.19 12:22:26.287,0.89125,0.89135,1.50,2.25
2018.01.19 12:22:27.153,0.89127,0.89135,1.00,2.25
2018.01.19 12:22:27.358,0.89126,0.89137,2.62,3.37
2018.01.19 12:22:27.977,0.89127,0.89137,1.00,3.62
2018.01.19 12:22:28.944,0.89125,0.89136,2.25,1.87
2018.01.19 12:22:30.788,0.89125,0.89135,1.50,4.12
2018.01.19 12:22:31.611,0.89125,0.89135,1.12,5.99
2018.01.19 12:22:31.663,0.89125,0.89135,1.12,2.62
2018.01.19 12:22:32.195,0.89126,0.89135,1.00,1.12
2018.01.19 12:22:33.746,0.89125,0.89135,1.87,4.50
2018.01.19 12:22:34.053,0.89125,0.89135,1.50,2.62
2018.01.19 12:22:34.687,0.89125,0.89135,1.00,2.87
2018.01.19 12:22:35.284,0.89125,0.89135,1.50,2.62
2018.01.19 12:22:35.795,0.89125,0.89135,1.00,2.87
2018.01.19 12:22:36.395,0.89125,0.89135,1.50,2.87
2018.01.19 12:22:36.561,0.89125,0.89135,2.25,3.37
2018.01.19 12:22:36.937,0.89128,0.89136,1.00,1.75
2018.01.19 12:22:36.989,0.8913,0.89138,1.12,1.87
2018.01.19 12:22:37.538,0.89131,0.8914,1.00,1.50
2018.01.19 12:22:37.942,0.89129,0.89139,1.87,1.12
2018.01.19 12:22:38.665,0.89129,0.89139,2.62,2.25
2018.01.19 12:22:38.975,0.89131,0.89139,2.25,1.12
2018.01.19 12:22:39.557,0.89132,0.89139,1.00,1.00
2018.01.19 12:22:40.204,0.89131,0.89139,1.87,1.00
2018.01.19 12:22:40.696,0.89131,0.89141,1.00,2.25
2018.01.19 12:22:40.800,0.89134,0.89141,1.00,1.00
2018.01.19 12:22:42.013,0.89132,0.89141,1.00,1.00
2018.01.19 12:22:42.270,0.8913,0.89141,1.00,1.50
2018.01.19 12:22:42.499,0.8913,0.89141,1.00,3.74
2018.01.19 12:22:43.839,0.89131,0.89141,1.00,3.75
2018.01.19 12:22:44.340,0.8913,0.89141,3.00,5.12
2018.01.19 12:22:44.798,0.89129,0.89138,1.00,1.50
2018.01.19 12:22:44.971,0.89127,0.89136,1.00,1.87
2018.01.19 12:22:45.597,0.89126,0.89136,1.12,2.87
2018.01.19 12:22:50.904,0.89126,0.89136,2.25,1.00
2018.01.19 12:22:51.436,0.89127,0.89137,1.87,1.50
2018.01.19 12:22:52.969,0.89129,0.89138,1.00,1.50
2018.01.19 12:22:54.889,0.89128,0.89138,1.12,2.12
2018.01.19 12:22:55.446,0.89127,0.89137,1.50,2.25
2018.01.19 12:22:57.311,0.89128,0.89137,1.00,2.87
2018.01.19 12:22:57.362,0.89128,0.89138,1.50,1.50
2018.01.19 12:22:57.792,0.89129,0.89139,3.00,1.00
2018.01.19 12:22:57.897,0.89131,0.89142,1.12,2.62
2018.01.19 12:22:57.952,0.89133,0.89142,1.87,1.00
2018.01.19 12:22:58.277,0.89137,0.89145,3.75,1.00
2018.01.19 12:22:58.329,0.89137,0.89145,1.00,1.12
2018.01.19 12:22:58.433,0.89135,0.89145,1.12,3.00
2018.01.19 12:22:58.484,0.89135,0.89145,1.00,3.25
2018.01.19 12:22:59.039,0.89135,0.89145,1.00,3.74
2018.01.19 12:23:01.084,0.89135,0.89145,1.00,3.37
2018.01.19 12:23:02.524,0.89136,0.89145,1.50,2.25
2018.01.19 12:23:02.865,0.89138,0.89145,1.00,1.00
2018.01.19 12:23:03.311,0.89138,0.89146,1.50,1.12
2018.01.19 12:23:03.413,0.89138,0.89146,1.00,1.12
2018.01.19 12:23:05.160,0.89138,0.89146,1.00,1.37
2018.01.19 12:23:07.082,0.89137,0.89146,1.12,1.00
2018.01.19 12:23:11.889,0.89137,0.89147,1.12,2.25
2018.01.19 12:23:12.562,0.8914,0.89147,1.00,1.00
2018.01.19 12:23:13.007,0.8914,0.89149,1.12,1.00
2018.01.19 12:23:13.676,0.89141,0.89149,1.00,1.00
2018.01.19 12:23:14.012,0.89139,0.89149,3.37,1.00
2018.01.19 12:23:14.545,0.89139,0.89149,3.37,1.00
2018.01.19 12:23:15.075,0.89139,0.89149,3.37,1.50
2018.01.19 12:23:16.038,0.89139,0.89149,2.62,1.00
2018.01.19 12:23:16.624,0.89139,0.89149,1.50,1.00
2018.01.19 12:23:17.991,0.89143,0.89149,1.00,1.00
2018.01.19 12:23:18.043,0.89143,0.89153,4.12,1.00
2018.01.19 12:23:18.146,0.89144,0.89155,1.87,2.25
2018.01.19 12:23:18.249,0.89146,0.89155,1.00,1.50
2018.01.19 12:23:18.934,0.89146,0.89155,1.00,1.50
2018.01.19 12:23:19.479,0.89146,0.89155,1.00,1.12
2018.01.19 12:23:20.485,0.89146,0.89155,1.00,1.00
2018.01.19 12:23:20.689,0.89144,0.89154,1.00,1.87
2018.01.19 12:23:21.285,0.89144,0.89154,1.50,1.00
2018.01.19 12:23:21.889,0.89146,0.89154,1.00,1.12
2018.01.19 12:23:23.669,0.89146,0.89154,1.00,1.00
2018.01.19 12:23:23.721,0.89143,0.89154,1.12,3.37
2018.01.19 12:23:24.112,0.89145,0.89154,1.87,1.12
2018.01.19 12:23:24.588,0.89143,0.89153,3.37,1.12
2018.01.19 12:23:25.093,0.89143,0.89153,1.12,1.50
2018.01.19 12:23:26.786,0.89141,0.89152,2.25,1.50
2018.01.19 12:23:27.091,0.8914,0.89151,1.00,3.00
2018.01.19 12:23:28.203,0.8914,0.89151,1.12,4.75
2018.01.19 12:23:28.513,0.89138,0.89149,1.12,1.12
2018.01.19 12:23:28.991,0.89136,0.89146,1.00,1.87
2018.01.19 12:23:30.486,0.89136,0.89146,1.37,1.00
2018.01.19 12:23:30.742,0.89137,0.89146,1.37,1.00
2018.01.19 12:23:30.953,0.89139,0.89148,3.00,1.12
2018.01.19 12:23:31.483,0.89141,0.89149,1.00,1.12
2018.01.19 12:23:35.332,0.89141,0.89149,1.00,3.25
2018.01.19 12:23:35.579,0.89137,0.89147,1.00,3.00
2018.01.19 12:23:36.763,0.89137,0.89147,1.37,1.50
2018.01.19 12:23:36.816,0.89137,0.89145,1.37,1.87
2018.01.19 12:23:36.949,0.89135,0.89145,2.62,5.87
2018.01.19 12:23:37.000,0.89137,0.89146,1.50,1.00
2018.01.19 12:23:37.586,0.89137,0.89146,1.00,1.00
2018.01.19 12:23:38.186,0.89135,0.89146,2.25,1.12
2018.01.19 12:23:38.737,0.89135,0.89146,2.62,1.00
2018.01.19 12:23:39.215,0.89135,0.89146,1.87,2.50
2018.01.19 12:23:39.866,0.89135,0.89146,1.00,2.62
2018.01.19 12:23:45.438,0.89135,0.89146,1.50,5.25
2018.01.19 12:23:46.555,0.89135,0.89146,1.12,5.25
2018.01.19 12:23:47.077,0.89135,0.89146,2.62,1.00
2018.01.19 12:23:48.886,0.89136,0.89146,1.12,1.87
2018.01.19 12:23:48.938,0.89137,0.89146,1.37,1.75
2018.01.19 12:23:49.095,0.89139,0.89149,1.00,2.62
2018.01.19 12:23:49.302,0.8914,0.89149,2.62,1.00
2018.01.19 12:23:49.833,0.8914,0.89149,1.87,1.12
2018.01.19 12:23:50.664,0.8914,0.89149,1.12,1.87
2018.01.19 12:23:52.789,0.8914,0.8915,1.00,5.25
2018.01.19 12:23:53.215,0.8914,0.8915,1.12,2.25
2018.01.19 12:23:54.093,0.89141,0.8915,1.00,1.12
2018.01.19 12:23:55.646,0.89141,0.8915,1.37,1.12
2018.01.19 12:23:56.175,0.89141,0.89151,1.12,1.12
2018.01.19 12:23:56.886,0.89141,0.89151,1.87,1.50
2018.01.19 12:23:57.518,0.89141,0.89151,1.12,2.62
2018.01.19 12:23:58.561,0.89141,0.89151,1.12,1.50
2018.01.19 12:23:59.144,0.8914,0.8915,1.00,2.62
2018.01.19 12:23:59.670,0.8914,0.8915,1.00,3.99
2018.01.19 12:24:00.302,0.8914,0.8915,1.00,3.25
2018.01.19 12:24:00.815,0.8914,0.8915,1.00,3.37
2018.01.19 12:24:01.399,0.8914,0.8915,1.00,2.62
2018.01.19 12:24:01.501,0.8914,0.8915,1.12,3.00
2018.01.19 12:24:01.859,0.8914,0.8915,1.12,3.37
2018.01.19 12:24:02.486,0.8914,0.8915,1.00,3.00
2018.01.19 12:24:04.400,0.8914,0.8915,1.00,4.50
2018.01.19 12:24:04.617,0.89137,0.89149,3.75,7.50
2018.01.19 12:24:04.718,0.89137,0.89147,3.75,1.87
2018.01.19 12:24:06.037,0.89137,0.89147,1.50,4.37
2018.01.19 12:24:07.472,0.89137,0.89147,1.12,5.99
2018.01.19 12:24:08.394,0.89136,0.89147,1.87,5.99
2018.01.19 12:24:09.556,0.89136,0.89147,1.87,2.25
2018.01.19 12:24:09.710,0.89137,0.89147,1.37,2.12
2018.01.19 12:24:09.967,0.89139,0.89148,1.00,1.00
2018.01.19 12:24:10.172,0.89139,0.89149,1.00,4.50
2018.01.19 12:24:12.800,0.89141,0.89149,1.00,1.50
2018.01.19 12:24:12.851,0.89141,0.89151,1.00,3.75
2018.01.19 12:24:13.371,0.89141,0.89151,2.62,1.50
2018.01.19 12:24:15.408,0.89142,0.89151,1.87,1.50
2018.01.19 12:24:16.238,0.89142,0.89151,1.00,3.37
2018.01.19 12:24:16.460,0.89139,0.8915,3.00,1.12
2018.01.19 12:24:18.687,0.8914,0.8915,1.00,2.62
2018.01.19 12:24:19.263,0.8914,0.8915,2.62,2.25
2018.01.19 12:24:19.641,0.89141,0.89152,1.12,3.00
2018.01.19 12:24:20.172,0.89141,0.89152,1.12,3.00
2018.01.19 12:24:20.687,0.89141,0.89152,1.50,3.37
2018.01.19 12:24:20.898,0.89141,0.89152,1.12,3.37
2018.01.19 12:24:20.949,0.89141,0.89152,1.12,5.25
2018.01.19 12:24:21.553,0.8914,0.89151,1.50,2.25
2018.01.19 12:24:23.645,0.8914,0.8915,1.00,1.87
2018.01.19 12:24:25.068,0.8914,0.8915,2.25,1.12
2018.01.19 12:24:25.948,0.89141,0.8915,1.00,1.12
2018.01.19 12:24:26.938,0.89141,0.8915,1.00,1.37
2018.01.19 12:24:27.778,0.89141,0.89151,1.87,1.50
2018.01.19 12:24:28.602,0.89141,0.89151,1.12,1.87
2018.01.19 12:24:29.187,0.8914,0.89151,2.25,3.37
2018.01.19 12:24:30.744,0.89139,0.8915,1.00,3.00
2018.01.19 12:24:31.939,0.89138,0.89149,1.12,1.87
2018.01.19 12:24:32.797,0.89138,0.89149,1.00,4.12
2018.01.19 12:24:34.387,0.89139,0.89149,1.12,2.25
2018.01.19 12:24:35.075,0.89139,0.89149,1.00,1.12
2018.01.19 12:24:36.346,0.8914,0.89149,1.12,1.12
2018.01.19 12:24:37.892,0.89142,0.89151,1.00,1.50
2018.01.19 12:24:38.427,0.89142,0.89151,1.00,1.50
2018.01.19 12:24:40.818,0.89142,0.89151,1.00,1.50
2018.01.19 12:24:44.074,0.89142,0.89151,1.87,1.00
2018.01.19 12:24:50.348,0.89142,0.89152,1.37,3.37
2018.01.19 12:24:51.690,0.89142,0.89152,1.00,2.62
2018.01.19 12:24:52.355,0.89143,0.89152,1.12,1.12
2018.01.19 12:24:52.407,0.89146,0.89156,1.50,1.12
2018.01.19 12:24:53.446,0.89147,0.89156,1.00,1.50
2018.01.19 12:24:54.018,0.89146,0.89156,2.62,1.87
2018.01.19 12:24:54.398,0.89146,0.89153,1.00,2.25
2018.01.19 12:24:54.501,0.89143,0.89153,1.50,3.25
2018.01.19 12:24:55.796,0.89143,0.89152,1.00,1.50
2018.01.19 12:24:55.966,0.89141,0.89151,1.12,3.00
2018.01.19 12:24:56.477,0.89141,0.89151,1.12,3.37
2018.01.19 12:24:57.088,0.89141,0.89151,1.12,2.99
2018.01.19 12:24:59.938,0.89141,0.8915,1.00,1.12
2018.01.19 12:25:00.970,0.89141,0.8915,1.00,1.87
2018.01.19 12:25:01.873,0.89141,0.89151,1.00,3.37
2018.01.19 12:25:03.712,0.89143,0.89151,1.00,1.00
2018.01.19 12:25:04.079,0.89143,0.89153,1.12,1.50
2018.01.19 12:25:04.786,0.89143,0.89153,1.87,1.00
2018.01.19 12:25:05.066,0.89145,0.89155,2.25,1.12
2018.01.19 12:25:05.117,0.89145,0.89155,1.50,1.00
2018.01.19 12:25:05.864,0.89146,0.89156,1.50,2.25
2018.01.19 12:25:05.966,0.89148,0.89158,1.50,1.50
2018.01.19 12:25:06.119,0.89152,0.89162,1.87,1.50
2018.01.19 12:25:07.066,0.89152,0.89162,2.62,1.00
2018.01.19 12:25:07.643,0.89153,0.89162,1.00,1.00
2018.01.19 12:25:08.320,0.89152,0.89162,2.62,1.00
2018.01.19 12:25:10.497,0.89152,0.89162,1.12,1.00
2018.01.19 12:25:11.064,0.89152,0.89162,1.12,1.87
2018.01.19 12:25:11.268,0.89151,0.8916,1.87,1.12
2018.01.19 12:25:11.372,0.89149,0.89158,1.00,1.12
2018.01.19 12:25:11.425,0.89147,0.89157,1.00,2.25
2018.01.19 12:25:11.581,0.89146,0.89157,1.87,3.62
2018.01.19 12:25:11.805,0.89146,0.89155,1.00,1.12
2018.01.19 12:25:12.382,0.89145,0.89155,1.12,2.99
2018.01.19 12:25:12.899,0.89146,0.89155,1.00,3.37
2018.01.19 12:25:13.449,0.89145,0.89155,2.62,1.87
2018.01.19 12:25:15.696,0.89145,0.89155,1.87,2.62
2018.01.19 12:25:16.200,0.89145,0.89155,1.50,2.99
2018.01.19 12:25:16.504,0.89144,0.89155,1.50,7.87
2018.01.19 12:25:18.721,0.89142,0.89153,2.62,1.87
2018.01.19 12:25:20.620,0.89142,0.89153,1.87,2.62
2018.01.19 12:25:20.805,0.89145,0.89153,1.00,1.00
2018.01.19 12:25:21.072,0.89141,0.89152,2.25,3.75
2018.01.19 12:25:22.809,0.8914,0.8915,2.25,2.25
2018.01.19 12:25:22.861,0.8914,0.8915,2.62,1.50
2018.01.19 12:25:23.754,0.89141,0.8915,1.00,2.87
2018.01.19 12:25:25.098,0.8914,0.8915,2.25,3.25
2018.01.19 12:25:25.675,0.89139,0.8915,1.50,4.87
2018.01.19 12:25:26.207,0.89138,0.8915,1.87,5.99
2018.01.19 12:25:26.750,0.89139,0.89149,1.00,1.12
2018.01.19 12:25:26.949,0.89135,0.89146,2.25,3.00
2018.01.19 12:25:27.593,0.89136,0.89146,1.00,4.12
2018.01.19 12:25:28.177,0.89135,0.89146,2.25,4.37
2018.01.19 12:25:28.701,0.89136,0.89146,1.00,4.37
2018.01.19 12:25:28.753,0.89138,0.89146,1.00,1.00
2018.01.19 12:25:28.959,0.89134,0.89145,1.00,3.37
2018.01.19 12:25:29.479,0.89133,0.89143,1.50,1.12
2018.01.19 12:25:34.331,0.89135,0.89145,1.00,2.25
2018.01.19 12:25:34.867,0.89136,0.89146,1.00,2.62
2018.01.19 12:25:35.669,0.89136,0.89146,1.00,2.99
2018.01.19 12:25:36.914,0.89136,0.89146,1.00,2.62
2018.01.19 12:25:39.371,0.89136,0.89146,1.00,1.87
2018.01.19 12:25:40.015,0.89136,0.89146,1.00,4.50
2018.01.19 12:25:40.337,0.89133,0.89141,1.00,1.12
2018.01.19 12:25:40.887,0.89132,0.89141,1.50,2.12
2018.01.19 12:25:41.155,0.89133,0.89142,1.00,1.50
2018.01.19 12:25:43.367,0.89133,0.89142,1.00,1.00
2018.01.19 12:25:44.429,0.89136,0.89143,1.00,1.00
2018.01.19 12:25:44.480,0.89137,0.89145,1.00,1.12
2018.01.19 12:25:44.581,0.89137,0.89147,1.50,1.87
2018.01.19 12:25:45.245,0.89138,0.89147,1.00,1.87
2018.01.19 12:25:45.297,0.89138,0.89146,1.00,1.12
2018.01.19 12:25:45.450,0.89129,0.89139,1.50,1.50
2018.01.19 12:25:45.754,0.89129,0.89138,1.00,2.25
2018.01.19 12:25:45.805,0.89127,0.89137,1.00,1.50
2018.01.19 12:25:45.940,0.89127,0.89136,1.00,2.25
2018.01.19 12:25:45.991,0.89124,0.89136,2.25,7.12
2018.01.19 12:25:46.368,0.89125,0.89136,1.00,5.24
2018.01.19 12:25:46.902,0.89126,0.89136,1.00,4.00
2018.01.19 12:25:47.676,0.89126,0.89136,1.87,1.50
2018.01.19 12:25:47.831,0.89126,0.89136,1.00,2.87
2018.01.19 12:25:49.318,0.89124,0.89136,2.25,8.24
2018.01.19 12:25:49.949,0.89126,0.89136,1.00,8.24
2018.01.19 12:25:52.466,0.89124,0.89136,3.00,7.12
2018.01.19 12:25:52.775,0.89122,0.89133,1.87,5.62
2018.01.19 12:25:53.290,0.89123,0.89133,1.00,1.87
2018.01.19 12:25:54.240,0.89123,0.89133,1.50,1.50
2018.01.19 12:25:55.422,0.89124,0.89134,1.12,3.00
2018.01.19 12:25:55.944,0.89125,0.89134,1.00,1.37
2018.01.19 12:25:56.469,0.89124,0.89134,2.62,1.00
2018.01.19 12:25:57.213,0.89124,0.89134,3.00,1.50
2018.01.19 12:25:57.733,0.89124,0.89134,1.50,1.87
2018.01.19 12:26:01.415,0.89123,0.89134,2.25,2.99
2018.01.19 12:26:02.163,0.89123,0.89133,1.00,2.25
2018.01.19 12:26:03.065,0.89121,0.89132,1.00,1.87
2018.01.19 12:26:04.164,0.89121,0.89132,1.00,4.12
2018.01.19 12:26:05.315,0.89121,0.89132,1.00,2.99
2018.01.19 12:26:10.938,0.8912,0.89131,1.37,3.37
2018.01.19 12:26:11.538,0.8912,0.89131,1.12,3.37
2018.01.19 12:26:12.669,0.8912,0.89131,1.12,3.75
2018.01.19 12:26:13.833,0.89119,0.89131,2.62,3.75
2018.01.19 12:26:17.064,0.8912,0.89129,1.00,1.12
2018.01.19 12:26:18.492,0.89121,0.89129,1.00,1.00
2018.01.19 12:26:18.761,0.8912,0.8913,1.50,1.50
2018.01.19 12:26:18.813,0.8912,0.8913,1.00,1.37
2018.01.19 12:26:19.454,0.89119,0.8913,1.87,1.12
2018.01.19 12:26:19.992,0.89119,0.89129,1.50,1.12
2018.01.19 12:26:20.371,0.89119,0.89129,1.50,4.49
2018.01.19 12:26:22.442,0.89119,0.89129,1.00,3.37
2018.01.19 12:26:24.802,0.89119,0.89129,1.50,3.37
2018.01.19 12:26:25.248,0.89116,0.89127,1.12,1.87
2018.01.19 12:26:26.112,0.89115,0.89127,2.62,5.24
2018.01.19 12:26:26.617,0.89116,0.89127,1.00,5.24
2018.01.19 12:26:26.927,0.89115,0.89125,1.00,3.37
2018.01.19 12:26:27.922,0.89115,0.89125,1.00,3.37
2018.01.19 12:26:28.432,0.89115,0.89125,1.00,5.25
2018.01.19 12:26:29.724,0.89116,0.89125,1.00,5.49
2018.01.19 12:26:29.775,0.89116,0.89125,1.00,1.00
2018.01.19 12:26:30.030,0.89118,0.89126,1.00,1.87
2018.01.19 12:26:31.571,0.89116,0.89126,1.00,2.50
2018.01.19 12:26:32.116,0.89118,0.89126,1.00,1.50
2018.01.19 12:26:33.001,0.89118,0.89126,1.00,1.87
2018.01.19 12:26:33.053,0.89115,0.89125,1.50,3.00
2018.01.19 12:26:33.155,0.89113,0.89124,1.12,4.12
2018.01.19 12:26:33.718,0.89114,0.89124,1.00,5.25
2018.01.19 12:26:33.923,0.89116,0.89124,1.00,2.50
2018.01.19 12:26:34.993,0.89114,0.89124,1.00,2.50
2018.01.19 12:26:35.592,0.89114,0.89123,1.00,1.87
2018.01.19 12:26:37.676,0.89112,0.89123,2.25,1.50
2018.01.19 12:26:40.547,0.89114,0.89123,1.00,1.50
2018.01.19 12:26:43.751,0.89113,0.89123,1.50,1.87
2018.01.19 12:26:44.294,0.89114,0.89124,1.12,4.12
2018.01.19 12:26:45.394,0.89113,0.89124,1.12,2.87
2018.01.19 12:26:47.127,0.89114,0.89124,1.00,1.87
2018.01.19 12:26:47.179,0.89114,0.89124,1.50,1.00
2018.01.19 12:26:48.394,0.89114,0.89125,1.87,3.37
2018.01.19 12:26:49.018,0.89115,0.89125,1.00,3.37
2018.01.19 12:26:49.623,0.89115,0.89125,1.00,3.62
2018.01.19 12:26:51.247,0.89114,0.89125,1.50,3.37
2018.01.19 12:26:51.792,0.89114,0.89125,1.00,5.62
2018.01.19 12:26:52.356,0.89113,0.89125,2.62,6.74
2018.01.19 12:26:55.191,0.89115,0.89125,1.00,6.37
2018.01.19 12:26:56.045,0.89113,0.89125,3.00,6.37
2018.01.19 12:26:56.097,0.89115,0.89125,1.00,7.12
2018.01.19 12:26:56.619,0.89114,0.89125,1.50,6.62
2018.01.19 12:26:57.143,0.89115,0.89125,3.37,1.12
2018.01.19 12:26:57.452,0.8912,0.89128,1.50,1.00
2018.01.19 12:26:57.863,0.89118,0.89128,3.37,1.00
2018.01.19 12:26:57.916,0.89118,0.89128,1.00,6.74
2018.01.19 12:26:58.340,0.89116,0.89127,1.50,2.25
2018.01.19 12:26:59.738,0.89116,0.89126,1.00,1.87
2018.01.19 12:27:01.402,0.89116,0.89125,1.00,1.50
2018.01.19 12:27:02.319,0.89116,0.89125,1.87,1.00
2018.01.19 12:27:03.190,0.89116,0.89125,1.12,1.00
2018.01.19 12:27:04.429,0.89116,0.89126,1.12,2.62
2018.01.19 12:27:05.104,0.89116,0.89126,1.00,5.87
2018.01.19 12:27:05.771,0.89116,0.89125,1.00,2.25
2018.01.19 12:27:11.068,0.89116,0.89125,1.00,1.12
2018.01.19 12:27:11.392,0.89113,0.89124,1.00,3.00
2018.01.19 12:27:11.907,0.89113,0.89124,1.00,4.12
2018.01.19 12:27:12.910,0.89113,0.89123,1.00,2.25
2018.01.19 12:27:16.377,0.89113,0.89121,1.00,1.12
2018.01.19 12:27:16.429,0.89111,0.89121,1.00,3.37
2018.01.19 12:27:17.999,0.89111,0.89121,1.00,3.00
2018.01.19 12:27:19.083,0.89111,0.89121,1.12,1.87
2018.01.19 12:27:19.897,0.89111,0.89121,1.37,1.50
2018.01.19 12:27:21.436,0.89111,0.89121,1.00,1.87
2018.01.19 12:27:25.063,0.89109,0.89121,2.25,7.49
2018.01.19 12:27:27.917,0.89109,0.8912,1.12,2.62
2018.01.19 12:27:30.830,0.89109,0.8912,1.50,2.12
2018.01.19 12:27:32.081,0.89109,0.8912,1.50,1.00
2018.01.19 12:27:32.621,0.89109,0.8912,1.87,2.24
2018.01.19 12:27:33.214,0.8911,0.8912,1.00,1.00
2018.01.19 12:27:34.478,0.89111,0.8912,1.00,1.00
2018.01.19 12:27:34.996,0.89114,0.89122,1.00,2.25
2018.01.19 12:27:35.100,0.89115,0.89124,1.00,1.12
2018.01.19 12:27:36.518,0.89115,0.89125,1.00,4.12
2018.01.19 12:27:37.820,0.89116,0.89125,1.00,1.87
2018.01.19 12:27:37.927,0.89117,0.89126,1.75,1.50
2018.01.19 12:27:38.443,0.89116,0.89126,1.50,1.87
2018.01.19 12:27:38.547,0.89115,0.89126,1.87,2.87
2018.01.19 12:27:38.894,0.89114,0.89123,1.00,1.12
2018.01.19 12:27:38.996,0.89111,0.89121,1.87,1.50
2018.01.19 12:27:47.157,0.89111,0.89121,1.00,3.25
2018.01.19 12:27:51.027,0.89109,0.8912,1.87,4.12
2018.01.19 12:27:54.936,0.89109,0.8912,2.25,2.62
2018.01.19 12:27:56.147,0.89109,0.8912,1.50,2.87
2018.01.19 12:27:59.342,0.8911,0.8912,1.12,1.87
2018.01.19 12:28:01.767,0.8911,0.8912,2.62,1.50
2018.01.19 12:28:02.453,0.8911,0.8912,1.00,2.87
2018.01.19 12:28:02.990,0.8911,0.8912,1.00,2.50
2018.01.19 12:28:03.323,0.8911,0.8912,1.00,2.62
2018.01.19 12:28:06.097,0.8911,0.8912,1.00,2.24
2018.01.19 12:28:08.828,0.89111,0.89121,1.00,2.25
2018.01.19 12:28:08.986,0.89113,0.89123,1.00,2.25
2018.01.19 12:28:09.972,0.89113,0.89123,1.87,1.87
2018.01.19 12:28:11.313,0.89113,0.89123,1.12,2.12
2018.01.19 12:28:15.151,0.89113,0.89123,1.12,1.12
2018.01.19 12:28:15.521,0.89113,0.89123,3.00,1.12
2018.01.19 12:28:17.064,0.89114,0.89124,1.50,2.25
2018.01.19 12:28:17.602,0.89116,0.89125,1.00,1.12
2018.01.19 12:28:18.002,0.89113,0.89122,1.00,1.87
2018.01.19 12:28:18.054,0.89106,0.89117,1.87,2.25
2018.01.19 12:28:18.260,0.89106,0.89117,1.00,4.50
2018.01.19 12:28:18.417,0.89103,0.89113,1.50,2.62
2018.01.19 12:28:18.657,0.89101,0.89112,2.25,1.12
2018.01.19 12:28:19.811,0.89101,0.89112,4.50,2.50
2018.01.19 12:28:20.354,0.89101,0.89112,2.25,2.24
2018.01.19 12:28:21.600,0.89101,0.89112,1.12,2.62
2018.01.19 12:28:22.238,0.89104,0.89112,1.12,1.50
2018.01.19 12:28:22.345,0.89106,0.89114,1.00,1.00
2018.01.19 12:28:22.916,0.89104,0.89115,5.25,1.50
2018.01.19 12:28:23.306,0.89104,0.89115,2.25,1.50
2018.01.19 12:28:23.474,0.89107,0.89115,1.00,1.00
2018.01.19 12:28:23.829,0.89105,0.89115,1.12,1.00
2018.01.19 12:28:24.369,0.89105,0.89115,1.00,1.12
2018.01.19 12:28:24.559,0.89104,0.89115,2.25,5.25
2018.01.19 12:28:25.117,0.89104,0.89115,1.50,9.00
2018.01.19 12:28:25.582,0.89104,0.89115,1.50,5.25
2018.01.19 12:28:26.218,0.89104,0.89115,1.87,6.37
2018.01.19 12:28:31.712,0.89105,0.89115,1.00,3.37
2018.01.19 12:28:31.918,0.89106,0.89117,1.87,3.00
2018.01.19 12:28:33.375,0.89106,0.89117,2.25,1.50
2018.01.19 12:28:34.735,0.89106,0.89117,1.87,1.00
2018.01.19 12:28:35.710,0.89106,0.89117,1.87,2.25
2018.01.19 12:28:36.274,0.89106,0.89117,2.25,1.50
2018.01.19 12:28:36.963,0.89107,0.89117,1.12,1.00
2018.01.19 12:28:37.014,0.89103,0.89115,3.75,2.25
2018.01.19 12:28:37.066,0.89103,0.89114,1.37,1.50
2018.01.19 12:28:37.430,0.89102,0.89113,3.00,1.12
2018.01.19 12:28:38.095,0.89102,0.89113,3.00,1.37
2018.01.19 12:28:38.717,0.89102,0.89113,4.12,1.00
2018.01.19 12:28:41.774,0.89101,0.89113,1.37,7.00
2018.01.19 12:28:42.666,0.89101,0.89113,1.87,6.75
2018.01.19 12:28:43.777,0.89101,0.89113,2.25,4.12
2018.01.19 12:28:44.436,0.89103,0.89113,1.37,3.37
2018.01.19 12:28:45.015,0.89103,0.89113,1.00,2.25
2018.01.19 12:28:45.580,0.89102,0.89113,2.25,3.37
2018.01.19 12:28:55.384,0.89103,0.89113,1.00,2.24
2018.01.19 12:28:59.072,0.89103,0.89113,1.37,2.24
2018.01.19 12:28:59.534,0.89104,0.89115,3.00,1.12
2018.01.19 12:28:59.892,0.89108,0.89116,1.00,1.12
2018.01.19 12:29:01.571,0.89108,0.89118,1.50,3.37
2018.01.19 12:29:02.267,0.89107,0.89118,2.25,3.37
2018.01.19 12:29:03.415,0.89109,0.89118,1.00,2.62
2018.01.19 12:29:04.596,0.89107,0.89118,1.50,3.37
2018.01.19 12:29:04.912,0.89106,0.89116,1.50,4.12
2018.01.19 12:29:05.101,0.89104,0.89114,1.00,1.50
2018.01.19 12:29:05.355,0.89103,0.89112,1.00,1.12
2018.01.19 12:29:05.878,0.89103,0.89112,1.00,1.87
2018.01.19 12:29:07.474,0.89103,0.89112,1.00,7.37
2018.01.19 12:29:08.613,0.89103,0.89111,1.00,2.62
2018.01.19 12:29:08.956,0.89101,0.8911,1.12,1.50
2018.01.19 12:29:09.009,0.89101,0.8911,1.12,1.12
2018.01.19 12:29:09.134,0.89103,0.8911,1.00,1.87
2018.01.19 12:29:09.676,0.89102,0.8911,1.00,1.00
2018.01.19 12:29:10.112,0.89101,0.8911,1.00,1.50
2018.01.19 12:29:10.354,0.89086,0.89097,2.25,2.62
2018.01.19 12:29:11.237,0.89086,0.89097,2.25,2.99
2018.01.19 12:29:11.665,0.89085,0.89096,1.75,3.37
2018.01.19 12:29:11.717,0.89085,0.89095,1.12,1.50
2018.01.19 12:29:12.261,0.89085,0.89095,1.12,5.49
2018.01.19 12:29:13.112,0.89085,0.89095,1.12,5.25
2018.01.19 12:29:13.164,0.89085,0.89095,1.87,3.37
2018.01.19 12:29:13.784,0.89085,0.89095,2.25,3.99
2018.01.19 12:29:14.329,0.89083,0.89095,3.00,3.74
2018.01.19 12:29:14.867,0.89083,0.89094,1.87,3.00
2018.01.19 12:29:15.149,0.89081,0.89094,3.00,11.62
2018.01.19 12:29:15.737,0.89082,0.89092,1.00,4.87
2018.01.19 12:29:16.308,0.89082,0.89092,1.50,4.50
2018.01.19 12:29:16.615,0.89083,0.89093,1.12,2.25
2018.01.19 12:29:17.326,0.89084,0.89093,1.00,2.25
2018.01.19 12:29:17.846,0.89084,0.89093,1.12,1.12
2018.01.19 12:29:19.973,0.89084,0.89094,1.12,3.00
2018.01.19 12:29:20.025,0.89087,0.89094,1.00,1.12
2018.01.19 12:29:20.077,0.89087,0.89096,1.12,1.50
2018.01.19 12:29:20.283,0.89084,0.89095,1.87,2.62
2018.01.19 12:29:20.587,0.89085,0.89094,1.00,4.12
2018.01.19 12:29:21.127,0.89085,0.89094,1.00,1.00
2018.01.19 12:29:22.920,0.89086,0.89094,1.00,2.24
2018.01.19 12:29:23.761,0.89086,0.89095,1.00,1.87
2018.01.19 12:29:24.081,0.89088,0.89096,1.00,1.12
2018.01.19 12:29:24.602,0.89088,0.89097,1.00,1.50
2018.01.19 12:29:26.776,0.89088,0.89098,1.87,4.50
2018.01.19 12:29:28.004,0.89089,0.89098,1.00,4.50
2018.01.19 12:29:30.016,0.89088,0.89098,1.87,3.75
2018.01.19 12:29:30.119,0.89088,0.89098,1.87,2.25
2018.01.19 12:29:30.547,0.8909,0.89098,1.00,3.25
2018.01.19 12:29:30.598,0.89088,0.89098,1.00,3.25
2018.01.19 12:29:30.934,0.8909,0.89098,1.00,1.12
2018.01.19 12:29:31.463,0.89092,0.891,1.00,2.62
2018.01.19 12:29:31.567,0.89092,0.89103,1.50,2.25
2018.01.19 12:29:31.669,0.89091,0.89102,1.12,4.87
2018.01.19 12:29:31.991,0.89092,0.89101,1.00,3.00
2018.01.19 12:29:32.211,0.89092,0.89101,1.00,2.25
2018.01.19 12:29:32.398,0.8909,0.89101,1.50,3.74
2018.01.19 12:29:32.942,0.89089,0.891,1.00,3.00
2018.01.19 12:29:33.502,0.89087,0.89098,1.87,2.62
2018.01.19 12:29:33.606,0.89082,0.89092,1.00,1.87
2018.01.19 12:29:33.659,0.89081,0.89091,1.50,2.25
2018.01.19 12:29:33.711,0.89078,0.8909,3.00,2.62
2018.01.19 12:29:33.885,0.89077,0.89088,2.25,3.37
2018.01.19 12:29:34.353,0.89073,0.89082,1.37,1.12
2018.01.19 12:29:34.411,0.8907,0.89081,1.50,6.37
2018.01.19 12:29:34.876,0.89073,0.89083,1.12,1.50
2018.01.19 12:29:34.927,0.89073,0.89083,1.12,1.50
2018.01.19 12:29:34.980,0.89072,0.89083,1.87,2.62
2018.01.19 12:29:35.135,0.8907,0.89082,3.00,1.12
2018.01.19 12:29:35.689,0.89071,0.89081,1.12,3.00
2018.01.19 12:29:36.196,0.89071,0.89081,1.37,2.62
2018.01.19 12:29:36.556,0.89075,0.89082,1.00,1.00
2018.01.19 12:29:37.093,0.89075,0.89083,1.00,1.12
2018.01.19 12:29:37.847,0.89074,0.89084,1.00,2.62
2018.01.19 12:29:38.376,0.89073,0.89084,1.00,3.37
2018.01.19 12:29:38.788,0.89073,0.89081,1.00,1.12
2018.01.19 12:29:39.060,0.89066,0.89075,1.00,1.12
2018.01.19 12:29:39.163,0.89068,0.89076,1.00,1.50
2018.01.19 12:29:39.698,0.89067,0.89077,1.00,2.25
2018.01.19 12:29:40.338,0.89068,0.89077,1.00,1.87
2018.01.19 12:29:40.888,0.89067,0.89077,1.50,3.00
2018.01.19 12:29:41.430,0.89067,0.89077,1.50,2.25
2018.01.19 12:29:42.416,0.89068,0.89077,1.00,1.50
2018.01.19 12:29:43.154,0.8907,0.89078,1.00,1.50
2018.01.19 12:29:43.269,0.89069,0.89079,1.00,1.00
2018.01.19 12:29:43.624,0.89073,0.8908,1.00,3.37
2018.01.19 12:29:43.726,0.89073,0.89082,1.50,1.00
2018.01.19 12:29:44.082,0.89072,0.89082,2.62,4.12
2018.01.19 12:29:44.184,0.89069,0.8908,1.12,3.75
2018.01.19 12:29:44.401,0.8907,0.8908,1.50,1.37
2018.01.19 12:29:44.452,0.89072,0.8908,1.00,1.37
2018.01.19 12:29:44.963,0.89071,0.8908,1.00,1.00
2018.01.19 12:29:45.339,0.89075,0.89083,1.00,1.37
2018.01.19 12:29:45.493,0.89071,0.89082,1.87,3.75
2018.01.19 12:29:45.594,0.89071,0.89082,1.00,7.49
2018.01.19 12:29:46.140,0.89072,0.89082,1.00,6.75
2018.01.19 12:29:46.929,0.89073,0.89082,1.00,1.87
2018.01.19 12:29:47.134,0.8907,0.89081,1.87,1.50
2018.01.19 12:29:47.387,0.89072,0.89081,1.00,3.00
2018.01.19 12:29:47.895,0.89071,0.89081,1.50,1.75
2018.01.19 12:29:48.160,0.89072,0.89082,1.00,3.75
2018.01.19 12:29:49.862,0.8907,0.89079,4.12,1.12
2018.01.19 12:29:49.964,0.89069,0.89079,1.00,2.50
2018.01.19 12:29:50.544,0.89071,0.89079,1.00,1.00
2018.01.19 12:29:50.787,0.89072,0.89081,1.00,1.00
2018.01.19 12:29:51.109,0.89076,0.89082,1.00,1.50
2018.01.19 12:29:51.160,0.89076,0.89085,1.00,2.62
2018.01.19 12:29:51.301,0.89078,0.89085,1.00,1.00
2018.01.19 12:29:51.357,0.89077,0.89087,1.12,1.12
2018.01.19 12:29:51.560,0.89079,0.89088,1.00,1.00
2018.01.19 12:29:51.815,0.8908,0.8909,3.00,1.00
2018.01.19 12:29:51.967,0.8908,0.8909,1.87,1.00
2018.01.19 12:29:52.157,0.8908,0.8909,1.00,3.37
2018.01.19 12:29:52.658,0.89079,0.8909,2.25,1.87
2018.01.19 12:29:53.812,0.8908,0.8909,1.50,2.25
2018.01.19 12:29:54.313,0.89079,0.8909,1.12,3.00
2018.01.19 12:29:55.174,0.89076,0.89086,1.50,1.50
2018.01.19 12:29:55.277,0.89073,0.89084,1.12,1.12
2018.01.19 12:29:55.506,0.89073,0.89083,1.00,4.12
2018.01.19 12:29:56.822,0.89072,0.89082,1.00,4.12
2018.01.19 12:29:58.551,0.89072,0.89082,1.00,4.12
2018.01.19 12:29:59.062,0.89073,0.89082,1.00,3.37
2018.01.19 12:29:59.840,0.89073,0.89083,1.00,1.87
2018.01.19 12:30:00.568,0.89073,0.89083,1.00,2.25
2018.01.19 12:30:01.356,0.89074,0.89083,1.00,1.00
2018.01.19 12:30:01.949,0.89077,0.89085,1.00,4.12
2018.01.19 12:30:02.051,0.89078,0.89087,1.00,2.25
2018.01.19 12:30:02.962,0.89078,0.89088,1.00,2.25
2018.01.19 12:30:03.539,0.89079,0.89088,1.00,1.50
2018.01.19 12:30:05.191,0.8908,0.89088,1.50,1.12
2018.01.19 12:30:06.925,0.89078,0.89089,1.87,3.00
2018.01.19 12:30:07.404,0.89081,0.89089,1.00,5.25
2018.01.19 12:30:07.920,0.89081,0.89089,1.00,3.62
2018.01.19 12:30:08.662,0.89081,0.89089,1.50,4.74
2018.01.19 12:30:08.767,0.89084,0.89092,1.00,1.37
2018.01.19 12:30:08.820,0.89084,0.89094,2.25,1.00
2018.01.19 12:30:08.875,0.89087,0.89096,1.00,2.25
2018.01.19 12:30:09.630,0.89088,0.89096,1.00,2.24
2018.01.19 12:30:10.226,0.89087,0.89096,1.00,3.00
2018.01.19 12:30:13.172,0.89087,0.89096,1.00,2.87
2018.01.19 12:30:13.951,0.89086,0.89095,1.00,2.25
2018.01.19 12:30:14.501,0.89086,0.89094,1.00,3.00
2018.01.19 12:30:15.855,0.89086,0.89095,1.00,1.12
2018.01.19 12:30:16.113,0.89085,0.89096,1.87,2.62
2018.01.19 12:30:17.080,0.89084,0.89093,1.00,1.12
2018.01.19 12:30:17.132,0.89082,0.89093,1.50,2.62
2018.01.19 12:30:18.333,0.89084,0.89093,1.00,2.87
2018.01.19 12:30:18.867,0.89084,0.89093,1.00,1.50
2018.01.19 12:30:19.640,0.89084,0.89093,1.00,1.50
2018.01.19 12:30:20.272,0.89084,0.89093,1.00,1.50
2018.01.19 12:30:21.901,0.89084,0.89093,1.00,1.50
2018.01.19 12:30:23.959,0.89084,0.89093,1.50,3.37
2018.01.19 12:30:24.064,0.89085,0.89095,1.00,1.87
2018.01.19 12:30:24.612,0.89086,0.89095,1.50,1.00
2018.01.19 12:30:25.680,0.89087,0.89096,1.00,2.25
2018.01.19 12:30:27.428,0.89086,0.89096,1.00,2.87
2018.01.19 12:30:27.529,0.89084,0.89094,1.12,2.62
2018.01.19 12:30:33.477,0.89083,0.89094,2.62,5.25
2018.01.19 12:30:36.201,0.89084,0.89094,1.12,2.62
2018.01.19 12:30:37.824,0.89084,0.89094,2.25,1.12
2018.01.19 12:30:38.363,0.89085,0.89094,1.00,1.00
2018.01.19 12:30:41.487,0.89084,0.89094,1.87,1.87
2018.01.19 12:30:44.864,0.89084,0.89094,1.00,4.37
2018.01.19 12:30:45.068,0.89082,0.89094,1.87,4.12
2018.01.19 12:30:45.904,0.89081,0.89094,4.12,6.00
2018.01.19 12:30:46.163,0.89081,0.89093,1.12,5.25
2018.01.19 12:30:46.678,0.89083,0.89092,1.00,1.12
2018.01.19 12:30:47.225,0.89081,0.89092,2.62,3.00
2018.01.19 12:30:48.078,0.89083,0.89092,1.00,1.12
2018.01.19 12:30:48.688,0.89082,0.89092,1.12,1.87
2018.01.19 12:30:49.235,0.89084,0.89092,1.00,1.00
2018.01.19 12:30:49.288,0.89085,0.89095,1.00,4.12
2018.01.19 12:30:49.939,0.89086,0.89096,1.00,3.37
2018.01.19 12:30:50.277,0.89085,0.89095,1.00,5.25
2018.01.19 12:30:51.066,0.89085,0.89095,1.50,2.99
2018.01.19 12:30:53.012,0.89084,0.89095,1.12,3.37
2018.01.19 12:30:55.299,0.89084,0.89094,1.00,1.50
2018.01.19 12:30:57.423,0.89084,0.89093,1.00,1.87
2018.01.19 12:30:57.474,0.89082,0.89093,1.87,2.87
2018.01.19 12:30:59.356,0.89084,0.89092,1.00,1.12
2018.01.19 12:30:59.459,0.89084,0.89094,1.50,1.87
2018.01.19 12:31:00.328,0.89084,0.89094,1.00,2.62
2018.01.19 12:31:00.841,0.89084,0.89094,1.00,2.62
2018.01.19 12:31:01.539,0.89083,0.89094,2.25,2.62
2018.01.19 12:31:02.709,0.89081,0.89091,3.00,1.12
2018.01.19 12:31:02.761,0.8908,0.89091,1.00,4.87
2018.01.19 12:31:02.862,0.8908,0.8909,1.00,1.87
2018.01.19 12:31:03.116,0.89078,0.89089,1.12,4.12
2018.01.19 12:31:03.758,0.89076,0.89087,4.87,1.50
2018.01.19 12:31:03.810,0.89076,0.89087,1.50,7.87
2018.01.19 12:31:04.358,0.89075,0.89085,1.12,1.12
2018.01.19 12:31:04.976,0.89075,0.89085,1.12,3.75
2018.01.19 12:31:05.730,0.89072,0.89083,3.00,2.25
2018.01.19 12:31:06.035,0.89073,0.89083,1.37,1.12
2018.01.19 12:31:06.879,0.89074,0.89083,1.00,1.87
2018.01.19 12:31:07.511,0.89073,0.89083,1.12,1.87
2018.01.19 12:31:07.879,0.89071,0.89081,2.62,1.12
2018.01.19 12:31:08.409,0.89071,0.89081,2.25,1.00
2018.01.19 12:31:08.924,0.89071,0.89081,1.00,3.25
2018.01.19 12:31:09.082,0.89072,0.89082,1.50,1.50
2018.01.19 12:31:09.309,0.89072,0.89082,3.37,1.50
2018.01.19 12:31:09.361,0.89072,0.89082,1.50,1.50
2018.01.19 12:31:10.014,0.89071,0.89082,1.37,3.37
2018.01.19 12:31:10.506,0.8907,0.89081,1.12,4.12
2018.01.19 12:31:11.130,0.8907,0.89079,1.12,1.87
2018.01.19 12:31:11.455,0.89067,0.89077,1.87,1.50
2018.01.19 12:31:11.610,0.89066,0.89076,1.00,1.50
2018.01.19 12:31:11.662,0.89066,0.89075,1.00,1.12
2018.01.19 12:31:12.206,0.89066,0.89075,1.00,2.50
2018.01.19 12:31:12.739,0.89067,0.89074,1.00,1.12
2018.01.19 12:31:13.274,0.89067,0.89074,1.00,2.24
2018.01.19 12:31:13.897,0.89067,0.89074,1.00,1.50
2018.01.19 12:31:14.155,0.89064,0.89074,1.12,4.87
2018.01.19 12:31:14.261,0.89061,0.89071,1.50,1.50
2018.01.19 12:31:14.573,0.89061,0.8907,1.12,1.12
2018.01.19 12:31:14.736,0.89062,0.89071,1.37,1.50
2018.01.19 12:31:14.788,0.89067,0.89074,1.00,1.12
2018.01.19 12:31:14.839,0.89064,0.89074,1.87,1.12
2018.01.19 12:31:14.992,0.89063,0.89073,1.12,3.00
2018.01.19 12:31:15.504,0.89063,0.89073,1.00,3.37
2018.01.19 12:31:16.032,0.89062,0.89073,1.12,4.37
2018.01.19 12:31:16.341,0.8906,0.8907,1.12,4.87
2018.01.19 12:31:16.888,0.89059,0.89069,1.50,2.62
2018.01.19 12:31:19.893,0.89058,0.89069,1.12,5.99
2018.01.19 12:31:23.650,0.8906,0.89069,1.00,2.12
2018.01.19 12:31:24.161,0.89059,0.89069,1.87,2.24
2018.01.19 12:31:26.003,0.89059,0.89068,1.12,2.62
2018.01.19 12:31:26.719,0.89059,0.89068,1.00,3.37
2018.01.19 12:31:30.585,0.89058,0.89068,1.12,6.00
2018.01.19 12:31:32.533,0.89057,0.89067,1.12,1.50
2018.01.19 12:31:33.085,0.89057,0.89065,1.00,1.12
2018.01.19 12:31:33.649,0.89057,0.89065,1.37,1.87
2018.01.19 12:31:34.285,0.89058,0.89067,1.12,1.87
2018.01.19 12:31:36.472,0.89058,0.89067,1.00,2.25
2018.01.19 12:31:41.116,0.89057,0.89067,1.12,4.50
2018.01.19 12:31:42.236,0.89056,0.89067,1.50,4.12
2018.01.19 12:31:43.016,0.89056,0.89067,1.12,7.12
2018.01.19 12:31:44.063,0.89056,0.89066,1.12,2.25
2018.01.19 12:31:44.320,0.89052,0.89062,1.00,2.25
2018.01.19 12:31:44.372,0.89051,0.8906,1.12,3.00
2018.01.19 12:31:45.321,0.8905,0.89059,1.12,2.25
2018.01.19 12:31:46.390,0.89048,0.89057,1.50,1.12
2018.01.19 12:31:46.887,0.8905,0.89057,1.37,1.50
2018.01.19 12:31:47.509,0.8905,0.89058,1.12,1.12
2018.01.19 12:31:48.507,0.8905,0.89059,1.12,2.62
2018.01.19 12:31:49.018,0.8905,0.89059,1.12,3.00
2018.01.19 12:31:49.628,0.8905,0.89059,1.50,3.37
2018.01.19 12:31:50.118,0.89049,0.89059,1.12,6.00
2018.01.19 12:31:50.701,0.89049,0.89059,1.12,3.37
2018.01.19 12:31:51.069,0.89051,0.89059,1.00,4.12
2018.01.19 12:31:52.539,0.89051,0.89059,1.00,1.50
2018.01.19 12:31:53.067,0.89051,0.89059,1.00,3.37
2018.01.19 12:31:56.094,0.89051,0.89059,1.37,3.37
2018.01.19 12:31:58.437,0.8905,0.89059,1.87,3.37
2018.01.19 12:32:00.414,0.89052,0.8906,1.00,1.50
2018.01.19 12:32:00.724,0.89053,0.89061,1.50,1.00
2018.01.19 12:32:02.163,0.89053,0.89062,1.87,3.37
2018.01.19 12:32:02.799,0.89053,0.89062,2.25,4.50
2018.01.19 12:32:02.851,0.89054,0.89062,1.12,1.00
2018.01.19 12:32:03.006,0.89053,0.89062,2.25,2.62
2018.01.19 12:32:03.872,0.89053,0.89062,1.87,2.25
2018.01.19 12:32:06.019,0.89053,0.89062,1.50,1.50
2018.01.19 12:32:06.532,0.89054,0.89063,1.87,1.00
2018.01.19 12:32:07.286,0.89054,0.89063,1.50,1.37
2018.01.19 12:32:07.514,0.89056,0.89064,1.00,1.00
2018.01.19 12:32:07.849,0.89059,0.89069,1.00,3.37
2018.01.19 12:32:08.505,0.89061,0.89069,1.00,2.62
2018.01.19 12:32:09.690,0.89061,0.89069,1.00,1.00
2018.01.19 12:32:10.443,0.89062,0.89069,1.00,1.00
2018.01.19 12:32:10.783,0.89062,0.89069,1.00,3.37
2018.01.19 12:32:10.886,0.89061,0.89069,1.12,1.12
2018.01.19 12:32:13.087,0.89061,0.8907,1.00,1.00
2018.01.19 12:32:15.225,0.8906,0.8907,1.12,3.00
2018.01.19 12:32:15.276,0.8906,0.8907,1.12,6.74
2018.01.19 12:32:15.629,0.8906,0.8907,1.12,3.62
2018.01.19 12:32:16.727,0.8906,0.8907,1.37,3.62
2018.01.19 12:32:17.428,0.8906,0.8907,1.00,3.62
2018.01.19 12:32:18.397,0.8906,0.8907,1.37,4.12
2018.01.19 12:32:19.017,0.8906,0.8907,1.12,4.12
2018.01.19 12:32:21.008,0.89058,0.89069,2.62,1.12
2018.01.19 12:32:21.164,0.89059,0.89068,1.00,1.50
2018.01.19 12:32:21.742,0.89059,0.89068,1.00,4.12
2018.01.19 12:32:22.533,0.89058,0.89068,1.12,4.12
2018.01.19 12:32:23.078,0.89059,0.89068,1.12,2.12
2018.01.19 12:32:23.592,0.89059,0.89068,1.12,1.12
2018.01.19 12:32:24.107,0.8906,0.8907,1.12,3.75
2018.01.19 12:32:24.919,0.8906,0.8907,1.12,4.12
2018.01.19 12:32:25.850,0.8906,0.8907,1.00,3.25
2018.01.19 12:32:26.610,0.8906,0.8907,1.12,3.37
2018.01.19 12:32:26.662,0.89058,0.89069,2.62,3.75
2018.01.19 12:32:27.364,0.89059,0.89069,1.00,3.00
2018.01.19 12:32:28.067,0.89058,0.89069,1.50,3.37
2018.01.19 12:32:28.615,0.89059,0.89069,1.00,5.24
2018.01.19 12:32:29.001,0.89057,0.89068,2.62,1.12
2018.01.19 12:32:29.753,0.89058,0.89068,1.00,2.99
2018.01.19 12:32:30.288,0.89057,0.89068,2.62,3.74
2018.01.19 12:32:31.802,0.89059,0.89068,1.00,4.12
2018.01.19 12:32:32.755,0.89057,0.89068,1.50,2.62
2018.01.19 12:32:33.426,0.89057,0.89068,1.12,4.12
2018.01.19 12:32:38.103,0.89057,0.89068,1.50,2.25
2018.01.19 12:32:38.412,0.89056,0.89066,1.12,2.62
2018.01.19 12:32:39.075,0.89056,0.89066,1.12,1.87
2018.01.19 12:32:39.951,0.89056,0.89066,1.87,1.37
2018.01.19 12:32:40.452,0.89056,0.89066,1.12,2.25
2018.01.19 12:32:41.354,0.89056,0.89066,1.00,3.00
2018.01.19 12:32:42.829,0.89056,0.89066,1.87,1.50
2018.01.19 12:32:43.435,0.89056,0.89066,1.87,1.12
2018.01.19 12:32:44.487,0.89056,0.89066,1.87,2.12
2018.01.19 12:32:45.010,0.89057,0.89066,1.00,1.12
2018.01.19 12:32:45.704,0.89059,0.89069,1.87,1.87
2018.01.19 12:32:46.228,0.8906,0.89069,1.00,2.62
2018.01.19 12:32:46.941,0.89058,0.89069,1.87,2.12
2018.01.19 12:32:51.354,0.89058,0.89068,1.12,1.87
2018.01.19 12:32:53.076,0.8906,0.89068,1.12,1.12
2018.01.19 12:32:57.334,0.89059,0.89068,1.12,1.00
2018.01.19 12:32:58.028,0.89058,0.89068,3.00,2.25
2018.01.19 12:32:58.551,0.89058,0.89068,1.50,1.50
2018.01.19 12:33:04.928,0.89059,0.89069,1.12,1.00
2018.01.19 12:33:05.135,0.8906,0.89071,1.50,3.37
2018.01.19 12:33:06.122,0.89062,0.89071,1.00,1.37
2018.01.19 12:33:06.327,0.89062,0.89071,1.00,1.00
2018.01.19 12:33:06.892,0.89061,0.89072,2.62,1.87
2018.01.19 12:33:07.521,0.89061,0.89072,2.62,1.87
2018.01.19 12:33:09.090,0.89062,0.89072,1.37,1.50
2018.01.19 12:33:15.318,0.89062,0.89072,1.00,2.62
2018.01.19 12:33:15.873,0.89062,0.89072,1.00,3.37
2018.01.19 12:33:16.635,0.89062,0.89072,1.00,3.37
2018.01.19 12:33:16.686,0.89062,0.89072,1.50,1.00
2018.01.19 12:33:17.189,0.89063,0.89073,1.00,6.00
2018.01.19 12:33:17.746,0.89064,0.89073,1.00,2.25
2018.01.19 12:33:18.270,0.89065,0.89074,1.12,1.12
2018.01.19 12:33:18.959,0.89066,0.89075,1.00,2.25
2018.01.19 12:33:19.142,0.89068,0.89078,2.25,1.50
2018.01.19 12:33:20.633,0.89069,0.89078,1.87,1.50
2018.01.19 12:33:21.352,0.89069,0.89078,1.87,1.50
2018.01.19 12:33:22.510,0.8907,0.89078,1.12,1.00
2018.01.19 12:33:23.060,0.89071,0.8908,1.00,1.87
2018.01.19 12:33:24.637,0.89071,0.89081,1.00,3.00
2018.01.19 12:33:25.209,0.8907,0.89079,1.12,1.12
2018.01.19 12:33:26.557,0.8907,0.89079,1.12,1.12
2018.01.19 12:33:28.295,0.8907,0.89079,1.87,1.00
2018.01.19 12:33:28.838,0.8907,0.89079,1.50,1.50
2018.01.19 12:33:33.348,0.8907,0.8908,1.12,2.25
2018.01.19 12:33:34.961,0.8907,0.89081,1.37,4.50
2018.01.19 12:33:35.406,0.89074,0.89082,1.12,1.12
2018.01.19 12:33:43.491,0.89073,0.89083,1.00,3.37
2018.01.19 12:33:44.434,0.89073,0.89083,1.37,3.37
2018.01.19 12:33:45.714,0.89073,0.89083,1.00,3.37
2018.01.19 12:33:46.235,0.89072,0.89083,1.50,4.50
2018.01.19 12:33:46.585,0.89071,0.89079,1.00,1.12
2018.01.19 12:33:46.641,0.89068,0.89078,1.00,3.75
2018.01.19 12:33:46.692,0.89069,0.89079,2.20,2.25
2018.01.19 12:33:46.892,0.89072,0.89082,1.50,2.25
2018.01.19 12:33:47.356,0.89072,0.89082,1.87,1.12
2018.01.19 12:33:48.030,0.89072,0.89082,1.50,1.50
2018.01.19 12:33:48.212,0.89073,0.89083,1.12,1.50
2018.01.19 12:33:48.265,0.89074,0.89083,1.37,1.00
2018.01.19 12:33:48.793,0.89074,0.89083,1.87,1.37
2018.01.19 12:33:49.477,0.89074,0.89084,2.62,3.00
2018.01.19 12:33:49.998,0.89074,0.89084,3.00,3.00
2018.01.19 12:33:50.383,0.89074,0.89084,3.00,2.62
2018.01.19 12:33:51.490,0.89076,0.89084,1.12,1.00
2018.01.19 12:33:52.377,0.89076,0.89084,1.37,1.00
2018.01.19 12:33:53.919,0.89076,0.89085,1.37,1.00
2018.01.19 12:33:54.613,0.89076,0.89086,1.12,1.87
2018.01.19 12:33:55.142,0.89077,0.89087,1.00,4.12
2018.01.19 12:33:55.480,0.89079,0.89089,1.12,3.37
2018.01.19 12:33:56.272,0.89078,0.89089,3.00,2.62
2018.01.19 12:33:56.788,0.8908,0.8909,1.87,4.50
2018.01.19 12:33:56.891,0.89081,0.8909,1.12,1.50
2018.01.19 12:33:57.433,0.8908,0.8909,1.00,1.87
2018.01.19 12:33:57.934,0.89079,0.8909,1.12,5.99
2018.01.19 12:34:00.895,0.89078,0.89089,1.87,2.25
2018.01.19 12:34:03.656,0.89076,0.89089,5.62,4.49
2018.01.19 12:34:04.578,0.89076,0.89089,5.25,5.62
2018.01.19 12:34:05.337,0.89076,0.89089,4.50,4.87
2018.01.19 12:34:05.388,0.89076,0.89088,4.50,1.12
2018.01.19 12:34:05.773,0.89076,0.89088,4.50,2.62
2018.01.19 12:34:05.979,0.89076,0.89087,1.87,1.50
2018.01.19 12:34:06.031,0.89075,0.89085,1.87,3.00
2018.01.19 12:34:06.084,0.89074,0.89083,1.12,1.12
2018.01.19 12:34:06.258,0.89074,0.89083,1.12,3.75
2018.01.19 12:34:06.960,0.89073,0.89082,1.00,1.87
2018.01.19 12:34:07.012,0.89073,0.89082,1.12,1.00
2018.01.19 12:34:07.064,0.89073,0.89082,2.62,1.50
2018.01.19 12:34:07.677,0.89073,0.89082,1.50,2.25
2018.01.19 12:34:08.182,0.89073,0.89082,1.00,1.12
2018.01.19 12:34:08.703,0.89072,0.89082,2.25,3.00
2018.01.19 12:34:09.966,0.89072,0.89082,2.25,1.50
2018.01.19 12:34:10.354,0.89073,0.89082,1.37,1.00
2018.01.19 12:34:10.895,0.89073,0.89083,1.87,1.50
2018.01.19 12:34:11.812,0.89073,0.89083,2.62,2.87
2018.01.19 12:34:13.848,0.89073,0.89083,1.12,2.50
2018.01.19 12:34:14.385,0.89072,0.89083,2.62,1.50
2018.01.19 12:34:15.849,0.89071,0.89081,1.87,1.12
2018.01.19 12:34:26.440,0.89071,0.89081,1.50,1.12
2018.01.19 12:34:27.123,0.8907,0.89079,1.00,1.87
2018.01.19 12:34:27.431,0.89067,0.89078,1.37,1.87
2018.01.19 12:34:28.300,0.89066,0.89077,4.50,2.62
2018.01.19 12:34:29.908,0.89065,0.89076,2.62,2.62
2018.01.19 12:34:30.497,0.89065,0.89076,4.50,3.62
2018.01.19 12:34:30.817,0.89065,0.89074,1.50,1.50
2018.01.19 12:34:30.919,0.89064,0.89074,1.87,4.37
2018.01.19 12:34:31.942,0.89064,0.89074,1.12,4.37
2018.01.19 12:34:32.462,0.89065,0.89074,1.00,2.50
2018.01.19 12:34:32.989,0.89064,0.89074,1.87,2.50
2018.01.19 12:34:33.526,0.89064,0.89074,2.25,2.50
2018.01.19 12:34:33.731,0.89063,0.89071,1.00,1.50
2018.01.19 12:34:33.834,0.8906,0.89069,1.12,1.12
2018.01.19 12:34:33.936,0.89058,0.89069,2.25,3.37
2018.01.19 12:34:34.422,0.89058,0.89069,3.37,1.37
2018.01.19 12:34:35.016,0.89058,0.89069,4.12,1.12
2018.01.19 12:34:35.610,0.89058,0.89069,3.37,4.12
2018.01.19 12:34:36.317,0.89058,0.89069,3.00,4.87
2018.01.19 12:34:38.462,0.89058,0.89069,1.00,8.62
2018.01.19 12:34:39.089,0.89059,0.89069,1.12,2.87
2018.01.19 12:34:40.009,0.8906,0.89069,1.00,2.12
2018.01.19 12:34:47.111,0.8906,0.89071,2.62,4.12
2018.01.19 12:34:47.162,0.89063,0.89071,1.75,1.12
2018.01.19 12:34:47.264,0.89065,0.89074,1.00,1.00
2018.01.19 12:34:47.803,0.89065,0.89076,2.62,2.62
2018.01.19 12:34:48.499,0.89066,0.89076,1.12,1.87
2018.01.19 12:34:52.631,0.89066,0.89076,1.37,1.87
2018.01.19 12:34:54.289,0.89067,0.89076,1.12,2.12
2018.01.19 12:34:54.831,0.89067,0.89076,1.50,1.00
2018.01.19 12:34:55.570,0.89067,0.89076,1.50,1.00
2018.01.19 12:34:56.352,0.89067,0.89076,1.50,1.00
2018.01.19 12:34:57.146,0.89067,0.89077,1.12,3.00
2018.01.19 12:34:57.198,0.89068,0.89077,1.00,2.62
2018.01.19 12:34:58.119,0.89068,0.89077,1.00,4.50
2018.01.19 12:34:58.661,0.89067,0.89077,1.87,1.87
2018.01.19 12:35:01.124,0.89067,0.89077,1.87,2.12
2018.01.19 12:35:02.519,0.89067,0.89077,1.12,2.50
2018.01.19 12:35:03.401,0.89066,0.89077,1.87,2.87
2018.01.19 12:35:04.915,0.89066,0.89076,1.87,1.50
2018.01.19 12:35:05.419,0.89066,0.89076,2.62,1.87
2018.01.19 12:35:15.139,0.89069,0.89078,1.00,6.00
2018.01.19 12:35:15.191,0.89069,0.89078,1.12,1.87
2018.01.19 12:35:19.265,0.89066,0.89077,1.50,1.50
2018.01.19 12:35:19.570,0.89065,0.89075,2.62,2.62
2018.01.19 12:35:20.104,0.89066,0.89075,1.50,1.12
2018.01.19 12:35:20.438,0.89068,0.89077,1.00,1.50
2018.01.19 12:35:20.977,0.89068,0.89077,1.00,1.00
2018.01.19 12:35:21.553,0.89068,0.89078,1.12,1.87
2018.01.19 12:35:22.092,0.89068,0.89078,1.00,6.37
2018.01.19 12:35:24.400,0.89068,0.89078,1.12,4.12
2018.01.19 12:35:25.105,0.89068,0.89077,1.12,1.50
2018.01.19 12:35:25.757,0.89068,0.89077,1.12,2.25
2018.01.19 12:35:26.486,0.89068,0.89077,1.12,2.50
2018.01.19 12:35:27.380,0.89068,0.89077,1.12,2.87
2018.01.19 12:35:29.321,0.89068,0.89077,1.50,1.00
2018.01.19 12:35:29.425,0.89069,0.89078,1.50,1.00
2018.01.19 12:35:30.075,0.8907,0.89078,1.12,1.00
2018.01.19 12:35:30.621,0.89067,0.89078,5.25,1.12
2018.01.19 12:35:31.123,0.89067,0.89077,2.62,1.12
2018.01.19 12:35:31.225,0.89068,0.89077,2.62,2.12
2018.01.19 12:35:31.477,0.89067,0.89077,3.00,2.12
2018.01.19 12:35:32.190,0.89067,0.89077,4.87,2.12
2018.01.19 12:35:32.880,0.89068,0.89077,1.75,1.87
2018.01.19 12:35:33.087,0.89067,0.89077,3.37,4.12
2018.01.19 12:35:33.140,0.89066,0.89075,1.12,1.87
2018.01.19 12:35:33.245,0.89064,0.89073,1.50,1.12
2018.01.19 12:35:33.452,0.89062,0.89071,1.12,1.50
2018.01.19 12:35:33.588,0.8906,0.89069,2.25,1.87
2018.01.19 12:35:34.155,0.8906,0.89068,1.00,1.12
2018.01.19 12:35:34.488,0.89058,0.89067,1.12,1.12
2018.01.19 12:35:35.106,0.89058,0.89067,1.00,2.12
2018.01.19 12:35:35.798,0.89058,0.89067,1.00,2.12
2018.01.19 12:35:36.352,0.89057,0.89066,1.00,1.12
2018.01.19 12:35:37.584,0.89056,0.89065,1.87,1.12
2018.01.19 12:35:39.255,0.89056,0.89065,1.12,2.50
2018.01.19 12:35:39.412,0.89056,0.89062,1.00,1.12
2018.01.19 12:35:39.464,0.89054,0.89062,1.12,1.50
2018.01.19 12:35:42.047,0.89055,0.89063,2.25,1.00
2018.01.19 12:35:42.152,0.89056,0.89066,1.87,1.50
2018.01.19 12:35:42.420,0.89056,0.89065,1.50,1.12
2018.01.19 12:35:42.937,0.89054,0.89065,1.50,3.25
2018.01.19 12:35:43.444,0.89053,0.89064,1.37,2.62
2018.01.19 12:35:43.954,0.89053,0.89064,1.37,3.62
2018.01.19 12:35:44.466,0.89053,0.89063,1.12,1.87
2018.01.19 12:35:45.334,0.89053,0.89063,1.87,4.75
2018.01.19 12:35:45.885,0.89053,0.89063,1.50,4.00
2018.01.19 12:35:47.017,0.89053,0.89063,1.50,4.00
2018.01.19 12:35:47.885,0.89053,0.89063,1.12,4.12
2018.01.19 12:35:49.609,0.89053,0.89061,1.00,2.25
2018.01.19 12:35:50.731,0.89051,0.89061,1.12,1.42
2018.01.19 12:35:50.923,0.8905,0.89061,1.50,2.92
2018.01.19 12:35:52.338,0.8905,0.89061,2.25,2.55
2018.01.19 12:35:53.088,0.8905,0.8906,1.87,3.75
2018.01.19 12:35:53.392,0.89049,0.8906,1.87,5.55
2018.01.19 12:35:54.380,0.8905,0.89059,1.12,1.12
2018.01.19 12:35:56.821,0.8905,0.89059,1.12,2.79
2018.01.19 12:35:57.351,0.89049,0.89059,1.12,1.67
2018.01.19 12:35:58.661,0.89049,0.89059,1.00,1.80
2018.01.19 12:36:01.122,0.89049,0.89057,1.12,1.12
2018.01.19 12:36:03.188,0.89048,0.89057,1.87,1.12
2018.01.19 12:36:04.136,0.8905,0.89057,1.00,1.00
2018.01.19 12:36:04.944,0.89051,0.89057,1.00,1.00
2018.01.19 12:36:05.893,0.8905,0.89057,1.50,1.00
2018.01.19 12:36:05.944,0.89048,0.89057,3.00,1.00
2018.01.19 12:36:06.872,0.89048,0.89057,3.00,1.00
2018.01.19 12:36:07.413,0.89047,0.89056,1.12,1.50
2018.01.19 12:36:08.117,0.89047,0.89055,1.12,1.12
2018.01.19 12:36:08.669,0.89046,0.89055,1.50,1.00
2018.01.19 12:36:09.491,0.89046,0.89055,1.50,1.50
2018.01.19 12:36:10.047,0.89047,0.89056,1.12,1.00
2018.01.19 12:36:10.568,0.89048,0.89056,1.00,1.00
2018.01.19 12:36:11.439,0.89047,0.89056,1.00,1.50
2018.01.19 12:36:11.755,0.89047,0.89056,1.00,1.87
2018.01.19 12:36:12.482,0.89046,0.89056,1.00,1.87
2018.01.19 12:36:13.527,0.89047,0.89056,1.00,1.50
2018.01.19 12:36:13.757,0.89048,0.89057,1.00,1.37
2018.01.19 12:36:15.337,0.89046,0.89057,1.87,1.50
2018.01.19 12:36:16.383,0.89047,0.89057,1.00,2.99
2018.01.19 12:36:17.491,0.89048,0.89057,1.12,3.00
2018.01.19 12:36:17.542,0.89049,0.89057,1.37,3.00
2018.01.19 12:36:18.057,0.89048,0.89057,3.37,1.87
2018.01.19 12:36:18.897,0.89049,0.89057,1.37,2.25
2018.01.19 12:36:19.580,0.89048,0.89058,2.25,1.50
2018.01.19 12:36:20.651,0.89049,0.89059,1.87,4.12
2018.01.19 12:36:20.704,0.8905,0.89059,1.12,1.37
2018.01.19 12:36:23.797,0.89049,0.89059,1.87,1.37
2018.01.19 12:36:25.758,0.89046,0.89058,4.12,1.87
2018.01.19 12:36:27.859,0.89046,0.89058,3.37,6.74
2018.01.19 12:36:28.320,0.89045,0.89056,1.00,1.12
2018.01.19 12:36:28.422,0.89043,0.89055,2.25,2.62
2018.01.19 12:36:28.849,0.89043,0.89055,5.25,3.37
2018.01.19 12:36:29.379,0.89044,0.89055,1.37,3.62
2018.01.19 12:36:29.931,0.89043,0.89054,5.25,1.12
2018.01.19 12:36:30.493,0.89044,0.89054,1.00,2.24
2018.01.19 12:36:30.911,0.89045,0.89055,1.87,3.37
2018.01.19 12:36:32.799,0.89047,0.89055,1.37,1.00
2018.01.19 12:36:33.314,0.89047,0.89055,1.12,1.12
2018.01.19 12:36:33.934,0.89047,0.89055,1.37,1.12
2018.01.19 12:36:34.482,0.89046,0.89055,1.87,1.87
2018.01.19 12:36:35.017,0.89046,0.89055,1.00,1.87
2018.01.19 12:36:35.569,0.89046,0.89055,1.50,1.87
2018.01.19 12:36:37.114,0.89046,0.89055,1.00,1.87
2018.01.19 12:36:38.058,0.89046,0.89056,2.25,1.87
2018.01.19 12:36:38.261,0.89041,0.89051,1.20,6.75
2018.01.19 12:36:39.070,0.8904,0.8905,1.00,1.50
2018.01.19 12:36:39.363,0.89042,0.8905,1.50,1.12
2018.01.19 12:36:39.568,0.8904,0.8905,1.00,1.12
2018.01.19 12:36:42.015,0.89041,0.8905,1.00,2.62
2018.01.19 12:36:42.611,0.8904,0.8905,1.12,3.00
2018.01.19 12:36:44.065,0.89039,0.89049,1.00,1.50
2018.01.19 12:36:44.638,0.89038,0.89049,2.62,2.87
2018.01.19 12:36:45.843,0.89038,0.89049,2.62,2.87
2018.01.19 12:36:47.351,0.89039,0.89049,1.00,2.62
2018.01.19 12:36:47.898,0.89039,0.89049,1.00,3.37
2018.01.19 12:36:49.571,0.89038,0.89049,1.12,3.37
2018.01.19 12:36:49.673,0.89038,0.89048,1.00,3.00
2018.01.19 12:36:49.899,0.89038,0.89048,1.12,2.99
2018.01.19 12:36:51.323,0.89038,0.89048,2.25,3.24
2018.01.19 12:36:52.689,0.89038,0.89048,1.87,2.99
2018.01.19 12:36:52.741,0.89038,0.89048,4.12,2.62
2018.01.19 12:36:52.843,0.89038,0.89048,3.00,2.62
2018.01.19 12:36:54.798,0.89038,0.89048,1.50,2.25
2018.01.19 12:36:55.328,0.89038,0.89048,1.50,1.87
2018.01.19 12:36:57.140,0.89039,0.89048,1.00,1.87
2018.01.19 12:36:59.025,0.89038,0.89048,1.00,2.62
2018.01.19 12:37:01.627,0.89038,0.89048,2.25,1.87
2018.01.19 12:37:02.017,0.89042,0.8905,1.12,1.50
2018.01.19 12:37:02.120,0.89043,0.89052,1.12,1.50
2018.01.19 12:37:02.224,0.89044,0.89054,2.62,1.12
2018.01.19 12:37:03.016,0.89044,0.89054,3.37,1.37
2018.01.19 12:37:03.549,0.89044,0.89054,3.37,1.50
2018.01.19 12:37:05.035,0.89044,0.89054,3.75,1.12
2018.01.19 12:37:05.975,0.89044,0.89054,2.25,3.37
2018.01.19 12:37:06.877,0.89044,0.89054,1.00,2.62
2018.01.19 12:37:07.557,0.89045,0.89054,1.00,2.62
2018.01.19 12:37:08.212,0.89045,0.89054,1.00,2.24
2018.01.19 12:37:08.763,0.89045,0.89055,1.00,3.00
2018.01.19 12:37:09.067,0.89046,0.89056,1.37,2.62
2018.01.19 12:37:09.245,0.89045,0.89056,2.25,2.62
2018.01.19 12:37:09.296,0.89047,0.89056,1.00,2.62
2018.01.19 12:37:09.931,0.89048,0.89056,1.00,1.12
2018.01.19 12:37:10.457,0.89047,0.89056,1.87,1.12
2018.01.19 12:37:16.119,0.89047,0.89057,1.50,1.12
2018.01.19 12:37:17.221,0.89047,0.89057,1.12,2.12
2018.01.19 12:37:17.852,0.89047,0.89057,1.37,2.12
2018.01.19 12:37:18.122,0.89048,0.89058,4.50,2.62
2018.01.19 12:37:18.658,0.89049,0.89058,1.37,1.00
2018.01.19 12:37:19.691,0.8905,0.89059,1.00,1.87
2018.01.19 12:37:20.103,0.8905,0.8906,2.62,1.12
2018.01.19 12:37:20.659,0.89051,0.89062,1.87,2.62
2018.01.19 12:37:21.235,0.89051,0.89062,2.25,2.87
2018.01.19 12:37:22.640,0.89052,0.89062,1.50,2.87
2018.01.19 12:37:23.943,0.89051,0.89062,1.12,4.49
2018.01.19 12:37:25.327,0.89051,0.89062,1.37,5.25
2018.01.19 12:37:25.833,0.89051,0.89061,1.00,1.87
2018.01.19 12:37:27.328,0.89051,0.89061,1.00,2.50
2018.01.19 12:37:29.528,0.89051,0.89061,1.50,2.50
2018.01.19 12:37:29.580,0.8905,0.89061,2.62,5.25
2018.01.19 12:37:29.632,0.89049,0.89059,2.62,1.87
2018.01.19 12:37:29.736,0.89048,0.89058,2.25,2.25
2018.01.19 12:37:30.358,0.89048,0.89058,1.00,2.99
2018.01.19 12:37:30.914,0.89047,0.89058,4.50,2.62
2018.01.19 12:37:33.333,0.89048,0.89058,1.37,1.12
2018.01.19 12:37:34.989,0.89049,0.89059,2.25,1.87
2018.01.19 12:37:35.604,0.8905,0.89059,1.00,1.37
2018.01.19 12:37:36.536,0.89051,0.89059,1.00,1.87
2018.01.19 12:37:38.886,0.89051,0.8906,2.25,1.00
2018.01.19 12:37:38.988,0.89053,0.89061,1.50,1.12
2018.01.19 12:37:40.065,0.89052,0.89061,2.25,1.00
2018.01.19 12:37:41.183,0.89053,0.89062,1.50,1.50
2018.01.19 12:37:41.906,0.89052,0.89062,4.87,1.12
2018.01.19 12:37:44.716,0.89053,0.89062,1.12,1.12
2018.01.19 12:37:45.105,0.89055,0.89063,1.50,1.50
2018.01.19 12:37:45.525,0.89055,0.89064,3.37,1.37
2018.01.19 12:37:46.125,0.89056,0.89064,1.12,1.37
2018.01.19 12:37:46.983,0.89056,0.89064,1.50,1.12
2018.01.19 12:37:47.510,0.89057,0.89065,1.12,1.37
2018.01.19 12:37:48.047,0.89057,0.89065,1.12,1.12
2018.01.19 12:37:49.537,0.89056,0.89066,2.25,1.87
2018.01.19 12:37:50.512,0.89056,0.89066,1.12,1.37
2018.01.19 12:37:54.844,0.89055,0.89065,2.62,1.12
2018.01.19 12:37:56.719,0.89055,0.89065,2.25,3.25
2018.01.19 12:37:57.300,0.89054,0.89063,1.12,1.12
2018.01.19 12:37:57.821,0.89054,0.89063,1.50,2.24
2018.01.19 12:37:58.925,0.89054,0.89063,2.25,1.12
2018.01.19 12:37:59.437,0.89054,0.89064,1.87,1.87
2018.01.19 12:37:59.989,0.89054,0.89064,2.62,2.25
2018.01.19 12:38:00.661,0.89055,0.89065,4.12,1.12
2018.01.19 12:38:00.714,0.89058,0.89067,1.00,1.50
2018.01.19 12:38:01.023,0.89059,0.8907,1.87,1.87
2018.01.19 12:38:01.937,0.89059,0.8907,3.00,2.12
2018.01.19 12:38:03.020,0.8906,0.8907,1.00,1.50
2018.01.19 12:38:03.528,0.8906,0.8907,1.37,1.87
2018.01.19 12:38:04.063,0.8906,0.8907,1.12,1.87
2018.01.19 12:38:04.679,0.8906,0.8907,1.37,1.87
2018.01.19 12:38:05.217,0.8906,0.8907,1.00,3.37
2018.01.19 12:38:05.748,0.89059,0.8907,1.50,4.12
2018.01.19 12:38:06.285,0.89059,0.8907,3.75,4.12
2018.01.19 12:38:06.827,0.89059,0.8907,1.50,4.12
2018.01.19 12:38:08.170,0.89059,0.89069,1.50,2.62
2018.01.19 12:38:08.496,0.89059,0.89069,1.50,3.37
2018.01.19 12:38:09.195,0.89059,0.89069,1.00,3.74
2018.01.19 12:38:13.258,0.89059,0.89069,1.50,3.00
2018.01.19 12:38:13.996,0.89058,0.89068,1.00,1.87
2018.01.19 12:38:14.530,0.89057,0.89067,1.37,1.87
2018.01.19 12:38:14.788,0.89056,0.89066,1.00,1.50
2018.01.19 12:38:15.526,0.89055,0.89066,1.12,5.24
2018.01.19 12:38:15.806,0.89055,0.89065,1.12,1.87
2018.01.19 12:38:16.156,0.89058,0.89066,1.12,3.00
2018.01.19 12:38:16.262,0.89061,0.8907,1.87,1.87
2018.01.19 12:38:16.922,0.89061,0.8907,1.37,2.25
2018.01.19 12:38:17.341,0.89058,0.8907,4.50,3.37
2018.01.19 12:38:18.195,0.89058,0.89069,3.37,1.12
2018.01.19 12:38:22.656,0.8906,0.89069,1.50,1.87
2018.01.19 12:38:23.184,0.8906,0.89069,1.00,1.87
2018.01.19 12:38:23.502,0.89059,0.89068,1.00,1.87
2018.01.19 12:38:23.705,0.89057,0.89067,2.25,1.12
2018.01.19 12:38:24.416,0.89057,0.89067,3.00,1.12
2018.01.19 12:38:24.519,0.89058,0.89068,2.25,1.87
2018.01.19 12:38:25.023,0.89058,0.89068,2.25,1.50
2018.01.19 12:38:25.331,0.8906,0.89068,1.00,2.62
2018.01.19 12:38:25.930,0.89059,0.89068,1.00,2.87
2018.01.19 12:38:26.459,0.89057,0.89067,1.00,1.87
2018.01.19 12:38:26.563,0.89056,0.89066,1.87,1.87
2018.01.19 12:38:27.292,0.89056,0.89066,1.12,3.37
2018.01.19 12:38:31.250,0.89055,0.89066,1.12,4.87
2018.01.19 12:38:31.775,0.89055,0.89066,1.00,4.50
2018.01.19 12:38:32.453,0.89055,0.89064,1.00,1.50
2018.01.19 12:38:38.057,0.89055,0.89064,1.00,2.87
2018.01.19 12:38:39.092,0.89053,0.89064,1.00,3.75
2018.01.19 12:38:40.413,0.89053,0.89063,1.12,1.50
2018.01.19 12:38:41.126,0.89053,0.89063,1.12,2.50
2018.01.19 12:38:41.913,0.89053,0.89063,1.12,2.87
2018.01.19 12:38:43.100,0.89053,0.89063,1.12,2.50
2018.01.19 12:38:45.751,0.89054,0.89063,1.00,1.00
2018.01.19 12:38:45.803,0.89056,0.89063,1.00,1.12
2018.01.19 12:38:46.594,0.89056,0.89064,1.00,1.12
2018.01.19 12:38:48.377,0.89054,0.89064,1.12,2.25
2018.01.19 12:38:48.942,0.89054,0.89064,1.12,2.50
2018.01.19 12:38:49.447,0.89054,0.89064,1.37,2.12
2018.01.19 12:38:49.980,0.89054,0.89064,1.12,2.50
2018.01.19 12:38:50.536,0.89058,0.89064,1.00,2.12
2018.01.19 12:38:50.588,0.89056,0.89065,1.50,1.50
2018.01.19 12:38:51.354,0.89057,0.89065,1.37,1.12
2018.01.19 12:38:51.910,0.89057,0.89066,1.12,1.37
2018.01.19 12:38:52.876,0.89056,0.89066,1.00,3.37
2018.01.19 12:38:52.928,0.89056,0.89066,1.00,3.62
2018.01.19 12:38:53.445,0.89057,0.89065,1.00,3.75
2018.01.19 12:38:53.970,0.89055,0.89065,1.87,4.00
2018.01.19 12:38:55.181,0.89056,0.89065,1.00,2.50
2018.01.19 12:38:55.435,0.89054,0.89064,2.25,1.50
2018.01.19 12:38:56.890,0.89053,0.89063,2.62,1.12
2018.01.19 12:38:58.706,0.89053,0.89063,1.50,3.62
2018.01.19 12:38:59.635,0.89053,0.89062,1.00,2.25
2018.01.19 12:38:59.860,0.89051,0.8906,2.25,1.12
2018.01.19 12:39:00.369,0.89051,0.89061,1.50,2.47
2018.01.19 12:39:00.604,0.89053,0.89061,1.12,1.12
2018.01.19 12:39:01.026,0.8905,0.89061,1.00,3.22
2018.01.19 12:39:01.539,0.89052,0.89061,1.00,3.60
2018.01.19 12:39:01.641,0.89052,0.89061,3.00,1.72
2018.01.19 12:39:01.814,0.89052,0.89061,1.00,1.60
2018.01.19 12:39:01.866,0.8905,0.89059,1.12,1.50
2018.01.19 12:39:01.919,0.89049,0.89059,1.50,1.72
2018.01.19 12:39:02.072,0.89047,0.89058,2.25,3.37
2018.01.19 12:39:02.620,0.89046,0.89057,1.00,4.12
2018.01.19 12:39:03.383,0.89046,0.89056,1.00,3.37
2018.01.19 12:39:05.013,0.89045,0.89055,1.87,1.50
2018.01.19 12:39:07.286,0.89044,0.89054,1.00,2.10
2018.01.19 12:39:07.391,0.89042,0.89051,1.50,2.47
2018.01.19 12:39:07.951,0.89041,0.89051,1.50,2.10
2018.01.19 12:39:09.168,0.89041,0.89051,1.50,3.22
2018.01.19 12:39:09.605,0.89043,0.89051,1.00,2.10
2018.01.19 12:39:10.245,0.89042,0.8905,1.00,1.12
2018.01.19 12:39:10.818,0.89041,0.8905,1.50,1.37
2018.01.19 12:39:11.365,0.89041,0.8905,1.87,2.12
2018.01.19 12:39:12.328,0.89041,0.8905,1.50,2.12
2018.01.19 12:39:12.864,0.8904,0.8905,1.00,2.12
2018.01.19 12:39:14.251,0.89042,0.89049,1.00,1.12
2018.01.19 12:39:15.692,0.8904,0.89049,1.12,2.12
2018.01.19 12:39:18.734,0.89039,0.89049,1.12,2.50
2018.01.19 12:39:18.787,0.89037,0.89046,1.00,1.50
2018.01.19 12:39:19.478,0.89037,0.89046,1.00,2.24
2018.01.19 12:39:20.100,0.89036,0.89046,1.87,2.50
2018.01.19 12:39:20.601,0.89036,0.89046,1.00,2.87
2018.01.19 12:39:21.802,0.89037,0.89045,1.00,1.50
2018.01.19 12:39:21.972,0.89038,0.89045,1.12,1.00
2018.01.19 12:39:22.076,0.89039,0.89047,1.50,1.00
2018.01.19 12:39:22.334,0.89038,0.89047,1.12,2.12
2018.01.19 12:39:23.771,0.89036,0.89046,1.50,1.50
2018.01.19 12:39:23.881,0.89035,0.89045,1.00,1.50
2018.01.19 12:39:24.403,0.89035,0.89044,1.00,1.50
2018.01.19 12:39:24.666,0.89035,0.89044,2.25,1.00
2018.01.19 12:39:25.183,0.89037,0.89044,1.00,1.00
2018.01.19 12:39:27.847,0.89036,0.89044,1.87,1.00
2018.01.19 12:39:28.373,0.89036,0.89044,1.12,1.00
2018.01.19 12:39:31.110,0.89036,0.89044,3.37,1.00
2018.01.19 12:39:31.657,0.89036,0.89044,1.87,1.00
2018.01.19 12:39:36.378,0.89036,0.89044,1.00,1.00
2018.01.19 12:39:37.438,0.89035,0.89044,1.37,1.00
2018.01.19 12:39:38.443,0.89035,0.89044,1.37,1.00
2018.01.19 12:39:39.062,0.89035,0.89044,1.12,1.00
2018.01.19 12:39:41.116,0.89035,0.89044,1.37,1.00
2018.01.19 12:39:42.902,0.89034,0.89044,1.50,1.00
2018.01.19 12:39:43.428,0.89036,0.89044,1.00,1.00
2018.01.19 12:39:43.945,0.89036,0.89046,1.50,1.00
2018.01.19 12:39:48.665,0.89036,0.89046,1.12,2.12
2018.01.19 12:39:51.980,0.89036,0.89046,1.50,1.00
2018.01.19 12:39:52.775,0.89037,0.89046,1.00,1.00
2018.01.19 12:39:52.879,0.89039,0.89046,1.00,1.00
2018.01.19 12:39:53.380,0.8904,0.89046,1.00,1.00
2018.01.19 12:39:53.937,0.89039,0.89046,1.00,1.00
2018.01.19 12:39:54.142,0.89037,0.89046,1.87,1.00
2018.01.19 12:39:54.528,0.89037,0.89046,1.12,1.00
2018.01.19 12:39:56.509,0.89036,0.89045,1.50,1.12
2018.01.19 12:39:57.186,0.89037,0.89045,1.00,2.12
2018.01.19 12:39:57.755,0.89036,0.89045,1.50,2.12
2018.01.19 12:40:02.640,0.89036,0.89045,1.50,2.50
2018.01.19 12:40:03.634,0.89036,0.89045,1.12,2.25
2018.01.19 12:40:06.623,0.89035,0.89045,1.00,3.37
2018.01.19 12:40:06.961,0.89033,0.89044,1.00,6.00
2018.01.19 12:40:08.373,0.89035,0.89044,1.00,6.74
2018.01.19 12:40:08.425,0.89035,0.89044,1.12,1.00
2018.01.19 12:40:09.013,0.89036,0.89044,1.50,1.00
2018.01.19 12:40:09.218,0.89034,0.89044,2.25,2.12
2018.01.19 12:40:09.322,0.89033,0.89043,1.00,2.62
2018.01.19 12:40:09.847,0.89033,0.89043,1.12,2.24
2018.01.19 12:40:10.378,0.89033,0.89043,1.00,2.50
2018.01.19 12:40:15.749,0.89033,0.89043,1.12,2.12
2018.01.19 12:40:16.299,0.89032,0.89043,1.87,2.12
2018.01.19 12:40:16.814,0.89032,0.89043,1.12,4.75
2018.01.19 12:40:19.436,0.89033,0.89042,1.00,1.50
2018.01.19 12:40:20.355,0.89032,0.89042,1.50,1.00
2018.01.19 12:40:20.986,0.89032,0.89042,1.87,1.00
2018.01.19 12:40:21.751,0.89031,0.89042,2.25,3.25
2018.01.19 12:40:22.267,0.89032,0.89042,1.12,1.00
2018.01.19 12:40:23.425,0.89033,0.89042,1.00,1.00
2018.01.19 12:40:24.269,0.89031,0.89042,2.62,3.62
2018.01.19 12:40:24.806,0.89031,0.89042,1.87,2.99
2018.01.19 12:40:25.429,0.89031,0.89042,1.87,3.62
2018.01.19 12:40:29.330,0.89032,0.89042,1.50,1.00
2018.01.19 12:40:29.836,0.89033,0.89042,1.12,1.00
2018.01.19 12:40:32.727,0.89034,0.89042,1.00,1.00
2018.01.19 12:40:33.362,0.89034,0.89043,1.00,1.87
2018.01.19 12:40:34.141,0.89034,0.89043,1.12,2.12
2018.01.19 12:40:38.945,0.89034,0.89043,1.12,1.00
2018.01.19 12:40:40.035,0.89034,0.89043,1.50,1.00
2018.01.19 12:40:42.293,0.89035,0.89043,1.50,1.00
2018.01.19 12:40:43.478,0.89033,0.89043,1.87,2.50
2018.01.19 12:40:43.978,0.89033,0.89042,1.12,1.50
2018.01.19 12:40:44.288,0.89031,0.89042,1.87,3.25
2018.01.19 12:40:44.832,0.89032,0.89042,1.00,2.87
2018.01.19 12:40:45.376,0.89032,0.89042,1.00,2.87
2018.01.19 12:40:46.033,0.89031,0.89042,1.87,2.50
2018.01.19 12:40:46.817,0.89032,0.89042,1.00,3.25
2018.01.19 12:40:47.336,0.89031,0.89041,1.00,3.37
2018.01.19 12:40:47.854,0.8903,0.89041,1.50,4.37
2018.01.19 12:40:51.514,0.8903,0.89041,1.50,4.00
2018.01.19 12:40:51.667,0.89031,0.89041,1.00,2.87
2018.01.19 12:40:52.718,0.89031,0.89041,2.25,2.12
2018.01.19 12:40:54.420,0.89033,0.89041,1.00,1.00
2018.01.19 12:40:55.016,0.89031,0.89041,1.37,1.00
2018.01.19 12:40:55.727,0.89031,0.89041,1.12,1.37
2018.01.19 12:40:57.717,0.89033,0.89041,1.00,2.49
2018.01.19 12:40:59.703,0.89033,0.89041,1.00,2.62
2018.01.19 12:41:00.477,0.89035,0.89041,1.00,1.00
2018.01.19 12:41:00.581,0.89035,0.89042,1.00,1.00
2018.01.19 12:41:01.106,0.89034,0.89042,1.50,1.00
2018.01.19 12:41:02.768,0.89036,0.89042,1.00,1.00
2018.01.19 12:41:03.025,0.89036,0.89044,1.00,3.00
2018.01.19 12:41:05.256,0.89036,0.89044,1.00,3.74
2018.01.19 12:41:05.577,0.89034,0.89044,1.50,3.74
2018.01.19 12:41:05.941,0.89032,0.89043,1.87,4.12
2018.01.19 12:41:06.665,0.89033,0.89043,1.00,5.62
2018.01.19 12:41:08.009,0.89035,0.89043,1.00,1.00
2018.01.19 12:41:08.544,0.89035,0.89043,1.00,1.00
2018.01.19 12:41:13.849,0.89034,0.89043,1.12,1.12
2018.01.19 12:41:14.876,0.89034,0.89043,1.50,1.00
2018.01.19 12:41:15.544,0.89036,0.89043,1.00,1.00
2018.01.19 12:41:16.879,0.89038,0.89043,1.00,1.00
2018.01.19 12:41:17.110,0.89038,0.89044,1.00,1.12
2018.01.19 12:41:17.643,0.89037,0.89044,1.00,1.00
2018.01.19 12:41:18.783,0.89038,0.89044,1.00,1.00
2018.01.19 12:41:19.392,0.89036,0.89044,1.12,1.00
2018.01.19 12:41:21.097,0.89035,0.89044,1.12,1.12
2018.01.19 12:41:21.200,0.89033,0.89042,3.00,1.87
2018.01.19 12:41:21.438,0.89033,0.89042,1.00,2.25
2018.01.19 12:41:22.264,0.89033,0.89042,1.50,2.99
2018.01.19 12:41:24.047,0.89034,0.89042,1.00,1.12
2018.01.19 12:41:24.360,0.89032,0.89042,1.12,1.00
2018.01.19 12:41:25.989,0.89032,0.89042,1.50,2.24
2018.01.19 12:41:26.490,0.89032,0.89042,1.12,1.00
2018.01.19 12:41:27.487,0.89032,0.89042,1.12,1.12
2018.01.19 12:41:30.745,0.89032,0.89042,1.50,1.37
2018.01.19 12:41:31.938,0.89032,0.89042,1.50,1.50
2018.01.19 12:41:32.058,0.89033,0.89042,1.00,1.00
2018.01.19 12:41:32.315,0.89032,0.89042,2.25,2.12
2018.01.19 12:41:32.848,0.89031,0.89042,3.37,4.12
2018.01.19 12:41:33.557,0.89031,0.89041,3.37,1.50
2018.01.19 12:41:34.191,0.89031,0.89041,1.87,3.37
2018.01.19 12:41:35.966,0.89031,0.89041,1.50,4.12
2018.01.19 12:41:36.356,0.89032,0.89041,3.00,1.00
2018.01.19 12:41:36.561,0.89032,0.89041,1.12,1.12
2018.01.19 12:41:37.103,0.89031,0.89041,2.25,1.87
2018.01.19 12:41:38.488,0.89032,0.89041,1.12,1.87
2018.01.19 12:41:39.061,0.89031,0.89041,1.37,2.50
2018.01.19 12:41:39.720,0.89031,0.89041,1.50,2.12
2018.01.19 12:41:41.176,0.89031,0.89041,1.00,3.37
2018.01.19 12:41:41.712,0.8903,0.89041,1.50,5.24
2018.01.19 12:41:43.500,0.8903,0.89041,1.12,4.75
2018.01.19 12:41:44.052,0.89031,0.89041,1.00,4.49
2018.01.19 12:41:44.205,0.89032,0.89041,1.00,2.25
2018.01.19 12:41:44.739,0.89031,0.89041,3.37,1.87
2018.01.19 12:41:45.289,0.89031,0.89041,3.75,2.25
2018.01.19 12:41:46.892,0.89032,0.89041,1.12,1.50
2018.01.19 12:41:46.943,0.89031,0.8904,1.00,1.12
2018.01.19 12:41:47.046,0.89028,0.89039,1.00,2.25
2018.01.19 12:41:47.148,0.89027,0.89037,1.12,2.62
2018.01.19 12:41:47.875,0.89026,0.89037,3.00,3.37
2018.01.19 12:41:48.589,0.89026,0.89036,1.50,2.25
2018.01.19 12:41:49.470,0.89026,0.89036,1.50,3.00
2018.01.19 12:41:51.120,0.89026,0.89036,2.25,2.25
2018.01.19 12:41:51.320,0.89026,0.89036,3.00,2.25
2018.01.19 12:41:51.977,0.89027,0.89036,1.00,1.50
2018.01.19 12:41:52.897,0.89027,0.89037,1.50,1.50
2018.01.19 12:41:53.283,0.89028,0.89037,1.37,1.37
2018.01.19 12:41:53.803,0.89029,0.89038,1.87,1.50
2018.01.19 12:41:54.989,0.8903,0.89038,1.00,1.87
2018.01.19 12:41:55.475,0.89028,0.89038,1.00,6.37
2018.01.19 12:41:55.528,0.89026,0.89036,1.87,1.50
2018.01.19 12:41:56.041,0.89026,0.89035,1.00,1.12
2018.01.19 12:41:56.578,0.89025,0.89035,1.00,3.74
2018.01.19 12:41:58.206,0.89025,0.89035,1.00,5.62
2018.01.19 12:41:58.257,0.89025,0.89035,1.50,4.75
2018.01.19 12:41:59.142,0.89025,0.89034,1.00,1.50
2018.01.19 12:41:59.668,0.89022,0.89033,2.25,1.12
2018.01.19 12:41:59.827,0.89022,0.89033,1.50,3.25
2018.01.19 12:41:59.879,0.89021,0.89032,1.12,2.25
2018.01.19 12:42:00.487,0.89021,0.89032,1.00,4.50
2018.01.19 12:42:00.643,0.89021,0.89032,5.25,2.25
2018.01.19 12:42:00.865,0.89021,0.89032,3.00,2.25
2018.01.19 12:42:01.247,0.89022,0.89032,3.37,1.00
2018.01.19 12:42:01.792,0.89024,0.89034,1.12,1.50
2018.01.19 12:42:02.811,0.89024,0.89034,1.12,1.87
2018.01.19 12:42:03.538,0.89024,0.89034,1.12,1.87
2018.01.19 12:42:04.308,0.89024,0.89034,1.12,2.12
2018.01.19 12:42:04.502,0.89026,0.89035,1.00,1.12
2018.01.19 12:42:04.657,0.89027,0.89037,1.00,2.62
2018.01.19 12:42:04.709,0.89029,0.89037,1.00,1.12
2018.01.19 12:42:04.813,0.89029,0.89039,1.87,1.12
2018.01.19 12:42:05.410,0.89029,0.8904,4.12,1.12
2018.01.19 12:42:09.739,0.89031,0.89041,1.87,1.37
2018.01.19 12:42:09.793,0.89033,0.89041,1.00,1.00
2018.01.19 12:42:11.330,0.89033,0.89042,1.00,1.12
2018.01.19 12:42:12.595,0.89033,0.89042,1.00,1.00
2018.01.19 12:42:13.929,0.89035,0.89043,1.00,1.87
2018.01.19 12:42:14.441,0.89034,0.89043,1.12,1.50
2018.01.19 12:42:18.584,0.89034,0.89044,1.50,1.12
2018.01.19 12:42:18.965,0.89034,0.89044,1.50,2.50
2018.01.19 12:42:19.308,0.89039,0.89048,1.12,1.50
2018.01.19 12:42:20.042,0.89038,0.89048,1.00,1.00
2018.01.19 12:42:20.751,0.89038,0.89048,1.00,1.87
2018.01.19 12:42:21.305,0.89037,0.89048,1.12,4.50
2018.01.19 12:42:21.712,0.89037,0.89048,1.87,3.75
2018.01.19 12:42:24.389,0.89039,0.89048,1.00,2.87
2018.01.19 12:42:25.307,0.89039,0.89048,1.00,1.12
2018.01.19 12:42:26.791,0.89038,0.89048,1.12,5.24
2018.01.19 12:42:27.302,0.89037,0.89048,1.87,1.12
2018.01.19 12:42:27.640,0.89037,0.89048,1.50,6.75
2018.01.19 12:42:31.238,0.89036,0.89046,1.00,2.62
2018.01.19 12:42:32.727,0.89035,0.89046,2.62,6.00
2018.01.19 12:42:38.882,0.89035,0.89046,2.62,2.62
2018.01.19 12:42:39.518,0.89036,0.89046,1.00,2.62
2018.01.19 12:42:40.163,0.89037,0.89046,1.00,1.87
2018.01.19 12:42:40.215,0.89038,0.89048,1.50,3.75
2018.01.19 12:42:40.857,0.89038,0.89048,1.00,2.62
2018.01.19 12:42:41.701,0.89039,0.89048,1.00,1.00
2018.01.19 12:42:42.342,0.89038,0.89048,1.50,1.00
2018.01.19 12:42:42.899,0.89039,0.89048,1.00,1.12
2018.01.19 12:42:50.457,0.89038,0.89048,2.25,2.12
2018.01.19 12:42:51.000,0.89038,0.89048,1.87,1.87
2018.01.19 12:42:52.621,0.89038,0.89048,1.87,2.25
2018.01.19 12:42:56.477,0.89037,0.89048,1.00,3.74
2018.01.19 12:42:56.529,0.89035,0.89047,3.37,4.12
2018.01.19 12:42:57.576,0.89035,0.89046,1.00,6.00
2018.01.19 12:42:58.096,0.89036,0.89046,1.00,8.50
2018.01.19 12:43:00.668,0.89037,0.89046,1.00,2.12
2018.01.19 12:43:01.591,0.89036,0.89047,1.50,3.00
2018.01.19 12:43:03.122,0.89038,0.89047,1.00,1.12
2018.01.19 12:43:03.174,0.89038,0.89047,1.87,1.12
2018.01.19 12:43:03.706,0.89039,0.89048,1.50,1.50
2018.01.19 12:43:04.239,0.89038,0.89048,1.12,2.24
2018.01.19 12:43:10.221,0.89038,0.89048,1.50,4.00
2018.01.19 12:43:12.987,0.89038,0.89048,1.00,3.62
2018.01.19 12:43:14.880,0.89038,0.89048,1.12,4.37
2018.01.19 12:43:14.938,0.89034,0.89045,1.50,3.37
2018.01.19 12:43:15.814,0.89035,0.89045,1.00,4.75
2018.01.19 12:43:16.511,0.89034,0.89044,1.00,1.50
2018.01.19 12:43:17.596,0.89035,0.89044,1.00,1.50
2018.01.19 12:43:18.598,0.89035,0.89044,1.00,1.50
2018.01.19 12:43:21.727,0.89036,0.89044,1.00,1.50
2018.01.19 12:43:26.968,0.89035,0.89044,1.00,1.00
2018.01.19 12:43:30.530,0.89034,0.89044,1.50,2.50
2018.01.19 12:43:32.049,0.89033,0.89044,2.62,2.25
2018.01.19 12:43:32.622,0.89033,0.89044,3.00,2.87
2018.01.19 12:43:33.648,0.89033,0.89044,2.62,2.62
2018.01.19 12:43:34.241,0.89034,0.89044,1.00,2.62
2018.01.19 12:43:41.587,0.89033,0.89044,1.12,4.50
2018.01.19 12:43:41.639,0.89032,0.89043,1.87,2.62
2018.01.19 12:43:41.844,0.89032,0.89043,1.87,5.25
2018.01.19 12:43:42.326,0.89032,0.89043,1.87,7.12
2018.01.19 12:43:43.264,0.89032,0.89043,2.25,6.37
2018.01.19 12:43:44.547,0.89032,0.89043,3.00,3.25
2018.01.19 12:43:45.253,0.89034,0.89043,1.00,2.25
2018.01.19 12:43:49.121,0.89035,0.89044,1.00,2.62
2018.01.19 12:43:49.437,0.89033,0.89043,1.00,6.75
2018.01.19 12:43:49.936,0.89031,0.89042,1.00,3.75
2018.01.19 12:43:50.619,0.89032,0.89041,1.00,3.00
2018.01.19 12:43:50.723,0.89032,0.89041,1.00,1.50
2018.01.19 12:43:54.564,0.89035,0.89043,1.00,1.87
2018.01.19 12:43:54.665,0.89036,0.89044,1.50,1.00
2018.01.19 12:43:55.250,0.89036,0.89045,1.00,1.50
2018.01.19 12:43:55.755,0.89035,0.89046,3.00,1.87
2018.01.19 12:43:56.286,0.89036,0.89046,1.00,1.87
2018.01.19 12:43:56.788,0.89037,0.89047,1.00,2.62
2018.01.19 12:43:58.230,0.89037,0.89047,1.00,1.87
2018.01.19 12:43:58.707,0.89036,0.89047,2.62,2.50
2018.01.19 12:44:01.587,0.89036,0.89047,1.50,3.37
2018.01.19 12:44:02.101,0.89036,0.89047,1.87,2.99
2018.01.19 12:44:02.851,0.89036,0.89047,1.87,4.87
2018.01.19 12:44:03.369,0.89035,0.89045,1.12,2.62
2018.01.19 12:44:03.993,0.89035,0.89045,1.00,4.12
2018.01.19 12:44:04.653,0.89033,0.89045,3.00,3.75
2018.01.19 12:44:05.183,0.89033,0.89044,2.62,1.87
2018.01.19 12:44:11.587,0.89034,0.89044,1.00,3.62
2018.01.19 12:44:12.168,0.89033,0.89044,1.50,2.87
2018.01.19 12:44:27.609,0.89033,0.89043,1.50,2.25
2018.01.19 12:44:27.922,0.89028,0.89039,1.50,2.62
2018.01.19 12:44:28.305,0.89027,0.89037,1.00,1.50
2018.01.19 12:44:28.460,0.89028,0.89037,1.12,1.12
2018.01.19 12:44:28.565,0.8903,0.89039,1.00,1.50
2018.01.19 12:44:29.108,0.89029,0.89039,1.00,5.25
2018.01.19 12:44:29.424,0.89033,0.89041,1.00,4.12
2018.01.19 12:44:29.482,0.89034,0.89042,1.00,1.00
2018.01.19 12:44:30.148,0.89034,0.89043,1.00,1.12
2018.01.19 12:44:30.653,0.89033,0.89043,1.12,1.12
2018.01.19 12:44:32.262,0.89031,0.89042,2.62,1.50
2018.01.19 12:44:32.776,0.89031,0.89042,2.25,2.62
2018.01.19 12:44:33.314,0.89031,0.89042,2.25,2.87
2018.01.19 12:44:36.806,0.89031,0.89042,2.25,3.74
2018.01.19 12:44:37.255,0.89033,0.89042,1.00,2.24
2018.01.19 12:44:38.286,0.89033,0.89042,1.00,2.25
2018.01.19 12:44:39.571,0.89033,0.89042,1.00,2.25
2018.01.19 12:44:43.167,0.89031,0.89042,2.25,2.12
2018.01.19 12:44:43.680,0.89031,0.89042,2.25,2.12
2018.01.19 12:44:44.826,0.8903,0.89041,1.12,1.50
2018.01.19 12:44:48.798,0.89031,0.89041,1.00,2.25
2018.01.19 12:44:49.258,0.89033,0.89041,1.00,1.50
2018.01.19 12:44:51.619,0.89032,0.89042,2.62,1.50
2018.01.19 12:44:55.661,0.89032,0.89042,1.50,1.87
2018.01.19 12:44:56.477,0.89032,0.89042,1.87,2.25
2018.01.19 12:44:56.684,0.89035,0.89045,1.00,2.25
2018.01.19 12:44:57.884,0.89036,0.89046,1.00,3.37
2018.01.19 12:44:58.862,0.89036,0.89046,1.00,3.99
2018.01.19 12:44:59.491,0.89036,0.89046,1.00,3.99
2018.01.19 12:45:00.633,0.89036,0.89046,1.00,3.62
2018.01.19 12:45:01.348,0.89036,0.89046,1.00,2.87
2018.01.19 12:45:02.640,0.89036,0.89046,3.37,1.50
2018.01.19 12:45:04.040,0.89036,0.89046,1.37,2.50
2018.01.19 12:45:05.306,0.89036,0.89046,1.00,3.62
2018.01.19 12:45:06.417,0.89036,0.89046,1.87,1.87
2018.01.19 12:45:07.229,0.89036,0.89046,1.50,2.25
2018.01.19 12:45:07.432,0.89036,0.89045,1.12,1.50
2018.01.19 12:45:07.971,0.89035,0.89045,1.00,3.25
2018.01.19 12:45:08.665,0.89035,0.89045,1.50,1.87
2018.01.19 12:45:09.770,0.89036,0.89046,1.87,1.00
2018.01.19 12:45:10.101,0.89036,0.89046,1.87,2.12
2018.01.19 12:45:10.622,0.89035,0.89045,1.87,1.50
2018.01.19 12:45:11.348,0.89037,0.89046,1.00,1.00
2018.01.19 12:45:11.685,0.89039,0.89047,2.25,1.12
2018.01.19 12:45:11.844,0.8904,0.89049,1.12,1.87
2018.01.19 12:45:12.616,0.89039,0.89049,2.25,2.12
2018.01.19 12:45:14.499,0.89039,0.8905,1.87,2.25
2018.01.19 12:45:15.427,0.89039,0.8905,1.87,2.25
2018.01.19 12:45:16.371,0.89039,0.89049,3.00,1.12
2018.01.19 12:45:16.609,0.89037,0.89048,2.62,1.12
2018.01.19 12:45:17.755,0.89037,0.89048,2.62,2.50
2018.01.19 12:45:19.130,0.89037,0.89048,3.00,2.62
2018.01.19 12:45:19.211,0.89038,0.89048,1.00,2.87
2018.01.19 12:45:20.253,0.89038,0.89048,1.12,1.50
2018.01.19 12:45:23.039,0.89038,0.89048,1.50,1.12
2018.01.19 12:45:23.680,0.89038,0.89048,1.87,1.00
2018.01.19 12:45:24.361,0.89038,0.89048,1.87,1.00
2018.01.19 12:45:24.464,0.89037,0.89048,1.87,2.87
2018.01.19 12:45:25.007,0.89036,0.89047,1.87,1.50
2018.01.19 12:45:27.501,0.89036,0.89047,1.87,1.87
2018.01.19 12:45:28.256,0.89036,0.89046,1.12,1.12
2018.01.19 12:45:28.657,0.89036,0.89046,1.00,2.50
2018.01.19 12:45:30.155,0.89035,0.89046,1.00,4.12
2018.01.19 12:45:30.430,0.89037,0.89046,2.62,1.00
2018.01.19 12:45:31.215,0.89037,0.89046,4.12,1.00
2018.01.19 12:45:39.175,0.89037,0.89047,2.62,1.00
2018.01.19 12:45:39.518,0.89038,0.89047,1.50,1.00
2018.01.19 12:45:39.780,0.89037,0.89047,1.00,1.50
2018.01.19 12:45:40.179,0.89039,0.89049,1.00,3.37
2018.01.19 12:45:40.890,0.89039,0.89049,1.50,1.87
2018.01.19 12:45:41.038,0.89039,0.89048,1.00,1.12
2018.01.19 12:45:41.288,0.89035,0.89046,1.87,1.50
2018.01.19 12:45:41.960,0.89035,0.89046,1.50,4.12
2018.01.19 12:45:45.764,0.89035,0.89045,1.50,1.87
2018.01.19 12:45:47.364,0.89036,0.89045,1.50,1.00
2018.01.19 12:45:47.672,0.89039,0.89047,1.00,1.00
2018.01.19 12:45:48.016,0.89039,0.89047,1.00,1.00
2018.01.19 12:45:49.289,0.89039,0.89047,1.00,1.50
2018.01.19 12:45:49.739,0.89037,0.89047,3.00,1.00
2018.01.19 12:45:52.580,0.89037,0.89047,1.00,4.12
2018.01.19 12:45:53.202,0.89037,0.89047,1.50,2.25
2018.01.19 12:45:54.327,0.89038,0.89047,1.00,2.25
2018.01.19 12:45:54.848,0.89039,0.89047,1.00,1.12
2018.01.19 12:46:00.625,0.8904,0.89048,1.00,1.50
2018.01.19 12:46:04.069,0.89039,0.89048,1.12,1.50
2018.01.19 12:46:19.691,0.89039,0.89048,1.37,1.12
2018.01.19 12:46:20.327,0.89039,0.89048,1.00,1.12
2018.01.19 12:46:22.193,0.89039,0.89049,1.00,2.62
2018.01.19 12:46:22.701,0.89039,0.89049,1.00,2.87
2018.01.19 12:46:23.266,0.89039,0.89049,1.00,3.24
2018.01.19 12:46:24.942,0.89039,0.89049,1.00,3.00
2018.01.19 12:46:29.534,0.89038,0.89049,1.50,3.00
2018.01.19 12:46:30.159,0.89037,0.89049,1.50,9.00
2018.01.19 12:46:30.591,0.89038,0.89047,1.00,1.12
2018.01.19 12:46:31.101,0.89037,0.89047,1.12,2.12
2018.01.19 12:46:31.325,0.89037,0.89047,1.12,1.87
2018.01.19 12:46:32.124,0.89037,0.89047,1.87,1.87
2018.01.19 12:46:34.801,0.89036,0.89046,1.00,1.50
2018.01.19 12:46:35.306,0.89036,0.89046,1.37,2.25
2018.01.19 12:46:35.938,0.89035,0.89046,5.25,1.87
2018.01.19 12:46:38.857,0.89037,0.89046,1.87,1.00
2018.01.19 12:46:40.226,0.89037,0.89047,1.12,1.87
2018.01.19 12:46:41.638,0.89038,0.89047,1.00,1.12
2018.01.19 12:46:51.220,0.89038,0.89048,1.00,1.50
2018.01.19 12:46:52.571,0.89038,0.89048,1.37,1.50
2018.01.19 12:46:54.399,0.89037,0.89048,4.12,1.00
2018.01.19 12:46:54.511,0.89037,0.89046,1.00,2.62
2018.01.19 12:46:54.714,0.89034,0.89045,1.12,2.62
2018.01.19 12:47:00.331,0.89034,0.89045,2.62,3.74
2018.01.19 12:47:01.242,0.89035,0.89045,3.00,2.25
2018.01.19 12:47:03.215,0.89035,0.89045,2.25,3.25
2018.01.19 12:47:11.265,0.89035,0.89045,1.50,2.50
2018.01.19 12:47:12.160,0.89035,0.89045,1.12,1.87
2018.01.19 12:47:27.440,0.89036,0.89045,1.00,1.12
2018.01.19 12:47:27.492,0.89037,0.89047,1.12,1.12
2018.01.19 12:47:28.022,0.89037,0.89048,1.12,2.62
2018.01.19 12:47:31.249,0.89037,0.89048,1.00,3.00
2018.01.19 12:47:31.858,0.89037,0.89048,1.37,2.25
2018.01.19 12:47:31.910,0.89036,0.89048,3.37,5.25
2018.01.19 12:47:31.962,0.89036,0.89047,1.00,1.87
2018.01.19 12:47:32.570,0.89035,0.89047,3.37,4.00
2018.01.19 12:47:33.966,0.89035,0.89047,3.75,4.12
2018.01.19 12:47:36.270,0.89035,0.89044,1.87,1.50
2018.01.19 12:47:36.598,0.89033,0.89043,1.50,1.50
2018.01.19 12:47:37.237,0.89034,0.89043,1.00,1.50
2018.01.19 12:47:37.340,0.89033,0.89043,1.00,3.75
2018.01.19 12:47:37.495,0.89029,0.8904,1.50,1.87
2018.01.19 12:47:38.293,0.8903,0.8904,2.25,1.87
2018.01.19 12:47:38.447,0.8903,0.8904,4.12,1.87
2018.01.19 12:47:38.956,0.89031,0.89041,2.25,1.87
2018.01.19 12:47:40.581,0.89032,0.89042,1.87,2.25
2018.01.19 12:47:41.091,0.89032,0.89042,2.62,1.00
2018.01.19 12:47:42.172,0.89032,0.89042,2.25,1.37
2018.01.19 12:47:42.717,0.89032,0.89042,2.62,1.00
2018.01.19 12:47:43.227,0.89034,0.89042,1.00,1.00
2018.01.19 12:47:43.961,0.89033,0.89042,1.12,1.12
2018.01.19 12:47:44.830,0.89033,0.89043,1.12,2.62
2018.01.19 12:47:46.499,0.89033,0.89043,1.12,1.87
2018.01.19 12:47:47.020,0.89033,0.89043,1.00,1.50
2018.01.19 12:47:47.474,0.89033,0.89043,1.00,3.37
2018.01.19 12:47:47.577,0.89031,0.89042,1.00,3.00
2018.01.19 12:47:48.143,0.89033,0.89042,1.00,1.12
2018.01.19 12:47:48.666,0.89033,0.89043,1.12,1.87
2018.01.19 12:47:49.084,0.89032,0.89043,1.00,3.75
2018.01.19 12:47:51.941,0.89031,0.89043,1.87,9.00
2018.01.19 12:47:53.242,0.89031,0.89043,1.87,7.50
2018.01.19 12:47:54.598,0.89032,0.89043,1.00,4.50
2018.01.19 12:47:55.100,0.89034,0.89043,1.00,2.50
2018.01.19 12:47:55.680,0.89033,0.89043,1.37,1.00
2018.01.19 12:47:56.217,0.89033,0.89043,1.00,2.25
2018.01.19 12:47:57.196,0.89033,0.89043,1.00,2.50
2018.01.19 12:47:57.787,0.89033,0.89043,1.00,2.62
2018.01.19 12:47:58.277,0.89032,0.89043,1.87,3.62
2018.01.19 12:47:59.997,0.89033,0.89043,1.00,3.62
2018.01.19 12:48:01.035,0.89032,0.89043,1.12,2.87
2018.01.19 12:48:03.327,0.89032,0.89043,1.00,4.12
2018.01.19 12:48:03.379,0.89032,0.89043,1.50,2.50
2018.01.19 12:48:08.363,0.89032,0.89043,2.62,3.25
2018.01.19 12:48:08.415,0.89032,0.89043,3.75,2.87
2018.01.19 12:48:11.216,0.89032,0.89043,1.50,2.50
2018.01.19 12:48:11.742,0.89034,0.89043,1.00,2.50
2018.01.19 12:48:13.129,0.89033,0.89043,1.00,3.25
2018.01.19 12:48:13.642,0.89034,0.89043,1.00,1.50
2018.01.19 12:48:20.423,0.89035,0.89043,1.12,1.37
2018.01.19 12:48:20.576,0.89033,0.89043,1.12,1.12
2018.01.19 12:48:21.119,0.89032,0.89043,2.25,2.25
2018.01.19 12:48:22.399,0.89032,0.89043,1.87,2.12
2018.01.19 12:48:24.864,0.89032,0.89043,1.12,3.25
2018.01.19 12:48:37.725,0.89033,0.89043,1.00,3.62
2018.01.19 12:48:38.558,0.89032,0.89042,1.50,1.12
2018.01.19 12:48:39.169,0.89032,0.89042,1.87,2.50
2018.01.19 12:48:40.004,0.89032,0.89042,1.12,1.00
2018.01.19 12:48:40.160,0.8903,0.89041,1.12,2.25
2018.01.19 12:48:40.211,0.89028,0.8904,2.25,3.00
2018.01.19 12:48:40.263,0.89027,0.89038,2.25,2.25
2018.01.19 12:48:40.574,0.89026,0.89037,2.25,1.50
2018.01.19 12:48:40.879,0.89026,0.89036,2.62,2.25
2018.01.19 12:48:41.496,0.89026,0.89036,1.87,1.87
2018.01.19 12:48:42.032,0.89026,0.89036,1.50,3.25
2018.01.19 12:48:44.026,0.89027,0.89036,1.00,1.00
2018.01.19 12:48:44.283,0.89028,0.89036,2.25,1.00
2018.01.19 12:48:44.819,0.89028,0.89037,2.25,1.00
2018.01.19 12:48:45.327,0.8903,0.89037,1.00,1.00
2018.01.19 12:48:46.900,0.8903,0.89037,1.50,1.00
2018.01.19 12:48:47.906,0.8903,0.89038,1.37,1.00
2018.01.19 12:48:50.411,0.8903,0.89038,1.00,1.00
2018.01.19 12:48:51.312,0.8903,0.89038,1.00,1.00
2018.01.19 12:48:52.892,0.89031,0.89038,1.00,1.00
2018.01.19 12:48:53.438,0.8903,0.89038,1.00,1.00
2018.01.19 12:48:54.347,0.89028,0.89038,3.00,1.00
2018.01.19 12:48:55.111,0.89028,0.89038,2.62,1.00
2018.01.19 12:48:55.691,0.89027,0.89038,1.12,5.87
2018.01.19 12:49:00.253,0.89027,0.89038,1.00,5.87
2018.01.19 12:49:00.495,0.89025,0.89036,1.87,1.50
2018.01.19 12:49:02.763,0.89025,0.89035,1.00,1.87
2018.01.19 12:49:06.934,0.89025,0.89035,2.62,2.12
2018.01.19 12:49:07.427,0.89024,0.89033,1.00,1.50
2018.01.19 12:49:07.871,0.89026,0.89034,1.00,1.00
2018.01.19 12:49:08.868,0.89024,0.89034,1.12,1.12
2018.01.19 12:49:09.279,0.89023,0.89034,1.87,1.00
2018.01.19 12:49:10.397,0.89023,0.89033,1.12,1.50
2018.01.19 12:49:11.017,0.89023,0.89033,1.50,2.50
2018.01.19 12:49:11.774,0.89023,0.89033,1.00,2.62
2018.01.19 12:49:12.554,0.89021,0.89032,1.87,1.87
2018.01.19 12:49:12.891,0.89023,0.89032,1.50,1.00
2018.01.19 12:49:14.052,0.89024,0.89032,1.00,1.00
2018.01.19 12:49:14.727,0.89023,0.89032,1.50,1.00
2018.01.19 12:49:18.150,0.89023,0.89032,3.37,1.00
2018.01.19 12:49:20.543,0.89023,0.89032,1.50,1.00
2018.01.19 12:49:20.649,0.89021,0.89032,1.50,4.50
2018.01.19 12:49:21.188,0.89021,0.8903,1.00,1.87
2018.01.19 12:49:22.540,0.89021,0.8903,1.50,2.12
2018.01.19 12:49:22.800,0.89022,0.89031,1.50,1.87
2018.01.19 12:49:23.061,0.89021,0.89031,1.12,2.49
2018.01.19 12:49:23.580,0.8902,0.89031,3.00,2.87
2018.01.19 12:49:24.109,0.89021,0.89031,1.12,2.87
2018.01.19 12:49:27.269,0.89025,0.89032,1.00,1.00
2018.01.19 12:49:27.372,0.89024,0.89034,3.00,1.00
2018.01.19 12:49:30.931,0.89024,0.89034,1.50,1.37
2018.01.19 12:49:32.601,0.89024,0.89034,1.12,1.12
2018.01.19 12:49:33.590,0.89024,0.89034,1.12,2.25
2018.01.19 12:49:34.776,0.89023,0.89034,1.50,1.50
2018.01.19 12:49:48.918,0.89021,0.89034,4.87,4.87
2018.01.19 12:49:51.603,0.89023,0.89033,2.62,3.37
2018.01.19 12:49:52.343,0.89023,0.89033,2.62,1.87
2018.01.19 12:50:01.625,0.89022,0.89033,3.75,3.00
2018.01.19 12:50:01.779,0.89025,0.89034,1.12,1.00
2018.01.19 12:50:02.298,0.89024,0.89034,2.25,1.87
2018.01.19 12:50:03.174,0.89024,0.89034,2.25,1.87
2018.01.19 12:50:04.349,0.89025,0.89035,1.12,1.87
2018.01.19 12:50:06.694,0.89027,0.89035,1.00,1.87
2018.01.19 12:50:07.343,0.89027,0.89037,2.62,1.50
2018.01.19 12:50:08.250,0.89027,0.89037,1.87,1.00
2018.01.19 12:50:10.159,0.89026,0.89037,2.25,2.62
2018.01.19 12:50:10.716,0.89026,0.89037,1.12,3.25
2018.01.19 12:50:10.928,0.89026,0.89037,2.62,3.75
2018.01.19 12:50:17.619,0.89027,0.89037,1.50,1.50
2018.01.19 12:50:19.188,0.89027,0.89037,1.12,2.24
2018.01.19 12:50:19.510,0.8903,0.89039,1.00,1.37
2018.01.19 12:50:20.715,0.8903,0.89039,1.00,1.50
2018.01.19 12:50:20.767,0.8903,0.89039,1.50,1.00
2018.01.19 12:50:21.355,0.8903,0.8904,1.00,1.87
2018.01.19 12:50:22.906,0.8903,0.8904,1.00,2.12
2018.01.19 12:50:23.427,0.8903,0.8904,1.00,1.87
2018.01.19 12:50:26.543,0.89029,0.8904,2.62,2.25
2018.01.19 12:50:27.622,0.89029,0.8904,2.62,2.25
2018.01.19 12:50:27.842,0.89027,0.89038,3.00,1.50
2018.01.19 12:50:31.661,0.89029,0.89039,1.00,4.12
2018.01.19 12:50:31.815,0.89029,0.89039,1.50,1.50
2018.01.19 12:50:32.716,0.8903,0.89039,1.00,1.12
2018.01.19 12:50:35.721,0.8903,0.8904,1.12,1.87
2018.01.19 12:50:40.381,0.8903,0.8904,1.12,2.87
2018.01.19 12:50:42.068,0.89028,0.8904,2.25,4.37
2018.01.19 12:50:42.600,0.89028,0.8904,2.25,4.75
2018.01.19 12:50:44.430,0.89029,0.89038,1.12,1.12
2018.01.19 12:50:44.965,0.89028,0.89038,2.25,1.00
2018.01.19 12:50:45.017,0.8903,0.89038,1.12,1.00
2018.01.19 12:50:45.852,0.89027,0.89038,1.12,2.87
2018.01.19 12:50:48.964,0.89034,0.89038,1.00,1.50
2018.01.19 12:50:49.016,0.89034,0.8904,1.00,1.12
2018.01.19 12:50:49.067,0.89036,0.89044,1.12,2.02
2018.01.19 12:50:49.486,0.89037,0.89047,1.50,1.87
2018.01.19 12:50:49.537,0.89038,0.89047,1.37,1.00
2018.01.19 12:50:50.067,0.89038,0.89049,1.50,2.62
2018.01.19 12:50:50.969,0.89038,0.89049,1.50,2.62
2018.01.19 12:50:51.546,0.89039,0.89049,1.00,3.62
2018.01.19 12:50:52.083,0.89037,0.89048,1.50,1.87
2018.01.19 12:50:52.935,0.89037,0.89048,1.12,3.75
2018.01.19 12:50:53.540,0.89036,0.89047,2.62,1.87
2018.01.19 12:50:56.063,0.89036,0.89047,1.50,3.25
2018.01.19 12:50:58.614,0.89036,0.89047,4.50,1.00
2018.01.19 12:50:58.716,0.89037,0.89048,3.37,3.00
2018.01.19 12:50:58.871,0.89037,0.89048,1.50,4.00
2018.01.19 12:50:59.240,0.89036,0.89046,1.50,1.12
2018.01.19 12:51:00.473,0.89037,0.89046,1.50,1.00
2018.01.19 12:51:00.525,0.89038,0.89047,2.25,1.50
2018.01.19 12:51:00.736,0.89041,0.89049,1.00,2.25
2018.01.19 12:51:00.791,0.89041,0.8905,1.12,1.50
2018.01.19 12:51:00.843,0.89043,0.8905,1.00,1.00
2018.01.19 12:51:00.945,0.89043,0.89052,1.00,1.00
2018.01.19 12:51:01.616,0.89043,0.89053,1.00,2.62
2018.01.19 12:51:04.037,0.89042,0.89053,4.87,1.37
2018.01.19 12:51:04.902,0.89042,0.89053,3.00,1.37
2018.01.19 12:51:07.434,0.89044,0.89053,1.50,1.50
2018.01.19 12:51:07.742,0.89042,0.89053,2.25,1.50
2018.01.19 12:51:08.538,0.89042,0.89053,2.25,3.00
2018.01.19 12:51:10.787,0.89042,0.89052,1.00,1.12
2018.01.19 12:51:10.942,0.89039,0.89049,1.00,2.62
2018.01.19 12:51:10.994,0.89037,0.89048,3.00,1.12
2018.01.19 12:51:11.441,0.8904,0.89048,1.00,1.12
2018.01.19 12:51:13.947,0.89039,0.89048,1.00,1.00
2018.01.19 12:51:19.361,0.89041,0.89049,1.00,1.87
2018.01.19 12:51:20.411,0.89042,0.8905,1.00,1.12
2018.01.19 12:51:20.946,0.89042,0.89051,1.12,1.50
2018.01.19 12:51:21.267,0.89042,0.89051,1.00,3.37
2018.01.19 12:51:21.732,0.89042,0.89051,1.12,2.25
2018.01.19 12:51:22.837,0.89042,0.89051,1.00,2.50
2018.01.19 12:51:23.586,0.89043,0.89051,1.00,1.00
2018.01.19 12:51:23.689,0.89045,0.89051,1.00,1.00
2018.01.19 12:51:23.741,0.89045,0.89053,1.00,1.50
2018.01.19 12:51:24.062,0.89043,0.89053,1.00,2.87
2018.01.19 12:51:24.577,0.89043,0.89053,1.50,3.62
2018.01.19 12:51:25.580,0.89044,0.89053,1.00,2.87
2018.01.19 12:51:28.218,0.89044,0.89053,1.00,1.00
2018.01.19 12:51:29.334,0.89046,0.89053,1.00,1.00
2018.01.19 12:51:30.299,0.89045,0.89053,1.00,1.00
2018.01.19 12:51:34.032,0.89043,0.89053,2.25,1.00
2018.01.19 12:51:34.702,0.89043,0.89053,1.00,2.12
2018.01.19 12:51:35.045,0.89045,0.89053,1.00,2.12
2018.01.19 12:51:51.437,0.89043,0.89053,1.12,2.24
2018.01.19 12:51:56.381,0.89043,0.89053,1.50,2.25
2018.01.19 12:51:58.095,0.89043,0.89053,1.50,1.87
2018.01.19 12:51:59.715,0.89043,0.89053,1.12,1.12
2018.01.19 12:52:00.241,0.89041,0.89052,3.00,1.12
2018.01.19 12:52:00.549,0.89043,0.89052,1.00,2.62
2018.01.19 12:52:01.068,0.89041,0.89052,2.25,2.25
2018.01.19 12:52:01.588,0.8904,0.89051,3.00,1.50
2018.01.19 12:52:01.640,0.8904,0.89048,2.62,1.12
2018.01.19 12:52:01.691,0.89037,0.89046,1.00,4.12
2018.01.19 12:52:01.815,0.89035,0.89046,1.00,5.25
2018.01.19 12:52:02.325,0.89035,0.89046,1.00,3.74
2018.01.19 12:52:02.903,0.89035,0.89046,1.00,4.12
2018.01.19 12:52:03.212,0.89036,0.89045,1.00,1.87
2018.01.19 12:52:04.345,0.89036,0.89045,1.00,3.62
2018.01.19 12:52:04.585,0.89033,0.89044,1.00,2.62
2018.01.19 12:52:04.767,0.89032,0.89044,1.87,6.00
2018.01.19 12:52:05.084,0.8903,0.8904,1.12,1.87
2018.01.19 12:52:05.188,0.89028,0.89039,1.00,3.37
2018.01.19 12:52:05.291,0.89027,0.89038,1.00,2.25
2018.01.19 12:52:05.809,0.89028,0.89038,1.00,4.50
2018.01.19 12:52:05.861,0.89028,0.89038,1.00,2.50
2018.01.19 12:52:06.438,0.89028,0.89037,1.00,1.12
2018.01.19 12:52:07.538,0.89028,0.89037,1.00,4.37
2018.01.19 12:52:10.813,0.89028,0.89037,1.00,2.99
2018.01.19 12:52:17.371,0.89026,0.89037,1.12,3.37
2018.01.19 12:52:18.364,0.89025,0.89036,1.87,2.62
2018.01.19 12:52:18.416,0.89025,0.89035,1.00,1.12
2018.01.19 12:52:18.572,0.89021,0.89032,1.00,1.50
2018.01.19 12:52:19.203,0.8902,0.89032,2.62,4.87
2018.01.19 12:52:23.246,0.89022,0.89032,1.00,4.87
2018.01.19 12:52:26.240,0.89019,0.89029,1.12,1.87
2018.01.19 12:52:26.294,0.89017,0.89028,4.12,1.50
2018.01.19 12:52:26.471,0.89015,0.89026,1.50,3.37
2018.01.19 12:52:26.647,0.89012,0.89022,1.12,1.50
2018.01.19 12:52:26.956,0.89015,0.89024,1.00,1.50
2018.01.19 12:52:27.272,0.89018,0.89024,1.00,1.12
2018.01.19 12:52:27.377,0.8902,0.89028,1.37,1.12
2018.01.19 12:52:28.717,0.8902,0.89029,1.12,1.37
2018.01.19 12:52:29.308,0.89021,0.89029,1.00,1.37
2018.01.19 12:52:30.542,0.89021,0.89029,1.00,1.50
2018.01.19 12:52:33.063,0.8902,0.89029,1.12,1.12
2018.01.19 12:52:33.581,0.89021,0.89029,1.00,1.12
2018.01.19 12:52:35.084,0.8902,0.89029,1.50,1.12
2018.01.19 12:52:36.001,0.8902,0.89029,1.00,1.50
2018.01.19 12:52:38.098,0.89019,0.89029,3.75,1.50
2018.01.19 12:52:38.574,0.89024,0.89031,1.87,1.00
2018.01.19 12:52:38.626,0.89024,0.89033,1.12,1.00
2018.01.19 12:52:38.836,0.89023,0.89033,1.50,3.25
2018.01.19 12:52:38.887,0.89021,0.89032,4.12,1.87
2018.01.19 12:52:39.339,0.8902,0.89031,1.12,1.87
2018.01.19 12:52:40.974,0.8902,0.89031,1.00,6.00
2018.01.19 12:52:41.026,0.89018,0.8903,1.12,2.62
2018.01.19 12:52:41.336,0.89016,0.89026,1.50,2.25
2018.01.19 12:52:45.768,0.89015,0.89026,1.87,1.87
2018.01.19 12:52:46.618,0.89014,0.89026,2.25,5.62
2018.01.19 12:52:47.968,0.89014,0.89025,1.50,3.00
2018.01.19 12:52:48.656,0.89015,0.89025,1.00,3.25
2018.01.19 12:52:50.112,0.89014,0.89025,1.12,3.62
2018.01.19 12:52:51.634,0.89014,0.89025,1.50,2.62
2018.01.19 12:52:52.465,0.89014,0.89025,1.50,3.00
2018.01.19 12:52:53.947,0.89014,0.89025,2.25,2.62
2018.01.19 12:52:55.259,0.89014,0.89025,1.87,2.99
2018.01.19 12:52:58.795,0.89014,0.89025,1.87,2.62
2018.01.19 12:53:00.213,0.89014,0.89025,2.25,2.25
2018.01.19 12:53:00.665,0.89014,0.89025,1.50,4.87
2018.01.19 12:53:00.768,0.89014,0.89025,1.50,2.62
2018.01.19 12:53:01.301,0.89014,0.89025,1.12,3.00
2018.01.19 12:53:02.903,0.89015,0.89025,1.00,2.99
2018.01.19 12:53:05.142,0.89014,0.89025,1.12,3.37
2018.01.19 12:53:06.056,0.89013,0.89025,1.87,4.12
2018.01.19 12:53:06.160,0.89012,0.89023,2.62,3.37
2018.01.19 12:53:06.670,0.89012,0.89023,1.87,3.25
2018.01.19 12:53:06.983,0.89013,0.89023,1.87,1.00
2018.01.19 12:53:08.680,0.89015,0.89023,1.00,1.00
2018.01.19 12:53:09.225,0.89015,0.89023,1.37,1.00
2018.01.19 12:53:09.970,0.89015,0.89023,1.12,1.00
2018.01.19 12:53:10.682,0.89015,0.89024,1.12,1.12
2018.01.19 12:53:15.490,0.89013,0.89023,1.87,1.50
2018.01.19 12:53:15.685,0.89012,0.89023,3.00,1.50
2018.01.19 12:53:15.736,0.89015,0.89023,1.00,1.00
2018.01.19 12:53:15.838,0.89012,0.89023,1.50,1.50
2018.01.19 12:53:15.941,0.89011,0.89021,1.00,1.87
2018.01.19 12:53:16.146,0.89013,0.89022,1.50,1.87
2018.01.19 12:53:16.543,0.89011,0.89022,1.00,3.37
2018.01.19 12:53:16.815,0.89013,0.89022,1.00,1.87
2018.01.19 12:53:17.318,0.89012,0.89022,1.12,1.87
2018.01.19 12:53:18.082,0.89012,0.89022,1.12,2.25
2018.01.19 12:53:18.716,0.89011,0.89022,2.25,2.62
2018.01.19 12:53:19.223,0.89011,0.89022,1.12,3.00
2018.01.19 12:53:19.675,0.89011,0.89022,5.25,2.50
2018.01.19 12:53:20.430,0.89013,0.89022,1.87,2.25
2018.01.19 12:53:20.991,0.89013,0.89022,2.62,1.00
2018.01.19 12:53:21.044,0.89013,0.89024,4.12,1.12
2018.01.19 12:53:21.576,0.89015,0.89024,1.12,1.50
2018.01.19 12:53:22.100,0.89015,0.89024,1.12,1.00
2018.01.19 12:53:23.581,0.89014,0.89024,1.00,2.62
2018.01.19 12:53:23.841,0.89007,0.89018,2.62,2.25
2018.01.19 12:53:24.387,0.89007,0.89018,1.50,4.12
2018.01.19 12:53:26.671,0.89009,0.89019,4.12,2.62
2018.01.19 12:53:26.723,0.89009,0.89019,1.00,2.25
2018.01.19 12:53:27.092,0.89008,0.89018,1.00,2.62
2018.01.19 12:53:27.144,0.89006,0.89017,3.00,1.50
2018.01.19 12:53:27.934,0.89006,0.89017,3.00,2.24
2018.01.19 12:53:28.609,0.89006,0.89017,1.50,3.75
2018.01.19 12:53:30.507,0.89006,0.89017,2.25,2.99
2018.01.19 12:53:30.610,0.89008,0.89018,1.00,1.00
2018.01.19 12:53:31.358,0.89008,0.89019,3.00,2.62
2018.01.19 12:53:31.771,0.89008,0.89019,3.00,2.62
2018.01.19 12:53:35.158,0.89009,0.89019,1.00,3.62
2018.01.19 12:53:36.157,0.89009,0.89019,1.12,4.12
2018.01.19 12:53:37.606,0.89008,0.89019,1.12,3.37
2018.01.19 12:53:38.174,0.89007,0.89017,1.37,1.87
2018.01.19 12:53:38.225,0.89006,0.89017,1.87,4.12
2018.01.19 12:53:41.445,0.89006,0.89016,1.87,2.25
2018.01.19 12:53:44.069,0.89006,0.89016,1.50,1.50
2018.01.19 12:53:44.578,0.89007,0.89017,1.00,1.50
2018.01.19 12:53:50.374,0.89007,0.89017,1.12,2.12
2018.01.19 12:53:54.253,0.89007,0.89017,1.37,2.12
2018.01.19 12:53:56.401,0.89008,0.89017,1.00,1.12
2018.01.19 12:53:56.929,0.89007,0.89017,1.12,1.12
2018.01.19 12:53:57.288,0.89005,0.89015,1.50,1.12
2018.01.19 12:53:57.340,0.89004,0.89015,2.62,1.87
2018.01.19 12:53:57.495,0.89003,0.89014,3.75,2.62
2018.01.19 12:53:58.368,0.89003,0.89013,1.12,1.12
2018.01.19 12:53:58.717,0.89004,0.89014,1.50,1.50
2018.01.19 12:53:59.291,0.89004,0.89014,1.50,2.62
2018.01.19 12:53:59.625,0.89003,0.89013,2.62,1.87
2018.01.19 12:54:00.311,0.89001,0.89011,2.25,1.87
2018.01.19 12:54:02.515,0.89,0.8901,2.25,1.12
2018.01.19 12:54:02.567,0.89,0.8901,1.87,2.12
2018.01.19 12:54:03.330,0.89,0.8901,1.50,2.87
2018.01.19 12:54:05.025,0.89,0.8901,1.12,1.00
2018.01.19 12:54:05.791,0.89,0.8901,1.12,1.37
2018.01.19 12:54:06.207,0.89003,0.89011,1.00,1.12
2018.01.19 12:54:06.259,0.89001,0.89011,2.25,1.00
2018.01.19 12:54:06.898,0.89002,0.89011,1.00,1.00
2018.01.19 12:54:07.418,0.89001,0.89011,1.00,1.00
2018.01.19 12:54:07.644,0.89004,0.89012,1.12,1.12
2018.01.19 12:54:08.173,0.89004,0.89013,1.12,4.50
2018.01.19 12:54:09.671,0.89004,0.89013,1.00,1.87
2018.01.19 12:54:12.302,0.89002,0.89013,1.87,2.25
2018.01.19 12:54:13.860,0.89002,0.89013,1.87,3.37
2018.01.19 12:54:17.977,0.89003,0.89013,1.00,3.74
2018.01.19 12:54:18.540,0.89004,0.89013,1.87,1.00
2018.01.19 12:54:25.639,0.89005,0.89013,1.00,1.00
2018.01.19 12:54:28.812,0.89006,0.89013,1.00,1.00
2018.01.19 12:54:29.779,0.89006,0.89015,1.00,1.00
2018.01.19 12:54:30.291,0.89006,0.89015,1.50,1.00
2018.01.19 12:54:30.937,0.89006,0.89016,1.12,1.87
2018.01.19 12:54:31.440,0.89006,0.89016,1.12,1.00
2018.01.19 12:54:31.941,0.89006,0.89016,1.87,1.37
2018.01.19 12:54:32.446,0.89006,0.89016,1.37,1.87
2018.01.19 12:54:32.998,0.89006,0.89016,1.00,2.62
2018.01.19 12:54:33.050,0.89004,0.89015,1.12,1.50
2018.01.19 12:54:33.616,0.89003,0.89014,1.12,3.75
2018.01.19 12:54:35.090,0.89002,0.89013,2.25,1.50
2018.01.19 12:54:35.479,0.89002,0.89012,1.50,2.62
2018.01.19 12:54:35.531,0.89002,0.89012,1.50,3.37
2018.01.19 12:54:35.740,0.89001,0.89012,3.00,6.74
2018.01.19 12:54:36.835,0.89001,0.89012,2.62,7.12
2018.01.19 12:54:38.254,0.89002,0.89012,1.00,7.87
2018.01.19 12:54:38.902,0.89001,0.89012,1.87,7.12
2018.01.19 12:54:39.932,0.89002,0.89012,1.00,7.12
2018.01.19 12:54:40.854,0.89001,0.89011,1.12,2.62
2018.01.19 12:54:40.956,0.88999,0.8901,2.25,4.12
2018.01.19 12:54:45.072,0.88999,0.8901,1.12,8.62
2018.01.19 12:54:45.591,0.88998,0.89008,1.00,1.87
2018.01.19 12:54:45.953,0.88996,0.89007,3.37,1.87
2018.01.19 12:54:46.056,0.88996,0.89007,1.50,4.12
2018.01.19 12:54:46.487,0.88996,0.89007,3.00,5.24
2018.01.19 12:54:47.083,0.88997,0.89007,1.00,2.62
2018.01.19 12:54:47.590,0.88997,0.89007,1.00,1.87
2018.01.19 12:54:49.664,0.88997,0.89007,1.00,2.87
2018.01.19 12:54:50.006,0.88999,0.89007,1.00,2.12
2018.01.19 12:54:50.785,0.88999,0.89008,1.00,1.12
2018.01.19 12:54:51.572,0.88998,0.89008,1.00,1.12
2018.01.19 12:54:52.239,0.88999,0.89008,1.00,1.12
2018.01.19 12:54:52.989,0.88999,0.89008,1.00,3.25
2018.01.19 12:54:53.092,0.88997,0.89008,1.00,4.00
2018.01.19 12:54:55.007,0.88997,0.89008,1.50,1.87
2018.01.19 12:54:57.179,0.88998,0.89008,1.87,1.87
2018.01.19 12:54:57.234,0.88998,0.89008,1.50,3.25
2018.01.19 12:54:57.777,0.88998,0.89008,1.00,4.12
2018.01.19 12:54:57.830,0.88995,0.89005,1.00,2.25
2018.01.19 12:54:57.881,0.88993,0.89005,2.62,6.00
2018.01.19 12:54:58.244,0.88995,0.89005,2.62,1.12
2018.01.19 12:54:59.243,0.88996,0.89005,1.00,1.00
2018.01.19 12:55:01.037,0.88997,0.89005,1.00,1.50
2018.01.19 12:55:01.571,0.88998,0.89007,1.50,1.50
2018.01.19 12:55:02.745,0.88998,0.89007,1.12,1.12
2018.01.19 12:55:03.289,0.89,0.89007,1.00,1.12
2018.01.19 12:55:03.796,0.89,0.89008,2.62,1.50
2018.01.19 12:55:04.741,0.89,0.89008,2.62,1.50
2018.01.19 12:55:05.583,0.89,0.89008,1.12,1.12
2018.01.19 12:55:05.635,0.88998,0.89008,1.87,2.50
2018.01.19 12:55:05.981,0.88999,0.89008,1.00,9.37
2018.01.19 12:55:07.194,0.88999,0.89008,1.00,5.25
2018.01.19 12:55:08.656,0.88999,0.89007,1.00,4.12
2018.01.19 12:55:09.332,0.88999,0.89007,1.00,3.00
2018.01.19 12:55:10.670,0.88998,0.89007,1.00,2.25
2018.01.19 12:55:12.384,0.88996,0.89007,1.12,3.75
2018.01.19 12:55:12.810,0.88996,0.89006,1.00,1.50
2018.01.19 12:55:13.376,0.88996,0.89004,1.00,1.50
2018.01.19 12:55:15.335,0.88995,0.89004,1.12,1.00
2018.01.19 12:55:15.595,0.88997,0.89006,1.12,1.12
2018.01.19 12:55:16.232,0.88998,0.89006,1.00,1.87
2018.01.19 12:55:16.283,0.88996,0.89006,1.00,2.12
2018.01.19 12:55:16.413,0.88998,0.89006,1.00,2.25
2018.01.19 12:55:16.515,0.88996,0.89006,1.12,2.62
2018.01.19 12:55:17.102,0.88996,0.89006,1.12,2.25
2018.01.19 12:55:18.007,0.88996,0.89006,1.12,4.50
2018.01.19 12:55:18.567,0.88996,0.89006,1.12,2.87
2018.01.19 12:55:18.619,0.88996,0.89006,1.00,4.87
2018.01.19 12:55:19.797,0.88995,0.89005,1.00,5.62
2018.01.19 12:55:20.386,0.88996,0.89005,1.00,5.62
2018.01.19 12:55:21.020,0.88994,0.89005,1.00,6.37
2018.01.19 12:55:21.984,0.88998,0.89005,1.00,2.25
2018.01.19 12:55:22.916,0.88998,0.89007,1.00,3.37
2018.01.19 12:55:23.506,0.88998,0.89007,1.00,1.87
2018.01.19 12:55:24.015,0.88999,0.89007,1.12,1.12
2018.01.19 12:55:24.504,0.88999,0.89009,1.87,1.12
2018.01.19 12:55:25.069,0.89001,0.89009,1.00,1.87
2018.01.19 12:55:25.638,0.89002,0.89009,1.00,1.12
2018.01.19 12:55:26.479,0.89,0.89009,2.25,1.12
2018.01.19 12:55:26.997,0.89,0.8901,3.00,1.87
2018.01.19 12:55:29.814,0.89,0.8901,1.87,3.62
2018.01.19 12:55:29.866,0.89,0.89009,1.00,1.12
2018.01.19 12:55:29.969,0.88998,0.89009,1.50,7.50
2018.01.19 12:55:30.658,0.88998,0.89007,1.00,1.12
2018.01.19 12:55:30.709,0.88996,0.89007,1.50,3.75
2018.01.19 12:55:31.253,0.88995,0.89007,4.87,3.75
2018.01.19 12:55:31.304,0.88995,0.89005,1.50,1.50
2018.01.19 12:55:31.536,0.88994,0.89003,1.00,4.12
2018.01.19 12:55:32.456,0.88994,0.89003,1.00,2.12
2018.01.19 12:55:32.813,0.88995,0.89004,1.00,1.87
2018.01.19 12:55:33.469,0.88994,0.89004,1.87,1.50
2018.01.19 12:55:34.317,0.88996,0.89004,1.00,1.50
2018.01.19 12:55:34.369,0.88997,0.89006,1.12,1.50
2018.01.19 12:55:34.575,0.88996,0.89005,1.00,2.25
2018.01.19 12:55:35.487,0.88994,0.89005,2.62,3.75
2018.01.19 12:55:36.819,0.88994,0.89005,1.87,3.00
2018.01.19 12:55:38.289,0.88994,0.89005,1.87,3.99
2018.01.19 12:55:39.378,0.88992,0.89003,3.75,1.87
2018.01.19 12:55:39.430,0.88992,0.89003,1.00,8.24
2018.01.19 12:55:39.482,0.8899,0.89001,1.00,3.00
2018.01.19 12:55:39.739,0.88988,0.88999,1.87,3.00
2018.01.19 12:55:40.266,0.88991,0.89,1.12,1.50
2018.01.19 12:55:40.854,0.8899,0.89,1.50,3.00
2018.01.19 12:55:42.788,0.8899,0.89,1.50,2.25
2018.01.19 12:55:43.962,0.8899,0.89,1.87,1.50
2018.01.19 12:55:44.600,0.88991,0.89,1.00,1.00
2018.01.19 12:55:46.834,0.88991,0.89001,1.00,3.00
2018.01.19 12:55:47.365,0.88992,0.89001,1.00,2.12
2018.01.19 12:55:47.625,0.8899,0.89001,1.50,3.37
2018.01.19 12:55:47.932,0.88991,0.89002,1.37,4.87
2018.01.19 12:55:47.984,0.88991,0.89002,2.25,3.75
2018.01.19 12:55:48.581,0.88993,0.89002,1.00,1.37
2018.01.19 12:55:49.594,0.88993,0.89002,1.00,1.37
2018.01.19 12:55:50.140,0.88992,0.89002,1.12,3.74
2018.01.19 12:55:51.648,0.88992,0.89002,1.00,1.37
2018.01.19 12:55:52.176,0.88993,0.89002,1.00,1.37
2018.01.19 12:55:52.278,0.88993,0.89002,1.00,3.00
2018.01.19 12:55:52.588,0.88993,0.89002,1.50,1.00
2018.01.19 12:55:54.877,0.88993,0.89002,1.00,1.12
2018.01.19 12:55:55.032,0.88993,0.89003,2.25,1.80
2018.01.19 12:55:55.788,0.88993,0.89004,2.25,2.92
2018.01.19 12:55:56.377,0.88993,0.89003,1.50,1.50
2018.01.19 12:55:56.429,0.88992,0.89001,2.62,1.12
2018.01.19 12:55:56.612,0.8899,0.89,1.00,3.30
2018.01.19 12:55:57.120,0.8899,0.89,1.00,3.30
2018.01.19 12:55:57.729,0.88991,0.89,1.00,2.25
2018.01.19 12:55:58.092,0.88993,0.89001,1.00,1.00
2018.01.19 12:55:58.534,0.88995,0.89005,1.00,2.25
2018.01.19 12:55:58.636,0.88997,0.89007,1.50,1.12
2018.01.19 12:55:59.143,0.88998,0.89007,1.00,1.50
2018.01.19 12:56:00.476,0.88998,0.89008,1.00,4.80
2018.01.19 12:56:00.829,0.88997,0.89008,1.50,8.92
2018.01.19 12:56:01.400,0.88996,0.89006,1.87,1.50
2018.01.19 12:56:02.568,0.88996,0.89006,2.25,1.05
2018.01.19 12:56:03.088,0.88996,0.89006,1.12,2.92
2018.01.19 12:56:03.140,0.88994,0.89005,2.62,2.17
2018.01.19 12:56:03.547,0.88994,0.89005,4.12,3.29
2018.01.19 12:56:03.863,0.88992,0.89002,4.12,1.50
2018.01.19 12:56:03.915,0.88991,0.89002,1.87,4.42
2018.01.19 12:56:04.793,0.88991,0.89002,3.37,3.67
2018.01.19 12:56:05.349,0.88992,0.89002,4.50,1.12
2018.01.19 12:56:05.892,0.88992,0.89003,5.62,1.00
2018.01.19 12:56:06.970,0.88993,0.89003,1.50,1.50
2018.01.19 12:56:08.745,0.88994,0.89003,1.12,1.00
2018.01.19 12:56:09.063,0.88995,0.89005,4.12,1.00
2018.01.19 12:56:09.370,0.88995,0.89005,3.37,1.00
2018.01.19 12:56:10.115,0.88995,0.89005,2.25,3.25
2018.01.19 12:56:10.217,0.88995,0.89005,1.87,2.87
2018.01.19 12:56:10.824,0.88995,0.89005,1.12,2.62
2018.01.19 12:56:11.238,0.88995,0.89005,2.62,2.87
2018.01.19 12:56:11.459,0.88995,0.89005,2.25,2.50
2018.01.19 12:56:12.207,0.88994,0.89004,1.50,1.50
2018.01.19 12:56:13.097,0.88994,0.89004,1.50,3.00
2018.01.19 12:56:13.480,0.88994,0.89004,1.00,4.00
2018.01.19 12:56:13.532,0.88992,0.89003,1.87,1.87
2018.01.19 12:56:14.083,0.88993,0.89002,1.00,1.87
2018.01.19 12:56:15.019,0.88992,0.89002,1.12,3.00
2018.01.19 12:56:15.070,0.88992,0.89001,1.00,1.12
2018.01.19 12:56:15.224,0.8899,0.89,1.00,2.25
2018.01.19 12:56:16.144,0.8899,0.88999,1.00,1.50
2018.01.19 12:56:16.658,0.88987,0.88998,1.87,1.87
2018.01.19 12:56:16.762,0.88984,0.88994,1.50,1.12
2018.01.19 12:56:17.255,0.88988,0.88996,1.00,1.50
2018.01.19 12:56:17.577,0.88985,0.88995,1.12,2.62
2018.01.19 12:56:18.158,0.88985,0.88995,1.00,3.37
2018.01.19 12:56:18.746,0.88984,0.88994,1.87,3.37
2018.01.19 12:56:22.470,0.88984,0.88993,1.12,1.50
2018.01.19 12:56:23.580,0.88983,0.88993,1.00,3.62
2018.01.19 12:56:23.944,0.88983,0.88992,1.00,1.12
2018.01.19 12:56:25.172,0.88983,0.88992,1.00,3.37
2018.01.19 12:56:26.029,0.88983,0.88992,1.00,3.25
2018.01.19 12:56:26.343,0.8898,0.8899,1.87,1.12
2018.01.19 12:56:27.184,0.8898,0.8899,1.50,2.62
2018.01.19 12:56:27.949,0.8898,0.8899,1.12,1.87
2018.01.19 12:56:28.807,0.8898,0.8899,1.12,1.00
2018.01.19 12:56:29.263,0.88981,0.88991,1.50,1.00
2018.01.19 12:56:29.915,0.88982,0.88991,1.00,1.00
2018.01.19 12:56:30.095,0.88981,0.88991,1.00,3.25
2018.01.19 12:56:30.731,0.8898,0.88991,1.50,3.25
2018.01.19 12:56:31.788,0.88981,0.88991,1.00,1.50
2018.01.19 12:56:34.337,0.8898,0.88991,1.12,3.37
2018.01.19 12:56:34.842,0.8898,0.88989,1.12,1.12
2018.01.19 12:56:35.406,0.88979,0.88989,1.12,2.24
2018.01.19 12:56:35.953,0.88979,0.88989,1.87,2.87
2018.01.19 12:56:36.495,0.8898,0.88989,1.00,2.62
2018.01.19 12:56:37.048,0.8898,0.88989,1.00,2.87
2018.01.19 12:56:37.257,0.88978,0.88988,1.00,1.87
2018.01.19 12:56:37.309,0.88977,0.88986,1.00,1.50
2018.01.19 12:56:37.464,0.88974,0.88985,2.25,1.50
2018.01.19 12:56:38.488,0.88974,0.88985,2.25,2.50
2018.01.19 12:56:39.637,0.88975,0.88985,1.00,2.50
2018.01.19 12:56:40.234,0.88975,0.88985,2.25,2.12
2018.01.19 12:56:40.835,0.88975,0.88985,2.25,1.50
2018.01.19 12:56:45.208,0.88974,0.88984,1.37,2.62
2018.01.19 12:56:47.214,0.88974,0.88984,2.25,2.50
2018.01.19 12:56:47.717,0.88974,0.88984,1.87,2.50
2018.01.19 12:56:48.377,0.88974,0.88984,2.25,3.62
2018.01.19 12:56:48.886,0.88974,0.88984,1.50,3.25
2018.01.19 12:56:51.672,0.88972,0.88982,1.87,2.25
2018.01.19 12:56:52.176,0.88972,0.88982,1.87,2.62
2018.01.19 12:56:52.685,0.88972,0.88982,3.37,2.62
2018.01.19 12:56:52.803,0.88972,0.88982,1.12,3.00
2018.01.19 12:57:00.187,0.88972,0.88982,2.25,1.12
2018.01.19 12:57:01.709,0.88972,0.88982,1.87,1.12
2018.01.19 12:57:02.007,0.88973,0.88982,1.50,1.00
2018.01.19 12:57:02.620,0.88973,0.88983,1.87,1.00
2018.01.19 12:57:04.546,0.88974,0.88983,1.00,1.12
2018.01.19 12:57:05.434,0.88973,0.88983,3.00,1.00
2018.01.19 12:57:05.485,0.88973,0.88983,3.00,1.50
2018.01.19 12:57:06.018,0.88973,0.88984,2.25,1.50
2018.01.19 12:57:08.506,0.88974,0.88984,1.00,1.50
2018.01.19 12:57:09.409,0.88975,0.88984,1.00,1.87
2018.01.19 12:57:10.802,0.88975,0.88984,2.25,1.00
2018.01.19 12:57:10.855,0.88979,0.88988,1.00,5.25
2018.01.19 12:57:10.907,0.88979,0.88988,1.50,1.12
2018.01.19 12:57:11.550,0.88978,0.88988,1.50,1.12
2018.01.19 12:57:12.263,0.88979,0.88988,1.00,1.50
2018.01.19 12:57:12.316,0.88981,0.88989,1.00,1.00
2018.01.19 12:57:12.368,0.88981,0.88991,1.00,2.25
2018.01.19 12:57:12.606,0.88981,0.88991,1.00,3.37
2018.01.19 12:57:12.659,0.88978,0.8899,1.87,3.00
2018.01.19 12:57:13.340,0.88979,0.88988,1.00,1.12
2018.01.19 12:57:14.020,0.88978,0.88988,2.25,2.62
2018.01.19 12:57:14.547,0.88978,0.88988,2.25,3.00
2018.01.19 12:57:14.773,0.8898,0.88989,1.00,1.00
2018.01.19 12:57:15.809,0.88979,0.88989,1.87,1.87
2018.01.19 12:57:16.392,0.88979,0.88989,1.50,1.00
2018.01.19 12:57:17.290,0.88979,0.88989,1.87,2.25
2018.01.19 12:57:18.562,0.88979,0.88989,1.50,2.62
2018.01.19 12:57:22.149,0.8898,0.8899,1.00,2.25
2018.01.19 12:57:22.423,0.88981,0.88991,1.00,4.50
2018.01.19 12:57:22.928,0.88981,0.88991,1.00,3.37
2018.01.19 12:57:23.642,0.88981,0.88991,1.50,4.12
2018.01.19 12:57:23.694,0.88984,0.88991,1.00,1.50
2018.01.19 12:57:23.798,0.88985,0.88993,1.00,1.12
2018.01.19 12:57:26.323,0.88985,0.88994,1.00,3.37
2018.01.19 12:57:26.987,0.88985,0.88994,1.00,3.25
2018.01.19 12:57:28.013,0.88985,0.88994,1.12,1.12
2018.01.19 12:57:28.357,0.88985,0.88994,1.00,5.25
2018.01.19 12:57:28.890,0.88985,0.88994,1.00,3.74
2018.01.19 12:57:29.402,0.88985,0.88994,1.00,3.75
2018.01.19 12:57:30.059,0.88985,0.88994,1.00,3.74
2018.01.19 12:57:30.406,0.88985,0.88992,1.00,1.50
2018.01.19 12:57:30.458,0.88981,0.88992,1.87,4.50
2018.01.19 12:57:31.422,0.88981,0.88992,1.50,3.75
2018.01.19 12:57:31.473,0.88983,0.88992,1.00,3.00
2018.01.19 12:57:36.014,0.88983,0.88992,1.50,1.50
2018.01.19 12:57:37.933,0.88983,0.88992,1.00,1.00
2018.01.19 12:57:39.308,0.88983,0.88992,1.00,1.12
2018.01.19 12:57:43.595,0.88983,0.88992,2.62,1.00
2018.01.19 12:57:44.015,0.88986,0.88995,1.12,1.87
2018.01.19 12:57:44.067,0.88986,0.88996,1.87,3.00
2018.01.19 12:57:44.611,0.88986,0.88996,1.87,3.00
2018.01.19 12:57:45.142,0.88986,0.88995,1.00,2.62
2018.01.19 12:57:45.296,0.88984,0.88995,1.87,9.37
2018.01.19 12:57:45.951,0.88985,0.88995,1.00,6.75
2018.01.19 12:57:46.569,0.88986,0.88995,1.00,1.50
2018.01.19 12:57:49.690,0.88987,0.88997,1.50,1.87
2018.01.19 12:57:51.289,0.88989,0.88997,1.00,2.25
2018.01.19 12:57:51.491,0.88987,0.88997,1.12,2.62
2018.01.19 12:57:52.621,0.88986,0.88997,1.00,7.12
2018.01.19 12:57:53.489,0.88986,0.88997,1.37,7.12
2018.01.19 12:57:54.933,0.88987,0.88997,1.12,4.49
2018.01.19 12:57:58.699,0.88988,0.88998,1.00,2.62
2018.01.19 12:57:59.280,0.88987,0.88997,1.00,1.12
2018.01.19 12:57:59.435,0.88986,0.88996,1.00,2.62
2018.01.19 12:57:59.538,0.88987,0.88996,1.00,2.25
2018.01.19 12:58:00.076,0.88986,0.88996,1.87,1.50
2018.01.19 12:58:00.230,0.88986,0.88996,1.00,4.50
2018.01.19 12:58:00.855,0.88986,0.88996,1.00,4.00
2018.01.19 12:58:01.532,0.88985,0.88996,1.12,4.87
2018.01.19 12:58:02.073,0.88984,0.88995,2.62,1.87
2018.01.19 12:58:04.421,0.88983,0.88994,2.62,3.00
2018.01.19 12:58:05.788,0.88983,0.88994,1.12,7.12
2018.01.19 12:58:06.115,0.88983,0.88994,1.12,11.24
2018.01.19 12:58:06.321,0.88981,0.88991,1.87,1.87
2018.01.19 12:58:07.014,0.88982,0.88991,1.00,1.50
2018.01.19 12:58:11.980,0.88982,0.88992,1.87,3.00
2018.01.19 12:58:15.410,0.88984,0.88992,1.00,3.00
2018.01.19 12:58:15.563,0.88981,0.88992,1.87,3.75
2018.01.19 12:58:16.288,0.88981,0.88992,1.12,4.87
2018.01.19 12:58:17.173,0.88982,0.88992,1.00,4.12
2018.01.19 12:58:17.479,0.88982,0.88992,2.62,1.87
2018.01.19 12:58:17.531,0.88982,0.88992,1.12,1.87
2018.01.19 12:58:17.734,0.88979,0.88989,1.50,1.50
2018.01.19 12:58:18.050,0.88981,0.88989,1.00,1.87
2018.01.19 12:58:18.383,0.88977,0.88988,2.62,1.50
2018.01.19 12:58:18.677,0.88977,0.88988,1.00,5.99
2018.01.19 12:58:19.592,0.88977,0.88986,1.00,3.37
2018.01.19 12:58:19.644,0.88974,0.88986,2.62,7.12
2018.01.19 12:58:20.015,0.88972,0.88982,1.00,1.12
2018.01.19 12:58:20.379,0.88973,0.88983,1.12,3.00
2018.01.19 12:58:21.007,0.88974,0.88983,1.00,1.00
2018.01.19 12:58:21.878,0.88973,0.88984,1.12,2.62
2018.01.19 12:58:22.207,0.88975,0.88984,1.12,2.25
2018.01.19 12:58:22.312,0.88976,0.88987,1.50,3.00
2018.01.19 12:58:22.365,0.88978,0.88987,1.87,1.12
2018.01.19 12:58:23.145,0.88978,0.88988,2.25,1.12
2018.01.19 12:58:23.682,0.8898,0.88989,1.00,1.00
2018.01.19 12:58:24.241,0.88981,0.88991,2.25,2.62
2018.01.19 12:58:24.795,0.88981,0.88991,2.25,2.50
2018.01.19 12:58:25.109,0.8898,0.88989,1.50,1.87
2018.01.19 12:58:25.648,0.88979,0.88989,1.87,4.50
2018.01.19 12:58:26.200,0.88979,0.88989,1.87,2.24
2018.01.19 12:58:26.746,0.88977,0.88988,2.25,2.25
2018.01.19 12:58:27.251,0.88978,0.88988,1.00,4.49
2018.01.19 12:58:27.858,0.88977,0.88988,1.87,5.24
2018.01.19 12:58:28.396,0.88976,0.88987,1.12,6.00
2018.01.19 12:58:28.973,0.88975,0.88985,1.00,1.50
2018.01.19 12:58:30.102,0.88977,0.88986,1.12,1.50
2018.01.19 12:58:30.312,0.88978,0.88987,1.00,1.12
2018.01.19 12:58:33.136,0.88979,0.88987,1.12,1.12
2018.01.19 12:58:33.187,0.88979,0.88989,1.12,1.00
2018.01.19 12:58:33.733,0.8898,0.88989,1.00,1.00
2018.01.19 12:58:33.939,0.88978,0.88988,1.00,3.00
2018.01.19 12:58:34.042,0.88976,0.88987,1.50,2.62
2018.01.19 12:58:34.146,0.88978,0.88987,1.00,3.37
2018.01.19 12:58:34.939,0.88977,0.88987,1.00,2.25
2018.01.19 12:58:36.545,0.88978,0.88987,1.00,1.12
2018.01.19 12:58:37.168,0.88978,0.88988,1.00,1.50
2018.01.19 12:58:37.593,0.88978,0.88988,1.00,6.62
2018.01.19 12:58:38.343,0.88978,0.88987,1.00,1.87
2018.01.19 12:58:38.821,0.8898,0.8899,1.00,5.62
2018.01.19 12:58:39.077,0.88981,0.88992,1.50,3.37
2018.01.19 12:58:39.232,0.8898,0.8899,1.12,1.12
2018.01.19 12:58:39.928,0.88979,0.88989,1.50,2.62
2018.01.19 12:58:43.333,0.88979,0.88988,1.00,1.50
2018.01.19 12:58:43.865,0.88979,0.88988,1.50,1.00
2018.01.19 12:58:45.269,0.88979,0.88988,1.87,1.00
2018.01.19 12:58:45.794,0.88979,0.88987,1.00,1.12
2018.01.19 12:58:46.376,0.88979,0.88987,1.00,1.12
2018.01.19 12:58:48.397,0.88979,0.88987,1.00,1.00
2018.01.19 12:58:48.598,0.88976,0.88987,3.00,4.00
2018.01.19 12:58:48.650,0.88978,0.88988,1.50,3.37
2018.01.19 12:58:49.253,0.88978,0.88988,1.50,3.62
2018.01.19 12:58:49.851,0.88978,0.88988,1.87,3.75
2018.01.19 12:58:50.832,0.88979,0.88988,1.12,4.75
2018.01.19 12:58:51.760,0.88979,0.88989,1.12,1.50
2018.01.19 12:58:51.964,0.88981,0.88991,1.12,3.75
2018.01.19 12:58:52.472,0.88982,0.88991,1.00,3.37
2018.01.19 12:58:56.418,0.88981,0.88991,2.25,4.12
2018.01.19 12:58:56.864,0.88981,0.88991,2.25,10.87
2018.01.19 12:58:57.051,0.88979,0.8899,1.87,3.37
2018.01.19 12:58:57.618,0.88978,0.88989,2.25,1.12
2018.01.19 12:58:58.239,0.88978,0.88989,2.25,2.50
2018.01.19 12:58:58.969,0.88978,0.88989,1.87,2.62
2018.01.19 12:58:59.683,0.88978,0.88989,1.50,3.25
2018.01.19 12:58:59.937,0.88979,0.88989,1.50,1.50
2018.01.19 12:59:00.475,0.8898,0.88989,1.00,1.50
2018.01.19 12:59:00.990,0.8898,0.88989,1.00,1.37
2018.01.19 12:59:02.732,0.8898,0.8899,1.00,3.37
2018.01.19 12:59:03.260,0.88981,0.8899,1.00,1.50
2018.01.19 12:59:03.756,0.8898,0.8899,1.12,4.87
2018.01.19 12:59:04.522,0.8898,0.8899,1.87,1.50
2018.01.19 12:59:05.069,0.88981,0.8899,1.50,1.00
2018.01.19 12:59:05.586,0.88981,0.8899,1.50,1.00
2018.01.19 12:59:06.116,0.88981,0.8899,1.50,1.00
2018.01.19 12:59:06.789,0.88981,0.8899,1.50,1.00
2018.01.19 12:59:07.486,0.88981,0.8899,1.50,1.00
2018.01.19 12:59:08.170,0.88981,0.8899,1.87,1.00
2018.01.19 12:59:08.739,0.88983,0.88991,1.00,1.00
2018.01.19 12:59:09.431,0.88984,0.88994,1.00,6.00
2018.01.19 12:59:09.688,0.88984,0.88994,1.00,1.12
2018.01.19 12:59:10.223,0.88985,0.88995,1.00,2.62
2018.01.19 12:59:10.275,0.88987,0.88995,1.00,2.25
2018.01.19 12:59:10.806,0.88986,0.88995,2.25,1.37
2018.01.19 12:59:11.361,0.88985,0.88995,2.62,1.87
2018.01.19 12:59:12.634,0.88986,0.88995,1.00,2.25
2018.01.19 12:59:12.686,0.88986,0.88996,1.00,3.00
2018.01.19 12:59:13.306,0.88985,0.88996,2.62,3.37
2018.01.19 12:59:14.206,0.88987,0.88996,1.00,1.50
2018.01.19 12:59:14.774,0.88986,0.88996,1.00,2.87
2018.01.19 12:59:15.276,0.88986,0.88996,1.50,3.37
2018.01.19 12:59:15.783,0.88987,0.88997,1.87,1.00
2018.01.19 12:59:16.173,0.88991,0.89,1.00,1.12
2018.01.19 12:59:17.775,0.88992,0.89001,1.00,1.12
2018.01.19 12:59:18.442,0.88992,0.89001,1.00,1.00
2018.01.19 12:59:19.020,0.88992,0.89001,1.00,1.50
2018.01.19 12:59:19.504,0.88995,0.89004,1.00,1.87
2018.01.19 12:59:19.555,0.88995,0.89004,1.00,1.00
2018.01.19 12:59:20.079,0.88996,0.89005,1.00,1.12
2018.01.19 12:59:22.851,0.88996,0.89005,2.62,1.00
2018.01.19 12:59:24.247,0.88996,0.89006,2.62,1.12
2018.01.19 12:59:26.053,0.88996,0.89006,3.00,1.37
2018.01.19 12:59:26.587,0.88996,0.89006,3.00,1.00
2018.01.19 12:59:30.390,0.88997,0.89006,1.12,1.87
2018.01.19 12:59:33.190,0.88996,0.89006,1.00,2.62
2018.01.19 12:59:33.447,0.88999,0.89006,1.00,3.37
2018.01.19 12:59:33.651,0.88999,0.89009,1.00,3.00
2018.01.19 12:59:37.963,0.89,0.8901,1.00,3.00
2018.01.19 12:59:38.647,0.88999,0.8901,2.25,2.99
2018.01.19 12:59:38.825,0.88999,0.89009,1.50,1.12
2018.01.19 12:59:39.335,0.88999,0.89009,1.50,4.12
2018.01.19 12:59:39.867,0.88997,0.89009,1.87,10.50
2018.01.19 12:59:41.345,0.88996,0.89007,1.00,1.87
2018.01.19 12:59:41.906,0.88995,0.89007,2.25,4.87
2018.01.19 12:59:42.321,0.88995,0.89005,1.00,4.50
2018.01.19 12:59:48.122,0.88994,0.89005,2.25,7.12
2018.01.19 12:59:48.173,0.88995,0.89005,1.12,2.87
2018.01.19 12:59:48.802,0.88995,0.89005,1.37,2.62
2018.01.19 12:59:50.117,0.88995,0.89005,2.25,2.62
2018.01.19 12:59:50.677,0.88995,0.89005,1.87,2.62
2018.01.19 12:59:51.662,0.88995,0.89005,1.87,1.50
2018.01.19 12:59:52.882,0.88995,0.89005,1.00,2.25
2018.01.19 12:59:53.087,0.88995,0.89005,1.50,2.12
2018.01.19 12:59:53.679,0.88995,0.89005,1.00,2.62
2018.01.19 12:59:54.195,0.88995,0.89005,1.50,2.87
2018.01.19 12:59:54.425,0.88995,0.89005,1.87,3.37
2018.01.19 12:59:54.953,0.88995,0.89005,1.00,4.12
2018.01.19 12:59:55.471,0.88995,0.89004,1.00,2.25
2018.01.19 12:59:56.171,0.88995,0.89004,1.00,2.25
2018.01.19 12:59:56.677,0.88995,0.89004,1.00,2.50
2018.01.19 12:59:57.225,0.88994,0.89004,1.00,3.62
2018.01.19 12:59:57.571,0.88994,0.89004,1.00,2.25
2018.01.19 12:59:58.074,0.88994,0.89004,1.00,2.50
2018.01.19 12:59:58.465,0.88996,0.89004,1.00,1.00
2018.01.19 12:59:59.118,0.88994,0.89004,1.00,1.87
2018.01.19 12:59:59.295,0.88995,0.89005,1.50,1.00
