2008.05.12 11:00:00.395,1.0326,1.03295,0.30,0.20
2008.05.12 11:00:02.141,1.0326,1.03295,0.60,0.20
2008.05.12 11:00:02.738,1.0326,1.03295,0.30,0.20
2008.05.12 11:00:03.215,1.03255,1.0329,0.50,0.20
2008.05.12 11:00:03.717,1.03255,1.03285,0.40,0.20
2008.05.12 11:00:03.953,1.0325,1.03285,2.60,0.20
2008.05.12 11:00:04.187,1.0325,1.03285,0.30,0.20
2008.05.12 11:00:04.819,1.03245,1.0328,0.80,0.20
2008.05.12 11:00:05.020,1.0325,1.03285,0.30,0.20
2008.05.12 11:00:05.221,1.03245,1.0328,0.50,0.20
2008.05.12 11:00:05.422,1.0325,1.03285,0.30,0.40
2008.05.12 11:00:05.780,1.0326,1.0329,0.30,0.20
2008.05.12 11:00:05.982,1.03255,1.0329,0.50,0.40
2008.05.12 11:00:07.391,1.03255,1.03285,0.40,0.20
2008.05.12 11:00:07.572,1.03255,1.0329,0.50,0.40
2008.05.12 11:00:09.587,1.03255,1.0328,0.40,0.20
2008.05.12 11:00:09.730,1.0325,1.0328,0.60,0.20
2008.05.12 11:00:13.093,1.0325,1.03285,0.60,0.20
2008.05.12 11:00:13.298,1.0325,1.03285,0.30,0.20
2008.05.12 11:00:14.738,1.0325,1.03285,0.30,0.40
2008.05.12 11:00:15.612,1.0325,1.0328,0.30,0.20
2008.05.12 11:00:15.731,1.03245,1.03275,0.40,0.20
2008.05.12 11:00:15.862,1.0324,1.03275,0.30,0.20
2008.05.12 11:00:15.982,1.0325,1.0328,0.30,0.20
2008.05.12 11:00:16.383,1.0325,1.03285,0.30,0.40
2008.05.12 11:00:21.902,1.0326,1.03285,0.30,0.20
2008.05.12 11:00:22.080,1.0326,1.03295,0.30,0.40
2008.05.12 11:00:22.187,1.0326,1.03295,0.30,0.20
2008.05.12 11:00:23.975,1.03255,1.0329,0.80,0.20
2008.05.12 11:00:27.192,1.03255,1.03285,0.80,0.20
2008.05.12 11:00:29.685,1.03255,1.0328,0.50,0.20
2008.05.12 11:00:29.754,1.03255,1.0328,0.30,0.20
2008.05.12 11:00:30.302,1.03255,1.0328,1.00,0.20
2008.05.12 11:00:30.726,1.03255,1.03285,1.20,0.20
2008.05.12 11:00:30.833,1.03255,1.03285,1.60,0.20
2008.05.12 11:00:31.004,1.0326,1.03285,0.30,0.20
2008.05.12 11:00:32.075,1.03265,1.03285,0.80,0.20
2008.05.12 11:00:32.177,1.03265,1.0329,0.80,0.20
2008.05.12 11:00:32.271,1.03265,1.0329,1.10,0.20
2008.05.12 11:00:32.694,1.03265,1.03295,1.30,0.20
2008.05.12 11:00:33.421,1.03265,1.03295,1.00,0.20
2008.05.12 11:00:33.484,1.03265,1.03285,0.80,0.20
2008.05.12 11:00:33.550,1.0326,1.03285,2.60,0.20
2008.05.12 11:00:33.619,1.0326,1.03285,0.30,0.20
2008.05.12 11:00:33.811,1.03255,1.03285,1.60,0.20
2008.05.12 11:00:34.327,1.03255,1.03285,0.80,0.20
2008.05.12 11:00:34.458,1.03255,1.03285,0.50,0.20
2008.05.12 11:00:34.577,1.03255,1.0328,0.40,0.20
2008.05.12 11:00:37.672,1.03255,1.03275,0.40,0.20
2008.05.12 11:00:38.188,1.03255,1.0327,0.40,0.20
2008.05.12 11:00:38.351,1.03245,1.0327,0.30,0.20
2008.05.12 11:00:38.710,1.03245,1.03275,0.60,0.20
2008.05.12 11:00:38.821,1.03245,1.03275,0.80,0.20
2008.05.12 11:00:38.932,1.03245,1.03275,1.60,0.20
2008.05.12 11:00:39.237,1.0325,1.0328,0.30,0.20
2008.05.12 11:00:39.346,1.0325,1.0328,2.60,0.20
2008.05.12 11:00:39.456,1.0325,1.0328,2.80,0.20
2008.05.12 11:00:40.914,1.03255,1.03285,0.30,0.20
2008.05.12 11:00:40.982,1.03255,1.03285,0.60,0.20
2008.05.12 11:00:41.014,1.03255,1.03285,0.80,0.20
2008.05.12 11:00:41.101,1.03255,1.03285,1.60,0.20
2008.05.12 11:00:45.568,1.0326,1.03285,2.40,0.20
2008.05.12 11:00:46.261,1.0326,1.03285,2.60,0.20
2008.05.12 11:00:47.453,1.0326,1.03285,0.30,0.20
2008.05.12 11:00:47.634,1.03265,1.033,0.30,0.40
2008.05.12 11:00:47.711,1.03265,1.033,0.30,0.20
2008.05.12 11:00:47.919,1.03265,1.033,0.50,0.20
2008.05.12 11:00:47.985,1.03265,1.0329,0.40,0.20
2008.05.12 11:00:48.173,1.0326,1.0329,0.30,0.20
2008.05.12 11:00:50.068,1.0326,1.0329,2.60,0.20
2008.05.12 11:00:50.835,1.0326,1.0329,0.30,0.20
2008.05.12 11:00:51.375,1.03275,1.03305,0.30,0.20
2008.05.12 11:00:51.827,1.03275,1.0331,1.20,0.20
2008.05.12 11:00:51.951,1.0328,1.0331,2.40,0.20
2008.05.12 11:00:53.151,1.0328,1.033,2.40,0.20
2008.05.12 11:00:53.475,1.0327,1.033,0.30,0.20
2008.05.12 11:00:53.607,1.0327,1.03305,0.60,0.20
2008.05.12 11:00:53.751,1.03275,1.0331,0.30,0.20
2008.05.12 11:00:53.898,1.03275,1.03305,0.30,0.20
2008.05.12 11:00:54.042,1.03275,1.03305,0.50,0.20
2008.05.12 11:00:54.194,1.03275,1.03295,0.40,0.20
2008.05.12 11:00:54.524,1.03275,1.03305,0.40,0.20
2008.05.12 11:00:54.859,1.03275,1.0331,0.50,0.20
2008.05.12 11:00:55.194,1.03275,1.0331,0.80,0.20
2008.05.12 11:00:55.324,1.03275,1.03305,0.50,0.20
2008.05.12 11:00:55.454,1.03275,1.033,0.40,0.20
2008.05.12 11:00:55.911,1.0327,1.033,0.30,0.20
2008.05.12 11:00:56.040,1.03265,1.03295,1.30,0.20
2008.05.12 11:00:56.170,1.03265,1.033,1.60,0.20
2008.05.12 11:00:56.555,1.03275,1.03305,0.40,0.20
2008.05.12 11:00:56.811,1.03275,1.033,0.40,0.20
2008.05.12 11:00:57.069,1.03275,1.03285,0.40,0.20
2008.05.12 11:00:57.326,1.0326,1.03295,0.60,0.20
2008.05.12 11:00:57.505,1.03265,1.03295,0.40,0.20
2008.05.12 11:00:57.689,1.03265,1.033,0.50,0.20
2008.05.12 11:00:57.881,1.03265,1.033,0.80,0.20
2008.05.12 11:00:58.060,1.03265,1.03295,0.50,0.20
2008.05.12 11:00:58.240,1.03265,1.03295,0.40,0.20
2008.05.12 11:00:58.525,1.03265,1.0329,0.40,0.20
2008.05.12 11:00:59.846,1.03265,1.0328,0.40,0.20
2008.05.12 11:00:59.970,1.03265,1.03275,0.40,0.20
2008.05.12 11:01:00.096,1.0325,1.03275,0.30,0.20
2008.05.12 11:01:00.665,1.03245,1.0328,0.80,0.20
2008.05.12 11:01:01.015,1.03255,1.03285,0.50,0.20
2008.05.12 11:01:01.350,1.0325,1.03275,0.30,0.20
2008.05.12 11:01:01.546,1.03245,1.03275,0.50,0.20
2008.05.12 11:01:03.633,1.03245,1.0328,0.80,0.20
2008.05.12 11:01:03.943,1.03245,1.03275,0.50,0.20
2008.05.12 11:01:04.155,1.03245,1.0328,0.80,0.20
2008.05.12 11:01:05.727,1.03245,1.03275,0.50,0.20
2008.05.12 11:01:05.983,1.03245,1.0328,0.80,0.20
2008.05.12 11:01:07.683,1.0325,1.03285,0.30,0.20
2008.05.12 11:01:07.841,1.03255,1.03285,0.40,0.20
2008.05.12 11:01:12.837,1.03255,1.03285,1.10,0.20
2008.05.12 11:01:12.992,1.03255,1.03285,1.30,0.20
2008.05.12 11:01:13.251,1.03255,1.0329,1.60,0.20
2008.05.12 11:01:13.885,1.03255,1.03285,1.30,0.20
2008.05.12 11:01:14.043,1.03255,1.03285,1.10,0.20
2008.05.12 11:01:14.129,1.0325,1.03285,2.80,0.20
2008.05.12 11:01:14.214,1.0325,1.0328,2.60,0.20
2008.05.12 11:01:21.256,1.03255,1.0329,0.30,0.20
2008.05.12 11:01:21.351,1.0325,1.03285,2.80,0.20
2008.05.12 11:01:23.130,1.0325,1.0328,2.60,0.20
2008.05.12 11:01:23.344,1.0325,1.0328,3.40,0.20
2008.05.12 11:01:23.437,1.03255,1.0329,0.30,0.20
2008.05.12 11:01:23.534,1.03255,1.0329,0.60,0.20
2008.05.12 11:01:23.640,1.03255,1.0329,0.80,0.20
2008.05.12 11:01:23.861,1.03255,1.0329,1.60,0.20
2008.05.12 11:01:23.956,1.03255,1.03285,1.30,0.20
2008.05.12 11:01:24.226,1.03255,1.0329,0.80,0.20
2008.05.12 11:01:24.763,1.03255,1.03285,0.50,0.20
2008.05.12 11:01:25.033,1.03255,1.0329,0.80,0.20
2008.05.12 11:01:25.436,1.0326,1.03295,0.30,0.20
2008.05.12 11:01:25.581,1.0326,1.03295,2.60,0.20
2008.05.12 11:01:25.704,1.0326,1.0329,2.60,0.20
2008.05.12 11:01:25.848,1.03255,1.0329,0.80,0.20
2008.05.12 11:01:26.564,1.03255,1.0329,0.50,0.20
2008.05.12 11:01:27.913,1.03255,1.03285,0.40,0.20
2008.05.12 11:01:28.644,1.03255,1.0329,0.50,0.20
2008.05.12 11:01:29.057,1.03255,1.0329,1.60,0.20
2008.05.12 11:01:29.172,1.0326,1.03295,0.30,0.20
2008.05.12 11:01:29.479,1.0326,1.03295,2.60,0.20
2008.05.12 11:01:29.633,1.0326,1.03295,2.80,0.20
2008.05.12 11:01:29.787,1.03255,1.0329,1.60,0.20
2008.05.12 11:01:31.682,1.03255,1.03285,1.30,0.20
2008.05.12 11:01:31.813,1.03255,1.03285,1.10,0.20
2008.05.12 11:01:31.942,1.03255,1.03285,0.40,0.20
2008.05.12 11:01:33.912,1.03255,1.0329,0.50,0.20
2008.05.12 11:01:34.132,1.03255,1.0329,0.80,0.20
2008.05.12 11:01:34.297,1.03255,1.0329,1.60,0.20
2008.05.12 11:01:37.706,1.03265,1.0329,0.40,0.20
2008.05.12 11:01:42.421,1.03265,1.03295,0.40,0.20
2008.05.12 11:01:43.173,1.03265,1.0329,0.40,0.20
2008.05.12 11:01:49.351,1.03265,1.03295,0.40,0.20
2008.05.12 11:01:51.140,1.03265,1.0329,0.40,0.20
2008.05.12 11:01:51.455,1.03265,1.03285,0.40,0.20
2008.05.12 11:01:51.551,1.03265,1.0329,0.40,0.20
2008.05.12 11:02:01.297,1.03265,1.03285,0.40,0.20
2008.05.12 11:02:01.601,1.03265,1.0329,0.40,0.20
2008.05.12 11:02:02.029,1.03265,1.03285,0.40,0.20
2008.05.12 11:02:13.147,1.03265,1.0329,0.40,0.20
2008.05.12 11:02:13.658,1.03265,1.03285,0.40,0.20
2008.05.12 11:02:14.210,1.03265,1.0329,0.40,0.20
2008.05.12 11:02:18.428,1.03265,1.03295,0.40,0.20
2008.05.12 11:02:18.938,1.03265,1.033,0.50,0.20
2008.05.12 11:02:19.220,1.03265,1.033,0.80,0.20
2008.05.12 11:02:20.066,1.03265,1.03295,0.50,0.20
2008.05.12 11:02:20.175,1.03265,1.0329,0.40,0.20
2008.05.12 11:02:20.288,1.0326,1.0329,0.30,0.20
2008.05.12 11:02:20.393,1.0326,1.03295,0.60,0.20
2008.05.12 11:02:20.499,1.03265,1.03295,0.30,0.20
2008.05.12 11:02:20.936,1.03265,1.033,0.60,0.20
2008.05.12 11:02:21.640,1.03265,1.0329,0.30,0.20
2008.05.12 11:02:23.079,1.03265,1.03295,0.30,0.20
2008.05.12 11:02:23.184,1.03265,1.033,0.60,0.20
2008.05.12 11:02:23.291,1.03265,1.033,0.80,0.20
2008.05.12 11:02:24.280,1.03265,1.03295,0.50,0.20
2008.05.12 11:02:24.471,1.03265,1.033,0.80,0.20
2008.05.12 11:02:30.883,1.03265,1.0329,0.50,0.20
2008.05.12 11:02:30.996,1.03265,1.0329,0.40,0.20
2008.05.12 11:02:31.208,1.03265,1.033,0.30,0.20
2008.05.12 11:02:31.424,1.0326,1.03295,0.60,0.20
2008.05.12 11:02:31.995,1.03265,1.033,0.30,0.20
2008.05.12 11:02:32.102,1.03265,1.033,0.60,0.20
2008.05.12 11:02:32.735,1.03265,1.033,0.80,0.20
2008.05.12 11:02:34.385,1.03265,1.03295,0.50,0.20
2008.05.12 11:02:34.504,1.03265,1.033,0.80,0.20
2008.05.12 11:02:37.429,1.0327,1.03305,0.30,0.20
2008.05.12 11:02:37.663,1.03265,1.033,0.80,0.20
2008.05.12 11:02:38.366,1.0327,1.03305,0.30,0.20
2008.05.12 11:02:39.500,1.03265,1.03295,0.50,0.20
2008.05.12 11:02:39.718,1.03265,1.033,0.80,0.20
2008.05.12 11:02:39.936,1.03265,1.03295,0.50,0.20
2008.05.12 11:02:40.046,1.03265,1.033,0.80,0.20
2008.05.12 11:02:40.781,1.03265,1.03295,0.50,0.20
2008.05.12 11:02:41.191,1.03265,1.033,0.80,0.20
2008.05.12 11:02:45.478,1.03265,1.03295,0.50,0.20
2008.05.12 11:02:47.049,1.03265,1.033,0.80,0.20
2008.05.12 11:02:47.879,1.03265,1.0329,0.50,0.20
2008.05.12 11:02:47.971,1.03265,1.0329,0.30,0.20
2008.05.12 11:02:48.017,1.03265,1.03295,0.30,0.20
2008.05.12 11:02:48.062,1.0326,1.03295,5.20,0.20
2008.05.12 11:02:48.107,1.03265,1.03295,0.40,0.20
2008.05.12 11:02:48.243,1.03275,1.03305,0.40,0.40
2008.05.12 11:02:48.377,1.03275,1.03305,0.40,0.20
2008.05.12 11:02:49.267,1.03275,1.0331,0.50,0.20
2008.05.12 11:02:49.744,1.03275,1.03305,0.40,0.20
2008.05.12 11:02:50.379,1.0327,1.03305,1.00,0.20
2008.05.12 11:02:50.539,1.03265,1.033,0.80,0.20
2008.05.12 11:02:51.208,1.0327,1.03305,0.30,0.20
2008.05.12 11:02:52.269,1.03265,1.0329,0.50,0.20
2008.05.12 11:02:52.409,1.03265,1.0329,0.30,0.20
2008.05.12 11:02:52.554,1.0327,1.03305,0.30,0.40
2008.05.12 11:02:52.703,1.03265,1.033,0.80,0.20
2008.05.12 11:02:53.256,1.0327,1.03305,0.30,0.20
2008.05.12 11:02:54.464,1.03265,1.0329,0.50,0.20
2008.05.12 11:02:54.533,1.03265,1.0329,0.30,0.20
2008.05.12 11:02:54.688,1.0327,1.03305,0.30,0.20
2008.05.12 11:02:56.647,1.03275,1.03305,0.30,0.20
2008.05.12 11:02:56.692,1.03275,1.0331,0.80,0.20
2008.05.12 11:02:58.030,1.0328,1.03315,0.60,0.20
2008.05.12 11:02:59.594,1.03285,1.0332,0.30,0.20
2008.05.12 11:02:59.917,1.0328,1.03315,0.60,0.20
2008.05.12 11:03:02.244,1.03285,1.03315,0.40,0.20
2008.05.12 11:03:04.370,1.03285,1.0332,0.50,0.20
2008.05.12 11:03:04.678,1.03285,1.0332,0.80,0.20
2008.05.12 11:03:08.603,1.03285,1.0332,0.50,0.20
2008.05.12 11:03:08.713,1.03285,1.03315,0.40,0.20
2008.05.12 11:03:33.098,1.0328,1.03315,1.20,0.20
2008.05.12 11:03:33.188,1.0328,1.0329,1.00,0.20
2008.05.12 11:03:33.246,1.0328,1.0329,0.80,0.20
2008.05.12 11:03:33.310,1.0326,1.0329,0.30,0.20
2008.05.12 11:03:33.616,1.0326,1.03285,0.30,0.20
2008.05.12 11:03:35.405,1.0326,1.03285,1.00,0.20
2008.05.12 11:03:35.509,1.0326,1.03285,0.30,0.20
2008.05.12 11:03:35.601,1.0326,1.0329,0.30,0.20
2008.05.12 11:03:35.866,1.03265,1.0329,0.30,0.20
2008.05.12 11:03:36.332,1.0326,1.0329,0.30,0.20
2008.05.12 11:03:36.536,1.0326,1.0329,1.00,0.20
2008.05.12 11:03:37.041,1.0326,1.03295,1.20,0.20
2008.05.12 11:03:37.138,1.0326,1.03295,3.60,0.20
2008.05.12 11:03:37.166,1.03265,1.03295,0.40,0.20
2008.05.12 11:03:37.301,1.03265,1.03295,0.50,0.20
2008.05.12 11:03:38.924,1.03265,1.0329,0.50,0.20
2008.05.12 11:03:38.965,1.03265,1.0329,0.40,0.20
2008.05.12 11:03:39.721,1.03265,1.0329,0.50,0.20
2008.05.12 11:03:39.835,1.03265,1.033,0.80,0.20
2008.05.12 11:03:40.216,1.03275,1.03295,0.40,0.20
2008.05.12 11:03:43.883,1.03275,1.033,0.40,0.20
2008.05.12 11:03:44.118,1.03275,1.03295,0.40,0.20
2008.05.12 11:03:44.447,1.03265,1.03295,1.30,0.20
2008.05.12 11:03:44.496,1.03265,1.03295,1.10,0.20
2008.05.12 11:03:44.626,1.03265,1.0329,1.10,0.20
2008.05.12 11:03:44.924,1.03265,1.0329,1.30,0.20
2008.05.12 11:03:46.769,1.03265,1.0329,0.50,0.20
2008.05.12 11:03:47.739,1.03265,1.0329,1.30,0.20
2008.05.12 11:03:48.031,1.03265,1.033,1.60,0.20
2008.05.12 11:03:48.043,1.03265,1.033,0.80,0.20
2008.05.12 11:03:48.319,1.0327,1.033,0.30,0.20
2008.05.12 11:03:48.552,1.0327,1.03305,0.60,0.20
2008.05.12 11:03:49.580,1.03275,1.03305,0.40,0.20
2008.05.12 11:03:49.682,1.03275,1.0331,0.50,0.20
2008.05.12 11:03:49.737,1.03275,1.0331,0.80,0.20
2008.05.12 11:03:53.536,1.03275,1.03305,0.50,0.20
2008.05.12 11:03:53.882,1.03275,1.03305,0.40,0.20
2008.05.12 11:04:01.388,1.0327,1.03305,0.30,0.20
2008.05.12 11:04:01.483,1.03265,1.033,0.80,0.20
2008.05.12 11:04:01.579,1.03265,1.033,0.50,0.20
2008.05.12 11:04:01.674,1.03265,1.0329,0.40,0.20
2008.05.12 11:04:01.956,1.03265,1.033,0.50,0.20
2008.05.12 11:04:02.154,1.03265,1.03295,0.40,0.20
2008.05.12 11:04:05.910,1.03265,1.0329,0.40,0.20
2008.05.12 11:04:06.087,1.03265,1.03285,0.40,0.20
2008.05.12 11:04:06.268,1.03255,1.0329,1.30,0.20
2008.05.12 11:04:06.444,1.03265,1.03285,0.40,0.20
2008.05.12 11:04:07.346,1.03265,1.0329,0.40,0.20
2008.05.12 11:04:10.438,1.03265,1.03295,0.40,0.40
2008.05.12 11:04:10.583,1.03265,1.03295,0.40,0.20
2008.05.12 11:04:36.384,1.03265,1.033,0.50,0.40
2008.05.12 11:04:36.468,1.03265,1.033,0.80,0.20
2008.05.12 11:04:49.126,1.03265,1.03295,0.50,0.20
2008.05.12 11:04:49.290,1.03265,1.03295,0.40,0.20
2008.05.12 11:04:57.869,1.03265,1.033,0.50,0.40
2008.05.12 11:04:57.941,1.03265,1.033,0.50,0.20
2008.05.12 11:04:57.992,1.03275,1.033,0.40,0.20
2008.05.12 11:05:00.584,1.03275,1.033,0.40,0.40
2008.05.12 11:05:00.694,1.03275,1.03295,0.40,0.20
2008.05.12 11:05:01.696,1.03275,1.033,0.40,0.40
2008.05.12 11:05:05.445,1.03275,1.03295,0.40,0.20
2008.05.12 11:05:06.246,1.03275,1.033,0.40,0.40
2008.05.12 11:05:06.436,1.03275,1.033,0.40,0.20
2008.05.12 11:05:08.857,1.03275,1.03295,0.40,0.20
2008.05.12 11:05:09.046,1.03265,1.03295,0.40,0.20
2008.05.12 11:05:09.367,1.03265,1.033,0.50,0.20
2008.05.12 11:05:12.266,1.03265,1.03295,0.40,0.20
2008.05.12 11:05:13.406,1.03265,1.0329,0.40,0.20
2008.05.12 11:05:13.531,1.0326,1.0329,0.30,0.20
2008.05.12 11:06:02.803,1.03255,1.0329,0.80,0.20
2008.05.12 11:06:03.388,1.0328,1.033,0.30,0.20
2008.05.12 11:06:03.483,1.03285,1.033,0.40,0.20
2008.05.12 11:06:03.558,1.03285,1.03315,0.40,0.20
2008.05.12 11:06:04.350,1.0329,1.0332,0.30,0.20
2008.05.12 11:06:04.426,1.0329,1.0332,0.60,0.20
2008.05.12 11:06:16.793,1.033,1.0332,0.80,0.20
2008.05.12 11:06:17.516,1.033,1.0333,1.20,0.20
2008.05.12 11:06:17.590,1.033,1.0333,3.60,0.20
2008.05.12 11:06:18.257,1.033,1.0333,1.20,0.20
2008.05.12 11:06:18.330,1.03305,1.0333,0.40,0.20
2008.05.12 11:06:22.710,1.03305,1.0332,0.40,0.20
2008.05.12 11:06:25.761,1.03305,1.03325,0.40,0.20
2008.05.12 11:06:26.180,1.03295,1.0332,1.10,0.20
2008.05.12 11:06:26.609,1.03305,1.0333,0.40,0.20
2008.05.12 11:06:27.102,1.03295,1.03325,1.00,0.20
2008.05.12 11:06:27.953,1.03295,1.0332,0.80,0.20
2008.05.12 11:06:30.673,1.03295,1.03315,0.80,0.20
2008.05.12 11:06:30.912,1.03295,1.0332,0.80,0.20
2008.05.12 11:06:32.351,1.03295,1.03315,0.80,0.20
2008.05.12 11:06:32.689,1.03295,1.0332,0.80,0.20
2008.05.12 11:06:35.358,1.03295,1.03325,1.00,0.20
2008.05.12 11:06:35.501,1.03305,1.03325,0.40,0.20
2008.05.12 11:06:39.610,1.03305,1.0332,0.40,0.20
2008.05.12 11:06:41.209,1.03305,1.03315,0.40,0.20
2008.05.12 11:06:41.376,1.03305,1.0331,0.40,0.20
2008.05.12 11:06:41.656,1.03285,1.0331,0.50,0.20
2008.05.12 11:06:41.706,1.03285,1.03315,0.80,0.20
2008.05.12 11:06:41.819,1.03295,1.0332,0.40,0.20
2008.05.12 11:06:41.900,1.03295,1.03325,0.40,0.20
2008.05.12 11:06:42.368,1.03295,1.0332,0.40,0.20
2008.05.12 11:06:42.570,1.03295,1.0333,0.50,0.40
2008.05.12 11:06:42.747,1.03305,1.0333,0.40,0.20
2008.05.12 11:06:42.938,1.03295,1.03325,0.40,0.20
2008.05.12 11:06:43.175,1.03305,1.0333,0.40,0.20
2008.05.12 11:06:44.067,1.03305,1.03325,0.40,0.20
2008.05.12 11:06:54.858,1.03305,1.0333,0.40,0.20
2008.05.12 11:06:55.586,1.03305,1.03325,0.40,0.20
2008.05.12 11:07:01.384,1.03305,1.0333,0.40,0.20
2008.05.12 11:07:01.612,1.03305,1.03335,0.40,0.20
2008.05.12 11:07:06.384,1.03305,1.0333,0.40,0.20
2008.05.12 11:07:06.470,1.03305,1.03325,0.40,0.20
2008.05.12 11:07:08.879,1.03305,1.0332,0.40,0.20
2008.05.12 11:07:09.060,1.03305,1.03315,0.40,0.20
2008.05.12 11:07:09.257,1.03295,1.03315,0.40,0.20
2008.05.12 11:07:11.452,1.03295,1.03305,0.40,0.20
2008.05.12 11:07:11.841,1.03275,1.03305,0.40,0.20
2008.05.12 11:07:12.035,1.03275,1.0331,0.50,0.20
2008.05.12 11:07:12.286,1.03275,1.0331,0.80,0.20
2008.05.12 11:07:12.764,1.03275,1.0331,0.50,0.20
2008.05.12 11:07:13.242,1.0328,1.03315,0.30,0.40
2008.05.12 11:07:13.448,1.03285,1.03315,0.40,0.40
2008.05.12 11:07:13.652,1.03295,1.03325,0.40,0.20
2008.05.12 11:07:14.059,1.03285,1.0332,0.80,0.20
2008.05.12 11:07:14.264,1.03285,1.03315,0.50,0.20
2008.05.12 11:07:14.490,1.0329,1.03325,0.30,0.20
2008.05.12 11:07:14.693,1.03295,1.0332,0.40,0.20
2008.05.12 11:07:14.908,1.03285,1.0332,0.80,0.20
2008.05.12 11:07:15.510,1.03285,1.03315,0.50,0.20
2008.05.12 11:07:15.679,1.03285,1.0332,0.80,0.20
2008.05.12 11:07:15.850,1.03285,1.0332,0.50,0.20
2008.05.12 11:07:16.186,1.03285,1.03315,0.40,0.20
2008.05.12 11:07:16.356,1.03285,1.03315,0.50,0.20
2008.05.12 11:07:16.600,1.03285,1.0332,0.80,0.20
2008.05.12 11:07:16.846,1.03285,1.0332,0.50,0.20
2008.05.12 11:07:17.461,1.03295,1.03325,0.30,0.20
2008.05.12 11:07:17.586,1.03295,1.0333,0.50,0.40
2008.05.12 11:07:17.711,1.03295,1.0333,0.50,0.20
2008.05.12 11:07:18.021,1.03295,1.03325,0.40,0.20
2008.05.12 11:07:18.144,1.0329,1.03325,0.60,0.20
2008.05.12 11:07:18.757,1.0329,1.03325,0.30,0.20
2008.05.12 11:07:20.731,1.03285,1.0332,0.80,0.20
2008.05.12 11:07:20.991,1.0329,1.03325,0.30,0.20
2008.05.12 11:07:21.200,1.03285,1.03315,0.50,0.20
2008.05.12 11:07:21.258,1.03285,1.03315,0.30,0.20
2008.05.12 11:07:21.318,1.0328,1.03315,0.60,0.20
2008.05.12 11:07:21.632,1.0328,1.03315,0.30,0.20
2008.05.12 11:07:22.470,1.03285,1.0332,0.30,0.40
2008.05.12 11:07:22.758,1.0328,1.03315,0.30,0.20
2008.05.12 11:07:23.272,1.0328,1.03315,0.60,0.20
2008.05.12 11:07:24.113,1.0329,1.03325,0.30,0.40
2008.05.12 11:07:24.391,1.0329,1.03325,0.60,0.20
2008.05.12 11:07:25.963,1.03295,1.0333,0.30,0.40
2008.05.12 11:07:26.238,1.03295,1.0333,0.60,0.20
2008.05.12 11:07:29.914,1.03305,1.0334,0.30,0.40
2008.05.12 11:07:30.232,1.033,1.03335,0.30,0.20
2008.05.12 11:07:30.885,1.03305,1.0334,0.30,0.40
2008.05.12 11:07:31.294,1.03305,1.0334,0.30,0.20
2008.05.12 11:07:31.846,1.03305,1.0334,0.30,0.40
2008.05.12 11:07:32.402,1.033,1.03335,0.30,0.20
2008.05.12 11:07:32.991,1.03305,1.0334,0.30,0.40
2008.05.12 11:07:33.136,1.0331,1.0334,0.30,0.20
2008.05.12 11:07:33.281,1.0331,1.03345,0.30,0.40
2008.05.12 11:07:33.434,1.03305,1.0334,0.30,0.20
2008.05.12 11:07:33.746,1.03305,1.03335,0.30,0.20
2008.05.12 11:07:35.272,1.03315,1.03345,0.30,0.20
2008.05.12 11:07:36.973,1.0331,1.0334,0.60,0.20
2008.05.12 11:07:37.181,1.0331,1.0334,0.30,0.20
2008.05.12 11:07:38.109,1.03305,1.03335,0.80,0.20
2008.05.12 11:07:38.516,1.03305,1.03335,0.50,0.20
2008.05.12 11:07:38.650,1.03305,1.03335,0.30,0.20
2008.05.12 11:07:38.948,1.03315,1.03345,0.30,0.40
2008.05.12 11:07:39.090,1.03315,1.03345,0.30,0.20
2008.05.12 11:07:40.686,1.0331,1.0334,0.30,0.20
2008.05.12 11:07:41.072,1.03305,1.0334,0.80,0.20
2008.05.12 11:07:42.152,1.03305,1.03335,0.80,0.20
2008.05.12 11:07:42.628,1.03305,1.03335,0.30,0.20
2008.05.12 11:07:42.945,1.03315,1.03345,0.30,0.40
2008.05.12 11:07:43.105,1.03315,1.03345,0.30,0.20
2008.05.12 11:07:43.524,1.03305,1.0334,0.80,0.20
2008.05.12 11:07:46.445,1.03315,1.03345,0.30,0.40
2008.05.12 11:07:46.689,1.03315,1.03345,0.30,0.20
2008.05.12 11:07:50.966,1.03325,1.03355,0.30,0.40
2008.05.12 11:07:51.174,1.03325,1.03355,0.30,0.20
2008.05.12 11:07:51.279,1.0332,1.0335,0.60,0.20
2008.05.12 11:07:51.383,1.0332,1.0335,0.30,0.20
2008.05.12 11:07:51.729,1.0333,1.0336,0.30,0.40
2008.05.12 11:07:51.975,1.0333,1.0336,0.30,0.20
2008.05.12 11:07:52.215,1.03325,1.0336,0.30,0.20
2008.05.12 11:07:54.204,1.03325,1.0336,0.60,0.20
2008.05.12 11:07:56.477,1.03325,1.03355,0.60,0.20
2008.05.12 11:08:01.204,1.03325,1.03355,0.30,0.20
2008.05.12 11:08:09.373,1.03325,1.0336,0.30,0.20
2008.05.12 11:08:15.661,1.03325,1.0336,0.60,0.20
2008.05.12 11:08:24.626,1.03325,1.03355,0.30,0.20
2008.05.12 11:08:25.041,1.03325,1.0336,0.60,0.20
2008.05.12 11:08:47.171,1.03325,1.0336,0.30,0.20
2008.05.12 11:09:02.532,1.0332,1.03355,0.60,0.20
2008.05.12 11:09:07.403,1.03325,1.0336,0.30,0.20
2008.05.12 11:09:07.572,1.03325,1.0336,0.60,0.20
2008.05.12 11:09:07.647,1.0333,1.03365,0.30,0.20
2008.05.12 11:09:08.123,1.03325,1.0336,0.60,0.20
2008.05.12 11:09:15.983,1.03325,1.03355,0.30,0.20
2008.05.12 11:09:22.972,1.03325,1.0336,0.60,0.20
2008.05.12 11:09:23.164,1.0333,1.03365,0.30,0.20
2008.05.12 11:09:23.392,1.03325,1.0336,0.80,0.20
2008.05.12 11:09:31.466,1.03325,1.03355,0.30,0.20
2008.05.12 11:09:31.906,1.03325,1.0336,0.60,0.20
2008.05.12 11:09:32.153,1.0333,1.0336,0.30,0.20
2008.05.12 11:09:32.604,1.03325,1.0336,0.60,0.20
2008.05.12 11:09:37.696,1.03325,1.03355,0.30,0.20
2008.05.12 11:09:37.974,1.0332,1.03355,0.60,0.20
2008.05.12 11:09:38.301,1.03325,1.03355,0.30,0.20
2008.05.12 11:09:44.672,1.03325,1.0335,0.30,0.20
2008.05.12 11:09:44.940,1.0332,1.0335,0.30,0.20
2008.05.12 11:09:45.339,1.0332,1.03355,0.60,0.20
2008.05.12 11:09:50.710,1.0332,1.0335,0.30,0.20
2008.05.12 11:09:55.470,1.0332,1.03345,0.30,0.20
2008.05.12 11:09:55.943,1.0332,1.0335,0.30,0.20
2008.05.12 11:09:56.113,1.0332,1.03355,0.60,0.20
2008.05.12 11:09:56.496,1.0332,1.0335,0.30,0.20
2008.05.12 11:09:57.881,1.0332,1.03355,0.60,0.20
2008.05.12 11:09:58.000,1.03325,1.03355,0.40,0.20
2008.05.12 11:09:58.207,1.03325,1.03355,0.50,0.20
2008.05.12 11:09:58.435,1.03325,1.0335,0.50,0.20
2008.05.12 11:09:58.541,1.03325,1.0335,0.40,0.20
2008.05.12 11:09:58.656,1.03325,1.03345,0.40,0.20
2008.05.12 11:09:58.775,1.0332,1.03345,0.30,0.20
2008.05.12 11:09:58.906,1.0332,1.0335,0.30,0.20
2008.05.12 11:10:04.423,1.0332,1.03345,0.30,0.20
2008.05.12 11:10:09.429,1.0332,1.03355,0.60,0.20
2008.05.12 11:10:09.476,1.0332,1.03355,2.80,0.20
2008.05.12 11:10:09.577,1.03325,1.03355,0.40,0.20
2008.05.12 11:10:11.422,1.03325,1.0335,0.40,0.20
2008.05.12 11:10:11.697,1.03325,1.03355,0.40,0.20
2008.05.12 11:10:12.184,1.03325,1.03355,0.50,0.20
2008.05.12 11:10:12.542,1.0332,1.03345,0.30,0.20
2008.05.12 11:10:13.841,1.0332,1.0335,0.30,0.20
2008.05.12 11:10:17.634,1.0332,1.03345,0.30,0.20
2008.05.12 11:10:18.095,1.0332,1.0335,0.30,0.20
2008.05.12 11:10:19.123,1.0332,1.03355,0.60,0.20
2008.05.12 11:10:19.233,1.03325,1.03355,0.40,0.20
2008.05.12 11:10:19.342,1.03325,1.03355,0.50,0.20
2008.05.12 11:10:19.655,1.0333,1.03365,0.30,0.20
2008.05.12 11:10:19.764,1.0333,1.03365,2.80,0.20
2008.05.12 11:10:19.874,1.03335,1.03365,0.40,0.20
2008.05.12 11:10:20.276,1.0334,1.0337,0.30,0.20
2008.05.12 11:10:21.012,1.0334,1.03375,0.60,0.20
2008.05.12 11:10:21.752,1.03345,1.03375,0.30,0.20
2008.05.12 11:10:23.600,1.03345,1.03375,0.50,0.20
2008.05.12 11:10:27.439,1.0335,1.03385,0.30,0.40
2008.05.12 11:10:27.500,1.0335,1.03385,0.60,0.20
2008.05.12 11:10:27.600,1.03355,1.03385,0.40,0.20
2008.05.12 11:10:27.771,1.03355,1.03385,0.50,0.20
2008.05.12 11:10:27.965,1.0336,1.03395,0.30,0.20
2008.05.12 11:10:28.267,1.0337,1.034,0.30,0.20
2008.05.12 11:10:28.502,1.03375,1.03395,0.40,0.20
2008.05.12 11:10:28.736,1.03375,1.034,0.40,0.20
2008.05.12 11:10:28.973,1.03375,1.03405,0.50,0.20
2008.05.12 11:10:29.630,1.03375,1.03405,0.80,0.20
2008.05.12 11:10:29.868,1.03385,1.03415,0.30,0.20
2008.05.12 11:10:30.078,1.03375,1.03405,0.80,0.20
2008.05.12 11:10:30.430,1.0339,1.0342,0.30,0.20
2008.05.12 11:10:30.728,1.03385,1.03415,0.80,0.20
2008.05.12 11:10:31.177,1.03385,1.03415,0.30,0.20
2008.05.12 11:10:32.620,1.03395,1.03425,0.30,0.40
2008.05.12 11:10:33.154,1.03395,1.03425,0.30,0.20
2008.05.12 11:10:34.116,1.0339,1.0342,2.80,0.20
2008.05.12 11:10:34.286,1.0339,1.0342,0.60,0.20
2008.05.12 11:10:34.431,1.0339,1.03415,0.30,0.20
2008.05.12 11:10:34.542,1.03385,1.03415,0.60,0.20
2008.05.12 11:10:35.711,1.03395,1.03425,0.30,0.20
2008.05.12 11:10:36.008,1.0339,1.0342,0.60,0.20
2008.05.12 11:10:36.153,1.0339,1.03415,0.30,0.20
2008.05.12 11:10:36.686,1.03385,1.03415,0.60,0.20
2008.05.12 11:10:37.617,1.03385,1.03415,0.30,0.20
2008.05.12 11:10:42.468,1.0338,1.03415,0.60,0.20
2008.05.12 11:10:42.739,1.03385,1.03415,0.30,0.20
2008.05.12 11:10:43.047,1.0338,1.03415,0.60,0.20
2008.05.12 11:10:43.200,1.03385,1.03415,0.30,0.20
2008.05.12 11:10:43.508,1.0338,1.03415,0.60,0.20
2008.05.12 11:10:44.914,1.0338,1.0341,0.30,0.20
2008.05.12 11:10:45.039,1.03375,1.0341,0.80,0.20
2008.05.12 11:10:45.176,1.0339,1.03415,0.30,0.20
2008.05.12 11:10:45.416,1.03385,1.03415,0.30,0.20
2008.05.12 11:10:45.951,1.0338,1.0341,0.30,0.20
2008.05.12 11:10:46.097,1.03375,1.0341,0.80,0.20
2008.05.12 11:10:46.254,1.03385,1.03415,0.30,0.20
2008.05.12 11:10:46.409,1.03385,1.03415,0.60,0.20
2008.05.12 11:10:46.746,1.03385,1.03415,0.30,0.20
2008.05.12 11:10:47.249,1.03385,1.0342,0.60,0.20
2008.05.12 11:10:47.488,1.03385,1.03415,0.30,0.20
2008.05.12 11:10:47.966,1.0338,1.03415,0.60,0.20
2008.05.12 11:10:48.490,1.03385,1.0342,0.30,0.20
2008.05.12 11:10:48.685,1.03385,1.03415,0.30,0.20
2008.05.12 11:10:49.211,1.0338,1.03415,0.60,0.20
2008.05.12 11:10:49.567,1.0338,1.03415,0.30,0.20
2008.05.12 11:10:49.686,1.0338,1.03415,0.60,0.20
2008.05.12 11:10:49.953,1.03385,1.0342,0.30,0.20
2008.05.12 11:10:50.155,1.0339,1.0342,0.30,0.20
2008.05.12 11:10:50.355,1.0339,1.03415,0.30,0.20
2008.05.12 11:10:50.763,1.03385,1.03415,0.30,0.20
2008.05.12 11:10:51.163,1.0338,1.03415,0.60,0.20
2008.05.12 11:10:51.703,1.0338,1.0341,0.60,0.20
2008.05.12 11:10:52.283,1.0338,1.03415,0.60,0.20
2008.05.12 11:10:53.123,1.03385,1.03415,0.30,0.20
2008.05.12 11:10:55.653,1.0339,1.03425,0.30,0.20
2008.05.12 11:10:56.912,1.03385,1.03415,0.50,0.20
2008.05.12 11:10:57.239,1.03385,1.03415,0.30,0.20
2008.05.12 11:10:58.396,1.03385,1.0342,0.60,0.20
2008.05.12 11:10:58.638,1.03385,1.03415,0.30,0.20
2008.05.12 11:10:58.687,1.0339,1.03415,0.30,0.20
2008.05.12 11:10:59.146,1.03385,1.03415,0.30,0.20
2008.05.12 11:11:04.651,1.0338,1.03415,0.60,0.20
2008.05.12 11:11:05.419,1.03385,1.03415,0.30,0.20
2008.05.12 11:11:07.680,1.03375,1.03405,0.80,0.20
2008.05.12 11:11:07.790,1.03375,1.03405,0.60,0.20
2008.05.12 11:11:08.613,1.03375,1.034,0.30,0.20
2008.05.12 11:11:09.079,1.0337,1.034,0.30,0.20
2008.05.12 11:11:09.457,1.03365,1.034,0.80,0.20
2008.05.12 11:11:10.267,1.03375,1.03405,0.30,0.20
2008.05.12 11:11:10.404,1.03365,1.03395,0.80,0.20
2008.05.12 11:11:10.599,1.03365,1.03395,0.30,0.20
2008.05.12 11:11:10.698,1.03375,1.03405,0.30,0.40
2008.05.12 11:11:10.798,1.03375,1.03405,0.30,0.20
2008.05.12 11:11:11.752,1.0338,1.0341,0.30,0.40
2008.05.12 11:11:11.955,1.0338,1.0341,0.30,0.20
2008.05.12 11:11:12.353,1.03385,1.03415,0.30,0.20
2008.05.12 11:11:12.756,1.0338,1.0341,0.30,0.20
2008.05.12 11:11:13.123,1.03385,1.03415,0.30,0.20
2008.05.12 11:11:13.676,1.03375,1.03405,0.80,0.20
2008.05.12 11:11:13.806,1.03375,1.03405,0.30,0.20
2008.05.12 11:11:14.135,1.0338,1.0341,0.30,0.20
2008.05.12 11:11:14.520,1.03385,1.03415,0.30,0.20
2008.05.12 11:11:14.794,1.0338,1.0341,0.60,0.20
2008.05.12 11:11:15.082,1.03385,1.03415,0.30,0.20
2008.05.12 11:11:15.714,1.03375,1.03405,0.80,0.20
2008.05.12 11:11:15.892,1.03375,1.03405,0.60,0.20
2008.05.12 11:11:25.459,1.03375,1.03405,0.30,0.20
2008.05.12 11:11:26.999,1.0337,1.034,0.30,0.20
2008.05.12 11:11:27.946,1.03375,1.03405,0.30,0.20
2008.05.12 11:11:28.892,1.0337,1.03405,0.60,0.20
2008.05.12 11:11:29.099,1.0337,1.03395,0.30,0.20
2008.05.12 11:11:29.423,1.0336,1.03395,2.00,0.20
2008.05.12 11:11:29.827,1.03365,1.03395,0.30,0.20
2008.05.12 11:11:31.657,1.0337,1.03405,0.30,0.20
2008.05.12 11:11:37.156,1.03365,1.034,0.80,0.20
2008.05.12 11:11:37.374,1.0337,1.03405,0.30,0.20
2008.05.12 11:11:37.608,1.03365,1.034,0.80,0.20
2008.05.12 11:11:38.012,1.0337,1.03405,0.30,0.20
2008.05.12 11:11:39.357,1.03365,1.03395,0.50,0.20
2008.05.12 11:11:39.546,1.03365,1.03395,0.40,0.20
2008.05.12 11:11:39.616,1.0336,1.03395,2.00,0.20
2008.05.12 11:11:39.685,1.0337,1.03405,0.30,0.40
2008.05.12 11:11:40.677,1.0337,1.03405,0.60,0.20
2008.05.12 11:11:45.149,1.0338,1.03415,0.30,0.40
2008.05.12 11:11:45.221,1.0338,1.03415,0.30,0.20
2008.05.12 11:11:45.654,1.0338,1.03415,0.60,0.20
2008.05.12 11:11:49.617,1.0338,1.03405,0.30,0.20
2008.05.12 11:11:49.709,1.03375,1.03405,0.40,0.20
2008.05.12 11:11:49.833,1.0337,1.03405,2.00,0.20
2008.05.12 11:11:49.967,1.0337,1.03405,1.20,0.20
2008.05.12 11:11:50.092,1.0337,1.03405,0.60,0.20
2008.05.12 11:12:01.340,1.0337,1.03395,0.30,0.20
2008.05.12 11:12:01.746,1.03365,1.034,1.60,0.20
2008.05.12 11:12:01.840,1.03365,1.034,0.80,0.20
2008.05.12 11:12:01.944,1.0337,1.03405,0.30,0.40
2008.05.12 11:12:02.236,1.0337,1.034,0.30,0.20
2008.05.12 11:12:02.508,1.0337,1.03405,0.60,0.20
2008.05.12 11:12:02.807,1.0337,1.03405,0.30,0.20
2008.05.12 11:12:05.960,1.03365,1.034,0.80,0.20
2008.05.12 11:12:06.466,1.0337,1.03405,0.30,0.20
2008.05.12 11:12:16.705,1.03375,1.03405,0.30,0.20
2008.05.12 11:12:16.921,1.0338,1.03415,0.30,0.20
2008.05.12 11:12:17.148,1.03375,1.0341,0.60,0.20
2008.05.12 11:12:17.346,1.03375,1.03405,0.30,0.20
2008.05.12 11:12:17.586,1.0337,1.03405,0.60,0.20
2008.05.12 11:12:17.667,1.03375,1.0341,0.30,0.20
2008.05.12 11:12:18.385,1.03375,1.0341,0.60,0.20
2008.05.12 11:12:24.416,1.03375,1.03405,0.30,0.20
2008.05.12 11:12:24.676,1.03375,1.0341,0.60,0.20
2008.05.12 11:12:31.373,1.03375,1.03405,0.30,0.20
2008.05.12 11:12:35.955,1.03375,1.0341,0.60,0.20
2008.05.12 11:12:36.128,1.03375,1.03405,0.30,0.20
2008.05.12 11:12:36.825,1.0337,1.03405,0.80,0.20
2008.05.12 11:12:54.274,1.03375,1.03405,0.30,0.20
2008.05.12 11:12:54.450,1.03375,1.0341,0.60,0.20
2008.05.12 11:12:57.601,1.03375,1.03405,0.30,0.20
2008.05.12 11:12:57.852,1.0337,1.03405,0.80,0.20
2008.05.12 11:13:04.899,1.03375,1.0341,0.30,0.20
2008.05.12 11:13:05.086,1.03375,1.0341,0.60,0.20
2008.05.12 11:13:05.179,1.03375,1.03405,0.30,0.20
2008.05.12 11:13:06.186,1.0338,1.0341,0.40,0.20
2008.05.12 11:13:06.301,1.0338,1.0341,0.50,0.20
2008.05.12 11:13:06.877,1.0338,1.0341,1.30,0.20
2008.05.12 11:13:07.104,1.0338,1.03405,2.10,0.20
2008.05.12 11:13:07.228,1.0338,1.03405,1.80,0.20
2008.05.12 11:13:07.408,1.0338,1.03415,2.00,0.20
2008.05.12 11:13:07.492,1.0339,1.03415,2.40,0.20
2008.05.12 11:13:07.668,1.0339,1.0342,2.40,0.20
2008.05.12 11:13:07.753,1.034,1.0342,0.40,0.20
2008.05.12 11:13:10.908,1.034,1.03425,0.40,0.20
2008.05.12 11:13:11.097,1.034,1.0342,0.40,0.20
2008.05.12 11:13:19.411,1.034,1.03425,0.40,0.20
2008.05.12 11:13:19.615,1.034,1.0342,0.40,0.20
2008.05.12 11:13:24.905,1.034,1.03415,0.40,0.20
2008.05.12 11:13:24.940,1.0339,1.03415,0.40,0.20
2008.05.12 11:13:35.185,1.0339,1.0341,0.40,0.20
2008.05.12 11:13:35.505,1.0339,1.03415,0.40,0.20
2008.05.12 11:13:44.858,1.0339,1.0341,0.40,0.20
2008.05.12 11:13:45.024,1.0339,1.03415,0.40,0.20
2008.05.12 11:13:45.957,1.0339,1.03405,0.40,0.20
2008.05.12 11:13:46.197,1.0339,1.0341,0.40,0.20
2008.05.12 11:13:46.646,1.0339,1.03415,0.40,0.20
2008.05.12 11:13:46.928,1.0339,1.0341,0.40,0.20
2008.05.12 11:13:47.106,1.0339,1.03415,0.40,0.20
2008.05.12 11:13:48.480,1.0339,1.0341,0.40,0.20
2008.05.12 11:13:56.252,1.0339,1.03405,0.40,0.20
2008.05.12 11:13:56.327,1.0337,1.03405,4.00,0.20
2008.05.12 11:13:56.392,1.0337,1.03405,0.80,0.20
2008.05.12 11:13:56.623,1.0337,1.03405,1.60,0.20
2008.05.12 11:13:56.814,1.0337,1.03405,2.40,0.20
2008.05.12 11:13:57.190,1.03375,1.0341,0.30,0.20
2008.05.12 11:13:57.314,1.0338,1.0341,0.40,0.20
2008.05.12 11:13:57.433,1.0338,1.03415,0.50,0.40
2008.05.12 11:13:57.695,1.0338,1.03415,0.50,0.20
2008.05.12 11:13:57.779,1.0339,1.03415,0.40,0.20
2008.05.12 11:13:59.241,1.0339,1.0341,0.40,0.20
2008.05.12 11:13:59.351,1.0338,1.0341,0.40,0.20
2008.05.12 11:14:04.222,1.0338,1.03405,0.40,0.20
2008.05.12 11:14:05.526,1.0337,1.03405,0.50,0.20
2008.05.12 11:14:05.694,1.0337,1.03395,0.40,0.20
2008.05.12 11:14:05.898,1.0337,1.03405,0.50,0.20
2008.05.12 11:14:05.963,1.0337,1.03405,0.80,0.20
2008.05.12 11:14:06.073,1.0338,1.03405,0.40,0.20
2008.05.12 11:14:06.417,1.0338,1.034,0.40,0.20
2008.05.12 11:14:18.144,1.0338,1.03395,0.40,0.20
2008.05.12 11:14:18.672,1.0337,1.03395,0.40,0.20
2008.05.12 11:14:21.524,1.0336,1.03395,3.20,0.20
2008.05.12 11:14:21.584,1.0336,1.03395,0.80,0.20
2008.05.12 11:14:21.722,1.0336,1.0339,0.50,0.20
2008.05.12 11:14:21.792,1.0336,1.0339,0.40,0.20
2008.05.12 11:14:22.159,1.0336,1.0339,0.50,0.20
2008.05.12 11:14:22.408,1.0337,1.0339,0.40,0.20
2008.05.12 11:14:22.709,1.0337,1.03395,0.40,0.20
2008.05.12 11:14:26.362,1.0337,1.0339,0.40,0.20
2008.05.12 11:14:27.408,1.0337,1.03395,0.40,0.20
2008.05.12 11:14:40.254,1.0337,1.03385,0.40,0.20
2008.05.12 11:14:40.298,1.0336,1.03385,0.40,0.20
2008.05.12 11:14:41.170,1.0336,1.0339,0.40,0.20
2008.05.12 11:14:41.411,1.0336,1.0339,0.50,0.20
2008.05.12 11:14:41.629,1.0336,1.03395,0.80,0.20
2008.05.12 11:14:41.859,1.0337,1.03395,0.40,0.20
2008.05.12 11:14:45.970,1.0337,1.034,0.40,0.20
2008.05.12 11:14:46.104,1.0337,1.034,0.50,0.20
2008.05.12 11:14:47.329,1.0337,1.03395,0.50,0.20
2008.05.12 11:14:47.519,1.0337,1.03395,0.40,0.20
2008.05.12 11:14:47.947,1.0337,1.034,0.40,0.20
2008.05.12 11:14:48.375,1.0337,1.03395,0.50,0.20
2008.05.12 11:14:48.590,1.0337,1.03395,0.40,0.20
2008.05.12 11:14:48.868,1.0337,1.034,0.40,0.20
2008.05.12 11:14:49.002,1.03375,1.034,0.30,0.20
2008.05.12 11:14:49.410,1.0337,1.034,0.50,0.20
2008.05.12 11:14:53.010,1.0338,1.0341,0.40,0.20
2008.05.12 11:14:54.980,1.0338,1.0341,0.50,0.20
2008.05.12 11:14:55.405,1.03385,1.03415,0.30,0.20
2008.05.12 11:14:55.446,1.0339,1.03415,0.40,0.20
2008.05.12 11:14:57.700,1.0339,1.0341,0.40,0.20
2008.05.12 11:15:15.552,1.0339,1.03415,0.40,0.20
2008.05.12 11:15:20.110,1.0339,1.0341,0.40,0.20
2008.05.12 11:15:20.424,1.0339,1.03415,0.40,0.40
2008.05.12 11:15:20.740,1.0339,1.03415,0.40,0.20
2008.05.12 11:15:20.946,1.0339,1.0341,0.40,0.20
2008.05.12 11:15:21.205,1.0339,1.03415,0.40,0.20
2008.05.12 11:15:23.941,1.0339,1.0342,0.50,0.20
2008.05.12 11:15:24.168,1.03395,1.03425,0.30,0.40
2008.05.12 11:15:24.282,1.034,1.03425,0.40,0.20
2008.05.12 11:15:25.146,1.034,1.0342,0.40,0.20
2008.05.12 11:15:26.013,1.034,1.03415,0.40,0.20
2008.05.12 11:15:26.141,1.03395,1.03415,0.80,0.20
2008.05.12 11:15:26.400,1.03395,1.0342,0.80,0.20
2008.05.12 11:15:26.530,1.034,1.0342,0.40,0.20
2008.05.12 11:15:26.915,1.034,1.03425,0.40,0.20
2008.05.12 11:15:27.045,1.0341,1.03425,0.40,0.20
2008.05.12 11:15:27.915,1.0341,1.0342,0.40,0.20
2008.05.12 11:15:28.122,1.0339,1.0342,0.50,0.20
2008.05.12 11:15:28.443,1.03395,1.03425,0.30,0.20
2008.05.12 11:15:28.650,1.034,1.03425,0.40,0.20
2008.05.12 11:15:30.153,1.034,1.0342,0.40,0.20
2008.05.12 11:15:31.418,1.034,1.03415,0.40,0.20
2008.05.12 11:15:32.962,1.0339,1.03415,0.40,0.20
2008.05.12 11:15:37.426,1.0339,1.0342,0.50,0.20
2008.05.12 11:15:39.196,1.034,1.0342,0.40,0.20
2008.05.12 11:15:39.236,1.034,1.03425,0.40,0.20
2008.05.12 11:15:39.434,1.034,1.0342,0.40,0.20
2008.05.12 11:15:39.473,1.0339,1.0342,0.50,0.20
2008.05.12 11:15:39.945,1.0339,1.03415,0.40,0.20
2008.05.12 11:15:40.321,1.0339,1.0342,0.50,0.20
2008.05.12 11:15:44.196,1.0339,1.03415,0.40,0.20
2008.05.12 11:15:44.901,1.0339,1.0342,0.50,0.20
2008.05.12 11:15:54.971,1.0339,1.03415,0.40,0.20
2008.05.12 11:15:55.486,1.0339,1.0341,0.40,0.20
2008.05.12 11:16:02.152,1.0339,1.03415,0.40,0.20
2008.05.12 11:16:14.776,1.0339,1.0341,0.40,0.20
2008.05.12 11:16:14.898,1.0339,1.03405,0.40,0.20
2008.05.12 11:16:15.135,1.0338,1.03405,0.40,0.20
2008.05.12 11:16:15.512,1.0338,1.0341,0.40,0.20
2008.05.12 11:16:15.611,1.0338,1.0341,0.50,0.20
2008.05.12 11:16:21.537,1.0338,1.03415,0.80,0.20
2008.05.12 11:16:23.234,1.0338,1.0341,0.50,0.20
2008.05.12 11:16:27.877,1.0338,1.0341,0.40,0.20
2008.05.12 11:16:45.630,1.0338,1.0341,0.50,0.20
2008.05.12 11:16:47.922,1.0338,1.03415,0.80,0.20
2008.05.12 11:16:51.146,1.03385,1.03415,0.30,0.20
2008.05.12 11:16:51.421,1.03385,1.0341,0.30,0.20
2008.05.12 11:16:51.733,1.0338,1.03415,0.80,0.20
2008.05.12 11:16:59.425,1.0338,1.0341,0.50,0.20
2008.05.12 11:17:07.080,1.03385,1.0342,0.30,0.20
2008.05.12 11:17:07.164,1.0339,1.0342,0.40,0.20
2008.05.12 11:17:07.248,1.0339,1.0342,2.70,0.20
2008.05.12 11:17:18.187,1.0339,1.0342,0.40,0.20
2008.05.12 11:17:18.508,1.0339,1.0342,2.70,0.20
2008.05.12 11:17:19.120,1.03395,1.0343,0.30,0.40
2008.05.12 11:17:19.310,1.03395,1.0343,0.30,0.20
2008.05.12 11:17:19.359,1.034,1.0343,0.40,0.20
2008.05.12 11:17:19.422,1.034,1.0342,0.40,0.20
2008.05.12 11:17:19.540,1.0339,1.0342,2.90,0.20
2008.05.12 11:17:19.920,1.0339,1.03425,3.20,0.20
2008.05.12 11:17:21.589,1.0339,1.0342,2.90,0.20
2008.05.12 11:17:21.725,1.0339,1.0342,2.70,0.20
2008.05.12 11:17:21.902,1.0339,1.03425,2.90,0.20
2008.05.12 11:17:23.673,1.0339,1.03425,3.20,0.20
2008.05.12 11:17:24.753,1.0339,1.03425,0.80,0.20
2008.05.12 11:17:24.929,1.0339,1.03425,0.50,0.20
2008.05.12 11:17:25.171,1.0339,1.03425,2.90,0.20
2008.05.12 11:17:25.326,1.0339,1.03425,3.20,0.20
2008.05.12 11:17:26.159,1.0339,1.0342,2.90,0.20
2008.05.12 11:17:26.370,1.0339,1.03425,3.20,0.20
2008.05.12 11:17:26.575,1.0339,1.0342,2.90,0.20
2008.05.12 11:17:26.766,1.0339,1.0342,0.50,0.20
2008.05.12 11:17:26.924,1.0339,1.0342,0.40,0.20
2008.05.12 11:17:27.243,1.0339,1.03415,0.40,0.20
2008.05.12 11:17:27.727,1.0339,1.0341,0.40,0.20
2008.05.12 11:17:28.157,1.0339,1.03415,0.40,0.20
2008.05.12 11:17:28.455,1.0339,1.03405,0.40,0.20
2008.05.12 11:17:28.571,1.0338,1.03405,0.40,0.20
2008.05.12 11:17:28.911,1.0338,1.0341,0.40,0.20
2008.05.12 11:17:29.445,1.0338,1.0341,0.50,0.20
2008.05.12 11:17:30.334,1.0338,1.03405,0.50,0.20
2008.05.12 11:17:30.720,1.0338,1.0341,0.50,0.20
2008.05.12 11:17:35.190,1.0338,1.03405,0.50,0.20
2008.05.12 11:17:35.398,1.0338,1.0341,0.50,0.20
2008.05.12 11:17:35.629,1.0338,1.03415,0.80,0.20
2008.05.12 11:17:35.749,1.0339,1.03415,0.40,0.20
2008.05.12 11:17:35.974,1.0339,1.03405,0.40,0.20
2008.05.12 11:17:36.091,1.0338,1.03405,0.50,0.20
2008.05.12 11:17:36.730,1.0338,1.034,0.40,0.20
2008.05.12 11:17:37.134,1.0338,1.03405,0.40,0.20
2008.05.12 11:17:37.714,1.0338,1.034,0.40,0.20
2008.05.12 11:17:38.072,1.0338,1.03405,0.40,0.20
2008.05.12 11:17:45.356,1.0338,1.0341,0.40,0.20
2008.05.12 11:17:47.112,1.0338,1.03405,0.40,0.20
2008.05.12 11:17:47.846,1.0338,1.034,0.40,0.20
2008.05.12 11:17:47.982,1.0338,1.03405,0.40,0.20
2008.05.12 11:17:48.166,1.0338,1.0341,0.40,0.20
2008.05.12 11:17:48.485,1.0338,1.03405,0.40,0.20
2008.05.12 11:17:53.348,1.0338,1.0341,0.40,0.20
2008.05.12 11:17:54.801,1.0338,1.0341,0.50,0.20
2008.05.12 11:17:54.935,1.0338,1.03405,0.50,0.20
2008.05.12 11:17:55.261,1.0338,1.03405,0.40,0.20
2008.05.12 11:18:02.775,1.03375,1.03405,0.30,0.20
2008.05.12 11:18:03.479,1.0337,1.03405,0.80,0.20
2008.05.12 11:18:05.253,1.0338,1.03405,0.40,0.20
2008.05.12 11:18:05.268,1.0338,1.0341,0.40,0.20
2008.05.12 11:18:08.634,1.0338,1.0341,0.50,0.20
2008.05.12 11:18:11.313,1.0338,1.0341,0.80,0.20
2008.05.12 11:18:27.868,1.0338,1.03405,0.50,0.20
2008.05.12 11:18:28.008,1.0338,1.03405,0.40,0.20
2008.05.12 11:18:28.560,1.0338,1.0341,0.50,0.20
2008.05.12 11:18:29.027,1.0338,1.03405,0.40,0.20
2008.05.12 11:18:30.479,1.0338,1.0341,0.50,0.20
2008.05.12 11:18:33.989,1.0338,1.03405,0.40,0.20
2008.05.12 11:18:34.397,1.0338,1.0341,0.50,0.20
2008.05.12 11:18:35.049,1.0338,1.03405,0.40,0.20
2008.05.12 11:18:35.248,1.0338,1.03395,0.40,0.20
2008.05.12 11:18:38.673,1.0338,1.034,0.40,0.20
2008.05.12 11:18:57.309,1.0338,1.034,0.40,0.40
2008.05.12 11:18:57.346,1.0338,1.0339,0.40,0.20
2008.05.12 11:18:57.479,1.0337,1.0339,0.40,0.20
2008.05.12 11:18:58.259,1.0337,1.03385,0.40,0.20
2008.05.12 11:18:58.364,1.0336,1.03385,2.70,0.20
2008.05.12 11:18:58.613,1.0336,1.03385,0.40,0.20
2008.05.12 11:18:58.785,1.0336,1.0338,0.40,0.20
2008.05.12 11:18:58.889,1.0335,1.0338,0.40,0.20
2008.05.12 11:19:06.252,1.03365,1.03385,0.30,0.20
2008.05.12 11:19:06.385,1.0337,1.03385,0.40,0.20
2008.05.12 11:19:06.570,1.0337,1.034,0.40,0.40
2008.05.12 11:19:06.782,1.0337,1.03385,0.40,0.20
2008.05.12 11:19:06.906,1.03355,1.03385,1.00,0.20
2008.05.12 11:19:06.974,1.03355,1.03385,0.80,0.20
2008.05.12 11:19:07.041,1.0335,1.03385,0.80,0.20
2008.05.12 11:19:07.291,1.03355,1.0339,0.30,0.20
2008.05.12 11:19:07.367,1.0336,1.0339,0.40,0.20
2008.05.12 11:19:18.416,1.0336,1.03385,0.40,0.20
2008.05.12 11:19:21.825,1.0336,1.0339,0.40,0.20
2008.05.12 11:19:24.302,1.0336,1.0338,0.40,0.20
2008.05.12 11:19:24.832,1.0336,1.03375,0.40,0.20
2008.05.12 11:19:24.925,1.0335,1.03375,0.40,0.20
2008.05.12 11:19:27.840,1.03365,1.0339,0.30,2.50
2008.05.12 11:19:27.940,1.0337,1.0339,0.40,2.50
2008.05.12 11:19:28.007,1.0337,1.0339,0.40,2.40
2008.05.12 11:19:28.145,1.0337,1.034,0.40,1.70
2008.05.12 11:19:28.240,1.0337,1.034,0.40,0.20
2008.05.12 11:19:28.858,1.0337,1.03395,0.40,0.20
2008.05.12 11:19:52.918,1.0337,1.0339,0.40,0.20
2008.05.12 11:19:53.037,1.0336,1.0339,0.40,0.20
2008.05.12 11:19:53.979,1.0336,1.03395,0.50,0.40
2008.05.12 11:19:54.373,1.0339,1.03395,0.30,0.20
2008.05.12 11:19:54.716,1.0339,1.0342,0.30,0.40
2008.05.12 11:19:54.929,1.0338,1.0341,0.50,0.20
2008.05.12 11:19:55.095,1.0338,1.0341,0.50,0.40
2008.05.12 11:20:00.508,1.0338,1.03405,0.40,0.20
2008.05.12 11:20:02.903,1.0338,1.034,0.40,0.20
2008.05.12 11:20:02.934,1.0337,1.034,0.50,0.20
2008.05.12 11:20:08.853,1.0338,1.034,0.40,0.20
2008.05.12 11:20:09.289,1.0337,1.034,0.50,0.20
2008.05.12 11:20:09.522,1.0338,1.0341,0.30,0.40
2008.05.12 11:20:09.641,1.0338,1.03405,0.40,0.20
2008.05.12 11:20:11.072,1.0338,1.0341,0.50,0.40
2008.05.12 11:20:11.244,1.0338,1.0341,0.50,0.20
2008.05.12 11:20:11.617,1.0338,1.03405,0.40,0.20
2008.05.12 11:20:11.915,1.0338,1.0341,0.50,0.20
2008.05.12 11:20:13.380,1.0338,1.03405,0.40,0.20
2008.05.12 11:20:13.673,1.0338,1.0341,0.50,0.20
2008.05.12 11:20:13.981,1.03385,1.03415,0.30,0.20
2008.05.12 11:20:14.079,1.0339,1.03415,0.40,0.20
2008.05.12 11:20:14.180,1.0339,1.03405,0.40,0.20
2008.05.12 11:20:14.476,1.0339,1.0341,0.40,0.40
2008.05.12 11:20:14.823,1.0339,1.0341,0.40,0.20
2008.05.12 11:20:21.063,1.0339,1.03415,0.40,0.40
2008.05.12 11:20:21.483,1.0339,1.0341,0.40,0.20
2008.05.12 11:20:25.935,1.0339,1.03415,0.40,0.40
2008.05.12 11:20:27.735,1.0339,1.03415,0.40,0.20
2008.05.12 11:20:28.015,1.0339,1.0341,0.40,0.20
2008.05.12 11:20:34.013,1.0339,1.03405,0.40,0.20
2008.05.12 11:20:34.096,1.03375,1.03405,0.60,0.20
2008.05.12 11:20:35.977,1.0338,1.0341,0.30,0.20
2008.05.12 11:20:38.365,1.0338,1.0341,0.50,0.20
2008.05.12 11:20:41.531,1.0339,1.0341,0.40,0.20
2008.05.12 11:20:41.574,1.0339,1.03415,0.40,0.40
2008.05.12 11:20:44.711,1.0339,1.03415,0.40,0.20
2008.05.12 11:20:59.632,1.0339,1.0342,0.50,0.20
2008.05.12 11:21:02.108,1.0339,1.03415,0.40,0.20
2008.05.12 11:21:02.225,1.03385,1.03415,0.60,0.20
2008.05.12 11:21:04.732,1.03385,1.03415,0.30,0.20
2008.05.12 11:21:04.931,1.0338,1.0341,0.80,0.20
2008.05.12 11:21:05.169,1.0338,1.0341,0.50,0.20
2008.05.12 11:21:18.093,1.0338,1.03405,0.40,0.20
2008.05.12 11:21:21.101,1.0338,1.034,0.40,0.20
2008.05.12 11:21:21.632,1.0338,1.03395,0.40,0.20
2008.05.12 11:21:21.694,1.03375,1.03395,0.30,0.20
2008.05.12 11:21:21.821,1.0337,1.03395,0.40,0.20
2008.05.12 11:21:22.056,1.0337,1.0339,0.40,0.20
2008.05.12 11:21:22.141,1.03365,1.0339,0.30,0.20
2008.05.12 11:21:22.244,1.03365,1.03395,0.30,0.20
2008.05.12 11:21:24.118,1.0337,1.034,0.30,0.20
2008.05.12 11:21:24.554,1.03375,1.03405,0.30,0.20
2008.05.12 11:21:25.345,1.03375,1.03405,0.60,0.20
2008.05.12 11:21:57.205,1.03375,1.034,0.30,0.20
2008.05.12 11:21:58.083,1.03375,1.03405,0.60,0.20
2008.05.12 11:21:59.068,1.03375,1.03395,0.30,0.20
2008.05.12 11:22:03.219,1.03375,1.034,0.30,0.20
2008.05.12 11:22:03.665,1.03375,1.03405,0.60,0.20
2008.05.12 11:22:04.150,1.0338,1.0341,0.30,0.20
2008.05.12 11:22:04.308,1.0338,1.0341,0.60,0.20
2008.05.12 11:22:04.690,1.03385,1.03415,0.30,0.20
2008.05.12 11:22:11.626,1.0338,1.0341,0.60,0.20
2008.05.12 11:22:11.850,1.0338,1.0341,0.30,0.20
2008.05.12 11:22:13.893,1.03375,1.03405,0.60,0.20
2008.05.12 11:22:32.364,1.0338,1.0341,0.30,0.20
2008.05.12 11:22:37.958,1.0338,1.0341,0.50,0.20
2008.05.12 11:22:37.980,1.03385,1.03415,0.30,0.20
2008.05.12 11:22:40.700,1.03385,1.03415,0.60,0.20
2008.05.12 11:22:42.856,1.0339,1.0342,0.30,0.20
2008.05.12 11:22:43.472,1.03395,1.03425,0.30,0.20
2008.05.12 11:22:45.734,1.0339,1.0342,0.30,0.20
2008.05.12 11:22:49.458,1.0339,1.0342,0.50,0.20
2008.05.12 11:22:54.364,1.034,1.0343,0.30,0.40
2008.05.12 11:22:54.428,1.034,1.0343,0.50,0.40
2008.05.12 11:22:54.538,1.034,1.0343,0.50,0.20
2008.05.12 11:22:54.691,1.034,1.03425,0.40,0.20
2008.05.12 11:22:54.782,1.03395,1.03425,0.30,0.20
2008.05.12 11:22:55.186,1.03395,1.0342,0.30,0.20
2008.05.12 11:22:55.615,1.03395,1.03425,0.60,0.20
2008.05.12 11:22:55.768,1.03395,1.03425,0.30,0.20
2008.05.12 11:22:55.924,1.0339,1.0342,0.80,0.20
2008.05.12 11:22:56.232,1.03395,1.03425,0.60,0.20
2008.05.12 11:22:56.429,1.03395,1.03425,0.30,0.20
2008.05.12 11:22:56.881,1.0339,1.03425,0.80,0.20
2008.05.12 11:22:57.366,1.0339,1.0342,0.80,0.20
2008.05.12 11:22:58.809,1.03395,1.03425,0.30,0.20
2008.05.12 11:22:59.432,1.0339,1.03425,0.80,0.20
2008.05.12 11:23:01.210,1.0339,1.0342,0.50,0.20
2008.05.12 11:23:01.726,1.0339,1.03415,0.50,0.20
2008.05.12 11:23:02.757,1.0339,1.0342,0.50,0.20
2008.05.12 11:23:04.717,1.0339,1.03425,0.80,0.20
2008.05.12 11:23:05.068,1.03395,1.03425,0.30,0.20
2008.05.12 11:23:05.762,1.03395,1.0343,0.60,0.20
2008.05.12 11:23:05.941,1.034,1.0343,0.30,0.20
2008.05.12 11:23:06.289,1.034,1.03435,0.60,0.20
2008.05.12 11:23:10.334,1.034,1.0343,0.30,0.20
2008.05.12 11:23:10.429,1.03395,1.0343,0.60,0.20
2008.05.12 11:23:11.207,1.034,1.0343,0.30,0.20
2008.05.12 11:23:13.249,1.03415,1.03445,0.30,0.20
2008.05.12 11:23:13.314,1.03415,1.0345,0.30,0.20
2008.05.12 11:23:13.442,1.0342,1.0345,0.40,0.20
2008.05.12 11:23:13.748,1.0342,1.03435,0.40,0.20
2008.05.12 11:23:13.914,1.0341,1.03435,0.30,0.20
2008.05.12 11:23:14.072,1.03405,1.03435,1.00,0.20
2008.05.12 11:23:14.176,1.03405,1.03435,0.30,0.20
2008.05.12 11:23:14.279,1.03405,1.0344,0.60,0.20
2008.05.12 11:23:15.829,1.03405,1.03435,0.30,0.20
2008.05.12 11:23:15.943,1.034,1.03435,0.80,0.20
2008.05.12 11:23:15.996,1.0341,1.03435,0.80,0.20
2008.05.12 11:23:16.157,1.03415,1.03435,0.80,0.20
2008.05.12 11:23:16.251,1.03415,1.0344,0.80,0.20
2008.05.12 11:23:16.461,1.0342,1.0344,0.40,0.20
2008.05.12 11:23:16.865,1.0342,1.03445,0.40,0.20
2008.05.12 11:23:17.834,1.0342,1.0345,0.40,0.20
2008.05.12 11:23:18.023,1.0343,1.0345,0.40,0.20
2008.05.12 11:23:22.246,1.0343,1.03445,0.40,0.20
2008.05.12 11:23:22.400,1.0342,1.03445,0.40,0.20
2008.05.12 11:23:28.932,1.0342,1.0345,0.50,0.20
2008.05.12 11:23:31.080,1.0342,1.03445,0.40,0.20
2008.05.12 11:23:31.398,1.0342,1.0345,0.50,0.20
2008.05.12 11:23:31.597,1.0342,1.03445,0.40,0.20
2008.05.12 11:23:35.662,1.0342,1.0345,0.50,0.20
2008.05.12 11:23:35.854,1.0342,1.0344,0.40,0.20
2008.05.12 11:23:36.168,1.0342,1.03445,0.40,0.20
2008.05.12 11:23:37.360,1.0341,1.03445,0.60,0.20
2008.05.12 11:23:37.502,1.0341,1.0344,0.30,0.20
2008.05.12 11:23:37.552,1.03405,1.0344,0.60,0.20
2008.05.12 11:23:37.670,1.03405,1.03435,0.60,0.20
2008.05.12 11:23:37.934,1.03405,1.0344,0.60,0.20
2008.05.12 11:23:38.256,1.03405,1.03435,0.60,0.20
2008.05.12 11:23:38.865,1.03405,1.03435,0.30,0.20
2008.05.12 11:23:39.200,1.034,1.03425,0.30,0.20
2008.05.12 11:23:39.536,1.03405,1.03435,0.30,0.20
2008.05.12 11:23:40.499,1.03395,1.03425,0.60,0.20
2008.05.12 11:23:40.675,1.034,1.0343,0.30,0.20
2008.05.12 11:23:41.204,1.034,1.03425,0.50,0.20
2008.05.12 11:23:41.762,1.034,1.0343,0.50,0.20
2008.05.12 11:23:44.155,1.03405,1.03435,0.30,0.20
2008.05.12 11:23:45.280,1.034,1.03425,0.40,0.20
2008.05.12 11:23:56.598,1.034,1.0343,0.50,0.20
2008.05.12 11:23:56.919,1.03405,1.03435,0.30,0.20
2008.05.12 11:23:57.149,1.034,1.0343,0.80,0.20
2008.05.12 11:23:57.539,1.034,1.03425,0.50,0.20
2008.05.12 11:23:59.086,1.034,1.0343,0.80,0.20
2008.05.12 11:23:59.495,1.034,1.0343,0.50,0.20
2008.05.12 11:23:59.592,1.034,1.03425,0.50,0.20
2008.05.12 11:24:00.687,1.034,1.03425,0.40,0.20
2008.05.12 11:24:00.854,1.034,1.0343,0.50,0.20
2008.05.12 11:24:00.949,1.034,1.0343,0.40,0.20
2008.05.12 11:24:01.033,1.034,1.0343,0.50,0.20
2008.05.12 11:24:01.688,1.034,1.0343,0.40,0.20
2008.05.12 11:24:01.807,1.034,1.03425,0.40,0.20
2008.05.12 11:24:02.408,1.034,1.0343,0.50,0.20
2008.05.12 11:24:02.536,1.034,1.0343,0.40,0.20
2008.05.12 11:24:02.746,1.034,1.0343,0.50,0.20
2008.05.12 11:24:02.996,1.03405,1.03435,0.30,0.20
2008.05.12 11:24:03.070,1.0341,1.03435,0.40,0.20
2008.05.12 11:24:04.759,1.0342,1.0344,0.40,0.20
2008.05.12 11:24:04.936,1.0342,1.03445,0.40,0.20
2008.05.12 11:24:05.085,1.0342,1.0344,0.40,0.20
2008.05.12 11:24:07.902,1.0342,1.03445,0.40,0.20
2008.05.12 11:24:08.192,1.0342,1.0344,0.40,0.20
2008.05.12 11:24:08.379,1.03425,1.03455,0.30,0.40
2008.05.12 11:24:08.567,1.0343,1.03455,0.30,0.20
2008.05.12 11:24:08.661,1.0343,1.0346,0.50,0.20
2008.05.12 11:24:08.928,1.03435,1.03465,0.30,0.40
2008.05.12 11:24:09.023,1.0344,1.03465,0.40,0.40
2008.05.12 11:24:09.117,1.0344,1.03465,0.40,0.20
2008.05.12 11:24:10.488,1.0344,1.0346,0.40,0.20
2008.05.12 11:24:13.422,1.0344,1.03455,0.40,0.20
2008.05.12 11:24:13.526,1.0343,1.03455,0.40,0.20
2008.05.12 11:24:13.762,1.0344,1.03455,0.40,0.20
2008.05.12 11:24:14.215,1.0343,1.03455,0.40,0.20
2008.05.12 11:24:14.511,1.0343,1.03455,2.70,0.20
2008.05.12 11:24:14.758,1.0343,1.03455,0.40,0.20
2008.05.12 11:24:16.620,1.0343,1.0345,0.40,0.20
2008.05.12 11:24:16.914,1.0343,1.03455,0.40,0.20
2008.05.12 11:24:17.131,1.0343,1.0345,0.40,0.20
2008.05.12 11:24:17.539,1.0343,1.03455,0.40,0.20
2008.05.12 11:24:18.169,1.0343,1.0345,0.40,0.20
2008.05.12 11:24:18.517,1.0343,1.03455,0.40,0.20
2008.05.12 11:24:20.497,1.0343,1.0345,0.40,0.20
2008.05.12 11:24:22.006,1.0343,1.03455,0.40,0.20
2008.05.12 11:24:22.415,1.0344,1.0346,0.30,0.20
2008.05.12 11:24:22.442,1.0344,1.0346,0.50,0.20
2008.05.12 11:24:22.523,1.0344,1.0346,0.40,0.20
2008.05.12 11:24:22.577,1.0344,1.03465,0.40,0.20
2008.05.12 11:24:22.938,1.0344,1.0347,0.50,0.20
2008.05.12 11:24:22.978,1.0345,1.0347,0.40,0.20
2008.05.12 11:24:23.036,1.0345,1.03475,0.40,0.40
2008.05.12 11:24:23.180,1.0345,1.03475,0.40,0.20
2008.05.12 11:24:25.442,1.0345,1.0347,0.40,0.20
2008.05.12 11:24:25.521,1.0344,1.0347,0.40,0.20
2008.05.12 11:24:25.914,1.0344,1.03465,0.40,0.20
2008.05.12 11:24:26.020,1.0343,1.03465,0.80,0.20
2008.05.12 11:24:26.178,1.03435,1.0347,0.30,0.40
2008.05.12 11:24:26.385,1.0343,1.0346,0.80,0.20
2008.05.12 11:24:26.528,1.0343,1.0346,0.50,0.20
2008.05.12 11:24:26.915,1.03435,1.0347,0.30,0.40
2008.05.12 11:24:27.041,1.0344,1.0347,0.40,0.40
2008.05.12 11:24:27.107,1.0344,1.03465,0.40,0.20
2008.05.12 11:24:27.462,1.0344,1.0347,0.40,0.40
2008.05.12 11:24:27.669,1.0344,1.0347,0.40,0.20
2008.05.12 11:24:29.892,1.0344,1.03475,0.50,0.40
2008.05.12 11:24:31.867,1.03445,1.03475,0.30,0.20
2008.05.12 11:24:32.017,1.03445,1.0348,0.30,0.20
2008.05.12 11:24:32.105,1.0345,1.0348,0.40,0.20
2008.05.12 11:24:32.391,1.0345,1.03485,0.50,0.40
2008.05.12 11:24:32.468,1.0345,1.03485,0.50,0.20
2008.05.12 11:24:32.600,1.0345,1.0348,0.40,0.20
2008.05.12 11:24:32.904,1.0345,1.03485,0.50,0.20
2008.05.12 11:24:33.114,1.0345,1.0348,0.40,0.20
2008.05.12 11:24:33.324,1.0345,1.03485,0.50,0.20
2008.05.12 11:24:33.740,1.0345,1.0348,0.40,0.20
2008.05.12 11:24:33.949,1.0345,1.03485,0.50,0.20
2008.05.12 11:24:34.265,1.0345,1.0348,0.40,0.20
2008.05.12 11:24:34.584,1.0345,1.03485,0.50,0.20
2008.05.12 11:24:34.944,1.0345,1.03485,0.80,0.20
2008.05.12 11:24:35.110,1.0346,1.03495,0.50,0.40
2008.05.12 11:24:35.320,1.0346,1.03485,0.40,0.20
2008.05.12 11:24:48.136,1.0346,1.03495,0.50,0.40
2008.05.12 11:24:48.232,1.0346,1.03495,0.50,0.20
2008.05.12 11:24:52.175,1.0346,1.03495,0.80,0.20
2008.05.12 11:24:53.017,1.0346,1.0349,0.80,0.20
2008.05.12 11:24:56.137,1.0346,1.0349,0.50,0.20
2008.05.12 11:25:03.473,1.0346,1.0349,0.80,0.20
2008.05.12 11:25:05.251,1.0346,1.03495,0.80,0.20
2008.05.12 11:25:07.620,1.03465,1.03495,0.30,0.20
2008.05.12 11:25:07.706,1.03465,1.035,0.60,0.20
2008.05.12 11:25:07.872,1.0347,1.035,0.40,0.20
2008.05.12 11:25:08.099,1.0347,1.03495,0.40,0.20
2008.05.12 11:25:08.927,1.0347,1.03505,0.50,0.40
2008.05.12 11:25:09.076,1.0347,1.03505,0.50,0.20
2008.05.12 11:25:19.709,1.0347,1.03495,0.40,0.20
2008.05.12 11:25:29.480,1.0347,1.035,0.40,0.20
2008.05.12 11:25:29.748,1.0347,1.03505,0.50,0.40
2008.05.12 11:25:30.149,1.0347,1.035,0.40,0.20
2008.05.12 11:25:30.487,1.0347,1.03505,0.50,0.20
2008.05.12 11:25:30.658,1.0347,1.035,0.40,0.20
2008.05.12 11:25:36.442,1.0347,1.03505,0.50,0.20
2008.05.12 11:25:37.175,1.0347,1.035,0.40,0.20
2008.05.12 11:25:37.373,1.0347,1.03495,0.40,0.20
2008.05.12 11:25:37.921,1.0347,1.035,0.40,0.20
2008.05.12 11:25:39.553,1.0347,1.035,1.10,0.20
2008.05.12 11:25:39.642,1.0347,1.035,1.90,0.20
2008.05.12 11:25:39.732,1.0347,1.035,1.10,0.20
2008.05.12 11:25:39.879,1.0347,1.03495,1.10,0.20
2008.05.12 11:25:39.927,1.0347,1.03495,0.40,0.20
2008.05.12 11:25:39.995,1.0347,1.035,0.40,0.20
2008.05.12 11:25:46.073,1.0347,1.03505,0.50,0.20
2008.05.12 11:25:46.293,1.0347,1.03505,0.80,0.20
2008.05.12 11:25:59.579,1.03475,1.0351,0.30,0.40
2008.05.12 11:25:59.703,1.0348,1.0351,0.40,0.40
2008.05.12 11:25:59.828,1.0348,1.0351,0.40,0.20
2008.05.12 11:26:01.533,1.0348,1.03495,0.40,0.20
2008.05.12 11:26:02.083,1.0348,1.0349,0.40,0.20
2008.05.12 11:26:02.127,1.0346,1.0349,0.50,0.20
2008.05.12 11:26:02.199,1.0346,1.0349,0.40,0.20
2008.05.12 11:26:02.586,1.0346,1.03485,0.40,0.20
2008.05.12 11:26:02.925,1.0345,1.0348,0.40,0.20
2008.05.12 11:26:03.141,1.03445,1.03475,0.30,0.20
2008.05.12 11:26:03.440,1.03445,1.0347,0.30,0.20
2008.05.12 11:26:03.547,1.03445,1.03475,0.30,0.20
2008.05.12 11:26:03.856,1.0345,1.03485,0.30,0.20
2008.05.12 11:26:04.012,1.0345,1.03485,3.20,0.20
2008.05.12 11:26:04.167,1.0345,1.03485,0.80,0.20
2008.05.12 11:26:04.323,1.0345,1.0348,0.50,0.20
2008.05.12 11:26:09.178,1.0345,1.0348,1.30,0.20
2008.05.12 11:26:09.262,1.0345,1.0348,2.10,0.20
2008.05.12 11:26:09.341,1.03455,1.0348,0.30,0.20
2008.05.12 11:26:09.435,1.03455,1.03485,0.30,0.20
2008.05.12 11:26:32.903,1.0346,1.03495,0.30,0.40
2008.05.12 11:26:33.225,1.0346,1.03495,0.60,0.20
2008.05.12 11:26:33.417,1.0346,1.03495,0.80,0.20
2008.05.12 11:26:33.572,1.0346,1.03485,0.50,0.20
2008.05.12 11:26:33.727,1.0346,1.03485,0.40,0.20
2008.05.12 11:26:34.371,1.0346,1.0348,0.40,0.20
2008.05.12 11:26:34.525,1.0345,1.03485,3.20,0.20
2008.05.12 11:26:34.619,1.0345,1.03485,0.80,0.20
2008.05.12 11:26:34.807,1.0345,1.03485,3.20,0.20
2008.05.12 11:26:34.977,1.0345,1.03485,0.80,0.20
2008.05.12 11:26:35.072,1.0345,1.03485,1.60,0.20
2008.05.12 11:26:35.165,1.0345,1.03485,2.40,0.20
2008.05.12 11:26:35.263,1.0345,1.03485,4.80,0.20
2008.05.12 11:26:35.758,1.03455,1.03485,0.30,0.20
2008.05.12 11:26:40.148,1.0346,1.03485,0.40,0.20
2008.05.12 11:26:42.775,1.0345,1.0348,0.30,0.20
2008.05.12 11:26:44.598,1.03445,1.0348,0.60,0.20
2008.05.12 11:26:55.442,1.03445,1.0348,0.30,0.20
2008.05.12 11:26:55.614,1.0344,1.03475,2.40,0.20
2008.05.12 11:26:55.668,1.0344,1.03475,1.60,0.20
2008.05.12 11:26:55.900,1.0344,1.03475,0.80,0.20
2008.05.12 11:26:58.437,1.03445,1.0348,0.30,0.20
2008.05.12 11:26:58.651,1.0344,1.03475,0.80,0.20
2008.05.12 11:26:59.472,1.03445,1.0348,0.30,0.40
2008.05.12 11:26:59.677,1.03445,1.0348,0.30,0.20
2008.05.12 11:27:04.148,1.0344,1.03475,0.80,0.20
2008.05.12 11:27:04.465,1.03445,1.0348,0.30,0.20
2008.05.12 11:27:09.339,1.0344,1.0347,0.50,0.20
2008.05.12 11:27:09.405,1.0344,1.0347,0.40,0.20
2008.05.12 11:27:09.867,1.0344,1.03475,0.50,0.20
2008.05.12 11:27:11.515,1.0344,1.03475,1.30,0.20
2008.05.12 11:27:11.562,1.0344,1.03475,2.10,0.20
2008.05.12 11:27:11.623,1.0344,1.03475,2.40,0.20
2008.05.12 11:27:11.658,1.03445,1.0348,0.30,0.20
2008.05.12 11:27:12.077,1.03445,1.0348,0.60,0.20
2008.05.12 11:27:27.740,1.03445,1.0348,0.30,0.20
2008.05.12 11:27:28.961,1.0344,1.03475,0.80,0.20
2008.05.12 11:27:32.373,1.0344,1.0347,0.50,0.20
2008.05.12 11:27:32.585,1.0344,1.0347,0.40,0.20
2008.05.12 11:27:32.692,1.03445,1.0348,0.30,0.40
2008.05.12 11:27:32.824,1.03445,1.0348,0.60,0.20
2008.05.12 11:27:33.334,1.0344,1.03475,0.80,0.20
2008.05.12 11:27:33.676,1.0344,1.03475,1.60,0.20
2008.05.12 11:27:33.842,1.0345,1.03475,0.40,0.20
2008.05.12 11:27:34.007,1.0345,1.03485,0.80,0.20
2008.05.12 11:27:34.335,1.0346,1.03495,0.30,0.40
2008.05.12 11:27:34.491,1.0346,1.03495,1.30,0.20
2008.05.12 11:27:34.656,1.0346,1.03495,2.10,0.20
2008.05.12 11:27:34.801,1.0347,1.03505,0.30,0.40
2008.05.12 11:27:34.954,1.0347,1.03505,0.50,0.40
2008.05.12 11:27:35.654,1.0347,1.03495,0.40,0.20
2008.05.12 11:27:35.773,1.0347,1.035,0.40,0.20
2008.05.12 11:27:36.184,1.03475,1.0351,0.30,0.40
2008.05.12 11:27:36.305,1.0348,1.0351,0.50,2.50
2008.05.12 11:27:36.571,1.0348,1.03515,3.20,0.20
2008.05.12 11:27:36.706,1.0348,1.0351,0.50,0.20
2008.05.12 11:27:37.102,1.0348,1.03505,0.50,0.20
2008.05.12 11:27:37.369,1.0348,1.03505,0.40,0.20
2008.05.12 11:27:37.489,1.0348,1.0351,0.40,0.20
2008.05.12 11:27:37.844,1.0348,1.0351,0.50,0.20
2008.05.12 11:27:38.267,1.03485,1.0352,0.30,0.40
2008.05.12 11:27:38.386,1.0349,1.0352,0.40,0.40
2008.05.12 11:27:38.490,1.0349,1.0352,0.50,0.20
2008.05.12 11:27:38.699,1.0349,1.03515,0.50,0.20
2008.05.12 11:27:38.906,1.0349,1.03525,0.80,0.20
2008.05.12 11:27:39.119,1.0349,1.0352,0.50,0.20
2008.05.12 11:27:39.592,1.0349,1.03525,0.80,0.20
2008.05.12 11:27:41.209,1.0349,1.03515,0.50,0.20
2008.05.12 11:27:41.448,1.0349,1.03525,0.80,0.20
2008.05.12 11:27:41.746,1.0349,1.0352,0.50,0.20
2008.05.12 11:27:42.000,1.0349,1.0352,0.40,0.20
2008.05.12 11:27:44.076,1.0349,1.03515,0.40,0.20
2008.05.12 11:27:44.279,1.0349,1.0352,0.40,0.20
2008.05.12 11:27:45.085,1.0349,1.0352,0.50,0.20
2008.05.12 11:27:46.783,1.0349,1.03525,0.80,0.20
2008.05.12 11:27:46.857,1.035,1.03525,0.40,0.20
2008.05.12 11:27:46.914,1.035,1.0352,0.40,0.20
2008.05.12 11:27:47.102,1.035,1.03525,0.40,0.20
2008.05.12 11:27:49.726,1.035,1.0353,0.40,0.20
2008.05.12 11:27:50.319,1.035,1.03525,0.40,0.20
2008.05.12 11:27:50.473,1.035,1.0352,0.40,0.20
2008.05.12 11:27:54.391,1.03485,1.03515,0.30,0.20
2008.05.12 11:27:54.547,1.0348,1.03515,1.60,0.20
2008.05.12 11:27:54.702,1.0348,1.03515,0.80,0.20
2008.05.12 11:27:55.010,1.0348,1.03515,0.50,0.20
2008.05.12 11:27:55.473,1.0348,1.03505,0.40,0.20
2008.05.12 11:27:56.305,1.0348,1.0351,0.40,0.20
2008.05.12 11:27:56.804,1.0348,1.03515,0.50,0.20
2008.05.12 11:27:56.970,1.0348,1.03505,0.40,0.20
2008.05.12 11:27:57.297,1.0348,1.03515,0.50,0.20
2008.05.12 11:27:57.432,1.0348,1.03515,0.50,0.40
2008.05.12 11:28:01.871,1.0348,1.0351,0.40,0.20
2008.05.12 11:28:01.962,1.0348,1.03515,0.50,0.40
2008.05.12 11:28:02.764,1.0348,1.0351,0.40,0.20
2008.05.12 11:28:03.020,1.0348,1.0351,0.40,0.40
2008.05.12 11:28:03.296,1.0348,1.03505,0.40,0.20
2008.05.12 11:28:04.155,1.0348,1.03495,0.40,0.20
2008.05.12 11:28:07.595,1.0348,1.03505,0.40,0.40
2008.05.12 11:28:07.820,1.0348,1.035,0.40,0.20
2008.05.12 11:28:08.344,1.0348,1.03495,0.40,0.20
2008.05.12 11:28:14.729,1.0347,1.0349,0.40,0.20
2008.05.12 11:28:15.014,1.0347,1.03495,0.40,0.20
2008.05.12 11:28:15.850,1.0347,1.03495,2.70,0.20
2008.05.12 11:28:16.300,1.0347,1.03495,2.90,0.20
2008.05.12 11:28:17.853,1.0347,1.03485,2.90,0.20
2008.05.12 11:28:18.059,1.0347,1.03485,0.50,0.20
2008.05.12 11:28:18.128,1.0347,1.03485,0.40,0.20
2008.05.12 11:28:18.187,1.0347,1.0349,0.40,0.20
2008.05.12 11:28:18.484,1.0347,1.03495,0.40,0.20
2008.05.12 11:28:23.958,1.0347,1.03485,0.40,0.20
2008.05.12 11:28:33.425,1.0347,1.0349,0.40,0.20
2008.05.12 11:28:34.845,1.0347,1.03485,0.40,0.20
2008.05.12 11:28:34.921,1.03455,1.03485,0.30,0.20
2008.05.12 11:28:47.620,1.0346,1.03495,0.30,0.40
2008.05.12 11:28:47.734,1.0346,1.03495,0.50,0.40
2008.05.12 11:28:47.961,1.0346,1.03495,0.50,0.20
2008.05.12 11:28:48.192,1.0346,1.0349,0.40,0.20
2008.05.12 11:28:48.460,1.0346,1.03495,0.50,0.20
2008.05.12 11:28:53.060,1.0346,1.03495,0.50,0.40
2008.05.12 11:28:54.562,1.0346,1.03495,0.50,0.20
2008.05.12 11:28:55.029,1.0346,1.03495,0.80,0.20
2008.05.12 11:28:56.449,1.0346,1.03485,0.50,0.20
2008.05.12 11:28:56.776,1.0346,1.03485,0.40,0.20
2008.05.12 11:28:57.002,1.0346,1.0348,0.40,0.20
2008.05.12 11:28:57.123,1.0345,1.0348,0.30,0.20
2008.05.12 11:28:59.207,1.03445,1.0348,0.60,0.20
2008.05.12 11:29:04.403,1.0345,1.0348,0.40,0.20
2008.05.12 11:29:04.690,1.03455,1.0349,0.30,0.40
2008.05.12 11:29:04.833,1.03455,1.0349,0.30,0.20
2008.05.12 11:29:06.109,1.0345,1.03485,0.80,0.20
2008.05.12 11:29:07.014,1.03455,1.0349,0.30,0.20
2008.05.12 11:29:07.909,1.03465,1.03495,0.30,0.20
2008.05.12 11:29:08.143,1.0347,1.03495,0.40,0.20
2008.05.12 11:29:08.378,1.0347,1.035,0.40,0.40
2008.05.12 11:29:10.651,1.0347,1.0349,0.40,0.20
2008.05.12 11:29:10.901,1.0347,1.03495,0.40,0.20
2008.05.12 11:29:11.333,1.0347,1.0349,0.40,0.20
2008.05.12 11:29:11.607,1.0347,1.03495,0.40,0.20
2008.05.12 11:29:15.860,1.0347,1.035,0.40,0.40
2008.05.12 11:29:17.502,1.0347,1.03495,0.40,0.20
2008.05.12 11:29:17.673,1.0347,1.035,0.40,0.40
2008.05.12 11:29:17.933,1.0347,1.0349,0.40,0.20
2008.05.12 11:29:18.602,1.0347,1.03485,0.40,0.20
2008.05.12 11:29:18.858,1.0346,1.03485,0.40,0.20
2008.05.12 11:29:20.266,1.0346,1.0348,0.40,0.20
2008.05.12 11:29:20.554,1.0346,1.03475,0.40,0.20
2008.05.12 11:29:20.684,1.0344,1.03475,0.80,0.20
2008.05.12 11:29:20.813,1.0344,1.03475,0.50,0.20
2008.05.12 11:29:21.479,1.0344,1.0347,0.40,0.20
2008.05.12 11:29:22.156,1.0344,1.03475,0.50,0.20
2008.05.12 11:29:22.454,1.0345,1.03475,0.40,0.20
2008.05.12 11:29:23.004,1.0345,1.03485,0.50,0.40
2008.05.12 11:29:24.147,1.0345,1.03475,0.40,0.20
2008.05.12 11:29:24.886,1.0345,1.03485,0.50,0.40
2008.05.12 11:29:25.042,1.0345,1.03485,0.50,0.20
2008.05.12 11:29:25.499,1.0345,1.0348,0.40,0.20
2008.05.12 11:29:25.628,1.0345,1.03485,0.50,0.20
2008.05.12 11:29:25.757,1.0345,1.03485,0.50,0.40
2008.05.12 11:29:27.608,1.0345,1.03475,0.40,0.20
2008.05.12 11:29:28.714,1.0345,1.03485,0.50,0.40
2008.05.12 11:29:31.426,1.03455,1.03485,0.30,0.20
2008.05.12 11:29:31.640,1.03455,1.0349,0.30,0.20
2008.05.12 11:29:36.590,1.0345,1.03485,0.80,0.20
2008.05.12 11:29:37.730,1.0345,1.0348,0.50,0.20
2008.05.12 11:29:41.714,1.0345,1.03485,0.80,0.20
2008.05.12 11:29:42.019,1.0345,1.0348,0.50,0.20
2008.05.12 11:29:42.625,1.0345,1.03475,0.50,0.20
2008.05.12 11:29:42.944,1.0345,1.0348,0.50,0.20
2008.05.12 11:29:45.659,1.0345,1.03475,0.50,0.20
2008.05.12 11:29:45.808,1.0345,1.03475,0.30,0.20
2008.05.12 11:29:45.978,1.0345,1.0348,0.30,0.20
2008.05.12 11:29:51.151,1.0345,1.03485,0.60,0.20
2008.05.12 11:29:51.282,1.0345,1.03485,0.80,0.20
2008.05.12 11:29:51.357,1.0345,1.0348,0.50,0.20
2008.05.12 11:29:51.679,1.0345,1.03485,0.80,0.20
2008.05.12 11:29:52.003,1.0345,1.0348,0.50,0.20
2008.05.12 11:29:52.580,1.0345,1.03485,0.80,0.20
2008.05.12 11:29:53.478,1.03455,1.0349,0.30,0.20
2008.05.12 11:29:53.593,1.03455,1.0349,0.60,0.20
2008.05.12 11:29:53.709,1.03455,1.03485,0.30,0.20
2008.05.12 11:29:53.822,1.0345,1.03485,0.80,0.20
2008.05.12 11:29:53.937,1.0345,1.0348,0.50,0.20
2008.05.12 11:29:54.167,1.0345,1.03485,0.80,0.20
2008.05.12 11:29:54.885,1.0345,1.03485,0.50,0.20
2008.05.12 11:29:55.180,1.0345,1.03485,0.80,0.20
2008.05.12 11:29:59.163,1.03455,1.0349,0.30,0.20
2008.05.12 11:29:59.646,1.03455,1.03485,0.30,0.20
2008.05.12 11:29:59.798,1.0345,1.03485,2.40,0.20
2008.05.12 11:30:00.685,1.0345,1.0348,2.10,0.20
2008.05.12 11:30:01.137,1.0345,1.0348,0.50,0.20
2008.05.12 11:30:01.519,1.0345,1.03485,0.80,0.20
2008.05.12 11:30:01.694,1.0345,1.0348,0.50,0.20
2008.05.12 11:30:03.978,1.0345,1.03485,0.80,0.20
2008.05.12 11:30:04.519,1.0345,1.0348,0.50,0.20
2008.05.12 11:30:06.592,1.0345,1.0347,0.50,0.20
2008.05.12 11:30:06.719,1.0345,1.0347,0.40,0.20
2008.05.12 11:30:10.043,1.0345,1.0348,0.40,0.20
2008.05.12 11:30:10.189,1.0345,1.0348,0.40,2.50
2008.05.12 11:30:10.255,1.0345,1.0347,0.40,0.20
2008.05.12 11:30:12.613,1.0345,1.03475,0.40,0.20
2008.05.12 11:30:13.125,1.0345,1.0348,0.40,0.40
2008.05.12 11:30:13.240,1.0345,1.0348,0.40,0.20
2008.05.12 11:30:15.851,1.03445,1.0348,0.60,0.20
2008.05.12 11:30:16.207,1.03445,1.0347,0.30,0.20
2008.05.12 11:30:16.634,1.03445,1.03475,0.30,0.20
2008.05.12 11:30:17.271,1.03445,1.0348,0.60,0.20
2008.05.12 11:30:17.467,1.03445,1.0347,0.30,0.20
2008.05.12 11:30:18.261,1.0344,1.0346,0.40,0.20
2008.05.12 11:30:18.491,1.03435,1.0346,0.30,0.20
2008.05.12 11:30:19.180,1.03435,1.03465,0.30,0.20
2008.05.12 11:30:19.409,1.03435,1.0347,0.60,0.20
2008.05.12 11:30:20.749,1.0344,1.0347,0.30,0.20
2008.05.12 11:30:21.108,1.0344,1.03475,0.80,0.20
2008.05.12 11:30:21.282,1.03445,1.03475,0.30,0.20
2008.05.12 11:30:21.625,1.03445,1.0348,0.60,0.20
2008.05.12 11:30:21.797,1.03445,1.0347,0.30,0.20
2008.05.12 11:30:22.304,1.03445,1.03475,0.30,0.20
2008.05.12 11:30:22.549,1.03445,1.0348,0.60,0.20
2008.05.12 11:30:22.793,1.03445,1.03475,0.30,0.20
2008.05.12 11:30:23.038,1.03445,1.0348,0.60,0.20
2008.05.12 11:30:23.282,1.0345,1.0348,0.30,0.20
2008.05.12 11:30:23.691,1.03445,1.0348,0.60,0.20
2008.05.12 11:30:26.367,1.0345,1.0348,0.50,0.20
2008.05.12 11:30:28.204,1.0345,1.0348,2.90,0.20
2008.05.12 11:30:28.284,1.0346,1.0348,0.40,0.20
2008.05.12 11:30:28.454,1.0346,1.03495,0.50,0.20
2008.05.12 11:30:28.690,1.03465,1.035,0.30,0.20
2008.05.12 11:30:29.440,1.0346,1.0349,0.40,0.20
2008.05.12 11:30:29.585,1.0346,1.0349,0.50,0.20
2008.05.12 11:30:30.095,1.0346,1.0349,0.40,0.20
2008.05.12 11:30:30.288,1.03455,1.0349,0.60,0.20
2008.05.12 11:30:30.883,1.03455,1.03485,0.30,0.20
2008.05.12 11:30:31.124,1.03455,1.0349,0.60,0.20
2008.05.12 11:30:32.205,1.03455,1.03485,0.30,0.20
2008.05.12 11:30:32.524,1.03455,1.0349,0.60,0.20
2008.05.12 11:30:33.064,1.0346,1.0349,0.30,0.20
2008.05.12 11:30:33.184,1.03465,1.035,0.30,0.20
2008.05.12 11:30:33.787,1.03465,1.035,0.60,0.20
2008.05.12 11:30:35.626,1.03465,1.03495,0.60,0.20
2008.05.12 11:30:39.737,1.0346,1.0349,0.80,0.20
2008.05.12 11:30:39.987,1.0346,1.03485,0.50,0.20
2008.05.12 11:30:40.111,1.0346,1.03485,0.40,0.20
2008.05.12 11:30:40.918,1.03455,1.03485,0.60,0.20
2008.05.12 11:30:41.923,1.0346,1.03485,0.30,0.20
2008.05.12 11:30:42.135,1.0346,1.03485,0.50,0.20
2008.05.12 11:30:42.283,1.0346,1.03485,0.40,0.20
2008.05.12 11:30:42.435,1.0346,1.0348,0.40,0.20
2008.05.12 11:30:42.511,1.0346,1.03485,0.40,0.20
2008.05.12 11:30:42.586,1.03455,1.03485,0.60,0.20
2008.05.12 11:30:43.164,1.0346,1.03495,0.30,0.20
2008.05.12 11:30:43.500,1.0346,1.03495,0.50,0.20
2008.05.12 11:30:43.836,1.0346,1.03495,0.80,0.20
2008.05.12 11:30:43.960,1.03465,1.035,0.30,0.20
2008.05.12 11:30:44.085,1.0347,1.035,0.50,0.20
2008.05.12 11:30:44.220,1.0347,1.035,0.40,0.20
2008.05.12 11:30:44.344,1.0348,1.035,0.40,0.20
2008.05.12 11:30:46.186,1.0347,1.035,0.40,0.20
2008.05.12 11:30:47.887,1.0347,1.03495,0.40,0.20
2008.05.12 11:30:48.190,1.0347,1.035,0.40,0.20
2008.05.12 11:30:48.401,1.0347,1.03495,0.40,0.20
2008.05.12 11:30:48.674,1.0347,1.035,0.40,0.20
2008.05.12 11:30:48.938,1.0347,1.03495,0.40,0.20
2008.05.12 11:30:49.207,1.0347,1.035,0.40,0.20
2008.05.12 11:30:50.216,1.0347,1.03495,0.40,0.20
2008.05.12 11:30:50.743,1.0346,1.0349,2.10,0.20
2008.05.12 11:30:51.000,1.0346,1.0349,1.30,0.20
2008.05.12 11:30:51.128,1.0346,1.03495,0.80,0.20
2008.05.12 11:30:51.681,1.0346,1.03485,0.50,0.20
2008.05.12 11:30:52.231,1.0346,1.03485,1.30,0.20
2008.05.12 11:30:52.418,1.0346,1.03485,2.10,0.20
2008.05.12 11:30:52.625,1.0346,1.03495,2.40,0.20
2008.05.12 11:30:55.494,1.0346,1.03495,4.80,0.20
2008.05.12 11:30:55.552,1.03465,1.03495,0.30,0.20
2008.05.12 11:30:55.677,1.03465,1.035,0.60,0.20
2008.05.12 11:30:55.887,1.0347,1.03505,0.50,0.20
2008.05.12 11:30:56.011,1.0347,1.03505,2.90,0.20
2008.05.12 11:30:56.222,1.0347,1.03505,3.20,0.20
2008.05.12 11:30:56.710,1.0347,1.03495,0.50,0.20
2008.05.12 11:30:58.653,1.0347,1.035,0.40,0.20
2008.05.12 11:30:58.944,1.0347,1.03495,0.40,0.20
2008.05.12 11:30:59.129,1.0347,1.03485,0.40,0.20
2008.05.12 11:30:59.328,1.0346,1.03485,0.40,0.20
2008.05.12 11:30:59.689,1.0346,1.0349,0.40,0.20
2008.05.12 11:30:59.794,1.0347,1.0349,0.40,0.20
2008.05.12 11:31:00.112,1.0347,1.0348,0.40,0.20
2008.05.12 11:31:00.321,1.0345,1.0348,0.50,0.20
2008.05.12 11:31:00.638,1.0345,1.03485,0.80,0.20
2008.05.12 11:31:00.795,1.0346,1.03485,0.40,0.20
2008.05.12 11:31:01.667,1.0346,1.0349,0.40,0.20
2008.05.12 11:31:01.742,1.0347,1.0349,0.40,0.20
2008.05.12 11:31:02.617,1.0347,1.03495,0.40,0.20
2008.05.12 11:31:05.651,1.0347,1.035,0.50,0.20
2008.05.12 11:31:05.879,1.0348,1.035,0.40,0.20
2008.05.12 11:31:24.115,1.0348,1.0351,0.40,0.20
2008.05.12 11:31:28.160,1.0348,1.035,0.40,0.20
2008.05.12 11:31:28.809,1.0348,1.03505,0.40,0.20
2008.05.12 11:31:29.007,1.0348,1.035,0.40,0.20
2008.05.12 11:31:30.937,1.0348,1.0351,0.50,0.20
2008.05.12 11:31:31.085,1.0348,1.0351,0.40,0.20
2008.05.12 11:31:31.168,1.0348,1.03505,0.40,0.20
2008.05.12 11:31:31.581,1.0348,1.035,0.40,0.20
2008.05.12 11:31:34.692,1.0348,1.03495,0.40,0.20
2008.05.12 11:31:35.733,1.0348,1.035,0.40,0.20
2008.05.12 11:31:45.696,1.0348,1.0349,0.40,0.20
2008.05.12 11:31:45.798,1.0347,1.0349,0.30,0.20
2008.05.12 11:31:45.906,1.0347,1.035,0.60,0.20
2008.05.12 11:31:46.022,1.0347,1.035,0.80,0.20
2008.05.12 11:31:46.138,1.0347,1.03495,0.50,0.20
2008.05.12 11:31:46.482,1.03475,1.03505,0.30,0.20
2008.05.12 11:31:46.607,1.0348,1.035,0.40,0.20
2008.05.12 11:31:46.864,1.0347,1.035,0.50,0.20
2008.05.12 11:31:49.062,1.0347,1.035,0.40,0.20
2008.05.12 11:31:49.198,1.0347,1.03495,0.40,0.20
2008.05.12 11:31:51.501,1.0347,1.035,0.50,0.20
2008.05.12 11:31:56.235,1.0348,1.03505,0.40,0.20
2008.05.12 11:31:56.583,1.0348,1.035,0.40,0.20
2008.05.12 11:32:00.962,1.0348,1.03505,0.40,0.20
2008.05.12 11:32:01.867,1.0348,1.0351,0.50,0.20
2008.05.12 11:32:04.359,1.03485,1.03515,0.30,0.20
2008.05.12 11:32:04.545,1.03485,1.03515,0.60,0.20
2008.05.12 11:32:04.752,1.0349,1.0352,0.30,0.20
2008.05.12 11:32:04.856,1.0349,1.0352,0.50,0.20
2008.05.12 11:32:07.769,1.0349,1.03515,0.40,0.20
2008.05.12 11:32:08.301,1.0349,1.0351,0.40,0.20
2008.05.12 11:32:10.283,1.0349,1.035,0.40,0.20
2008.05.12 11:32:10.444,1.0347,1.035,0.50,0.20
2008.05.12 11:32:10.745,1.0347,1.035,0.40,0.20
2008.05.12 11:32:10.890,1.03465,1.03495,0.30,0.20
2008.05.12 11:32:11.034,1.0346,1.03495,0.80,0.20
2008.05.12 11:32:11.179,1.0346,1.0349,0.50,0.20
2008.05.12 11:32:11.471,1.0346,1.03485,0.50,0.20
2008.05.12 11:32:11.617,1.0346,1.03485,0.40,0.20
2008.05.12 11:32:13.469,1.0346,1.0348,0.40,0.20
2008.05.12 11:32:13.649,1.0345,1.03485,0.80,0.20
2008.05.12 11:32:13.898,1.0345,1.03485,0.50,0.20
2008.05.12 11:32:14.022,1.0345,1.0348,0.40,0.20
2008.05.12 11:32:18.590,1.0345,1.03475,0.40,0.20
2008.05.12 11:32:20.438,1.0345,1.0348,0.40,0.20
2008.05.12 11:32:20.728,1.0345,1.03485,0.50,0.20
2008.05.12 11:32:21.209,1.0345,1.0348,0.40,0.20
2008.05.12 11:32:21.498,1.0345,1.03485,0.50,0.20
2008.05.12 11:32:22.896,1.0346,1.0349,0.30,0.20
2008.05.12 11:32:22.971,1.03455,1.0349,0.30,0.40
2008.05.12 11:32:23.045,1.03455,1.0349,0.30,0.20
2008.05.12 11:32:23.208,1.0346,1.03495,0.30,0.40
2008.05.12 11:32:23.282,1.0346,1.03495,0.30,0.20
2008.05.12 11:32:25.779,1.03455,1.0349,0.60,0.20
2008.05.12 11:32:27.553,1.03455,1.03485,0.30,0.20
2008.05.12 11:32:28.013,1.03455,1.03485,0.60,0.20
2008.05.12 11:32:28.445,1.03455,1.03485,0.30,0.20
2008.05.12 11:32:28.990,1.03455,1.03485,0.60,0.20
2008.05.12 11:32:29.303,1.03455,1.03475,0.30,0.20
2008.05.12 11:32:29.718,1.0345,1.03475,0.40,0.20
2008.05.12 11:32:29.991,1.0345,1.03485,0.50,0.20
2008.05.12 11:32:30.125,1.0345,1.03485,0.80,0.20
2008.05.12 11:32:31.490,1.0345,1.03475,0.50,0.20
2008.05.12 11:32:31.637,1.0345,1.03475,0.40,0.20
2008.05.12 11:32:39.756,1.0345,1.03475,0.40,0.40
2008.05.12 11:32:39.887,1.03435,1.03465,0.30,0.20
2008.05.12 11:32:41.028,1.03435,1.03465,0.60,0.20
2008.05.12 11:32:41.560,1.03435,1.03465,0.30,0.20
2008.05.12 11:32:42.137,1.0344,1.03465,0.40,0.20
2008.05.12 11:32:42.247,1.0344,1.0347,0.40,0.20
2008.05.12 11:32:42.465,1.0344,1.03465,0.40,0.20
2008.05.12 11:32:44.392,1.0344,1.0347,0.40,0.20
2008.05.12 11:32:44.517,1.0344,1.03465,0.40,0.20
2008.05.12 11:32:46.071,1.0344,1.0347,0.40,0.20
2008.05.12 11:32:47.200,1.0344,1.03475,0.50,0.20
2008.05.12 11:32:47.762,1.0344,1.0347,0.50,0.20
2008.05.12 11:32:47.946,1.0344,1.03465,0.50,0.20
2008.05.12 11:32:48.245,1.0344,1.03465,0.40,0.20
2008.05.12 11:32:48.545,1.0344,1.0346,0.40,0.20
2008.05.12 11:32:48.694,1.0343,1.0346,0.50,0.20
2008.05.12 11:32:49.734,1.0343,1.03465,0.80,0.20
2008.05.12 11:32:49.984,1.0343,1.0346,0.50,0.20
2008.05.12 11:32:50.673,1.0343,1.03465,0.80,0.20
2008.05.12 11:32:51.932,1.0343,1.03465,0.50,0.20
2008.05.12 11:32:52.660,1.0344,1.03465,0.40,0.20
2008.05.12 11:33:04.305,1.0344,1.0346,0.40,0.20
2008.05.12 11:33:07.874,1.0343,1.0346,0.40,0.20
2008.05.12 11:33:07.898,1.0343,1.03455,0.40,0.20
2008.05.12 11:33:07.983,1.03425,1.03455,0.30,0.20
2008.05.12 11:33:08.117,1.0342,1.03455,0.80,0.20
2008.05.12 11:33:10.852,1.03425,1.0346,0.30,0.20
2008.05.12 11:33:11.067,1.03425,1.0346,0.60,0.20
2008.05.12 11:33:11.623,1.0343,1.0346,0.30,0.20
2008.05.12 11:33:16.338,1.0343,1.03455,0.30,0.20
2008.05.12 11:33:16.614,1.03425,1.03455,0.30,0.20
2008.05.12 11:33:28.497,1.03425,1.03445,0.30,0.20
2008.05.12 11:33:28.606,1.0342,1.0345,0.30,0.20
2008.05.12 11:33:28.959,1.0342,1.0345,0.50,0.20
2008.05.12 11:33:29.147,1.03425,1.0345,0.30,0.20
2008.05.12 11:33:29.362,1.03425,1.03455,0.30,0.20
2008.05.12 11:33:35.142,1.03425,1.0345,0.30,0.20
2008.05.12 11:33:39.945,1.0342,1.0345,0.80,0.20
2008.05.12 11:33:52.585,1.0342,1.0345,0.50,0.20
2008.05.12 11:33:52.861,1.0342,1.03445,0.40,0.20
2008.05.12 11:33:53.350,1.03415,1.03445,0.30,0.20
2008.05.12 11:33:53.493,1.0341,1.03445,0.80,0.20
2008.05.12 11:33:53.603,1.0341,1.03435,0.50,0.20
2008.05.12 11:33:53.758,1.0341,1.03435,0.40,0.20
2008.05.12 11:33:54.066,1.0341,1.0344,0.50,0.20
2008.05.12 11:33:54.373,1.0341,1.03435,0.40,0.20
2008.05.12 11:33:54.528,1.0341,1.0344,0.50,0.20
2008.05.12 11:33:56.528,1.03415,1.03445,0.30,0.20
2008.05.12 11:33:59.608,1.0342,1.0345,0.30,0.40
2008.05.12 11:33:59.702,1.0342,1.0345,0.30,0.20
2008.05.12 11:33:59.745,1.0342,1.0345,0.50,0.20
2008.05.12 11:33:59.933,1.0342,1.03445,0.40,0.20
2008.05.12 11:34:00.501,1.0342,1.0345,0.50,0.20
2008.05.12 11:34:01.649,1.0342,1.03445,0.40,0.20
2008.05.12 11:34:02.044,1.0342,1.0345,0.50,0.20
2008.05.12 11:34:03.558,1.0342,1.03445,0.40,0.20
2008.05.12 11:34:03.978,1.0342,1.0345,0.50,0.20
2008.05.12 11:34:06.049,1.0342,1.03445,0.40,0.20
2008.05.12 11:34:06.496,1.0342,1.0345,0.50,0.20
2008.05.12 11:34:08.552,1.0342,1.03445,0.40,0.20
2008.05.12 11:34:09.062,1.0342,1.0345,0.50,0.20
2008.05.12 11:34:09.533,1.0342,1.03445,0.40,0.20
2008.05.12 11:34:10.930,1.0342,1.0344,0.40,0.20
2008.05.12 11:34:11.099,1.0341,1.0344,0.80,0.20
2008.05.12 11:34:11.144,1.03415,1.03445,0.30,0.20
2008.05.12 11:34:12.077,1.0342,1.0345,0.30,0.40
2008.05.12 11:34:12.484,1.03415,1.03445,0.30,0.20
2008.05.12 11:34:12.933,1.0342,1.0345,0.30,0.40
2008.05.12 11:34:13.170,1.0342,1.0345,0.30,0.20
2008.05.12 11:34:13.403,1.0342,1.0345,0.50,0.20
2008.05.12 11:34:21.109,1.0342,1.03445,0.40,0.20
2008.05.12 11:34:21.466,1.0342,1.0345,0.50,0.20
2008.05.12 11:34:22.019,1.0342,1.0345,0.30,0.20
2008.05.12 11:34:23.197,1.0342,1.0345,1.00,0.20
2008.05.12 11:34:23.330,1.0342,1.0345,1.80,0.20
2008.05.12 11:34:23.455,1.03425,1.03455,0.30,0.20
2008.05.12 11:34:24.678,1.0343,1.03455,0.80,0.20
2008.05.12 11:34:24.859,1.0343,1.03455,1.60,0.20
2008.05.12 11:34:25.039,1.0343,1.0346,1.80,0.40
2008.05.12 11:34:25.219,1.0343,1.0346,2.10,0.40
2008.05.12 11:34:25.764,1.0343,1.0346,2.10,0.20
2008.05.12 11:34:28.129,1.0343,1.03455,1.90,0.20
2008.05.12 11:34:28.453,1.0343,1.0346,2.10,0.20
2008.05.12 11:34:34.256,1.0343,1.0346,1.30,0.20
2008.05.12 11:34:34.352,1.0343,1.0346,0.50,0.20
2008.05.12 11:34:34.576,1.0343,1.03455,0.40,0.20
2008.05.12 11:34:34.650,1.03425,1.03455,0.30,0.20
2008.05.12 11:34:35.111,1.03425,1.03455,1.00,0.20
2008.05.12 11:34:35.490,1.0343,1.0346,0.30,0.40
2008.05.12 11:34:35.705,1.0343,1.0346,0.50,0.40
2008.05.12 11:34:37.766,1.0343,1.0346,0.50,0.20
2008.05.12 11:34:38.583,1.0343,1.0346,1.30,0.20
2008.05.12 11:34:38.635,1.0343,1.0346,2.10,0.20
2008.05.12 11:34:57.619,1.03435,1.03465,0.30,0.20
2008.05.12 11:34:57.749,1.0344,1.03465,0.40,0.20
2008.05.12 11:35:02.167,1.0344,1.0346,0.40,0.20
2008.05.12 11:35:04.041,1.0344,1.03465,0.40,0.20
2008.05.12 11:35:20.068,1.0344,1.03465,0.50,0.20
2008.05.12 11:35:21.829,1.03445,1.03465,0.30,0.20
2008.05.12 11:35:21.869,1.03445,1.0347,0.30,0.20
2008.05.12 11:35:22.004,1.0345,1.0347,0.40,0.20
2008.05.12 11:35:22.710,1.0345,1.0347,0.40,0.90
2008.05.12 11:35:22.806,1.0345,1.03455,0.40,0.20
2008.05.12 11:35:22.914,1.03425,1.03455,0.60,0.20
2008.05.12 11:35:23.193,1.03425,1.03455,0.30,0.20
2008.05.12 11:35:23.288,1.0342,1.0345,0.80,0.20
2008.05.12 11:35:26.645,1.0342,1.03445,0.50,0.20
2008.05.12 11:35:27.174,1.03425,1.03455,0.30,0.20
2008.05.12 11:35:27.370,1.03425,1.03455,0.60,0.20
2008.05.12 11:35:30.972,1.03425,1.0345,0.30,0.20
2008.05.12 11:35:31.077,1.03425,1.03455,0.60,0.20
2008.05.12 11:35:31.726,1.03425,1.0345,0.30,0.20
2008.05.12 11:35:32.207,1.03425,1.03455,0.60,0.20
2008.05.12 11:35:37.633,1.03435,1.03465,0.30,0.40
2008.05.12 11:35:37.687,1.0344,1.03465,0.40,0.40
2008.05.12 11:35:37.925,1.0344,1.03465,0.40,0.20
2008.05.12 11:35:44.906,1.0344,1.0346,0.40,0.20
2008.05.12 11:35:45.011,1.0344,1.03465,0.40,0.20
2008.05.12 11:36:08.246,1.0344,1.0346,0.40,0.20
2008.05.12 11:36:09.207,1.0344,1.03465,0.40,0.20
2008.05.12 11:36:10.919,1.03435,1.03465,0.60,0.20
2008.05.12 11:36:11.785,1.03435,1.03465,0.30,0.20
2008.05.12 11:36:12.277,1.0344,1.0347,2.40,0.20
2008.05.12 11:36:12.431,1.0344,1.0347,2.70,0.20
2008.05.12 11:36:12.586,1.0344,1.0347,0.40,0.20
2008.05.12 11:36:12.741,1.03435,1.0346,0.30,0.20
2008.05.12 11:36:13.380,1.0344,1.03465,0.40,0.20
2008.05.12 11:36:18.606,1.0344,1.0346,0.40,0.20
2008.05.12 11:36:18.997,1.0344,1.03465,0.40,0.20
2008.05.12 11:36:20.426,1.0344,1.0346,0.40,0.20
2008.05.12 11:36:20.690,1.0344,1.03465,0.40,0.20
2008.05.12 11:36:20.775,1.0344,1.03465,0.50,0.20
2008.05.12 11:36:21.187,1.0344,1.03465,0.40,0.20
2008.05.12 11:36:22.989,1.0344,1.0347,0.40,0.20
2008.05.12 11:36:23.044,1.0344,1.0347,3.50,0.20
2008.05.12 11:36:23.109,1.0344,1.0347,3.70,0.20
2008.05.12 11:36:23.162,1.0344,1.0347,4.50,0.20
2008.05.12 11:36:23.724,1.0344,1.03475,4.80,0.20
2008.05.12 11:36:23.839,1.0345,1.03475,0.40,0.20
2008.05.12 11:36:26.698,1.0345,1.0347,0.40,0.20
2008.05.12 11:36:38.107,1.0345,1.03465,0.40,0.20
2008.05.12 11:36:38.429,1.0345,1.0346,0.40,0.20
2008.05.12 11:36:38.672,1.0345,1.03465,0.40,0.20
2008.05.12 11:36:38.773,1.0345,1.0346,0.40,0.20
2008.05.12 11:36:38.882,1.0344,1.0346,0.40,0.20
2008.05.12 11:36:39.290,1.0344,1.03455,0.40,0.20
2008.05.12 11:36:39.478,1.0343,1.0346,0.40,0.20
2008.05.12 11:36:40.074,1.0343,1.0346,0.50,0.20
2008.05.12 11:36:40.816,1.0343,1.03465,0.80,0.20
2008.05.12 11:36:40.935,1.03435,1.03465,0.30,0.20
2008.05.12 11:36:41.290,1.03435,1.0345,0.30,0.20
2008.05.12 11:36:41.967,1.0343,1.0345,0.40,0.20
2008.05.12 11:36:42.410,1.0343,1.0346,0.40,0.40
2008.05.12 11:36:42.600,1.0344,1.0346,0.40,0.20
2008.05.12 11:36:42.978,1.0344,1.03455,0.40,0.20
2008.05.12 11:36:45.269,1.0344,1.0345,0.40,0.20
2008.05.12 11:36:45.425,1.0342,1.0345,0.50,0.20
2008.05.12 11:36:45.497,1.0342,1.0345,0.40,0.20
2008.05.12 11:36:47.459,1.0342,1.03445,0.40,0.20
2008.05.12 11:36:47.683,1.0342,1.0344,0.40,0.20
2008.05.12 11:36:47.961,1.0342,1.03445,0.40,0.20
2008.05.12 11:36:49.382,1.0341,1.0343,0.30,0.20
2008.05.12 11:36:49.582,1.034,1.0343,0.50,0.20
2008.05.12 11:36:51.279,1.03405,1.0344,0.30,0.20
2008.05.12 11:36:51.405,1.03415,1.03445,0.30,0.20
2008.05.12 11:36:51.534,1.03415,1.0345,0.30,2.70
2008.05.12 11:36:51.603,1.0342,1.0345,0.40,2.50
2008.05.12 11:36:51.748,1.0342,1.0344,0.40,0.20
2008.05.12 11:36:51.894,1.0341,1.0344,0.40,0.20
2008.05.12 11:36:52.184,1.03415,1.0345,0.30,0.40
2008.05.12 11:36:52.328,1.03415,1.0345,0.30,0.20
2008.05.12 11:36:52.488,1.0342,1.0344,2.70,0.20
2008.05.12 11:36:52.926,1.03415,1.0345,1.00,0.20
2008.05.12 11:36:53.217,1.0342,1.0345,0.40,0.20
2008.05.12 11:36:55.334,1.0342,1.03445,0.40,0.20
2008.05.12 11:36:56.743,1.0342,1.0345,0.40,0.20
2008.05.12 11:36:56.941,1.0342,1.03445,0.40,0.20
2008.05.12 11:37:02.134,1.03415,1.03445,0.30,0.20
2008.05.12 11:37:02.179,1.0341,1.0344,0.50,0.20
2008.05.12 11:37:02.267,1.0341,1.0344,0.40,0.20
2008.05.12 11:37:03.630,1.0341,1.03445,0.50,0.20
2008.05.12 11:37:03.696,1.0341,1.03445,0.80,0.20
2008.05.12 11:37:04.152,1.03415,1.0345,0.30,0.20
2008.05.12 11:37:04.227,1.0342,1.0345,0.40,0.20
2008.05.12 11:37:05.902,1.0343,1.03455,0.40,0.20
2008.05.12 11:37:17.433,1.0343,1.0345,0.40,0.20
2008.05.12 11:37:21.179,1.0343,1.03445,0.40,0.20
2008.05.12 11:37:21.430,1.0342,1.03445,0.40,0.20
2008.05.12 11:37:23.174,1.0342,1.0345,0.40,0.20
2008.05.12 11:37:28.646,1.0342,1.03445,0.40,0.20
2008.05.12 11:37:52.903,1.0342,1.0345,0.40,0.20
2008.05.12 11:37:55.429,1.0342,1.03445,0.40,0.20
2008.05.12 11:38:48.492,1.0342,1.0345,0.40,0.20
2008.05.12 11:38:54.201,1.0342,1.0345,0.50,0.20
2008.05.12 11:39:00.023,1.03425,1.0346,0.30,0.20
2008.05.12 11:39:00.117,1.0343,1.0346,0.40,0.20
2008.05.12 11:39:00.644,1.03425,1.0346,0.60,0.20
2008.05.12 11:39:00.757,1.0343,1.0346,0.30,0.20
2008.05.12 11:39:01.058,1.03435,1.0347,0.30,0.40
2008.05.12 11:39:01.162,1.0344,1.0347,0.40,0.40
2008.05.12 11:39:01.328,1.0344,1.0347,0.40,0.20
2008.05.12 11:39:02.516,1.0344,1.03465,0.40,0.20
2008.05.12 11:39:02.590,1.03435,1.03465,0.30,0.20
2008.05.12 11:39:03.030,1.0344,1.03475,0.30,0.20
2008.05.12 11:39:03.148,1.0345,1.03475,0.40,0.20
2008.05.12 11:39:36.628,1.0345,1.0348,0.40,0.20
2008.05.12 11:39:37.867,1.0345,1.0348,0.50,0.20
2008.05.12 11:39:47.402,1.0345,1.0348,0.50,0.90
2008.05.12 11:39:47.426,1.0345,1.0347,0.50,0.20
2008.05.12 11:39:47.487,1.0345,1.0347,0.40,0.20
2008.05.12 11:39:49.183,1.0345,1.03465,0.40,0.20
2008.05.12 11:39:49.286,1.0344,1.03465,0.50,0.20
2008.05.12 11:39:49.433,1.0344,1.0347,0.80,0.20
2008.05.12 11:39:49.708,1.0344,1.03465,0.50,0.20
2008.05.12 11:39:49.900,1.0344,1.0347,0.80,0.20
2008.05.12 11:39:50.567,1.0344,1.03475,0.80,0.20
2008.05.12 11:39:51.154,1.0344,1.0347,0.50,0.20
2008.05.12 11:39:51.772,1.0344,1.0347,0.40,0.20
2008.05.12 11:39:51.909,1.0345,1.0348,0.30,2.70
2008.05.12 11:39:52.034,1.0345,1.0348,0.30,0.40
2008.05.12 11:39:52.229,1.0345,1.0348,0.80,0.20
2008.05.12 11:39:52.616,1.0345,1.0348,0.50,0.20
2008.05.12 11:39:52.821,1.0345,1.03475,0.40,0.20
2008.05.12 11:39:53.561,1.03445,1.03475,0.30,0.20
2008.05.12 11:39:56.143,1.03445,1.03475,0.60,0.20
2008.05.12 11:39:56.425,1.0345,1.0348,0.30,0.20
2008.05.12 11:39:56.529,1.0345,1.0348,0.50,0.20
2008.05.12 11:39:57.270,1.0345,1.03475,0.40,0.20
2008.05.12 11:39:59.344,1.0345,1.0348,0.50,0.20
2008.05.12 11:39:59.688,1.0345,1.0348,0.80,0.20
2008.05.12 11:40:05.688,1.0345,1.03475,0.40,0.20
2008.05.12 11:40:11.974,1.0345,1.0348,0.50,0.20
2008.05.12 11:40:14.914,1.0345,1.03475,0.40,0.20
2008.05.12 11:40:21.867,1.0345,1.0348,0.50,0.20
2008.05.12 11:40:22.276,1.0345,1.0348,0.80,0.20
2008.05.12 11:40:50.684,1.03455,1.03485,0.30,0.20
2008.05.12 11:40:50.773,1.0346,1.03485,0.40,0.20
2008.05.12 11:41:09.688,1.0346,1.0348,0.40,0.20
2008.05.12 11:41:12.210,1.0346,1.03485,0.40,0.20
2008.05.12 11:41:14.412,1.0346,1.0349,0.50,0.20
2008.05.12 11:41:14.497,1.0347,1.0349,0.40,0.20
2008.05.12 11:41:14.791,1.0347,1.03495,0.40,0.20
2008.05.12 11:41:19.322,1.0347,1.035,0.40,0.20
2008.05.12 11:41:24.410,1.0347,1.03505,0.50,0.20
2008.05.12 11:41:26.537,1.0347,1.03505,0.80,0.20
2008.05.12 11:41:28.220,1.03475,1.0351,0.30,0.40
2008.05.12 11:41:28.671,1.03475,1.0351,0.30,2.70
2008.05.12 11:41:28.978,1.0347,1.03505,2.40,0.20
2008.05.12 11:41:29.306,1.0347,1.03505,1.60,0.20
2008.05.12 11:41:29.575,1.0347,1.03505,0.80,0.20
2008.05.12 11:41:29.844,1.03475,1.0351,0.30,2.70
2008.05.12 11:41:30.114,1.0348,1.0351,0.40,0.20
2008.05.12 11:41:30.586,1.0348,1.03515,1.30,0.20
2008.05.12 11:41:30.994,1.0348,1.03515,2.10,0.20
2008.05.12 11:41:31.410,1.0348,1.03515,2.40,0.20
2008.05.12 11:41:33.609,1.03485,1.03515,0.80,0.20
2008.05.12 11:41:33.863,1.03485,1.0351,0.80,0.20
2008.05.12 11:41:34.363,1.03485,1.03515,0.80,0.20
2008.05.12 11:41:34.989,1.0348,1.0351,0.50,0.20
2008.05.12 11:41:35.228,1.0348,1.0351,0.40,0.20
2008.05.12 11:41:48.882,1.0348,1.03505,0.40,0.20
2008.05.12 11:41:49.315,1.0348,1.03515,0.50,0.40
2008.05.12 11:41:49.506,1.0348,1.03515,0.80,0.20
2008.05.12 11:41:49.559,1.0348,1.03515,1.60,0.20
2008.05.12 11:41:49.612,1.0348,1.03515,2.40,0.20
2008.05.12 11:41:52.958,1.0348,1.03515,4.00,0.20
2008.05.12 11:41:53.119,1.03485,1.03515,0.30,0.20
2008.05.12 11:41:53.346,1.03485,1.0352,0.60,0.20
2008.05.12 11:41:53.474,1.0349,1.0352,0.40,0.20
2008.05.12 11:41:54.890,1.0349,1.03515,0.40,0.20
2008.05.12 11:42:02.378,1.0349,1.0352,0.40,0.40
2008.05.12 11:42:02.718,1.0349,1.0352,0.40,0.20
2008.05.12 11:42:03.410,1.0349,1.03515,0.40,0.20
2008.05.12 11:42:04.650,1.0349,1.0351,0.40,0.20
2008.05.12 11:42:04.893,1.0348,1.0351,0.40,0.20
2008.05.12 11:42:05.371,1.0348,1.03515,0.50,0.20
2008.05.12 11:42:05.520,1.0349,1.03515,0.40,0.20
2008.05.12 11:42:06.528,1.0349,1.0352,0.40,0.20
2008.05.12 11:42:08.379,1.0349,1.03515,0.40,0.20
2008.05.12 11:42:10.365,1.0349,1.0352,0.40,0.20
2008.05.12 11:42:16.906,1.0349,1.03515,0.40,0.20
2008.05.12 11:42:17.100,1.0349,1.03505,0.40,0.20
2008.05.12 11:42:21.896,1.0349,1.03515,0.40,0.20
2008.05.12 11:42:22.290,1.0349,1.0351,0.40,0.20
2008.05.12 11:42:24.368,1.0349,1.03505,0.40,0.20
2008.05.12 11:42:24.716,1.0349,1.0351,0.40,0.20
2008.05.12 11:42:25.617,1.0349,1.03505,0.40,0.20
2008.05.12 11:42:25.875,1.0349,1.03515,0.40,0.20
2008.05.12 11:42:26.260,1.0349,1.0351,0.40,0.20
2008.05.12 11:42:28.900,1.0349,1.03515,0.40,0.20
2008.05.12 11:42:34.456,1.0349,1.0351,0.40,0.20
2008.05.12 11:42:36.440,1.0349,1.03515,0.40,0.20
2008.05.12 11:42:38.387,1.0349,1.0352,0.50,0.20
2008.05.12 11:42:38.699,1.0349,1.0352,0.80,0.20
2008.05.12 11:42:39.207,1.0349,1.0352,0.50,0.20
2008.05.12 11:42:45.681,1.0349,1.0351,0.40,0.20
2008.05.12 11:42:46.629,1.0349,1.0352,0.50,0.20
2008.05.12 11:42:47.760,1.0349,1.03515,0.50,0.20
2008.05.12 11:42:48.158,1.0349,1.03515,0.40,0.20
2008.05.12 11:42:49.260,1.0349,1.0352,0.50,0.20
2008.05.12 11:42:49.399,1.0349,1.03515,0.40,0.20
2008.05.12 11:42:49.616,1.0349,1.0351,0.40,0.20
2008.05.12 11:42:50.142,1.0349,1.03515,0.40,0.20
2008.05.12 11:42:51.490,1.0349,1.0352,0.50,0.20
2008.05.12 11:42:51.686,1.035,1.0352,0.40,0.20
2008.05.12 11:42:55.163,1.035,1.03525,0.40,0.20
2008.05.12 11:42:56.450,1.035,1.0352,0.40,0.20
2008.05.12 11:42:56.757,1.035,1.03525,0.40,0.20
2008.05.12 11:42:58.964,1.035,1.0352,0.40,0.20
2008.05.12 11:43:09.660,1.035,1.03525,0.40,0.20
2008.05.12 11:43:09.846,1.035,1.0353,0.50,0.20
2008.05.12 11:43:10.107,1.035,1.0353,0.80,0.20
2008.05.12 11:43:10.496,1.035,1.03535,0.80,0.20
2008.05.12 11:43:10.924,1.03505,1.0354,0.30,2.50
2008.05.12 11:43:11.548,1.035,1.0353,0.80,0.20
2008.05.12 11:43:11.663,1.035,1.0353,0.50,0.20
2008.05.12 11:43:12.077,1.03505,1.03535,0.30,0.20
2008.05.12 11:43:12.344,1.0351,1.03535,0.40,0.20
2008.05.12 11:43:12.504,1.0351,1.0353,0.40,0.20
2008.05.12 11:43:13.737,1.0351,1.03535,0.40,0.20
2008.05.12 11:43:14.205,1.0351,1.03535,0.50,0.20
2008.05.12 11:43:14.397,1.0352,1.0355,0.50,0.20
2008.05.12 11:43:15.131,1.0352,1.0355,0.80,0.20
2008.05.12 11:43:15.602,1.0352,1.0355,0.50,0.20
2008.05.12 11:43:15.877,1.0353,1.0356,0.50,0.20
2008.05.12 11:43:16.426,1.0353,1.0356,0.80,0.20
2008.05.12 11:43:16.571,1.0353,1.0356,0.50,0.20
2008.05.12 11:43:16.717,1.0353,1.0355,0.40,0.20
2008.05.12 11:43:16.862,1.0353,1.03555,0.40,0.20
2008.05.12 11:43:17.486,1.0353,1.0356,0.50,0.20
2008.05.12 11:43:18.043,1.0353,1.0356,0.40,0.20
2008.05.12 11:43:18.185,1.0353,1.0356,0.50,0.20
2008.05.12 11:43:18.322,1.0353,1.0356,0.80,0.20
2008.05.12 11:43:18.463,1.0353,1.03565,0.80,0.20
2008.05.12 11:43:19.150,1.0353,1.0356,0.50,0.20
2008.05.12 11:43:19.806,1.0353,1.0356,0.80,0.20
2008.05.12 11:43:20.216,1.0353,1.03555,0.50,0.20
2008.05.12 11:43:20.415,1.0353,1.0356,0.80,0.20
2008.05.12 11:43:22.122,1.0353,1.03555,0.50,0.20
2008.05.12 11:43:22.432,1.0353,1.0356,0.80,0.20
2008.05.12 11:43:22.869,1.0353,1.03555,0.50,0.20
2008.05.12 11:43:23.044,1.0353,1.0356,0.40,0.20
2008.05.12 11:43:23.818,1.0353,1.0356,0.50,0.20
2008.05.12 11:43:24.713,1.03535,1.03565,0.30,0.20
2008.05.12 11:43:25.083,1.0353,1.03565,0.80,0.20
2008.05.12 11:43:25.438,1.0353,1.03555,0.50,0.20
2008.05.12 11:43:25.553,1.0353,1.0356,0.40,0.20
2008.05.12 11:43:25.749,1.0354,1.0357,0.50,0.40
2008.05.12 11:43:25.943,1.0354,1.0357,0.50,0.20
2008.05.12 11:43:30.563,1.0354,1.03565,0.40,0.20
2008.05.12 11:43:30.935,1.0354,1.0356,0.40,0.20
2008.05.12 11:43:30.998,1.0353,1.0356,0.40,0.20
2008.05.12 11:43:31.414,1.0353,1.03565,0.50,0.20
2008.05.12 11:43:31.668,1.0353,1.0356,0.40,0.20
2008.05.12 11:43:32.118,1.0353,1.03555,0.40,0.20
2008.05.12 11:43:32.932,1.0353,1.0356,0.40,0.20
2008.05.12 11:43:33.076,1.0353,1.03555,0.40,0.20
2008.05.12 11:43:34.180,1.0353,1.0356,0.40,0.20
2008.05.12 11:43:34.490,1.0353,1.03555,0.40,0.20
2008.05.12 11:43:36.364,1.0353,1.03565,0.50,0.20
2008.05.12 11:43:38.666,1.0353,1.03555,0.40,0.20
2008.05.12 11:43:39.252,1.0353,1.0356,0.40,0.20
2008.05.12 11:43:39.541,1.0353,1.0355,0.40,0.20
2008.05.12 11:43:39.696,1.03525,1.0355,0.30,0.20
2008.05.12 11:43:39.849,1.0352,1.0355,0.40,0.20
2008.05.12 11:43:40.003,1.0352,1.03555,0.50,0.20
2008.05.12 11:43:40.159,1.0352,1.0355,0.40,0.20
2008.05.12 11:43:44.150,1.0352,1.0354,0.40,0.20
2008.05.12 11:43:46.325,1.0352,1.03535,0.40,0.20
2008.05.12 11:43:46.373,1.0351,1.03535,0.40,0.20
2008.05.12 11:43:46.423,1.0351,1.0353,0.40,0.20
2008.05.12 11:43:47.865,1.0351,1.03535,0.40,0.20
2008.05.12 11:43:48.470,1.0351,1.0353,0.40,0.20
2008.05.12 11:43:49.085,1.0351,1.03535,0.40,0.20
2008.05.12 11:43:50.596,1.0351,1.0354,0.40,0.20
2008.05.12 11:43:51.048,1.0351,1.03545,0.50,0.20
2008.05.12 11:43:51.139,1.0352,1.03545,0.40,0.20
2008.05.12 11:43:51.369,1.0352,1.0353,0.40,0.20
2008.05.12 11:43:51.577,1.035,1.0353,1.30,0.20
2008.05.12 11:43:51.755,1.0351,1.03535,0.40,0.20
2008.05.12 11:43:51.931,1.0351,1.03545,0.50,0.40
2008.05.12 11:43:52.105,1.0351,1.0354,0.50,0.20
2008.05.12 11:43:52.280,1.0352,1.0354,0.40,0.20
2008.05.12 11:43:52.608,1.0352,1.03545,0.40,0.20
2008.05.12 11:43:53.276,1.0352,1.0355,0.40,0.20
2008.05.12 11:43:54.600,1.0352,1.0355,0.50,0.20
2008.05.12 11:43:54.660,1.03525,1.0356,0.30,2.50
2008.05.12 11:43:54.721,1.0353,1.0356,0.40,0.20
2008.05.12 11:43:54.899,1.0353,1.03555,0.40,0.20
2008.05.12 11:43:55.172,1.0353,1.0356,0.40,0.20
2008.05.12 11:43:55.368,1.0353,1.0355,0.40,0.20
2008.05.12 11:43:55.861,1.0353,1.03555,0.40,0.20
2008.05.12 11:43:56.428,1.0353,1.0355,0.40,0.20
2008.05.12 11:43:57.386,1.0353,1.0356,0.40,2.70
2008.05.12 11:43:57.507,1.0353,1.0356,0.40,0.40
2008.05.12 11:43:57.766,1.0353,1.03555,0.40,0.20
2008.05.12 11:44:00.114,1.0353,1.0356,0.40,0.40
2008.05.12 11:44:00.329,1.0353,1.0356,0.40,0.20
2008.05.12 11:44:00.631,1.0353,1.03555,0.40,0.20
2008.05.12 11:44:00.948,1.0353,1.0355,0.40,0.20
2008.05.12 11:44:01.116,1.0352,1.0355,0.50,0.20
2008.05.12 11:44:01.365,1.0352,1.03545,0.50,0.20
2008.05.12 11:44:02.838,1.0352,1.0355,0.50,0.20
2008.05.12 11:44:05.026,1.0352,1.03555,0.80,0.20
2008.05.12 11:44:05.329,1.03525,1.03555,0.30,0.20
2008.05.12 11:44:05.837,1.0353,1.03565,0.30,0.40
2008.05.12 11:44:06.031,1.0353,1.03565,3.20,0.20
2008.05.12 11:44:06.548,1.03535,1.03565,0.30,0.20
2008.05.12 11:44:09.944,1.03535,1.03565,0.60,0.20
2008.05.12 11:44:10.384,1.0354,1.03565,0.40,0.20
2008.05.12 11:44:12.022,1.0354,1.03575,0.80,0.20
2008.05.12 11:44:12.645,1.03545,1.03575,0.30,0.20
2008.05.12 11:44:14.413,1.03545,1.0358,0.60,0.20
2008.05.12 11:44:14.631,1.03545,1.03575,0.30,0.20
2008.05.12 11:44:17.921,1.0354,1.03575,0.80,0.20
2008.05.12 11:44:19.371,1.0354,1.03565,0.50,0.20
2008.05.12 11:44:19.495,1.0354,1.03565,0.40,0.20
2008.05.12 11:44:26.683,1.0354,1.0357,0.40,0.20
2008.05.12 11:44:27.250,1.0354,1.03575,0.50,0.20
2008.05.12 11:44:27.464,1.0354,1.0357,0.50,0.20
2008.05.12 11:44:27.573,1.0354,1.03565,0.50,0.20
2008.05.12 11:44:28.047,1.0354,1.03575,0.80,0.20
2008.05.12 11:44:28.586,1.0354,1.03565,0.50,0.20
2008.05.12 11:44:29.503,1.0354,1.0357,0.40,0.20
2008.05.12 11:44:30.079,1.0354,1.0357,0.50,0.20
2008.05.12 11:44:30.443,1.0354,1.03565,0.50,0.20
2008.05.12 11:44:31.502,1.0354,1.0357,0.50,0.20
2008.05.12 11:44:31.647,1.0354,1.03565,0.50,0.20
2008.05.12 11:44:34.123,1.0354,1.03575,0.80,0.20
2008.05.12 11:44:35.252,1.0354,1.0357,0.50,0.20
2008.05.12 11:44:36.027,1.0354,1.03565,0.50,0.20
2008.05.12 11:44:36.438,1.0354,1.0357,0.50,0.20
2008.05.12 11:44:37.191,1.0354,1.03565,0.50,0.20
2008.05.12 11:44:37.315,1.0354,1.03565,0.40,0.20
2008.05.12 11:44:39.954,1.0354,1.03555,0.40,0.20
2008.05.12 11:44:40.161,1.0353,1.03555,0.50,0.20
2008.05.12 11:44:40.531,1.0353,1.03555,0.40,0.20
2008.05.12 11:44:45.153,1.0353,1.03555,2.70,0.20
2008.05.12 11:44:45.228,1.0353,1.03565,2.90,0.20
2008.05.12 11:44:46.625,1.0353,1.03565,3.20,0.20
2008.05.12 11:44:46.929,1.0353,1.0356,0.50,0.20
2008.05.12 11:44:47.015,1.0353,1.03555,0.50,0.20
2008.05.12 11:44:49.856,1.0353,1.03555,0.40,0.20
2008.05.12 11:44:50.260,1.0353,1.0356,0.40,0.20
2008.05.12 11:44:50.309,1.0353,1.0356,0.50,0.20
2008.05.12 11:44:58.099,1.0353,1.0356,0.40,0.20
2008.05.12 11:44:58.962,1.0353,1.03555,0.40,0.20
2008.05.12 11:44:59.147,1.0353,1.0355,0.40,0.20
2008.05.12 11:45:02.100,1.0353,1.03555,0.40,0.20
2008.05.12 11:45:02.472,1.0353,1.0356,0.40,0.20
2008.05.12 11:45:02.658,1.0353,1.03555,0.40,0.20
2008.05.12 11:45:03.006,1.0353,1.0356,0.40,0.20
2008.05.12 11:45:03.181,1.0353,1.03555,0.40,0.20
2008.05.12 11:45:08.204,1.0353,1.0355,0.40,0.20
2008.05.12 11:45:08.518,1.0353,1.0356,0.40,0.40
2008.05.12 11:45:08.835,1.0353,1.0356,0.40,0.20
2008.05.12 11:45:09.793,1.0353,1.03555,0.40,0.20
2008.05.12 11:45:10.322,1.0353,1.0356,0.40,0.20
2008.05.12 11:45:11.728,1.0353,1.03555,0.40,0.20
2008.05.12 11:45:12.350,1.0353,1.0356,0.40,0.20
2008.05.12 11:45:13.199,1.0353,1.03565,0.50,0.20
2008.05.12 11:45:13.315,1.0353,1.03565,0.80,0.20
2008.05.12 11:45:13.542,1.0354,1.03565,0.40,0.20
2008.05.12 11:45:13.847,1.0354,1.0357,0.40,0.20
2008.05.12 11:45:15.754,1.0354,1.03565,0.40,0.20
2008.05.12 11:45:16.407,1.0354,1.0357,0.40,0.20
2008.05.12 11:45:17.337,1.0354,1.03565,0.40,0.20
2008.05.12 11:45:17.827,1.0354,1.0357,0.40,2.50
2008.05.12 11:45:17.992,1.0354,1.0357,0.40,0.20
2008.05.12 11:45:18.761,1.0354,1.03565,0.40,0.20
2008.05.12 11:45:19.315,1.0354,1.0357,0.40,2.50
2008.05.12 11:45:19.439,1.0354,1.0357,0.40,0.20
2008.05.12 11:45:20.366,1.0354,1.03565,0.40,0.20
2008.05.12 11:45:20.591,1.0354,1.0356,0.40,0.20
2008.05.12 11:45:20.818,1.0354,1.0357,0.40,2.50
2008.05.12 11:45:21.044,1.0354,1.0357,0.40,0.20
2008.05.12 11:45:21.841,1.0354,1.03565,0.40,0.20
2008.05.12 11:45:22.310,1.0354,1.0357,0.40,2.50
2008.05.12 11:45:22.445,1.0354,1.0357,0.40,0.20
2008.05.12 11:45:22.762,1.0354,1.0356,0.40,0.20
2008.05.12 11:45:23.131,1.0354,1.03565,0.40,0.20
2008.05.12 11:45:23.500,1.0354,1.0356,0.40,2.50
2008.05.12 11:45:23.695,1.0354,1.03555,0.40,0.20
2008.05.12 11:45:23.849,1.0354,1.0356,0.40,2.50
2008.05.12 11:45:24.006,1.0354,1.0356,0.40,0.20
2008.05.12 11:45:25.269,1.0354,1.03555,0.40,0.20
2008.05.12 11:45:25.414,1.0353,1.03555,0.50,0.20
2008.05.12 11:45:25.563,1.0353,1.03555,0.40,0.20
2008.05.12 11:45:25.830,1.0353,1.0355,0.40,0.20
2008.05.12 11:45:26.201,1.0353,1.03555,0.40,0.20
2008.05.12 11:45:26.326,1.0353,1.0355,0.40,0.20
2008.05.12 11:45:26.458,1.0352,1.0355,0.40,0.20
2008.05.12 11:45:26.583,1.0352,1.03545,0.40,0.20
2008.05.12 11:45:27.362,1.0352,1.0355,0.40,0.20
2008.05.12 11:45:27.591,1.0352,1.03545,0.40,0.20
2008.05.12 11:45:30.713,1.0352,1.0355,0.40,0.20
2008.05.12 11:45:30.953,1.0352,1.03545,0.40,0.20
2008.05.12 11:45:32.600,1.0352,1.03555,0.50,0.20
2008.05.12 11:45:32.751,1.0352,1.03555,0.80,0.20
2008.05.12 11:45:32.949,1.0352,1.0355,0.50,0.20
2008.05.12 11:45:33.032,1.0352,1.03545,0.50,0.20
2008.05.12 11:45:34.467,1.0352,1.03545,0.40,0.20
2008.05.12 11:45:34.786,1.0352,1.0355,0.50,0.20
2008.05.12 11:45:35.104,1.0352,1.03555,0.80,0.20
2008.05.12 11:45:37.503,1.0352,1.0355,0.50,0.20
2008.05.12 11:45:38.237,1.0352,1.03555,0.80,0.20
2008.05.12 11:45:38.420,1.0352,1.0355,0.50,0.20
2008.05.12 11:45:43.397,1.0352,1.03555,0.80,0.20
2008.05.12 11:45:43.606,1.0352,1.0355,0.50,0.20
2008.05.12 11:45:43.963,1.0352,1.03555,0.80,0.20
2008.05.12 11:45:45.916,1.0352,1.03545,0.50,0.20
2008.05.12 11:45:46.011,1.0352,1.03545,0.40,0.20
2008.05.12 11:45:46.293,1.0352,1.03555,0.50,0.20
2008.05.12 11:45:46.482,1.0352,1.03555,0.80,0.20
2008.05.12 11:45:47.705,1.0352,1.03545,0.40,0.20
2008.05.12 11:45:47.962,1.0352,1.0355,0.40,0.20
2008.05.12 11:45:48.219,1.0352,1.0355,0.50,0.20
2008.05.12 11:45:48.407,1.0352,1.03555,0.80,0.20
2008.05.12 11:46:02.914,1.0352,1.03545,0.50,0.20
2008.05.12 11:46:03.101,1.0352,1.03545,0.40,0.20
2008.05.12 11:46:03.493,1.0352,1.0355,0.40,0.20
2008.05.12 11:46:08.169,1.0352,1.03545,0.40,0.20
2008.05.12 11:46:11.551,1.0352,1.0354,0.40,0.20
2008.05.12 11:46:11.867,1.0351,1.0354,0.40,0.20
2008.05.12 11:46:13.995,1.0351,1.03545,0.50,0.20
2008.05.12 11:46:14.070,1.0351,1.03545,0.80,0.20
2008.05.12 11:46:16.728,1.0351,1.03545,0.50,0.20
2008.05.12 11:46:16.930,1.0351,1.03535,0.40,0.20
2008.05.12 11:46:17.242,1.0351,1.03545,0.50,0.20
2008.05.12 11:46:17.337,1.0351,1.03545,0.80,0.20
2008.05.12 11:46:18.434,1.0351,1.0354,0.50,0.20
2008.05.12 11:46:19.486,1.0351,1.03535,0.50,0.20
2008.05.12 11:46:20.625,1.0351,1.0354,0.50,0.20
2008.05.12 11:46:23.626,1.0351,1.03535,0.50,0.20
2008.05.12 11:46:24.362,1.0351,1.0354,0.50,0.20
2008.05.12 11:46:28.143,1.0351,1.0354,0.80,0.20
2008.05.12 11:46:29.390,1.03515,1.03545,0.30,0.20
2008.05.12 11:46:29.527,1.0351,1.03545,0.80,0.20
2008.05.12 11:46:30.027,1.03515,1.03545,0.30,0.20
2008.05.12 11:46:32.876,1.0352,1.0355,0.30,0.20
2008.05.12 11:46:32.935,1.0352,1.0355,0.50,0.20
2008.05.12 11:46:36.662,1.0352,1.0355,0.40,0.20
2008.05.12 11:46:37.034,1.0352,1.0355,0.50,0.20
2008.05.12 11:46:37.333,1.03525,1.03555,0.30,0.40
2008.05.12 11:46:37.692,1.03525,1.03555,0.30,0.20
2008.05.12 11:46:38.139,1.0352,1.03555,0.50,0.20
2008.05.12 11:46:41.979,1.03525,1.03555,0.30,0.20
2008.05.12 11:46:45.646,1.0352,1.0355,0.50,0.20
2008.05.12 11:46:45.968,1.03525,1.03555,0.30,0.40
2008.05.12 11:46:46.502,1.0352,1.03555,0.50,0.40
2008.05.12 11:46:47.117,1.0352,1.03545,0.40,0.20
2008.05.12 11:46:47.499,1.0352,1.0355,0.40,0.20
2008.05.12 11:46:47.842,1.0352,1.0355,0.50,0.20
2008.05.12 11:46:48.471,1.03525,1.03555,0.30,0.40
2008.05.12 11:46:52.504,1.0352,1.0355,0.50,0.20
2008.05.12 11:46:52.926,1.03525,1.03555,0.30,0.40
2008.05.12 11:46:53.112,1.03525,1.03555,0.30,0.20
2008.05.12 11:46:56.131,1.03535,1.0356,0.30,0.20
2008.05.12 11:46:56.298,1.03535,1.03565,0.30,0.40
2008.05.12 11:46:56.448,1.0353,1.03555,0.40,0.20
2008.05.12 11:47:01.093,1.0353,1.0356,0.40,0.40
2008.05.12 11:47:01.512,1.0353,1.03555,0.40,0.20
2008.05.12 11:47:01.639,1.03535,1.0356,0.30,0.20
2008.05.12 11:47:01.776,1.03535,1.03565,0.30,0.20
2008.05.12 11:47:04.974,1.03535,1.0357,0.30,0.40
2008.05.12 11:47:05.058,1.03535,1.0357,0.30,0.20
2008.05.12 11:47:06.220,1.03545,1.03575,0.30,0.40
2008.05.12 11:47:06.603,1.0354,1.03575,0.50,0.40
2008.05.12 11:47:06.961,1.0354,1.0357,0.50,0.20
2008.05.12 11:47:07.363,1.0354,1.03565,0.40,0.20
2008.05.12 11:47:09.290,1.0354,1.03565,0.40,0.40
2008.05.12 11:47:10.218,1.0353,1.03565,0.50,0.40
2008.05.12 11:47:10.355,1.0353,1.03555,0.40,0.20
2008.05.12 11:47:10.681,1.0353,1.0356,0.50,0.20
2008.05.12 11:47:10.888,1.03535,1.03565,0.30,0.20
2008.05.12 11:47:11.030,1.0353,1.03565,0.50,0.20
2008.05.12 11:47:11.118,1.0353,1.0356,0.50,0.20
2008.05.12 11:47:11.427,1.03535,1.03565,0.30,0.40
2008.05.12 11:47:12.043,1.0353,1.0356,0.50,0.20
2008.05.12 11:47:13.988,1.03535,1.03565,0.30,0.40
2008.05.12 11:47:14.417,1.0353,1.03565,0.50,0.40
2008.05.12 11:47:16.694,1.0353,1.03565,0.80,0.20
2008.05.12 11:47:23.990,1.03555,1.03575,0.30,0.20
2008.05.12 11:47:24.208,1.03555,1.03585,0.60,0.20
2008.05.12 11:47:24.743,1.0356,1.03585,0.30,0.20
2008.05.12 11:47:24.926,1.03565,1.03595,0.30,0.20
2008.05.12 11:47:25.213,1.03565,1.03595,0.60,0.20
2008.05.12 11:47:25.359,1.0356,1.0359,0.50,0.20
2008.05.12 11:47:25.595,1.0356,1.0359,0.40,0.20
2008.05.12 11:47:26.543,1.0356,1.0359,0.50,0.20
2008.05.12 11:47:28.011,1.0356,1.03575,0.40,0.20
2008.05.12 11:47:28.192,1.0355,1.03575,0.40,0.20
2008.05.12 11:47:28.562,1.0355,1.0357,0.40,0.20
2008.05.12 11:47:28.614,1.0354,1.0357,0.50,0.20
2008.05.12 11:47:28.676,1.0354,1.0357,0.40,0.20
2008.05.12 11:47:32.055,1.03545,1.03575,0.30,0.20
2008.05.12 11:47:32.206,1.0355,1.0358,0.40,0.40
2008.05.12 11:47:32.524,1.0355,1.0357,0.40,0.20
2008.05.12 11:47:32.683,1.0354,1.0357,0.40,0.20
2008.05.12 11:47:34.447,1.0354,1.03565,0.40,0.20
2008.05.12 11:47:36.023,1.0354,1.0357,0.40,0.20
2008.05.12 11:47:38.880,1.0354,1.03565,0.40,0.20
2008.05.12 11:47:39.402,1.0354,1.03575,0.50,0.40
2008.05.12 11:47:39.629,1.0354,1.03575,0.50,0.20
2008.05.12 11:47:40.171,1.0354,1.03575,0.50,0.40
2008.05.12 11:47:40.676,1.0354,1.0357,0.40,0.20
2008.05.12 11:47:43.970,1.0354,1.03575,0.50,0.40
2008.05.12 11:47:44.077,1.03545,1.03575,0.30,0.20
2008.05.12 11:47:44.155,1.0355,1.0358,0.40,1.10
2008.05.12 11:47:44.288,1.0355,1.0358,0.40,0.40
2008.05.12 11:47:45.528,1.0355,1.03575,0.40,0.20
2008.05.12 11:47:46.894,1.0355,1.0357,0.40,0.20
2008.05.12 11:47:47.111,1.0355,1.03565,0.40,0.20
2008.05.12 11:47:58.216,1.0354,1.03565,0.40,0.20
2008.05.12 11:48:02.028,1.0354,1.03555,0.40,0.20
2008.05.12 11:48:02.283,1.0353,1.03555,0.40,0.20
2008.05.12 11:48:03.644,1.0354,1.03565,0.40,0.20
2008.05.12 11:48:10.284,1.0352,1.03555,0.50,0.40
2008.05.12 11:48:10.450,1.0352,1.03555,0.80,0.20
2008.05.12 11:48:11.011,1.0352,1.0355,0.50,0.20
2008.05.12 11:48:11.176,1.0352,1.03545,0.50,0.20
2008.05.12 11:48:11.412,1.0352,1.0355,0.40,0.20
2008.05.12 11:48:12.410,1.0352,1.03545,0.40,0.20
2008.05.12 11:48:20.057,1.0352,1.0355,0.40,0.20
2008.05.12 11:48:20.705,1.0352,1.03555,0.50,0.20
2008.05.12 11:48:27.147,1.0352,1.0355,0.40,0.20
2008.05.12 11:48:27.974,1.0352,1.03545,0.40,0.20
2008.05.12 11:48:29.430,1.0352,1.0355,0.40,0.20
2008.05.12 11:48:30.910,1.0352,1.03545,0.40,0.20
2008.05.12 11:48:32.366,1.0352,1.03555,0.50,0.40
2008.05.12 11:48:32.637,1.0352,1.0355,0.40,0.20
2008.05.12 11:48:33.078,1.0352,1.03545,0.40,0.20
2008.05.12 11:48:33.948,1.0352,1.03555,0.50,0.20
2008.05.12 11:48:35.207,1.0352,1.03545,0.40,0.20
2008.05.12 11:48:36.632,1.0352,1.03535,0.40,0.20
2008.05.12 11:48:36.967,1.03505,1.0354,0.30,0.20
2008.05.12 11:48:37.314,1.0351,1.03535,0.40,0.20
2008.05.12 11:48:37.521,1.0351,1.0354,0.40,0.20
2008.05.12 11:48:38.003,1.0351,1.03535,0.40,0.20
2008.05.12 11:48:40.683,1.0351,1.0353,0.40,0.20
2008.05.12 11:48:40.878,1.035,1.0353,0.40,0.20
2008.05.12 11:48:41.498,1.035,1.03535,0.50,0.40
2008.05.12 11:48:42.029,1.035,1.0353,0.40,0.20
2008.05.12 11:48:42.917,1.035,1.03535,0.50,0.40
2008.05.12 11:48:43.706,1.035,1.03535,0.80,0.20
2008.05.12 11:48:46.135,1.035,1.03525,0.50,0.20
2008.05.12 11:48:46.255,1.035,1.03525,0.40,0.20
2008.05.12 11:48:46.493,1.035,1.03535,0.50,0.20
2008.05.12 11:48:46.870,1.035,1.03535,0.50,0.40
2008.05.12 11:48:47.393,1.035,1.03535,0.80,0.20
2008.05.12 11:48:47.992,1.035,1.0353,0.50,0.20
2008.05.12 11:48:48.153,1.035,1.03535,0.50,0.40
2008.05.12 11:48:48.662,1.035,1.0353,0.40,0.20
2008.05.12 11:48:48.955,1.035,1.03535,0.80,0.20
2008.05.12 11:48:52.092,1.035,1.03535,0.50,0.20
2008.05.12 11:48:53.941,1.035,1.0353,0.40,0.20
2008.05.12 11:48:54.081,1.035,1.03535,0.50,0.20
2008.05.12 11:48:56.168,1.035,1.03535,0.80,0.20
2008.05.12 11:48:56.872,1.03505,1.0354,0.30,0.20
2008.05.12 11:48:57.156,1.03505,1.0354,0.60,0.20
2008.05.12 11:48:57.261,1.0351,1.0354,0.40,0.20
2008.05.12 11:48:57.488,1.0351,1.03535,0.40,0.20
2008.05.12 11:48:58.598,1.0351,1.0353,0.40,0.20
2008.05.12 11:48:58.877,1.035,1.0353,0.40,0.20
2008.05.12 11:48:58.948,1.035,1.03535,0.50,0.20
2008.05.12 11:48:59.770,1.035,1.03535,0.80,0.20
2008.05.12 11:48:59.934,1.035,1.03535,1.60,0.20
2008.05.12 11:49:00.098,1.035,1.03535,2.40,0.20
2008.05.12 11:49:00.266,1.03505,1.0354,0.30,0.20
2008.05.12 11:49:00.431,1.0351,1.0354,0.40,0.20
2008.05.12 11:49:00.918,1.0351,1.0354,0.40,0.40
2008.05.12 11:49:01.102,1.0351,1.0354,0.40,0.20
2008.05.12 11:49:01.429,1.0351,1.03535,0.40,0.20
2008.05.12 11:49:02.196,1.0351,1.0354,0.40,0.20
2008.05.12 11:49:02.626,1.0351,1.03535,0.40,0.20
2008.05.12 11:49:03.177,1.0351,1.0354,0.40,0.40
2008.05.12 11:49:04.183,1.0351,1.03535,0.40,0.20
2008.05.12 11:49:05.148,1.0351,1.0354,0.40,0.40
2008.05.12 11:49:05.181,1.03505,1.0354,0.30,0.40
2008.05.12 11:49:05.271,1.0351,1.0354,0.40,0.40
2008.05.12 11:49:07.419,1.0351,1.03535,0.40,0.20
2008.05.12 11:49:07.533,1.0351,1.0354,0.40,0.40
2008.05.12 11:49:09.114,1.0351,1.0353,0.40,0.20
2008.05.12 11:49:09.923,1.0351,1.03535,0.40,0.20
2008.05.12 11:49:10.007,1.0351,1.0354,0.40,0.40
2008.05.12 11:49:10.092,1.0351,1.0354,0.40,0.20
2008.05.12 11:49:10.667,1.0351,1.0353,0.40,0.20
2008.05.12 11:49:11.068,1.0351,1.0354,0.40,0.40
2008.05.12 11:49:11.202,1.0351,1.0354,0.40,0.20
2008.05.12 11:49:17.171,1.0351,1.03535,0.40,0.20
2008.05.12 11:49:17.705,1.0351,1.0354,0.40,2.70
2008.05.12 11:49:17.773,1.0351,1.0354,0.40,0.40
2008.05.12 11:49:17.913,1.0351,1.0353,0.40,0.20
2008.05.12 11:49:18.249,1.0351,1.0354,0.40,0.40
2008.05.12 11:49:18.449,1.0351,1.0354,0.40,0.20
2008.05.12 11:49:22.251,1.0351,1.0353,0.40,0.20
2008.05.12 11:49:22.664,1.0351,1.03535,0.40,0.20
2008.05.12 11:49:24.238,1.0351,1.0354,0.40,0.40
2008.05.12 11:49:24.460,1.0351,1.0354,0.40,0.20
2008.05.12 11:49:32.866,1.0351,1.0353,0.40,0.20
2008.05.12 11:49:33.163,1.0351,1.03535,0.40,0.20
2008.05.12 11:49:33.537,1.0351,1.0354,0.40,0.40
2008.05.12 11:49:35.293,1.0351,1.0354,0.40,0.20
2008.05.12 11:49:36.252,1.0351,1.0353,0.40,0.20
2008.05.12 11:49:36.955,1.0351,1.03535,0.40,0.20
2008.05.12 11:49:38.680,1.0351,1.0353,0.40,0.20
2008.05.12 11:49:39.371,1.0351,1.0354,0.40,0.40
2008.05.12 11:49:40.298,1.0351,1.03535,0.40,0.20
2008.05.12 11:49:41.250,1.0351,1.0354,0.40,2.70
2008.05.12 11:49:41.391,1.0351,1.0354,0.40,2.50
2008.05.12 11:49:41.530,1.0351,1.0354,0.40,0.20
2008.05.12 11:49:42.057,1.0351,1.0354,0.40,0.40
2008.05.12 11:49:42.276,1.0351,1.03535,0.40,0.20
2008.05.12 11:49:42.709,1.0351,1.0354,0.40,2.70
2008.05.12 11:49:42.816,1.0351,1.0354,0.40,0.40
2008.05.12 11:49:43.034,1.0351,1.0354,0.40,0.20
2008.05.12 11:49:43.739,1.0351,1.03535,0.40,0.20
2008.05.12 11:49:44.148,1.0351,1.0354,0.40,2.70
2008.05.12 11:49:44.288,1.0351,1.0354,0.40,0.40
2008.05.12 11:49:44.445,1.0351,1.0354,0.40,0.20
2008.05.12 11:49:44.774,1.0351,1.0354,0.40,0.40
2008.05.12 11:49:45.186,1.0351,1.03535,0.40,0.20
2008.05.12 11:49:45.718,1.0351,1.0354,0.40,0.40
2008.05.12 11:49:45.784,1.0351,1.0354,0.40,0.20
2008.05.12 11:49:46.170,1.0351,1.03545,0.50,0.20
2008.05.12 11:49:46.429,1.0352,1.0354,0.40,0.20
2008.05.12 11:49:46.697,1.0352,1.03545,0.40,0.20
2008.05.12 11:49:46.825,1.0352,1.0354,0.40,0.20
2008.05.12 11:49:46.990,1.0352,1.03545,0.40,0.20
2008.05.12 11:49:48.532,1.0352,1.0354,0.40,0.20
2008.05.12 11:49:49.495,1.0352,1.03545,0.40,0.20
2008.05.12 11:49:49.795,1.0352,1.0354,0.40,0.20
2008.05.12 11:49:50.231,1.0352,1.0355,0.40,0.20
2008.05.12 11:49:50.709,1.0352,1.03545,0.40,0.20
2008.05.12 11:49:50.868,1.0352,1.0355,0.50,0.40
2008.05.12 11:49:51.055,1.0352,1.0355,0.50,0.20
2008.05.12 11:49:51.332,1.0352,1.0354,0.40,0.20
2008.05.12 11:49:52.957,1.0352,1.03545,0.40,0.20
2008.05.12 11:49:55.995,1.0352,1.0354,0.40,0.20
2008.05.12 11:49:57.456,1.0352,1.03535,0.40,0.20
2008.05.12 11:49:58.658,1.0352,1.03545,0.40,0.20
2008.05.12 11:49:58.875,1.0352,1.03535,0.40,0.20
2008.05.12 11:49:58.981,1.0352,1.0354,0.40,0.20
2008.05.12 11:49:59.401,1.0352,1.03535,0.40,0.20
2008.05.12 11:50:00.040,1.0352,1.03545,0.40,0.40
2008.05.12 11:50:00.205,1.0352,1.0354,0.40,0.20
2008.05.12 11:50:01.804,1.0352,1.03545,0.40,0.20
2008.05.12 11:50:02.864,1.0352,1.0355,0.40,0.40
2008.05.12 11:50:03.194,1.0352,1.03545,0.40,0.20
2008.05.12 11:50:03.266,1.0352,1.0354,0.40,0.20
2008.05.12 11:50:03.697,1.0352,1.03535,0.40,0.20
2008.05.12 11:50:03.911,1.0352,1.0354,0.40,2.50
2008.05.12 11:50:04.194,1.0352,1.03535,0.40,0.20
2008.05.12 11:50:05.299,1.0352,1.0354,0.40,2.50
2008.05.12 11:50:05.404,1.0352,1.0354,0.40,0.20
2008.05.12 11:50:11.712,1.0352,1.0354,0.40,0.40
2008.05.12 11:50:12.147,1.0352,1.03535,0.40,0.20
2008.05.12 11:50:12.227,1.035,1.03535,0.50,0.20
2008.05.12 11:50:12.386,1.035,1.0353,0.40,0.20
2008.05.12 11:50:13.834,1.035,1.03525,0.40,0.20
2008.05.12 11:50:14.659,1.035,1.0353,0.40,0.20
2008.05.12 11:50:14.793,1.0351,1.03525,0.40,0.20
2008.05.12 11:50:14.928,1.035,1.03525,0.40,0.20
2008.05.12 11:50:16.922,1.035,1.0353,0.40,0.20
2008.05.12 11:50:25.436,1.035,1.0352,0.40,0.20
2008.05.12 11:50:31.472,1.035,1.03515,0.40,0.20
2008.05.12 11:50:31.689,1.0349,1.0351,0.40,0.20
2008.05.12 11:50:32.016,1.0349,1.0352,0.40,0.20
2008.05.12 11:50:32.450,1.0349,1.0351,0.40,0.20
2008.05.12 11:50:32.956,1.0349,1.03515,0.40,0.20
2008.05.12 11:50:33.869,1.0349,1.0351,0.40,0.20
2008.05.12 11:50:36.624,1.0349,1.03515,0.40,0.20
2008.05.12 11:50:39.444,1.0349,1.0351,0.40,0.20
2008.05.12 11:50:46.811,1.0349,1.03515,0.40,0.20
2008.05.12 11:50:55.939,1.0349,1.0351,0.40,0.20
2008.05.12 11:50:56.171,1.03475,1.0351,0.60,0.20
2008.05.12 11:50:56.409,1.03475,1.0351,0.60,2.50
2008.05.12 11:50:56.568,1.0348,1.0351,0.40,0.20
2008.05.12 11:50:56.728,1.0348,1.03505,0.40,0.20
2008.05.12 11:51:00.391,1.0348,1.0351,0.40,2.50
2008.05.12 11:51:00.496,1.0348,1.0351,0.40,0.20
2008.05.12 11:51:03.206,1.0348,1.03505,0.40,0.20
2008.05.12 11:51:04.660,1.0348,1.0351,0.40,2.50
2008.05.12 11:51:04.894,1.0348,1.0351,0.40,0.20
2008.05.12 11:51:05.557,1.0348,1.03505,0.40,0.20
2008.05.12 11:51:05.879,1.0347,1.03505,0.80,0.20
2008.05.12 11:51:06.301,1.0347,1.035,0.50,0.20
2008.05.12 11:51:06.721,1.0347,1.035,0.40,0.20
2008.05.12 11:51:07.099,1.0346,1.03495,0.80,0.20
2008.05.12 11:51:07.342,1.0346,1.0349,0.50,0.20
2008.05.12 11:51:07.760,1.0346,1.03485,0.40,0.20
2008.05.12 11:51:07.899,1.03455,1.03485,0.30,0.20
2008.05.12 11:51:08.338,1.0345,1.03485,0.80,0.20
2008.05.12 11:51:10.591,1.03455,1.0349,0.30,0.20
2008.05.12 11:51:10.807,1.0346,1.0349,0.40,0.20
2008.05.12 11:51:12.688,1.0345,1.0348,2.90,0.20
2008.05.12 11:51:12.775,1.0345,1.0348,0.50,0.20
2008.05.12 11:51:12.941,1.0345,1.03485,0.80,0.20
2008.05.12 11:51:14.201,1.0345,1.0348,0.40,0.20
2008.05.12 11:51:17.250,1.0345,1.0348,1.60,0.20
2008.05.12 11:51:18.127,1.0345,1.03485,1.80,0.20
2008.05.12 11:51:19.700,1.0345,1.03485,1.00,0.20
2008.05.12 11:51:19.908,1.0346,1.03485,1.60,0.20
2008.05.12 11:51:20.011,1.0346,1.0348,1.60,0.20
2008.05.12 11:51:20.418,1.0346,1.0349,1.60,0.40
2008.05.12 11:51:20.601,1.0346,1.0349,1.60,0.20
2008.05.12 11:51:22.400,1.0346,1.03495,1.80,0.40
2008.05.12 11:51:23.521,1.0346,1.03495,1.00,0.40
2008.05.12 11:51:23.617,1.0347,1.03495,0.80,0.40
2008.05.12 11:51:23.751,1.0346,1.03495,1.00,0.40
2008.05.12 11:51:23.825,1.0346,1.03495,1.80,0.40
2008.05.12 11:51:23.854,1.0346,1.03495,1.00,0.40
2008.05.12 11:51:24.027,1.0346,1.03495,0.30,0.40
2008.05.12 11:51:24.466,1.03455,1.0349,0.30,0.20
2008.05.12 11:51:26.995,1.0346,1.0349,0.40,0.20
2008.05.12 11:51:28.403,1.03455,1.0349,0.30,0.20
2008.05.12 11:51:29.851,1.03455,1.0349,1.00,0.20
2008.05.12 11:51:30.472,1.03455,1.0348,0.80,0.20
2008.05.12 11:51:30.682,1.03455,1.03485,0.80,0.20
2008.05.12 11:51:31.417,1.03455,1.0349,1.00,0.20
2008.05.12 11:51:33.611,1.0345,1.0348,0.50,0.20
2008.05.12 11:51:33.869,1.0345,1.0348,0.30,0.20
2008.05.12 11:51:34.036,1.03445,1.0348,1.20,0.20
2008.05.12 11:51:34.290,1.03445,1.0348,1.00,0.20
2008.05.12 11:51:34.443,1.03445,1.03475,0.80,0.20
2008.05.12 11:51:36.503,1.03445,1.0348,1.00,0.20
2008.05.12 11:51:36.913,1.03445,1.03475,0.80,0.20
2008.05.12 11:51:37.107,1.0344,1.03475,2.40,0.20
2008.05.12 11:51:37.499,1.0344,1.03475,1.60,0.20
2008.05.12 11:51:37.693,1.0344,1.03475,2.40,0.20
2008.05.12 11:51:38.220,1.0344,1.03475,2.10,0.20
2008.05.12 11:51:38.962,1.0344,1.03475,1.30,0.20
2008.05.12 11:51:39.106,1.0344,1.03475,0.50,0.20
2008.05.12 11:51:40.674,1.03445,1.0348,0.30,0.40
2008.05.12 11:51:41.091,1.03445,1.0348,0.30,0.20
2008.05.12 11:51:41.929,1.0344,1.0347,2.10,0.20
2008.05.12 11:51:42.045,1.0344,1.0347,1.80,0.20
2008.05.12 11:51:42.169,1.0344,1.0347,1.60,0.20
2008.05.12 11:51:47.715,1.03445,1.0348,0.30,0.40
2008.05.12 11:51:47.762,1.03445,1.0348,0.30,0.20
2008.05.12 11:51:47.911,1.0344,1.03475,2.10,0.20
2008.05.12 11:51:48.232,1.03445,1.0348,0.30,0.20
2008.05.12 11:51:48.385,1.0344,1.03475,2.10,0.20
2008.05.12 11:51:48.843,1.0344,1.0347,2.10,0.20
2008.05.12 11:51:50.803,1.0344,1.0347,2.40,0.20
2008.05.12 11:51:50.878,1.0344,1.0347,1.60,0.20
2008.05.12 11:51:50.953,1.0344,1.03465,1.30,0.20
2008.05.12 11:51:51.038,1.0344,1.03465,0.40,0.20
2008.05.12 11:51:51.529,1.0344,1.0346,0.40,0.20
2008.05.12 11:51:51.709,1.0343,1.0346,0.30,0.20
2008.05.12 11:51:52.907,1.03435,1.0347,0.30,0.20
2008.05.12 11:51:53.191,1.03435,1.0347,0.60,0.20
2008.05.12 11:51:53.638,1.03435,1.03465,0.30,0.20
2008.05.12 11:51:54.405,1.0343,1.0346,0.50,0.20
2008.05.12 11:51:54.792,1.0343,1.0346,0.40,0.20
2008.05.12 11:51:55.883,1.03425,1.0346,0.30,0.20
2008.05.12 11:51:55.988,1.0342,1.0345,0.60,0.20
2008.05.12 11:51:56.337,1.03425,1.03455,0.30,0.20
2008.05.12 11:51:56.511,1.03425,1.0346,0.30,0.20
2008.05.12 11:51:56.686,1.03425,1.03455,0.60,0.20
2008.05.12 11:51:57.034,1.03425,1.0346,0.60,0.20
2008.05.12 11:51:57.605,1.0343,1.0346,0.30,0.20
2008.05.12 11:51:58.456,1.0343,1.0345,0.30,0.20
2008.05.12 11:51:58.526,1.0342,1.0345,2.40,0.20
2008.05.12 11:51:58.596,1.0342,1.0345,0.80,0.20
2008.05.12 11:51:58.666,1.0343,1.0346,0.30,0.20
2008.05.12 11:51:59.107,1.03425,1.03455,0.30,0.20
2008.05.12 11:51:59.781,1.0343,1.0346,0.40,0.20
2008.05.12 11:52:00.080,1.0343,1.0346,0.50,0.20
2008.05.12 11:52:01.076,1.0343,1.03455,0.50,0.20
2008.05.12 11:52:01.190,1.0343,1.03455,0.40,0.20
2008.05.12 11:52:01.650,1.0343,1.03455,0.50,0.20
2008.05.12 11:52:04.747,1.0343,1.03465,0.80,0.20
2008.05.12 11:52:05.360,1.0343,1.03455,0.50,0.20
2008.05.12 11:52:05.665,1.0343,1.03455,0.40,0.20
2008.05.12 11:52:06.505,1.0343,1.0345,0.40,0.20
2008.05.12 11:52:06.670,1.03425,1.0345,0.30,0.20
2008.05.12 11:52:07.721,1.0342,1.0345,0.30,0.20
2008.05.12 11:52:08.886,1.0342,1.0344,0.30,0.20
2008.05.12 11:52:09.021,1.03415,1.0344,0.30,0.20
2008.05.12 11:52:09.196,1.03415,1.03445,0.30,0.20
2008.05.12 11:52:10.430,1.03415,1.0345,0.60,0.20
2008.05.12 11:52:10.610,1.03415,1.03445,0.30,0.20
2008.05.12 11:52:10.790,1.0341,1.03445,0.60,0.20
2008.05.12 11:52:10.982,1.0342,1.03455,0.30,0.40
2008.05.12 11:52:11.149,1.0342,1.03455,0.30,0.20
2008.05.12 11:52:11.487,1.03415,1.0345,0.60,0.20
2008.05.12 11:52:11.615,1.0342,1.0345,0.30,0.20
2008.05.12 11:52:18.546,1.03435,1.03465,0.30,0.20
2008.05.12 11:52:18.663,1.0344,1.03465,0.40,0.20
2008.05.12 11:52:18.782,1.0344,1.0347,0.50,0.20
2008.05.12 11:52:19.040,1.0344,1.03455,0.40,0.20
2008.05.12 11:52:19.196,1.03435,1.0346,0.80,0.20
2008.05.12 11:52:19.360,1.0343,1.0346,0.60,0.20
2008.05.12 11:52:19.514,1.03435,1.03465,0.30,0.20
2008.05.12 11:52:19.671,1.03445,1.03475,0.30,0.40
2008.05.12 11:52:19.835,1.03445,1.03475,0.30,0.20
2008.05.12 11:52:19.989,1.0345,1.0348,0.30,0.20
2008.05.12 11:52:21.730,1.0345,1.0347,0.30,0.20
2008.05.12 11:52:21.919,1.03445,1.0347,0.30,0.20
2008.05.12 11:52:22.108,1.0344,1.0347,0.80,0.20
2008.05.12 11:52:23.100,1.0344,1.0347,1.60,0.20
2008.05.12 11:52:23.232,1.0345,1.03475,0.40,0.20
2008.05.12 11:52:23.628,1.0345,1.0347,0.40,0.20
2008.05.12 11:52:23.984,1.0345,1.0348,0.50,0.20
2008.05.12 11:52:24.103,1.0346,1.0348,0.40,0.20
2008.05.12 11:52:24.222,1.0346,1.03475,0.40,0.20
2008.05.12 11:52:24.392,1.03455,1.03485,0.30,0.20
2008.05.12 11:52:24.562,1.0346,1.03485,0.40,0.20
2008.05.12 11:52:24.732,1.0345,1.0348,0.80,0.20
2008.05.12 11:52:25.591,1.0345,1.0348,0.50,0.20
2008.05.12 11:52:25.705,1.0345,1.03475,0.40,0.20
2008.05.12 11:52:26.594,1.0345,1.0348,0.50,0.20
2008.05.12 11:52:27.112,1.0345,1.0348,0.30,0.20
2008.05.12 11:52:27.241,1.0344,1.0347,1.20,0.20
2008.05.12 11:52:27.370,1.0344,1.0347,0.30,0.20
2008.05.12 11:52:30.654,1.03435,1.03465,0.60,0.20
2008.05.12 11:52:30.898,1.0344,1.0347,0.30,0.20
2008.05.12 11:52:31.679,1.03435,1.03465,0.60,0.20
2008.05.12 11:52:33.136,1.03435,1.0346,0.30,0.20
2008.05.12 11:52:33.182,1.0343,1.0346,2.40,0.20
2008.05.12 11:52:33.414,1.0343,1.0346,1.60,0.20
2008.05.12 11:52:33.542,1.0343,1.0346,0.80,0.20
2008.05.12 11:52:34.275,1.0343,1.0346,0.50,0.20
2008.05.12 11:52:34.908,1.0343,1.0345,0.40,0.20
2008.05.12 11:52:35.120,1.0343,1.03455,0.40,0.20
2008.05.12 11:52:35.267,1.03425,1.03455,0.60,0.20
2008.05.12 11:52:35.640,1.03425,1.0345,0.30,0.20
2008.05.12 11:52:35.939,1.03425,1.03455,0.60,0.20
2008.05.12 11:52:38.433,1.03425,1.0346,0.60,0.20
2008.05.12 11:52:40.078,1.03425,1.03455,0.30,0.20
2008.05.12 11:52:40.414,1.03425,1.0346,0.60,0.20
2008.05.12 11:52:42.713,1.03425,1.03455,0.30,0.20
2008.05.12 11:52:42.792,1.0342,1.03455,2.40,0.20
2008.05.12 11:52:52.985,1.0342,1.03455,1.60,0.20
2008.05.12 11:52:53.074,1.0342,1.03455,0.80,0.20
2008.05.12 11:52:53.638,1.0342,1.03455,0.50,0.20
2008.05.12 11:52:58.428,1.0342,1.03455,0.30,0.20
2008.05.12 11:52:58.460,1.03415,1.0345,0.60,0.20
2008.05.12 11:53:12.667,1.03415,1.03445,0.30,0.20
2008.05.12 11:53:21.676,1.03415,1.0345,0.60,0.20
2008.05.12 11:53:21.750,1.0342,1.0345,0.40,0.20
2008.05.12 11:53:23.350,1.0342,1.03455,0.50,0.20
2008.05.12 11:53:23.452,1.0342,1.03455,2.90,0.20
2008.05.12 11:53:23.697,1.0342,1.03455,3.20,0.20
2008.05.12 11:53:30.189,1.0343,1.03465,0.30,0.40
2008.05.12 11:53:30.213,1.0343,1.03465,0.50,0.40
2008.05.12 11:53:30.250,1.0343,1.03465,0.50,0.20
2008.05.12 11:53:30.811,1.0343,1.03465,0.80,0.20
2008.05.12 11:53:32.877,1.0343,1.0346,0.50,0.20
2008.05.12 11:53:34.121,1.0343,1.03465,0.80,0.20
2008.05.12 11:53:34.290,1.0344,1.03465,0.40,0.20
2008.05.12 11:53:35.157,1.0344,1.0346,0.40,0.20
2008.05.12 11:53:35.268,1.0343,1.0346,0.50,0.20
2008.05.12 11:53:35.490,1.0343,1.0346,0.40,0.20
2008.05.12 11:53:44.194,1.0343,1.03455,0.40,0.20
2008.05.12 11:53:50.608,1.0344,1.03455,0.40,0.20
2008.05.12 11:53:50.633,1.0344,1.0347,0.40,0.20
2008.05.12 11:53:50.973,1.0344,1.03465,0.40,0.20
2008.05.12 11:53:51.284,1.0344,1.0346,0.40,0.20
2008.05.12 11:53:53.938,1.0344,1.0347,0.40,0.20
2008.05.12 11:53:54.366,1.0344,1.03465,0.40,0.20
2008.05.12 11:53:54.465,1.0344,1.0346,0.40,0.20
2008.05.12 11:54:03.490,1.0344,1.0347,0.40,0.20
2008.05.12 11:54:03.748,1.0344,1.03465,0.40,0.20
2008.05.12 11:54:04.008,1.0344,1.0347,0.40,0.20
2008.05.12 11:54:04.314,1.0344,1.0347,0.40,0.40
2008.05.12 11:54:04.474,1.0344,1.03465,0.40,0.20
2008.05.12 11:54:06.404,1.0344,1.0347,0.40,0.40
2008.05.12 11:54:06.913,1.0344,1.03465,0.40,0.20
2008.05.12 11:54:08.918,1.0344,1.0346,0.40,0.20
2008.05.12 11:54:10.126,1.0344,1.03465,0.40,0.20
2008.05.12 11:54:12.628,1.0344,1.0346,0.40,0.20
2008.05.12 11:54:16.134,1.0344,1.0345,0.40,0.20
2008.05.12 11:54:16.352,1.0342,1.0345,0.50,0.20
2008.05.12 11:54:16.669,1.0342,1.03455,0.80,0.20
2008.05.12 11:54:16.823,1.0343,1.03455,0.40,0.20
2008.05.12 11:54:17.639,1.0343,1.0345,0.40,0.20
2008.05.12 11:54:18.411,1.0343,1.0346,0.40,0.40
2008.05.12 11:54:18.694,1.0343,1.0346,0.40,0.20
2008.05.12 11:54:21.256,1.0343,1.03455,0.40,0.20
2008.05.12 11:54:21.965,1.0343,1.03455,0.40,0.40
2008.05.12 11:54:22.521,1.0343,1.03455,0.40,0.20
2008.05.12 11:54:24.427,1.0343,1.03455,0.40,0.40
2008.05.12 11:54:25.396,1.0343,1.03455,0.40,0.20
2008.05.12 11:54:26.193,1.0343,1.0345,0.40,0.20
2008.05.12 11:54:26.348,1.03415,1.03445,0.30,0.20
2008.05.12 11:54:26.502,1.0341,1.03445,0.50,0.40
2008.05.12 11:54:26.657,1.03415,1.03445,0.30,0.20
2008.05.12 11:54:26.811,1.0342,1.0345,0.40,0.40
2008.05.12 11:54:26.966,1.0342,1.0345,0.50,0.20
2008.05.12 11:54:27.130,1.0342,1.03455,0.50,0.40
2008.05.12 11:54:27.296,1.0342,1.0345,0.40,0.20
2008.05.12 11:54:27.624,1.0342,1.03455,0.50,0.40
2008.05.12 11:54:27.961,1.0342,1.0345,0.40,0.20
2008.05.12 11:54:28.187,1.0342,1.03455,0.50,0.40
2008.05.12 11:54:28.620,1.0342,1.03455,0.50,0.20
2008.05.12 11:54:34.342,1.0342,1.03455,0.50,0.40
2008.05.12 11:54:37.088,1.0342,1.03455,0.50,0.20
2008.05.12 11:54:37.311,1.0342,1.0345,0.40,0.20
2008.05.12 11:54:41.529,1.0342,1.0345,0.40,0.40
2008.05.12 11:54:41.984,1.0342,1.0345,0.40,0.20
2008.05.12 11:54:46.642,1.0342,1.03445,0.40,0.20
2008.05.12 11:54:49.138,1.0342,1.0345,0.40,0.20
2008.05.12 11:54:54.837,1.0342,1.03455,0.50,0.40
2008.05.12 11:54:55.078,1.0342,1.03455,0.50,0.20
2008.05.12 11:54:55.343,1.0342,1.0345,0.40,0.20
2008.05.12 11:55:24.912,1.0342,1.03445,0.40,0.20
2008.05.12 11:55:25.317,1.0342,1.0345,0.40,2.50
2008.05.12 11:55:25.590,1.0342,1.0345,0.40,0.20
2008.05.12 11:55:27.820,1.0342,1.03455,0.50,0.20
2008.05.12 11:55:28.211,1.0342,1.03455,0.80,0.20
2008.05.12 11:55:36.430,1.0342,1.0345,0.50,0.20
2008.05.12 11:55:40.050,1.0342,1.0345,0.40,0.20
2008.05.12 11:55:46.066,1.0342,1.0345,0.50,0.20
2008.05.12 11:55:50.433,1.0342,1.0344,0.50,0.20
2008.05.12 11:55:50.537,1.0342,1.0344,0.30,0.20
2008.05.12 11:55:50.600,1.0341,1.0344,0.50,0.20
2008.05.12 11:55:50.648,1.0341,1.03445,0.80,0.20
2008.05.12 11:55:50.965,1.03415,1.0345,0.30,0.20
2008.05.12 11:55:51.295,1.0341,1.03445,0.50,0.20
2008.05.12 11:55:51.623,1.03405,1.0344,0.30,0.20
2008.05.12 11:55:54.371,1.03415,1.0345,0.30,0.40
2008.05.12 11:55:54.584,1.0342,1.0345,0.40,0.40
2008.05.12 11:56:02.503,1.0342,1.03445,0.40,0.20
2008.05.12 11:56:04.183,1.0342,1.0345,0.40,0.40
2008.05.12 11:56:04.516,1.0342,1.0345,0.50,0.20
2008.05.12 11:56:04.681,1.0342,1.0345,0.40,0.40
2008.05.12 11:56:04.741,1.0342,1.0345,0.40,0.20
2008.05.12 11:56:07.064,1.0342,1.03445,0.40,0.20
2008.05.12 11:56:27.685,1.0342,1.0344,0.40,0.20
2008.05.12 11:56:27.891,1.0342,1.03445,0.40,0.20
2008.05.12 11:56:28.188,1.0342,1.0344,0.40,0.20
2008.05.12 11:56:28.603,1.0342,1.03445,0.40,0.40
2008.05.12 11:56:28.865,1.0342,1.03445,0.40,0.20
2008.05.12 11:56:40.016,1.0342,1.0345,0.40,0.40
2008.05.12 11:56:40.127,1.0342,1.03445,0.40,0.20
2008.05.12 11:56:42.597,1.0342,1.0345,0.40,0.20
2008.05.12 11:56:44.048,1.0342,1.03455,0.50,0.20
2008.05.12 11:56:44.219,1.0342,1.03455,0.80,0.20
2008.05.12 11:56:44.884,1.03425,1.0346,0.30,0.20
2008.05.12 11:56:44.938,1.03425,1.0346,0.60,0.20
2008.05.12 11:56:45.052,1.0343,1.0346,0.40,0.20
2008.05.12 11:56:45.106,1.0343,1.03465,0.50,0.40
2008.05.12 11:56:45.267,1.0343,1.03465,0.50,0.20
2008.05.12 11:56:45.452,1.0343,1.0346,0.40,0.20
2008.05.12 11:56:49.033,1.0343,1.03455,0.40,0.20
2008.05.12 11:56:51.531,1.0343,1.0345,0.40,0.20
2008.05.12 11:56:52.200,1.0343,1.03455,0.40,0.20
2008.05.12 11:56:52.373,1.0343,1.0345,0.40,0.20
2008.05.12 11:56:52.749,1.0343,1.03455,0.40,0.20
2008.05.12 11:56:52.937,1.0343,1.0345,0.40,0.20
2008.05.12 11:56:53.032,1.0343,1.03455,0.40,0.20
2008.05.12 11:56:53.611,1.0343,1.0345,0.40,0.20
2008.05.12 11:56:59.000,1.0343,1.03445,0.40,0.20
2008.05.12 11:57:01.490,1.0343,1.0345,0.40,0.20
2008.05.12 11:57:03.396,1.0342,1.0345,0.40,0.20
2008.05.12 11:57:04.191,1.0342,1.03445,0.40,0.20
2008.05.12 11:57:05.645,1.0342,1.0345,0.40,0.20
2008.05.12 11:57:07.608,1.0342,1.03435,0.40,0.20
2008.05.12 11:57:07.919,1.03405,1.03435,0.30,0.20
2008.05.12 11:57:07.992,1.034,1.03435,2.40,0.20
2008.05.12 11:57:08.175,1.0341,1.03445,0.30,0.20
2008.05.12 11:57:08.249,1.0341,1.03445,0.60,0.20
2008.05.12 11:57:08.324,1.0341,1.03445,0.80,0.20
2008.05.12 11:57:08.595,1.03415,1.0345,0.30,0.40
2008.05.12 11:57:08.743,1.03415,1.0345,0.30,0.20
2008.05.12 11:57:11.324,1.03415,1.0345,0.60,0.20
2008.05.12 11:57:16.122,1.03415,1.03445,0.30,0.20
2008.05.12 11:57:16.159,1.0341,1.03445,3.20,0.20
2008.05.12 11:57:16.374,1.0341,1.03445,0.80,0.20
2008.05.12 11:57:16.485,1.0341,1.0344,0.50,0.20
2008.05.12 11:57:16.594,1.0341,1.0344,0.40,0.20
2008.05.12 11:57:16.714,1.0341,1.03445,0.50,0.20
2008.05.12 11:57:19.632,1.03415,1.03445,0.30,0.20
2008.05.12 11:57:19.782,1.03415,1.0345,0.60,0.20
2008.05.12 11:57:59.160,1.0341,1.0344,2.90,0.20
2008.05.12 11:57:59.242,1.0341,1.0344,0.30,0.20
2008.05.12 11:57:59.441,1.03405,1.0344,0.60,0.20
2008.05.12 11:58:02.054,1.0341,1.03445,0.30,0.20
2008.05.12 11:58:02.156,1.03405,1.03435,0.30,0.20
2008.05.12 11:58:02.185,1.0341,1.03435,0.30,0.20
2008.05.12 11:58:02.404,1.03405,1.03435,0.30,0.20
2008.05.12 11:58:04.862,1.03405,1.0344,0.60,0.20
2008.05.12 11:58:04.973,1.0341,1.0344,0.40,0.20
2008.05.12 11:58:08.281,1.0341,1.03435,0.40,0.20
2008.05.12 11:58:10.669,1.0341,1.0343,0.40,0.20
2008.05.12 11:58:10.752,1.034,1.0343,0.30,0.20
2008.05.12 11:58:10.969,1.03395,1.0343,0.60,0.20
2008.05.12 11:58:17.720,1.034,1.03435,0.30,0.20
2008.05.12 11:58:17.942,1.034,1.03435,0.60,0.20
2008.05.12 11:58:23.848,1.03405,1.0344,0.30,0.20
2008.05.12 11:58:24.599,1.03405,1.0344,0.60,0.20
2008.05.12 11:58:25.277,1.03405,1.03435,0.30,0.20
2008.05.12 11:58:25.467,1.03405,1.0344,0.60,0.20
2008.05.12 11:58:26.046,1.0341,1.03445,0.60,0.20
2008.05.12 11:58:26.656,1.0341,1.0344,0.30,0.20
2008.05.12 11:58:27.076,1.0341,1.03445,0.60,0.20
2008.05.12 11:58:28.471,1.0341,1.03445,0.80,0.20
2008.05.12 11:58:28.714,1.03415,1.0345,0.30,0.50
2008.05.12 11:58:28.951,1.03415,1.0345,0.60,0.50
2008.05.12 11:58:29.279,1.03415,1.03445,0.30,0.20
2008.05.12 11:58:29.614,1.0341,1.03445,0.80,0.20
2008.05.12 11:58:29.780,1.0341,1.03445,3.20,0.20
2008.05.12 11:58:36.410,1.0341,1.03435,2.90,0.20
2008.05.12 11:58:36.491,1.0341,1.03435,0.50,0.20
2008.05.12 11:58:36.521,1.0341,1.03435,0.40,0.20
2008.05.12 11:58:36.722,1.0341,1.0344,0.40,0.20
2008.05.12 11:58:37.084,1.0341,1.0344,0.50,0.20
2008.05.12 11:58:39.909,1.0341,1.03445,0.80,0.20
2008.05.12 11:58:40.002,1.0341,1.03445,3.20,0.20
2008.05.12 11:58:41.161,1.0341,1.0344,2.90,0.20
2008.05.12 11:58:41.350,1.0341,1.0344,0.50,0.20
2008.05.12 11:58:41.539,1.0341,1.03445,0.80,0.20
2008.05.12 11:58:41.999,1.0341,1.0344,0.50,0.20
2008.05.12 11:58:46.164,1.0341,1.0344,0.40,0.20
2008.05.12 11:58:49.234,1.0341,1.03435,0.40,0.20
2008.05.12 11:58:49.334,1.0341,1.0344,0.40,0.20
2008.05.12 11:59:07.934,1.0341,1.03445,0.50,0.20
2008.05.12 11:59:08.458,1.03415,1.0345,0.30,0.70
2008.05.12 11:59:10.522,1.0341,1.03445,0.50,0.20
2008.05.12 11:59:14.673,1.03415,1.0345,0.30,0.70
2008.05.12 11:59:19.753,1.0341,1.03445,3.20,0.20
2008.05.12 11:59:19.986,1.0341,1.03445,2.90,0.20
2008.05.12 11:59:22.345,1.0341,1.0344,2.70,0.20
2008.05.12 11:59:22.452,1.0341,1.0344,0.40,0.20
2008.05.12 11:59:27.339,1.0341,1.03445,0.50,0.20
2008.05.12 11:59:27.473,1.0341,1.03445,0.80,0.20
2008.05.12 11:59:28.542,1.0341,1.03445,0.50,0.20
2008.05.12 11:59:31.163,1.0341,1.0344,0.40,0.20
2008.05.12 11:59:35.947,1.0341,1.03445,0.50,0.20
2008.05.12 11:59:44.954,1.0341,1.0344,0.40,0.20
2008.05.12 11:59:45.088,1.03405,1.0344,0.60,0.20
2008.05.12 11:59:50.868,1.03405,1.03435,0.30,0.20
2008.05.12 11:59:51.115,1.034,1.03435,0.60,0.20
2008.05.12 11:59:51.558,1.034,1.03435,0.30,0.20
2008.05.12 11:59:57.474,1.03395,1.0343,0.60,0.20
