2016.11.18 12:00:00.359,0.81597,0.81605,1.00,1.00
2016.11.18 12:00:00.924,0.81595,0.81605,1.00,1.00
2016.11.18 12:00:01.177,0.81593,0.81602,1.12,1.00
2016.11.18 12:00:01.741,0.81593,0.81601,1.00,1.00
2016.11.18 12:00:02.085,0.81593,0.81603,1.00,1.00
2016.11.18 12:00:02.589,0.81594,0.81603,1.00,1.00
2016.11.18 12:00:03.107,0.81595,0.81603,1.00,1.00
2016.11.18 12:00:04.087,0.81595,0.81604,1.00,1.50
2016.11.18 12:00:04.340,0.81596,0.81606,1.00,1.50
2016.11.18 12:00:05.020,0.81597,0.81606,1.00,1.50
2016.11.18 12:00:05.369,0.81598,0.81608,1.00,1.50
2016.11.18 12:00:07.275,0.816,0.81609,1.00,1.87
2016.11.18 12:00:09.066,0.81598,0.81608,1.50,1.00
2016.11.18 12:00:09.521,0.81598,0.81606,1.00,1.00
2016.11.18 12:00:10.950,0.81596,0.81606,1.12,1.50
2016.11.18 12:00:11.528,0.81595,0.81605,1.50,1.00
2016.11.18 12:00:12.189,0.81596,0.81604,1.00,1.00
2016.11.18 12:00:12.777,0.81595,0.81604,1.00,1.00
2016.11.18 12:00:14.104,0.81595,0.81605,1.00,1.87
2016.11.18 12:00:14.205,0.81597,0.81606,1.00,2.25
2016.11.18 12:00:14.407,0.81599,0.81608,1.00,1.87
2016.11.18 12:00:14.620,0.81601,0.8161,1.00,1.12
2016.11.18 12:00:15.075,0.81602,0.81612,1.50,1.87
2016.11.18 12:00:15.177,0.81602,0.81612,1.75,1.50
2016.11.18 12:00:15.683,0.81603,0.81611,1.00,1.50
2016.11.18 12:00:16.232,0.81601,0.81611,1.50,1.50
2016.11.18 12:00:16.535,0.81599,0.81609,2.25,1.50
2016.11.18 12:00:17.044,0.816,0.81609,1.00,1.50
2016.11.18 12:00:17.549,0.81599,0.81609,1.12,1.50
2016.11.18 12:00:18.791,0.81599,0.81608,1.12,1.00
2016.11.18 12:00:19.772,0.81599,0.81607,1.12,1.00
2016.11.18 12:00:20.394,0.816,0.81607,1.00,1.00
2016.11.18 12:00:21.593,0.81599,0.81607,1.12,1.00
2016.11.18 12:00:22.592,0.816,0.81607,1.00,1.00
2016.11.18 12:00:23.522,0.81598,0.81607,2.25,1.00
2016.11.18 12:00:24.359,0.81599,0.8161,1.12,2.25
2016.11.18 12:00:24.612,0.81599,0.81608,1.87,1.00
2016.11.18 12:00:25.117,0.816,0.81607,1.00,1.00
2016.11.18 12:00:25.646,0.816,0.81608,1.00,1.12
2016.11.18 12:00:26.747,0.81599,0.81609,1.00,2.25
2016.11.18 12:00:27.050,0.81601,0.81609,1.00,1.50
2016.11.18 12:00:28.031,0.816,0.81609,1.12,1.50
2016.11.18 12:00:28.393,0.816,0.81607,1.50,1.00
2016.11.18 12:00:28.898,0.816,0.81607,1.00,1.00
2016.11.18 12:00:29.412,0.81599,0.81607,1.12,1.00
2016.11.18 12:00:29.917,0.81598,0.81607,1.87,1.00
2016.11.18 12:00:30.562,0.81598,0.81608,1.12,1.87
2016.11.18 12:00:30.903,0.816,0.81607,1.00,1.00
2016.11.18 12:00:31.689,0.81598,0.81607,1.12,1.50
2016.11.18 12:00:32.195,0.81599,0.81608,1.00,1.50
2016.11.18 12:00:34.528,0.816,0.81609,1.00,1.00
2016.11.18 12:00:34.580,0.81602,0.81611,1.00,1.50
2016.11.18 12:00:34.916,0.81605,0.81614,1.00,1.00
2016.11.18 12:00:35.581,0.81605,0.81615,1.00,1.50
2016.11.18 12:00:36.074,0.81605,0.81613,1.12,1.00
2016.11.18 12:00:37.581,0.81606,0.81613,1.00,1.00
2016.11.18 12:00:38.173,0.81606,0.81615,1.00,1.87
2016.11.18 12:00:38.275,0.81608,0.81615,1.00,1.12
2016.11.18 12:00:38.427,0.8161,0.81618,1.00,1.87
2016.11.18 12:00:38.656,0.81607,0.81616,2.25,1.50
2016.11.18 12:00:38.709,0.81607,0.81615,1.50,1.00
2016.11.18 12:00:38.911,0.81605,0.81613,1.37,1.00
2016.11.18 12:00:39.416,0.81607,0.81614,1.00,1.00
2016.11.18 12:00:39.966,0.81607,0.81615,1.00,1.50
2016.11.18 12:00:40.474,0.81606,0.81614,1.00,1.00
2016.11.18 12:00:40.832,0.81606,0.81616,1.50,1.50
2016.11.18 12:00:41.674,0.81607,0.81616,1.00,1.50
2016.11.18 12:00:42.191,0.81608,0.81618,1.12,1.50
2016.11.18 12:00:42.736,0.81608,0.81617,2.25,1.00
2016.11.18 12:00:42.888,0.8161,0.81617,1.00,1.00
2016.11.18 12:00:43.606,0.8161,0.81618,1.00,1.50
2016.11.18 12:00:44.790,0.8161,0.81617,1.00,1.00
2016.11.18 12:00:45.516,0.81614,0.8162,1.00,1.37
2016.11.18 12:00:45.618,0.81615,0.81622,1.00,1.00
2016.11.18 12:00:45.746,0.81615,0.81625,1.00,1.87
2016.11.18 12:00:46.251,0.81614,0.81623,1.12,1.00
2016.11.18 12:00:46.782,0.81613,0.81622,4.12,1.00
2016.11.18 12:00:47.295,0.81614,0.81624,1.00,1.00
2016.11.18 12:00:47.848,0.81615,0.81623,1.00,1.00
2016.11.18 12:00:48.101,0.81618,0.81626,1.00,1.00
2016.11.18 12:00:48.666,0.81618,0.81627,1.00,1.50
2016.11.18 12:00:48.970,0.81617,0.81625,1.00,1.00
2016.11.18 12:00:49.394,0.81617,0.81627,1.00,1.87
2016.11.18 12:00:51.670,0.81617,0.81626,1.00,1.00
2016.11.18 12:00:52.613,0.81616,0.81626,1.12,1.00
2016.11.18 12:00:52.664,0.81619,0.81629,1.00,2.25
2016.11.18 12:00:52.816,0.81621,0.81631,1.00,2.25
2016.11.18 12:00:52.917,0.81623,0.81632,1.00,1.50
2016.11.18 12:00:53.221,0.81627,0.81635,1.00,1.00
2016.11.18 12:00:53.909,0.81624,0.81633,1.00,1.00
2016.11.18 12:00:54.515,0.81625,0.81635,1.00,1.37
2016.11.18 12:00:54.618,0.81627,0.81637,1.00,1.87
2016.11.18 12:00:54.821,0.81628,0.81638,1.12,1.50
2016.11.18 12:00:55.101,0.81627,0.81636,1.12,1.00
2016.11.18 12:00:55.457,0.81624,0.81635,1.50,1.00
2016.11.18 12:00:55.966,0.81624,0.81634,1.87,1.00
2016.11.18 12:00:56.907,0.81623,0.81632,3.00,1.00
2016.11.18 12:00:57.009,0.81622,0.81631,1.12,1.00
2016.11.18 12:00:57.363,0.81623,0.81634,1.50,1.00
2016.11.18 12:00:57.515,0.81625,0.81635,1.00,1.12
2016.11.18 12:00:57.818,0.81628,0.81639,1.87,1.00
2016.11.18 12:00:57.869,0.81633,0.81642,1.00,1.50
2016.11.18 12:00:58.211,0.81636,0.81646,1.00,1.00
2016.11.18 12:00:58.717,0.81636,0.81645,1.00,1.00
2016.11.18 12:00:59.733,0.81635,0.81645,1.12,1.00
2016.11.18 12:00:59.784,0.81635,0.8164,1.12,1.00
2016.11.18 12:01:00.118,0.81626,0.81634,2.25,1.00
2016.11.18 12:01:00.169,0.81625,0.81634,1.50,1.00
2016.11.18 12:01:00.322,0.81625,0.81636,1.87,1.00
2016.11.18 12:01:00.574,0.81626,0.81638,1.50,1.00
2016.11.18 12:01:00.828,0.81627,0.81638,3.00,1.00
2016.11.18 12:01:00.979,0.81628,0.8164,2.25,1.00
2016.11.18 12:01:01.296,0.81629,0.81638,1.00,1.00
2016.11.18 12:01:01.826,0.81628,0.81638,1.50,1.00
2016.11.18 12:01:02.130,0.81633,0.81642,1.50,1.00
2016.11.18 12:01:02.433,0.81632,0.81636,1.12,1.00
2016.11.18 12:01:02.484,0.81631,0.81636,1.00,1.00
2016.11.18 12:01:02.586,0.81625,0.81636,2.25,1.00
2016.11.18 12:01:02.637,0.81627,0.81638,1.00,1.12
2016.11.18 12:01:02.738,0.81629,0.81639,1.50,1.00
2016.11.18 12:01:03.376,0.81629,0.81639,1.50,1.00
2016.11.18 12:01:04.078,0.81629,0.81639,1.12,1.00
2016.11.18 12:01:04.603,0.81629,0.81639,1.50,1.00
2016.11.18 12:01:05.107,0.8163,0.81639,2.25,1.00
2016.11.18 12:01:05.644,0.81631,0.8164,1.00,1.00
2016.11.18 12:01:06.334,0.81629,0.81634,1.00,1.00
2016.11.18 12:01:06.386,0.81628,0.81637,1.87,1.00
2016.11.18 12:01:06.487,0.81625,0.81635,3.37,1.00
2016.11.18 12:01:06.538,0.81625,0.81635,1.12,1.00
2016.11.18 12:01:07.143,0.81625,0.81635,1.50,1.00
2016.11.18 12:01:07.650,0.81626,0.81636,1.00,1.00
2016.11.18 12:01:08.014,0.81626,0.81634,1.00,1.00
2016.11.18 12:01:08.520,0.81625,0.81633,1.00,1.00
2016.11.18 12:01:09.035,0.81625,0.81634,1.00,1.00
2016.11.18 12:01:10.303,0.81627,0.81636,1.00,1.12
2016.11.18 12:01:10.619,0.81631,0.8164,1.00,2.25
2016.11.18 12:01:10.670,0.81634,0.81642,1.00,1.12
2016.11.18 12:01:10.872,0.81636,0.81645,1.00,1.37
2016.11.18 12:01:11.412,0.81637,0.81645,1.00,1.00
2016.11.18 12:01:11.934,0.81637,0.81646,1.00,1.12
2016.11.18 12:01:12.763,0.81636,0.81646,1.00,1.87
2016.11.18 12:01:12.864,0.81634,0.81645,1.50,1.12
2016.11.18 12:01:13.223,0.81634,0.81643,1.00,1.50
2016.11.18 12:01:13.274,0.81632,0.81643,1.12,1.50
2016.11.18 12:01:13.526,0.8163,0.8164,1.00,1.00
2016.11.18 12:01:13.866,0.81626,0.81635,1.00,1.50
2016.11.18 12:01:14.069,0.81626,0.81635,1.00,1.12
2016.11.18 12:01:14.322,0.81623,0.81633,1.00,1.00
2016.11.18 12:01:14.871,0.81622,0.81633,1.00,1.50
2016.11.18 12:01:15.203,0.81624,0.81634,1.00,4.12
2016.11.18 12:01:15.405,0.81624,0.81635,1.00,3.75
2016.11.18 12:01:15.667,0.81622,0.81632,1.00,1.50
2016.11.18 12:01:16.664,0.81622,0.81632,1.00,1.12
2016.11.18 12:01:17.204,0.81623,0.81633,1.00,1.12
2016.11.18 12:01:17.721,0.81622,0.81633,1.00,1.12
2016.11.18 12:01:18.388,0.81622,0.81633,1.00,1.50
2016.11.18 12:01:18.913,0.81619,0.81629,1.12,1.00
2016.11.18 12:01:19.512,0.81618,0.81628,1.00,1.50
2016.11.18 12:01:19.832,0.81619,0.8163,1.50,1.12
2016.11.18 12:01:20.311,0.81621,0.81631,1.00,1.50
2016.11.18 12:01:20.847,0.8162,0.81631,1.50,1.50
2016.11.18 12:01:21.374,0.8162,0.81629,1.00,1.12
2016.11.18 12:01:21.766,0.81618,0.81628,1.50,1.00
2016.11.18 12:01:22.221,0.81616,0.81627,1.87,1.50
2016.11.18 12:01:22.728,0.81617,0.81627,1.00,1.50
2016.11.18 12:01:22.981,0.81618,0.81629,1.00,1.50
2016.11.18 12:01:23.490,0.81619,0.81629,1.00,1.50
2016.11.18 12:01:23.641,0.81617,0.81627,1.50,1.00
2016.11.18 12:01:23.742,0.81619,0.81627,1.00,1.50
2016.11.18 12:01:23.995,0.81619,0.81628,1.00,1.50
2016.11.18 12:01:25.525,0.8162,0.81629,1.00,1.50
2016.11.18 12:01:26.034,0.8162,0.81629,1.50,1.37
2016.11.18 12:01:26.136,0.81624,0.81631,1.00,2.62
2016.11.18 12:01:26.189,0.81625,0.81631,1.00,2.62
2016.11.18 12:01:26.240,0.81626,0.81631,1.50,2.25
2016.11.18 12:01:26.291,0.81628,0.81632,1.00,1.00
2016.11.18 12:01:26.392,0.81628,0.81637,1.00,1.00
2016.11.18 12:01:27.422,0.81627,0.81638,1.00,1.50
2016.11.18 12:01:27.625,0.81626,0.81636,1.00,1.50
2016.11.18 12:01:31.314,0.81626,0.81635,1.00,1.37
2016.11.18 12:01:33.387,0.81626,0.81633,1.00,1.00
2016.11.18 12:01:33.438,0.81624,0.81633,1.87,1.00
2016.11.18 12:01:33.956,0.81624,0.81632,1.87,1.00
2016.11.18 12:01:35.364,0.81625,0.81632,1.00,1.00
2016.11.18 12:01:35.770,0.81626,0.81635,1.50,1.00
2016.11.18 12:01:36.721,0.81627,0.81635,1.00,1.00
2016.11.18 12:01:39.216,0.81626,0.81634,1.00,1.00
2016.11.18 12:01:39.756,0.81624,0.81633,1.12,1.00
2016.11.18 12:01:41.872,0.81625,0.81634,1.00,1.00
2016.11.18 12:01:42.428,0.81625,0.81635,1.87,1.12
2016.11.18 12:01:43.952,0.81625,0.81634,1.50,1.00
2016.11.18 12:01:44.561,0.81625,0.81635,1.50,1.12
2016.11.18 12:01:45.209,0.81625,0.81634,1.00,1.12
2016.11.18 12:01:45.260,0.81623,0.8163,1.00,1.00
2016.11.18 12:01:45.564,0.81617,0.81627,1.50,1.12
2016.11.18 12:01:46.109,0.81617,0.81627,1.00,2.62
2016.11.18 12:01:46.971,0.8162,0.81628,1.00,3.00
2016.11.18 12:01:47.023,0.8162,0.81627,1.00,1.00
2016.11.18 12:01:47.276,0.8162,0.81629,1.00,1.00
2016.11.18 12:01:47.877,0.81621,0.8163,1.00,1.12
2016.11.18 12:01:48.849,0.81621,0.81631,1.50,1.00
2016.11.18 12:01:51.676,0.81622,0.81631,1.00,1.00
2016.11.18 12:01:51.936,0.81622,0.81629,1.00,1.00
2016.11.18 12:01:52.937,0.81621,0.81631,1.50,1.00
2016.11.18 12:01:53.089,0.81623,0.81633,1.50,2.25
2016.11.18 12:01:53.561,0.81624,0.81634,1.87,1.00
2016.11.18 12:01:55.656,0.81626,0.81633,1.00,1.00
2016.11.18 12:01:56.182,0.81628,0.81636,1.00,1.87
2016.11.18 12:01:56.283,0.81626,0.81635,1.87,1.00
2016.11.18 12:01:56.385,0.81626,0.81637,1.12,2.25
2016.11.18 12:01:56.436,0.81628,0.81637,1.00,2.25
2016.11.18 12:01:56.748,0.8163,0.81637,1.00,1.00
2016.11.18 12:01:56.900,0.8163,0.81639,1.00,1.12
2016.11.18 12:01:56.951,0.81633,0.8164,1.00,1.12
2016.11.18 12:01:57.053,0.81633,0.81642,1.00,1.00
2016.11.18 12:01:57.508,0.81634,0.81644,1.00,1.50
2016.11.18 12:01:57.710,0.81634,0.81642,1.00,1.00
2016.11.18 12:01:59.410,0.81633,0.81642,1.00,1.00
2016.11.18 12:01:59.512,0.81634,0.81644,1.00,1.12
2016.11.18 12:01:59.664,0.81636,0.81644,1.00,1.00
2016.11.18 12:01:59.970,0.81634,0.81642,1.12,1.50
2016.11.18 12:02:00.430,0.81632,0.8164,1.87,1.00
2016.11.18 12:02:01.640,0.81633,0.81641,1.87,1.50
2016.11.18 12:02:02.135,0.81635,0.81641,1.00,1.00
2016.11.18 12:02:02.702,0.81634,0.81642,1.00,1.00
2016.11.18 12:02:03.053,0.81637,0.81643,1.00,1.00
2016.11.18 12:02:03.204,0.81638,0.81646,1.00,1.12
2016.11.18 12:02:03.974,0.81638,0.81647,1.00,1.00
2016.11.18 12:02:04.177,0.81641,0.81647,1.00,1.00
2016.11.18 12:02:04.481,0.81639,0.81648,1.00,1.50
2016.11.18 12:02:05.088,0.8164,0.81649,1.00,1.37
2016.11.18 12:02:05.443,0.81639,0.81646,1.00,1.00
2016.11.18 12:02:06.356,0.81637,0.81646,1.00,1.00
2016.11.18 12:02:06.879,0.81637,0.81645,1.00,1.00
2016.11.18 12:02:07.400,0.81636,0.81645,1.00,1.00
2016.11.18 12:02:08.059,0.81635,0.81646,1.50,1.50
2016.11.18 12:02:08.359,0.81638,0.81645,1.00,1.00
2016.11.18 12:02:09.056,0.81636,0.81645,1.00,1.00
2016.11.18 12:02:09.107,0.81634,0.81644,1.00,1.75
2016.11.18 12:02:09.259,0.81632,0.81641,2.25,1.12
2016.11.18 12:02:09.396,0.8163,0.8164,1.87,1.50
2016.11.18 12:02:09.700,0.81626,0.81635,1.87,1.50
2016.11.18 12:02:10.476,0.81627,0.81636,1.00,1.75
2016.11.18 12:02:11.093,0.81628,0.81636,2.25,1.37
2016.11.18 12:02:11.194,0.81628,0.81637,2.25,1.00
2016.11.18 12:02:11.499,0.81627,0.81638,1.12,2.25
2016.11.18 12:02:11.903,0.81625,0.81635,1.50,1.50
2016.11.18 12:02:12.362,0.81627,0.81637,1.00,3.37
2016.11.18 12:02:12.698,0.81633,0.81639,1.00,1.00
2016.11.18 12:02:13.202,0.81634,0.8164,1.00,1.00
2016.11.18 12:02:13.658,0.81636,0.8164,1.00,1.00
2016.11.18 12:02:14.197,0.81635,0.81639,1.00,1.00
2016.11.18 12:02:15.109,0.81634,0.81638,1.00,1.00
2016.11.18 12:02:15.363,0.81633,0.81638,1.00,1.00
2016.11.18 12:02:17.137,0.81633,0.81639,1.00,1.00
2016.11.18 12:02:17.679,0.81634,0.8164,1.00,1.00
2016.11.18 12:02:17.788,0.81632,0.8164,1.00,1.00
2016.11.18 12:02:18.827,0.81634,0.8164,1.00,1.00
2016.11.18 12:02:19.581,0.81632,0.8164,1.50,1.00
2016.11.18 12:02:19.682,0.81634,0.8164,1.00,1.00
2016.11.18 12:02:20.187,0.81634,0.81641,1.00,1.00
2016.11.18 12:02:22.160,0.81633,0.81641,1.00,1.00
2016.11.18 12:02:22.675,0.81633,0.8164,1.00,1.00
2016.11.18 12:02:23.886,0.81631,0.81636,3.00,1.00
2016.11.18 12:02:23.937,0.81631,0.81637,2.25,1.00
2016.11.18 12:02:24.140,0.8163,0.81635,1.00,1.00
2016.11.18 12:02:25.371,0.8163,0.81637,1.00,1.00
2016.11.18 12:02:25.835,0.8163,0.81635,1.00,1.00
2016.11.18 12:02:26.317,0.81628,0.81633,1.12,1.00
2016.11.18 12:02:26.569,0.81626,0.81633,1.00,1.00
2016.11.18 12:02:27.087,0.81626,0.81632,1.00,1.00
2016.11.18 12:02:27.621,0.81625,0.81632,1.00,1.00
2016.11.18 12:02:28.164,0.81626,0.81631,1.00,1.00
2016.11.18 12:02:28.669,0.81625,0.81632,1.00,1.00
2016.11.18 12:02:28.892,0.81625,0.8163,1.00,1.00
2016.11.18 12:02:29.397,0.81625,0.81631,1.00,1.00
2016.11.18 12:02:29.698,0.81626,0.81633,1.00,1.12
2016.11.18 12:02:29.749,0.81624,0.81631,1.50,1.00
2016.11.18 12:02:30.406,0.81624,0.8163,1.00,1.00
2016.11.18 12:02:31.857,0.81623,0.81629,1.00,1.00
2016.11.18 12:02:33.044,0.81622,0.81629,1.87,1.00
2016.11.18 12:02:36.777,0.81623,0.81629,1.00,1.00
2016.11.18 12:02:37.305,0.81623,0.8163,1.00,1.50
2016.11.18 12:02:37.817,0.81622,0.8163,1.12,1.00
2016.11.18 12:02:38.975,0.81623,0.8163,1.00,1.00
2016.11.18 12:02:39.278,0.81621,0.81627,1.37,1.00
2016.11.18 12:02:39.383,0.81619,0.81626,1.50,1.00
2016.11.18 12:02:40.024,0.81619,0.81627,1.12,1.00
2016.11.18 12:02:40.524,0.81618,0.81625,1.50,1.00
2016.11.18 12:02:41.565,0.81622,0.81627,1.00,1.00
2016.11.18 12:02:41.691,0.81624,0.81631,1.00,1.00
2016.11.18 12:02:41.893,0.81626,0.81635,1.00,1.50
2016.11.18 12:02:41.944,0.81628,0.81635,1.00,1.50
2016.11.18 12:02:42.511,0.81628,0.81636,1.50,1.00
2016.11.18 12:02:43.045,0.81629,0.81636,1.00,1.00
2016.11.18 12:02:43.298,0.81636,0.81644,1.00,1.00
2016.11.18 12:02:43.681,0.81637,0.81645,3.37,1.00
2016.11.18 12:02:44.680,0.81637,0.81645,1.12,1.00
2016.11.18 12:02:45.516,0.81639,0.81647,1.00,1.00
2016.11.18 12:02:45.668,0.8164,0.81649,1.00,1.00
2016.11.18 12:02:45.820,0.8164,0.81649,1.75,1.00
2016.11.18 12:02:46.024,0.81641,0.81653,1.50,1.50
2016.11.18 12:02:46.074,0.81643,0.81652,1.00,1.00
2016.11.18 12:02:46.378,0.81646,0.81656,1.35,1.50
2016.11.18 12:02:46.711,0.81647,0.81656,1.50,1.65
2016.11.18 12:02:46.965,0.81644,0.81654,1.87,1.00
2016.11.18 12:02:47.066,0.81644,0.81653,2.25,1.00
2016.11.18 12:02:47.319,0.81644,0.81653,1.12,1.00
2016.11.18 12:02:47.521,0.81646,0.81655,1.00,1.40
2016.11.18 12:02:48.037,0.81644,0.81654,1.87,1.00
2016.11.18 12:02:48.544,0.81645,0.81654,1.00,1.00
2016.11.18 12:02:48.595,0.81646,0.81656,1.00,1.40
2016.11.18 12:02:48.697,0.81648,0.81657,1.00,1.65
2016.11.18 12:02:49.000,0.81651,0.81658,1.00,1.00
2016.11.18 12:02:49.261,0.81648,0.81658,2.25,1.00
2016.11.18 12:02:49.312,0.81647,0.81656,2.62,1.00
2016.11.18 12:02:49.464,0.81645,0.81656,4.87,1.00
2016.11.18 12:02:49.666,0.8165,0.81659,1.50,1.12
2016.11.18 12:02:49.819,0.81652,0.81662,1.00,1.00
2016.11.18 12:02:49.921,0.81656,0.81664,1.00,1.00
2016.11.18 12:02:50.496,0.81654,0.81664,2.25,1.00
2016.11.18 12:02:52.203,0.81654,0.81664,1.50,1.00
2016.11.18 12:02:52.527,0.81654,0.81662,1.00,1.00
2016.11.18 12:02:52.629,0.81652,0.81662,1.12,1.50
2016.11.18 12:02:52.731,0.81654,0.81663,1.00,1.12
2016.11.18 12:02:52.832,0.81655,0.81665,1.50,1.12
2016.11.18 12:02:53.337,0.81656,0.81664,1.00,1.00
2016.11.18 12:02:53.821,0.81654,0.81659,3.00,1.00
2016.11.18 12:02:54.103,0.81645,0.81655,3.00,1.00
2016.11.18 12:02:54.349,0.81649,0.81659,1.37,1.50
2016.11.18 12:02:54.502,0.8165,0.8166,1.12,1.50
2016.11.18 12:02:54.554,0.81653,0.8166,1.00,1.00
2016.11.18 12:02:54.857,0.81653,0.81662,1.00,1.00
2016.11.18 12:02:55.363,0.81652,0.81661,1.37,1.00
2016.11.18 12:02:55.566,0.81655,0.81663,1.00,1.00
2016.11.18 12:02:55.668,0.81652,0.81663,1.50,1.00
2016.11.18 12:02:55.719,0.81654,0.81664,1.00,1.00
2016.11.18 12:02:56.023,0.81656,0.81663,1.12,1.00
2016.11.18 12:02:56.225,0.81652,0.81662,1.12,1.00
2016.11.18 12:02:56.558,0.81654,0.81664,1.00,1.00
2016.11.18 12:02:56.659,0.81652,0.81663,2.25,1.00
2016.11.18 12:02:56.710,0.81652,0.81663,4.50,1.00
2016.11.18 12:02:57.013,0.8165,0.8166,2.25,1.00
2016.11.18 12:02:57.345,0.8165,0.8166,1.12,1.00
2016.11.18 12:02:57.870,0.81651,0.8166,1.00,1.00
2016.11.18 12:02:58.385,0.8165,0.8166,1.50,1.00
2016.11.18 12:02:58.637,0.81649,0.81657,1.75,1.00
2016.11.18 12:02:58.840,0.81646,0.81656,1.75,1.00
2016.11.18 12:02:59.103,0.81645,0.81656,1.12,1.00
2016.11.18 12:02:59.205,0.81647,0.81656,1.00,1.00
2016.11.18 12:02:59.307,0.81648,0.81659,1.00,1.50
2016.11.18 12:02:59.357,0.8165,0.8166,1.00,1.87
2016.11.18 12:02:59.408,0.8165,0.8166,1.50,1.12
2016.11.18 12:02:59.510,0.81654,0.81661,1.00,1.00
2016.11.18 12:03:00.015,0.81654,0.81662,1.00,1.00
2016.11.18 12:03:00.419,0.81652,0.81661,1.00,1.00
2016.11.18 12:03:01.143,0.81652,0.81662,1.00,1.00
2016.11.18 12:03:01.345,0.81653,0.81664,1.00,1.12
2016.11.18 12:03:01.624,0.81653,0.81663,3.37,1.00
2016.11.18 12:03:02.148,0.81655,0.81664,1.12,1.00
2016.11.18 12:03:02.451,0.81664,0.81669,1.00,1.37
2016.11.18 12:03:02.658,0.81664,0.81674,1.12,1.00
2016.11.18 12:03:02.837,0.81663,0.81672,1.50,1.00
2016.11.18 12:03:03.090,0.81664,0.81675,1.12,1.00
2016.11.18 12:03:03.242,0.81666,0.81675,1.00,1.00
2016.11.18 12:03:04.290,0.81666,0.81673,1.00,1.00
2016.11.18 12:03:04.341,0.81663,0.81673,1.50,1.00
2016.11.18 12:03:04.594,0.81664,0.81675,1.50,1.00
2016.11.18 12:03:04.645,0.81667,0.81675,1.00,1.00
2016.11.18 12:03:04.696,0.81668,0.81677,1.50,1.50
2016.11.18 12:03:04.746,0.81673,0.81679,1.00,1.87
2016.11.18 12:03:04.949,0.81669,0.81679,3.00,1.00
2016.11.18 12:03:05.489,0.8167,0.81679,2.25,1.00
2016.11.18 12:03:06.152,0.8167,0.81679,4.87,1.00
2016.11.18 12:03:06.254,0.81671,0.81679,1.00,1.00
2016.11.18 12:03:06.405,0.8167,0.81681,1.87,1.00
2016.11.18 12:03:06.457,0.81674,0.81682,1.00,1.12
2016.11.18 12:03:06.659,0.81676,0.81685,1.00,1.00
2016.11.18 12:03:07.215,0.81676,0.81686,1.12,1.00
2016.11.18 12:03:07.316,0.81678,0.81686,1.00,1.00
2016.11.18 12:03:07.434,0.81676,0.81686,1.12,1.00
2016.11.18 12:03:08.039,0.81677,0.81682,1.00,1.00
2016.11.18 12:03:08.140,0.81675,0.81684,1.50,1.00
2016.11.18 12:03:08.292,0.81677,0.81685,1.00,1.12
2016.11.18 12:03:08.815,0.81678,0.81686,1.00,1.00
2016.11.18 12:03:09.516,0.81677,0.81684,1.87,1.00
2016.11.18 12:03:10.162,0.81677,0.81685,1.00,1.00
2016.11.18 12:03:10.809,0.81677,0.81686,1.50,1.00
2016.11.18 12:03:11.113,0.81681,0.81689,1.00,1.00
2016.11.18 12:03:11.508,0.81682,0.81687,1.00,1.00
2016.11.18 12:03:12.329,0.81678,0.81685,1.00,1.00
2016.11.18 12:03:12.431,0.81677,0.81682,1.12,1.00
2016.11.18 12:03:12.633,0.81672,0.81679,1.37,1.00
2016.11.18 12:03:12.885,0.81672,0.81677,1.00,1.00
2016.11.18 12:03:12.936,0.81672,0.81679,1.00,1.00
2016.11.18 12:03:13.643,0.81671,0.81679,1.00,1.00
2016.11.18 12:03:14.146,0.81672,0.81679,1.00,1.00
2016.11.18 12:03:14.750,0.81669,0.81678,1.87,1.00
2016.11.18 12:03:14.852,0.81668,0.81679,2.25,1.00
2016.11.18 12:03:15.256,0.81669,0.81678,1.50,1.00
2016.11.18 12:03:15.745,0.81672,0.8168,1.00,1.00
2016.11.18 12:03:16.287,0.81675,0.8168,1.00,1.00
2016.11.18 12:03:16.489,0.81682,0.8169,1.00,1.50
2016.11.18 12:03:16.540,0.81682,0.81691,1.00,1.00
2016.11.18 12:03:17.345,0.8168,0.81691,1.12,1.00
2016.11.18 12:03:17.686,0.81679,0.81689,3.00,1.00
2016.11.18 12:03:17.737,0.81682,0.81692,1.00,1.12
2016.11.18 12:03:18.040,0.81685,0.81694,1.00,1.00
2016.11.18 12:03:18.364,0.81685,0.81694,2.25,1.00
2016.11.18 12:03:18.610,0.81689,0.81697,1.00,1.00
2016.11.18 12:03:19.051,0.81687,0.81697,2.25,1.00
2016.11.18 12:03:19.404,0.8169,0.81698,1.00,1.00
2016.11.18 12:03:19.607,0.81692,0.81701,1.00,1.12
2016.11.18 12:03:19.810,0.81692,0.81699,1.00,1.00
2016.11.18 12:03:20.063,0.8169,0.81699,1.12,1.00
2016.11.18 12:03:20.164,0.81692,0.81698,1.12,1.00
2016.11.18 12:03:20.350,0.81688,0.81697,2.62,1.00
2016.11.18 12:03:20.401,0.81687,0.81697,2.25,1.00
2016.11.18 12:03:20.704,0.81687,0.81694,1.50,1.00
2016.11.18 12:03:20.806,0.81687,0.81696,1.00,1.00
2016.11.18 12:03:21.344,0.81688,0.81697,1.12,1.00
2016.11.18 12:03:21.720,0.81687,0.81695,1.12,1.00
2016.11.18 12:03:21.977,0.81684,0.81693,1.00,1.00
2016.11.18 12:03:22.532,0.81684,0.81692,1.00,1.00
2016.11.18 12:03:22.836,0.81684,0.81689,1.00,1.00
2016.11.18 12:03:22.988,0.81682,0.81691,1.00,1.00
2016.11.18 12:03:23.291,0.81682,0.81689,1.12,1.00
2016.11.18 12:03:23.392,0.8168,0.81688,1.50,1.00
2016.11.18 12:03:23.909,0.81679,0.81688,1.00,1.00
2016.11.18 12:03:24.464,0.81678,0.81688,1.87,1.00
2016.11.18 12:03:24.861,0.8168,0.8169,1.37,1.00
2016.11.18 12:03:25.165,0.81679,0.81688,1.50,1.00
2016.11.18 12:03:25.267,0.81679,0.81688,1.50,1.00
2016.11.18 12:03:25.691,0.8168,0.81689,1.37,1.00
2016.11.18 12:03:26.197,0.8168,0.8169,1.50,1.00
2016.11.18 12:03:26.602,0.81682,0.8169,1.37,1.00
2016.11.18 12:03:27.133,0.81682,0.8169,1.00,1.00
2016.11.18 12:03:27.655,0.8168,0.81689,1.87,1.00
2016.11.18 12:03:28.392,0.81682,0.81691,1.00,1.12
2016.11.18 12:03:28.748,0.81688,0.81692,1.00,1.00
2016.11.18 12:03:28.934,0.81683,0.81689,1.00,1.00
2016.11.18 12:03:29.427,0.81682,0.81691,1.50,1.12
2016.11.18 12:03:29.781,0.81683,0.81693,1.00,1.00
2016.11.18 12:03:30.034,0.81685,0.81692,1.00,1.00
2016.11.18 12:03:30.135,0.81685,0.81694,1.00,1.12
2016.11.18 12:03:30.287,0.81688,0.81696,1.00,1.00
2016.11.18 12:03:30.793,0.81687,0.81696,1.50,1.00
2016.11.18 12:03:34.062,0.81688,0.81694,1.00,1.00
2016.11.18 12:03:34.452,0.81687,0.81696,1.87,1.00
2016.11.18 12:03:35.010,0.81688,0.81696,1.00,1.00
2016.11.18 12:03:35.443,0.81687,0.81694,1.12,1.00
2016.11.18 12:03:35.966,0.81687,0.81695,1.50,1.00
2016.11.18 12:03:36.889,0.81688,0.81695,1.00,1.00
2016.11.18 12:03:37.192,0.81683,0.8169,1.12,1.00
2016.11.18 12:03:37.787,0.81683,0.81691,1.00,1.50
2016.11.18 12:03:38.269,0.81682,0.81689,1.87,1.00
2016.11.18 12:03:39.271,0.81682,0.8169,1.50,1.00
2016.11.18 12:03:39.608,0.81688,0.81692,1.00,1.00
2016.11.18 12:03:39.659,0.81682,0.8169,1.50,1.00
2016.11.18 12:03:40.614,0.81682,0.81689,1.12,1.00
2016.11.18 12:03:40.836,0.81679,0.81687,1.50,1.00
2016.11.18 12:03:40.886,0.81679,0.81683,1.00,1.00
2016.11.18 12:03:41.089,0.81677,0.81683,1.00,1.00
2016.11.18 12:03:41.344,0.81677,0.81685,1.00,1.00
2016.11.18 12:03:41.394,0.81682,0.81686,1.00,1.00
2016.11.18 12:03:41.497,0.81677,0.81685,1.87,1.00
2016.11.18 12:03:42.008,0.81677,0.81684,1.87,1.00
2016.11.18 12:03:42.059,0.81677,0.81686,1.87,1.00
2016.11.18 12:03:42.770,0.81683,0.81687,1.00,1.00
2016.11.18 12:03:43.103,0.81677,0.81686,1.50,1.00
2016.11.18 12:03:43.523,0.81679,0.81686,1.00,1.00
2016.11.18 12:03:43.845,0.81683,0.81687,1.00,1.00
2016.11.18 12:03:45.533,0.81682,0.81686,1.00,1.00
2016.11.18 12:03:46.487,0.81678,0.81686,1.12,1.00
2016.11.18 12:03:46.537,0.81678,0.81684,1.12,1.00
2016.11.18 12:03:47.073,0.81677,0.81683,1.50,1.00
2016.11.18 12:03:51.614,0.81677,0.81684,1.50,1.00
2016.11.18 12:03:52.853,0.81677,0.81685,1.87,1.00
2016.11.18 12:03:53.106,0.81678,0.81687,1.50,1.12
2016.11.18 12:03:53.657,0.81679,0.81687,1.00,1.00
2016.11.18 12:03:54.101,0.81682,0.81687,1.00,1.00
2016.11.18 12:03:54.797,0.81682,0.81688,1.00,1.00
2016.11.18 12:03:55.329,0.81682,0.81689,1.00,1.00
2016.11.18 12:03:55.692,0.81683,0.81691,1.00,1.12
2016.11.18 12:03:55.844,0.81686,0.81692,1.00,1.00
2016.11.18 12:03:56.046,0.81687,0.81695,1.00,1.50
2016.11.18 12:03:56.148,0.81689,0.81696,1.00,1.87
2016.11.18 12:03:56.332,0.81689,0.81697,1.00,1.87
2016.11.18 12:03:57.028,0.81689,0.81696,1.00,1.00
2016.11.18 12:03:57.182,0.81688,0.81694,1.00,1.00
2016.11.18 12:03:57.384,0.81685,0.81694,1.50,1.12
2016.11.18 12:03:57.658,0.81683,0.81691,2.25,1.00
2016.11.18 12:03:58.233,0.81683,0.81691,2.25,1.00
2016.11.18 12:03:58.772,0.81684,0.81693,1.00,1.87
2016.11.18 12:03:59.276,0.81683,0.81692,1.50,1.12
2016.11.18 12:04:00.922,0.81683,0.81691,1.50,1.00
2016.11.18 12:04:01.499,0.81683,0.81692,1.50,1.12
2016.11.18 12:04:01.852,0.81682,0.8169,1.50,1.12
2016.11.18 12:04:02.393,0.81682,0.81689,1.50,1.00
2016.11.18 12:04:02.718,0.8168,0.81689,1.35,1.12
2016.11.18 12:04:02.769,0.81679,0.81687,1.00,1.50
2016.11.18 12:04:03.274,0.81678,0.81686,1.50,1.12
2016.11.18 12:04:05.572,0.81678,0.81685,1.00,1.00
2016.11.18 12:04:05.875,0.81678,0.81683,1.00,1.00
2016.11.18 12:04:08.861,0.81678,0.81683,1.00,2.25
2016.11.18 12:04:08.912,0.81673,0.81682,3.37,1.12
2016.11.18 12:04:09.097,0.81677,0.81681,1.00,1.00
2016.11.18 12:04:09.705,0.81676,0.8168,1.00,1.00
2016.11.18 12:04:09.967,0.81677,0.81682,1.00,1.87
2016.11.18 12:04:10.489,0.81677,0.81683,1.00,1.12
2016.11.18 12:04:11.003,0.81677,0.81682,1.00,1.00
2016.11.18 12:04:11.552,0.81677,0.81681,1.00,1.00
2016.11.18 12:04:12.602,0.81676,0.8168,1.00,1.00
2016.11.18 12:04:13.107,0.81677,0.81681,1.00,1.00
2016.11.18 12:04:13.443,0.81676,0.81683,1.00,1.00
2016.11.18 12:04:13.953,0.81677,0.81683,1.00,1.00
2016.11.18 12:04:14.459,0.81677,0.81682,1.00,1.00
2016.11.18 12:04:15.002,0.81677,0.81683,1.00,1.12
2016.11.18 12:04:15.174,0.81675,0.81679,1.00,1.00
2016.11.18 12:04:15.225,0.81672,0.81679,1.12,1.00
2016.11.18 12:04:15.275,0.81672,0.81678,1.00,1.37
2016.11.18 12:04:15.376,0.81673,0.81679,1.00,1.12
2016.11.18 12:04:15.822,0.81669,0.81677,1.12,1.00
2016.11.18 12:04:17.238,0.81669,0.81676,1.00,1.00
2016.11.18 12:04:17.742,0.81666,0.81674,1.50,1.00
2016.11.18 12:04:17.906,0.81665,0.81672,1.12,1.00
2016.11.18 12:04:18.410,0.81663,0.81672,1.87,1.00
2016.11.18 12:04:18.461,0.81667,0.81672,1.00,1.37
2016.11.18 12:04:18.764,0.81665,0.81669,1.00,1.12
2016.11.18 12:04:18.966,0.81662,0.81669,1.00,1.12
2016.11.18 12:04:19.168,0.81665,0.81669,1.00,1.12
2016.11.18 12:04:19.222,0.81662,0.81669,1.00,1.12
2016.11.18 12:04:19.661,0.81665,0.81669,1.00,1.12
2016.11.18 12:04:19.762,0.81662,0.81669,1.00,1.12
2016.11.18 12:04:20.330,0.81659,0.81667,2.25,1.00
2016.11.18 12:04:20.432,0.81658,0.81664,1.37,1.00
2016.11.18 12:04:20.635,0.81656,0.81662,1.00,1.00
2016.11.18 12:04:20.736,0.81657,0.81664,1.00,1.00
2016.11.18 12:04:20.838,0.81657,0.81666,1.87,1.00
2016.11.18 12:04:21.345,0.81661,0.81666,1.00,1.12
2016.11.18 12:04:21.576,0.81657,0.81665,1.00,1.00
2016.11.18 12:04:22.126,0.81657,0.81664,1.00,1.00
2016.11.18 12:04:23.038,0.81657,0.81665,1.00,1.00
2016.11.18 12:04:23.757,0.81657,0.81664,1.00,1.00
2016.11.18 12:04:24.223,0.81657,0.81666,1.50,1.00
2016.11.18 12:04:24.324,0.81659,0.81666,1.00,1.00
2016.11.18 12:04:25.058,0.8166,0.81666,1.00,1.00
2016.11.18 12:04:25.779,0.81658,0.81666,1.00,1.00
2016.11.18 12:04:26.324,0.81659,0.81665,1.00,1.00
2016.11.18 12:04:27.378,0.8166,0.81667,1.00,1.12
2016.11.18 12:04:27.479,0.81662,0.81668,1.00,1.00
2016.11.18 12:04:27.848,0.81662,0.8167,1.00,1.00
2016.11.18 12:04:27.899,0.81665,0.81671,1.00,1.00
2016.11.18 12:04:28.000,0.81665,0.81674,1.00,1.12
2016.11.18 12:04:28.101,0.81667,0.81674,1.00,1.00
2016.11.18 12:04:28.404,0.81668,0.81676,1.00,1.12
2016.11.18 12:04:28.556,0.81668,0.81678,1.50,1.79
2016.11.18 12:04:28.666,0.8167,0.81677,1.00,1.00
2016.11.18 12:04:29.431,0.81669,0.81677,1.00,1.00
2016.11.18 12:04:29.978,0.81669,0.81678,1.00,1.12
2016.11.18 12:04:30.504,0.81669,0.81679,1.00,1.50
2016.11.18 12:04:31.009,0.81668,0.81677,1.50,1.50
2016.11.18 12:04:31.547,0.81668,0.81676,1.50,1.00
2016.11.18 12:04:32.083,0.81668,0.81675,1.00,1.00
2016.11.18 12:04:32.738,0.81667,0.81675,2.25,1.00
2016.11.18 12:04:34.967,0.81668,0.81675,1.00,1.00
2016.11.18 12:04:35.799,0.81669,0.81677,1.00,1.00
2016.11.18 12:04:36.635,0.81668,0.81677,1.87,1.00
2016.11.18 12:04:37.231,0.81669,0.81677,1.00,1.00
2016.11.18 12:04:37.641,0.81671,0.81677,1.00,1.00
2016.11.18 12:04:38.538,0.8167,0.81677,1.00,1.00
2016.11.18 12:04:39.103,0.81669,0.81677,1.50,1.00
2016.11.18 12:04:39.513,0.81668,0.81675,1.00,1.00
2016.11.18 12:04:39.870,0.81667,0.81673,1.00,1.00
2016.11.18 12:04:40.410,0.81668,0.81672,1.00,1.00
2016.11.18 12:04:40.461,0.81666,0.81672,1.00,1.00
2016.11.18 12:04:40.615,0.81664,0.81672,1.00,1.00
2016.11.18 12:04:41.274,0.81668,0.81675,1.00,1.04
2016.11.18 12:04:41.778,0.81667,0.81673,1.00,1.00
2016.11.18 12:04:42.088,0.81667,0.81671,1.00,1.00
2016.11.18 12:04:44.549,0.81666,0.8167,1.00,1.00
2016.11.18 12:04:44.700,0.81663,0.8167,1.00,1.00
2016.11.18 12:04:45.229,0.81662,0.81669,1.00,1.00
2016.11.18 12:04:45.732,0.81661,0.81669,1.00,1.00
2016.11.18 12:04:46.192,0.81661,0.81667,1.00,1.00
2016.11.18 12:04:46.715,0.8166,0.81666,1.00,1.00
2016.11.18 12:04:47.516,0.8166,0.81668,1.00,1.00
2016.11.18 12:04:47.567,0.81661,0.8167,1.00,1.00
2016.11.18 12:04:47.617,0.81663,0.8167,1.00,1.00
2016.11.18 12:04:48.609,0.81662,0.8167,1.50,1.00
2016.11.18 12:04:49.261,0.81664,0.81671,1.00,1.00
2016.11.18 12:04:49.811,0.81664,0.81672,1.00,1.00
2016.11.18 12:04:52.897,0.81664,0.81671,1.00,1.00
2016.11.18 12:04:53.412,0.81663,0.81671,1.00,1.00
2016.11.18 12:04:54.138,0.81662,0.81671,1.12,1.00
2016.11.18 12:04:54.667,0.81662,0.8167,1.87,1.00
2016.11.18 12:04:55.900,0.81662,0.81669,1.00,1.00
2016.11.18 12:04:56.432,0.81661,0.81669,1.00,1.00
2016.11.18 12:04:56.742,0.81669,0.81675,1.00,1.12
2016.11.18 12:04:56.793,0.81682,0.81686,1.00,1.00
2016.11.18 12:04:56.844,0.81686,0.81694,1.00,1.50
2016.11.18 12:04:57.037,0.81683,0.81692,2.25,1.50
2016.11.18 12:04:57.190,0.81682,0.81692,1.00,1.12
2016.11.18 12:04:57.241,0.81685,0.81694,1.00,3.37
2016.11.18 12:04:57.292,0.81683,0.81693,1.50,1.00
2016.11.18 12:04:57.342,0.81687,0.81694,1.00,1.12
2016.11.18 12:04:57.695,0.8169,0.81694,1.00,1.12
2016.11.18 12:04:58.311,0.81691,0.81695,1.00,1.00
2016.11.18 12:04:58.514,0.81691,0.81697,1.00,1.50
2016.11.18 12:04:58.999,0.8169,0.81697,1.00,4.50
2016.11.18 12:04:59.151,0.81689,0.81697,1.00,6.00
2016.11.18 12:04:59.202,0.8169,0.81697,1.00,2.62
2016.11.18 12:04:59.707,0.81689,0.81695,1.00,1.37
2016.11.18 12:05:00.060,0.81686,0.81693,1.00,1.00
2016.11.18 12:05:00.111,0.81687,0.81694,1.00,4.87
2016.11.18 12:05:00.313,0.81688,0.81693,1.00,1.50
2016.11.18 12:05:00.364,0.81686,0.81693,1.00,1.50
2016.11.18 12:05:00.549,0.81688,0.81694,1.00,1.37
2016.11.18 12:05:00.966,0.81686,0.81694,1.00,1.37
2016.11.18 12:05:01.578,0.81687,0.81694,1.00,1.37
2016.11.18 12:05:03.404,0.81686,0.81694,1.00,2.25
2016.11.18 12:05:03.455,0.81688,0.81695,1.00,1.87
2016.11.18 12:05:03.607,0.81688,0.81695,1.50,1.50
2016.11.18 12:05:03.662,0.8169,0.81695,1.00,1.50
2016.11.18 12:05:04.102,0.81692,0.81699,1.00,1.50
2016.11.18 12:05:05.021,0.81691,0.81699,1.00,1.87
2016.11.18 12:05:05.526,0.8169,0.81698,1.00,1.12
2016.11.18 12:05:05.576,0.81688,0.81696,1.00,1.00
2016.11.18 12:05:05.879,0.81682,0.8169,1.00,1.50
2016.11.18 12:05:06.514,0.81683,0.8169,1.00,1.87
2016.11.18 12:05:06.817,0.81688,0.81694,1.00,3.00
2016.11.18 12:05:06.918,0.8169,0.81697,1.00,3.37
2016.11.18 12:05:07.019,0.8169,0.81698,1.00,1.50
2016.11.18 12:05:07.523,0.8169,0.81697,1.00,1.12
2016.11.18 12:05:08.074,0.81687,0.81697,1.00,1.12
2016.11.18 12:05:08.125,0.81686,0.81695,1.00,1.00
2016.11.18 12:05:08.428,0.81689,0.81695,1.00,1.50
2016.11.18 12:05:08.630,0.8169,0.81697,1.00,1.00
2016.11.18 12:05:08.832,0.81691,0.81699,1.00,1.87
2016.11.18 12:05:10.532,0.81691,0.81698,1.00,1.00
2016.11.18 12:05:12.715,0.81691,0.81699,1.00,1.00
2016.11.18 12:05:13.265,0.81691,0.817,1.00,1.50
2016.11.18 12:05:13.487,0.81693,0.817,1.00,1.00
2016.11.18 12:05:14.011,0.81692,0.81699,1.00,1.00
2016.11.18 12:05:14.523,0.81693,0.81701,1.00,1.87
2016.11.18 12:05:14.827,0.8169,0.81699,1.00,1.12
2016.11.18 12:05:14.928,0.81689,0.81698,1.00,1.37
2016.11.18 12:05:15.301,0.81687,0.81695,1.00,1.00
2016.11.18 12:05:15.623,0.81685,0.81693,1.00,1.00
2016.11.18 12:05:16.078,0.81687,0.81693,1.00,1.12
2016.11.18 12:05:16.515,0.81686,0.81695,1.00,1.00
2016.11.18 12:05:17.049,0.81687,0.81694,1.00,1.00
2016.11.18 12:05:17.634,0.81686,0.81695,1.00,2.25
2016.11.18 12:05:18.643,0.81687,0.81695,1.00,2.25
2016.11.18 12:05:18.990,0.81685,0.81695,1.00,2.25
2016.11.18 12:05:19.660,0.81686,0.81694,1.00,1.87
2016.11.18 12:05:19.878,0.81686,0.81692,1.00,1.00
2016.11.18 12:05:20.279,0.81685,0.81694,1.00,1.87
2016.11.18 12:05:20.758,0.81689,0.81694,1.00,1.12
2016.11.18 12:05:20.960,0.81689,0.81696,1.00,1.00
2016.11.18 12:05:21.818,0.81689,0.81697,1.00,1.87
2016.11.18 12:05:22.320,0.81689,0.81696,1.00,1.00
2016.11.18 12:05:24.283,0.81689,0.81695,1.00,1.00
2016.11.18 12:05:24.808,0.81687,0.81695,1.00,1.00
2016.11.18 12:05:26.392,0.81688,0.81695,1.00,1.50
2016.11.18 12:05:26.934,0.81687,0.81695,1.50,1.00
2016.11.18 12:05:27.739,0.81687,0.81695,1.50,2.25
2016.11.18 12:05:28.640,0.81687,0.81695,1.50,1.87
2016.11.18 12:05:32.107,0.81688,0.81696,1.00,1.50
2016.11.18 12:05:33.349,0.81687,0.81695,1.00,1.12
2016.11.18 12:05:33.551,0.81689,0.81695,1.00,1.50
2016.11.18 12:05:34.188,0.81688,0.81695,1.50,1.12
2016.11.18 12:05:34.796,0.81689,0.81696,1.00,1.50
2016.11.18 12:05:35.988,0.81689,0.81696,1.00,1.50
2016.11.18 12:05:37.017,0.8169,0.81696,1.00,1.00
2016.11.18 12:05:37.320,0.81695,0.81699,1.50,1.00
2016.11.18 12:05:37.474,0.81696,0.81702,1.00,1.00
2016.11.18 12:05:38.139,0.81694,0.81701,1.00,1.00
2016.11.18 12:05:38.593,0.81691,0.81701,1.50,2.25
2016.11.18 12:05:38.644,0.81691,0.81698,1.50,1.00
2016.11.18 12:05:38.946,0.81693,0.81698,1.00,1.00
2016.11.18 12:05:39.148,0.81691,0.81698,1.00,1.00
2016.11.18 12:05:39.199,0.81693,0.817,1.00,1.87
2016.11.18 12:05:39.347,0.81691,0.81699,1.00,1.87
2016.11.18 12:05:39.883,0.81691,0.81699,1.00,1.00
2016.11.18 12:05:40.422,0.81691,0.81699,1.00,1.37
2016.11.18 12:05:41.490,0.81689,0.81697,1.00,1.00
2016.11.18 12:05:42.344,0.81688,0.81697,1.00,1.00
2016.11.18 12:05:43.015,0.81688,0.81696,1.00,1.00
2016.11.18 12:05:44.771,0.81687,0.81696,2.25,1.00
2016.11.18 12:05:45.471,0.81688,0.81696,1.00,1.50
2016.11.18 12:05:45.623,0.8169,0.81697,1.00,1.00
2016.11.18 12:05:46.131,0.81689,0.81697,1.50,1.00
2016.11.18 12:05:46.342,0.81689,0.81699,1.50,1.00
2016.11.18 12:05:46.785,0.81691,0.81699,1.00,1.00
2016.11.18 12:05:47.089,0.81694,0.81703,1.00,1.00
2016.11.18 12:05:47.342,0.81694,0.81701,1.50,1.00
2016.11.18 12:05:47.871,0.81694,0.81702,1.00,1.00
2016.11.18 12:05:50.012,0.81693,0.81702,1.00,1.00
2016.11.18 12:05:51.447,0.81693,0.81701,1.00,1.00
2016.11.18 12:05:51.779,0.81691,0.817,1.87,1.00
2016.11.18 12:05:51.880,0.81691,0.81698,1.00,1.00
2016.11.18 12:05:52.343,0.81689,0.81697,1.00,1.50
2016.11.18 12:05:53.754,0.81688,0.81697,1.00,1.50
2016.11.18 12:05:54.903,0.81688,0.81696,1.00,1.00
2016.11.18 12:05:55.406,0.81687,0.81696,1.50,1.00
2016.11.18 12:05:55.739,0.81687,0.81694,1.50,1.00
2016.11.18 12:05:56.144,0.81689,0.81695,1.00,1.12
2016.11.18 12:05:56.245,0.81689,0.81697,1.00,2.62
2016.11.18 12:05:56.764,0.81689,0.81698,1.00,1.12
2016.11.18 12:05:57.309,0.81688,0.81697,1.00,1.00
2016.11.18 12:05:57.834,0.81688,0.81696,1.00,1.00
2016.11.18 12:05:58.188,0.81686,0.81696,2.25,1.00
2016.11.18 12:05:58.239,0.81686,0.81693,1.00,1.00
2016.11.18 12:05:58.391,0.81683,0.81691,1.00,1.00
2016.11.18 12:05:58.575,0.81684,0.81691,1.00,1.50
2016.11.18 12:05:58.625,0.81684,0.81691,1.00,1.12
2016.11.18 12:05:59.512,0.81681,0.81691,3.00,1.00
2016.11.18 12:05:59.563,0.81679,0.81687,4.12,1.00
2016.11.18 12:05:59.715,0.81677,0.81686,3.00,1.00
2016.11.18 12:06:00.237,0.81677,0.81686,1.00,1.12
2016.11.18 12:06:00.742,0.81676,0.81685,1.00,1.00
2016.11.18 12:06:01.251,0.81677,0.81687,1.50,1.50
2016.11.18 12:06:01.753,0.81676,0.81686,1.50,1.12
2016.11.18 12:06:02.277,0.81676,0.81686,1.50,1.87
2016.11.18 12:06:02.872,0.81676,0.81685,1.00,2.62
2016.11.18 12:06:03.176,0.81678,0.81686,1.00,1.50
2016.11.18 12:06:03.508,0.81677,0.81685,1.00,1.37
2016.11.18 12:06:03.719,0.81674,0.81684,1.00,1.50
2016.11.18 12:06:03.821,0.81673,0.81682,1.50,2.25
2016.11.18 12:06:04.124,0.81677,0.81684,1.00,2.62
2016.11.18 12:06:04.327,0.81673,0.81681,1.37,1.50
2016.11.18 12:06:04.428,0.81672,0.81681,1.00,2.25
2016.11.18 12:06:04.964,0.81671,0.81681,1.00,1.50
2016.11.18 12:06:05.498,0.81672,0.81682,1.00,2.25
2016.11.18 12:06:06.079,0.81672,0.81682,1.00,1.87
2016.11.18 12:06:06.181,0.81675,0.81683,1.00,1.50
2016.11.18 12:06:06.232,0.81673,0.81682,1.00,1.12
2016.11.18 12:06:06.735,0.81674,0.81682,1.00,1.50
2016.11.18 12:06:07.324,0.81673,0.81682,1.00,1.12
2016.11.18 12:06:07.616,0.8167,0.81679,2.25,1.50
2016.11.18 12:06:07.920,0.81664,0.81674,2.62,1.75
2016.11.18 12:06:08.226,0.81658,0.81667,1.50,1.00
2016.11.18 12:06:08.327,0.81657,0.81667,1.00,1.00
2016.11.18 12:06:08.610,0.8166,0.81667,1.00,2.25
2016.11.18 12:06:08.863,0.81661,0.8167,1.00,2.25
2016.11.18 12:06:09.166,0.81661,0.81671,1.00,1.12
2016.11.18 12:06:09.667,0.8166,0.81671,1.00,1.50
2016.11.18 12:06:10.208,0.81661,0.81671,1.87,1.50
2016.11.18 12:06:10.360,0.81663,0.81672,1.00,1.12
2016.11.18 12:06:10.883,0.81663,0.81673,1.00,1.12
2016.11.18 12:06:11.423,0.81661,0.81669,1.00,1.50
2016.11.18 12:06:11.626,0.81658,0.81667,1.00,1.00
2016.11.18 12:06:12.238,0.81658,0.81668,1.00,1.87
2016.11.18 12:06:12.976,0.81658,0.81667,1.00,1.00
2016.11.18 12:06:13.958,0.81658,0.81666,1.00,1.00
2016.11.18 12:06:14.261,0.81656,0.81665,1.00,2.25
2016.11.18 12:06:14.713,0.81654,0.81664,1.50,1.00
2016.11.18 12:06:15.020,0.81657,0.81664,1.00,1.00
2016.11.18 12:06:15.545,0.81655,0.81664,1.00,2.25
2016.11.18 12:06:16.107,0.81653,0.81664,2.25,2.25
2016.11.18 12:06:16.158,0.81653,0.81662,1.50,1.00
2016.11.18 12:06:16.562,0.81653,0.81664,2.25,2.62
2016.11.18 12:06:17.119,0.81654,0.81664,1.00,1.87
2016.11.18 12:06:17.643,0.81654,0.81664,1.00,1.50
2016.11.18 12:06:18.217,0.81654,0.81664,2.25,1.00
2016.11.18 12:06:18.726,0.81655,0.81665,1.00,3.00
2016.11.18 12:06:19.276,0.81658,0.81665,1.00,1.00
2016.11.18 12:06:19.821,0.81658,0.81667,1.00,2.25
2016.11.18 12:06:23.143,0.81658,0.81667,1.00,1.12
2016.11.18 12:06:23.672,0.8166,0.81669,1.00,1.04
2016.11.18 12:06:23.724,0.81658,0.8167,3.00,3.00
2016.11.18 12:06:23.775,0.8166,0.81669,1.00,2.25
2016.11.18 12:06:23.826,0.81658,0.81669,1.00,2.25
2016.11.18 12:06:23.877,0.81657,0.81666,1.00,1.00
2016.11.18 12:06:24.510,0.81657,0.81665,1.00,1.00
2016.11.18 12:06:24.631,0.81655,0.81665,1.00,1.50
2016.11.18 12:06:25.608,0.81656,0.81665,1.50,1.00
2016.11.18 12:06:25.659,0.81658,0.81665,1.00,1.00
2016.11.18 12:06:25.861,0.81658,0.81667,1.50,1.00
2016.11.18 12:06:27.754,0.81657,0.81667,1.50,1.12
2016.11.18 12:06:27.855,0.81657,0.81665,1.00,1.00
2016.11.18 12:06:28.007,0.81655,0.81664,1.00,1.00
2016.11.18 12:06:29.046,0.81656,0.81665,1.50,1.50
2016.11.18 12:06:29.551,0.81654,0.81664,1.87,1.00
2016.11.18 12:06:29.652,0.81656,0.81666,1.00,2.17
2016.11.18 12:06:29.703,0.81656,0.81667,1.00,2.54
2016.11.18 12:06:30.140,0.81659,0.81668,1.00,3.29
2016.11.18 12:06:30.676,0.81659,0.81669,1.50,1.00
2016.11.18 12:06:31.194,0.81658,0.81669,1.87,1.00
2016.11.18 12:06:31.705,0.81658,0.81669,2.25,1.00
2016.11.18 12:06:32.959,0.81658,0.81669,3.00,1.00
2016.11.18 12:06:33.506,0.81658,0.81668,2.25,1.12
2016.11.18 12:06:33.818,0.81653,0.81662,1.37,1.50
2016.11.18 12:06:34.367,0.81653,0.81661,1.00,1.12
2016.11.18 12:06:36.064,0.81653,0.81663,1.00,3.00
2016.11.18 12:06:37.066,0.81653,0.81663,1.12,3.00
2016.11.18 12:06:37.736,0.81653,0.81662,1.00,1.00
2016.11.18 12:06:38.451,0.81652,0.81662,1.50,1.00
2016.11.18 12:06:39.087,0.81652,0.81662,1.50,1.50
2016.11.18 12:06:39.676,0.81652,0.81662,1.50,1.50
2016.11.18 12:06:40.550,0.81653,0.81662,1.00,1.50
2016.11.18 12:06:41.586,0.81655,0.81662,1.50,1.00
2016.11.18 12:06:41.841,0.81658,0.81666,1.00,1.12
2016.11.18 12:06:48.410,0.81659,0.81666,1.00,1.00
2016.11.18 12:06:48.919,0.81659,0.81668,1.50,1.37
2016.11.18 12:06:48.970,0.81664,0.81668,1.00,1.12
2016.11.18 12:06:49.071,0.81662,0.81669,1.00,1.00
2016.11.18 12:06:49.223,0.81664,0.81671,1.00,1.00
2016.11.18 12:06:49.527,0.81665,0.81674,1.00,1.00
2016.11.18 12:06:50.069,0.81665,0.81674,1.50,1.37
2016.11.18 12:06:50.626,0.81664,0.81674,2.25,1.12
2016.11.18 12:06:50.728,0.81666,0.81675,1.00,1.87
2016.11.18 12:06:51.244,0.81665,0.81675,1.50,1.12
2016.11.18 12:06:51.568,0.81662,0.81672,3.75,1.00
2016.11.18 12:06:53.491,0.81663,0.81671,1.00,1.00
2016.11.18 12:06:54.635,0.81662,0.81671,1.00,1.12
2016.11.18 12:06:54.940,0.81658,0.81663,1.00,1.50
2016.11.18 12:06:54.991,0.81654,0.81663,1.12,1.50
2016.11.18 12:06:55.503,0.81654,0.81663,1.00,1.50
2016.11.18 12:06:56.036,0.81655,0.81663,1.00,1.87
2016.11.18 12:06:56.544,0.81655,0.81664,1.50,1.50
2016.11.18 12:06:57.203,0.81657,0.81664,1.00,2.25
2016.11.18 12:06:57.474,0.81655,0.81664,1.50,2.25
2016.11.18 12:07:00.269,0.81658,0.81664,1.00,2.25
2016.11.18 12:07:00.829,0.81655,0.81664,1.50,2.25
2016.11.18 12:07:01.592,0.81657,0.81664,1.00,2.25
2016.11.18 12:07:02.142,0.81657,0.81664,1.00,1.00
2016.11.18 12:07:02.997,0.81657,0.81663,1.00,1.00
2016.11.18 12:07:04.985,0.81655,0.81663,1.00,1.12
2016.11.18 12:07:05.862,0.81654,0.81663,1.00,1.50
2016.11.18 12:07:06.065,0.81653,0.81663,3.00,1.87
2016.11.18 12:07:06.166,0.81653,0.81663,2.25,1.12
2016.11.18 12:07:06.680,0.81654,0.81663,1.50,1.00
2016.11.18 12:07:07.185,0.81655,0.81663,1.00,1.00
2016.11.18 12:07:07.993,0.81654,0.81663,1.50,1.12
2016.11.18 12:07:11.251,0.81654,0.81662,1.50,1.00
2016.11.18 12:07:15.028,0.81653,0.81662,1.50,1.50
2016.11.18 12:07:15.079,0.81653,0.8166,1.00,1.00
2016.11.18 12:07:15.418,0.81647,0.81654,2.25,1.12
2016.11.18 12:07:15.837,0.81648,0.81656,2.25,1.00
2016.11.18 12:07:15.938,0.81652,0.81658,1.00,1.75
2016.11.18 12:07:15.989,0.81652,0.81658,1.00,1.12
2016.11.18 12:07:17.155,0.81652,0.81659,1.00,1.12
2016.11.18 12:07:17.256,0.81652,0.81658,1.00,1.50
2016.11.18 12:07:17.842,0.81651,0.81658,1.00,1.00
2016.11.18 12:07:18.907,0.81652,0.81658,1.00,1.00
2016.11.18 12:07:19.737,0.81651,0.81658,1.00,1.00
2016.11.18 12:07:19.838,0.81649,0.81658,1.50,1.00
2016.11.18 12:07:20.192,0.81647,0.81658,2.25,2.25
2016.11.18 12:07:20.344,0.81647,0.81655,1.00,1.00
2016.11.18 12:07:21.975,0.81645,0.81655,1.50,1.50
2016.11.18 12:07:22.192,0.81649,0.81655,1.50,1.00
2016.11.18 12:07:22.496,0.81652,0.81658,1.00,1.37
2016.11.18 12:07:22.719,0.81652,0.81659,1.00,1.50
2016.11.18 12:07:22.821,0.81655,0.81659,1.50,1.00
2016.11.18 12:07:22.923,0.81652,0.81661,1.50,1.50
2016.11.18 12:07:23.064,0.8165,0.81659,1.50,1.50
2016.11.18 12:07:23.588,0.8165,0.81658,1.00,1.00
2016.11.18 12:07:23.922,0.81648,0.81658,2.25,1.00
2016.11.18 12:07:24.396,0.8165,0.81659,1.00,2.25
2016.11.18 12:07:24.726,0.81647,0.81656,1.50,1.00
2016.11.18 12:07:25.295,0.81648,0.81657,2.25,1.00
2016.11.18 12:07:25.982,0.8165,0.81659,1.00,1.87
2016.11.18 12:07:26.083,0.8165,0.8166,1.50,1.50
2016.11.18 12:07:26.540,0.81652,0.8166,1.00,1.00
2016.11.18 12:07:27.512,0.8165,0.8166,1.50,1.00
2016.11.18 12:07:28.041,0.81651,0.81661,1.50,2.62
2016.11.18 12:07:28.614,0.81651,0.81661,2.25,1.00
2016.11.18 12:07:29.459,0.81651,0.81659,1.87,1.00
2016.11.18 12:07:29.990,0.81652,0.8166,1.00,1.12
2016.11.18 12:07:30.176,0.81653,0.81663,1.00,3.00
2016.11.18 12:07:30.227,0.81651,0.8166,1.12,1.00
2016.11.18 12:07:30.430,0.81649,0.81659,1.00,1.50
2016.11.18 12:07:30.783,0.81649,0.81657,1.00,1.00
2016.11.18 12:07:31.300,0.81649,0.81658,1.00,1.12
2016.11.18 12:07:32.423,0.81649,0.81657,1.50,1.00
2016.11.18 12:07:32.474,0.81649,0.81659,1.50,2.62
2016.11.18 12:07:33.170,0.81649,0.81658,1.50,1.00
2016.11.18 12:07:33.792,0.81648,0.81658,1.50,1.00
2016.11.18 12:07:34.333,0.81649,0.81657,1.00,1.00
2016.11.18 12:07:34.837,0.81648,0.81657,1.50,2.25
2016.11.18 12:07:41.539,0.81649,0.81657,1.00,1.50
2016.11.18 12:07:44.574,0.81649,0.81658,1.50,1.00
2016.11.18 12:07:45.113,0.81649,0.81657,1.00,1.00
2016.11.18 12:07:47.143,0.81649,0.81659,1.50,1.87
2016.11.18 12:07:49.200,0.8165,0.81659,1.00,1.50
2016.11.18 12:07:49.724,0.81649,0.81658,1.50,1.00
2016.11.18 12:07:51.134,0.81648,0.81658,1.00,1.87
2016.11.18 12:07:51.680,0.81648,0.81657,1.00,1.00
2016.11.18 12:07:52.304,0.81647,0.81657,1.00,1.50
2016.11.18 12:07:52.507,0.81646,0.81654,1.00,1.00
2016.11.18 12:07:53.052,0.81646,0.81655,1.00,1.50
2016.11.18 12:07:54.872,0.81647,0.81655,1.00,1.00
2016.11.18 12:07:59.301,0.81647,0.81656,1.00,1.12
2016.11.18 12:07:59.756,0.81644,0.81654,1.12,1.50
2016.11.18 12:08:00.129,0.81644,0.81652,1.00,1.00
2016.11.18 12:08:00.707,0.81643,0.81653,1.00,1.50
2016.11.18 12:08:02.673,0.81644,0.81653,1.00,1.87
2016.11.18 12:08:04.177,0.81642,0.81651,1.12,1.00
2016.11.18 12:08:05.184,0.8164,0.81649,3.00,1.00
2016.11.18 12:08:05.488,0.81639,0.81647,1.00,1.00
2016.11.18 12:08:05.741,0.8164,0.81649,1.00,1.87
2016.11.18 12:08:06.311,0.81642,0.8165,1.00,1.00
2016.11.18 12:08:06.835,0.81642,0.81651,1.00,1.87
2016.11.18 12:08:07.375,0.81642,0.81651,1.00,2.25
2016.11.18 12:08:07.884,0.81642,0.81651,1.00,2.62
2016.11.18 12:08:08.226,0.81641,0.81649,1.50,1.00
2016.11.18 12:08:08.771,0.81641,0.8165,1.50,1.50
2016.11.18 12:08:09.312,0.81641,0.8165,1.50,2.25
2016.11.18 12:08:09.818,0.81642,0.8165,1.50,1.00
2016.11.18 12:08:12.281,0.81641,0.8165,1.87,1.12
2016.11.18 12:08:13.328,0.81642,0.81652,1.00,3.37
2016.11.18 12:08:13.847,0.81641,0.81651,1.00,1.37
2016.11.18 12:08:15.010,0.81641,0.81651,2.25,1.12
2016.11.18 12:08:15.586,0.81642,0.81652,1.00,3.00
2016.11.18 12:08:16.137,0.81641,0.81651,1.12,2.62
2016.11.18 12:08:16.656,0.81642,0.81651,1.00,1.37
2016.11.18 12:08:17.230,0.81641,0.81651,1.12,2.62
2016.11.18 12:08:17.755,0.8164,0.81649,1.00,1.50
2016.11.18 12:08:18.341,0.8164,0.81648,1.00,1.00
2016.11.18 12:08:19.767,0.81639,0.81648,1.00,1.00
2016.11.18 12:08:20.071,0.81638,0.81644,1.00,1.00
2016.11.18 12:08:20.374,0.81638,0.81646,1.50,1.00
2016.11.18 12:08:20.425,0.81641,0.81646,1.00,1.00
2016.11.18 12:08:20.579,0.81639,0.81647,1.00,1.50
2016.11.18 12:08:20.934,0.81641,0.81647,1.00,1.00
2016.11.18 12:08:21.744,0.8164,0.81647,1.00,1.50
2016.11.18 12:08:21.896,0.81637,0.81647,1.12,1.00
2016.11.18 12:08:22.485,0.81638,0.81646,1.00,1.00
2016.11.18 12:08:22.638,0.81636,0.81644,1.12,1.00
2016.11.18 12:08:22.790,0.81632,0.81643,3.00,1.50
2016.11.18 12:08:22.892,0.81632,0.81641,1.50,1.00
2016.11.18 12:08:23.320,0.81634,0.81642,1.00,1.00
2016.11.18 12:08:23.779,0.81636,0.81643,1.00,1.00
2016.11.18 12:08:23.982,0.81636,0.81645,1.12,1.00
2016.11.18 12:08:24.493,0.81636,0.81646,1.50,1.00
2016.11.18 12:08:24.646,0.81639,0.81646,1.00,1.00
2016.11.18 12:08:25.417,0.81637,0.81646,1.50,1.00
2016.11.18 12:08:25.557,0.81639,0.81646,1.00,1.00
2016.11.18 12:08:26.096,0.81639,0.81647,1.00,1.50
2016.11.18 12:08:26.454,0.81639,0.81649,1.50,1.87
2016.11.18 12:08:26.964,0.8164,0.81649,1.00,1.50
2016.11.18 12:08:27.509,0.8164,0.81649,1.00,1.50
2016.11.18 12:08:28.170,0.81639,0.81648,1.00,1.50
2016.11.18 12:08:28.719,0.81638,0.81648,1.50,1.87
2016.11.18 12:08:29.358,0.8164,0.81648,1.00,1.12
2016.11.18 12:08:29.868,0.8164,0.81649,1.00,1.12
2016.11.18 12:08:30.373,0.81639,0.81648,1.50,1.87
2016.11.18 12:08:30.919,0.81639,0.81647,1.50,1.00
2016.11.18 12:08:31.453,0.81639,0.81649,1.50,1.12
2016.11.18 12:08:31.958,0.8164,0.81649,1.12,1.00
2016.11.18 12:08:32.426,0.81638,0.81647,1.50,1.00
2016.11.18 12:08:33.443,0.81638,0.81648,1.50,1.12
2016.11.18 12:08:33.968,0.81639,0.81648,1.00,1.87
2016.11.18 12:08:34.636,0.81639,0.81647,1.00,1.00
2016.11.18 12:08:35.054,0.81638,0.81645,1.50,1.00
2016.11.18 12:08:35.439,0.81639,0.81648,1.00,1.87
2016.11.18 12:08:35.945,0.81639,0.81647,1.00,1.00
2016.11.18 12:08:36.483,0.81638,0.81646,1.00,1.00
2016.11.18 12:08:36.838,0.81643,0.81647,1.00,1.50
2016.11.18 12:08:36.889,0.81637,0.81647,1.50,1.50
2016.11.18 12:08:36.940,0.81642,0.81651,1.50,3.75
2016.11.18 12:08:37.092,0.81642,0.81651,1.87,1.00
2016.11.18 12:08:37.597,0.8164,0.8165,4.12,1.50
2016.11.18 12:08:37.698,0.8164,0.8165,1.00,2.25
2016.11.18 12:08:37.940,0.81638,0.81648,2.62,1.00
2016.11.18 12:08:38.262,0.81638,0.81645,1.00,1.00
2016.11.18 12:08:38.414,0.81636,0.81645,1.12,1.00
2016.11.18 12:08:38.946,0.81634,0.81645,1.87,1.87
2016.11.18 12:08:40.068,0.81633,0.81644,2.25,1.50
2016.11.18 12:08:40.119,0.81633,0.81643,1.50,1.00
2016.11.18 12:08:40.625,0.81633,0.81642,1.00,1.00
2016.11.18 12:08:42.102,0.81634,0.81642,1.00,1.50
2016.11.18 12:08:43.250,0.81634,0.81643,1.00,1.50
2016.11.18 12:08:43.754,0.81635,0.81644,1.00,1.00
2016.11.18 12:08:44.314,0.81635,0.81645,2.25,1.50
2016.11.18 12:08:44.567,0.81638,0.81645,1.00,1.50
2016.11.18 12:08:44.770,0.8164,0.81649,1.00,1.87
2016.11.18 12:08:44.959,0.81638,0.81647,1.00,1.00
2016.11.18 12:08:45.464,0.81637,0.81646,1.00,1.00
2016.11.18 12:08:45.566,0.81637,0.81648,1.00,3.00
2016.11.18 12:08:45.718,0.8164,0.81648,1.00,1.50
2016.11.18 12:08:45.920,0.81641,0.81651,1.12,1.50
2016.11.18 12:08:46.443,0.81642,0.81651,1.00,1.87
2016.11.18 12:08:47.892,0.8164,0.81649,1.50,1.00
2016.11.18 12:08:48.196,0.81638,0.81647,1.50,1.50
2016.11.18 12:08:49.800,0.81637,0.81647,1.50,1.50
2016.11.18 12:08:50.149,0.81637,0.81645,1.00,1.50
2016.11.18 12:08:53.122,0.81638,0.81646,1.00,1.50
2016.11.18 12:08:54.340,0.81638,0.81646,1.00,1.12
2016.11.18 12:08:54.848,0.81639,0.81646,1.00,1.12
2016.11.18 12:08:56.165,0.81639,0.81647,1.00,1.12
2016.11.18 12:08:56.466,0.81636,0.81644,1.00,1.12
2016.11.18 12:08:56.971,0.81635,0.81644,1.00,1.87
2016.11.18 12:08:57.766,0.81635,0.81644,1.00,1.87
2016.11.18 12:08:59.050,0.81634,0.81644,1.50,2.62
2016.11.18 12:09:00.120,0.81635,0.81644,1.00,2.62
2016.11.18 12:09:00.525,0.81637,0.81644,1.00,1.50
2016.11.18 12:09:01.030,0.81638,0.81644,1.00,1.00
2016.11.18 12:09:01.309,0.81638,0.81646,1.00,1.50
2016.11.18 12:09:01.822,0.8164,0.81646,1.00,1.00
2016.11.18 12:09:02.359,0.8164,0.81647,1.00,1.00
2016.11.18 12:09:03.083,0.81638,0.81646,1.00,1.00
2016.11.18 12:09:05.127,0.81638,0.81645,1.00,1.00
2016.11.18 12:09:05.655,0.81637,0.81645,1.00,1.00
2016.11.18 12:09:06.477,0.81637,0.81643,1.00,1.00
2016.11.18 12:09:06.981,0.81636,0.81643,1.00,1.00
2016.11.18 12:09:08.721,0.81635,0.81643,1.00,1.50
2016.11.18 12:09:08.823,0.81633,0.81642,1.12,1.00
2016.11.18 12:09:13.969,0.81634,0.81642,1.00,1.50
2016.11.18 12:09:14.070,0.81636,0.81642,1.00,1.50
2016.11.18 12:09:14.692,0.81636,0.81643,1.00,1.00
2016.11.18 12:09:17.937,0.81635,0.81643,1.50,1.00
2016.11.18 12:09:18.258,0.81637,0.81645,1.00,1.12
2016.11.18 12:09:18.662,0.8164,0.81646,1.00,1.00
2016.11.18 12:09:19.171,0.8164,0.81647,1.00,1.00
2016.11.18 12:09:19.704,0.8164,0.81648,1.00,1.50
2016.11.18 12:09:20.211,0.81641,0.81648,1.00,1.50
2016.11.18 12:09:20.606,0.81642,0.8165,1.00,2.25
2016.11.18 12:09:20.757,0.8164,0.8165,1.50,1.50
2016.11.18 12:09:20.859,0.81642,0.8165,1.00,1.87
2016.11.18 12:09:21.317,0.8164,0.81647,1.00,1.00
2016.11.18 12:09:22.203,0.8164,0.81648,1.00,1.00
2016.11.18 12:09:22.807,0.8164,0.81649,1.00,1.87
2016.11.18 12:09:23.424,0.81639,0.81648,1.35,1.50
2016.11.18 12:09:23.754,0.81641,0.81648,1.00,1.12
2016.11.18 12:09:24.301,0.8164,0.81649,1.00,1.87
2016.11.18 12:09:24.805,0.8164,0.81649,1.00,1.50
2016.11.18 12:09:25.158,0.81643,0.8165,1.00,1.37
2016.11.18 12:09:25.807,0.81641,0.81649,1.00,1.00
2016.11.18 12:09:26.328,0.81641,0.8165,1.50,2.25
2016.11.18 12:09:26.634,0.81641,0.81648,1.00,1.00
2016.11.18 12:09:27.136,0.81643,0.8165,1.00,2.25
2016.11.18 12:09:27.751,0.81641,0.8165,1.00,1.50
2016.11.18 12:09:27.986,0.81643,0.8165,1.00,1.00
2016.11.18 12:09:28.496,0.81644,0.81651,1.00,1.50
2016.11.18 12:09:29.628,0.81644,0.8165,1.00,1.00
2016.11.18 12:09:29.679,0.81642,0.8165,1.50,1.00
2016.11.18 12:09:32.302,0.81643,0.8165,1.00,1.00
2016.11.18 12:09:33.213,0.81643,0.81651,1.00,1.12
2016.11.18 12:09:33.666,0.81644,0.81653,1.00,1.87
2016.11.18 12:09:34.226,0.81645,0.81653,1.00,1.12
2016.11.18 12:09:34.946,0.81644,0.81653,1.50,1.12
2016.11.18 12:09:36.063,0.81645,0.81654,1.00,1.50
2016.11.18 12:09:38.673,0.81644,0.81651,1.00,1.00
2016.11.18 12:09:39.178,0.81643,0.81651,1.50,1.00
2016.11.18 12:09:39.229,0.81643,0.81653,1.50,1.00
2016.11.18 12:09:39.736,0.81644,0.81653,1.00,1.12
2016.11.18 12:09:40.419,0.81645,0.81653,1.00,1.00
2016.11.18 12:09:40.933,0.81644,0.81652,1.50,1.00
2016.11.18 12:09:41.459,0.81645,0.81652,1.00,1.00
2016.11.18 12:09:41.810,0.81645,0.81654,1.00,1.00
2016.11.18 12:09:42.236,0.81647,0.81655,1.00,1.12
2016.11.18 12:09:42.750,0.81647,0.81656,1.00,1.12
2016.11.18 12:09:43.568,0.81647,0.81657,1.50,1.12
2016.11.18 12:09:44.883,0.81646,0.81656,1.50,1.00
2016.11.18 12:09:45.186,0.81647,0.81653,1.00,1.00
2016.11.18 12:09:45.237,0.81645,0.81653,1.50,1.00
2016.11.18 12:09:45.763,0.81644,0.81652,1.00,1.00
2016.11.18 12:09:46.167,0.81646,0.81653,1.00,1.00
2016.11.18 12:09:46.871,0.81645,0.81653,1.50,1.00
2016.11.18 12:09:47.611,0.81644,0.81653,1.00,1.00
2016.11.18 12:09:48.116,0.81645,0.81654,1.00,1.00
2016.11.18 12:09:48.520,0.81646,0.81652,1.00,1.00
2016.11.18 12:09:48.672,0.81643,0.81652,1.12,1.04
2016.11.18 12:09:49.192,0.81643,0.81651,1.00,1.00
2016.11.18 12:09:49.996,0.81642,0.81651,1.50,1.00
2016.11.18 12:09:50.762,0.81644,0.81651,1.00,1.00
2016.11.18 12:09:52.233,0.81643,0.81651,1.00,1.00
2016.11.18 12:09:52.284,0.81641,0.8165,1.00,1.00
2016.11.18 12:09:52.792,0.8164,0.8165,1.50,1.87
2016.11.18 12:09:52.969,0.81642,0.8165,1.00,1.00
2016.11.18 12:09:53.828,0.81643,0.8165,1.00,1.00
2016.11.18 12:09:54.081,0.81644,0.81653,1.00,1.79
2016.11.18 12:09:54.183,0.81646,0.81654,1.00,2.25
2016.11.18 12:09:54.234,0.81646,0.81655,1.00,2.54
2016.11.18 12:09:54.335,0.81645,0.81652,1.00,1.00
2016.11.18 12:09:54.487,0.81645,0.81655,1.50,1.42
2016.11.18 12:09:54.621,0.81645,0.81651,1.00,1.00
2016.11.18 12:09:54.672,0.81643,0.81651,1.12,1.00
2016.11.18 12:09:55.178,0.81642,0.8165,1.00,1.00
2016.11.18 12:09:55.748,0.81642,0.81649,1.00,1.00
2016.11.18 12:09:55.799,0.81642,0.81651,1.00,1.12
2016.11.18 12:09:56.373,0.81642,0.81651,1.00,1.37
2016.11.18 12:09:56.901,0.81642,0.81649,1.00,1.00
2016.11.18 12:09:58.239,0.8164,0.81648,1.00,1.00
2016.11.18 12:09:58.341,0.81639,0.81646,1.00,1.00
2016.11.18 12:09:58.869,0.81639,0.81647,1.00,1.00
2016.11.18 12:09:59.222,0.81636,0.81646,2.62,1.00
2016.11.18 12:09:59.323,0.81634,0.81643,2.47,1.00
2016.11.18 12:09:59.627,0.81632,0.81641,1.00,2.25
2016.11.18 12:09:59.796,0.8163,0.81639,1.00,1.00
2016.11.18 12:10:00.150,0.81632,0.8164,1.50,1.50
2016.11.18 12:10:00.476,0.81634,0.81642,1.00,1.00
2016.11.18 12:10:01.166,0.81632,0.81641,1.00,1.00
2016.11.18 12:10:01.419,0.81631,0.81639,1.00,1.00
2016.11.18 12:10:01.943,0.81631,0.8164,1.00,1.87
2016.11.18 12:10:02.452,0.81632,0.8164,1.50,1.00
2016.11.18 12:10:02.642,0.81632,0.81642,1.50,1.50
2016.11.18 12:10:03.198,0.81632,0.81641,1.00,1.12
2016.11.18 12:10:03.249,0.81631,0.81639,1.50,1.00
2016.11.18 12:10:03.779,0.8163,0.81639,1.00,1.12
2016.11.18 12:10:04.323,0.8163,0.81638,1.00,1.00
2016.11.18 12:10:04.959,0.8163,0.81639,1.00,1.12
2016.11.18 12:10:05.505,0.81631,0.81639,1.00,1.12
2016.11.18 12:10:07.014,0.81632,0.81641,1.00,1.37
2016.11.18 12:10:07.065,0.81633,0.81641,1.00,1.12
2016.11.18 12:10:07.943,0.81632,0.81641,1.00,1.00
2016.11.18 12:10:08.914,0.81634,0.81641,1.00,1.00
2016.11.18 12:10:10.093,0.81632,0.81641,1.00,1.12
2016.11.18 12:10:10.547,0.81635,0.81642,1.00,1.12
2016.11.18 12:10:10.598,0.81633,0.81642,1.00,1.12
2016.11.18 12:10:10.649,0.81637,0.81642,1.00,1.12
2016.11.18 12:10:10.750,0.81636,0.81644,1.00,1.00
2016.11.18 12:10:11.177,0.81635,0.81643,1.00,1.50
2016.11.18 12:10:11.833,0.81634,0.8164,1.00,1.00
2016.11.18 12:10:11.885,0.81631,0.8164,1.87,1.00
2016.11.18 12:10:12.401,0.81631,0.81639,1.00,1.00
2016.11.18 12:10:12.932,0.8163,0.81638,1.00,1.00
2016.11.18 12:10:13.431,0.81628,0.81637,1.12,1.00
2016.11.18 12:10:13.952,0.81627,0.81637,1.87,1.00
2016.11.18 12:10:14.136,0.81631,0.8164,1.50,1.50
2016.11.18 12:10:14.505,0.81634,0.81642,1.00,1.00
2016.11.18 12:10:14.657,0.81634,0.81644,1.12,1.00
2016.11.18 12:10:15.166,0.81635,0.81644,1.00,1.00
2016.11.18 12:10:15.711,0.81636,0.81643,1.50,1.00
2016.11.18 12:10:17.645,0.81635,0.81643,1.00,1.00
2016.11.18 12:10:17.898,0.81637,0.81645,1.00,1.37
2016.11.18 12:10:17.949,0.81637,0.81646,1.00,1.50
2016.11.18 12:10:18.483,0.81638,0.81646,1.00,1.00
2016.11.18 12:10:19.881,0.81638,0.81644,1.00,1.00
2016.11.18 12:10:19.932,0.81634,0.81642,1.12,1.12
2016.11.18 12:10:20.843,0.81634,0.81641,1.00,1.00
2016.11.18 12:10:22.627,0.81632,0.81641,1.00,1.12
2016.11.18 12:10:23.132,0.81632,0.81641,1.00,1.87
2016.11.18 12:10:23.693,0.81631,0.8164,1.50,1.12
2016.11.18 12:10:26.046,0.81631,0.81641,1.50,1.50
2016.11.18 12:10:26.551,0.81632,0.81642,1.50,1.50
2016.11.18 12:10:28.006,0.81633,0.81642,1.00,1.87
2016.11.18 12:10:30.129,0.81633,0.8164,1.50,1.00
2016.11.18 12:10:30.281,0.81634,0.81642,1.00,1.00
2016.11.18 12:10:30.635,0.81631,0.8164,1.00,1.00
2016.11.18 12:10:31.144,0.8163,0.81639,1.12,1.00
2016.11.18 12:10:32.518,0.8163,0.8164,1.00,1.50
2016.11.18 12:10:32.569,0.81629,0.81639,1.00,2.25
2016.11.18 12:10:33.008,0.81628,0.81636,1.12,1.00
2016.11.18 12:10:33.523,0.81627,0.81636,2.25,1.50
2016.11.18 12:10:34.630,0.81628,0.81636,1.00,1.00
2016.11.18 12:10:35.135,0.81628,0.81637,1.50,1.12
2016.11.18 12:10:35.652,0.81628,0.81636,1.12,1.00
2016.11.18 12:10:36.264,0.81628,0.81638,1.37,1.50
2016.11.18 12:10:36.865,0.81628,0.81638,1.37,1.12
2016.11.18 12:10:37.390,0.81628,0.81638,1.87,1.87
2016.11.18 12:10:37.923,0.81628,0.81638,1.87,1.87
2016.11.18 12:10:38.383,0.81627,0.81637,1.87,1.50
2016.11.18 12:10:39.110,0.81627,0.81637,1.87,1.50
2016.11.18 12:10:39.616,0.81627,0.81636,1.12,1.00
2016.11.18 12:10:39.768,0.81625,0.81634,1.12,1.00
2016.11.18 12:10:40.073,0.81624,0.81632,1.00,1.00
2016.11.18 12:10:40.427,0.81625,0.81634,1.00,1.00
2016.11.18 12:10:40.933,0.81626,0.81635,1.12,1.00
2016.11.18 12:10:41.481,0.81627,0.81635,1.00,1.00
2016.11.18 12:10:41.998,0.81627,0.81636,1.00,1.87
2016.11.18 12:10:42.757,0.81628,0.81637,1.00,1.87
2016.11.18 12:10:42.858,0.81629,0.81638,1.00,1.00
2016.11.18 12:10:43.366,0.81628,0.81638,1.50,1.50
2016.11.18 12:10:43.468,0.81628,0.81636,1.12,1.00
2016.11.18 12:10:44.014,0.81627,0.81637,2.47,1.50
2016.11.18 12:10:44.932,0.81627,0.81636,3.97,1.00
2016.11.18 12:10:46.532,0.81628,0.81636,1.00,1.00
2016.11.18 12:10:47.205,0.81628,0.81637,1.87,1.00
2016.11.18 12:10:48.516,0.81629,0.81638,1.00,1.00
2016.11.18 12:10:49.125,0.81629,0.81637,1.00,1.00
2016.11.18 12:10:49.630,0.81627,0.81637,1.72,1.00
2016.11.18 12:10:50.179,0.81628,0.81638,1.30,1.50
2016.11.18 12:10:50.709,0.81628,0.81637,2.10,1.00
2016.11.18 12:10:50.811,0.81628,0.81637,1.30,1.50
2016.11.18 12:10:51.014,0.81629,0.81639,2.85,1.87
2016.11.18 12:10:51.367,0.8163,0.81641,2.85,1.50
2016.11.18 12:10:51.890,0.81632,0.81641,1.00,1.50
2016.11.18 12:10:52.064,0.8163,0.81639,2.47,1.00
2016.11.18 12:10:52.268,0.81626,0.81636,1.50,1.50
2016.11.18 12:10:52.370,0.81628,0.81636,1.00,1.12
2016.11.18 12:10:52.673,0.81627,0.81635,1.00,1.87
2016.11.18 12:10:52.774,0.81627,0.81636,1.00,1.87
2016.11.18 12:10:52.826,0.81625,0.8163,1.00,1.00
2016.11.18 12:10:53.029,0.81621,0.81628,1.12,1.00
2016.11.18 12:10:53.269,0.81619,0.81629,1.50,1.00
2016.11.18 12:10:53.523,0.8162,0.8163,1.50,1.00
2016.11.18 12:10:54.186,0.81623,0.81631,1.00,1.00
2016.11.18 12:10:54.440,0.81624,0.81635,1.00,1.67
2016.11.18 12:10:54.491,0.81627,0.81635,1.00,1.04
2016.11.18 12:10:54.614,0.81628,0.81636,1.00,1.00
2016.11.18 12:10:54.766,0.81628,0.81632,1.00,1.00
2016.11.18 12:10:54.919,0.81624,0.81632,1.00,1.00
2016.11.18 12:10:55.021,0.81624,0.81634,1.00,1.04
2016.11.18 12:10:55.747,0.81624,0.81632,1.12,1.00
2016.11.18 12:10:56.137,0.81624,0.81635,1.12,1.79
2016.11.18 12:10:56.440,0.81626,0.81635,1.00,1.00
2016.11.18 12:10:56.945,0.81625,0.81634,1.35,1.00
2016.11.18 12:10:57.359,0.81624,0.81632,1.60,1.00
2016.11.18 12:10:57.593,0.81622,0.81632,2.62,1.00
2016.11.18 12:10:57.695,0.81622,0.8163,1.00,1.00
2016.11.18 12:10:58.231,0.81622,0.8163,1.00,1.37
2016.11.18 12:10:58.878,0.81622,0.81628,1.00,1.50
2016.11.18 12:10:59.080,0.81613,0.81624,1.12,1.00
2016.11.18 12:10:59.215,0.81612,0.81622,1.00,1.50
2016.11.18 12:10:59.519,0.81609,0.8162,1.12,1.79
2016.11.18 12:11:00.046,0.81609,0.8162,2.10,1.00
2016.11.18 12:11:00.595,0.81609,0.81621,2.25,1.87
2016.11.18 12:11:00.646,0.81609,0.81621,2.25,1.87
2016.11.18 12:11:01.192,0.81612,0.81621,1.00,1.00
2016.11.18 12:11:01.243,0.8161,0.81621,1.87,1.00
2016.11.18 12:11:02.000,0.81611,0.81621,1.00,1.00
2016.11.18 12:11:02.533,0.8161,0.8162,2.25,1.00
2016.11.18 12:11:03.351,0.81609,0.8162,1.87,1.00
2016.11.18 12:11:03.857,0.8161,0.8162,1.12,1.50
2016.11.18 12:11:04.161,0.8161,0.81622,2.25,1.12
2016.11.18 12:11:04.413,0.81611,0.8162,1.87,1.00
2016.11.18 12:11:04.716,0.81606,0.81615,2.25,1.00
2016.11.18 12:11:04.767,0.81605,0.81615,1.87,1.00
2016.11.18 12:11:04.919,0.81607,0.81616,1.00,1.00
2016.11.18 12:11:06.076,0.81605,0.81615,1.12,1.50
2016.11.18 12:11:06.127,0.81605,0.81613,1.12,1.00
2016.11.18 12:11:06.279,0.81601,0.81611,2.25,1.00
2016.11.18 12:11:06.381,0.81601,0.81611,3.37,1.00
2016.11.18 12:11:06.482,0.81601,0.81611,1.37,1.00
2016.11.18 12:11:07.008,0.81601,0.8161,1.12,1.00
2016.11.18 12:11:07.263,0.81601,0.81611,1.75,1.00
2016.11.18 12:11:07.365,0.81601,0.81611,1.12,1.00
2016.11.18 12:11:08.096,0.81601,0.81611,1.00,1.37
2016.11.18 12:11:08.681,0.816,0.81611,1.30,1.37
2016.11.18 12:11:09.287,0.81599,0.8161,2.25,1.00
2016.11.18 12:11:09.540,0.816,0.81612,2.25,1.50
2016.11.18 12:11:09.692,0.81601,0.81612,2.25,1.00
2016.11.18 12:11:10.265,0.81602,0.81612,1.00,1.00
2016.11.18 12:11:10.770,0.81601,0.81611,1.12,1.00
2016.11.18 12:11:11.383,0.81602,0.81611,1.00,1.00
2016.11.18 12:11:11.434,0.81602,0.81613,1.00,2.62
2016.11.18 12:11:11.485,0.81608,0.81613,1.00,1.37
2016.11.18 12:11:11.637,0.81605,0.81615,1.50,1.75
2016.11.18 12:11:11.789,0.81605,0.81615,1.00,1.12
2016.11.18 12:11:11.988,0.81604,0.81613,1.00,1.00
2016.11.18 12:11:12.520,0.81602,0.81611,1.00,1.00
2016.11.18 12:11:13.531,0.81604,0.81611,1.50,1.00
2016.11.18 12:11:13.583,0.81605,0.81613,1.00,1.00
2016.11.18 12:11:13.887,0.81603,0.81612,1.12,1.00
2016.11.18 12:11:15.285,0.81603,0.8161,1.00,1.00
2016.11.18 12:11:15.336,0.81601,0.81611,1.12,1.00
2016.11.18 12:11:15.891,0.81604,0.81611,1.00,1.00
2016.11.18 12:11:16.195,0.81601,0.81611,1.50,1.00
2016.11.18 12:11:16.296,0.81601,0.81609,1.00,1.00
2016.11.18 12:11:16.622,0.81593,0.81604,4.12,1.87
2016.11.18 12:11:16.874,0.81593,0.81603,1.12,1.00
2016.11.18 12:11:17.026,0.81592,0.81601,1.67,1.00
2016.11.18 12:11:17.538,0.81592,0.81602,1.00,1.00
2016.11.18 12:11:18.173,0.81593,0.81603,1.00,1.00
2016.11.18 12:11:18.476,0.81595,0.81606,1.50,1.12
2016.11.18 12:11:19.133,0.81596,0.81607,1.87,1.87
2016.11.18 12:11:19.436,0.81598,0.81607,1.00,1.12
2016.11.18 12:11:20.119,0.81597,0.81607,1.00,1.87
2016.11.18 12:11:21.137,0.81596,0.81607,1.00,1.12
2016.11.18 12:11:21.654,0.81597,0.81606,1.00,1.12
2016.11.18 12:11:22.086,0.81599,0.81607,1.00,1.00
2016.11.18 12:11:22.188,0.81599,0.8161,1.87,1.87
2016.11.18 12:11:22.289,0.816,0.8161,1.37,1.00
2016.11.18 12:11:22.805,0.81599,0.81611,2.25,1.87
2016.11.18 12:11:23.303,0.816,0.81612,2.25,1.00
2016.11.18 12:11:23.808,0.81602,0.81613,2.25,2.25
2016.11.18 12:11:24.901,0.81602,0.81612,1.50,1.00
2016.11.18 12:11:25.153,0.81601,0.81612,1.87,1.00
2016.11.18 12:11:25.290,0.81604,0.81613,1.50,1.50
2016.11.18 12:11:25.593,0.81607,0.81616,1.87,1.00
2016.11.18 12:11:26.210,0.81607,0.81617,1.87,1.00
2016.11.18 12:11:26.513,0.81607,0.81615,1.12,1.00
2016.11.18 12:11:26.999,0.8161,0.81617,1.00,1.00
2016.11.18 12:11:27.201,0.81613,0.81621,1.12,1.00
2016.11.18 12:11:27.748,0.81612,0.81621,2.25,1.00
2016.11.18 12:11:27.910,0.81615,0.81625,1.00,1.00
2016.11.18 12:11:28.011,0.81616,0.81627,1.00,2.25
2016.11.18 12:11:28.551,0.81616,0.81626,1.50,1.50
2016.11.18 12:11:29.072,0.81618,0.81627,1.00,1.50
2016.11.18 12:11:29.173,0.8162,0.81628,1.00,1.00
2016.11.18 12:11:29.361,0.81621,0.81631,1.50,1.00
2016.11.18 12:11:29.462,0.8162,0.81631,1.12,1.00
2016.11.18 12:11:30.032,0.81621,0.81631,1.00,1.50
2016.11.18 12:11:30.555,0.81622,0.81631,1.00,1.00
2016.11.18 12:11:30.937,0.8162,0.8163,1.12,1.00
2016.11.18 12:11:31.471,0.81618,0.81629,1.50,1.12
2016.11.18 12:11:31.623,0.81617,0.81628,1.12,1.50
2016.11.18 12:11:31.926,0.81619,0.81628,1.00,1.00
2016.11.18 12:11:32.376,0.8162,0.8163,1.00,1.50
2016.11.18 12:11:32.528,0.81618,0.81629,1.12,1.00
2016.11.18 12:11:33.077,0.81617,0.81628,1.00,1.00
2016.11.18 12:11:33.583,0.81616,0.81628,1.50,2.62
2016.11.18 12:11:34.111,0.81618,0.81628,1.00,1.50
2016.11.18 12:11:34.495,0.81621,0.81629,1.00,1.00
2016.11.18 12:11:34.597,0.81622,0.81632,1.00,1.50
2016.11.18 12:11:34.698,0.81624,0.81632,1.00,1.00
2016.11.18 12:11:35.013,0.81622,0.81632,1.00,1.00
2016.11.18 12:11:35.657,0.81622,0.81634,1.00,1.87
2016.11.18 12:11:35.708,0.81622,0.81632,1.00,1.00
2016.11.18 12:11:36.215,0.81622,0.81631,1.00,1.00
2016.11.18 12:11:36.501,0.81623,0.81633,1.00,1.12
2016.11.18 12:11:37.039,0.81624,0.81633,1.00,1.12
2016.11.18 12:11:37.544,0.81623,0.81634,1.00,1.12
2016.11.18 12:11:38.196,0.81624,0.81634,1.00,1.00
2016.11.18 12:11:38.247,0.81622,0.81632,2.25,1.00
2016.11.18 12:11:38.931,0.81624,0.81633,1.50,1.50
2016.11.18 12:11:39.184,0.81627,0.81636,1.00,1.50
2016.11.18 12:11:39.464,0.81624,0.81635,1.50,1.12
2016.11.18 12:11:39.969,0.81624,0.81634,1.50,1.12
2016.11.18 12:11:40.536,0.81627,0.81637,1.00,1.50
2016.11.18 12:11:40.688,0.81627,0.81639,1.50,2.25
2016.11.18 12:11:41.199,0.81628,0.81637,1.00,1.00
2016.11.18 12:11:41.391,0.8163,0.8164,1.00,1.50
2016.11.18 12:11:41.493,0.81631,0.81641,1.00,1.50
2016.11.18 12:11:41.897,0.8163,0.81639,1.50,1.00
2016.11.18 12:11:42.614,0.81628,0.81639,1.50,1.50
2016.11.18 12:11:42.665,0.8163,0.81641,1.00,2.25
2016.11.18 12:11:42.767,0.81627,0.81638,1.87,1.00
2016.11.18 12:11:43.098,0.81625,0.81636,1.00,1.50
2016.11.18 12:11:43.636,0.81624,0.81635,1.00,1.87
2016.11.18 12:11:44.825,0.81624,0.81634,1.00,1.00
2016.11.18 12:11:45.078,0.8162,0.81631,1.87,1.87
2016.11.18 12:11:45.533,0.81622,0.81631,1.00,2.25
2016.11.18 12:11:45.836,0.81623,0.81633,1.00,1.12
2016.11.18 12:11:46.710,0.81623,0.81632,1.00,1.00
2016.11.18 12:11:47.247,0.81622,0.81631,1.00,1.00
2016.11.18 12:11:48.661,0.81623,0.81631,1.00,1.00
2016.11.18 12:11:48.712,0.81624,0.81633,1.00,1.12
2016.11.18 12:11:49.024,0.81626,0.81635,1.00,1.00
2016.11.18 12:11:49.531,0.81625,0.81635,1.00,1.00
2016.11.18 12:11:50.036,0.81625,0.81636,1.50,1.50
2016.11.18 12:11:52.247,0.81625,0.81636,1.37,1.87
2016.11.18 12:11:52.876,0.81626,0.81635,1.00,1.00
2016.11.18 12:11:53.262,0.81626,0.81637,1.00,2.25
2016.11.18 12:11:53.795,0.81626,0.81636,1.12,1.00
2016.11.18 12:11:54.550,0.81627,0.81636,1.00,1.00
2016.11.18 12:11:56.161,0.81626,0.81636,1.50,1.00
2016.11.18 12:11:56.263,0.81626,0.81636,1.12,1.00
2016.11.18 12:11:56.790,0.81625,0.81635,1.50,1.00
2016.11.18 12:11:57.296,0.81625,0.81635,2.25,1.00
2016.11.18 12:11:57.347,0.81625,0.81635,1.87,1.00
2016.11.18 12:11:57.887,0.81626,0.81634,1.00,1.00
2016.11.18 12:11:58.213,0.81626,0.81632,1.00,1.00
2016.11.18 12:11:58.538,0.8162,0.81627,2.25,1.50
2016.11.18 12:11:58.589,0.81616,0.81626,1.12,1.00
2016.11.18 12:11:59.296,0.81616,0.81627,1.12,1.12
2016.11.18 12:11:59.498,0.81616,0.81627,1.87,1.12
2016.11.18 12:12:01.375,0.81618,0.81628,1.00,1.50
2016.11.18 12:12:02.173,0.81617,0.81628,1.50,1.50
2016.11.18 12:12:02.487,0.81614,0.81624,2.25,1.00
2016.11.18 12:12:03.776,0.81616,0.81625,1.00,1.00
2016.11.18 12:12:04.281,0.81615,0.81624,1.50,1.00
2016.11.18 12:12:04.793,0.81615,0.81623,1.50,1.00
2016.11.18 12:12:05.391,0.81616,0.81625,1.00,1.50
2016.11.18 12:12:06.328,0.81615,0.81625,1.50,1.00
2016.11.18 12:12:07.073,0.81614,0.81625,1.50,1.00
2016.11.18 12:12:07.326,0.81613,0.81622,1.37,1.00
2016.11.18 12:12:07.508,0.81612,0.81622,2.25,1.00
2016.11.18 12:12:07.812,0.81614,0.81623,1.00,3.00
2016.11.18 12:12:08.335,0.81613,0.81623,1.50,1.00
2016.11.18 12:12:09.165,0.81612,0.81621,1.50,1.00
2016.11.18 12:12:09.670,0.81611,0.8162,1.00,1.00
2016.11.18 12:12:10.176,0.8161,0.81619,1.00,1.12
2016.11.18 12:12:11.200,0.81609,0.81618,1.00,1.00
2016.11.18 12:12:11.783,0.81608,0.81618,1.00,1.00
2016.11.18 12:12:12.288,0.81607,0.81617,2.62,1.00
2016.11.18 12:12:12.841,0.81609,0.81617,1.00,1.00
2016.11.18 12:12:13.094,0.81609,0.81619,1.50,1.12
2016.11.18 12:12:13.246,0.81612,0.81619,1.00,1.00
2016.11.18 12:12:14.248,0.81611,0.81619,1.00,1.00
2016.11.18 12:12:15.813,0.81609,0.81619,1.87,1.00
2016.11.18 12:12:16.321,0.81609,0.81618,1.50,1.00
2016.11.18 12:12:16.423,0.81609,0.81616,1.50,1.00
2016.11.18 12:12:20.599,0.81608,0.81618,1.50,1.00
2016.11.18 12:12:21.182,0.81609,0.81618,1.00,1.00
2016.11.18 12:12:22.803,0.81611,0.81618,1.00,1.00
2016.11.18 12:12:23.006,0.81614,0.81622,1.00,1.12
2016.11.18 12:12:23.841,0.81614,0.81623,1.00,1.00
2016.11.18 12:12:24.391,0.81612,0.81622,1.87,1.00
2016.11.18 12:12:24.896,0.81612,0.81622,1.50,1.00
2016.11.18 12:12:26.282,0.81614,0.81622,1.00,1.00
2016.11.18 12:12:27.754,0.81614,0.81623,1.00,1.00
2016.11.18 12:12:28.190,0.81617,0.81626,1.00,2.25
2016.11.18 12:12:28.494,0.81619,0.81626,1.50,1.00
2016.11.18 12:12:29.156,0.81619,0.81627,1.00,1.00
2016.11.18 12:12:29.683,0.81618,0.81627,1.00,1.00
2016.11.18 12:12:31.597,0.8162,0.81628,1.00,1.00
2016.11.18 12:12:32.337,0.81621,0.81629,1.00,1.00
2016.11.18 12:12:32.708,0.81625,0.81632,1.00,1.00
2016.11.18 12:12:32.961,0.81629,0.81637,1.50,1.00
2016.11.18 12:12:33.214,0.81626,0.81635,1.50,1.00
2016.11.18 12:12:33.719,0.81627,0.81635,1.00,1.00
2016.11.18 12:12:34.266,0.81626,0.81635,1.87,1.00
2016.11.18 12:12:34.383,0.81628,0.81635,1.00,1.00
2016.11.18 12:12:35.165,0.81628,0.81636,1.00,1.00
2016.11.18 12:12:35.317,0.81629,0.81639,1.00,3.00
2016.11.18 12:12:35.716,0.8163,0.8164,1.00,1.87
2016.11.18 12:12:37.023,0.81626,0.81632,2.62,1.00
2016.11.18 12:12:37.258,0.8162,0.8163,4.12,1.79
2016.11.18 12:12:37.360,0.81619,0.81629,1.50,1.00
2016.11.18 12:12:37.514,0.81619,0.81627,1.00,1.00
2016.11.18 12:12:38.021,0.81618,0.81627,1.00,1.50
2016.11.18 12:12:38.324,0.81618,0.81625,1.00,1.00
2016.11.18 12:12:38.375,0.81615,0.81624,1.12,1.00
2016.11.18 12:12:38.662,0.81613,0.81623,1.00,1.12
2016.11.18 12:12:39.433,0.81613,0.81621,1.00,1.00
2016.11.18 12:12:40.377,0.81613,0.81624,1.00,1.12
2016.11.18 12:12:41.268,0.81612,0.81622,1.50,1.50
2016.11.18 12:12:41.369,0.8161,0.81622,2.25,1.50
2016.11.18 12:12:41.922,0.8161,0.81621,1.00,1.87
2016.11.18 12:12:42.905,0.81611,0.81621,1.00,1.87
2016.11.18 12:12:46.315,0.8161,0.81619,1.50,1.00
2016.11.18 12:12:46.831,0.8161,0.81618,1.00,1.00
2016.11.18 12:12:47.336,0.81609,0.81619,1.00,1.00
2016.11.18 12:12:47.673,0.81605,0.81616,1.00,2.25
2016.11.18 12:12:47.825,0.81607,0.81615,1.00,1.00
2016.11.18 12:12:47.926,0.81605,0.81616,1.00,2.62
2016.11.18 12:12:48.129,0.81608,0.81616,1.00,1.12
2016.11.18 12:12:48.635,0.81608,0.81617,1.00,1.00
2016.11.18 12:12:48.938,0.81606,0.81617,1.50,1.00
2016.11.18 12:12:49.457,0.81605,0.81616,1.87,2.25
2016.11.18 12:12:49.969,0.81606,0.81615,1.00,1.00
2016.11.18 12:12:50.493,0.81607,0.81616,1.00,1.00
2016.11.18 12:12:50.746,0.81605,0.81616,1.50,1.50
2016.11.18 12:12:51.285,0.81605,0.81615,1.12,1.00
2016.11.18 12:12:51.814,0.81605,0.81616,1.12,1.12
2016.11.18 12:12:52.410,0.81606,0.81616,1.00,1.12
2016.11.18 12:12:52.912,0.81607,0.81615,1.00,1.00
2016.11.18 12:12:53.371,0.81607,0.81617,1.00,2.25
2016.11.18 12:12:53.908,0.81608,0.81616,1.00,1.12
2016.11.18 12:12:54.212,0.81606,0.81616,1.87,1.00
2016.11.18 12:12:55.430,0.81605,0.81615,1.00,1.00
2016.11.18 12:12:56.174,0.81606,0.81615,1.00,1.00
2016.11.18 12:12:56.713,0.81606,0.81614,1.00,1.00
2016.11.18 12:12:59.913,0.81604,0.81614,1.87,1.12
2016.11.18 12:12:59.964,0.81604,0.81612,1.87,1.00
2016.11.18 12:13:00.483,0.81605,0.81613,2.25,1.00
2016.11.18 12:13:00.997,0.81606,0.81613,1.00,1.00
2016.11.18 12:13:01.098,0.81604,0.81613,1.00,1.00
2016.11.18 12:13:02.293,0.81605,0.81614,1.50,1.37
2016.11.18 12:13:02.394,0.81606,0.81615,1.00,1.87
2016.11.18 12:13:03.038,0.81606,0.81614,1.00,1.00
2016.11.18 12:13:03.241,0.81604,0.81614,1.87,1.00
2016.11.18 12:13:03.741,0.81603,0.81612,1.12,1.00
2016.11.18 12:13:05.468,0.81605,0.81612,1.00,1.00
2016.11.18 12:13:06.023,0.81605,0.81613,1.00,1.12
2016.11.18 12:13:07.158,0.81604,0.81613,1.00,1.12
2016.11.18 12:13:07.492,0.81606,0.81614,1.00,1.00
2016.11.18 12:13:07.543,0.81606,0.81616,1.50,1.12
2016.11.18 12:13:08.275,0.81608,0.81616,1.00,1.12
2016.11.18 12:13:09.239,0.81606,0.81616,1.50,1.00
2016.11.18 12:13:09.391,0.81606,0.81613,1.00,1.00
2016.11.18 12:13:09.904,0.81605,0.81613,1.00,1.00
2016.11.18 12:13:11.289,0.81604,0.81613,1.50,1.00
2016.11.18 12:13:11.619,0.81603,0.81611,2.25,1.00
2016.11.18 12:13:12.450,0.81602,0.8161,1.00,1.00
2016.11.18 12:13:13.245,0.81601,0.8161,1.00,1.00
2016.11.18 12:13:14.168,0.81602,0.81612,1.50,1.87
2016.11.18 12:13:16.434,0.81602,0.81611,1.50,1.00
2016.11.18 12:13:17.180,0.81601,0.81611,1.87,1.00
2016.11.18 12:13:17.796,0.81601,0.8161,1.12,1.00
2016.11.18 12:13:18.123,0.81603,0.81612,1.00,1.00
2016.11.18 12:13:18.527,0.81602,0.81606,1.00,1.00
2016.11.18 12:13:18.680,0.81596,0.81605,1.75,1.00
2016.11.18 12:13:18.781,0.81596,0.81605,1.00,1.00
2016.11.18 12:13:18.959,0.81598,0.81607,1.00,1.00
2016.11.18 12:13:19.689,0.81597,0.81607,2.25,1.00
2016.11.18 12:13:19.992,0.81601,0.81608,1.00,1.00
2016.11.18 12:13:20.144,0.81599,0.81608,1.50,1.00
2016.11.18 12:13:20.673,0.81598,0.81608,2.62,1.00
2016.11.18 12:13:21.285,0.81599,0.81608,1.00,1.00
2016.11.18 12:13:21.810,0.816,0.81608,1.00,1.00
2016.11.18 12:13:22.384,0.816,0.81607,1.00,1.00
2016.11.18 12:13:23.031,0.816,0.81608,1.00,1.00
2016.11.18 12:13:23.384,0.81601,0.8161,1.00,1.87
2016.11.18 12:13:24.067,0.81601,0.81608,1.00,1.00
2016.11.18 12:13:24.118,0.81601,0.8161,1.00,1.87
2016.11.18 12:13:24.270,0.81601,0.81608,1.00,1.00
2016.11.18 12:13:26.350,0.81601,0.81609,1.50,1.00
2016.11.18 12:13:26.553,0.81601,0.81611,1.00,1.87
2016.11.18 12:13:28.280,0.816,0.81609,1.00,1.50
2016.11.18 12:13:28.686,0.81598,0.81608,1.50,1.00
2016.11.18 12:13:29.387,0.81599,0.81606,1.00,1.00
2016.11.18 12:13:30.020,0.81598,0.81607,1.00,1.00
2016.11.18 12:13:30.326,0.81598,0.81608,1.50,1.00
2016.11.18 12:13:30.427,0.81598,0.81608,1.12,1.00
2016.11.18 12:13:30.933,0.81597,0.81607,2.25,1.00
2016.11.18 12:13:31.529,0.81598,0.81607,1.00,1.00
2016.11.18 12:13:33.281,0.81597,0.81607,2.25,1.00
2016.11.18 12:13:33.383,0.81599,0.81608,1.00,1.50
2016.11.18 12:13:33.934,0.81598,0.81605,1.00,1.00
2016.11.18 12:13:34.086,0.81595,0.81605,1.87,1.00
2016.11.18 12:13:34.441,0.81593,0.81602,1.50,1.50
2016.11.18 12:13:34.643,0.81591,0.816,1.87,1.50
2016.11.18 12:13:35.956,0.81591,0.81601,1.50,1.50
2016.11.18 12:13:36.108,0.81596,0.81603,1.00,1.37
2016.11.18 12:13:36.260,0.81598,0.81605,1.00,1.00
2016.11.18 12:13:36.361,0.81598,0.81608,1.00,1.50
2016.11.18 12:13:36.512,0.81597,0.81606,1.37,1.00
2016.11.18 12:13:37.030,0.81597,0.81606,1.00,1.87
2016.11.18 12:13:37.257,0.81595,0.81605,1.00,1.00
2016.11.18 12:13:38.035,0.81595,0.81603,1.12,1.00
2016.11.18 12:13:38.401,0.81594,0.81601,1.00,1.00
2016.11.18 12:13:38.826,0.81593,0.81603,1.00,1.00
2016.11.18 12:13:39.860,0.81592,0.81602,1.00,1.00
2016.11.18 12:13:40.281,0.8159,0.81599,1.00,1.00
2016.11.18 12:13:40.484,0.81584,0.81595,2.25,1.50
2016.11.18 12:13:40.635,0.81586,0.81594,1.00,1.00
2016.11.18 12:13:40.686,0.81586,0.81596,1.50,1.00
2016.11.18 12:13:41.190,0.81587,0.81597,1.00,1.87
2016.11.18 12:13:41.400,0.81587,0.81595,1.00,1.00
2016.11.18 12:13:42.941,0.81587,0.81594,1.00,1.00
2016.11.18 12:13:42.992,0.81585,0.81594,1.12,1.00
2016.11.18 12:13:43.043,0.81584,0.81592,1.87,1.00
2016.11.18 12:13:43.348,0.81581,0.81589,1.37,1.00
2016.11.18 12:13:43.601,0.81578,0.81586,1.00,1.12
2016.11.18 12:13:44.426,0.81577,0.81587,1.00,2.25
2016.11.18 12:13:46.725,0.81577,0.81586,1.50,1.00
2016.11.18 12:13:47.228,0.81577,0.81587,1.50,1.79
2016.11.18 12:13:48.141,0.81577,0.81586,1.50,1.00
2016.11.18 12:13:48.683,0.81577,0.81585,1.00,1.00
2016.11.18 12:13:52.094,0.81577,0.81586,1.50,1.12
2016.11.18 12:13:52.145,0.81575,0.81579,1.50,1.00
2016.11.18 12:13:52.426,0.81567,0.81576,1.12,1.00
2016.11.18 12:13:52.679,0.81565,0.81574,1.12,1.00
2016.11.18 12:13:52.881,0.81562,0.81572,1.50,1.00
2016.11.18 12:13:53.134,0.81564,0.81572,1.00,1.12
2016.11.18 12:13:53.469,0.81562,0.81572,2.25,1.00
2016.11.18 12:13:53.980,0.81562,0.81571,1.00,1.50
2016.11.18 12:13:54.883,0.81563,0.81571,1.00,1.12
2016.11.18 12:13:55.242,0.81566,0.81574,1.00,2.62
2016.11.18 12:13:55.293,0.81569,0.81578,1.00,3.75
2016.11.18 12:13:55.395,0.81567,0.81577,1.50,1.75
2016.11.18 12:13:55.497,0.81565,0.81574,1.00,1.00
2016.11.18 12:13:56.020,0.81564,0.81574,1.50,1.12
2016.11.18 12:13:56.283,0.81565,0.81576,1.00,1.50
2016.11.18 12:13:56.788,0.81566,0.81576,1.00,1.00
2016.11.18 12:13:57.723,0.81568,0.81577,1.00,2.62
2016.11.18 12:13:57.875,0.81565,0.81574,1.12,1.00
2016.11.18 12:13:57.927,0.81566,0.81576,1.12,1.12
2016.11.18 12:13:57.977,0.81568,0.81577,1.00,1.42
2016.11.18 12:13:58.362,0.81571,0.81581,1.00,1.50
2016.11.18 12:13:58.725,0.81571,0.81583,1.00,2.25
2016.11.18 12:13:58.827,0.81573,0.81583,1.00,1.12
2016.11.18 12:13:59.435,0.81573,0.81582,1.00,1.12
2016.11.18 12:13:59.588,0.81571,0.81582,1.00,1.12
2016.11.18 12:14:00.009,0.81572,0.81582,1.50,1.00
2016.11.18 12:14:00.111,0.81571,0.81582,1.87,1.12
2016.11.18 12:14:00.212,0.81569,0.8158,2.25,1.00
2016.11.18 12:14:00.718,0.81569,0.81578,1.00,1.50
2016.11.18 12:14:01.023,0.81571,0.81579,1.00,1.00
2016.11.18 12:14:01.124,0.81568,0.81579,1.12,1.00
2016.11.18 12:14:01.626,0.81567,0.81578,2.25,1.00
2016.11.18 12:14:01.828,0.81565,0.81576,4.50,1.00
2016.11.18 12:14:02.132,0.81562,0.81572,4.12,1.00
2016.11.18 12:14:03.118,0.81562,0.81572,1.12,1.00
2016.11.18 12:14:03.543,0.81562,0.81574,2.25,1.12
2016.11.18 12:14:03.745,0.81563,0.81574,1.75,1.00
2016.11.18 12:14:04.287,0.81562,0.81573,4.12,1.50
2016.11.18 12:14:04.441,0.81562,0.81573,1.87,1.50
2016.11.18 12:14:04.728,0.81563,0.81571,1.12,1.00
2016.11.18 12:14:04.931,0.81562,0.81573,1.12,1.00
2016.11.18 12:14:05.032,0.81562,0.81573,3.37,1.00
2016.11.18 12:14:05.558,0.81565,0.81574,1.00,1.50
2016.11.18 12:14:07.892,0.81562,0.81572,3.00,1.00
2016.11.18 12:14:07.942,0.81562,0.81572,1.37,1.00
2016.11.18 12:14:08.627,0.81562,0.81573,1.87,1.50
2016.11.18 12:14:09.159,0.81562,0.81572,2.62,1.00
2016.11.18 12:14:10.180,0.81563,0.81573,1.12,1.50
2016.11.18 12:14:10.696,0.81563,0.81573,1.50,1.50
2016.11.18 12:14:11.850,0.81562,0.81571,1.75,1.00
2016.11.18 12:14:12.052,0.81562,0.81571,1.00,1.00
2016.11.18 12:14:13.089,0.81562,0.8157,1.00,1.00
2016.11.18 12:14:13.443,0.8156,0.8157,1.87,1.00
2016.11.18 12:14:13.720,0.81563,0.8157,1.00,1.00
2016.11.18 12:14:14.591,0.81564,0.81571,1.00,1.00
2016.11.18 12:14:14.931,0.81559,0.81567,1.00,1.00
2016.11.18 12:14:14.983,0.81559,0.81565,1.00,1.00
2016.11.18 12:14:15.488,0.81558,0.81565,1.00,1.00
2016.11.18 12:14:15.774,0.81558,0.81567,1.00,1.00
2016.11.18 12:14:16.381,0.81558,0.81567,2.25,1.00
2016.11.18 12:14:16.914,0.81559,0.81568,1.12,1.00
2016.11.18 12:14:17.625,0.8156,0.8157,1.50,1.12
2016.11.18 12:14:17.728,0.81562,0.8157,1.12,1.00
2016.11.18 12:14:18.336,0.81562,0.81572,1.87,1.12
2016.11.18 12:14:18.861,0.81562,0.81571,1.12,1.00
2016.11.18 12:14:19.384,0.81562,0.8157,1.00,1.00
2016.11.18 12:14:19.948,0.81561,0.81571,2.25,1.00
2016.11.18 12:14:21.775,0.81563,0.8157,1.00,1.00
2016.11.18 12:14:22.334,0.81562,0.8157,2.25,1.00
2016.11.18 12:14:23.099,0.81562,0.81571,2.25,1.00
2016.11.18 12:14:23.604,0.81563,0.81572,1.50,1.50
2016.11.18 12:14:23.758,0.81564,0.81573,1.50,1.00
2016.11.18 12:14:24.264,0.81564,0.81572,1.12,1.50
2016.11.18 12:14:24.592,0.81564,0.81574,1.12,1.50
2016.11.18 12:14:24.643,0.81567,0.81574,1.00,1.00
2016.11.18 12:14:24.846,0.81564,0.81574,1.50,1.00
2016.11.18 12:14:25.681,0.81565,0.81575,1.12,1.50
2016.11.18 12:14:25.732,0.81567,0.81575,1.00,1.50
2016.11.18 12:14:26.509,0.81567,0.81574,1.00,1.50
2016.11.18 12:14:26.560,0.81564,0.81574,1.12,1.50
2016.11.18 12:14:27.148,0.81563,0.81573,3.00,1.00
2016.11.18 12:14:27.411,0.81567,0.81575,1.00,1.00
2016.11.18 12:14:27.974,0.81565,0.81576,1.37,1.00
2016.11.18 12:14:28.277,0.81563,0.81572,1.12,1.50
2016.11.18 12:14:28.939,0.81563,0.81571,1.50,1.00
2016.11.18 12:14:29.612,0.81563,0.81572,2.25,1.00
2016.11.18 12:14:29.981,0.81568,0.81572,1.00,1.00
2016.11.18 12:14:30.133,0.81567,0.81575,1.50,1.12
2016.11.18 12:14:30.184,0.81569,0.81575,1.00,1.00
2016.11.18 12:14:30.235,0.81565,0.81576,2.25,1.12
2016.11.18 12:14:30.373,0.81569,0.81577,1.00,1.12
2016.11.18 12:14:30.878,0.81568,0.81577,1.00,1.00
2016.11.18 12:14:31.553,0.81566,0.81577,2.25,1.12
2016.11.18 12:14:31.876,0.81567,0.81578,4.87,1.50
2016.11.18 12:14:31.977,0.81567,0.81578,3.00,1.50
2016.11.18 12:14:32.128,0.81572,0.81579,1.00,1.00
2016.11.18 12:14:32.280,0.81572,0.81581,1.87,1.00
2016.11.18 12:14:32.794,0.81572,0.81582,1.50,1.50
2016.11.18 12:14:33.148,0.81571,0.81579,1.37,1.00
2016.11.18 12:14:33.386,0.81564,0.81573,1.87,1.00
2016.11.18 12:14:33.437,0.81566,0.81573,1.00,1.00
2016.11.18 12:14:33.740,0.81564,0.81573,1.87,1.00
2016.11.18 12:14:34.616,0.81564,0.81575,1.50,1.12
2016.11.18 12:14:34.987,0.81564,0.81576,2.25,1.00
2016.11.18 12:14:35.513,0.81567,0.81576,1.00,1.00
2016.11.18 12:14:35.873,0.81565,0.81575,1.00,1.00
2016.11.18 12:14:36.569,0.81565,0.81576,1.50,1.50
2016.11.18 12:14:36.670,0.81569,0.81577,1.00,1.00
2016.11.18 12:14:36.721,0.81567,0.81576,1.00,1.00
2016.11.18 12:14:36.822,0.8157,0.81578,1.00,1.87
2016.11.18 12:14:36.873,0.8157,0.81579,1.00,1.50
2016.11.18 12:14:37.320,0.81572,0.81581,1.00,1.00
2016.11.18 12:14:37.523,0.81571,0.81583,1.87,1.87
2016.11.18 12:14:37.857,0.81572,0.81581,1.00,1.00
2016.11.18 12:14:38.213,0.81572,0.81583,1.50,1.12
2016.11.18 12:14:39.170,0.81573,0.81584,1.00,2.25
2016.11.18 12:14:39.526,0.81573,0.81582,1.00,1.87
2016.11.18 12:14:39.577,0.81571,0.81581,1.50,1.12
2016.11.18 12:14:39.679,0.81571,0.81579,1.00,1.00
2016.11.18 12:14:40.220,0.81571,0.8158,1.00,1.87
2016.11.18 12:14:40.574,0.81573,0.81582,1.00,1.12
2016.11.18 12:14:41.029,0.81576,0.81585,1.00,1.37
2016.11.18 12:14:41.130,0.81574,0.81585,2.10,1.87
2016.11.18 12:14:41.181,0.81576,0.81585,1.00,1.50
2016.11.18 12:14:41.332,0.81575,0.81585,1.12,1.00
2016.11.18 12:14:41.794,0.81574,0.81583,1.87,1.50
2016.11.18 12:14:42.299,0.81572,0.81582,1.12,1.12
2016.11.18 12:14:42.939,0.81573,0.81584,1.50,2.25
2016.11.18 12:14:43.040,0.81575,0.81584,1.00,1.87
2016.11.18 12:14:43.575,0.81577,0.81584,1.00,1.50
2016.11.18 12:14:43.728,0.81577,0.81586,1.00,1.87
2016.11.18 12:14:45.185,0.81576,0.81586,1.00,1.00
2016.11.18 12:14:45.612,0.81579,0.81588,1.00,1.00
2016.11.18 12:14:45.713,0.81579,0.8159,2.62,1.12
2016.11.18 12:14:45.764,0.81582,0.81591,1.00,1.87
2016.11.18 12:14:45.815,0.81583,0.81593,1.50,1.37
2016.11.18 12:14:45.967,0.81586,0.81595,1.50,1.87
2016.11.18 12:14:46.508,0.81585,0.81596,2.25,1.00
2016.11.18 12:14:47.063,0.81586,0.81595,1.50,1.00
2016.11.18 12:14:47.916,0.81586,0.81597,1.50,1.00
2016.11.18 12:14:48.118,0.81585,0.81595,1.75,1.50
2016.11.18 12:14:48.321,0.81581,0.81592,1.50,1.50
2016.11.18 12:14:48.539,0.8158,0.81592,1.87,2.25
2016.11.18 12:14:48.691,0.8158,0.8159,1.00,1.00
2016.11.18 12:14:49.621,0.8158,0.81591,1.00,2.25
2016.11.18 12:14:50.136,0.8158,0.81591,1.50,1.50
2016.11.18 12:14:50.640,0.81581,0.81592,1.12,1.87
2016.11.18 12:14:50.944,0.81581,0.81591,1.50,1.50
2016.11.18 12:14:51.146,0.81574,0.81586,5.25,1.50
2016.11.18 12:14:51.248,0.81579,0.81589,1.00,3.00
2016.11.18 12:14:51.401,0.8158,0.81589,1.50,1.00
2016.11.18 12:14:51.603,0.8158,0.81591,1.50,1.00
2016.11.18 12:14:51.704,0.8158,0.81589,1.50,1.00
2016.11.18 12:14:52.227,0.81579,0.8159,1.12,2.25
2016.11.18 12:14:52.560,0.81577,0.81585,1.87,1.00
2016.11.18 12:14:53.739,0.81577,0.81584,1.00,1.00
2016.11.18 12:14:53.790,0.81575,0.81584,1.50,1.00
2016.11.18 12:14:54.042,0.81572,0.81583,3.75,1.00
2016.11.18 12:14:54.295,0.81574,0.81585,1.00,1.87
2016.11.18 12:14:54.598,0.81577,0.81586,1.00,1.50
2016.11.18 12:14:54.902,0.81583,0.8159,1.00,1.00
2016.11.18 12:14:55.004,0.81585,0.81595,1.00,1.87
2016.11.18 12:14:55.556,0.81584,0.81595,1.00,1.00
2016.11.18 12:14:55.859,0.81585,0.81593,1.00,1.50
2016.11.18 12:14:55.961,0.81582,0.81593,3.00,1.50
2016.11.18 12:14:56.488,0.81582,0.81593,2.25,1.50
2016.11.18 12:14:56.958,0.81584,0.81595,1.00,2.25
2016.11.18 12:14:57.463,0.81585,0.81595,1.00,1.12
2016.11.18 12:14:57.867,0.81583,0.81594,1.00,1.87
2016.11.18 12:14:58.384,0.81582,0.81593,1.00,2.25
2016.11.18 12:14:58.669,0.81581,0.81591,1.50,1.50
2016.11.18 12:14:58.821,0.81578,0.8159,1.50,2.25
2016.11.18 12:14:58.872,0.81578,0.8159,1.12,2.62
2016.11.18 12:14:59.458,0.81579,0.81588,1.00,1.87
2016.11.18 12:15:00.188,0.81578,0.81587,1.12,1.00
2016.11.18 12:15:00.729,0.81577,0.81587,2.62,1.00
2016.11.18 12:15:02.180,0.81578,0.81587,1.00,2.25
2016.11.18 12:15:02.767,0.81578,0.81587,1.00,3.00
2016.11.18 12:15:04.389,0.81577,0.81584,1.00,1.50
2016.11.18 12:15:04.439,0.81574,0.81583,1.37,1.50
2016.11.18 12:15:04.490,0.81574,0.81578,1.00,1.50
2016.11.18 12:15:04.541,0.81572,0.81576,1.00,1.12
2016.11.18 12:15:04.643,0.81568,0.81575,1.50,1.00
2016.11.18 12:15:04.744,0.81566,0.81575,1.00,1.00
2016.11.18 12:15:04.896,0.81566,0.81577,1.12,1.50
2016.11.18 12:15:04.998,0.81568,0.81577,1.00,1.50
2016.11.18 12:15:05.200,0.81566,0.81577,1.00,1.87
2016.11.18 12:15:05.760,0.81567,0.81576,1.00,1.50
2016.11.18 12:15:06.230,0.81565,0.81575,1.00,1.00
2016.11.18 12:15:07.071,0.81564,0.81575,2.25,1.00
2016.11.18 12:15:07.122,0.81566,0.81575,1.00,1.50
2016.11.18 12:15:07.859,0.81566,0.81574,1.00,1.00
2016.11.18 12:15:08.367,0.81564,0.81573,1.00,1.00
2016.11.18 12:15:08.908,0.81563,0.81573,1.00,1.00
2016.11.18 12:15:08.959,0.81565,0.81573,1.00,1.00
2016.11.18 12:15:09.291,0.81562,0.81569,1.00,1.87
2016.11.18 12:15:09.342,0.81558,0.81569,3.00,1.12
2016.11.18 12:15:09.393,0.81559,0.8157,1.00,4.87
2016.11.18 12:15:09.444,0.81557,0.81566,1.50,1.12
2016.11.18 12:15:09.546,0.81558,0.81568,1.00,1.12
2016.11.18 12:15:09.597,0.81558,0.81568,1.00,1.50
2016.11.18 12:15:10.001,0.81558,0.81568,1.00,1.00
2016.11.18 12:15:10.203,0.81557,0.81568,1.50,1.50
2016.11.18 12:15:10.526,0.81559,0.81566,1.00,1.00
2016.11.18 12:15:10.729,0.81557,0.81568,1.00,1.75
2016.11.18 12:15:11.083,0.81557,0.81568,1.00,1.00
2016.11.18 12:15:11.888,0.81557,0.81568,1.00,1.37
2016.11.18 12:15:12.431,0.81557,0.81568,1.00,1.12
2016.11.18 12:15:12.899,0.8156,0.81569,1.00,1.50
2016.11.18 12:15:13.051,0.8156,0.8157,1.00,1.00
2016.11.18 12:15:13.102,0.81562,0.81572,1.00,2.25
2016.11.18 12:15:13.607,0.81563,0.81574,1.00,3.37
2016.11.18 12:15:14.393,0.81563,0.81573,1.00,1.37
2016.11.18 12:15:17.105,0.81561,0.81569,1.00,1.00
2016.11.18 12:15:17.408,0.81553,0.81562,1.00,2.25
2016.11.18 12:15:17.676,0.81552,0.81562,1.50,1.12
2016.11.18 12:15:18.218,0.81553,0.81562,1.00,1.50
2016.11.18 12:15:18.734,0.81553,0.81561,1.00,1.00
2016.11.18 12:15:19.262,0.81553,0.81562,1.00,1.87
2016.11.18 12:15:19.881,0.81552,0.81562,1.00,1.50
2016.11.18 12:15:19.932,0.81552,0.81562,1.50,3.37
2016.11.18 12:15:20.285,0.81552,0.81562,1.50,1.12
2016.11.18 12:15:20.796,0.81552,0.81561,1.50,1.00
2016.11.18 12:15:22.034,0.81554,0.81561,1.00,1.00
2016.11.18 12:15:22.186,0.81553,0.81563,1.00,1.00
2016.11.18 12:15:23.396,0.81553,0.81564,2.25,1.87
2016.11.18 12:15:23.653,0.81554,0.81562,1.00,1.00
2016.11.18 12:15:24.820,0.81554,0.81563,1.00,1.00
2016.11.18 12:15:25.136,0.81552,0.81561,1.00,1.12
2016.11.18 12:15:25.486,0.8155,0.81559,1.00,1.00
2016.11.18 12:15:25.789,0.81552,0.8156,1.00,1.00
2016.11.18 12:15:26.330,0.81551,0.8156,1.50,1.00
2016.11.18 12:15:26.862,0.81552,0.81561,1.00,1.00
2016.11.18 12:15:27.368,0.81551,0.8156,1.50,1.00
2016.11.18 12:15:27.891,0.81552,0.81561,1.00,2.25
2016.11.18 12:15:28.264,0.8155,0.8156,1.50,1.12
2016.11.18 12:15:28.318,0.81548,0.81558,1.12,1.87
2016.11.18 12:15:28.830,0.81548,0.81557,1.00,1.12
2016.11.18 12:15:29.350,0.81548,0.81556,1.00,1.00
2016.11.18 12:15:30.085,0.81547,0.81556,2.25,1.50
2016.11.18 12:15:30.648,0.81548,0.81555,1.00,1.00
2016.11.18 12:15:31.185,0.81547,0.81555,1.50,1.00
2016.11.18 12:15:31.675,0.81544,0.81555,3.00,1.50
2016.11.18 12:15:31.827,0.81544,0.81553,1.12,1.00
2016.11.18 12:15:32.030,0.81542,0.81553,3.37,1.00
2016.11.18 12:15:32.486,0.81542,0.81551,1.50,1.00
2016.11.18 12:15:32.990,0.81542,0.8155,1.00,1.50
2016.11.18 12:15:33.091,0.81539,0.8155,2.62,1.50
2016.11.18 12:15:33.618,0.81539,0.81549,1.00,1.00
2016.11.18 12:15:34.150,0.8154,0.81549,1.00,1.50
2016.11.18 12:15:34.963,0.81542,0.81549,1.00,1.50
2016.11.18 12:15:35.266,0.81544,0.81553,1.00,1.87
2016.11.18 12:15:35.367,0.81544,0.81553,1.00,1.12
2016.11.18 12:15:37.008,0.81544,0.81554,1.00,2.25
2016.11.18 12:15:37.547,0.81546,0.81555,1.50,1.87
2016.11.18 12:15:37.851,0.81552,0.81561,1.00,1.50
2016.11.18 12:15:38.467,0.81551,0.81561,1.00,2.25
2016.11.18 12:15:38.682,0.81549,0.81559,1.00,1.00
2016.11.18 12:15:38.784,0.81546,0.81555,2.25,1.50
2016.11.18 12:15:39.037,0.81542,0.81552,1.87,1.00
2016.11.18 12:15:39.087,0.81547,0.81552,1.00,1.00
2016.11.18 12:15:39.189,0.81547,0.81556,1.00,2.25
2016.11.18 12:15:39.340,0.81548,0.81556,1.00,1.12
2016.11.18 12:15:39.842,0.81547,0.81556,1.00,1.00
2016.11.18 12:15:40.095,0.81547,0.81558,1.50,1.87
2016.11.18 12:15:40.247,0.81547,0.81557,1.50,1.50
2016.11.18 12:15:42.516,0.81547,0.81555,1.00,1.00
2016.11.18 12:15:42.882,0.81545,0.81554,1.00,1.00
2016.11.18 12:15:42.983,0.81545,0.81552,1.50,1.00
2016.11.18 12:15:43.545,0.81543,0.81552,2.62,1.00
2016.11.18 12:15:43.877,0.81548,0.81552,1.00,1.00
2016.11.18 12:15:44.012,0.81548,0.81554,1.00,1.00
2016.11.18 12:15:44.312,0.81543,0.81553,1.50,1.50
2016.11.18 12:15:44.514,0.81544,0.81551,1.00,1.00
2016.11.18 12:15:45.224,0.81543,0.81553,1.00,1.50
2016.11.18 12:15:46.266,0.81545,0.81554,1.00,1.12
2016.11.18 12:15:46.469,0.81547,0.81557,1.50,1.50
2016.11.18 12:15:46.621,0.81548,0.81559,2.25,1.12
2016.11.18 12:15:46.925,0.81552,0.81562,1.00,1.50
2016.11.18 12:15:47.230,0.81549,0.81557,4.87,1.00
2016.11.18 12:15:47.381,0.81548,0.81557,1.12,1.00
2016.11.18 12:15:47.962,0.81546,0.81556,1.50,1.00
2016.11.18 12:15:48.483,0.81546,0.81556,1.00,1.12
2016.11.18 12:15:49.019,0.81547,0.81556,1.00,1.12
2016.11.18 12:15:50.426,0.81546,0.81557,1.50,1.50
2016.11.18 12:15:50.477,0.81548,0.81557,1.00,2.25
2016.11.18 12:15:50.806,0.81546,0.81557,1.87,1.12
2016.11.18 12:15:51.450,0.81546,0.81556,1.87,1.00
2016.11.18 12:15:51.726,0.81548,0.81557,1.00,1.12
2016.11.18 12:15:52.243,0.81548,0.81558,2.62,1.12
2016.11.18 12:15:52.635,0.81548,0.81556,2.62,1.00
2016.11.18 12:15:53.547,0.81548,0.81557,1.00,1.00
2016.11.18 12:15:54.052,0.81548,0.81558,1.50,1.50
2016.11.18 12:15:54.381,0.81548,0.81556,1.00,1.00
2016.11.18 12:15:54.891,0.81548,0.81555,1.00,1.00
2016.11.18 12:15:55.401,0.81548,0.81557,1.00,1.50
2016.11.18 12:15:55.654,0.81548,0.81555,1.00,1.00
2016.11.18 12:15:56.163,0.81548,0.81554,1.00,1.00
2016.11.18 12:15:56.754,0.81547,0.81555,1.00,1.00
2016.11.18 12:15:57.086,0.81547,0.81553,1.00,1.00
2016.11.18 12:15:57.238,0.81543,0.81553,3.00,1.00
2016.11.18 12:15:57.667,0.81546,0.81553,1.00,1.00
2016.11.18 12:15:58.043,0.81545,0.81555,1.00,1.00
2016.11.18 12:15:59.019,0.81545,0.81554,1.00,1.00
2016.11.18 12:15:59.804,0.81548,0.81555,1.00,1.00
2016.11.18 12:15:59.906,0.81547,0.81557,1.50,1.00
2016.11.18 12:16:00.618,0.81547,0.81557,1.87,1.50
2016.11.18 12:16:01.137,0.81548,0.81558,1.87,1.12
2016.11.18 12:16:01.648,0.81549,0.81558,1.00,1.00
2016.11.18 12:16:02.864,0.8155,0.81558,1.00,1.00
2016.11.18 12:16:04.090,0.8155,0.81559,1.00,1.00
2016.11.18 12:16:04.444,0.81551,0.81561,1.50,1.00
2016.11.18 12:16:04.646,0.81553,0.81563,1.00,1.12
2016.11.18 12:16:05.028,0.81558,0.81564,1.00,1.12
2016.11.18 12:16:05.232,0.81563,0.81572,1.50,2.62
2016.11.18 12:16:05.283,0.81565,0.81572,1.00,2.25
2016.11.18 12:16:05.334,0.81566,0.81574,1.00,1.87
2016.11.18 12:16:05.488,0.81568,0.81577,1.00,2.25
2016.11.18 12:16:05.707,0.81572,0.81582,1.00,1.75
2016.11.18 12:16:06.212,0.81572,0.81581,1.50,1.12
2016.11.18 12:16:06.762,0.81572,0.81581,1.00,1.50
2016.11.18 12:16:06.914,0.81568,0.81579,3.37,1.00
2016.11.18 12:16:07.117,0.81568,0.81577,1.12,1.50
2016.11.18 12:16:07.421,0.81563,0.81574,2.25,2.25
2016.11.18 12:16:07.962,0.81563,0.81574,1.87,1.87
2016.11.18 12:16:08.498,0.81563,0.81574,1.00,2.25
2016.11.18 12:16:09.332,0.81564,0.81574,1.00,1.50
2016.11.18 12:16:10.067,0.81564,0.81575,1.50,1.12
2016.11.18 12:16:10.598,0.81565,0.81575,1.00,1.12
2016.11.18 12:16:11.050,0.81567,0.81575,1.00,1.12
2016.11.18 12:16:11.945,0.81567,0.81573,1.00,1.00
2016.11.18 12:16:12.710,0.81567,0.81572,1.00,1.00
2016.11.18 12:16:12.761,0.81564,0.81572,1.50,1.00
2016.11.18 12:16:12.963,0.81562,0.81572,1.50,1.00
2016.11.18 12:16:13.439,0.81562,0.8157,1.50,1.00
2016.11.18 12:16:13.695,0.8156,0.8157,1.12,1.12
2016.11.18 12:16:13.897,0.8156,0.81567,1.12,1.00
2016.11.18 12:16:14.251,0.8156,0.81569,1.00,1.50
2016.11.18 12:16:15.357,0.81558,0.81568,1.50,1.00
2016.11.18 12:16:15.864,0.81558,0.81567,1.00,1.00
2016.11.18 12:16:16.394,0.81557,0.81566,1.00,1.50
2016.11.18 12:16:18.134,0.81558,0.81566,1.00,1.50
2016.11.18 12:16:19.415,0.81555,0.81566,1.12,1.00
2016.11.18 12:16:21.130,0.81556,0.81566,1.00,1.00
2016.11.18 12:16:21.496,0.81557,0.81568,1.50,1.87
2016.11.18 12:16:22.001,0.81557,0.81567,1.87,1.00
2016.11.18 12:16:25.559,0.81557,0.81564,1.87,1.00
2016.11.18 12:16:25.610,0.81558,0.81567,1.00,1.00
2016.11.18 12:16:26.115,0.81557,0.81566,1.50,1.00
2016.11.18 12:16:26.491,0.81557,0.81568,1.50,1.00
2016.11.18 12:16:26.997,0.81557,0.81567,1.50,1.00
2016.11.18 12:16:27.811,0.8156,0.81569,1.00,1.50
2016.11.18 12:16:27.964,0.8156,0.8157,1.00,1.12
2016.11.18 12:16:28.116,0.8156,0.81569,1.00,1.37
2016.11.18 12:16:28.719,0.8156,0.81569,1.00,1.00
2016.11.18 12:16:29.157,0.81562,0.81568,1.00,1.00
2016.11.18 12:16:29.662,0.81562,0.81569,1.00,1.00
2016.11.18 12:16:30.234,0.81562,0.81571,1.50,1.00
2016.11.18 12:16:30.539,0.81562,0.81569,1.00,1.00
2016.11.18 12:16:31.054,0.81561,0.8157,1.50,1.00
2016.11.18 12:16:31.980,0.81562,0.8157,1.00,1.00
2016.11.18 12:16:32.220,0.81559,0.81569,1.87,1.00
2016.11.18 12:16:32.870,0.81559,0.81569,1.50,1.37
2016.11.18 12:16:33.731,0.81559,0.81569,1.50,1.00
2016.11.18 12:16:34.621,0.8156,0.8157,1.50,1.00
2016.11.18 12:16:35.138,0.81563,0.81572,1.00,1.50
2016.11.18 12:16:35.442,0.81562,0.8157,1.00,1.00
2016.11.18 12:16:35.970,0.81562,0.81572,1.50,1.87
2016.11.18 12:16:36.072,0.81562,0.8157,1.00,1.00
2016.11.18 12:16:36.611,0.81562,0.81571,1.00,1.00
2016.11.18 12:16:37.398,0.81563,0.81573,1.00,1.50
2016.11.18 12:16:37.920,0.81564,0.81572,1.00,1.12
2016.11.18 12:16:38.523,0.81564,0.81573,1.00,1.00
2016.11.18 12:16:39.544,0.81562,0.81572,1.00,1.00
2016.11.18 12:16:40.090,0.81563,0.81573,1.00,1.00
2016.11.18 12:16:40.140,0.81563,0.81571,1.50,1.00
2016.11.18 12:16:40.645,0.81563,0.81572,1.00,1.12
2016.11.18 12:16:41.160,0.81563,0.81573,1.00,1.50
2016.11.18 12:16:41.486,0.81563,0.81571,1.00,1.00
2016.11.18 12:16:41.537,0.81564,0.81573,1.00,1.50
2016.11.18 12:16:41.741,0.81563,0.8157,1.00,1.00
2016.11.18 12:16:41.943,0.81561,0.81571,1.00,1.00
2016.11.18 12:16:41.994,0.81563,0.81571,1.00,1.12
2016.11.18 12:16:42.197,0.81561,0.81571,1.00,1.12
2016.11.18 12:16:42.710,0.81561,0.8157,1.00,1.00
2016.11.18 12:16:46.431,0.81559,0.81569,1.87,1.00
2016.11.18 12:16:49.743,0.81558,0.81566,1.00,1.00
2016.11.18 12:16:50.419,0.81558,0.81567,1.00,1.00
2016.11.18 12:16:50.933,0.81557,0.81568,1.00,1.00
2016.11.18 12:16:53.548,0.81557,0.81567,1.00,1.00
2016.11.18 12:16:54.190,0.81558,0.81568,1.50,1.00
2016.11.18 12:16:54.695,0.81559,0.81569,1.00,1.00
2016.11.18 12:16:56.061,0.81559,0.81568,1.50,1.00
2016.11.18 12:16:56.793,0.81558,0.81567,1.87,1.00
2016.11.18 12:16:57.536,0.81558,0.81568,1.00,1.00
2016.11.18 12:16:58.037,0.81558,0.81567,1.50,1.00
2016.11.18 12:16:58.546,0.81559,0.81567,1.00,1.00
2016.11.18 12:16:58.851,0.8156,0.8157,1.00,1.87
2016.11.18 12:16:59.356,0.81561,0.81571,1.50,1.00
2016.11.18 12:16:59.861,0.81562,0.81572,1.00,1.87
2016.11.18 12:17:00.370,0.81563,0.81572,1.00,1.87
2016.11.18 12:17:05.526,0.81563,0.81573,1.00,1.12
2016.11.18 12:17:06.128,0.81564,0.81573,1.00,1.12
2016.11.18 12:17:06.987,0.81565,0.81574,1.00,1.37
2016.11.18 12:17:07.488,0.81565,0.81574,1.00,1.00
2016.11.18 12:17:08.055,0.81564,0.81573,1.12,1.00
2016.11.18 12:17:08.157,0.81564,0.81571,1.00,1.00
2016.11.18 12:17:09.481,0.81563,0.81572,1.00,1.00
2016.11.18 12:17:10.027,0.81562,0.81572,2.25,1.12
2016.11.18 12:17:10.582,0.81562,0.81571,1.50,1.00
2016.11.18 12:17:11.132,0.81563,0.81571,2.25,1.00
2016.11.18 12:17:11.449,0.81565,0.81573,1.00,1.50
2016.11.18 12:17:11.881,0.81565,0.81575,1.87,1.00
2016.11.18 12:17:12.583,0.81566,0.81575,1.00,1.00
2016.11.18 12:17:14.422,0.81567,0.81575,1.00,1.00
2016.11.18 12:17:15.044,0.81568,0.81575,1.00,1.00
2016.11.18 12:17:16.730,0.81568,0.81577,1.00,1.00
2016.11.18 12:17:17.125,0.81572,0.81578,1.00,1.00
2016.11.18 12:17:17.226,0.81569,0.81578,1.12,1.00
2016.11.18 12:17:17.763,0.81568,0.81578,2.25,1.00
2016.11.18 12:17:18.730,0.8157,0.81579,1.12,1.50
2016.11.18 12:17:18.862,0.81572,0.81579,1.00,1.50
2016.11.18 12:17:18.963,0.81572,0.81581,1.00,1.00
2016.11.18 12:17:19.065,0.8157,0.81581,1.50,1.50
2016.11.18 12:17:19.369,0.81569,0.81577,1.12,1.00
2016.11.18 12:17:21.404,0.8157,0.8158,1.00,1.50
2016.11.18 12:17:21.455,0.81572,0.8158,1.50,1.50
2016.11.18 12:17:21.809,0.81573,0.81583,1.50,1.50
2016.11.18 12:17:23.184,0.81576,0.81585,1.00,2.25
2016.11.18 12:17:23.386,0.81577,0.81587,1.00,1.00
2016.11.18 12:17:23.891,0.81577,0.81588,1.00,2.25
2016.11.18 12:17:24.295,0.81578,0.81586,1.00,1.00
2016.11.18 12:17:25.759,0.81577,0.81583,1.00,1.00
2016.11.18 12:17:25.935,0.81573,0.81582,1.12,1.50
2016.11.18 12:17:26.466,0.81572,0.81582,1.50,1.37
2016.11.18 12:17:28.317,0.81573,0.81581,1.00,1.00
2016.11.18 12:17:28.618,0.81573,0.81583,1.00,1.87
2016.11.18 12:17:29.031,0.81577,0.81583,1.00,1.87
2016.11.18 12:17:29.132,0.81572,0.81581,1.12,1.50
2016.11.18 12:17:29.718,0.81572,0.8158,1.00,1.00
2016.11.18 12:17:30.185,0.81572,0.81578,1.00,1.00
2016.11.18 12:17:31.460,0.81568,0.81578,1.87,1.00
2016.11.18 12:17:32.108,0.81571,0.81581,1.00,2.62
2016.11.18 12:17:32.613,0.81571,0.81582,1.87,1.00
2016.11.18 12:17:33.125,0.81572,0.81582,1.87,1.00
2016.11.18 12:17:34.358,0.81571,0.81581,1.87,1.00
2016.11.18 12:17:35.437,0.81572,0.81582,1.00,1.00
2016.11.18 12:17:38.115,0.81572,0.81581,1.12,1.50
2016.11.18 12:17:39.244,0.81572,0.81583,2.25,1.50
2016.11.18 12:17:39.396,0.81572,0.81581,1.12,1.50
2016.11.18 12:17:39.585,0.8157,0.8158,1.00,1.87
2016.11.18 12:17:40.143,0.8157,0.81579,1.00,1.00
2016.11.18 12:17:40.753,0.81569,0.81579,1.50,1.50
2016.11.18 12:17:41.316,0.81568,0.81578,1.50,1.00
2016.11.18 12:17:42.174,0.81568,0.81579,1.50,1.50
2016.11.18 12:17:42.377,0.81567,0.81578,1.87,1.50
2016.11.18 12:17:42.528,0.81569,0.8158,1.00,3.00
2016.11.18 12:17:42.831,0.81571,0.81581,1.00,1.87
2016.11.18 12:17:43.366,0.81571,0.81579,1.00,1.00
2016.11.18 12:17:44.230,0.8157,0.81582,1.50,2.25
2016.11.18 12:17:44.281,0.81571,0.81582,1.00,2.25
2016.11.18 12:17:45.744,0.81572,0.81582,1.00,1.87
2016.11.18 12:17:46.539,0.81572,0.8158,1.50,1.00
2016.11.18 12:17:48.888,0.81572,0.81582,1.50,1.12
2016.11.18 12:17:51.793,0.81572,0.81581,1.00,1.00
2016.11.18 12:17:52.147,0.8157,0.8158,1.00,1.00
2016.11.18 12:17:53.086,0.8157,0.81581,1.12,1.50
2016.11.18 12:17:53.600,0.81571,0.81581,1.00,1.50
2016.11.18 12:17:54.160,0.81572,0.81581,1.50,1.50
2016.11.18 12:17:54.721,0.81573,0.81581,1.00,1.00
2016.11.18 12:17:55.262,0.81573,0.81583,2.62,1.50
2016.11.18 12:17:55.414,0.81573,0.81584,2.25,1.50
2016.11.18 12:17:55.921,0.81574,0.81584,1.00,1.50
2016.11.18 12:17:59.123,0.81574,0.81583,1.00,1.00
2016.11.18 12:18:00.054,0.81573,0.81583,1.00,1.50
2016.11.18 12:18:00.105,0.81572,0.81581,2.25,1.00
2016.11.18 12:18:00.357,0.81568,0.81578,1.12,1.00
2016.11.18 12:18:02.072,0.81568,0.81576,1.00,1.00
2016.11.18 12:18:02.780,0.81568,0.81578,1.00,1.12
2016.11.18 12:18:03.281,0.81569,0.81579,1.00,1.00
2016.11.18 12:18:03.826,0.8157,0.81579,1.00,1.00
2016.11.18 12:18:04.378,0.8157,0.81578,1.00,1.00
2016.11.18 12:18:04.480,0.81568,0.81578,1.12,1.12
2016.11.18 12:18:04.683,0.81567,0.81574,1.50,1.50
2016.11.18 12:18:04.735,0.81565,0.81574,1.00,1.50
2016.11.18 12:18:04.785,0.81564,0.81572,1.50,1.00
2016.11.18 12:18:04.837,0.81562,0.81572,2.62,1.00
2016.11.18 12:18:05.140,0.81565,0.81572,1.00,1.00
2016.11.18 12:18:05.467,0.81562,0.81569,1.12,1.00
2016.11.18 12:18:05.901,0.81561,0.81571,1.35,1.87
2016.11.18 12:18:05.951,0.81563,0.81571,1.00,1.00
2016.11.18 12:18:06.460,0.81563,0.81572,1.00,1.87
2016.11.18 12:18:07.708,0.81563,0.81573,1.50,1.87
2016.11.18 12:18:09.335,0.81564,0.81573,1.00,1.00
2016.11.18 12:18:10.051,0.81564,0.81571,1.00,1.00
2016.11.18 12:18:10.212,0.81564,0.81573,1.00,1.00
2016.11.18 12:18:11.057,0.81563,0.8157,1.12,1.00
2016.11.18 12:18:11.108,0.81563,0.81572,1.87,1.12
2016.11.18 12:18:11.159,0.81567,0.81571,1.00,1.00
2016.11.18 12:18:11.311,0.81567,0.81573,1.00,1.12
2016.11.18 12:18:11.464,0.81567,0.81571,1.00,1.00
2016.11.18 12:18:11.566,0.81564,0.81571,1.00,1.00
2016.11.18 12:18:12.065,0.81561,0.81569,1.87,1.00
2016.11.18 12:18:12.218,0.8156,0.81569,1.50,1.00
2016.11.18 12:18:12.470,0.81563,0.81569,1.00,1.00
2016.11.18 12:18:12.521,0.81563,0.81571,1.00,1.00
2016.11.18 12:18:13.117,0.81564,0.81571,1.00,1.00
2016.11.18 12:18:13.579,0.81563,0.81574,1.87,1.00
2016.11.18 12:18:13.782,0.81563,0.81572,1.87,1.00
2016.11.18 12:18:14.307,0.81562,0.81573,1.00,1.75
2016.11.18 12:18:14.461,0.81562,0.81573,1.00,1.12
2016.11.18 12:18:15.468,0.81562,0.81572,1.00,1.00
2016.11.18 12:18:17.077,0.81563,0.81571,1.00,1.00
2016.11.18 12:18:17.588,0.81562,0.81572,1.50,1.00
2016.11.18 12:18:18.787,0.81561,0.81572,1.50,1.00
2016.11.18 12:18:18.838,0.81561,0.81569,1.50,1.00
2016.11.18 12:18:22.137,0.81562,0.81572,1.00,1.87
2016.11.18 12:18:22.652,0.81561,0.81571,1.50,1.00
2016.11.18 12:18:22.916,0.81563,0.81571,1.00,1.00
2016.11.18 12:18:23.424,0.81562,0.81571,1.00,1.12
2016.11.18 12:18:23.959,0.81562,0.8157,1.00,1.00
2016.11.18 12:18:24.413,0.81562,0.81568,1.00,1.00
2016.11.18 12:18:24.667,0.8156,0.81568,1.50,1.00
2016.11.18 12:18:25.430,0.8156,0.81569,1.00,2.25
2016.11.18 12:18:25.987,0.8156,0.81568,1.00,1.00
2016.11.18 12:18:27.682,0.8156,0.81571,1.50,2.25
2016.11.18 12:18:28.222,0.81561,0.8157,1.00,1.12
2016.11.18 12:18:29.671,0.81561,0.81571,1.50,1.12
2016.11.18 12:18:29.858,0.81561,0.81571,1.50,1.75
2016.11.18 12:18:30.348,0.81563,0.8157,1.00,1.00
2016.11.18 12:18:35.210,0.81563,0.81572,1.00,1.12
2016.11.18 12:18:42.352,0.81564,0.81571,1.00,1.00
2016.11.18 12:18:42.898,0.81563,0.81572,1.00,1.00
2016.11.18 12:18:42.999,0.81563,0.8157,1.00,1.00
2016.11.18 12:18:43.151,0.8156,0.8157,2.25,1.12
2016.11.18 12:18:43.252,0.81562,0.8157,1.00,1.12
2016.11.18 12:18:44.095,0.81563,0.81572,1.50,1.50
2016.11.18 12:18:44.782,0.81563,0.81573,1.87,1.00
2016.11.18 12:18:45.216,0.81567,0.81575,1.50,1.00
2016.11.18 12:18:45.523,0.81569,0.81578,1.00,1.00
2016.11.18 12:18:45.675,0.81568,0.81576,1.00,1.00
2016.11.18 12:18:46.201,0.81567,0.81575,1.00,1.00
2016.11.18 12:18:46.835,0.81567,0.81577,1.50,1.00
2016.11.18 12:18:47.433,0.81567,0.81576,1.00,1.00
2016.11.18 12:18:47.987,0.81568,0.81577,1.00,1.00
2016.11.18 12:18:48.211,0.81571,0.81578,1.00,1.50
2016.11.18 12:18:48.386,0.81572,0.8158,1.00,2.25
2016.11.18 12:18:48.690,0.8157,0.8158,1.87,1.00
2016.11.18 12:18:48.741,0.8157,0.81578,1.12,1.00
2016.11.18 12:18:48.994,0.8157,0.8158,1.50,1.00
2016.11.18 12:18:49.504,0.8157,0.81579,1.00,1.00
2016.11.18 12:18:49.948,0.8157,0.81577,1.00,1.00
2016.11.18 12:18:51.118,0.8157,0.8158,1.00,1.50
2016.11.18 12:18:51.623,0.81572,0.81581,1.00,1.00
2016.11.18 12:18:52.191,0.81573,0.81581,1.00,1.00
2016.11.18 12:18:52.774,0.81572,0.81582,2.62,1.87
2016.11.18 12:18:53.761,0.81572,0.81581,1.87,1.00
2016.11.18 12:18:54.366,0.81573,0.81581,1.00,1.00
2016.11.18 12:18:54.927,0.81572,0.81581,2.62,1.00
2016.11.18 12:18:55.277,0.8157,0.81579,1.50,1.00
2016.11.18 12:18:55.580,0.81573,0.81581,1.50,1.00
2016.11.18 12:18:56.125,0.81572,0.81581,1.00,1.00
2016.11.18 12:18:56.630,0.81572,0.81582,2.25,1.00
2016.11.18 12:19:00.165,0.81572,0.81581,2.25,1.00
2016.11.18 12:19:00.605,0.8157,0.81579,1.12,1.00
2016.11.18 12:19:01.235,0.81569,0.81579,1.50,1.00
2016.11.18 12:19:01.765,0.81569,0.81578,1.50,1.00
2016.11.18 12:19:04.260,0.81568,0.81578,2.25,1.00
2016.11.18 12:19:04.761,0.8157,0.81578,1.00,1.00
2016.11.18 12:19:05.215,0.81572,0.81579,1.00,1.00
2016.11.18 12:19:05.317,0.8157,0.81579,1.50,1.00
2016.11.18 12:19:05.821,0.81569,0.81578,1.00,1.12
2016.11.18 12:19:06.343,0.81568,0.81578,1.50,1.12
2016.11.18 12:19:07.512,0.81567,0.81576,1.87,1.00
2016.11.18 12:19:07.919,0.81567,0.81575,1.00,1.50
2016.11.18 12:19:08.208,0.81565,0.81574,1.12,1.00
2016.11.18 12:19:08.713,0.81564,0.81574,1.50,1.00
2016.11.18 12:19:09.420,0.81564,0.81572,1.50,1.00
2016.11.18 12:19:09.863,0.81564,0.81574,1.50,1.00
2016.11.18 12:19:10.015,0.81563,0.81572,1.12,1.00
2016.11.18 12:19:10.322,0.8156,0.81568,1.50,1.00
2016.11.18 12:19:10.952,0.81559,0.81568,1.00,1.00
2016.11.18 12:19:11.785,0.81558,0.81565,1.00,1.00
2016.11.18 12:19:12.291,0.81557,0.81565,1.00,1.00
2016.11.18 12:19:12.797,0.81557,0.81564,1.00,1.00
2016.11.18 12:19:13.000,0.81558,0.81568,1.00,2.25
2016.11.18 12:19:13.101,0.81562,0.81568,1.00,1.37
2016.11.18 12:19:13.203,0.81556,0.81565,2.25,1.00
2016.11.18 12:19:13.737,0.81553,0.81563,1.12,1.00
2016.11.18 12:19:13.788,0.81553,0.81561,1.12,1.00
2016.11.18 12:19:14.380,0.81553,0.8156,1.12,1.00
2016.11.18 12:19:14.989,0.81553,0.81561,1.00,2.25
2016.11.18 12:19:15.532,0.81552,0.81556,1.50,1.00
2016.11.18 12:19:15.583,0.81552,0.81558,1.12,1.50
2016.11.18 12:19:15.634,0.81548,0.81557,3.37,1.50
2016.11.18 12:19:16.177,0.81549,0.81558,1.12,1.50
2016.11.18 12:19:17.038,0.8155,0.81558,1.00,1.00
2016.11.18 12:19:17.601,0.8155,0.81559,1.12,1.50
2016.11.18 12:19:18.135,0.81548,0.81557,2.25,1.00
2016.11.18 12:19:18.237,0.81548,0.81556,1.12,1.00
2016.11.18 12:19:18.641,0.81546,0.81555,1.00,1.50
2016.11.18 12:19:19.172,0.81546,0.81554,1.00,1.00
2016.11.18 12:19:19.676,0.81546,0.81555,1.37,1.50
2016.11.18 12:19:20.721,0.81545,0.81552,1.50,1.00
2016.11.18 12:19:20.974,0.81542,0.81548,1.12,1.00
2016.11.18 12:19:23.133,0.81542,0.81549,1.00,1.00
2016.11.18 12:19:23.655,0.81543,0.81552,1.00,3.00
2016.11.18 12:19:24.375,0.81543,0.81551,1.00,1.00
2016.11.18 12:19:24.426,0.81542,0.81548,1.00,1.00
2016.11.18 12:19:24.732,0.81543,0.8155,1.50,1.00
2016.11.18 12:19:24.833,0.81543,0.81552,1.50,2.25
2016.11.18 12:19:25.035,0.81543,0.8155,1.50,1.00
2016.11.18 12:19:25.439,0.81542,0.81547,1.00,1.00
2016.11.18 12:19:26.916,0.81542,0.8155,1.50,1.00
2016.11.18 12:19:27.017,0.81543,0.81552,1.00,1.50
2016.11.18 12:19:27.371,0.81543,0.81554,1.12,2.62
2016.11.18 12:19:27.662,0.81545,0.81553,1.00,1.00
2016.11.18 12:19:27.932,0.81542,0.81552,2.25,1.12
2016.11.18 12:19:28.461,0.81544,0.81552,1.00,1.50
2016.11.18 12:19:28.562,0.81547,0.81552,1.00,1.50
2016.11.18 12:19:28.663,0.81544,0.81553,1.00,2.25
2016.11.18 12:19:28.765,0.81542,0.81551,1.87,1.12
2016.11.18 12:19:28.916,0.81542,0.81549,1.12,1.00
2016.11.18 12:19:29.534,0.81542,0.8155,1.00,1.87
2016.11.18 12:19:30.076,0.81543,0.81551,1.12,1.37
2016.11.18 12:19:30.413,0.81548,0.81552,1.00,1.87
2016.11.18 12:19:30.766,0.81548,0.81554,1.00,3.00
2016.11.18 12:19:31.370,0.81548,0.81554,1.00,2.62
2016.11.18 12:19:32.530,0.81548,0.81553,1.00,1.00
2016.11.18 12:19:34.200,0.81548,0.81554,1.50,1.87
2016.11.18 12:19:34.352,0.81548,0.81556,1.00,1.12
2016.11.18 12:19:34.815,0.81547,0.81553,1.00,1.00
2016.11.18 12:19:34.865,0.81545,0.81554,1.00,1.87
2016.11.18 12:19:34.916,0.81544,0.81552,1.50,1.50
2016.11.18 12:19:35.118,0.81542,0.8155,1.50,1.00
2016.11.18 12:19:35.711,0.81542,0.81551,1.50,1.12
2016.11.18 12:19:36.569,0.81543,0.81551,1.00,1.30
2016.11.18 12:19:36.997,0.81545,0.81553,1.12,1.60
2016.11.18 12:19:37.048,0.81545,0.81554,1.12,1.60
2016.11.18 12:19:38.027,0.81545,0.81552,1.00,1.00
2016.11.18 12:19:38.535,0.81542,0.8155,2.62,1.00
2016.11.18 12:19:38.687,0.81542,0.8155,1.87,1.00
2016.11.18 12:19:39.453,0.81542,0.8155,1.50,1.00
2016.11.18 12:19:40.107,0.81542,0.81549,2.25,1.00
2016.11.18 12:19:40.259,0.8154,0.81548,1.50,1.00
2016.11.18 12:19:40.807,0.81542,0.81548,1.00,1.50
2016.11.18 12:19:41.434,0.81542,0.81549,1.00,1.00
2016.11.18 12:19:41.965,0.81542,0.8155,1.37,1.00
2016.11.18 12:19:43.461,0.81542,0.81551,3.00,1.00
2016.11.18 12:19:44.248,0.81543,0.8155,1.12,1.00
2016.11.18 12:19:44.753,0.81543,0.81551,1.87,1.00
2016.11.18 12:19:45.762,0.81548,0.81552,1.00,1.50
2016.11.18 12:19:47.259,0.81544,0.81552,2.25,1.00
2016.11.18 12:19:48.142,0.81544,0.81551,2.25,1.00
2016.11.18 12:19:48.344,0.81545,0.81553,2.25,1.00
2016.11.18 12:19:48.757,0.81548,0.81555,1.00,1.50
2016.11.18 12:19:49.259,0.81549,0.81557,1.12,1.00
2016.11.18 12:19:49.549,0.8155,0.81559,1.12,1.00
2016.11.18 12:19:49.601,0.81553,0.8156,1.00,1.50
2016.11.18 12:19:49.906,0.8155,0.81558,1.00,1.50
2016.11.18 12:19:50.059,0.81549,0.81556,1.37,1.00
2016.11.18 12:19:50.109,0.81548,0.81556,1.50,1.00
2016.11.18 12:19:50.613,0.8155,0.81556,1.00,1.00
2016.11.18 12:19:50.664,0.8155,0.81558,1.00,1.00
2016.11.18 12:19:51.209,0.8155,0.81559,2.25,1.50
2016.11.18 12:19:51.727,0.81552,0.81559,1.00,1.00
2016.11.18 12:19:52.696,0.81552,0.8156,1.00,1.50
2016.11.18 12:19:53.216,0.81553,0.8156,1.00,1.50
2016.11.18 12:19:57.981,0.81552,0.8156,1.12,1.00
2016.11.18 12:19:58.591,0.81552,0.81559,1.00,1.00
2016.11.18 12:20:05.679,0.81551,0.81559,1.00,1.00
2016.11.18 12:20:06.269,0.81551,0.8156,1.50,1.00
2016.11.18 12:20:06.447,0.81549,0.81554,1.50,1.00
2016.11.18 12:20:06.644,0.8154,0.81546,1.00,1.00
2016.11.18 12:20:06.746,0.81538,0.81546,1.50,1.50
2016.11.18 12:20:06.897,0.81542,0.81548,1.00,1.87
2016.11.18 12:20:07.886,0.81542,0.81547,1.00,1.00
2016.11.18 12:20:11.437,0.81542,0.81548,1.00,1.50
2016.11.18 12:20:11.539,0.81539,0.81548,1.50,1.50
2016.11.18 12:20:11.641,0.81543,0.81548,1.00,1.50
2016.11.18 12:20:12.456,0.81543,0.81547,1.00,1.00
2016.11.18 12:20:13.344,0.81537,0.81546,3.37,1.00
2016.11.18 12:20:13.395,0.81537,0.81544,1.12,1.00
2016.11.18 12:20:15.834,0.81537,0.81545,1.00,1.00
2016.11.18 12:20:16.518,0.81537,0.81543,1.00,1.00
2016.11.18 12:20:17.107,0.81537,0.81544,1.00,1.00
2016.11.18 12:20:17.441,0.81542,0.81547,1.00,1.00
2016.11.18 12:20:18.189,0.81542,0.81546,1.00,1.00
2016.11.18 12:20:18.239,0.81537,0.81546,3.00,1.00
2016.11.18 12:20:18.785,0.81539,0.81546,1.50,1.00
2016.11.18 12:20:20.898,0.81541,0.81549,1.50,1.87
2016.11.18 12:20:21.302,0.81539,0.81548,1.00,1.00
2016.11.18 12:20:21.420,0.81539,0.81546,1.00,1.00
2016.11.18 12:20:21.485,0.81537,0.81546,2.25,1.87
2016.11.18 12:20:22.062,0.81538,0.81546,1.00,1.50
2016.11.18 12:20:22.436,0.81539,0.81548,1.50,1.50
2016.11.18 12:20:22.803,0.81537,0.81546,2.62,1.00
2016.11.18 12:20:23.178,0.81538,0.81544,1.00,1.50
2016.11.18 12:20:23.936,0.81538,0.81543,1.00,1.00
2016.11.18 12:20:24.540,0.81538,0.81544,1.00,1.50
2016.11.18 12:20:25.651,0.81535,0.81544,1.50,1.50
2016.11.18 12:20:26.029,0.81537,0.81544,1.00,1.50
2016.11.18 12:20:26.394,0.81537,0.81546,2.25,1.50
2016.11.18 12:20:26.697,0.81537,0.81544,1.12,1.00
2016.11.18 12:20:27.000,0.81537,0.81542,1.00,1.00
2016.11.18 12:20:28.229,0.81535,0.81542,1.00,1.00
2016.11.18 12:20:29.177,0.81533,0.81542,1.87,1.00
2016.11.18 12:20:29.329,0.81537,0.81544,1.00,2.25
2016.11.18 12:20:29.635,0.81537,0.81542,1.00,1.00
2016.11.18 12:20:30.099,0.81537,0.81544,1.00,1.50
2016.11.18 12:20:30.605,0.81537,0.81545,1.00,1.00
2016.11.18 12:20:33.118,0.81538,0.81545,1.00,2.25
2016.11.18 12:20:37.130,0.81537,0.81546,1.50,1.87
2016.11.18 12:20:37.276,0.81538,0.81548,1.00,1.50
2016.11.18 12:20:37.947,0.81539,0.81549,1.00,2.25
2016.11.18 12:20:38.049,0.81542,0.81549,1.00,2.25
2016.11.18 12:20:41.238,0.81542,0.81548,1.00,1.00
2016.11.18 12:20:42.409,0.81542,0.81549,1.00,1.00
2016.11.18 12:20:42.949,0.81542,0.8155,1.00,1.50
2016.11.18 12:20:43.511,0.81542,0.81549,1.00,1.00
2016.11.18 12:20:46.714,0.81542,0.8155,1.00,1.87
2016.11.18 12:20:47.315,0.81543,0.8155,1.00,1.00
2016.11.18 12:20:47.519,0.81543,0.81552,1.00,1.50
2016.11.18 12:20:48.207,0.81542,0.81551,1.12,1.00
2016.11.18 12:20:48.739,0.81542,0.8155,1.00,1.00
2016.11.18 12:20:49.271,0.81542,0.81549,1.00,1.00
2016.11.18 12:20:51.283,0.8154,0.81549,1.00,1.50
2016.11.18 12:20:51.803,0.81539,0.81548,1.00,1.00
2016.11.18 12:20:51.955,0.81542,0.81548,1.00,1.00
2016.11.18 12:20:52.596,0.81539,0.81548,1.50,1.00
2016.11.18 12:20:53.152,0.81542,0.81548,1.00,1.00
2016.11.18 12:20:54.259,0.81542,0.81549,1.00,1.00
2016.11.18 12:20:54.766,0.81542,0.8155,1.50,1.00
2016.11.18 12:20:55.370,0.81542,0.81551,1.50,1.87
2016.11.18 12:20:55.891,0.81543,0.81551,1.00,1.87
2016.11.18 12:21:00.561,0.81543,0.81549,1.00,1.00
2016.11.18 12:21:00.865,0.81538,0.81546,1.87,1.00
2016.11.18 12:21:01.068,0.81543,0.81547,1.00,1.00
2016.11.18 12:21:01.119,0.8154,0.81548,1.00,1.00
2016.11.18 12:21:01.220,0.81543,0.81549,1.00,1.87
2016.11.18 12:21:01.422,0.81541,0.8155,1.50,1.00
2016.11.18 12:21:01.986,0.81542,0.81551,2.25,1.00
2016.11.18 12:21:03.360,0.81543,0.81551,1.00,1.87
2016.11.18 12:21:03.885,0.81542,0.8155,2.25,1.00
2016.11.18 12:21:06.035,0.8154,0.8155,2.25,1.00
2016.11.18 12:21:06.545,0.8154,0.81549,1.50,1.00
2016.11.18 12:21:07.255,0.81542,0.81549,1.00,1.50
2016.11.18 12:21:09.097,0.81542,0.81548,1.00,1.00
2016.11.18 12:21:09.147,0.81542,0.8155,1.00,1.00
2016.11.18 12:21:10.101,0.81542,0.81549,1.00,1.00
2016.11.18 12:21:10.252,0.8154,0.81549,1.00,1.00
2016.11.18 12:21:11.033,0.81542,0.81549,1.00,1.00
2016.11.18 12:21:11.467,0.8154,0.81549,1.50,1.00
2016.11.18 12:21:11.637,0.81542,0.81549,1.50,1.00
2016.11.18 12:21:11.940,0.81539,0.81549,2.25,1.00
2016.11.18 12:21:12.488,0.81539,0.81549,1.87,1.00
2016.11.18 12:21:12.973,0.81542,0.81548,1.00,1.00
2016.11.18 12:21:13.175,0.81539,0.81548,1.87,1.00
2016.11.18 12:21:13.738,0.81539,0.81548,2.25,1.00
2016.11.18 12:21:14.748,0.8154,0.81549,1.12,1.00
2016.11.18 12:21:15.260,0.81539,0.81548,1.00,1.00
2016.11.18 12:21:15.361,0.81538,0.81546,1.50,1.00
2016.11.18 12:21:15.864,0.81538,0.81547,1.50,1.50
2016.11.18 12:21:16.220,0.81537,0.81545,1.00,1.00
2016.11.18 12:21:16.725,0.81538,0.81546,1.00,1.50
2016.11.18 12:21:17.416,0.81538,0.81545,1.00,1.00
2016.11.18 12:21:18.181,0.81536,0.81545,1.50,1.00
2016.11.18 12:21:18.283,0.81537,0.81547,2.25,1.00
2016.11.18 12:21:18.809,0.81538,0.81546,1.00,1.50
2016.11.18 12:21:19.848,0.81537,0.81546,1.00,1.12
2016.11.18 12:21:20.412,0.81537,0.81545,1.00,1.00
2016.11.18 12:21:25.018,0.81538,0.81545,1.00,1.00
2016.11.18 12:21:25.729,0.81539,0.81547,1.00,1.50
2016.11.18 12:21:28.003,0.81538,0.81547,1.00,1.00
2016.11.18 12:21:28.596,0.81539,0.81547,1.00,1.00
2016.11.18 12:21:30.091,0.8154,0.81547,1.50,1.00
2016.11.18 12:21:31.072,0.81538,0.81548,2.25,1.12
2016.11.18 12:21:33.463,0.81538,0.81546,1.50,1.00
2016.11.18 12:21:34.128,0.81537,0.81546,2.25,1.00
2016.11.18 12:21:34.985,0.81539,0.81546,1.00,1.00
2016.11.18 12:21:36.886,0.81537,0.81546,2.25,1.00
2016.11.18 12:21:37.392,0.81537,0.81545,1.00,1.00
2016.11.18 12:21:37.493,0.81537,0.81543,1.00,1.00
2016.11.18 12:21:39.049,0.81537,0.81545,1.00,1.00
2016.11.18 12:21:39.869,0.81537,0.81543,1.50,1.00
2016.11.18 12:21:40.589,0.81536,0.81543,1.50,1.00
2016.11.18 12:21:41.620,0.81537,0.81543,1.00,1.00
2016.11.18 12:21:41.790,0.81535,0.81543,1.00,1.00
2016.11.18 12:21:42.031,0.81533,0.81542,1.12,1.00
2016.11.18 12:21:43.023,0.81534,0.81542,1.00,1.00
2016.11.18 12:21:44.986,0.81535,0.81543,1.00,1.87
2016.11.18 12:21:45.289,0.81537,0.81546,1.00,2.25
2016.11.18 12:21:45.592,0.81534,0.81543,4.12,1.00
2016.11.18 12:21:45.643,0.81534,0.81543,2.25,1.00
2016.11.18 12:21:46.501,0.81536,0.81543,1.00,1.00
2016.11.18 12:21:49.913,0.81535,0.81542,1.00,1.00
2016.11.18 12:21:50.467,0.81536,0.81543,1.00,1.00
2016.11.18 12:21:51.067,0.81536,0.81544,1.00,1.00
2016.11.18 12:21:52.289,0.81536,0.81542,1.00,1.00
2016.11.18 12:21:53.127,0.81538,0.81545,1.00,1.37
2016.11.18 12:21:53.670,0.81538,0.81545,1.00,1.00
2016.11.18 12:21:53.973,0.8154,0.81547,1.00,1.00
2016.11.18 12:21:54.024,0.81538,0.81547,2.62,1.00
2016.11.18 12:21:54.582,0.81539,0.81547,1.00,1.00
2016.11.18 12:22:02.643,0.81538,0.81547,2.25,1.00
2016.11.18 12:22:03.172,0.81538,0.81546,1.12,1.00
2016.11.18 12:22:03.848,0.81538,0.81547,1.87,1.00
2016.11.18 12:22:04.397,0.81538,0.81548,1.87,1.50
2016.11.18 12:22:05.263,0.81538,0.81548,3.00,1.00
2016.11.18 12:22:05.942,0.81542,0.81548,1.00,1.00
2016.11.18 12:22:06.483,0.81542,0.81549,1.50,1.50
2016.11.18 12:22:07.104,0.81542,0.8155,1.50,1.00
2016.11.18 12:22:07.408,0.81542,0.81548,1.00,1.50
2016.11.18 12:22:07.459,0.81539,0.81548,1.37,1.50
2016.11.18 12:22:07.661,0.81538,0.81545,1.00,1.00
2016.11.18 12:22:08.166,0.81537,0.81545,1.00,1.00
2016.11.18 12:22:08.723,0.81535,0.81543,1.12,1.00
2016.11.18 12:22:09.177,0.81538,0.81545,1.00,1.00
2016.11.18 12:22:09.809,0.81539,0.81546,1.12,1.00
2016.11.18 12:22:11.367,0.81539,0.81548,1.12,1.50
2016.11.18 12:22:11.418,0.81539,0.81546,1.12,1.00
2016.11.18 12:22:11.519,0.81537,0.81545,1.12,1.00
2016.11.18 12:22:12.090,0.81538,0.81546,1.00,1.50
2016.11.18 12:22:13.026,0.81537,0.81546,1.00,1.50
2016.11.18 12:22:13.691,0.81536,0.81546,1.12,1.50
2016.11.18 12:22:14.435,0.81537,0.81546,1.00,1.50
2016.11.18 12:22:15.059,0.81537,0.81545,1.00,1.00
2016.11.18 12:22:19.764,0.81538,0.81545,1.00,1.00
2016.11.18 12:22:20.335,0.81539,0.81546,1.00,1.50
2016.11.18 12:22:20.729,0.81537,0.81546,1.50,1.50
2016.11.18 12:22:25.085,0.81538,0.81547,1.00,2.25
2016.11.18 12:22:26.445,0.81538,0.81545,1.50,1.00
2016.11.18 12:22:26.851,0.81535,0.81544,1.50,1.00
2016.11.18 12:22:27.568,0.81538,0.81544,1.00,1.50
2016.11.18 12:22:28.088,0.81536,0.81544,1.00,1.50
2016.11.18 12:22:28.290,0.81537,0.81546,1.00,2.25
2016.11.18 12:22:28.492,0.81537,0.81543,1.00,1.00
2016.11.18 12:22:28.594,0.81534,0.81542,1.00,1.50
2016.11.18 12:22:28.645,0.81534,0.8154,1.00,1.87
2016.11.18 12:22:28.696,0.81532,0.81539,1.12,1.00
2016.11.18 12:22:29.847,0.81532,0.81538,1.00,1.00
2016.11.18 12:22:30.492,0.8153,0.81538,1.12,1.50
2016.11.18 12:22:30.543,0.81528,0.81537,1.87,1.50
2016.11.18 12:22:30.594,0.81527,0.81535,2.25,1.00
2016.11.18 12:22:31.100,0.81528,0.81534,1.00,1.50
2016.11.18 12:22:31.608,0.81527,0.81534,1.00,1.00
2016.11.18 12:22:32.137,0.81526,0.81533,1.00,1.12
2016.11.18 12:22:32.523,0.81524,0.81533,1.00,1.12
2016.11.18 12:22:33.336,0.81526,0.81533,1.00,1.12
2016.11.18 12:22:33.437,0.81523,0.81531,1.00,1.00
2016.11.18 12:22:33.539,0.81522,0.81528,1.50,1.00
2016.11.18 12:22:33.977,0.81521,0.8153,1.00,1.87
2016.11.18 12:22:34.461,0.81519,0.81526,1.12,1.00
2016.11.18 12:22:34.512,0.81519,0.81529,1.00,1.87
2016.11.18 12:22:34.613,0.81519,0.81529,1.37,1.00
2016.11.18 12:22:35.709,0.81522,0.81529,1.00,1.00
2016.11.18 12:22:36.374,0.8152,0.81529,1.00,1.00
2016.11.18 12:22:36.476,0.81518,0.81525,1.50,1.00
2016.11.18 12:22:36.577,0.81516,0.81524,1.50,1.50
2016.11.18 12:22:36.628,0.81516,0.81522,1.00,1.00
2016.11.18 12:22:36.679,0.81514,0.81522,1.00,1.00
2016.11.18 12:22:36.780,0.81515,0.81524,1.00,1.00
2016.11.18 12:22:36.831,0.81518,0.81525,1.00,1.50
2016.11.18 12:22:37.051,0.81518,0.81527,2.62,1.00
2016.11.18 12:22:37.152,0.81519,0.8153,2.25,1.50
2016.11.18 12:22:37.254,0.81523,0.8153,1.00,1.00
2016.11.18 12:22:37.361,0.81523,0.81533,1.50,1.00
2016.11.18 12:22:37.413,0.81525,0.81534,1.00,1.00
2016.11.18 12:22:37.869,0.81523,0.81529,3.37,1.00
2016.11.18 12:22:37.920,0.81523,0.8153,1.50,1.50
2016.11.18 12:22:38.021,0.81521,0.8153,1.87,1.50
2016.11.18 12:22:38.532,0.81521,0.81528,1.00,1.00
2016.11.18 12:22:38.684,0.81517,0.81526,1.00,1.00
2016.11.18 12:22:39.588,0.81519,0.81527,1.00,1.00
2016.11.18 12:22:39.740,0.8152,0.81529,1.00,1.00
2016.11.18 12:22:40.526,0.8152,0.8153,1.00,1.00
2016.11.18 12:22:42.110,0.81524,0.8153,1.00,1.00
2016.11.18 12:22:42.161,0.81524,0.81532,1.00,1.00
2016.11.18 12:22:42.262,0.81524,0.81534,1.00,1.00
2016.11.18 12:22:42.915,0.81523,0.81534,1.87,1.50
2016.11.18 12:22:43.016,0.81523,0.81531,1.00,1.50
2016.11.18 12:22:43.236,0.8152,0.8153,1.12,1.00
2016.11.18 12:22:43.742,0.8152,0.81529,1.37,1.00
2016.11.18 12:22:44.253,0.8152,0.8153,1.37,1.00
2016.11.18 12:22:45.092,0.8152,0.81529,1.37,1.00
2016.11.18 12:22:45.193,0.81521,0.81531,1.12,1.87
2016.11.18 12:22:45.244,0.81522,0.81531,1.37,1.00
2016.11.18 12:22:45.345,0.81522,0.81533,1.12,1.50
2016.11.18 12:22:45.497,0.81523,0.81531,1.00,1.00
2016.11.18 12:22:46.047,0.81522,0.81531,2.62,1.00
2016.11.18 12:22:46.098,0.81522,0.81533,2.62,1.50
2016.11.18 12:22:46.803,0.81524,0.81532,1.00,1.00
2016.11.18 12:22:47.790,0.81524,0.81534,1.00,1.12
2016.11.18 12:22:47.892,0.81527,0.81536,1.00,1.50
2016.11.18 12:22:48.691,0.81529,0.81538,1.50,1.00
2016.11.18 12:22:48.996,0.81539,0.81547,1.00,1.79
2016.11.18 12:22:49.754,0.81537,0.81546,1.12,1.12
2016.11.18 12:22:50.065,0.81535,0.81546,2.62,1.50
2016.11.18 12:22:50.167,0.81537,0.81547,1.12,1.00
2016.11.18 12:22:50.673,0.81536,0.81546,1.50,1.00
2016.11.18 12:22:51.206,0.81539,0.8155,1.00,3.00
2016.11.18 12:22:51.257,0.81542,0.8155,1.00,2.25
2016.11.18 12:22:51.460,0.81547,0.81557,1.00,2.25
2016.11.18 12:22:51.612,0.81544,0.81554,1.00,1.00
2016.11.18 12:22:51.916,0.81543,0.81551,1.00,1.00
2016.11.18 12:22:52.108,0.81543,0.81553,1.00,1.12
2016.11.18 12:22:52.447,0.81541,0.81553,1.12,1.87
2016.11.18 12:22:52.548,0.81539,0.81551,2.25,1.50
2016.11.18 12:22:52.851,0.81543,0.81551,1.00,1.50
2016.11.18 12:22:53.054,0.81543,0.81554,1.87,1.37
2016.11.18 12:22:53.408,0.81541,0.81552,1.50,1.00
2016.11.18 12:22:53.805,0.81544,0.81555,1.50,5.25
2016.11.18 12:22:54.058,0.81538,0.81549,3.00,1.00
2016.11.18 12:22:54.160,0.81538,0.81547,1.87,1.00
2016.11.18 12:22:54.463,0.8154,0.81549,1.00,1.50
2016.11.18 12:22:54.769,0.81537,0.81545,2.62,1.00
2016.11.18 12:22:54.819,0.81537,0.81547,2.62,1.50
2016.11.18 12:22:54.871,0.81536,0.81547,1.87,1.00
2016.11.18 12:22:55.001,0.81538,0.81549,1.00,1.00
2016.11.18 12:22:55.304,0.8154,0.81549,1.00,1.00
2016.11.18 12:22:55.809,0.81539,0.8155,1.50,1.00
2016.11.18 12:22:56.532,0.8154,0.81551,1.12,1.79
2016.11.18 12:22:56.869,0.81542,0.81551,1.00,1.00
2016.11.18 12:22:57.397,0.81542,0.8155,1.00,1.00
2016.11.18 12:22:58.618,0.81542,0.81551,1.00,1.87
2016.11.18 12:22:59.157,0.81542,0.8155,1.00,1.00
2016.11.18 12:23:00.136,0.81542,0.81548,1.00,1.00
2016.11.18 12:23:00.238,0.81538,0.81548,1.00,1.50
2016.11.18 12:23:00.824,0.81538,0.81547,1.12,1.00
2016.11.18 12:23:01.127,0.81542,0.81548,1.00,1.50
2016.11.18 12:23:01.436,0.81539,0.81548,1.00,1.50
2016.11.18 12:23:02.160,0.81542,0.81548,1.00,1.50
2016.11.18 12:23:02.312,0.81542,0.8155,1.00,1.50
2016.11.18 12:23:03.510,0.81542,0.81551,1.00,1.50
2016.11.18 12:23:04.020,0.81542,0.8155,1.00,1.00
2016.11.18 12:23:05.536,0.81542,0.81549,1.50,1.00
2016.11.18 12:23:05.642,0.81542,0.81552,1.50,2.62
2016.11.18 12:23:06.209,0.81542,0.81551,1.12,1.00
2016.11.18 12:23:06.260,0.81546,0.81553,1.00,1.50
2016.11.18 12:23:06.312,0.81543,0.81552,2.62,1.00
2016.11.18 12:23:06.825,0.81542,0.81553,3.00,2.25
2016.11.18 12:23:07.502,0.81543,0.81551,1.12,1.00
2016.11.18 12:23:08.023,0.81543,0.81552,1.12,1.12
2016.11.18 12:23:08.514,0.81545,0.81556,1.50,1.50
2016.11.18 12:23:08.716,0.81547,0.81559,1.50,3.75
2016.11.18 12:23:08.918,0.81548,0.81559,1.00,1.50
2016.11.18 12:23:10.060,0.81549,0.81559,1.00,1.12
2016.11.18 12:23:10.281,0.81549,0.81557,1.00,1.00
2016.11.18 12:23:10.686,0.81551,0.8156,1.00,1.00
2016.11.18 12:23:10.838,0.81554,0.81563,1.00,2.25
2016.11.18 12:23:11.350,0.81554,0.81563,1.00,1.00
2016.11.18 12:23:11.871,0.81554,0.81564,1.00,1.00
2016.11.18 12:23:12.389,0.81555,0.81564,1.00,1.12
2016.11.18 12:23:12.934,0.81554,0.81565,1.12,1.50
2016.11.18 12:23:13.723,0.81555,0.81565,1.00,1.87
2016.11.18 12:23:14.246,0.81554,0.81565,1.00,2.25
2016.11.18 12:23:14.549,0.81554,0.81564,1.00,1.37
2016.11.18 12:23:15.006,0.81552,0.81562,2.25,1.00
2016.11.18 12:23:15.511,0.81552,0.81563,1.50,1.50
2016.11.18 12:23:15.562,0.81552,0.81561,1.50,1.00
2016.11.18 12:23:16.485,0.81552,0.81562,1.00,1.00
2016.11.18 12:23:17.598,0.81552,0.81563,1.00,1.50
2016.11.18 12:23:17.902,0.81554,0.81564,1.50,1.12
2016.11.18 12:23:18.457,0.81553,0.81564,1.00,1.87
2016.11.18 12:23:18.892,0.81554,0.81562,1.00,1.00
2016.11.18 12:23:19.320,0.81554,0.81564,1.00,2.25
2016.11.18 12:23:19.709,0.81554,0.81562,1.50,1.00
2016.11.18 12:23:20.187,0.81554,0.81564,1.00,2.25
2016.11.18 12:23:20.624,0.81553,0.81562,1.00,1.00
2016.11.18 12:23:21.054,0.81556,0.81565,1.00,1.50
2016.11.18 12:23:21.359,0.8156,0.81569,1.00,1.87
2016.11.18 12:23:21.864,0.81562,0.81569,1.00,1.00
2016.11.18 12:23:22.016,0.81559,0.81569,2.62,1.00
2016.11.18 12:23:22.619,0.81562,0.81571,1.00,1.87
2016.11.18 12:23:23.074,0.81564,0.81574,1.00,4.87
2016.11.18 12:23:23.428,0.81564,0.81573,1.00,3.37
2016.11.18 12:23:23.978,0.81565,0.81575,1.00,1.12
2016.11.18 12:23:24.532,0.81565,0.81576,1.00,1.50
2016.11.18 12:23:24.582,0.81567,0.81577,1.00,1.87
2016.11.18 12:23:24.886,0.81571,0.81582,1.00,4.12
2016.11.18 12:23:24.937,0.81573,0.81583,1.00,2.62
2016.11.18 12:23:25.139,0.81577,0.81585,1.00,1.12
2016.11.18 12:23:25.354,0.81577,0.81588,1.50,1.12
2016.11.18 12:23:25.456,0.81579,0.81588,1.00,1.87
2016.11.18 12:23:25.815,0.81577,0.81585,1.12,1.00
2016.11.18 12:23:26.069,0.81571,0.81581,1.12,1.00
2016.11.18 12:23:26.746,0.81572,0.81582,1.50,1.87
2016.11.18 12:23:27.284,0.81573,0.81584,1.00,2.25
2016.11.18 12:23:27.738,0.81575,0.81584,1.00,1.50
2016.11.18 12:23:27.839,0.81576,0.81586,1.00,1.75
2016.11.18 12:23:28.041,0.81577,0.81588,1.00,3.00
2016.11.18 12:23:28.759,0.81577,0.81587,1.50,1.50
2016.11.18 12:23:29.264,0.81578,0.81587,1.00,1.12
2016.11.18 12:23:29.315,0.81578,0.81584,1.00,1.00
2016.11.18 12:23:29.568,0.81572,0.81582,1.12,1.00
2016.11.18 12:23:29.720,0.81574,0.81583,1.00,1.50
2016.11.18 12:23:29.872,0.81572,0.81582,1.12,1.00
2016.11.18 12:23:30.212,0.81572,0.81581,1.00,1.87
2016.11.18 12:23:30.735,0.81572,0.81581,1.00,1.50
2016.11.18 12:23:31.412,0.81569,0.8158,1.50,1.50
2016.11.18 12:23:32.260,0.81567,0.81573,1.12,1.00
2016.11.18 12:23:32.311,0.81567,0.81576,1.87,1.00
2016.11.18 12:23:32.362,0.81567,0.81578,1.87,1.00
2016.11.18 12:23:32.868,0.81568,0.81579,1.00,1.12
2016.11.18 12:23:33.367,0.8157,0.81579,1.00,1.12
2016.11.18 12:23:33.885,0.81569,0.81579,1.50,1.00
2016.11.18 12:23:34.429,0.81568,0.8158,1.00,3.00
2016.11.18 12:23:34.882,0.81574,0.81581,1.50,2.25
2016.11.18 12:23:35.085,0.81575,0.81586,1.00,1.00
2016.11.18 12:23:35.259,0.8158,0.81586,1.00,1.00
2016.11.18 12:23:35.360,0.8158,0.8159,1.00,2.62
2016.11.18 12:23:35.411,0.81582,0.8159,1.00,1.12
2016.11.18 12:23:35.462,0.81582,0.81591,1.00,2.25
2016.11.18 12:23:35.613,0.8158,0.81591,1.87,1.12
2016.11.18 12:23:36.119,0.81582,0.81591,1.00,1.50
2016.11.18 12:23:36.722,0.81582,0.81592,1.00,2.25
2016.11.18 12:23:37.254,0.81582,0.81593,2.25,1.00
2016.11.18 12:23:37.767,0.81582,0.81592,1.00,1.00
2016.11.18 12:23:38.070,0.81578,0.8159,1.50,1.12
2016.11.18 12:23:38.577,0.8158,0.81589,1.00,1.00
2016.11.18 12:23:39.396,0.8158,0.8159,1.00,1.50
2016.11.18 12:23:39.732,0.81582,0.81592,1.00,1.87
2016.11.18 12:23:40.250,0.81581,0.81592,1.00,1.87
2016.11.18 12:23:40.595,0.81583,0.81592,1.00,1.12
2016.11.18 12:23:40.899,0.81592,0.81599,1.00,2.62
2016.11.18 12:23:41.048,0.81595,0.81602,1.50,1.50
2016.11.18 12:23:41.099,0.81595,0.81605,1.00,1.50
2016.11.18 12:23:41.554,0.81597,0.81605,1.00,1.12
2016.11.18 12:23:41.655,0.81593,0.81604,1.50,1.00
2016.11.18 12:23:41.706,0.81593,0.81601,1.00,1.00
2016.11.18 12:23:42.112,0.81593,0.81604,1.00,1.00
2016.11.18 12:23:42.397,0.81592,0.81602,1.00,1.00
2016.11.18 12:23:42.902,0.8159,0.81601,1.50,1.00
2016.11.18 12:23:43.407,0.81589,0.816,1.37,1.00
2016.11.18 12:23:43.609,0.81588,0.81599,1.12,1.12
2016.11.18 12:23:43.851,0.8159,0.81601,1.00,2.25
2016.11.18 12:23:44.379,0.81589,0.816,1.00,1.00
2016.11.18 12:23:44.709,0.81588,0.81599,1.00,1.50
2016.11.18 12:23:44.912,0.81589,0.816,1.00,1.50
2016.11.18 12:23:46.017,0.8159,0.81601,1.00,1.50
2016.11.18 12:23:46.623,0.8159,0.81601,1.00,1.50
2016.11.18 12:23:46.725,0.81592,0.81601,1.00,1.00
2016.11.18 12:23:47.510,0.81592,0.81602,1.00,1.00
2016.11.18 12:23:47.915,0.8159,0.81601,1.00,1.12
2016.11.18 12:23:48.119,0.81595,0.81604,1.00,2.62
2016.11.18 12:23:48.372,0.81597,0.81606,1.00,2.62
2016.11.18 12:23:48.423,0.81599,0.81608,1.00,1.12
2016.11.18 12:23:48.575,0.81601,0.81611,1.00,2.62
2016.11.18 12:23:48.960,0.81601,0.81612,1.00,1.00
2016.11.18 12:23:49.163,0.81598,0.81608,2.25,1.00
2016.11.18 12:23:49.669,0.81598,0.81608,1.00,1.00
2016.11.18 12:23:50.216,0.81599,0.81608,1.00,1.50
2016.11.18 12:23:50.367,0.81597,0.81608,1.12,2.25
2016.11.18 12:23:50.910,0.81601,0.8161,1.00,1.37
2016.11.18 12:23:51.309,0.81602,0.81612,1.00,1.50
2016.11.18 12:23:51.411,0.81602,0.81613,1.50,2.25
2016.11.18 12:23:51.613,0.81605,0.81614,1.00,1.00
2016.11.18 12:23:52.138,0.81605,0.81616,1.00,1.50
2016.11.18 12:23:52.525,0.81603,0.81612,2.25,1.00
2016.11.18 12:23:52.727,0.81601,0.81612,1.12,1.87
2016.11.18 12:23:53.367,0.81602,0.81613,1.00,1.50
2016.11.18 12:23:53.419,0.81603,0.81613,1.00,1.00
2016.11.18 12:23:53.715,0.81604,0.81615,1.00,1.00
2016.11.18 12:23:54.121,0.81607,0.81616,1.00,2.25
2016.11.18 12:23:54.323,0.81607,0.81616,1.00,1.12
2016.11.18 12:23:54.676,0.81607,0.81619,1.50,3.00
2016.11.18 12:23:54.828,0.81606,0.81616,1.00,1.37
2016.11.18 12:23:55.223,0.81604,0.81615,1.12,1.12
2016.11.18 12:23:55.730,0.81605,0.81616,1.00,2.25
2016.11.18 12:23:56.514,0.81604,0.81615,1.00,1.12
2016.11.18 12:23:57.033,0.81603,0.81614,1.50,1.00
2016.11.18 12:23:57.084,0.81605,0.81614,1.00,1.00
2016.11.18 12:23:58.037,0.81608,0.81614,1.00,1.00
2016.11.18 12:23:58.553,0.81605,0.81615,1.37,1.00
2016.11.18 12:23:59.101,0.81604,0.81614,1.50,1.00
2016.11.18 12:23:59.713,0.81604,0.81614,1.00,1.00
2016.11.18 12:24:00.707,0.81603,0.81614,2.62,1.00
2016.11.18 12:24:00.758,0.81607,0.81614,1.00,1.00
2016.11.18 12:24:00.860,0.81603,0.81613,1.12,1.00
2016.11.18 12:24:01.012,0.81602,0.81609,1.50,1.00
2016.11.18 12:24:01.265,0.81597,0.81605,1.12,1.00
2016.11.18 12:24:01.650,0.81602,0.81608,1.00,1.12
2016.11.18 12:24:01.752,0.81602,0.8161,2.25,1.00
2016.11.18 12:24:01.854,0.81603,0.81612,1.00,1.00
2016.11.18 12:24:02.157,0.81605,0.81613,1.00,1.00
2016.11.18 12:24:03.006,0.81607,0.81616,1.00,1.37
2016.11.18 12:24:03.259,0.81612,0.81621,1.00,1.00
2016.11.18 12:24:03.734,0.81611,0.81621,3.37,1.00
2016.11.18 12:24:03.839,0.81612,0.81621,1.00,1.00
2016.11.18 12:24:04.041,0.81609,0.81619,1.50,1.00
2016.11.18 12:24:04.092,0.81609,0.81616,1.00,1.00
2016.11.18 12:24:04.294,0.81603,0.81613,1.00,1.00
2016.11.18 12:24:06.261,0.81602,0.81613,1.87,1.00
2016.11.18 12:24:06.588,0.81604,0.81613,1.00,1.00
2016.11.18 12:24:07.111,0.81604,0.81614,1.00,1.50
2016.11.18 12:24:08.694,0.81602,0.81613,3.00,1.50
2016.11.18 12:24:08.997,0.81596,0.81606,3.37,1.00
2016.11.18 12:24:09.300,0.81595,0.81606,1.87,1.00
2016.11.18 12:24:09.533,0.81595,0.81603,1.00,1.00
2016.11.18 12:24:09.836,0.81593,0.81604,1.50,1.00
2016.11.18 12:24:10.385,0.81594,0.81603,1.00,1.00
2016.11.18 12:24:10.940,0.81594,0.81602,1.00,1.00
2016.11.18 12:24:11.151,0.8159,0.816,2.25,1.00
2016.11.18 12:24:11.252,0.8159,0.81599,1.50,1.00
2016.11.18 12:24:11.454,0.81594,0.81601,1.00,1.00
2016.11.18 12:24:11.960,0.81593,0.81602,1.75,1.00
2016.11.18 12:24:12.061,0.81593,0.81602,1.50,1.00
2016.11.18 12:24:12.314,0.81598,0.81605,1.00,1.00
2016.11.18 12:24:12.497,0.81595,0.81605,1.12,1.00
2016.11.18 12:24:12.699,0.81597,0.81605,1.00,1.00
2016.11.18 12:24:13.356,0.81597,0.81606,1.00,1.12
2016.11.18 12:24:13.609,0.81599,0.81609,1.00,1.12
2016.11.18 12:24:13.660,0.81601,0.8161,1.00,1.12
2016.11.18 12:24:13.762,0.81599,0.81609,1.12,1.00
2016.11.18 12:24:13.914,0.81599,0.81606,1.12,1.00
2016.11.18 12:24:14.427,0.81599,0.81606,1.37,1.00
2016.11.18 12:24:14.478,0.81599,0.81608,1.37,1.00
2016.11.18 12:24:15.018,0.81599,0.81608,1.12,1.00
2016.11.18 12:24:17.218,0.81599,0.81609,1.12,1.00
2016.11.18 12:24:18.564,0.816,0.81609,1.00,1.00
2016.11.18 12:24:18.768,0.81602,0.8161,1.00,1.00
2016.11.18 12:24:18.971,0.81603,0.81613,1.00,1.00
2016.11.18 12:24:19.504,0.81604,0.81612,1.00,1.00
2016.11.18 12:24:20.017,0.81603,0.81612,1.00,1.00
2016.11.18 12:24:20.541,0.81603,0.81611,1.00,1.00
2016.11.18 12:24:21.064,0.81603,0.8161,1.00,1.00
2016.11.18 12:24:21.339,0.81601,0.81609,1.00,1.00
2016.11.18 12:24:22.333,0.816,0.81609,1.00,1.00
2016.11.18 12:24:25.909,0.81602,0.8161,1.00,1.00
2016.11.18 12:24:26.216,0.81603,0.81612,1.00,1.00
2016.11.18 12:24:26.318,0.81605,0.81612,1.00,1.00
2016.11.18 12:24:26.570,0.81605,0.81614,1.00,1.00
2016.11.18 12:24:27.128,0.81606,0.81614,1.00,1.00
2016.11.18 12:24:27.590,0.81604,0.81614,1.00,1.00
2016.11.18 12:24:27.861,0.81607,0.81615,1.00,1.00
2016.11.18 12:24:28.434,0.81607,0.81616,1.00,1.50
2016.11.18 12:24:28.766,0.81606,0.81614,1.00,1.00
2016.11.18 12:24:28.818,0.81606,0.81616,1.12,1.87
2016.11.18 12:24:28.969,0.81608,0.81616,1.00,1.50
2016.11.18 12:24:29.136,0.81606,0.81616,1.00,1.50
2016.11.18 12:24:29.186,0.81608,0.81616,1.00,1.00
2016.11.18 12:24:30.738,0.81606,0.81613,1.00,1.50
2016.11.18 12:24:30.839,0.81603,0.81612,1.87,1.00
2016.11.18 12:24:30.961,0.81602,0.81611,1.00,1.00
2016.11.18 12:24:31.485,0.81602,0.8161,1.50,1.00
2016.11.18 12:24:31.687,0.81602,0.81608,1.00,1.50
2016.11.18 12:24:31.738,0.81598,0.81607,1.50,1.00
2016.11.18 12:24:32.275,0.81598,0.81607,1.00,1.00
2016.11.18 12:24:33.320,0.81597,0.81606,1.87,1.00
2016.11.18 12:24:33.825,0.81598,0.81607,1.00,1.50
2016.11.18 12:24:34.442,0.81599,0.81606,1.00,1.00
2016.11.18 12:24:34.543,0.81597,0.81606,1.00,1.00
2016.11.18 12:24:38.841,0.81594,0.81603,2.25,1.00
2016.11.18 12:24:39.362,0.81596,0.81604,1.00,1.00
2016.11.18 12:24:39.746,0.81597,0.81607,1.50,1.87
2016.11.18 12:24:39.948,0.81598,0.81609,1.00,3.00
2016.11.18 12:24:40.251,0.81598,0.81606,1.12,1.00
2016.11.18 12:24:40.757,0.81598,0.81607,1.00,1.00
2016.11.18 12:24:41.550,0.81598,0.81608,1.00,1.50
2016.11.18 12:24:41.853,0.81599,0.8161,1.00,1.12
2016.11.18 12:24:42.378,0.81598,0.81609,1.87,1.00
2016.11.18 12:24:42.880,0.81599,0.81608,1.00,1.00
2016.11.18 12:24:43.904,0.81599,0.81609,1.00,1.50
2016.11.18 12:24:44.434,0.81599,0.81608,1.00,1.12
2016.11.18 12:24:45.453,0.81599,0.81609,1.50,1.87
2016.11.18 12:24:47.192,0.81599,0.81608,1.00,1.00
2016.11.18 12:24:47.695,0.81598,0.81607,1.50,1.00
2016.11.18 12:24:48.226,0.81597,0.81607,1.50,1.00
2016.11.18 12:24:48.875,0.81598,0.81608,1.00,1.87
2016.11.18 12:24:48.977,0.816,0.81609,1.00,1.00
2016.11.18 12:24:49.499,0.81601,0.8161,1.00,1.50
2016.11.18 12:24:50.044,0.816,0.81609,1.50,1.00
2016.11.18 12:24:51.730,0.81598,0.81605,1.00,1.00
2016.11.18 12:24:51.881,0.81593,0.81602,1.00,1.00
2016.11.18 12:24:52.083,0.81591,0.81601,1.12,1.50
2016.11.18 12:24:52.607,0.8159,0.81601,1.00,1.50
2016.11.18 12:24:52.708,0.81592,0.81601,1.00,1.00
2016.11.18 12:24:53.214,0.81592,0.81602,1.12,1.87
2016.11.18 12:24:53.723,0.81592,0.816,1.12,1.00
2016.11.18 12:24:54.739,0.81591,0.816,1.12,1.00
2016.11.18 12:24:55.546,0.81592,0.81601,1.00,1.00
2016.11.18 12:24:56.647,0.81591,0.81601,1.12,1.00
2016.11.18 12:24:57.196,0.81591,0.816,1.00,1.00
2016.11.18 12:24:57.864,0.81591,0.81601,1.00,1.50
2016.11.18 12:24:58.896,0.81593,0.816,1.00,1.00
2016.11.18 12:24:58.998,0.81593,0.81602,1.50,1.12
2016.11.18 12:24:59.515,0.81594,0.81603,1.00,1.87
2016.11.18 12:25:00.382,0.81595,0.81603,1.00,1.00
2016.11.18 12:25:01.134,0.81595,0.81604,1.00,1.12
2016.11.18 12:25:01.286,0.81597,0.81606,1.00,2.25
2016.11.18 12:25:01.590,0.81599,0.81606,1.00,1.00
2016.11.18 12:25:02.097,0.81597,0.81607,1.00,1.37
2016.11.18 12:25:02.601,0.81596,0.81606,1.00,1.12
2016.11.18 12:25:02.703,0.81595,0.81604,1.00,1.00
2016.11.18 12:25:03.430,0.81594,0.81603,1.50,1.00
2016.11.18 12:25:03.954,0.81593,0.81602,1.00,1.12
2016.11.18 12:25:04.257,0.81595,0.81602,1.00,1.00
2016.11.18 12:25:04.788,0.81595,0.81603,1.00,1.00
2016.11.18 12:25:04.940,0.81593,0.81603,1.00,1.00
2016.11.18 12:25:04.991,0.81593,0.81603,1.00,1.50
2016.11.18 12:25:05.496,0.81593,0.81602,1.00,1.50
2016.11.18 12:25:05.800,0.8159,0.81597,1.00,1.00
2016.11.18 12:25:05.851,0.81588,0.81597,1.12,1.00
2016.11.18 12:25:06.436,0.81587,0.81597,1.87,1.12
2016.11.18 12:25:06.998,0.81589,0.81597,1.00,1.12
2016.11.18 12:25:07.503,0.81589,0.81599,1.50,1.12
2016.11.18 12:25:07.706,0.81591,0.81599,1.00,1.00
2016.11.18 12:25:08.422,0.81591,0.816,1.00,1.00
2016.11.18 12:25:09.767,0.8159,0.816,1.00,1.50
2016.11.18 12:25:10.304,0.81589,0.81599,1.50,1.00
2016.11.18 12:25:10.803,0.81588,0.81597,1.50,1.00
2016.11.18 12:25:11.308,0.81587,0.81597,1.00,1.37
2016.11.18 12:25:12.003,0.81587,0.81597,1.50,1.12
2016.11.18 12:25:14.753,0.81591,0.816,1.50,3.75
2016.11.18 12:25:14.804,0.81591,0.81601,1.50,2.62
2016.11.18 12:25:14.906,0.81591,0.81601,1.50,1.50
2016.11.18 12:25:15.532,0.81592,0.81599,1.50,1.00
2016.11.18 12:25:15.684,0.81589,0.81599,1.50,1.00
2016.11.18 12:25:15.785,0.81591,0.81599,1.00,1.87
2016.11.18 12:25:15.836,0.81589,0.816,1.50,2.25
2016.11.18 12:25:16.433,0.81589,0.816,1.00,1.87
2016.11.18 12:25:16.934,0.81589,0.81599,1.50,1.12
2016.11.18 12:25:17.462,0.8159,0.816,1.00,2.62
2016.11.18 12:25:18.766,0.81589,0.816,1.00,2.62
2016.11.18 12:25:19.271,0.81589,0.81599,1.50,1.12
2016.11.18 12:25:19.772,0.81588,0.81599,1.50,2.62
2016.11.18 12:25:20.322,0.81589,0.81599,1.35,2.25
2016.11.18 12:25:20.835,0.81589,0.81597,1.35,1.00
2016.11.18 12:25:21.394,0.81588,0.81596,1.00,1.00
2016.11.18 12:25:21.914,0.81585,0.81595,3.60,1.12
2016.11.18 12:25:23.842,0.81587,0.81596,1.35,1.12
2016.11.18 12:25:24.254,0.81587,0.81594,1.35,1.00
2016.11.18 12:25:24.557,0.81588,0.81596,1.00,1.00
2016.11.18 12:25:25.063,0.81587,0.81597,1.50,1.50
2016.11.18 12:25:25.265,0.81586,0.81595,2.25,1.00
2016.11.18 12:25:25.950,0.81587,0.81597,1.87,1.50
2016.11.18 12:25:26.319,0.81585,0.81594,1.00,1.00
2016.11.18 12:25:26.572,0.81586,0.81597,2.47,2.25
2016.11.18 12:25:27.110,0.81587,0.81598,1.50,1.12
2016.11.18 12:25:27.620,0.81589,0.81599,1.35,3.00
2016.11.18 12:25:27.772,0.8159,0.81601,1.87,1.50
2016.11.18 12:25:27.823,0.8159,0.81601,2.25,1.12
2016.11.18 12:25:28.450,0.81591,0.81601,1.37,1.50
2016.11.18 12:25:28.979,0.81592,0.81602,1.50,1.50
2016.11.18 12:25:29.389,0.8159,0.816,1.12,1.50
2016.11.18 12:25:29.591,0.81588,0.816,2.10,3.00
2016.11.18 12:25:30.139,0.81589,0.81599,2.10,1.00
2016.11.18 12:25:30.446,0.81591,0.81602,1.50,2.25
2016.11.18 12:25:30.750,0.81593,0.81603,1.00,1.00
2016.11.18 12:25:31.378,0.81593,0.81604,1.00,3.37
2016.11.18 12:25:31.965,0.81593,0.81603,1.50,1.00
2016.11.18 12:25:32.268,0.81597,0.81605,1.00,1.00
2016.11.18 12:25:32.369,0.81597,0.81607,1.00,1.87
2016.11.18 12:25:32.980,0.81596,0.81607,1.00,2.62
2016.11.18 12:25:33.082,0.81596,0.81605,1.50,1.00
2016.11.18 12:25:33.721,0.81597,0.81605,1.00,1.12
2016.11.18 12:25:34.237,0.81597,0.81606,1.50,1.00
2016.11.18 12:25:34.759,0.81596,0.81607,1.50,1.50
2016.11.18 12:25:34.903,0.81596,0.81607,1.50,1.12
2016.11.18 12:25:35.768,0.81596,0.81607,1.50,1.50
2016.11.18 12:25:36.275,0.81597,0.81608,1.00,1.75
2016.11.18 12:25:36.427,0.81597,0.81608,1.00,1.12
2016.11.18 12:25:37.089,0.81597,0.81608,1.50,2.25
2016.11.18 12:25:37.876,0.81597,0.81608,1.50,2.62
2016.11.18 12:25:38.236,0.81598,0.81606,1.00,1.00
2016.11.18 12:25:38.758,0.81598,0.81608,1.00,1.50
2016.11.18 12:25:40.937,0.81598,0.81609,1.50,1.00
2016.11.18 12:25:43.009,0.81599,0.81609,1.00,1.00
2016.11.18 12:25:43.212,0.81601,0.81611,1.00,1.50
2016.11.18 12:25:43.515,0.81604,0.81614,1.00,1.00
2016.11.18 12:25:44.225,0.81604,0.81613,1.00,1.00
2016.11.18 12:25:44.629,0.81602,0.81611,1.50,1.12
2016.11.18 12:25:44.832,0.81599,0.81609,1.00,1.00
2016.11.18 12:25:46.257,0.816,0.81609,1.00,1.12
2016.11.18 12:25:47.201,0.816,0.81609,1.00,1.50
2016.11.18 12:25:47.353,0.81601,0.8161,1.35,1.00
2016.11.18 12:25:47.556,0.81602,0.81611,2.17,1.87
2016.11.18 12:25:48.083,0.81602,0.81611,2.17,1.12
2016.11.18 12:25:48.643,0.81605,0.81613,1.42,1.50
2016.11.18 12:25:48.756,0.81604,0.81614,2.17,1.12
2016.11.18 12:25:49.261,0.81606,0.81614,1.04,1.00
2016.11.18 12:25:49.312,0.81606,0.81616,1.04,1.12
2016.11.18 12:25:49.616,0.81602,0.81609,2.22,1.00
2016.11.18 12:25:49.666,0.816,0.81609,1.50,1.00
2016.11.18 12:25:49.869,0.81598,0.81609,1.50,1.00
2016.11.18 12:25:50.056,0.81598,0.81609,1.00,1.50
2016.11.18 12:25:50.662,0.81597,0.81608,1.87,1.37
2016.11.18 12:25:51.191,0.81598,0.81608,1.00,2.25
2016.11.18 12:25:51.763,0.81597,0.81608,2.10,1.12
2016.11.18 12:25:52.066,0.81599,0.81609,1.00,1.87
2016.11.18 12:25:52.475,0.81594,0.81601,3.00,1.00
2016.11.18 12:25:52.731,0.81591,0.81602,1.00,1.50
2016.11.18 12:25:52.984,0.81593,0.81603,1.50,3.75
2016.11.18 12:25:53.505,0.81592,0.81601,1.50,1.00
2016.11.18 12:25:56.584,0.8159,0.81601,1.87,1.00
2016.11.18 12:25:57.137,0.8159,0.81601,1.50,1.37
2016.11.18 12:25:57.517,0.81592,0.81599,1.00,1.00
2016.11.18 12:25:59.296,0.81593,0.81599,1.00,1.00
2016.11.18 12:25:59.448,0.81592,0.81601,2.25,1.12
2016.11.18 12:25:59.499,0.81592,0.81599,1.50,1.00
2016.11.18 12:25:59.971,0.8159,0.816,1.00,1.87
2016.11.18 12:26:00.072,0.81589,0.81598,1.50,1.00
2016.11.18 12:26:00.276,0.81586,0.81597,1.87,1.50
2016.11.18 12:26:00.794,0.81587,0.81596,1.50,1.12
2016.11.18 12:26:01.301,0.81588,0.81597,1.00,1.12
2016.11.18 12:26:01.890,0.81588,0.81597,1.00,1.37
2016.11.18 12:26:02.094,0.81587,0.81598,2.25,2.25
2016.11.18 12:26:02.148,0.81588,0.81596,1.00,1.00
2016.11.18 12:26:02.654,0.81588,0.81598,1.50,1.12
2016.11.18 12:26:03.241,0.8159,0.81598,1.00,1.50
2016.11.18 12:26:04.933,0.81588,0.81598,1.87,1.12
2016.11.18 12:26:05.438,0.81586,0.81597,1.35,3.00
2016.11.18 12:26:05.489,0.81586,0.81597,1.35,3.00
2016.11.18 12:26:06.442,0.81584,0.81594,2.47,1.00
2016.11.18 12:26:06.745,0.81584,0.81592,1.35,1.00
2016.11.18 12:26:07.250,0.81582,0.81591,1.12,1.00
2016.11.18 12:26:07.502,0.81584,0.81592,1.00,1.12
2016.11.18 12:26:08.090,0.81584,0.81593,1.00,1.00
2016.11.18 12:26:08.639,0.81583,0.81594,1.50,2.25
2016.11.18 12:26:09.181,0.81583,0.81593,1.00,1.00
2016.11.18 12:26:10.326,0.81583,0.81594,1.50,2.62
2016.11.18 12:26:10.875,0.81583,0.81594,1.87,2.25
2016.11.18 12:26:11.407,0.81585,0.81593,1.00,1.00
2016.11.18 12:26:11.945,0.81586,0.81594,1.00,1.00
2016.11.18 12:26:13.083,0.81586,0.81595,1.00,1.50
2016.11.18 12:26:13.389,0.81586,0.81593,1.00,1.00
2016.11.18 12:26:13.845,0.81584,0.81594,1.50,1.50
2016.11.18 12:26:13.947,0.81586,0.81594,1.00,1.00
2016.11.18 12:26:14.200,0.81584,0.81593,1.50,1.00
2016.11.18 12:26:14.251,0.81583,0.8159,1.00,1.00
2016.11.18 12:26:14.302,0.8158,0.81592,2.25,2.25
2016.11.18 12:26:14.454,0.81583,0.81592,1.00,1.12
2016.11.18 12:26:15.001,0.81584,0.81594,1.00,1.50
2016.11.18 12:26:15.316,0.81586,0.81594,1.00,1.50
2016.11.18 12:26:16.269,0.81584,0.81594,1.00,2.25
2016.11.18 12:26:16.320,0.81584,0.81595,1.50,2.62
2016.11.18 12:26:16.726,0.81584,0.81593,1.00,1.00
2016.11.18 12:26:17.248,0.81585,0.81593,1.00,1.00
2016.11.18 12:26:17.764,0.81585,0.81594,1.00,1.12
2016.11.18 12:26:18.897,0.81587,0.81594,1.00,1.50
2016.11.18 12:26:19.135,0.81589,0.81598,1.00,1.50
2016.11.18 12:26:19.754,0.81592,0.81599,1.00,1.00
2016.11.18 12:26:19.856,0.81592,0.81601,1.00,1.87
2016.11.18 12:26:20.397,0.81589,0.816,1.00,1.12
2016.11.18 12:26:20.448,0.81593,0.81599,1.00,1.12
2016.11.18 12:26:20.650,0.81589,0.816,1.37,2.25
2016.11.18 12:26:20.752,0.81588,0.81598,1.35,1.00
2016.11.18 12:26:21.256,0.81587,0.81597,2.10,1.00
2016.11.18 12:26:24.898,0.81587,0.81596,1.60,1.00
2016.11.18 12:26:24.949,0.81586,0.81596,1.00,1.00
2016.11.18 12:26:25.000,0.81585,0.81594,1.12,1.00
2016.11.18 12:26:25.303,0.81588,0.81594,1.00,1.00
2016.11.18 12:26:25.887,0.81588,0.81595,1.00,2.25
2016.11.18 12:26:26.548,0.81586,0.81591,1.00,1.50
2016.11.18 12:26:26.650,0.81577,0.81585,1.00,1.00
2016.11.18 12:26:26.802,0.81575,0.81584,1.00,1.00
2016.11.18 12:26:26.853,0.81575,0.81582,1.00,1.00
2016.11.18 12:26:26.955,0.81572,0.81582,1.87,1.00
2016.11.18 12:26:27.057,0.81574,0.81581,1.00,1.00
2016.11.18 12:26:27.158,0.81575,0.81583,1.00,1.00
2016.11.18 12:26:27.209,0.81577,0.81583,1.00,1.00
2016.11.18 12:26:27.361,0.81577,0.81585,1.50,1.00
2016.11.18 12:26:27.462,0.81574,0.81585,1.00,1.50
2016.11.18 12:26:27.664,0.81573,0.81582,2.25,1.12
2016.11.18 12:26:28.198,0.81575,0.81583,1.00,1.00
2016.11.18 12:26:28.401,0.81576,0.81585,1.50,1.00
2016.11.18 12:26:28.909,0.81577,0.81585,1.50,1.00
2016.11.18 12:26:29.561,0.81577,0.81586,1.00,1.00
2016.11.18 12:26:30.424,0.81576,0.81586,1.12,1.87
2016.11.18 12:26:31.138,0.81576,0.81584,1.12,1.00
2016.11.18 12:26:31.442,0.81578,0.81586,1.00,1.00
2016.11.18 12:26:31.846,0.81577,0.81584,1.00,1.00
2016.11.18 12:26:32.374,0.81577,0.81585,1.00,1.87
2016.11.18 12:26:32.759,0.81575,0.81581,1.00,1.00
2016.11.18 12:26:32.962,0.81567,0.81575,1.00,1.00
2016.11.18 12:26:33.063,0.81563,0.81572,2.62,1.00
2016.11.18 12:26:33.166,0.8156,0.81571,2.10,1.50
2016.11.18 12:26:33.267,0.81559,0.81569,3.00,1.00
2016.11.18 12:26:33.520,0.81557,0.81568,1.50,1.00
2016.11.18 12:26:33.723,0.81558,0.81564,1.00,1.00
2016.11.18 12:26:33.774,0.81554,0.81565,1.50,1.50
2016.11.18 12:26:33.979,0.81554,0.81564,1.12,1.00
2016.11.18 12:26:34.485,0.81554,0.81565,1.00,1.50
2016.11.18 12:26:34.639,0.81554,0.81563,1.00,1.00
2016.11.18 12:26:35.145,0.81553,0.81564,3.00,1.00
2016.11.18 12:26:35.476,0.81553,0.81564,2.47,1.75
2016.11.18 12:26:35.988,0.81553,0.81564,2.85,1.00
2016.11.18 12:26:36.241,0.81553,0.81561,1.50,1.00
2016.11.18 12:26:36.445,0.81549,0.8156,5.47,1.50
2016.11.18 12:26:36.496,0.81549,0.8156,1.35,1.87
2016.11.18 12:26:36.547,0.81551,0.8156,1.00,1.87
2016.11.18 12:26:36.751,0.81552,0.81564,2.85,3.00
2016.11.18 12:26:36.802,0.81557,0.81564,1.00,1.12
2016.11.18 12:26:37.293,0.81555,0.81567,1.00,3.00
2016.11.18 12:26:37.344,0.81557,0.81566,1.00,1.50
2016.11.18 12:26:38.101,0.81556,0.81566,1.00,1.87
2016.11.18 12:26:38.651,0.81556,0.81565,1.00,1.00
2016.11.18 12:26:39.179,0.81556,0.81566,1.00,1.50
2016.11.18 12:26:39.584,0.81554,0.81563,1.00,1.00
2016.11.18 12:26:39.888,0.81557,0.81562,1.00,1.00
2016.11.18 12:26:40.142,0.81552,0.81563,1.50,1.00
2016.11.18 12:26:40.243,0.81558,0.81562,1.00,1.00
2016.11.18 12:26:40.345,0.81554,0.81562,1.00,1.00
2016.11.18 12:26:40.882,0.81555,0.81562,1.00,1.50
2016.11.18 12:26:41.392,0.81557,0.81564,1.00,1.37
2016.11.18 12:26:41.494,0.81557,0.81565,1.00,1.12
2016.11.18 12:26:41.898,0.81558,0.81567,1.00,1.50
2016.11.18 12:26:42.106,0.8156,0.81568,1.00,1.00
2016.11.18 12:26:42.410,0.81565,0.81572,1.00,1.00
2016.11.18 12:26:42.511,0.81564,0.81575,1.12,1.87
2016.11.18 12:26:42.663,0.81565,0.81573,1.00,1.00
2016.11.18 12:26:42.866,0.81563,0.81573,1.12,1.00
2016.11.18 12:26:43.118,0.81565,0.81573,1.00,1.12
2016.11.18 12:26:43.430,0.81569,0.81578,1.00,1.00
2016.11.18 12:26:43.583,0.81571,0.8158,1.00,3.00
2016.11.18 12:26:43.898,0.81577,0.81584,1.00,2.62
2016.11.18 12:26:43.999,0.81575,0.81584,1.12,1.00
2016.11.18 12:26:44.050,0.81574,0.81578,1.00,1.50
2016.11.18 12:26:44.202,0.81566,0.81572,1.00,2.62
2016.11.18 12:26:44.304,0.81562,0.8157,1.00,1.50
2016.11.18 12:26:44.507,0.81561,0.81571,1.00,1.12
2016.11.18 12:26:45.038,0.8156,0.8157,1.00,2.25
2016.11.18 12:26:45.190,0.8156,0.8157,1.00,3.00
2016.11.18 12:26:45.793,0.81559,0.81568,1.00,1.12
2016.11.18 12:26:47.955,0.8156,0.81569,1.00,2.25
2016.11.18 12:26:48.260,0.81562,0.81568,1.00,1.12
2016.11.18 12:26:49.387,0.81559,0.81568,1.00,1.00
2016.11.18 12:26:49.910,0.81559,0.81569,1.00,1.00
2016.11.18 12:26:50.405,0.81563,0.81569,1.00,1.00
2016.11.18 12:26:51.467,0.81562,0.81569,1.50,1.00
2016.11.18 12:26:51.990,0.81562,0.8157,1.50,1.00
2016.11.18 12:26:52.501,0.81562,0.81571,1.00,1.87
2016.11.18 12:26:52.990,0.81562,0.81569,1.00,1.00
2016.11.18 12:26:53.495,0.81562,0.8157,1.50,1.00
2016.11.18 12:26:54.080,0.81563,0.8157,1.50,1.00
2016.11.18 12:26:54.699,0.81567,0.81571,1.00,1.00
2016.11.18 12:26:54.801,0.81562,0.81571,1.12,1.00
2016.11.18 12:26:55.323,0.81562,0.8157,1.00,1.00
2016.11.18 12:26:55.683,0.8156,0.81571,1.12,1.87
2016.11.18 12:26:55.784,0.81562,0.81571,1.00,1.50
2016.11.18 12:26:56.276,0.81562,0.81569,1.00,1.00
2016.11.18 12:26:57.973,0.81562,0.81568,1.00,1.00
2016.11.18 12:26:59.010,0.81562,0.81569,1.00,1.50
2016.11.18 12:26:59.515,0.81562,0.8157,1.00,1.00
2016.11.18 12:27:01.217,0.81562,0.81568,1.50,1.00
2016.11.18 12:27:01.724,0.81562,0.81569,1.00,1.50
2016.11.18 12:27:02.270,0.81562,0.81568,1.50,1.00
2016.11.18 12:27:04.809,0.81562,0.81567,1.00,1.00
2016.11.18 12:27:05.314,0.81562,0.81568,1.00,1.00
2016.11.18 12:27:06.130,0.81562,0.81567,1.00,1.00
2016.11.18 12:27:06.662,0.81562,0.81568,1.00,1.50
2016.11.18 12:27:07.189,0.81562,0.81567,1.00,1.50
2016.11.18 12:27:07.725,0.81562,0.81568,1.00,1.50
2016.11.18 12:27:08.338,0.81558,0.81568,1.00,1.50
2016.11.18 12:27:08.848,0.81558,0.81567,1.00,1.50
2016.11.18 12:27:09.388,0.81558,0.81566,1.00,1.00
2016.11.18 12:27:10.869,0.81558,0.81567,1.00,2.25
2016.11.18 12:27:10.920,0.81558,0.81565,1.50,1.00
2016.11.18 12:27:11.325,0.81556,0.81565,1.50,1.00
2016.11.18 12:27:11.827,0.81557,0.81564,1.00,1.00
2016.11.18 12:27:13.236,0.81557,0.81565,1.50,1.50
2016.11.18 12:27:13.861,0.81558,0.81565,1.00,1.00
2016.11.18 12:27:13.911,0.8156,0.81565,1.00,1.00
2016.11.18 12:27:13.962,0.81558,0.81565,1.00,1.00
2016.11.18 12:27:15.294,0.81558,0.81567,1.00,1.50
2016.11.18 12:27:15.823,0.81559,0.81567,1.00,1.00
2016.11.18 12:27:16.342,0.8156,0.81567,1.00,1.00
2016.11.18 12:27:16.695,0.81558,0.81567,1.12,1.00
2016.11.18 12:27:17.452,0.81557,0.81567,2.62,1.00
2016.11.18 12:27:17.845,0.81557,0.81565,1.00,1.00
2016.11.18 12:27:18.584,0.81557,0.81564,1.00,1.00
2016.11.18 12:27:19.125,0.81557,0.81565,1.50,1.00
2016.11.18 12:27:21.937,0.81558,0.81565,1.00,1.00
2016.11.18 12:27:22.140,0.81561,0.81569,1.50,1.00
2016.11.18 12:27:22.676,0.81561,0.8157,1.50,1.00
2016.11.18 12:27:27.289,0.81562,0.8157,1.00,1.50
2016.11.18 12:27:27.643,0.81563,0.81572,1.00,1.50
2016.11.18 12:27:28.178,0.81562,0.81571,1.12,1.00
2016.11.18 12:27:28.702,0.81561,0.8157,1.12,1.00
2016.11.18 12:27:28.753,0.81563,0.8157,1.00,1.00
2016.11.18 12:27:28.958,0.81563,0.81572,1.00,1.50
2016.11.18 12:27:29.507,0.81563,0.81571,1.00,1.50
2016.11.18 12:27:29.736,0.8156,0.8157,1.50,1.00
2016.11.18 12:27:29.787,0.8156,0.81564,1.50,1.50
2016.11.18 12:27:30.040,0.81553,0.81561,1.00,2.92
2016.11.18 12:27:30.142,0.81552,0.81558,1.00,1.00
2016.11.18 12:27:30.497,0.81551,0.81555,1.00,1.00
2016.11.18 12:27:30.649,0.81548,0.81553,1.12,1.00
2016.11.18 12:27:30.783,0.81548,0.81555,1.00,1.50
2016.11.18 12:27:31.188,0.81544,0.81555,1.12,1.00
2016.11.18 12:27:31.693,0.81545,0.81554,1.00,1.00
2016.11.18 12:27:31.895,0.81543,0.81553,2.62,1.00
2016.11.18 12:27:32.431,0.81543,0.81552,1.00,1.00
2016.11.18 12:27:33.206,0.81542,0.81552,1.50,1.00
2016.11.18 12:27:33.708,0.81543,0.81552,1.00,1.00
2016.11.18 12:27:34.284,0.81542,0.81552,1.50,1.00
2016.11.18 12:27:34.822,0.81542,0.81551,1.50,1.00
2016.11.18 12:27:34.974,0.81544,0.81551,1.00,1.00
2016.11.18 12:27:35.162,0.81545,0.81553,1.00,1.50
2016.11.18 12:27:35.263,0.81543,0.81553,1.12,1.00
2016.11.18 12:27:35.516,0.81543,0.8155,1.00,1.00
2016.11.18 12:27:36.288,0.81545,0.8155,1.00,1.00
2016.11.18 12:27:36.339,0.81543,0.8155,1.00,1.00
2016.11.18 12:27:36.765,0.81545,0.81551,1.00,1.00
2016.11.18 12:27:36.967,0.81545,0.81553,1.00,1.00
2016.11.18 12:27:37.886,0.81545,0.81554,1.00,1.00
2016.11.18 12:27:38.995,0.81545,0.81553,1.00,1.00
2016.11.18 12:27:39.517,0.81544,0.81552,1.00,1.00
2016.11.18 12:27:39.692,0.81545,0.81554,1.00,2.25
2016.11.18 12:27:40.096,0.81547,0.81555,1.00,1.00
2016.11.18 12:27:40.623,0.81547,0.81555,1.87,1.00
2016.11.18 12:27:41.151,0.81547,0.81556,1.87,1.00
2016.11.18 12:27:43.040,0.81547,0.81556,1.87,1.00
2016.11.18 12:27:44.241,0.8155,0.81558,1.00,1.00
2016.11.18 12:27:44.545,0.81553,0.81559,1.00,1.00
2016.11.18 12:27:44.849,0.81552,0.81556,1.00,1.00
2016.11.18 12:27:44.900,0.81549,0.81556,1.00,1.00
2016.11.18 12:27:45.232,0.81551,0.81559,1.00,1.50
2016.11.18 12:27:45.283,0.81553,0.81559,1.00,1.00
2016.11.18 12:27:45.588,0.81557,0.81562,1.00,1.00
2016.11.18 12:27:46.275,0.81558,0.81562,1.00,1.00
2016.11.18 12:27:46.845,0.81558,0.81563,1.00,1.00
2016.11.18 12:27:47.575,0.81554,0.81563,1.00,1.00
2016.11.18 12:27:48.099,0.81554,0.81561,1.00,1.00
2016.11.18 12:27:48.936,0.81553,0.81561,1.12,1.00
2016.11.18 12:27:49.522,0.81553,0.81562,1.12,1.00
2016.11.18 12:27:49.875,0.81551,0.81559,2.25,1.50
2016.11.18 12:27:50.077,0.81551,0.81559,1.00,1.50
2016.11.18 12:27:50.599,0.81552,0.8156,1.50,1.00
2016.11.18 12:27:51.836,0.81553,0.8156,1.00,1.00
2016.11.18 12:27:51.938,0.81553,0.81562,1.00,1.00
2016.11.18 12:27:52.445,0.81553,0.81561,1.00,1.00
2016.11.18 12:27:52.496,0.81551,0.8156,1.50,1.00
2016.11.18 12:27:52.597,0.81553,0.81561,1.00,1.00
2016.11.18 12:27:53.102,0.81554,0.81562,1.12,1.00
2016.11.18 12:27:53.405,0.81554,0.81564,1.87,1.00
2016.11.18 12:27:53.930,0.81554,0.81563,1.12,1.00
2016.11.18 12:27:54.082,0.81556,0.81564,1.00,1.00
2016.11.18 12:27:54.234,0.81557,0.81566,1.00,1.00
2016.11.18 12:27:54.777,0.81558,0.81566,1.00,1.00
2016.11.18 12:27:55.116,0.81555,0.81564,2.25,1.00
2016.11.18 12:27:55.217,0.81557,0.81564,1.00,1.00
2016.11.18 12:27:55.420,0.81553,0.81563,3.22,1.00
2016.11.18 12:27:55.471,0.81553,0.81563,1.35,1.00
2016.11.18 12:27:56.044,0.81553,0.81561,2.25,1.00
2016.11.18 12:27:56.401,0.81552,0.81561,3.00,1.00
2016.11.18 12:27:56.553,0.81554,0.81561,1.00,1.00
2016.11.18 12:27:56.604,0.81554,0.81563,1.00,1.50
2016.11.18 12:27:56.705,0.81552,0.81563,2.25,1.00
2016.11.18 12:27:56.756,0.81552,0.81563,2.62,1.00
2016.11.18 12:27:58.490,0.81554,0.81559,1.12,1.00
2016.11.18 12:27:58.692,0.81548,0.81557,1.87,1.00
2016.11.18 12:27:58.951,0.81551,0.81557,1.00,1.00
2016.11.18 12:27:59.305,0.81552,0.81559,1.00,1.00
2016.11.18 12:27:59.851,0.8155,0.81559,2.25,1.00
2016.11.18 12:28:00.306,0.81552,0.81561,1.00,1.00
2016.11.18 12:28:00.851,0.81552,0.81557,1.00,1.00
2016.11.18 12:28:01.106,0.81543,0.81553,1.00,1.00
2016.11.18 12:28:01.258,0.81543,0.8155,1.00,1.00
2016.11.18 12:28:01.763,0.81542,0.8155,1.12,1.00
2016.11.18 12:28:02.410,0.81542,0.8155,1.50,1.00
2016.11.18 12:28:03.042,0.81542,0.81551,1.87,1.00
2016.11.18 12:28:03.582,0.81542,0.81552,1.87,1.00
2016.11.18 12:28:03.917,0.81543,0.81549,1.12,1.00
2016.11.18 12:28:04.887,0.81543,0.81551,1.00,1.00
2016.11.18 12:28:05.395,0.81543,0.8155,1.00,1.00
2016.11.18 12:28:05.749,0.81543,0.81553,1.00,1.87
2016.11.18 12:28:06.284,0.81543,0.81552,1.12,1.00
2016.11.18 12:28:06.835,0.81542,0.81553,4.72,1.12
2016.11.18 12:28:07.037,0.81545,0.81554,1.60,1.00
2016.11.18 12:28:08.281,0.81544,0.81555,3.97,1.00
2016.11.18 12:28:08.822,0.81544,0.81554,3.97,1.00
2016.11.18 12:28:09.666,0.81544,0.81553,1.12,1.00
2016.11.18 12:28:10.174,0.81544,0.81552,1.00,1.00
2016.11.18 12:28:10.438,0.81545,0.81552,3.37,1.00
2016.11.18 12:28:10.717,0.81542,0.81551,3.37,1.00
2016.11.18 12:28:11.472,0.81541,0.81549,3.37,1.00
2016.11.18 12:28:11.625,0.81542,0.81549,1.12,1.00
2016.11.18 12:28:11.726,0.8154,0.81547,3.37,1.00
2016.11.18 12:28:11.928,0.81542,0.8155,2.25,1.50
2016.11.18 12:28:12.434,0.81542,0.81551,2.25,1.00
2016.11.18 12:28:12.951,0.81542,0.81552,1.50,1.00
2016.11.18 12:28:13.461,0.81542,0.81552,2.25,1.00
2016.11.18 12:28:13.562,0.81542,0.81552,1.50,1.00
2016.11.18 12:28:14.047,0.81542,0.81552,4.12,1.00
2016.11.18 12:28:14.577,0.81542,0.81548,3.37,1.00
2016.11.18 12:28:14.830,0.81528,0.81538,2.25,1.00
2016.11.18 12:28:14.881,0.81528,0.81533,1.50,1.00
2016.11.18 12:28:15.040,0.81525,0.81532,2.10,1.00
2016.11.18 12:28:15.542,0.81522,0.81532,5.47,1.00
2016.11.18 12:28:16.286,0.81522,0.81533,4.72,1.50
2016.11.18 12:28:16.740,0.81523,0.81532,1.87,1.00
2016.11.18 12:28:16.894,0.81527,0.81534,1.00,1.37
2016.11.18 12:28:17.096,0.81527,0.81536,1.12,1.87
2016.11.18 12:28:17.147,0.81528,0.81536,1.60,1.12
2016.11.18 12:28:17.198,0.81528,0.81539,2.10,1.12
2016.11.18 12:28:17.350,0.81529,0.81539,3.97,1.00
2016.11.18 12:28:17.401,0.81532,0.81541,3.60,1.00
2016.11.18 12:28:17.502,0.81533,0.81543,1.00,1.00
2016.11.18 12:28:17.603,0.81535,0.81543,1.00,1.00
2016.11.18 12:28:18.802,0.81535,0.81544,1.12,1.00
2016.11.18 12:28:19.166,0.81537,0.81544,1.00,1.00
2016.11.18 12:28:19.368,0.81537,0.81548,1.50,1.87
2016.11.18 12:28:19.419,0.81538,0.81548,2.10,1.87
2016.11.18 12:28:19.722,0.81542,0.81549,1.00,1.00
2016.11.18 12:28:20.350,0.8154,0.81549,1.12,1.00
2016.11.18 12:28:20.823,0.81538,0.81544,1.75,1.00
2016.11.18 12:28:20.975,0.81534,0.81542,2.62,1.00
2016.11.18 12:28:21.026,0.81534,0.8154,2.25,1.00
2016.11.18 12:28:21.076,0.81532,0.8154,1.35,1.00
2016.11.18 12:28:22.431,0.81532,0.81541,1.12,1.00
2016.11.18 12:28:22.936,0.81533,0.81541,1.00,1.00
2016.11.18 12:28:23.353,0.81538,0.81542,1.00,1.50
2016.11.18 12:28:23.838,0.81532,0.81541,1.12,1.00
2016.11.18 12:28:24.040,0.81532,0.81539,1.12,1.00
2016.11.18 12:28:25.085,0.81532,0.8154,1.00,1.00
2016.11.18 12:28:25.614,0.81533,0.81541,1.00,1.00
2016.11.18 12:28:26.145,0.81532,0.81541,1.00,1.00
2016.11.18 12:28:29.991,0.8153,0.81541,2.10,1.00
2016.11.18 12:28:30.535,0.81532,0.8154,1.12,1.00
2016.11.18 12:28:32.085,0.81532,0.81542,1.87,1.00
2016.11.18 12:28:32.187,0.81537,0.81543,1.00,1.50
2016.11.18 12:28:32.735,0.81537,0.81544,1.00,1.50
2016.11.18 12:28:33.529,0.81537,0.81545,1.00,1.00
2016.11.18 12:28:34.089,0.81536,0.81545,1.00,1.00
2016.11.18 12:28:34.753,0.81538,0.81546,1.00,1.12
2016.11.18 12:28:35.305,0.81537,0.81546,1.00,1.50
2016.11.18 12:28:35.848,0.81538,0.81546,1.00,1.50
2016.11.18 12:28:38.409,0.81536,0.81546,1.00,1.50
2016.11.18 12:28:38.460,0.81535,0.81544,1.87,1.00
2016.11.18 12:28:39.070,0.81535,0.81543,1.50,1.50
2016.11.18 12:28:39.413,0.81536,0.81545,1.00,1.50
2016.11.18 12:28:40.335,0.81537,0.81546,1.00,1.00
2016.11.18 12:28:40.436,0.81537,0.81544,1.12,1.00
2016.11.18 12:28:40.487,0.81538,0.81547,1.50,1.00
2016.11.18 12:28:40.589,0.81539,0.81549,1.00,3.37
2016.11.18 12:28:40.640,0.81541,0.81549,1.00,1.87
2016.11.18 12:28:41.099,0.81539,0.81549,1.50,1.50
2016.11.18 12:28:41.301,0.81542,0.8155,1.00,1.00
2016.11.18 12:28:41.403,0.8154,0.8155,1.00,1.00
2016.11.18 12:28:41.600,0.8154,0.81548,1.00,1.00
2016.11.18 12:28:41.703,0.8154,0.8155,1.00,1.00
2016.11.18 12:28:41.804,0.8154,0.8155,1.50,1.00
2016.11.18 12:28:41.914,0.8154,0.8155,1.50,1.00
2016.11.18 12:28:42.418,0.81539,0.81549,1.12,1.00
2016.11.18 12:28:42.963,0.81541,0.81548,1.00,1.00
2016.11.18 12:28:43.116,0.81541,0.8155,1.00,1.00
2016.11.18 12:28:43.629,0.81542,0.81551,1.00,1.00
2016.11.18 12:28:43.983,0.81543,0.81553,1.00,1.50
2016.11.18 12:28:44.490,0.81543,0.81552,2.47,1.00
2016.11.18 12:28:45.016,0.81543,0.81552,1.35,1.00
2016.11.18 12:28:45.320,0.81542,0.8155,1.12,1.00
2016.11.18 12:28:46.025,0.81542,0.81551,1.87,1.00
2016.11.18 12:28:46.549,0.81542,0.8155,1.00,1.00
2016.11.18 12:28:47.577,0.81542,0.81551,1.00,1.50
2016.11.18 12:28:49.448,0.81542,0.81552,1.50,1.00
2016.11.18 12:28:49.987,0.81542,0.81551,2.25,1.00
2016.11.18 12:28:50.355,0.81544,0.81551,1.00,1.00
2016.11.18 12:28:50.762,0.81544,0.81553,1.00,1.12
2016.11.18 12:28:50.915,0.81547,0.81556,1.00,1.50
2016.11.18 12:28:51.498,0.81547,0.81556,1.00,1.00
2016.11.18 12:28:52.036,0.81547,0.81557,1.50,1.50
2016.11.18 12:28:52.576,0.81547,0.81554,1.00,1.50
2016.11.18 12:28:52.678,0.81543,0.81553,2.85,1.50
2016.11.18 12:28:52.779,0.81544,0.81555,1.50,2.25
2016.11.18 12:28:53.294,0.81545,0.81555,1.12,1.00
2016.11.18 12:28:53.832,0.81546,0.81553,1.50,1.00
2016.11.18 12:28:54.337,0.81545,0.81553,1.87,1.00
2016.11.18 12:28:55.096,0.81545,0.81553,1.50,1.00
2016.11.18 12:28:55.197,0.81547,0.81556,1.50,1.12
2016.11.18 12:28:55.248,0.8155,0.81557,1.00,1.50
2016.11.18 12:28:55.450,0.81554,0.81564,1.00,3.37
2016.11.18 12:28:55.622,0.81556,0.81566,1.50,1.50
2016.11.18 12:28:56.079,0.81557,0.81564,1.00,1.00
2016.11.18 12:28:56.130,0.81555,0.81566,1.87,1.50
2016.11.18 12:28:56.231,0.81554,0.81561,1.00,1.00
2016.11.18 12:28:56.434,0.81551,0.81559,1.00,1.00
2016.11.18 12:28:56.535,0.81549,0.81557,1.00,1.00
2016.11.18 12:28:56.838,0.81544,0.81554,1.50,1.00
2016.11.18 12:28:56.940,0.81545,0.81556,1.87,1.12
2016.11.18 12:28:56.990,0.81547,0.81556,1.00,1.12
2016.11.18 12:28:57.202,0.81547,0.81558,2.62,1.87
2016.11.18 12:28:57.362,0.81547,0.81558,3.37,1.00
2016.11.18 12:28:57.866,0.81549,0.8156,1.00,2.62
2016.11.18 12:28:58.396,0.81549,0.81559,1.50,1.00
2016.11.18 12:29:00.066,0.8155,0.8156,1.00,1.00
2016.11.18 12:29:03.021,0.81551,0.81562,1.50,1.87
2016.11.18 12:29:03.569,0.81551,0.81561,1.00,1.50
2016.11.18 12:29:04.037,0.81549,0.8156,1.00,1.00
2016.11.18 12:29:04.482,0.8155,0.81558,1.00,1.00
2016.11.18 12:29:04.635,0.81551,0.81562,1.00,2.25
2016.11.18 12:29:04.815,0.8155,0.81558,1.12,1.00
2016.11.18 12:29:05.327,0.8155,0.81559,1.00,1.00
2016.11.18 12:29:05.851,0.8155,0.8156,1.00,1.50
2016.11.18 12:29:06.154,0.81554,0.81562,1.00,1.00
2016.11.18 12:29:06.683,0.81553,0.81562,1.00,1.00
2016.11.18 12:29:06.998,0.81553,0.81564,1.00,1.87
2016.11.18 12:29:08.052,0.81553,0.81562,1.00,1.00
2016.11.18 12:29:08.153,0.81553,0.81564,1.00,2.25
2016.11.18 12:29:08.767,0.81553,0.81564,1.12,2.25
2016.11.18 12:29:09.070,0.81551,0.81563,1.87,2.25
2016.11.18 12:29:09.725,0.81552,0.81562,1.00,1.12
2016.11.18 12:29:10.590,0.81553,0.81563,1.00,3.00
2016.11.18 12:29:10.793,0.81553,0.81565,2.25,2.25
2016.11.18 12:29:10.996,0.81555,0.81565,1.00,1.00
2016.11.18 12:29:11.826,0.81557,0.81565,1.50,1.00
2016.11.18 12:29:12.231,0.81554,0.81564,2.25,1.00
2016.11.18 12:29:12.546,0.81553,0.81563,1.00,2.25
2016.11.18 12:29:12.647,0.81553,0.81561,1.00,1.00
2016.11.18 12:29:12.748,0.8155,0.81559,1.00,1.00
2016.11.18 12:29:12.951,0.81548,0.81556,1.87,1.00
2016.11.18 12:29:13.052,0.81547,0.81559,1.87,1.87
2016.11.18 12:29:13.608,0.81549,0.81559,1.00,1.12
2016.11.18 12:29:13.841,0.81552,0.81561,1.00,1.87
2016.11.18 12:29:14.043,0.8155,0.81562,1.50,2.62
2016.11.18 12:29:14.548,0.8155,0.81561,1.37,1.12
2016.11.18 12:29:14.801,0.81549,0.8156,1.12,1.00
2016.11.18 12:29:15.640,0.81549,0.81559,1.12,1.00
2016.11.18 12:29:16.161,0.8155,0.8156,1.00,1.00
2016.11.18 12:29:16.706,0.81551,0.81561,1.00,1.87
2016.11.18 12:29:16.857,0.81553,0.81561,1.00,1.12
2016.11.18 12:29:17.110,0.81553,0.81563,1.00,1.12
2016.11.18 12:29:17.926,0.81551,0.81563,2.25,2.25
2016.11.18 12:29:18.109,0.81553,0.81562,1.00,1.00
2016.11.18 12:29:18.614,0.81552,0.81562,1.00,1.00
2016.11.18 12:29:19.129,0.81553,0.81562,1.00,1.50
2016.11.18 12:29:19.635,0.81553,0.81563,1.50,1.12
2016.11.18 12:29:20.169,0.81553,0.81563,1.50,1.37
2016.11.18 12:29:20.321,0.81553,0.81564,1.87,2.62
2016.11.18 12:29:20.371,0.81552,0.81562,1.37,1.00
2016.11.18 12:29:20.529,0.8155,0.81562,2.62,1.50
2016.11.18 12:29:21.589,0.81551,0.81562,1.37,1.87
2016.11.18 12:29:22.300,0.81551,0.81562,1.12,1.00
2016.11.18 12:29:22.754,0.81554,0.81564,1.00,3.00
2016.11.18 12:29:23.159,0.81552,0.81563,1.87,1.50
2016.11.18 12:29:23.693,0.81553,0.81563,1.00,1.50
2016.11.18 12:29:24.105,0.81552,0.81563,1.00,1.50
2016.11.18 12:29:24.409,0.81554,0.81563,1.00,1.00
2016.11.18 12:29:24.460,0.81552,0.81563,1.50,1.50
2016.11.18 12:29:24.666,0.81551,0.81561,1.12,1.00
2016.11.18 12:29:24.817,0.81549,0.81561,2.25,1.50
2016.11.18 12:29:25.020,0.81552,0.81561,1.00,1.00
2016.11.18 12:29:25.473,0.81555,0.81564,1.00,3.37
2016.11.18 12:29:25.575,0.81553,0.81563,1.50,1.37
2016.11.18 12:29:25.627,0.81553,0.81563,1.87,1.00
2016.11.18 12:29:26.135,0.81554,0.81566,1.50,2.62
2016.11.18 12:29:26.661,0.81553,0.81565,1.50,2.25
2016.11.18 12:29:27.200,0.81553,0.81563,1.00,1.00
2016.11.18 12:29:27.848,0.81557,0.81563,1.00,1.00
2016.11.18 12:29:28.757,0.81553,0.81563,1.00,1.00
2016.11.18 12:29:30.049,0.81557,0.81563,1.00,1.00
2016.11.18 12:29:30.150,0.81554,0.81565,1.00,2.25
2016.11.18 12:29:30.656,0.81554,0.81565,1.00,1.50
2016.11.18 12:29:30.809,0.81552,0.81564,2.62,2.62
2016.11.18 12:29:30.860,0.81552,0.81562,1.12,1.00
2016.11.18 12:29:31.693,0.81552,0.81564,2.62,2.62
2016.11.18 12:29:32.269,0.81552,0.81564,3.00,1.87
2016.11.18 12:29:32.650,0.81558,0.81563,1.00,1.00
2016.11.18 12:29:33.800,0.81554,0.81563,1.00,1.00
2016.11.18 12:29:34.170,0.81558,0.81565,1.00,3.00
2016.11.18 12:29:35.419,0.81558,0.81565,1.00,3.00
2016.11.18 12:29:35.735,0.81557,0.81565,1.50,1.00
2016.11.18 12:29:35.836,0.81557,0.81568,1.50,1.87
2016.11.18 12:29:36.340,0.81557,0.81567,2.62,1.00
2016.11.18 12:29:36.870,0.81557,0.81566,1.50,1.00
2016.11.18 12:29:37.022,0.81557,0.81568,1.00,1.87
2016.11.18 12:29:37.529,0.81558,0.81568,1.12,1.00
2016.11.18 12:29:37.732,0.81559,0.8157,1.12,1.87
2016.11.18 12:29:38.281,0.81558,0.81569,1.50,1.00
2016.11.18 12:29:38.494,0.81561,0.81571,1.00,1.87
2016.11.18 12:29:38.754,0.81564,0.81574,1.50,1.12
2016.11.18 12:29:38.858,0.81564,0.81576,1.50,1.12
2016.11.18 12:29:39.111,0.81567,0.81576,1.00,1.00
2016.11.18 12:29:39.616,0.81567,0.81577,1.00,1.00
2016.11.18 12:29:40.137,0.81567,0.81578,1.00,1.00
2016.11.18 12:29:40.677,0.81568,0.81578,1.00,2.25
2016.11.18 12:29:41.268,0.81567,0.81578,1.50,1.50
2016.11.18 12:29:41.732,0.81567,0.81576,1.50,1.00
2016.11.18 12:29:42.136,0.81565,0.81575,1.87,1.00
2016.11.18 12:29:43.447,0.81566,0.81575,1.00,1.50
2016.11.18 12:29:43.979,0.81566,0.81576,1.00,1.50
2016.11.18 12:29:44.520,0.81567,0.81576,1.00,1.50
2016.11.18 12:29:45.793,0.81566,0.81576,1.00,1.00
2016.11.18 12:29:46.442,0.81568,0.81576,1.00,1.50
2016.11.18 12:29:47.242,0.81568,0.81577,1.00,1.00
2016.11.18 12:29:47.293,0.81566,0.81576,1.00,1.00
2016.11.18 12:29:47.395,0.81564,0.81573,1.37,1.00
2016.11.18 12:29:47.547,0.81563,0.81572,1.87,1.00
2016.11.18 12:29:48.118,0.81566,0.81575,1.00,1.50
2016.11.18 12:29:48.422,0.81572,0.8158,1.00,1.12
2016.11.18 12:29:49.013,0.81572,0.81579,1.00,1.00
2016.11.18 12:29:50.724,0.81572,0.8158,1.00,1.00
2016.11.18 12:29:51.230,0.81572,0.81581,1.00,1.12
2016.11.18 12:29:52.853,0.81573,0.81583,1.00,1.00
2016.11.18 12:29:53.358,0.81574,0.81583,1.00,1.00
2016.11.18 12:29:54.049,0.81573,0.81583,1.00,1.00
2016.11.18 12:29:54.150,0.81572,0.81581,1.50,1.00
2016.11.18 12:29:54.672,0.81572,0.8158,1.50,1.00
2016.11.18 12:29:55.219,0.81572,0.81579,1.50,1.00
2016.11.18 12:29:55.729,0.81572,0.8158,1.50,1.50
2016.11.18 12:29:56.605,0.81573,0.8158,1.00,1.00
2016.11.18 12:29:58.583,0.81572,0.8158,1.00,1.00
2016.11.18 12:30:00.738,0.81572,0.81579,1.00,1.00
2016.11.18 12:30:01.242,0.81572,0.8158,1.50,1.50
2016.11.18 12:30:01.750,0.81573,0.8158,1.00,1.50
2016.11.18 12:30:02.002,0.8157,0.8158,1.00,1.12
2016.11.18 12:30:02.516,0.81571,0.8158,1.00,1.00
2016.11.18 12:30:03.084,0.81572,0.8158,1.00,1.00
2016.11.18 12:30:03.778,0.81574,0.81583,1.00,2.25
2016.11.18 12:30:03.930,0.81574,0.81584,1.00,1.37
2016.11.18 12:30:04.031,0.81578,0.81584,1.00,1.00
2016.11.18 12:30:04.238,0.81573,0.81582,1.12,1.00
2016.11.18 12:30:04.755,0.81573,0.81581,1.00,1.00
2016.11.18 12:30:05.333,0.81572,0.81581,1.12,1.50
2016.11.18 12:30:05.434,0.81571,0.81578,1.37,1.00
2016.11.18 12:30:05.858,0.8157,0.81579,1.00,1.00
2016.11.18 12:30:05.909,0.8157,0.81577,1.00,1.00
2016.11.18 12:30:06.848,0.81569,0.81578,1.12,1.00
2016.11.18 12:30:07.152,0.81563,0.81572,1.37,1.00
2016.11.18 12:30:07.203,0.81563,0.81572,1.00,1.00
2016.11.18 12:30:07.712,0.81563,0.81573,1.12,1.50
2016.11.18 12:30:08.036,0.81564,0.81575,1.00,1.87
2016.11.18 12:30:08.540,0.81565,0.81575,1.00,1.87
2016.11.18 12:30:09.664,0.81566,0.81575,1.00,1.00
2016.11.18 12:30:10.686,0.81567,0.81575,1.00,1.00
2016.11.18 12:30:11.259,0.81567,0.81576,1.00,1.00
2016.11.18 12:30:11.796,0.81566,0.81576,1.00,1.50
2016.11.18 12:30:12.639,0.81568,0.81577,1.00,1.00
2016.11.18 12:30:13.181,0.81568,0.81578,1.50,1.50
2016.11.18 12:30:13.697,0.81571,0.81579,1.00,1.50
2016.11.18 12:30:15.161,0.81571,0.81581,1.00,2.25
2016.11.18 12:30:15.706,0.81571,0.81581,1.00,1.50
2016.11.18 12:30:16.323,0.81572,0.81581,1.00,1.50
2016.11.18 12:30:16.879,0.81573,0.81581,1.00,1.00
2016.11.18 12:30:17.272,0.81573,0.81583,1.00,1.00
2016.11.18 12:30:17.779,0.81573,0.81582,1.00,1.12
2016.11.18 12:30:18.293,0.81574,0.81582,1.00,1.00
2016.11.18 12:30:22.560,0.81573,0.81582,1.50,1.00
2016.11.18 12:30:23.967,0.81573,0.81583,1.87,1.87
2016.11.18 12:30:24.499,0.81573,0.81582,1.12,1.50
2016.11.18 12:30:27.120,0.81573,0.81583,1.00,1.50
2016.11.18 12:30:28.535,0.81573,0.81582,1.12,1.00
2016.11.18 12:30:28.586,0.81578,0.81582,1.00,1.00
2016.11.18 12:30:29.127,0.81578,0.81583,1.00,1.50
2016.11.18 12:30:29.480,0.81573,0.81583,1.12,1.50
2016.11.18 12:30:29.652,0.81572,0.81578,1.00,1.00
2016.11.18 12:30:29.704,0.8157,0.81578,1.50,1.00
2016.11.18 12:30:29.805,0.81568,0.81575,1.12,1.00
2016.11.18 12:30:29.907,0.81567,0.81574,1.12,1.00
2016.11.18 12:30:30.008,0.81565,0.81575,1.12,1.87
2016.11.18 12:30:30.211,0.81568,0.81575,1.00,1.12
2016.11.18 12:30:30.312,0.81568,0.81577,1.00,2.25
2016.11.18 12:30:31.289,0.81569,0.81577,1.00,1.00
2016.11.18 12:30:31.789,0.8157,0.81579,1.00,1.00
2016.11.18 12:30:31.992,0.81572,0.81581,1.12,1.50
2016.11.18 12:30:33.072,0.81572,0.81582,1.50,1.00
2016.11.18 12:30:33.606,0.81573,0.81583,1.12,1.50
2016.11.18 12:30:34.468,0.81574,0.81583,1.00,1.00
2016.11.18 12:30:34.771,0.81562,0.8157,1.57,1.00
2016.11.18 12:30:34.922,0.81563,0.8157,1.00,1.00
2016.11.18 12:30:35.440,0.81562,0.81569,1.00,1.00
2016.11.18 12:30:35.541,0.8156,0.81569,1.12,1.00
2016.11.18 12:30:37.281,0.8156,0.81568,1.00,1.00
2016.11.18 12:30:37.586,0.81558,0.81569,1.00,1.12
2016.11.18 12:30:38.113,0.81559,0.81569,1.12,1.12
2016.11.18 12:30:38.315,0.81558,0.81567,1.00,1.00
2016.11.18 12:30:38.838,0.81557,0.81567,1.12,1.00
2016.11.18 12:30:39.141,0.81561,0.8157,1.00,1.00
2016.11.18 12:30:39.648,0.81562,0.81571,1.00,1.00
2016.11.18 12:30:40.652,0.81563,0.81571,1.00,1.00
2016.11.18 12:30:41.894,0.81562,0.81571,1.12,1.00
2016.11.18 12:30:42.197,0.81563,0.81572,1.37,1.00
2016.11.18 12:30:42.500,0.81562,0.81571,1.50,1.00
2016.11.18 12:30:43.107,0.81562,0.81571,1.50,1.37
2016.11.18 12:30:43.431,0.81563,0.81573,1.00,1.12
2016.11.18 12:30:44.259,0.81564,0.81573,1.00,1.00
2016.11.18 12:30:44.310,0.81567,0.81573,1.00,1.00
2016.11.18 12:30:44.361,0.81564,0.81574,1.50,1.50
2016.11.18 12:30:45.001,0.81563,0.81574,1.87,1.00
2016.11.18 12:30:45.103,0.81562,0.81571,1.00,1.00
2016.11.18 12:30:45.397,0.81558,0.81568,2.62,1.00
2016.11.18 12:30:45.447,0.8156,0.81568,1.00,1.00
2016.11.18 12:30:45.953,0.81562,0.81571,1.00,1.37
2016.11.18 12:30:46.105,0.81563,0.81572,1.50,1.00
2016.11.18 12:30:46.509,0.81564,0.81574,1.00,1.50
2016.11.18 12:30:47.053,0.81564,0.81572,1.00,1.00
2016.11.18 12:30:47.713,0.81563,0.81572,1.12,1.00
2016.11.18 12:30:48.016,0.81557,0.81565,1.50,1.00
2016.11.18 12:30:48.698,0.81557,0.81563,1.00,1.00
2016.11.18 12:30:48.955,0.8155,0.81557,1.12,1.00
2016.11.18 12:30:49.107,0.81549,0.81559,1.00,1.50
2016.11.18 12:30:49.158,0.81549,0.81557,1.00,1.00
2016.11.18 12:30:49.209,0.81547,0.81557,1.12,1.00
2016.11.18 12:30:49.361,0.81547,0.81555,1.00,1.00
2016.11.18 12:30:49.958,0.81547,0.81554,1.00,1.00
2016.11.18 12:30:50.060,0.81544,0.81555,1.87,1.12
2016.11.18 12:30:50.807,0.81546,0.81555,1.00,1.87
2016.11.18 12:30:50.960,0.81548,0.81555,1.00,1.87
2016.11.18 12:30:51.544,0.81548,0.81554,1.00,1.00
2016.11.18 12:30:51.796,0.81546,0.81555,1.00,1.12
2016.11.18 12:30:52.313,0.81547,0.81555,1.00,1.87
2016.11.18 12:30:52.566,0.81544,0.81554,1.12,1.00
2016.11.18 12:30:52.667,0.81548,0.81554,1.00,1.00
2016.11.18 12:30:53.038,0.81548,0.81556,1.00,1.00
2016.11.18 12:30:53.342,0.81548,0.81554,1.00,1.00
2016.11.18 12:30:53.746,0.81547,0.81556,1.00,1.00
2016.11.18 12:30:54.266,0.81548,0.81556,1.00,1.50
2016.11.18 12:30:55.203,0.81547,0.81556,1.50,1.00
2016.11.18 12:30:55.678,0.81547,0.81558,1.50,1.50
2016.11.18 12:30:56.310,0.81549,0.81559,1.00,3.00
2016.11.18 12:30:56.865,0.81548,0.81558,1.00,1.00
2016.11.18 12:30:57.168,0.81548,0.81556,1.00,1.00
2016.11.18 12:30:57.370,0.81548,0.81558,1.00,1.00
2016.11.18 12:30:58.024,0.81547,0.81558,1.50,1.50
2016.11.18 12:30:58.533,0.81548,0.81558,1.00,1.87
2016.11.18 12:31:00.758,0.81549,0.81558,1.00,1.87
2016.11.18 12:31:01.273,0.81549,0.81557,1.00,1.00
2016.11.18 12:31:01.957,0.81548,0.81557,1.12,1.50
2016.11.18 12:31:02.715,0.81548,0.81557,1.50,1.87
2016.11.18 12:31:03.430,0.81549,0.81558,1.00,2.25
2016.11.18 12:31:04.392,0.81547,0.81557,2.25,1.00
2016.11.18 12:31:04.959,0.81547,0.81557,2.25,2.25
2016.11.18 12:31:05.473,0.81547,0.81557,2.25,1.50
2016.11.18 12:31:05.575,0.81547,0.81555,1.00,1.00
2016.11.18 12:31:06.413,0.81546,0.81555,1.00,1.00
2016.11.18 12:31:07.297,0.81547,0.81556,1.00,1.50
2016.11.18 12:31:07.600,0.81545,0.81553,1.50,1.00
2016.11.18 12:31:07.752,0.81543,0.81553,1.00,2.25
2016.11.18 12:31:09.191,0.81544,0.81553,1.00,1.87
2016.11.18 12:31:10.164,0.81543,0.81553,1.50,1.87
2016.11.18 12:31:10.343,0.81543,0.81551,1.50,1.00
2016.11.18 12:31:10.596,0.8154,0.81551,1.00,3.37
2016.11.18 12:31:11.145,0.81542,0.81549,1.00,1.00
2016.11.18 12:31:11.552,0.8154,0.8155,1.00,1.12
2016.11.18 12:31:11.730,0.81542,0.81549,1.00,1.50
2016.11.18 12:31:11.831,0.81538,0.81548,1.00,1.00
2016.11.18 12:31:11.932,0.81538,0.81546,1.00,1.00
2016.11.18 12:31:12.453,0.81537,0.81545,1.00,1.00
2016.11.18 12:31:13.550,0.81537,0.81546,1.00,1.00
2016.11.18 12:31:14.821,0.81537,0.81545,1.00,1.50
2016.11.18 12:31:15.322,0.81537,0.81544,1.00,1.00
2016.11.18 12:31:15.849,0.81537,0.81546,1.00,3.00
2016.11.18 12:31:16.648,0.81537,0.81546,1.50,2.62
2016.11.18 12:31:17.252,0.81537,0.81545,1.50,1.00
2016.11.18 12:31:17.555,0.8154,0.81549,2.25,1.12
2016.11.18 12:31:17.914,0.81543,0.81552,1.00,1.87
2016.11.18 12:31:17.965,0.81544,0.81552,1.00,1.00
2016.11.18 12:31:18.470,0.81544,0.81553,1.12,1.00
2016.11.18 12:31:18.622,0.81542,0.81551,2.25,1.00
2016.11.18 12:31:19.170,0.81542,0.8155,1.00,1.00
2016.11.18 12:31:19.422,0.81538,0.81548,1.50,1.00
2016.11.18 12:31:19.934,0.81538,0.81547,1.50,1.00
2016.11.18 12:31:20.729,0.81539,0.81548,1.00,1.00
2016.11.18 12:31:21.618,0.81538,0.81548,1.00,1.00
2016.11.18 12:31:21.669,0.81538,0.81546,1.00,1.00
2016.11.18 12:31:22.194,0.81537,0.81545,1.00,1.00
2016.11.18 12:31:25.556,0.81537,0.81541,1.00,1.00
2016.11.18 12:31:25.657,0.81532,0.81541,3.37,1.00
2016.11.18 12:31:25.836,0.81532,0.8154,1.12,1.50
2016.11.18 12:31:25.888,0.81533,0.81542,1.00,2.62
2016.11.18 12:31:26.040,0.81537,0.81541,1.00,1.50
2016.11.18 12:31:26.141,0.81532,0.8154,1.50,1.50
2016.11.18 12:31:26.344,0.81532,0.81542,1.12,1.50
2016.11.18 12:31:26.395,0.81532,0.8154,1.12,1.50
2016.11.18 12:31:26.749,0.81537,0.81541,1.00,1.00
2016.11.18 12:31:27.061,0.81532,0.81542,1.00,1.50
2016.11.18 12:31:27.513,0.81532,0.8154,1.00,1.00
2016.11.18 12:31:28.055,0.81532,0.81539,1.37,1.00
2016.11.18 12:31:28.560,0.81532,0.8154,1.00,3.00
2016.11.18 12:31:29.215,0.81532,0.81539,1.00,1.50
2016.11.18 12:31:29.467,0.81528,0.81538,1.00,1.87
2016.11.18 12:31:30.039,0.81527,0.81538,2.62,1.87
2016.11.18 12:31:30.254,0.81532,0.81538,1.00,1.12
2016.11.18 12:31:30.772,0.81532,0.81539,1.00,2.25
2016.11.18 12:31:31.333,0.81532,0.81538,1.00,1.00
2016.11.18 12:31:31.847,0.81532,0.81538,1.00,2.62
2016.11.18 12:31:32.920,0.81532,0.8154,1.00,1.12
2016.11.18 12:31:32.971,0.81537,0.81542,1.00,2.25
2016.11.18 12:31:33.072,0.81532,0.81542,1.50,1.12
2016.11.18 12:31:33.174,0.81537,0.81543,1.00,2.25
2016.11.18 12:31:33.666,0.81537,0.81541,1.00,1.00
2016.11.18 12:31:33.767,0.81532,0.81541,1.37,1.50
2016.11.18 12:31:33.998,0.8153,0.8154,2.62,1.00
2016.11.18 12:31:34.657,0.8153,0.81541,1.87,2.25
2016.11.18 12:31:35.359,0.8153,0.81541,1.50,2.25
2016.11.18 12:31:35.874,0.8153,0.8154,2.25,1.00
2016.11.18 12:31:37.545,0.8153,0.81539,1.50,1.00
2016.11.18 12:31:37.596,0.81529,0.81537,1.75,1.00
2016.11.18 12:31:37.748,0.81529,0.81537,1.12,1.00
2016.11.18 12:31:38.719,0.81528,0.81537,1.00,1.00
2016.11.18 12:31:38.922,0.8153,0.81539,1.50,1.00
2016.11.18 12:31:39.227,0.81533,0.8154,1.00,1.00
2016.11.18 12:31:39.328,0.81531,0.81541,1.87,1.12
2016.11.18 12:31:39.480,0.81531,0.81539,1.75,1.00
2016.11.18 12:31:39.607,0.81529,0.81539,3.00,1.50
2016.11.18 12:31:39.658,0.81529,0.81539,2.25,1.50
2016.11.18 12:31:40.202,0.81529,0.8154,2.25,2.62
2016.11.18 12:31:40.728,0.81529,0.81539,2.25,1.00
2016.11.18 12:31:41.485,0.8153,0.81539,1.00,1.50
2016.11.18 12:31:41.788,0.81537,0.81545,1.50,1.00
2016.11.18 12:31:41.890,0.81539,0.81548,1.00,1.50
2016.11.18 12:31:42.296,0.81539,0.8155,3.00,1.00
2016.11.18 12:31:42.852,0.81541,0.8155,1.00,1.50
2016.11.18 12:31:43.185,0.81542,0.81552,1.00,1.87
2016.11.18 12:31:44.107,0.81541,0.81551,1.50,1.00
2016.11.18 12:31:44.360,0.8154,0.8155,1.50,1.00
2016.11.18 12:31:44.875,0.8154,0.81551,1.00,1.50
2016.11.18 12:31:45.161,0.81539,0.81549,2.25,1.00
2016.11.18 12:31:45.679,0.81538,0.81548,2.25,1.50
2016.11.18 12:31:46.191,0.8154,0.81549,1.00,1.00
2016.11.18 12:31:46.696,0.8154,0.8155,1.12,1.00
2016.11.18 12:31:48.520,0.8154,0.81549,1.12,1.00
2016.11.18 12:31:49.103,0.81539,0.81548,1.12,1.00
2016.11.18 12:31:50.956,0.81539,0.81549,1.50,1.00
2016.11.18 12:31:51.612,0.81541,0.81548,1.00,1.00
2016.11.18 12:31:52.639,0.8154,0.8155,1.37,1.00
2016.11.18 12:31:53.582,0.8154,0.8155,1.00,1.00
2016.11.18 12:31:54.317,0.81543,0.8155,1.00,1.00
2016.11.18 12:31:55.003,0.81541,0.81551,2.62,1.50
2016.11.18 12:31:55.608,0.81542,0.81552,2.62,1.50
2016.11.18 12:31:56.160,0.81543,0.81552,1.00,1.50
2016.11.18 12:31:58.468,0.81543,0.81552,1.50,2.25
2016.11.18 12:31:59.125,0.81541,0.8155,1.87,1.00
2016.11.18 12:32:00.077,0.81542,0.81551,1.50,1.50
2016.11.18 12:32:01.855,0.81542,0.81549,1.00,1.00
2016.11.18 12:32:02.352,0.81542,0.81551,1.00,2.62
2016.11.18 12:32:03.546,0.81542,0.81552,1.50,1.00
2016.11.18 12:32:03.698,0.81544,0.81553,1.00,1.50
2016.11.18 12:32:04.222,0.81545,0.81553,1.00,1.00
2016.11.18 12:32:05.228,0.81544,0.81553,1.00,1.50
2016.11.18 12:32:05.532,0.81548,0.81554,1.00,1.00
2016.11.18 12:32:05.719,0.81549,0.81557,1.00,1.00
2016.11.18 12:32:06.616,0.81549,0.81558,1.50,1.50
2016.11.18 12:32:08.302,0.8155,0.81558,1.00,1.50
2016.11.18 12:32:09.985,0.81552,0.81558,1.00,1.00
2016.11.18 12:32:10.037,0.81552,0.81561,1.00,2.25
2016.11.18 12:32:10.383,0.81552,0.81559,1.00,1.00
2016.11.18 12:32:10.434,0.8155,0.81559,1.00,1.00
2016.11.18 12:32:10.764,0.81548,0.81558,2.62,1.00
2016.11.18 12:32:11.335,0.81547,0.81557,1.87,1.00
2016.11.18 12:32:11.631,0.81546,0.81555,1.87,1.00
2016.11.18 12:32:12.137,0.81547,0.81556,1.12,1.12
2016.11.18 12:32:12.835,0.81547,0.81557,1.12,1.50
2016.11.18 12:32:14.079,0.81547,0.81556,1.12,1.00
2016.11.18 12:32:14.760,0.81545,0.81555,1.50,1.00
2016.11.18 12:32:14.963,0.81548,0.81558,1.12,1.00
2016.11.18 12:32:15.495,0.81548,0.81558,1.37,1.00
2016.11.18 12:32:16.023,0.81549,0.81559,1.12,1.00
2016.11.18 12:32:16.185,0.81551,0.81559,1.50,1.00
2016.11.18 12:32:16.690,0.8155,0.81558,1.50,1.00
2016.11.18 12:32:16.972,0.81549,0.8156,1.37,2.25
2016.11.18 12:32:17.520,0.81551,0.8156,1.00,1.00
2016.11.18 12:32:18.402,0.81552,0.81561,1.00,1.37
2016.11.18 12:32:18.453,0.81552,0.81562,1.50,1.00
2016.11.18 12:32:18.503,0.81554,0.81563,1.00,1.50
2016.11.18 12:32:19.023,0.81554,0.81563,1.87,1.00
2016.11.18 12:32:19.538,0.81555,0.81564,1.50,2.25
2016.11.18 12:32:20.052,0.81554,0.81564,2.62,1.50
2016.11.18 12:32:20.355,0.81552,0.81562,3.00,1.00
2016.11.18 12:32:20.903,0.81553,0.81563,1.50,1.00
2016.11.18 12:32:21.410,0.81552,0.81562,2.62,1.00
2016.11.18 12:32:21.952,0.81551,0.81562,1.87,1.87
2016.11.18 12:32:22.540,0.81552,0.8156,1.00,1.00
2016.11.18 12:32:23.172,0.81551,0.8156,1.00,1.00
2016.11.18 12:32:23.676,0.8155,0.8156,1.87,1.50
2016.11.18 12:32:23.979,0.81554,0.81562,1.00,1.50
2016.11.18 12:32:24.505,0.81555,0.81563,1.00,1.00
2016.11.18 12:32:24.858,0.81553,0.81562,1.12,1.00
2016.11.18 12:32:25.373,0.81553,0.81563,1.12,1.00
2016.11.18 12:32:26.115,0.81553,0.81562,1.12,1.00
2016.11.18 12:32:27.579,0.81552,0.81562,3.00,1.50
2016.11.18 12:32:28.120,0.81553,0.81563,2.25,1.00
2016.11.18 12:32:28.625,0.81553,0.81562,1.87,1.00
2016.11.18 12:32:29.473,0.81554,0.81563,1.12,1.00
2016.11.18 12:32:32.183,0.81554,0.81563,1.37,1.50
2016.11.18 12:32:33.830,0.81556,0.81564,1.00,1.00
2016.11.18 12:32:34.774,0.81554,0.81564,3.37,1.00
2016.11.18 12:32:36.220,0.81554,0.81562,2.25,1.00
2016.11.18 12:32:36.372,0.81552,0.8156,2.25,1.00
2016.11.18 12:32:36.999,0.81551,0.81559,1.12,1.00
2016.11.18 12:32:37.526,0.8155,0.8156,2.25,1.00
2016.11.18 12:32:38.102,0.8155,0.81559,1.00,1.00
2016.11.18 12:32:39.066,0.81551,0.81561,1.00,1.87
2016.11.18 12:32:39.611,0.8155,0.8156,1.12,1.50
2016.11.18 12:32:40.732,0.81551,0.8156,1.00,1.50
2016.11.18 12:32:42.087,0.81551,0.81561,1.87,1.50
2016.11.18 12:32:44.252,0.81551,0.8156,1.00,1.00
2016.11.18 12:32:44.768,0.8155,0.81559,2.62,1.00
2016.11.18 12:32:44.819,0.81551,0.81561,1.00,1.50
2016.11.18 12:32:45.527,0.81552,0.81562,1.00,1.87
2016.11.18 12:32:46.088,0.81553,0.81562,1.00,1.00
2016.11.18 12:32:47.027,0.81553,0.81563,1.00,1.87
2016.11.18 12:32:47.538,0.81553,0.81563,2.62,1.00
2016.11.18 12:32:48.139,0.81554,0.81564,1.00,1.87
2016.11.18 12:32:48.271,0.81556,0.81564,1.00,1.12
2016.11.18 12:32:48.576,0.81558,0.81565,1.00,1.00
2016.11.18 12:32:48.677,0.81559,0.81567,1.00,1.00
2016.11.18 12:32:49.212,0.81559,0.81568,1.37,1.00
2016.11.18 12:32:49.726,0.81561,0.81567,1.00,1.00
2016.11.18 12:32:50.620,0.81559,0.81567,1.37,1.00
2016.11.18 12:32:50.823,0.81558,0.81566,1.50,1.00
2016.11.18 12:32:51.437,0.81557,0.81566,2.62,1.00
2016.11.18 12:32:51.941,0.81558,0.81566,1.00,1.00
2016.11.18 12:32:53.211,0.81557,0.81566,2.62,1.00
2016.11.18 12:32:53.727,0.81557,0.81565,1.00,1.00
2016.11.18 12:32:53.929,0.81559,0.81565,1.00,1.00
2016.11.18 12:32:54.030,0.81561,0.81568,1.00,1.50
2016.11.18 12:32:54.337,0.81563,0.8157,1.00,1.00
2016.11.18 12:32:54.438,0.81566,0.81575,1.00,2.25
2016.11.18 12:32:54.685,0.81567,0.81576,1.50,1.00
2016.11.18 12:32:55.119,0.81568,0.81574,1.00,1.00
2016.11.18 12:32:55.170,0.81565,0.81574,1.50,1.00
2016.11.18 12:32:55.221,0.81566,0.81572,1.00,1.00
2016.11.18 12:32:55.427,0.81562,0.81569,2.62,1.00
2016.11.18 12:32:55.529,0.81563,0.81571,1.00,1.00
2016.11.18 12:32:56.421,0.81563,0.8157,1.00,1.00
2016.11.18 12:32:57.033,0.81563,0.81571,1.50,1.50
2016.11.18 12:32:58.188,0.81564,0.81571,1.00,1.00
2016.11.18 12:32:59.026,0.81564,0.81572,1.00,1.00
2016.11.18 12:32:59.127,0.81568,0.81573,1.00,1.50
2016.11.18 12:32:59.228,0.81567,0.81575,1.50,1.12
2016.11.18 12:32:59.329,0.81566,0.81572,1.00,1.00
2016.11.18 12:32:59.486,0.81565,0.81574,1.12,1.00
2016.11.18 12:32:59.545,0.81564,0.81572,1.00,1.12
2016.11.18 12:33:00.049,0.81563,0.81572,2.25,1.50
2016.11.18 12:33:00.568,0.81563,0.81571,1.00,1.00
2016.11.18 12:33:01.100,0.81564,0.81571,1.00,1.00
2016.11.18 12:33:02.016,0.81564,0.81572,1.00,1.00
2016.11.18 12:33:02.326,0.81567,0.81575,1.00,1.50
2016.11.18 12:33:03.427,0.81566,0.81574,1.87,1.00
2016.11.18 12:33:03.976,0.81565,0.81573,1.00,1.00
2016.11.18 12:33:04.493,0.81564,0.81573,1.50,1.00
2016.11.18 12:33:04.951,0.81567,0.81574,1.00,1.00
2016.11.18 12:33:05.153,0.81569,0.81577,1.00,1.12
2016.11.18 12:33:05.695,0.81568,0.81577,1.50,1.00
2016.11.18 12:33:05.847,0.8157,0.81577,1.00,1.00
2016.11.18 12:33:06.375,0.8157,0.81576,1.00,1.00
2016.11.18 12:33:06.579,0.81568,0.81576,1.50,1.00
2016.11.18 12:33:07.124,0.81568,0.81577,1.00,1.00
2016.11.18 12:33:07.528,0.81571,0.81578,1.00,1.00
2016.11.18 12:33:08.153,0.81571,0.8158,1.50,1.00
2016.11.18 12:33:08.763,0.81571,0.81579,1.00,1.00
2016.11.18 12:33:09.399,0.81572,0.81579,1.00,1.00
2016.11.18 12:33:10.425,0.81572,0.8158,1.00,1.00
2016.11.18 12:33:11.163,0.81572,0.81579,1.00,1.00
2016.11.18 12:33:11.425,0.8157,0.81578,1.00,1.00
2016.11.18 12:33:11.935,0.81571,0.81579,1.00,1.00
2016.11.18 12:33:12.088,0.81574,0.81581,1.00,1.12
2016.11.18 12:33:12.637,0.81574,0.81582,1.00,1.00
2016.11.18 12:33:15.155,0.81573,0.8158,1.00,1.00
2016.11.18 12:33:15.690,0.81572,0.81581,2.25,1.50
2016.11.18 12:33:15.995,0.81575,0.81581,1.00,1.00
2016.11.18 12:33:16.420,0.81573,0.81581,1.00,1.00
2016.11.18 12:33:16.924,0.81572,0.8158,1.00,1.00
2016.11.18 12:33:17.736,0.81572,0.81581,2.25,1.50
2016.11.18 12:33:18.271,0.81572,0.8158,1.50,1.00
2016.11.18 12:33:19.436,0.81572,0.81578,1.50,1.00
2016.11.18 12:33:20.182,0.81572,0.81579,1.00,1.00
2016.11.18 12:33:20.435,0.81569,0.81578,1.37,1.00
2016.11.18 12:33:20.796,0.81568,0.81577,1.87,1.00
2016.11.18 12:33:21.341,0.81568,0.81576,1.12,1.50
2016.11.18 12:33:23.796,0.81569,0.81576,1.50,1.00
2016.11.18 12:33:24.867,0.8157,0.81578,1.00,1.00
2016.11.18 12:33:25.434,0.8157,0.81579,1.50,1.00
2016.11.18 12:33:26.568,0.81571,0.81579,1.00,1.50
2016.11.18 12:33:27.036,0.8157,0.81577,1.00,1.00
2016.11.18 12:33:27.087,0.81568,0.81577,3.37,1.00
2016.11.18 12:33:28.375,0.81568,0.81576,1.12,1.00
2016.11.18 12:33:29.660,0.8157,0.81578,1.00,1.50
2016.11.18 12:33:29.986,0.81572,0.8158,1.00,1.00
2016.11.18 12:33:30.340,0.81574,0.8158,1.00,1.00
2016.11.18 12:33:30.716,0.81574,0.81582,1.00,1.00
2016.11.18 12:33:32.347,0.81573,0.81581,1.50,1.00
2016.11.18 12:33:32.852,0.81574,0.81581,1.00,1.00
2016.11.18 12:33:33.374,0.81575,0.81582,1.00,1.00
2016.11.18 12:33:34.176,0.81573,0.81582,1.50,1.00
2016.11.18 12:33:36.325,0.81572,0.81582,3.00,1.00
2016.11.18 12:33:36.639,0.81571,0.8158,1.00,1.00
2016.11.18 12:33:37.145,0.81572,0.81581,1.00,1.00
2016.11.18 12:33:37.961,0.81574,0.81582,1.00,1.87
2016.11.18 12:33:38.489,0.81573,0.81582,1.00,1.00
2016.11.18 12:33:40.420,0.81573,0.81581,1.00,1.00
2016.11.18 12:33:40.950,0.81574,0.81582,1.00,1.12
2016.11.18 12:33:43.869,0.81572,0.81582,3.75,1.00
2016.11.18 12:33:43.970,0.81572,0.8158,1.12,1.00
2016.11.18 12:33:44.475,0.81571,0.81579,1.00,1.50
2016.11.18 12:33:45.362,0.8157,0.81579,1.50,1.50
2016.11.18 12:33:45.666,0.81569,0.81577,1.00,1.87
2016.11.18 12:33:45.818,0.81569,0.81579,2.25,2.62
2016.11.18 12:33:46.222,0.81571,0.81579,1.00,1.12
2016.11.18 12:33:46.525,0.81567,0.81576,1.50,1.50
2016.11.18 12:33:46.728,0.81566,0.81574,1.12,1.00
2016.11.18 12:33:47.344,0.81566,0.81575,1.12,1.50
2016.11.18 12:33:47.652,0.81571,0.81576,1.00,1.50
2016.11.18 12:33:47.703,0.81569,0.81576,1.00,1.50
2016.11.18 12:33:47.804,0.81571,0.81577,1.00,1.00
2016.11.18 12:33:48.260,0.8157,0.81579,1.50,1.50
2016.11.18 12:33:49.097,0.8157,0.8158,1.87,1.12
2016.11.18 12:33:49.249,0.8157,0.81578,1.00,1.00
2016.11.18 12:33:49.754,0.81569,0.81579,2.62,1.00
2016.11.18 12:33:50.353,0.81569,0.81578,1.87,1.00
2016.11.18 12:33:52.228,0.81571,0.81578,1.00,1.00
2016.11.18 12:33:52.279,0.81571,0.8158,1.50,1.00
2016.11.18 12:33:52.827,0.81572,0.8158,1.00,1.00
2016.11.18 12:33:53.332,0.81573,0.81583,1.87,1.50
2016.11.18 12:33:54.388,0.81577,0.81583,1.00,1.00
2016.11.18 12:33:55.075,0.81578,0.81582,1.00,1.00
2016.11.18 12:33:55.403,0.81574,0.81583,1.00,1.00
2016.11.18 12:33:56.227,0.81574,0.81582,1.50,1.00
2016.11.18 12:33:56.279,0.81577,0.81582,1.00,1.00
2016.11.18 12:33:56.582,0.81573,0.81582,2.25,1.00
2016.11.18 12:33:56.959,0.81575,0.81583,1.00,1.00
2016.11.18 12:33:57.263,0.81573,0.81581,2.25,1.00
2016.11.18 12:33:57.582,0.8157,0.8158,1.12,1.79
2016.11.18 12:33:57.634,0.81569,0.81578,1.37,1.50
2016.11.18 12:33:58.151,0.81569,0.81578,1.00,1.87
2016.11.18 12:33:58.454,0.81572,0.81577,1.00,1.00
2016.11.18 12:33:58.815,0.81569,0.81577,2.25,1.00
2016.11.18 12:33:58.948,0.81569,0.81579,2.25,1.00
2016.11.18 12:33:59.101,0.81569,0.81577,1.50,1.00
2016.11.18 12:33:59.588,0.81567,0.81576,3.37,1.00
2016.11.18 12:33:59.639,0.81568,0.81579,1.00,2.62
2016.11.18 12:33:59.740,0.81568,0.81577,1.12,1.00
2016.11.18 12:34:00.246,0.81567,0.81576,1.50,1.00
2016.11.18 12:34:00.650,0.81568,0.81578,1.12,1.50
2016.11.18 12:34:01.156,0.81569,0.81578,1.00,1.00
2016.11.18 12:34:01.687,0.81568,0.81579,2.25,2.62
2016.11.18 12:34:02.224,0.81568,0.81578,1.50,1.00
2016.11.18 12:34:02.376,0.8157,0.81578,1.00,1.00
2016.11.18 12:34:02.920,0.81568,0.81577,1.50,1.00
2016.11.18 12:34:03.858,0.81569,0.81578,1.00,1.04
2016.11.18 12:34:03.959,0.81571,0.81578,1.00,1.00
2016.11.18 12:34:04.060,0.81572,0.8158,1.00,1.79
2016.11.18 12:34:04.628,0.81571,0.8158,1.00,1.50
2016.11.18 12:34:04.937,0.81571,0.81578,1.50,1.00
2016.11.18 12:34:05.096,0.81571,0.8158,1.00,1.50
2016.11.18 12:34:05.601,0.81572,0.81581,1.00,1.12
2016.11.18 12:34:06.106,0.81571,0.81582,2.62,1.00
2016.11.18 12:34:06.868,0.81572,0.81581,1.00,1.00
2016.11.18 12:34:07.318,0.81573,0.81583,1.50,1.00
2016.11.18 12:34:07.520,0.81577,0.81584,1.00,1.37
2016.11.18 12:34:07.622,0.81577,0.81586,1.00,1.04
2016.11.18 12:34:07.672,0.81579,0.81588,1.00,1.37
2016.11.18 12:34:07.723,0.81579,0.81588,1.00,1.00
2016.11.18 12:34:07.925,0.81581,0.81591,1.50,2.25
2016.11.18 12:34:08.462,0.81582,0.81592,1.00,2.92
2016.11.18 12:34:09.605,0.81583,0.81592,1.00,2.25
2016.11.18 12:34:09.807,0.81583,0.81594,2.25,3.67
2016.11.18 12:34:09.946,0.81585,0.81594,1.00,1.00
2016.11.18 12:34:10.553,0.81584,0.81593,2.25,1.50
2016.11.18 12:34:11.123,0.81586,0.81595,1.00,2.54
2016.11.18 12:34:11.426,0.8159,0.816,1.50,1.00
2016.11.18 12:34:11.982,0.81589,0.81601,2.62,4.42
2016.11.18 12:34:12.033,0.81591,0.81601,1.00,2.92
2016.11.18 12:34:12.286,0.81592,0.81602,1.00,1.79
2016.11.18 12:34:12.474,0.81594,0.81602,1.00,1.04
2016.11.18 12:34:12.626,0.81595,0.81604,1.00,1.87
2016.11.18 12:34:12.677,0.81597,0.81604,1.00,1.00
2016.11.18 12:34:12.728,0.81597,0.81607,1.00,3.29
2016.11.18 12:34:12.779,0.81595,0.81605,1.50,1.00
2016.11.18 12:34:13.298,0.81594,0.81604,1.50,1.50
2016.11.18 12:34:13.601,0.81597,0.81604,1.00,1.37
2016.11.18 12:34:13.751,0.81597,0.81606,2.25,1.00
2016.11.18 12:34:13.802,0.81599,0.81608,1.00,1.00
2016.11.18 12:34:14.347,0.816,0.81609,1.00,1.50
2016.11.18 12:34:14.860,0.81599,0.81609,1.00,1.50
2016.11.18 12:34:15.181,0.81601,0.81611,1.00,1.50
2016.11.18 12:34:15.614,0.81603,0.81611,1.00,1.00
2016.11.18 12:34:15.917,0.81605,0.81615,1.00,1.04
2016.11.18 12:34:16.018,0.81606,0.81616,1.00,1.00
2016.11.18 12:34:16.171,0.81608,0.81618,1.00,2.17
2016.11.18 12:34:16.890,0.81608,0.81619,2.25,2.17
2016.11.18 12:34:17.396,0.81608,0.81619,2.25,1.79
2016.11.18 12:34:17.901,0.8161,0.8162,1.00,1.79
2016.11.18 12:34:18.407,0.8161,0.81621,1.50,2.54
2016.11.18 12:34:18.711,0.81615,0.81623,1.00,1.00
2016.11.18 12:34:18.964,0.81612,0.81621,1.50,1.00
2016.11.18 12:34:19.065,0.81612,0.81623,1.50,1.12
2016.11.18 12:34:19.859,0.81612,0.81621,1.00,1.00
2016.11.18 12:34:20.011,0.8161,0.81621,1.00,1.50
2016.11.18 12:34:20.314,0.81608,0.81619,1.00,1.79
2016.11.18 12:34:20.617,0.81598,0.81609,2.25,1.50
2016.11.18 12:34:21.149,0.81598,0.81608,1.00,1.12
2016.11.18 12:34:21.402,0.81596,0.81607,1.00,1.12
2016.11.18 12:34:22.345,0.81596,0.81607,1.00,1.50
2016.11.18 12:34:22.850,0.81595,0.81606,2.25,1.87
2016.11.18 12:34:23.133,0.81595,0.81603,1.00,1.00
2016.11.18 12:34:23.590,0.81593,0.81601,1.00,1.12
2016.11.18 12:34:24.604,0.81592,0.81601,2.25,1.12
2016.11.18 12:34:24.909,0.81588,0.81599,3.00,1.00
2016.11.18 12:34:25.264,0.81591,0.81598,1.00,1.00
2016.11.18 12:34:25.700,0.81591,0.816,1.50,1.50
2016.11.18 12:34:26.205,0.8159,0.816,1.50,1.12
2016.11.18 12:34:27.709,0.81592,0.816,1.00,1.12
2016.11.18 12:34:28.062,0.81595,0.81603,1.00,1.00
2016.11.18 12:34:28.264,0.81597,0.81608,1.00,3.67
2016.11.18 12:34:28.810,0.81596,0.81607,1.50,1.50
2016.11.18 12:34:29.430,0.81596,0.81605,1.00,1.00
2016.11.18 12:34:29.531,0.81594,0.81605,1.50,1.50
2016.11.18 12:34:29.733,0.81596,0.81606,1.00,1.87
2016.11.18 12:34:29.986,0.81596,0.81607,1.00,1.87
2016.11.18 12:34:30.036,0.81598,0.81607,1.00,1.87
2016.11.18 12:34:32.131,0.816,0.81608,1.50,2.25
2016.11.18 12:34:32.442,0.81606,0.81612,1.00,2.25
2016.11.18 12:34:32.493,0.81606,0.81615,1.00,3.37
2016.11.18 12:34:32.544,0.81606,0.81615,1.00,1.12
2016.11.18 12:34:32.596,0.81603,0.81612,1.50,1.00
2016.11.18 12:34:32.899,0.81601,0.8161,1.50,2.25
2016.11.18 12:34:33.758,0.81601,0.81611,1.00,1.00
2016.11.18 12:34:34.345,0.816,0.8161,1.00,1.00
2016.11.18 12:34:34.496,0.81598,0.81609,1.50,1.00
2016.11.18 12:34:34.547,0.81597,0.81607,2.62,1.00
2016.11.18 12:34:35.052,0.81599,0.81608,1.00,2.25
2016.11.18 12:34:35.596,0.81598,0.81605,1.00,1.00
2016.11.18 12:34:35.647,0.81595,0.81605,1.00,1.00
2016.11.18 12:34:37.494,0.81595,0.81604,1.00,1.00
2016.11.18 12:34:37.545,0.81593,0.81604,2.25,1.87
2016.11.18 12:34:37.697,0.81592,0.81603,1.50,2.25
2016.11.18 12:34:38.187,0.81594,0.81602,1.00,1.50
2016.11.18 12:34:38.288,0.81594,0.81604,1.50,1.50
2016.11.18 12:34:38.863,0.81595,0.81606,1.00,1.87
2016.11.18 12:34:39.392,0.81596,0.81606,1.00,2.62
2016.11.18 12:34:39.898,0.81597,0.81606,1.50,1.50
2016.11.18 12:34:40.471,0.81598,0.81605,1.50,1.12
2016.11.18 12:34:40.764,0.81596,0.81605,1.00,1.50
2016.11.18 12:34:41.974,0.81596,0.81604,1.50,1.00
2016.11.18 12:34:42.277,0.81593,0.81604,1.00,1.87
2016.11.18 12:34:42.779,0.81593,0.81604,1.00,2.25
2016.11.18 12:34:43.290,0.81593,0.81604,1.00,1.87
2016.11.18 12:34:43.796,0.81594,0.81604,1.00,1.50
2016.11.18 12:34:44.912,0.81597,0.81605,1.00,3.37
2016.11.18 12:34:44.963,0.81595,0.81605,1.50,3.00
2016.11.18 12:34:45.014,0.81596,0.81607,1.50,2.62
2016.11.18 12:34:45.519,0.81595,0.81605,1.00,1.00
2016.11.18 12:34:46.038,0.81595,0.81605,1.00,1.87
2016.11.18 12:34:46.554,0.81598,0.81606,1.00,1.37
2016.11.18 12:34:46.858,0.81606,0.81611,1.00,2.62
2016.11.18 12:34:46.909,0.81606,0.81611,1.00,1.00
2016.11.18 12:34:47.010,0.81606,0.81616,1.00,3.37
2016.11.18 12:34:47.112,0.81607,0.81617,1.00,1.87
2016.11.18 12:34:47.616,0.81606,0.81615,1.00,1.12
2016.11.18 12:34:47.718,0.81605,0.81613,1.00,1.00
2016.11.18 12:34:49.541,0.81604,0.81613,1.50,1.00
2016.11.18 12:34:50.810,0.81604,0.81612,1.00,1.12
2016.11.18 12:34:51.808,0.81602,0.81612,3.00,1.12
2016.11.18 12:34:52.640,0.81603,0.81613,1.00,2.25
2016.11.18 12:34:52.742,0.81603,0.81613,1.75,2.25
2016.11.18 12:34:52.843,0.81603,0.81613,1.50,2.25
2016.11.18 12:34:52.945,0.81602,0.81609,1.12,1.00
2016.11.18 12:34:53.147,0.81598,0.81607,1.50,1.00
2016.11.18 12:34:53.713,0.81597,0.81606,1.00,1.00
2016.11.18 12:34:53.967,0.81598,0.81607,1.00,3.00
2016.11.18 12:34:54.069,0.81598,0.81608,1.00,1.37
2016.11.18 12:34:54.120,0.81598,0.81608,1.50,1.00
2016.11.18 12:34:54.675,0.81598,0.81608,1.50,1.37
2016.11.18 12:34:55.261,0.81598,0.81608,1.50,1.87
2016.11.18 12:34:55.412,0.81597,0.81605,1.00,1.00
2016.11.18 12:34:55.716,0.81593,0.81603,1.75,1.00
2016.11.18 12:34:55.868,0.81593,0.81603,1.00,1.50
2016.11.18 12:34:56.171,0.81595,0.81605,1.12,1.37
2016.11.18 12:34:56.527,0.81597,0.81607,2.25,1.87
2016.11.18 12:34:56.883,0.816,0.81608,1.00,1.50
2016.11.18 12:34:57.421,0.816,0.81608,1.00,1.50
2016.11.18 12:34:58.334,0.81597,0.81606,1.50,1.00
2016.11.18 12:34:58.746,0.81599,0.81607,1.00,1.12
2016.11.18 12:34:59.049,0.81596,0.81606,1.12,1.00
2016.11.18 12:34:59.100,0.81595,0.81604,2.62,1.00
2016.11.18 12:34:59.454,0.81596,0.81607,1.00,2.25
2016.11.18 12:34:59.555,0.81595,0.81606,1.00,3.00
2016.11.18 12:34:59.651,0.81595,0.81606,1.00,1.12
2016.11.18 12:34:59.702,0.81597,0.81605,1.00,1.00
2016.11.18 12:35:00.107,0.81595,0.81606,1.00,1.50
2016.11.18 12:35:00.311,0.81593,0.81603,1.87,1.00
2016.11.18 12:35:00.364,0.81592,0.81603,1.87,1.37
2016.11.18 12:35:00.821,0.81592,0.81604,1.00,2.62
2016.11.18 12:35:01.348,0.81593,0.81604,1.00,3.75
2016.11.18 12:35:02.961,0.81593,0.81603,1.00,1.37
2016.11.18 12:35:05.055,0.81592,0.81601,1.00,1.00
2016.11.18 12:35:05.408,0.81594,0.81603,1.00,1.87
2016.11.18 12:35:05.946,0.81593,0.81603,1.00,1.37
2016.11.18 12:35:05.997,0.81594,0.81604,1.50,1.12
2016.11.18 12:35:06.490,0.81596,0.81604,1.00,1.00
2016.11.18 12:35:06.793,0.81599,0.81607,1.00,1.00
2016.11.18 12:35:07.047,0.81602,0.81611,1.12,1.00
2016.11.18 12:35:07.250,0.816,0.81612,1.12,1.50
2016.11.18 12:35:07.402,0.81599,0.8161,1.00,1.87
2016.11.18 12:35:07.705,0.81601,0.8161,1.00,3.00
2016.11.18 12:35:07.886,0.81599,0.8161,1.00,2.25
2016.11.18 12:35:08.039,0.81601,0.8161,1.00,1.12
2016.11.18 12:35:08.342,0.81603,0.81612,1.00,1.87
2016.11.18 12:35:08.985,0.81603,0.81612,1.00,1.87
2016.11.18 12:35:09.582,0.81603,0.81612,1.00,2.25
2016.11.18 12:35:10.103,0.81602,0.81611,1.00,1.50
2016.11.18 12:35:10.407,0.81602,0.8161,1.00,1.50
2016.11.18 12:35:10.927,0.81602,0.8161,1.00,1.12
2016.11.18 12:35:11.433,0.81601,0.8161,1.00,1.50
2016.11.18 12:35:12.798,0.816,0.8161,1.00,1.50
2016.11.18 12:35:13.101,0.816,0.81608,1.00,1.00
2016.11.18 12:35:13.670,0.816,0.81607,1.00,1.00
2016.11.18 12:35:13.721,0.81598,0.81607,1.00,1.00
2016.11.18 12:35:14.236,0.81596,0.81606,1.12,1.12
2016.11.18 12:35:14.389,0.81593,0.81602,2.25,1.00
2016.11.18 12:35:14.491,0.81592,0.81602,1.87,1.00
2016.11.18 12:35:15.000,0.81593,0.81602,1.00,1.50
2016.11.18 12:35:17.231,0.81594,0.81602,1.00,1.12
2016.11.18 12:35:18.783,0.81593,0.81601,1.00,1.00
2016.11.18 12:35:18.962,0.81591,0.816,1.00,1.00
2016.11.18 12:35:20.363,0.8159,0.81599,1.12,1.00
2016.11.18 12:35:20.883,0.81591,0.81599,1.00,1.00
2016.11.18 12:35:21.756,0.81592,0.816,1.00,1.00
2016.11.18 12:35:22.269,0.81591,0.81601,1.00,1.12
2016.11.18 12:35:22.471,0.81591,0.81599,1.50,1.00
2016.11.18 12:35:23.078,0.8159,0.81598,1.00,1.00
2016.11.18 12:35:23.594,0.81589,0.81597,1.00,1.00
2016.11.18 12:35:24.251,0.81588,0.81597,1.00,1.00
2016.11.18 12:35:24.760,0.81588,0.81596,1.00,1.00
2016.11.18 12:35:25.262,0.81587,0.81596,1.87,1.00
2016.11.18 12:35:26.638,0.81586,0.81596,1.50,1.12
2016.11.18 12:35:26.790,0.81584,0.81595,1.12,1.87
2016.11.18 12:35:26.842,0.81583,0.81591,3.00,1.00
2016.11.18 12:35:27.046,0.81581,0.81589,1.00,1.00
2016.11.18 12:35:27.515,0.81579,0.81588,1.00,1.00
2016.11.18 12:35:28.244,0.81581,0.81589,1.50,1.50
2016.11.18 12:35:28.867,0.81582,0.81589,1.00,1.00
2016.11.18 12:35:28.918,0.81582,0.81591,1.00,1.12
2016.11.18 12:35:29.121,0.81581,0.81589,1.00,1.00
2016.11.18 12:35:29.324,0.81579,0.81588,1.50,1.00
2016.11.18 12:35:29.869,0.81578,0.81586,1.00,1.00
2016.11.18 12:35:30.373,0.81576,0.81586,1.50,1.12
2016.11.18 12:35:30.424,0.81575,0.81582,1.00,1.00
2016.11.18 12:35:30.525,0.81572,0.81582,1.12,1.00
2016.11.18 12:35:30.677,0.81574,0.81581,1.00,1.00
2016.11.18 12:35:31.017,0.81572,0.81582,1.00,1.12
2016.11.18 12:35:31.560,0.81571,0.81581,1.00,1.50
2016.11.18 12:35:34.483,0.81571,0.81581,1.50,1.37
2016.11.18 12:35:34.634,0.81568,0.81577,2.25,1.00
2016.11.18 12:35:34.837,0.81567,0.81577,1.00,1.12
2016.11.18 12:35:34.938,0.81568,0.81579,1.50,1.87
2016.11.18 12:35:34.989,0.81574,0.81579,1.00,1.12
2016.11.18 12:35:35.150,0.81574,0.81584,1.00,1.50
2016.11.18 12:35:35.364,0.81576,0.81584,1.00,1.50
2016.11.18 12:35:35.415,0.81574,0.81584,1.00,1.50
2016.11.18 12:35:35.936,0.81575,0.81584,1.00,1.50
2016.11.18 12:35:36.247,0.81576,0.81586,1.00,1.50
2016.11.18 12:35:36.500,0.81579,0.81588,1.00,4.50
2016.11.18 12:35:36.754,0.81581,0.8159,1.12,1.12
2016.11.18 12:35:37.293,0.81582,0.8159,1.00,1.00
2016.11.18 12:35:37.798,0.81582,0.81591,1.00,1.12
2016.11.18 12:35:39.862,0.81581,0.81591,1.00,1.12
2016.11.18 12:35:40.829,0.81582,0.81592,1.00,1.87
2016.11.18 12:35:41.450,0.81581,0.81591,1.50,1.00
2016.11.18 12:35:41.501,0.81583,0.81591,1.00,1.00
2016.11.18 12:35:41.808,0.81589,0.81597,1.00,1.37
2016.11.18 12:35:41.909,0.81589,0.81599,1.00,1.12
2016.11.18 12:35:42.426,0.81589,0.81599,1.00,2.25
2016.11.18 12:35:42.948,0.81589,0.81599,1.00,1.87
2016.11.18 12:35:43.050,0.81585,0.81595,1.37,1.00
2016.11.18 12:35:43.202,0.81585,0.81594,1.00,1.00
2016.11.18 12:35:43.709,0.81586,0.81594,1.00,1.00
2016.11.18 12:35:44.399,0.81586,0.81592,1.00,1.00
2016.11.18 12:35:44.703,0.81577,0.81584,1.00,1.00
2016.11.18 12:35:45.250,0.81575,0.81585,1.50,1.00
2016.11.18 12:35:45.351,0.81579,0.81586,1.00,1.50
2016.11.18 12:35:45.452,0.81577,0.81587,1.00,1.37
2016.11.18 12:35:45.711,0.81578,0.81588,1.00,2.25
2016.11.18 12:35:45.863,0.8158,0.81588,1.00,1.37
2016.11.18 12:35:45.914,0.81581,0.81591,1.00,1.50
2016.11.18 12:35:46.463,0.81582,0.81591,1.00,2.62
2016.11.18 12:35:46.514,0.8158,0.8159,1.12,1.00
2016.11.18 12:35:46.745,0.81579,0.81587,1.37,1.00
2016.11.18 12:35:46.846,0.81577,0.81587,1.00,1.87
2016.11.18 12:35:47.352,0.81576,0.81586,1.00,1.50
2016.11.18 12:35:47.969,0.81576,0.81585,1.00,1.00
2016.11.18 12:35:48.474,0.81577,0.81585,1.00,1.00
2016.11.18 12:35:48.661,0.8158,0.81587,1.00,1.50
2016.11.18 12:35:48.915,0.81584,0.81592,1.00,1.12
2016.11.18 12:35:49.168,0.81586,0.81592,1.00,1.00
2016.11.18 12:35:49.496,0.81586,0.81594,1.00,1.00
2016.11.18 12:35:50.690,0.81586,0.81593,1.00,1.12
2016.11.18 12:35:50.904,0.81581,0.81591,2.17,1.00
2016.11.18 12:35:51.053,0.8158,0.81589,1.87,1.12
2016.11.18 12:35:53.809,0.81579,0.81589,2.62,1.00
2016.11.18 12:35:54.356,0.8158,0.81589,1.87,1.00
2016.11.18 12:35:54.869,0.81579,0.81586,1.00,1.00
2016.11.18 12:35:55.021,0.81577,0.81586,1.00,1.00
2016.11.18 12:35:55.688,0.81576,0.81586,1.50,1.00
2016.11.18 12:35:57.103,0.81575,0.81586,1.50,1.00
2016.11.18 12:35:57.153,0.81577,0.81586,1.50,1.00
2016.11.18 12:35:57.305,0.81578,0.81588,1.50,1.00
2016.11.18 12:35:57.898,0.81577,0.81587,1.87,1.12
2016.11.18 12:35:58.798,0.81578,0.81587,1.00,1.00
2016.11.18 12:35:59.337,0.81578,0.81588,1.00,1.12
2016.11.18 12:36:00.177,0.81577,0.81588,1.50,2.62
2016.11.18 12:36:00.480,0.81577,0.81586,1.00,1.00
2016.11.18 12:36:00.632,0.81574,0.81584,1.50,1.00
2016.11.18 12:36:01.149,0.81573,0.81583,1.00,1.87
2016.11.18 12:36:02.294,0.81572,0.81582,1.87,1.00
2016.11.18 12:36:02.395,0.8157,0.81579,2.25,1.00
2016.11.18 12:36:03.165,0.8157,0.81579,1.00,1.50
2016.11.18 12:36:03.635,0.81572,0.81578,1.00,1.00
2016.11.18 12:36:03.737,0.81573,0.81581,1.00,1.00
2016.11.18 12:36:04.000,0.81575,0.81581,1.00,1.00
2016.11.18 12:36:04.253,0.81579,0.81587,1.00,1.00
2016.11.18 12:36:04.304,0.81582,0.81589,1.00,1.50
2016.11.18 12:36:04.456,0.81584,0.81593,1.00,1.50
2016.11.18 12:36:04.507,0.81582,0.81592,1.00,1.12
2016.11.18 12:36:04.558,0.81584,0.81592,1.00,1.12
2016.11.18 12:36:05.109,0.81585,0.81593,1.00,1.00
2016.11.18 12:36:05.366,0.81586,0.81595,1.00,1.12
2016.11.18 12:36:05.423,0.81584,0.81594,1.00,1.00
2016.11.18 12:36:05.676,0.81585,0.81593,1.00,1.50
2016.11.18 12:36:05.778,0.81583,0.81594,1.00,2.62
2016.11.18 12:36:05.980,0.81583,0.81592,1.00,1.00
2016.11.18 12:36:06.490,0.81582,0.81593,1.00,1.50
2016.11.18 12:36:06.905,0.81584,0.81593,1.00,1.12
2016.11.18 12:36:07.411,0.81584,0.81594,1.00,1.00
2016.11.18 12:36:07.664,0.81584,0.81596,1.12,2.62
2016.11.18 12:36:07.943,0.81584,0.81593,1.00,1.00
2016.11.18 12:36:08.454,0.81584,0.81594,1.12,1.00
2016.11.18 12:36:09.026,0.81584,0.81595,1.50,1.50
2016.11.18 12:36:09.485,0.81582,0.81592,1.12,1.00
2016.11.18 12:36:09.843,0.81581,0.81589,1.00,1.00
2016.11.18 12:36:11.398,0.8158,0.81589,1.00,1.00
2016.11.18 12:36:11.701,0.81579,0.81586,1.12,1.00
2016.11.18 12:36:11.752,0.81577,0.81586,1.12,1.00
2016.11.18 12:36:11.855,0.81574,0.81584,2.62,1.00
2016.11.18 12:36:12.039,0.81573,0.81583,1.12,1.50
2016.11.18 12:36:12.473,0.81575,0.81582,1.00,1.00
2016.11.18 12:36:12.574,0.81574,0.81584,1.12,1.00
2016.11.18 12:36:12.777,0.81572,0.81582,2.25,1.00
2016.11.18 12:36:14.088,0.81573,0.81583,1.00,1.12
2016.11.18 12:36:15.244,0.81573,0.81582,1.00,1.00
2016.11.18 12:36:15.545,0.81569,0.8158,3.75,1.00
2016.11.18 12:36:15.697,0.81568,0.81579,1.12,1.50
2016.11.18 12:36:16.057,0.81568,0.81577,1.00,1.00
2016.11.18 12:36:16.572,0.81568,0.81576,1.12,1.00
2016.11.18 12:36:16.977,0.81565,0.81573,1.50,1.00
2016.11.18 12:36:17.028,0.81565,0.81575,1.37,1.50
2016.11.18 12:36:17.079,0.81563,0.81573,2.25,1.00
2016.11.18 12:36:17.180,0.81562,0.81572,2.25,1.00
2016.11.18 12:36:17.711,0.81563,0.81571,1.12,1.00
2016.11.18 12:36:17.994,0.81561,0.81569,1.12,1.00
2016.11.18 12:36:18.095,0.81558,0.81568,1.87,1.12
2016.11.18 12:36:18.196,0.81558,0.81566,1.00,1.50
2016.11.18 12:36:18.500,0.81555,0.81564,1.00,1.00
2016.11.18 12:36:18.601,0.81554,0.81562,1.00,1.00
2016.11.18 12:36:18.703,0.81551,0.81561,1.12,1.12
2016.11.18 12:36:19.205,0.81551,0.8156,1.00,1.12
2016.11.18 12:36:19.743,0.81551,0.81561,1.00,1.00
2016.11.18 12:36:20.859,0.81554,0.81564,1.00,2.62
2016.11.18 12:36:21.061,0.81554,0.81565,1.00,2.62
2016.11.18 12:36:21.264,0.81552,0.81563,2.25,1.87
2016.11.18 12:36:21.790,0.81552,0.81562,1.12,1.87
2016.11.18 12:36:22.319,0.81552,0.81561,1.00,1.00
2016.11.18 12:36:22.471,0.8155,0.81561,1.50,1.87
2016.11.18 12:36:22.991,0.8155,0.81561,1.00,2.62
2016.11.18 12:36:23.583,0.81549,0.81558,1.00,1.12
2016.11.18 12:36:23.826,0.81546,0.81556,1.12,1.12
2016.11.18 12:36:24.383,0.81546,0.81556,1.12,1.37
2016.11.18 12:36:25.095,0.81547,0.81556,1.00,1.87
2016.11.18 12:36:25.592,0.81547,0.81557,1.00,1.00
2016.11.18 12:36:26.222,0.81548,0.81558,1.50,1.87
2016.11.18 12:36:26.272,0.8155,0.81557,1.00,1.00
2016.11.18 12:36:26.676,0.81551,0.8156,1.00,1.00
2016.11.18 12:36:28.204,0.81552,0.8156,1.00,1.00
2016.11.18 12:36:28.706,0.81552,0.81561,1.50,1.00
2016.11.18 12:36:30.133,0.81551,0.81561,1.50,1.50
2016.11.18 12:36:30.414,0.81553,0.81562,1.50,1.12
2016.11.18 12:36:30.938,0.81554,0.81562,1.00,1.00
2016.11.18 12:36:31.350,0.81551,0.81557,2.62,1.00
2016.11.18 12:36:31.603,0.81547,0.81556,1.00,1.12
2016.11.18 12:36:32.108,0.81547,0.81555,1.00,1.00
2016.11.18 12:36:32.650,0.81547,0.81554,1.50,1.00
2016.11.18 12:36:34.427,0.81547,0.81556,1.87,1.50
2016.11.18 12:36:35.537,0.81549,0.81558,1.00,1.50
2016.11.18 12:36:35.841,0.81553,0.81563,1.87,1.12
2016.11.18 12:36:36.359,0.81554,0.81563,1.00,1.87
2016.11.18 12:36:37.118,0.81558,0.81564,1.00,1.50
2016.11.18 12:36:37.220,0.8156,0.81567,1.00,1.50
2016.11.18 12:36:37.422,0.81554,0.81565,3.37,1.50
2016.11.18 12:36:37.928,0.81554,0.81564,1.00,1.50
2016.11.18 12:36:38.478,0.81554,0.81563,1.12,1.00
2016.11.18 12:36:39.261,0.81554,0.81564,1.12,1.87
2016.11.18 12:36:39.798,0.81554,0.81565,1.50,1.50
2016.11.18 12:36:40.315,0.81555,0.81564,1.00,1.00
2016.11.18 12:36:40.504,0.81557,0.81564,1.00,1.00
2016.11.18 12:36:41.333,0.81557,0.81565,1.00,1.50
2016.11.18 12:36:41.536,0.81555,0.81565,1.00,1.50
2016.11.18 12:36:41.586,0.81554,0.81563,1.50,1.50
2016.11.18 12:36:43.919,0.81555,0.81563,1.00,1.00
2016.11.18 12:36:44.222,0.81557,0.81565,1.00,1.87
2016.11.18 12:36:44.765,0.81556,0.81565,1.00,1.87
2016.11.18 12:36:45.498,0.81556,0.81564,1.00,1.00
2016.11.18 12:36:45.895,0.81554,0.81563,1.00,1.00
2016.11.18 12:36:46.795,0.81553,0.81563,1.50,1.50
2016.11.18 12:36:48.978,0.81554,0.81564,1.00,2.62
2016.11.18 12:36:50.006,0.81554,0.81563,1.00,1.00
2016.11.18 12:36:50.604,0.81553,0.81562,1.12,1.00
2016.11.18 12:36:51.122,0.81552,0.81561,1.00,1.50
2016.11.18 12:36:51.619,0.81551,0.81559,1.00,1.00
2016.11.18 12:36:52.125,0.8155,0.81559,1.00,2.25
2016.11.18 12:36:52.487,0.81552,0.81561,1.00,3.37
2016.11.18 12:36:52.589,0.81554,0.81562,1.00,1.00
2016.11.18 12:36:52.640,0.81554,0.81564,1.00,1.50
2016.11.18 12:36:52.774,0.81554,0.81564,4.87,1.00
2016.11.18 12:36:53.305,0.81556,0.81565,1.12,1.50
2016.11.18 12:36:55.781,0.81559,0.81565,1.00,1.00
2016.11.18 12:36:55.832,0.81559,0.81568,1.00,2.62
2016.11.18 12:36:56.135,0.81561,0.8157,1.00,2.62
2016.11.18 12:36:56.640,0.81561,0.8157,1.00,3.37
2016.11.18 12:36:57.171,0.8156,0.81569,1.00,2.62
2016.11.18 12:36:57.474,0.81557,0.81566,2.25,1.50
2016.11.18 12:36:58.005,0.81557,0.81566,1.12,1.00
2016.11.18 12:37:00.467,0.81558,0.81566,1.00,1.87
2016.11.18 12:37:00.970,0.81559,0.81567,1.00,1.87
2016.11.18 12:37:01.123,0.8156,0.8157,2.25,1.12
2016.11.18 12:37:01.225,0.81562,0.8157,1.00,1.12
2016.11.18 12:37:01.529,0.81563,0.81572,1.00,1.50
2016.11.18 12:37:01.781,0.81563,0.81572,1.75,1.50
2016.11.18 12:37:02.326,0.81563,0.81572,1.50,1.50
2016.11.18 12:37:02.791,0.81563,0.8157,1.00,1.00
2016.11.18 12:37:03.198,0.81563,0.81572,1.00,2.62
2016.11.18 12:37:03.401,0.81565,0.81574,1.00,2.62
2016.11.18 12:37:03.926,0.81564,0.81572,1.00,1.00
2016.11.18 12:37:04.230,0.81561,0.8157,1.50,1.00
2016.11.18 12:37:04.281,0.81561,0.8157,1.12,1.00
2016.11.18 12:37:04.432,0.81564,0.81573,1.00,2.25
2016.11.18 12:37:04.837,0.81566,0.81575,1.00,1.37
2016.11.18 12:37:05.384,0.81566,0.81575,2.25,1.00
2016.11.18 12:37:05.910,0.81568,0.81576,1.00,1.50
2016.11.18 12:37:06.112,0.81569,0.81578,1.00,2.25
2016.11.18 12:37:06.730,0.81569,0.81579,1.87,1.00
2016.11.18 12:37:07.241,0.8157,0.81579,1.00,1.00
2016.11.18 12:37:07.544,0.81567,0.81576,2.62,1.00
2016.11.18 12:37:07.595,0.81567,0.81576,1.12,1.00
2016.11.18 12:37:08.100,0.81566,0.81575,1.00,1.50
2016.11.18 12:37:08.487,0.81567,0.81576,3.37,1.00
2016.11.18 12:37:08.589,0.81567,0.81576,1.12,1.00
2016.11.18 12:37:09.133,0.81567,0.81577,2.62,1.00
2016.11.18 12:37:10.124,0.81566,0.81576,3.00,1.00
2016.11.18 12:37:10.693,0.81566,0.81576,1.50,1.00
2016.11.18 12:37:11.214,0.81565,0.81575,1.87,1.00
2016.11.18 12:37:11.716,0.81563,0.81574,2.25,1.50
2016.11.18 12:37:11.788,0.81563,0.81574,1.87,1.50
2016.11.18 12:37:12.376,0.81564,0.81574,1.00,2.25
2016.11.18 12:37:13.862,0.81563,0.81573,1.00,1.50
2016.11.18 12:37:13.913,0.81562,0.81571,1.12,1.00
2016.11.18 12:37:14.116,0.81559,0.8157,2.62,1.50
2016.11.18 12:37:14.640,0.81559,0.81569,1.50,1.00
2016.11.18 12:37:15.153,0.8156,0.81568,1.00,1.00
2016.11.18 12:37:15.705,0.81559,0.81569,1.12,1.00
2016.11.18 12:37:17.048,0.8156,0.81569,1.00,1.00
2016.11.18 12:37:17.099,0.81563,0.81569,1.00,1.00
2016.11.18 12:37:18.242,0.81563,0.8157,1.00,1.00
2016.11.18 12:37:18.762,0.81562,0.81571,1.00,1.00
2016.11.18 12:37:19.105,0.81565,0.81575,1.50,1.50
2016.11.18 12:37:19.206,0.81567,0.81577,1.12,2.62
2016.11.18 12:37:19.711,0.81568,0.81577,1.87,1.00
2016.11.18 12:37:20.226,0.81567,0.81576,1.12,1.00
2016.11.18 12:37:20.759,0.81568,0.81577,1.00,1.50
2016.11.18 12:37:21.798,0.81568,0.81575,1.00,1.00
2016.11.18 12:37:22.333,0.81567,0.81575,1.00,2.25
2016.11.18 12:37:22.851,0.81566,0.81575,1.00,2.25
2016.11.18 12:37:23.437,0.81566,0.81574,1.00,1.00
2016.11.18 12:37:23.938,0.81566,0.81573,1.00,1.00
2016.11.18 12:37:25.100,0.81566,0.81575,1.12,2.25
2016.11.18 12:37:25.393,0.81568,0.81575,1.00,2.25
2016.11.18 12:37:27.171,0.81566,0.81575,1.12,1.00
2016.11.18 12:37:27.692,0.81566,0.81575,1.50,1.00
2016.11.18 12:37:28.741,0.81566,0.81574,1.50,1.00
2016.11.18 12:37:31.137,0.81566,0.81573,1.00,1.00
2016.11.18 12:37:31.238,0.81566,0.8157,1.00,1.00
2016.11.18 12:37:31.390,0.81561,0.81568,2.62,1.00
2016.11.18 12:37:31.441,0.81558,0.81568,1.37,1.00
2016.11.18 12:37:31.960,0.8156,0.81568,1.00,1.50
2016.11.18 12:37:32.495,0.8156,0.81569,1.00,2.62
2016.11.18 12:37:32.805,0.81562,0.8157,1.00,1.00
2016.11.18 12:37:33.109,0.81564,0.8157,1.00,1.00
2016.11.18 12:37:33.671,0.81562,0.81571,1.87,1.00
2016.11.18 12:37:34.211,0.81563,0.81572,1.50,1.00
2016.11.18 12:37:34.413,0.81565,0.81574,1.00,1.50
2016.11.18 12:37:34.464,0.81565,0.81574,1.75,1.50
2016.11.18 12:37:34.666,0.81565,0.81574,1.50,1.50
2016.11.18 12:37:34.968,0.81565,0.81572,1.00,1.00
2016.11.18 12:37:35.221,0.81566,0.81575,1.00,2.25
2016.11.18 12:37:35.727,0.81568,0.81576,1.00,1.00
2016.11.18 12:37:36.233,0.81568,0.81577,1.50,1.00
2016.11.18 12:37:36.414,0.81569,0.81579,1.87,1.00
2016.11.18 12:37:36.464,0.81571,0.81579,1.00,1.00
2016.11.18 12:37:36.566,0.81569,0.81579,1.87,1.00
2016.11.18 12:37:37.093,0.81568,0.81578,2.25,1.00
2016.11.18 12:37:37.607,0.81568,0.81578,1.75,1.50
2016.11.18 12:37:38.144,0.81568,0.81578,1.50,1.50
2016.11.18 12:37:38.656,0.81568,0.81577,1.50,1.00
2016.11.18 12:37:38.707,0.8157,0.81577,1.00,1.00
2016.11.18 12:37:39.226,0.81568,0.81577,1.37,1.50
2016.11.18 12:37:39.728,0.81568,0.81577,1.50,1.00
2016.11.18 12:37:40.258,0.81569,0.81578,1.50,1.00
2016.11.18 12:37:40.864,0.81569,0.81578,1.50,1.00
2016.11.18 12:37:41.652,0.8157,0.81578,1.00,1.00
2016.11.18 12:37:42.006,0.8157,0.8158,1.50,1.50
2016.11.18 12:37:44.171,0.81571,0.81581,1.00,1.50
2016.11.18 12:37:44.221,0.81572,0.81579,1.00,1.00
2016.11.18 12:37:44.424,0.81573,0.81581,1.00,1.12
2016.11.18 12:37:45.400,0.81573,0.81582,1.50,1.00
2016.11.18 12:37:46.857,0.81573,0.8158,1.00,1.00
2016.11.18 12:37:47.110,0.8157,0.81578,1.12,1.00
2016.11.18 12:37:47.211,0.81569,0.81578,3.37,1.00
2016.11.18 12:37:47.313,0.81569,0.81578,1.50,1.00
2016.11.18 12:37:48.414,0.81569,0.81578,1.12,1.00
2016.11.18 12:37:48.923,0.81569,0.81577,1.00,1.50
2016.11.18 12:37:53.167,0.81569,0.81578,1.00,1.50
2016.11.18 12:37:53.741,0.81569,0.81577,1.12,1.00
2016.11.18 12:37:54.345,0.81567,0.81576,2.25,1.50
2016.11.18 12:37:54.497,0.81567,0.81576,1.12,1.50
2016.11.18 12:37:57.100,0.81567,0.81574,1.00,1.00
2016.11.18 12:37:57.623,0.81566,0.81575,1.50,1.00
2016.11.18 12:37:58.297,0.81568,0.81575,1.00,1.50
2016.11.18 12:38:00.983,0.81566,0.81575,1.50,1.50
2016.11.18 12:38:02.625,0.81566,0.81576,1.50,1.50
2016.11.18 12:38:03.869,0.81566,0.81574,1.50,1.00
2016.11.18 12:38:04.173,0.81563,0.81572,1.75,1.00
2016.11.18 12:38:04.325,0.81563,0.81572,1.12,1.50
2016.11.18 12:38:04.967,0.81563,0.81571,1.12,1.00
2016.11.18 12:38:05.589,0.81562,0.81571,1.12,1.00
2016.11.18 12:38:05.791,0.8156,0.81567,3.37,1.00
2016.11.18 12:38:05.842,0.8156,0.81567,1.00,1.00
2016.11.18 12:38:05.944,0.81557,0.81565,2.25,1.00
2016.11.18 12:38:06.434,0.81555,0.81564,1.87,1.00
2016.11.18 12:38:07.045,0.81555,0.81563,1.00,1.00
2016.11.18 12:38:07.624,0.81554,0.81562,1.00,1.00
2016.11.18 12:38:08.253,0.81554,0.81563,1.00,1.00
2016.11.18 12:38:09.663,0.81555,0.81562,1.00,1.00
2016.11.18 12:38:10.900,0.81553,0.81562,1.12,1.50
2016.11.18 12:38:11.889,0.81552,0.81562,1.87,2.25
2016.11.18 12:38:12.410,0.81553,0.81562,1.00,2.25
2016.11.18 12:38:13.048,0.81554,0.81563,1.12,1.50
2016.11.18 12:38:13.586,0.81553,0.81562,1.12,1.00
2016.11.18 12:38:13.687,0.81552,0.81559,1.50,1.00
2016.11.18 12:38:13.890,0.81548,0.81555,1.50,1.00
2016.11.18 12:38:13.992,0.81546,0.81553,2.17,1.00
2016.11.18 12:38:14.295,0.81543,0.8155,2.17,1.00
2016.11.18 12:38:14.612,0.81547,0.81551,1.00,1.00
2016.11.18 12:38:14.884,0.81547,0.81552,1.00,2.25
2016.11.18 12:38:15.086,0.81547,0.81555,1.00,1.50
2016.11.18 12:38:15.239,0.81549,0.81555,1.00,1.12
2016.11.18 12:38:15.393,0.81548,0.81557,1.00,1.50
2016.11.18 12:38:15.443,0.81551,0.81557,1.00,1.87
2016.11.18 12:38:15.696,0.81551,0.81559,1.00,1.87
2016.11.18 12:38:15.848,0.81554,0.8156,1.00,1.00
2016.11.18 12:38:15.950,0.81554,0.81562,1.00,1.00
2016.11.18 12:38:16.331,0.81555,0.81564,1.00,1.50
2016.11.18 12:38:16.483,0.81557,0.81565,1.00,1.00
2016.11.18 12:38:16.787,0.81559,0.81566,1.00,1.00
2016.11.18 12:38:17.268,0.81559,0.81568,1.50,1.00
2016.11.18 12:38:17.319,0.81561,0.8157,1.00,1.87
2016.11.18 12:38:17.654,0.81563,0.81571,1.00,1.00
2016.11.18 12:38:18.162,0.81564,0.81572,1.00,1.50
2016.11.18 12:38:19.167,0.81565,0.81572,1.00,1.50
2016.11.18 12:38:19.270,0.81565,0.81574,1.00,1.50
2016.11.18 12:38:19.320,0.81563,0.81571,1.12,1.00
2016.11.18 12:38:19.637,0.81561,0.81568,1.00,1.00
2016.11.18 12:38:20.141,0.8156,0.81569,1.79,1.00
2016.11.18 12:38:20.654,0.81559,0.81568,1.79,1.00
2016.11.18 12:38:21.160,0.81557,0.81567,1.79,1.50
2016.11.18 12:38:21.615,0.81559,0.81567,1.04,1.00
2016.11.18 12:38:22.953,0.81559,0.81566,1.79,1.00
2016.11.18 12:38:23.561,0.81557,0.81566,1.04,1.00
2016.11.18 12:38:24.100,0.81557,0.81566,2.54,1.00
2016.11.18 12:38:24.201,0.81557,0.81563,1.79,1.00
2016.11.18 12:38:24.454,0.81556,0.81565,1.42,1.00
2016.11.18 12:38:24.982,0.81556,0.81564,1.42,1.50
2016.11.18 12:38:25.414,0.81555,0.81562,1.42,1.00
2016.11.18 12:38:25.919,0.81553,0.81561,1.42,1.00
2016.11.18 12:38:26.508,0.81553,0.8156,1.42,1.00
2016.11.18 12:38:27.019,0.81552,0.81561,1.42,1.50
2016.11.18 12:38:27.222,0.81554,0.81563,1.42,2.25
2016.11.18 12:38:27.842,0.81554,0.81563,1.42,1.50
2016.11.18 12:38:28.704,0.81554,0.81564,1.42,1.50
2016.11.18 12:38:28.755,0.81556,0.81564,1.42,1.50
2016.11.18 12:38:28.957,0.81554,0.81564,2.62,1.00
2016.11.18 12:38:29.311,0.81553,0.81562,2.83,1.00
2016.11.18 12:38:29.912,0.81554,0.81562,1.50,1.00
2016.11.18 12:38:30.937,0.81554,0.81563,2.46,1.00
2016.11.18 12:38:34.164,0.81554,0.81562,1.33,1.00
2016.11.18 12:38:34.418,0.8155,0.81559,2.08,1.00
2016.11.18 12:38:34.923,0.81551,0.81559,1.00,1.12
2016.11.18 12:38:35.025,0.81553,0.81561,1.50,1.00
2016.11.18 12:38:35.541,0.81554,0.81562,1.00,1.00
2016.11.18 12:38:36.074,0.81554,0.81561,1.00,1.00
2016.11.18 12:38:37.575,0.81554,0.81562,1.71,1.00
2016.11.18 12:38:38.332,0.81552,0.81561,2.37,1.00
2016.11.18 12:38:38.433,0.81554,0.81561,1.00,1.00
2016.11.18 12:38:39.297,0.81554,0.81562,1.25,1.00
2016.11.18 12:38:41.064,0.81553,0.81562,2.00,1.00
2016.11.18 12:38:42.103,0.81552,0.81561,2.00,1.50
2016.11.18 12:38:42.608,0.81552,0.81561,1.87,1.50
2016.11.18 12:38:43.276,0.81552,0.81559,1.87,1.00
2016.11.18 12:38:44.229,0.8155,0.8156,1.87,1.00
2016.11.18 12:38:45.109,0.81553,0.81562,1.50,1.00
2016.11.18 12:38:45.564,0.81552,0.8156,1.12,1.00
2016.11.18 12:38:45.981,0.81552,0.81562,1.87,1.50
2016.11.18 12:38:49.821,0.81552,0.81562,2.25,1.00
2016.11.18 12:38:50.340,0.81553,0.81562,1.37,1.00
2016.11.18 12:38:50.925,0.81553,0.81561,1.00,1.00
2016.11.18 12:38:51.436,0.81552,0.81562,3.00,1.00
2016.11.18 12:38:52.186,0.81554,0.81561,1.00,1.00
2016.11.18 12:38:52.658,0.81553,0.81563,3.00,1.12
2016.11.18 12:38:53.179,0.81552,0.81559,2.25,1.00
2016.11.18 12:38:53.685,0.81551,0.81558,1.00,1.00
2016.11.18 12:38:56.163,0.8155,0.8156,1.50,1.50
2016.11.18 12:38:57.757,0.8155,0.81558,1.50,1.00
2016.11.18 12:38:58.058,0.81548,0.81556,1.37,1.00
2016.11.18 12:38:58.209,0.81547,0.81556,1.00,1.50
2016.11.18 12:38:58.715,0.81547,0.81555,1.00,1.00
2016.11.18 12:38:58.907,0.81552,0.81557,1.00,1.00
2016.11.18 12:38:59.012,0.81552,0.81559,1.00,1.00
2016.11.18 12:39:00.869,0.81551,0.81559,1.00,1.50
2016.11.18 12:39:01.651,0.81549,0.81559,1.87,1.50
2016.11.18 12:39:02.194,0.81549,0.81559,1.00,1.50
2016.11.18 12:39:02.706,0.8155,0.81559,1.00,1.50
2016.11.18 12:39:03.285,0.8155,0.81558,1.00,1.00
2016.11.18 12:39:03.799,0.8155,0.81559,1.00,1.50
2016.11.18 12:39:04.166,0.81549,0.81557,1.50,1.00
2016.11.18 12:39:04.671,0.81548,0.81556,1.00,1.50
2016.11.18 12:39:05.173,0.81548,0.81557,1.00,1.87
2016.11.18 12:39:05.478,0.81553,0.81561,1.00,2.25
2016.11.18 12:39:05.529,0.81553,0.81561,1.50,1.12
2016.11.18 12:39:05.731,0.81554,0.81564,1.00,2.25
2016.11.18 12:39:06.267,0.81554,0.81563,1.00,1.50
2016.11.18 12:39:06.822,0.81553,0.81563,1.50,2.25
2016.11.18 12:39:07.368,0.81554,0.81562,1.00,1.00
2016.11.18 12:39:07.621,0.81551,0.81562,1.00,1.87
2016.11.18 12:39:08.232,0.8155,0.81561,1.50,1.00
2016.11.18 12:39:08.283,0.81553,0.81561,1.00,1.00
2016.11.18 12:39:08.601,0.81551,0.81562,1.87,1.12
2016.11.18 12:39:08.653,0.81551,0.8156,1.87,1.00
2016.11.18 12:39:09.492,0.81551,0.81562,1.50,2.62
2016.11.18 12:39:10.031,0.81553,0.81562,1.00,1.50
2016.11.18 12:39:10.234,0.81554,0.81564,1.00,1.87
2016.11.18 12:39:10.537,0.81552,0.81561,1.37,1.00
2016.11.18 12:39:10.638,0.81551,0.81561,1.87,1.00
2016.11.18 12:39:12.058,0.81552,0.81561,1.00,1.12
2016.11.18 12:39:12.569,0.81552,0.81561,1.00,1.50
2016.11.18 12:39:12.841,0.8155,0.8156,2.25,1.12
2016.11.18 12:39:12.892,0.8155,0.81558,1.00,1.00
2016.11.18 12:39:13.195,0.81547,0.81557,1.50,1.00
2016.11.18 12:39:13.682,0.81545,0.81556,1.50,1.87
2016.11.18 12:39:13.732,0.81546,0.81554,1.00,1.00
2016.11.18 12:39:14.153,0.81545,0.81556,1.50,1.87
2016.11.18 12:39:14.702,0.81546,0.81556,1.50,1.00
2016.11.18 12:39:18.774,0.81548,0.81557,1.00,1.50
2016.11.18 12:39:19.233,0.81546,0.81556,2.25,1.00
2016.11.18 12:39:19.768,0.81546,0.81555,1.50,1.00
2016.11.18 12:39:20.294,0.81545,0.81551,1.00,1.00
2016.11.18 12:39:20.546,0.81543,0.8155,1.50,1.00
2016.11.18 12:39:21.310,0.81542,0.8155,1.00,1.00
2016.11.18 12:39:21.815,0.81542,0.81551,1.00,1.00
2016.11.18 12:39:22.575,0.81542,0.81549,1.50,1.00
2016.11.18 12:39:23.478,0.81542,0.81552,2.25,1.00
2016.11.18 12:39:23.731,0.81544,0.81553,1.00,1.00
2016.11.18 12:39:24.239,0.81545,0.81554,1.00,1.00
2016.11.18 12:39:24.896,0.81545,0.81553,1.00,1.00
2016.11.18 12:39:26.999,0.81545,0.81555,1.50,1.37
2016.11.18 12:39:27.576,0.81546,0.81555,2.25,1.00
2016.11.18 12:39:28.387,0.81548,0.81557,1.00,1.37
2016.11.18 12:39:28.488,0.81549,0.81558,1.50,1.12
2016.11.18 12:39:29.499,0.81549,0.81556,1.00,1.00
2016.11.18 12:39:30.502,0.81549,0.81558,1.00,1.00
2016.11.18 12:39:31.080,0.81549,0.81557,1.00,1.00
2016.11.18 12:39:31.708,0.81549,0.81558,1.00,1.00
2016.11.18 12:39:34.973,0.81549,0.81557,1.00,1.00
2016.11.18 12:39:35.198,0.81547,0.81556,3.00,1.00
2016.11.18 12:39:35.781,0.81547,0.81555,1.00,1.00
2016.11.18 12:39:37.958,0.81546,0.81554,1.00,1.00
2016.11.18 12:39:38.565,0.81547,0.81554,1.00,1.00
2016.11.18 12:39:39.007,0.81547,0.81556,1.50,1.00
2016.11.18 12:39:39.220,0.81549,0.81558,1.50,1.12
2016.11.18 12:39:39.741,0.8155,0.81558,1.00,1.00
2016.11.18 12:39:40.260,0.81548,0.81556,1.12,1.00
2016.11.18 12:39:41.401,0.81548,0.81557,1.00,4.12
2016.11.18 12:39:41.503,0.81547,0.81557,2.25,1.00
2016.11.18 12:39:41.604,0.81548,0.81555,1.00,1.00
2016.11.18 12:39:41.907,0.81544,0.81551,1.00,1.00
2016.11.18 12:39:42.409,0.81543,0.81551,1.50,1.00
2016.11.18 12:39:42.914,0.81542,0.81551,3.00,1.00
2016.11.18 12:39:43.481,0.81543,0.81552,1.00,1.00
2016.11.18 12:39:44.345,0.81543,0.81551,1.00,1.00
2016.11.18 12:39:44.649,0.81538,0.81545,1.00,1.50
2016.11.18 12:39:44.699,0.81535,0.81544,1.50,1.00
2016.11.18 12:39:45.431,0.81535,0.81543,1.00,1.00
2016.11.18 12:39:45.633,0.81533,0.81542,2.25,1.00
2016.11.18 12:39:45.684,0.81535,0.81542,1.00,1.00
2016.11.18 12:39:47.266,0.81533,0.8154,1.00,1.00
2016.11.18 12:39:47.368,0.81531,0.8154,1.12,1.00
2016.11.18 12:39:47.881,0.81533,0.8154,1.00,1.87
2016.11.18 12:39:48.383,0.81533,0.8154,1.00,1.00
2016.11.18 12:39:49.451,0.81533,0.81542,1.00,1.37
2016.11.18 12:39:49.995,0.81534,0.81541,1.50,1.00
2016.11.18 12:39:50.299,0.81531,0.81538,1.50,1.00
2016.11.18 12:39:50.501,0.81525,0.81533,1.37,1.50
2016.11.18 12:39:50.552,0.81523,0.81533,2.25,1.50
2016.11.18 12:39:51.077,0.81523,0.81533,2.25,1.87
2016.11.18 12:39:51.380,0.81525,0.81533,1.00,1.00
2016.11.18 12:39:52.197,0.81524,0.81532,1.00,1.00
2016.11.18 12:39:52.722,0.81523,0.81532,1.00,1.00
2016.11.18 12:39:53.223,0.81522,0.81532,2.25,1.00
2016.11.18 12:39:53.728,0.81521,0.81531,1.87,1.00
2016.11.18 12:39:54.262,0.81522,0.81532,1.00,1.50
2016.11.18 12:39:55.491,0.81523,0.8153,1.00,1.00
2016.11.18 12:39:56.031,0.81524,0.8153,1.00,1.00
2016.11.18 12:39:56.567,0.81523,0.81531,1.00,1.00
2016.11.18 12:39:58.487,0.81524,0.81533,1.50,1.00
2016.11.18 12:39:58.588,0.81525,0.81535,1.50,1.87
2016.11.18 12:39:59.526,0.81526,0.81535,1.00,1.00
2016.11.18 12:40:00.905,0.81526,0.81536,1.50,1.12
2016.11.18 12:40:01.107,0.81528,0.81535,1.00,1.00
2016.11.18 12:40:01.724,0.81527,0.81532,1.00,1.00
2016.11.18 12:40:01.930,0.81523,0.8153,1.12,1.50
2016.11.18 12:40:02.031,0.81525,0.81532,1.00,1.12
2016.11.18 12:40:02.221,0.81527,0.81536,1.50,1.50
2016.11.18 12:40:02.322,0.81527,0.81537,2.25,1.00
2016.11.18 12:40:02.676,0.81529,0.81537,1.00,1.00
2016.11.18 12:40:03.211,0.81529,0.81538,1.00,1.87
2016.11.18 12:40:03.674,0.81531,0.81541,1.00,4.87
2016.11.18 12:40:03.856,0.81532,0.81541,1.00,1.12
2016.11.18 12:40:04.361,0.81531,0.81541,1.50,1.00
2016.11.18 12:40:05.112,0.81531,0.81542,1.50,3.00
2016.11.18 12:40:05.615,0.81532,0.81542,1.00,2.25
2016.11.18 12:40:05.952,0.81532,0.8154,2.25,1.00
2016.11.18 12:40:07.744,0.81531,0.8154,1.00,1.00
2016.11.18 12:40:08.036,0.81533,0.81543,1.00,2.25
2016.11.18 12:40:08.138,0.81535,0.81543,1.00,1.50
2016.11.18 12:40:08.290,0.81536,0.81545,2.25,1.12
2016.11.18 12:40:08.593,0.81538,0.81546,1.00,1.87
2016.11.18 12:40:10.441,0.81538,0.81547,2.25,1.50
2016.11.18 12:40:11.567,0.81539,0.81548,1.00,1.50
2016.11.18 12:40:13.472,0.81539,0.81549,1.50,1.12
2016.11.18 12:40:13.775,0.81541,0.8155,1.12,1.87
2016.11.18 12:40:14.293,0.81542,0.81551,1.00,1.37
2016.11.18 12:40:14.960,0.81542,0.8155,1.00,1.50
2016.11.18 12:40:15.611,0.81542,0.8155,1.00,1.37
2016.11.18 12:40:15.763,0.81543,0.81551,2.25,1.12
2016.11.18 12:40:15.814,0.81546,0.81551,1.00,1.00
2016.11.18 12:40:16.065,0.81546,0.81555,1.00,1.50
2016.11.18 12:40:17.561,0.81546,0.81554,1.00,1.00
2016.11.18 12:40:18.152,0.81551,0.81556,1.00,1.50
2016.11.18 12:40:18.203,0.81547,0.81556,1.00,1.50
2016.11.18 12:40:18.355,0.81546,0.81553,1.00,1.00
2016.11.18 12:40:19.263,0.81546,0.81555,1.00,1.00
2016.11.18 12:40:20.684,0.81546,0.81554,1.00,1.00
2016.11.18 12:40:22.348,0.81547,0.81554,1.00,1.00
2016.11.18 12:40:22.407,0.81549,0.81556,1.00,1.50
2016.11.18 12:40:22.559,0.81546,0.81555,1.00,1.00
2016.11.18 12:40:23.102,0.81547,0.81555,1.00,1.50
2016.11.18 12:40:23.439,0.81545,0.81554,1.50,1.00
2016.11.18 12:40:23.958,0.81546,0.81554,1.00,1.00
2016.11.18 12:40:25.514,0.81545,0.81554,1.50,1.00
2016.11.18 12:40:27.309,0.81545,0.81551,1.00,1.00
2016.11.18 12:40:27.512,0.81541,0.8155,1.50,1.00
2016.11.18 12:40:28.353,0.81541,0.81549,1.00,1.00
2016.11.18 12:40:28.936,0.8154,0.81549,1.50,1.12
2016.11.18 12:40:30.188,0.8154,0.8155,1.87,2.25
2016.11.18 12:40:30.661,0.81543,0.8155,1.00,1.00
2016.11.18 12:40:30.814,0.81543,0.81553,1.50,3.75
2016.11.18 12:40:31.319,0.81545,0.81553,1.00,1.50
2016.11.18 12:40:31.867,0.81545,0.81552,1.00,1.00
2016.11.18 12:40:32.606,0.81545,0.81554,1.50,1.50
2016.11.18 12:40:32.657,0.81547,0.81554,1.00,1.12
2016.11.18 12:40:32.910,0.81547,0.81556,1.00,1.00
2016.11.18 12:40:33.775,0.81549,0.81557,1.00,1.00
2016.11.18 12:40:34.215,0.81552,0.81561,1.00,2.54
2016.11.18 12:40:34.265,0.81555,0.81561,1.00,1.12
2016.11.18 12:40:34.316,0.81556,0.81564,1.00,1.37
2016.11.18 12:40:34.832,0.81556,0.81564,1.87,1.00
2016.11.18 12:40:36.418,0.81556,0.81565,1.87,1.00
2016.11.18 12:40:38.040,0.81557,0.81565,1.00,1.00
2016.11.18 12:40:38.823,0.81557,0.81564,1.50,1.00
2016.11.18 12:40:39.727,0.81562,0.81568,1.00,1.00
2016.11.18 12:40:40.233,0.81558,0.81567,2.25,1.00
2016.11.18 12:40:40.435,0.81558,0.81565,1.00,1.00
2016.11.18 12:40:40.964,0.81558,0.81566,1.00,1.00
2016.11.18 12:40:42.090,0.81557,0.81566,1.50,1.00
2016.11.18 12:40:42.600,0.81558,0.81566,1.00,1.00
2016.11.18 12:40:42.903,0.81556,0.81564,1.50,1.00
2016.11.18 12:40:43.389,0.81558,0.81565,1.00,1.00
2016.11.18 12:40:43.643,0.81558,0.81567,1.00,1.00
2016.11.18 12:40:43.745,0.81561,0.81568,1.50,1.50
2016.11.18 12:40:44.726,0.8156,0.81569,1.12,1.00
2016.11.18 12:40:45.236,0.81561,0.81568,1.00,1.50
2016.11.18 12:40:46.482,0.8156,0.81568,1.12,1.00
2016.11.18 12:40:46.785,0.81552,0.81558,2.25,1.00
2016.11.18 12:40:46.887,0.8155,0.81559,3.00,1.00
2016.11.18 12:40:46.988,0.8155,0.81557,1.00,1.00
2016.11.18 12:40:47.089,0.81548,0.81557,1.12,1.00
2016.11.18 12:40:47.618,0.81547,0.81557,1.00,1.00
2016.11.18 12:40:47.921,0.81549,0.81558,1.50,1.12
2016.11.18 12:40:48.225,0.81552,0.8156,1.00,1.87
2016.11.18 12:40:48.629,0.81551,0.81558,1.50,1.00
2016.11.18 12:40:49.161,0.81551,0.81556,1.00,1.00
2016.11.18 12:40:49.211,0.81548,0.81555,1.12,1.00
2016.11.18 12:40:49.363,0.81545,0.81555,1.87,1.50
2016.11.18 12:40:49.819,0.81547,0.81554,1.00,1.00
2016.11.18 12:40:50.122,0.81544,0.81549,2.25,1.50
2016.11.18 12:40:50.174,0.81543,0.81548,1.00,1.00
2016.11.18 12:40:50.327,0.81539,0.81543,2.25,1.00
2016.11.18 12:40:50.378,0.81537,0.81544,1.00,1.50
2016.11.18 12:40:50.561,0.81535,0.81544,1.00,1.50
2016.11.18 12:40:51.089,0.81534,0.81544,1.00,2.25
2016.11.18 12:40:51.250,0.81532,0.81542,2.25,2.25
2016.11.18 12:40:51.402,0.81529,0.81538,4.50,1.00
2016.11.18 12:40:51.604,0.81529,0.81537,1.00,1.50
2016.11.18 12:40:51.705,0.81527,0.81537,1.12,1.50
2016.11.18 12:40:51.756,0.81525,0.81532,3.75,1.50
2016.11.18 12:40:51.927,0.81524,0.81533,1.00,1.37
2016.11.18 12:40:52.078,0.81522,0.81533,1.87,1.87
2016.11.18 12:40:52.129,0.81524,0.81533,1.00,1.12
2016.11.18 12:40:52.331,0.81526,0.81536,1.00,1.50
2016.11.18 12:40:52.601,0.81528,0.81537,1.00,1.00
2016.11.18 12:40:53.106,0.81532,0.81538,1.00,1.37
2016.11.18 12:40:53.207,0.81532,0.81542,1.50,4.87
2016.11.18 12:40:53.308,0.81535,0.81543,1.00,4.12
2016.11.18 12:40:53.359,0.81535,0.81543,1.00,1.87
2016.11.18 12:40:53.621,0.81533,0.81543,1.00,1.12
2016.11.18 12:40:53.763,0.81531,0.8154,1.50,1.00
2016.11.18 12:40:53.814,0.8153,0.8154,1.50,1.00
2016.11.18 12:40:54.319,0.81532,0.81539,1.00,1.00
2016.11.18 12:40:54.470,0.8153,0.81539,1.00,1.00
2016.11.18 12:40:54.521,0.81532,0.81539,1.00,1.00
2016.11.18 12:40:55.047,0.81532,0.8154,1.00,1.00
2016.11.18 12:40:55.553,0.81532,0.81542,1.00,1.50
2016.11.18 12:40:55.604,0.81534,0.81542,1.00,1.50
2016.11.18 12:40:56.146,0.81533,0.81542,1.00,1.50
2016.11.18 12:40:56.668,0.81533,0.81541,1.00,1.00
2016.11.18 12:40:56.972,0.81535,0.81543,1.00,1.00
2016.11.18 12:40:57.279,0.81538,0.81545,1.00,1.87
2016.11.18 12:40:57.380,0.81534,0.81544,1.87,1.00
2016.11.18 12:40:57.431,0.81534,0.81541,1.12,1.12
2016.11.18 12:40:57.583,0.8153,0.81539,1.50,1.00
2016.11.18 12:40:57.735,0.8153,0.81537,1.00,1.00
2016.11.18 12:40:57.887,0.81529,0.81539,1.00,2.85
2016.11.18 12:40:58.195,0.81527,0.81538,1.87,1.00
2016.11.18 12:40:58.397,0.81527,0.81535,1.00,1.00
2016.11.18 12:40:58.550,0.81523,0.81533,1.50,1.00
2016.11.18 12:40:58.601,0.81523,0.81531,1.37,1.00
2016.11.18 12:40:58.789,0.81521,0.81531,1.00,1.00
2016.11.18 12:40:59.145,0.81522,0.81533,1.00,3.00
2016.11.18 12:40:59.783,0.81523,0.81532,1.00,1.00
2016.11.18 12:41:00.353,0.81522,0.81532,1.00,1.00
2016.11.18 12:41:01.161,0.81521,0.81532,1.00,2.62
2016.11.18 12:41:01.822,0.81521,0.81532,1.87,2.62
2016.11.18 12:41:01.990,0.8152,0.8153,3.00,1.00
2016.11.18 12:41:02.040,0.8152,0.8153,2.62,1.00
2016.11.18 12:41:02.192,0.81519,0.81527,1.50,1.00
2016.11.18 12:41:02.344,0.81516,0.81527,1.50,2.62
2016.11.18 12:41:02.395,0.81516,0.81525,1.12,1.00
2016.11.18 12:41:03.149,0.81516,0.81526,1.00,1.00
2016.11.18 12:41:04.138,0.81514,0.81524,1.50,1.50
2016.11.18 12:41:04.643,0.81514,0.81525,1.00,3.00
2016.11.18 12:41:04.963,0.81514,0.81523,1.00,1.00
2016.11.18 12:41:05.524,0.81514,0.81524,1.00,1.00
2016.11.18 12:41:06.174,0.81514,0.81522,1.00,1.00
2016.11.18 12:41:06.687,0.81514,0.81523,1.50,1.00
2016.11.18 12:41:07.455,0.81515,0.81526,1.00,2.25
2016.11.18 12:41:07.708,0.81516,0.81527,1.00,2.25
2016.11.18 12:41:08.216,0.81517,0.81527,1.12,1.00
2016.11.18 12:41:08.938,0.81517,0.81528,1.12,2.62
2016.11.18 12:41:09.463,0.81518,0.81529,1.00,1.50
2016.11.18 12:41:09.819,0.8152,0.81529,1.00,1.50
2016.11.18 12:41:10.354,0.8152,0.81528,1.00,1.00
2016.11.18 12:41:10.405,0.81518,0.81528,1.87,1.00
2016.11.18 12:41:10.608,0.81515,0.81525,2.25,1.00
2016.11.18 12:41:10.911,0.81513,0.81521,1.00,1.00
2016.11.18 12:41:11.063,0.81513,0.81524,1.00,1.87
2016.11.18 12:41:11.598,0.81514,0.81524,1.00,1.12
2016.11.18 12:41:12.053,0.81516,0.81526,1.00,1.75
2016.11.18 12:41:12.155,0.81513,0.81523,1.37,1.50
2016.11.18 12:41:12.206,0.81513,0.8152,1.50,1.00
2016.11.18 12:41:12.308,0.81511,0.81518,1.00,1.00
2016.11.18 12:41:12.410,0.81509,0.81518,1.87,1.00
2016.11.18 12:41:12.958,0.81511,0.81521,1.50,1.50
2016.11.18 12:41:13.262,0.81514,0.81524,1.00,1.00
2016.11.18 12:41:13.775,0.81514,0.81525,1.50,1.50
2016.11.18 12:41:14.421,0.81516,0.81527,1.00,3.37
2016.11.18 12:41:14.768,0.81518,0.81527,1.00,1.50
2016.11.18 12:41:15.084,0.81516,0.81527,1.00,1.50
2016.11.18 12:41:15.134,0.81516,0.81525,1.00,1.00
2016.11.18 12:41:16.553,0.81515,0.81525,1.00,1.00
2016.11.18 12:41:16.908,0.81517,0.81525,1.00,1.00
2016.11.18 12:41:17.590,0.81517,0.81526,1.00,1.00
2016.11.18 12:41:18.137,0.81517,0.81525,1.50,1.00
2016.11.18 12:41:18.654,0.81516,0.81525,1.00,1.00
2016.11.18 12:41:20.616,0.81516,0.81524,1.00,1.00
2016.11.18 12:41:21.137,0.81516,0.81526,1.00,1.00
2016.11.18 12:41:21.238,0.81518,0.81527,1.00,1.12
2016.11.18 12:41:22.955,0.81518,0.81526,1.00,1.00
2016.11.18 12:41:23.571,0.81518,0.81527,1.00,1.00
2016.11.18 12:41:24.326,0.81518,0.81526,1.00,1.00
2016.11.18 12:41:25.277,0.8152,0.81526,1.00,1.00
2016.11.18 12:41:25.328,0.81518,0.81526,1.00,1.00
2016.11.18 12:41:28.837,0.81517,0.81526,1.00,1.00
2016.11.18 12:41:29.705,0.81518,0.81527,1.00,1.12
2016.11.18 12:41:30.429,0.81518,0.81526,1.00,1.00
2016.11.18 12:41:31.020,0.81517,0.81526,1.50,1.00
2016.11.18 12:41:33.759,0.81515,0.81524,1.00,1.00
2016.11.18 12:41:34.062,0.81518,0.81526,1.00,1.50
2016.11.18 12:41:40.263,0.81517,0.81526,1.00,1.00
2016.11.18 12:41:42.221,0.81518,0.81526,1.00,1.50
2016.11.18 12:41:43.610,0.8152,0.81527,1.00,1.00
2016.11.18 12:41:43.711,0.8152,0.81529,1.50,1.50
2016.11.18 12:41:43.812,0.81521,0.81531,1.00,2.25
2016.11.18 12:41:44.692,0.81522,0.81531,1.00,1.50
2016.11.18 12:41:45.940,0.81521,0.8153,1.87,1.00
2016.11.18 12:41:46.042,0.8152,0.81528,1.50,1.00
2016.11.18 12:41:46.381,0.81528,0.81532,1.00,4.12
2016.11.18 12:41:46.533,0.8153,0.81538,1.00,1.00
2016.11.18 12:41:46.634,0.81533,0.81541,1.00,1.12
2016.11.18 12:41:46.736,0.81533,0.81543,1.00,1.50
2016.11.18 12:41:46.938,0.81536,0.81544,1.00,1.00
2016.11.18 12:41:47.039,0.81537,0.81548,1.00,3.75
2016.11.18 12:41:47.140,0.81538,0.81548,1.00,1.00
2016.11.18 12:41:47.530,0.8154,0.81549,1.00,1.00
2016.11.18 12:41:48.034,0.81539,0.81548,1.00,1.00
2016.11.18 12:41:48.337,0.81541,0.8155,1.00,1.00
2016.11.18 12:41:48.540,0.81542,0.81552,1.00,1.00
2016.11.18 12:41:48.742,0.81544,0.81551,1.00,1.00
2016.11.18 12:41:49.332,0.81543,0.81551,1.00,1.00
2016.11.18 12:41:50.171,0.81541,0.8155,1.87,1.00
2016.11.18 12:41:50.272,0.81541,0.81548,1.00,1.50
2016.11.18 12:41:50.525,0.81535,0.81546,3.00,1.50
2016.11.18 12:41:51.518,0.81545,0.81553,1.00,1.00
2016.11.18 12:41:51.923,0.81543,0.81551,3.75,1.00
2016.11.18 12:41:51.974,0.81543,0.81552,1.12,1.00
2016.11.18 12:41:52.024,0.81543,0.8155,1.12,1.00
2016.11.18 12:41:52.750,0.81543,0.81551,1.00,1.00
2016.11.18 12:41:53.254,0.81543,0.81552,1.00,1.00
2016.11.18 12:41:53.626,0.81546,0.81554,1.00,1.00
2016.11.18 12:41:54.160,0.81547,0.81555,1.00,1.00
2016.11.18 12:41:54.664,0.81545,0.81554,1.37,1.00
2016.11.18 12:41:54.766,0.81544,0.81554,1.12,1.00
2016.11.18 12:41:55.416,0.81544,0.81553,1.12,1.00
2016.11.18 12:41:55.517,0.81546,0.81553,1.00,1.00
2016.11.18 12:41:55.727,0.81543,0.81553,2.25,1.00
2016.11.18 12:41:55.929,0.81545,0.81555,1.00,1.12
2016.11.18 12:41:56.080,0.81543,0.81553,1.50,1.00
2016.11.18 12:41:57.360,0.81545,0.81556,1.00,2.25
2016.11.18 12:41:57.411,0.81543,0.81555,1.87,1.12
2016.11.18 12:41:57.666,0.81544,0.81554,2.25,1.00
2016.11.18 12:41:58.171,0.81544,0.81554,1.50,1.00
2016.11.18 12:41:58.515,0.81546,0.8155,1.00,1.00
2016.11.18 12:41:58.920,0.81546,0.8155,1.12,1.00
2016.11.18 12:41:59.273,0.81544,0.8155,4.72,1.00
2016.11.18 12:41:59.375,0.81544,0.81549,1.12,1.00
2016.11.18 12:42:00.225,0.81545,0.81549,1.00,1.00
2016.11.18 12:42:03.299,0.81544,0.81548,1.00,1.00
2016.11.18 12:42:03.889,0.81542,0.81547,1.50,1.00
2016.11.18 12:42:03.940,0.81541,0.81545,1.12,1.00
2016.11.18 12:42:04.294,0.81539,0.81544,2.54,1.00
2016.11.18 12:42:04.547,0.81542,0.81546,1.00,1.00
2016.11.18 12:42:04.749,0.81542,0.81547,1.00,1.00
2016.11.18 12:42:04.800,0.81544,0.81548,1.00,1.00
2016.11.18 12:42:06.393,0.81543,0.81548,1.00,1.00
2016.11.18 12:42:06.896,0.81544,0.81548,1.00,1.00
2016.11.18 12:42:08.070,0.81545,0.81549,1.00,1.00
2016.11.18 12:42:08.511,0.81543,0.81548,1.42,1.00
2016.11.18 12:42:09.027,0.81541,0.81548,2.17,1.00
2016.11.18 12:42:09.936,0.81541,0.81547,1.42,1.00
2016.11.18 12:42:10.041,0.81539,0.81545,4.12,1.00
2016.11.18 12:42:10.092,0.8154,0.81545,1.00,1.00
2016.11.18 12:42:10.143,0.81539,0.81544,1.50,1.00
2016.11.18 12:42:10.244,0.81538,0.81542,1.42,1.00
2016.11.18 12:42:10.652,0.81536,0.81544,1.29,1.00
2016.11.18 12:42:10.753,0.81539,0.81545,1.04,1.00
2016.11.18 12:42:11.056,0.8154,0.81546,1.79,1.00
2016.11.18 12:42:11.599,0.8154,0.81546,1.42,1.00
2016.11.18 12:42:12.111,0.8154,0.81545,1.42,1.00
2016.11.18 12:42:12.212,0.8154,0.81547,1.42,1.00
2016.11.18 12:42:12.675,0.81539,0.81545,2.62,1.00
2016.11.18 12:42:12.726,0.81539,0.81543,4.50,1.00
2016.11.18 12:42:12.855,0.81537,0.81541,1.00,1.00
2016.11.18 12:42:12.906,0.81536,0.81543,1.00,1.00
2016.11.18 12:42:13.160,0.81536,0.8154,1.12,1.00
2016.11.18 12:42:13.211,0.81534,0.81539,1.87,1.00
2016.11.18 12:42:13.665,0.81532,0.81538,1.50,1.00
2016.11.18 12:42:13.818,0.81529,0.81536,3.37,1.00
2016.11.18 12:42:14.197,0.81525,0.81532,1.12,1.00
2016.11.18 12:42:14.738,0.81525,0.81531,1.12,1.00
2016.11.18 12:42:15.290,0.81526,0.81531,1.00,1.00
2016.11.18 12:42:15.852,0.81526,0.81532,1.00,1.00
2016.11.18 12:42:16.256,0.81529,0.81534,1.00,1.00
2016.11.18 12:42:16.307,0.81529,0.81536,1.00,1.00
2016.11.18 12:42:16.358,0.81531,0.81536,1.00,1.00
2016.11.18 12:42:16.863,0.8153,0.81535,1.12,1.00
2016.11.18 12:42:17.991,0.8153,0.81536,1.12,1.00
2016.11.18 12:42:18.294,0.81528,0.81533,1.37,1.00
2016.11.18 12:42:18.698,0.81527,0.81533,1.00,1.00
2016.11.18 12:42:19.229,0.81525,0.81529,1.00,1.00
2016.11.18 12:42:19.280,0.81524,0.81531,5.25,1.00
2016.11.18 12:42:19.431,0.81524,0.81531,1.00,1.00
2016.11.18 12:42:19.835,0.81524,0.81529,1.00,1.00
2016.11.18 12:42:20.446,0.81523,0.81529,1.12,1.00
2016.11.18 12:42:22.135,0.81527,0.81532,1.00,1.00
2016.11.18 12:42:22.725,0.81527,0.81533,1.00,1.00
2016.11.18 12:42:24.406,0.81528,0.81533,1.00,1.00
2016.11.18 12:42:24.458,0.81529,0.81535,1.00,1.50
2016.11.18 12:42:24.559,0.81532,0.81537,1.00,1.00
2016.11.18 12:42:24.872,0.81536,0.8154,1.00,1.00
2016.11.18 12:42:25.603,0.81534,0.8154,1.12,1.00
2016.11.18 12:42:28.088,0.81532,0.81539,1.50,1.00
2016.11.18 12:42:28.543,0.81531,0.81538,1.12,1.00
2016.11.18 12:42:29.094,0.81532,0.81538,1.00,1.00
2016.11.18 12:42:30.223,0.81532,0.81536,1.00,1.00
2016.11.18 12:42:30.375,0.81528,0.81534,1.12,1.00
2016.11.18 12:42:30.426,0.81526,0.8153,2.62,1.00
2016.11.18 12:42:30.477,0.81525,0.81532,1.50,1.00
2016.11.18 12:42:30.528,0.81526,0.81535,1.00,1.79
2016.11.18 12:42:30.814,0.81525,0.81529,1.00,1.00
2016.11.18 12:42:30.865,0.81523,0.81529,1.00,1.00
2016.11.18 12:42:31.410,0.81522,0.81528,1.00,1.00
2016.11.18 12:42:31.511,0.81523,0.8153,1.00,1.00
2016.11.18 12:42:31.613,0.81524,0.81532,1.00,1.00
2016.11.18 12:42:31.663,0.81526,0.81532,1.00,1.00
2016.11.18 12:42:32.245,0.81526,0.81532,1.37,1.00
2016.11.18 12:42:32.754,0.81528,0.81532,1.00,1.00
2016.11.18 12:42:33.287,0.81528,0.81533,1.00,1.00
2016.11.18 12:42:33.623,0.81526,0.81534,1.00,1.50
2016.11.18 12:42:36.173,0.81525,0.81534,1.12,1.50
2016.11.18 12:42:36.719,0.81526,0.81534,1.00,1.50
2016.11.18 12:42:37.777,0.81525,0.81534,1.12,1.50
2016.11.18 12:42:37.828,0.81524,0.81531,1.87,1.00
2016.11.18 12:42:37.979,0.81522,0.8153,1.87,1.00
2016.11.18 12:42:38.030,0.81524,0.81531,1.00,1.50
2016.11.18 12:42:39.689,0.81524,0.81533,1.00,1.00
2016.11.18 12:42:39.858,0.81526,0.81533,1.00,1.00
2016.11.18 12:42:40.318,0.81528,0.81534,1.00,1.00
2016.11.18 12:42:40.419,0.81529,0.81537,1.00,1.87
2016.11.18 12:42:40.571,0.81529,0.81534,1.00,1.00
2016.11.18 12:42:40.622,0.81527,0.81534,1.87,1.00
2016.11.18 12:42:40.724,0.81526,0.81532,1.00,1.00
2016.11.18 12:42:44.899,0.81525,0.81532,1.00,1.00
2016.11.18 12:42:45.000,0.81525,0.81534,1.00,1.00
2016.11.18 12:42:45.521,0.81526,0.81535,1.00,1.50
2016.11.18 12:42:46.146,0.81526,0.81532,1.00,1.00
2016.11.18 12:42:47.135,0.81526,0.81533,1.00,1.00
2016.11.18 12:42:47.640,0.81527,0.81534,1.50,1.00
2016.11.18 12:42:48.166,0.81528,0.81534,1.00,1.00
2016.11.18 12:42:49.252,0.81529,0.81536,1.00,1.50
2016.11.18 12:42:49.788,0.8153,0.81538,1.50,1.00
2016.11.18 12:42:50.353,0.81531,0.81538,1.00,1.00
2016.11.18 12:42:50.657,0.81532,0.8154,1.00,1.50
2016.11.18 12:42:51.251,0.81532,0.81539,1.00,1.00
2016.11.18 12:42:53.295,0.81533,0.81539,1.00,1.00
2016.11.18 12:42:55.950,0.81532,0.81539,1.00,1.00
2016.11.18 12:42:56.417,0.81534,0.81539,1.00,1.00
2016.11.18 12:42:56.921,0.81533,0.81539,1.50,1.00
2016.11.18 12:42:57.516,0.81533,0.8154,1.12,1.00
2016.11.18 12:42:58.020,0.81534,0.8154,1.00,1.00
2016.11.18 12:42:58.709,0.81535,0.8154,1.00,1.00
2016.11.18 12:42:59.130,0.81533,0.81539,1.00,1.00
2016.11.18 12:43:00.184,0.81533,0.8154,1.12,1.00
2016.11.18 12:43:00.718,0.81534,0.81541,1.00,1.00
2016.11.18 12:43:01.432,0.81535,0.81542,1.00,1.00
2016.11.18 12:43:02.084,0.81536,0.81542,1.00,1.00
2016.11.18 12:43:02.615,0.81537,0.81543,1.00,1.00
2016.11.18 12:43:02.666,0.81534,0.8154,1.50,1.00
2016.11.18 12:43:03.183,0.81533,0.81539,1.00,1.00
2016.11.18 12:43:03.418,0.8153,0.81537,1.00,1.00
2016.11.18 12:43:03.519,0.8153,0.81534,1.00,1.00
2016.11.18 12:43:03.570,0.81528,0.81534,1.00,1.00
2016.11.18 12:43:03.772,0.81528,0.81536,1.00,1.00
2016.11.18 12:43:04.305,0.81528,0.81536,1.87,1.00
2016.11.18 12:43:04.796,0.81532,0.81537,1.00,1.00
2016.11.18 12:43:04.998,0.81535,0.81542,1.00,1.50
2016.11.18 12:43:05.150,0.81537,0.81542,1.00,1.00
2016.11.18 12:43:05.201,0.81537,0.81544,1.00,1.00
2016.11.18 12:43:05.453,0.81537,0.81546,1.00,1.00
2016.11.18 12:43:05.504,0.81539,0.81546,1.00,1.00
2016.11.18 12:43:05.908,0.8154,0.81548,1.50,1.50
2016.11.18 12:43:06.425,0.81541,0.81548,1.12,1.00
2016.11.18 12:43:09.364,0.8154,0.81548,1.12,1.00
2016.11.18 12:43:09.956,0.81542,0.81548,1.00,1.00
2016.11.18 12:43:10.188,0.81543,0.8155,1.00,1.00
2016.11.18 12:43:10.298,0.81545,0.81551,1.00,1.00
2016.11.18 12:43:10.350,0.81545,0.81553,1.00,1.00
2016.11.18 12:43:10.858,0.81546,0.81554,1.50,1.00
2016.11.18 12:43:12.932,0.81547,0.81554,1.00,1.00
2016.11.18 12:43:13.312,0.81547,0.81552,1.00,1.00
2016.11.18 12:43:13.887,0.81545,0.81552,1.50,1.00
2016.11.18 12:43:14.507,0.81545,0.81552,1.87,1.00
2016.11.18 12:43:16.127,0.81548,0.81554,1.00,1.00
2016.11.18 12:43:16.178,0.81548,0.81556,1.00,1.00
2016.11.18 12:43:16.229,0.8155,0.81556,1.00,1.00
2016.11.18 12:43:16.330,0.81551,0.81558,1.00,1.12
2016.11.18 12:43:16.483,0.81549,0.81557,1.12,1.00
2016.11.18 12:43:17.026,0.81549,0.81556,1.00,1.00
2016.11.18 12:43:17.635,0.8155,0.81557,1.00,1.00
2016.11.18 12:43:20.297,0.81548,0.81554,1.12,1.00
2016.11.18 12:43:20.818,0.81548,0.81553,1.00,1.00
2016.11.18 12:43:22.823,0.81547,0.81551,1.00,1.00
2016.11.18 12:43:23.025,0.81545,0.81551,1.00,1.00
2016.11.18 12:43:23.379,0.81542,0.8155,1.50,1.00
2016.11.18 12:43:23.631,0.81542,0.81547,1.50,1.00
2016.11.18 12:43:23.912,0.81538,0.81544,1.00,1.00
2016.11.18 12:43:24.370,0.81536,0.81544,1.50,1.00
2016.11.18 12:43:25.062,0.81536,0.81541,1.00,1.00
2016.11.18 12:43:25.612,0.81535,0.81542,1.00,1.00
2016.11.18 12:43:26.172,0.81535,0.81541,1.00,1.00
2016.11.18 12:43:26.721,0.81536,0.81541,1.00,1.00
2016.11.18 12:43:27.286,0.81535,0.81541,1.00,1.00
2016.11.18 12:43:28.127,0.81536,0.81541,1.00,1.00
2016.11.18 12:43:28.431,0.81528,0.81532,4.50,1.00
2016.11.18 12:43:28.532,0.81525,0.81531,2.62,1.00
2016.11.18 12:43:28.634,0.81523,0.81531,1.12,1.00
2016.11.18 12:43:28.879,0.81523,0.81529,1.12,1.00
2016.11.18 12:43:29.081,0.81521,0.81528,1.12,1.00
2016.11.18 12:43:29.594,0.8152,0.81529,1.00,1.00
2016.11.18 12:43:30.103,0.81519,0.81527,1.12,1.00
2016.11.18 12:43:30.759,0.8152,0.81526,1.00,1.00
2016.11.18 12:43:30.810,0.8152,0.81528,1.00,1.00
2016.11.18 12:43:30.911,0.81522,0.81529,1.00,1.00
2016.11.18 12:43:31.266,0.81523,0.81531,1.00,1.00
2016.11.18 12:43:31.468,0.81524,0.81533,1.00,1.00
2016.11.18 12:43:31.569,0.81527,0.81534,1.00,1.00
2016.11.18 12:43:31.814,0.81527,0.81536,1.00,1.00
2016.11.18 12:43:32.324,0.81527,0.81536,1.37,1.00
2016.11.18 12:43:32.592,0.81528,0.81538,1.12,1.50
2016.11.18 12:43:32.744,0.8153,0.81539,1.37,1.00
2016.11.18 12:43:33.249,0.81532,0.8154,1.12,1.00
2016.11.18 12:43:34.632,0.81531,0.8154,1.00,1.00
2016.11.18 12:43:34.986,0.81533,0.8154,1.00,1.00
2016.11.18 12:43:35.037,0.81531,0.81541,1.00,1.00
2016.11.18 12:43:35.139,0.81531,0.81543,3.37,1.12
2016.11.18 12:43:35.190,0.81533,0.81543,1.00,1.12
2016.11.18 12:43:35.494,0.81537,0.81548,2.25,1.37
2016.11.18 12:43:36.016,0.81537,0.81546,3.37,1.00
2016.11.18 12:43:36.300,0.81537,0.81545,2.62,1.00
2016.11.18 12:43:36.452,0.81536,0.81543,1.75,1.00
2016.11.18 12:43:36.503,0.81536,0.81543,1.00,1.00
2016.11.18 12:43:36.604,0.81533,0.81541,1.87,1.00
2016.11.18 12:43:36.857,0.81531,0.8154,2.62,1.00
2016.11.18 12:43:37.362,0.81531,0.81541,1.12,1.00
2016.11.18 12:43:37.887,0.81532,0.81541,1.00,1.00
2016.11.18 12:43:38.417,0.81533,0.81542,1.00,1.87
2016.11.18 12:43:39.377,0.81534,0.81543,1.00,1.87
2016.11.18 12:43:39.580,0.81531,0.8154,1.50,1.00
2016.11.18 12:43:39.630,0.81533,0.8154,1.00,1.00
2016.11.18 12:43:40.168,0.81532,0.81539,1.00,1.00
2016.11.18 12:43:40.569,0.8153,0.81539,1.00,1.00
2016.11.18 12:43:41.111,0.81529,0.81539,1.12,1.00
2016.11.18 12:43:41.439,0.8153,0.81539,2.62,1.00
2016.11.18 12:43:41.490,0.8153,0.81541,2.62,1.50
2016.11.18 12:43:42.057,0.81532,0.81541,1.00,1.50
2016.11.18 12:43:42.916,0.81531,0.81541,1.12,1.50
2016.11.18 12:43:43.449,0.81531,0.8154,1.12,1.00
2016.11.18 12:43:46.455,0.81531,0.81541,1.12,1.87
2016.11.18 12:43:47.163,0.81533,0.81543,1.00,2.25
2016.11.18 12:43:47.366,0.81534,0.81544,1.12,1.87
2016.11.18 12:43:47.901,0.81535,0.81545,1.00,1.50
2016.11.18 12:43:50.825,0.81535,0.81544,1.00,1.00
2016.11.18 12:43:54.826,0.81534,0.81543,1.00,1.50
2016.11.18 12:43:55.028,0.81532,0.81542,1.50,1.50
2016.11.18 12:43:55.511,0.81529,0.81539,1.50,1.50
2016.11.18 12:43:55.664,0.81528,0.81538,1.00,1.00
2016.11.18 12:43:56.170,0.81528,0.81537,1.00,1.00
2016.11.18 12:43:56.271,0.81528,0.81539,1.12,1.50
2016.11.18 12:43:56.813,0.81529,0.81539,1.00,1.50
2016.11.18 12:43:56.966,0.81529,0.81537,1.00,1.50
2016.11.18 12:43:57.067,0.81527,0.81536,1.12,1.00
2016.11.18 12:43:57.734,0.81526,0.81535,1.12,1.50
2016.11.18 12:43:58.254,0.81524,0.81534,1.12,1.12
2016.11.18 12:43:58.732,0.81527,0.81536,1.00,4.12
2016.11.18 12:43:58.833,0.81527,0.81536,1.00,1.87
2016.11.18 12:43:59.752,0.81528,0.81536,1.00,1.00
2016.11.18 12:43:59.803,0.81529,0.81538,1.00,1.50
2016.11.18 12:43:59.854,0.81531,0.81539,1.00,1.50
2016.11.18 12:44:00.359,0.81531,0.8154,1.12,1.50
2016.11.18 12:44:00.886,0.81533,0.8154,1.00,1.00
2016.11.18 12:44:01.088,0.81538,0.81547,1.00,1.50
2016.11.18 12:44:01.492,0.81536,0.81545,1.12,1.00
2016.11.18 12:44:01.795,0.81535,0.81543,1.00,1.00
2016.11.18 12:44:02.342,0.81534,0.81543,1.00,1.00
2016.11.18 12:44:02.900,0.81534,0.81544,1.12,1.00
2016.11.18 12:44:03.203,0.81536,0.81547,1.50,1.00
2016.11.18 12:44:03.254,0.81538,0.81547,1.00,1.00
2016.11.18 12:44:03.405,0.8154,0.81551,1.50,1.50
2016.11.18 12:44:03.608,0.81541,0.81552,1.37,1.00
2016.11.18 12:44:04.120,0.81541,0.8155,1.00,1.00
2016.11.18 12:44:04.425,0.81539,0.8155,1.12,1.00
2016.11.18 12:44:04.728,0.81541,0.81552,1.00,1.50
2016.11.18 12:44:05.032,0.81547,0.81557,2.25,1.00
2016.11.18 12:44:05.537,0.81547,0.81558,1.87,1.00
2016.11.18 12:44:05.733,0.81546,0.81557,3.00,1.00
2016.11.18 12:44:06.238,0.81546,0.81558,1.87,1.87
2016.11.18 12:44:06.390,0.81546,0.81556,1.00,1.00
2016.11.18 12:44:06.693,0.81542,0.81552,1.00,1.00
2016.11.18 12:44:07.264,0.81541,0.81551,2.25,1.00
2016.11.18 12:44:08.265,0.81541,0.8155,1.00,1.00
2016.11.18 12:44:08.915,0.8154,0.81549,1.00,2.25
2016.11.18 12:44:09.535,0.81538,0.8155,2.25,2.25
2016.11.18 12:44:09.879,0.81541,0.81552,1.00,3.00
2016.11.18 12:44:10.031,0.81544,0.81555,1.50,1.50
2016.11.18 12:44:10.132,0.81548,0.81555,1.00,1.00
2016.11.18 12:44:10.284,0.81546,0.81556,1.00,1.00
2016.11.18 12:44:10.436,0.81545,0.81554,1.00,1.00
2016.11.18 12:44:10.487,0.81542,0.81553,1.50,1.50
2016.11.18 12:44:10.639,0.81543,0.81553,1.00,1.75
2016.11.18 12:44:10.740,0.81545,0.81554,1.00,1.12
2016.11.18 12:44:11.300,0.81544,0.81553,1.00,1.12
2016.11.18 12:44:11.832,0.81543,0.81554,1.12,1.12
2016.11.18 12:44:11.984,0.81541,0.81552,1.00,1.50
2016.11.18 12:44:12.287,0.81543,0.81554,1.12,1.87
2016.11.18 12:44:12.600,0.81543,0.81553,1.00,1.50
2016.11.18 12:44:13.048,0.81541,0.81552,1.12,1.00
2016.11.18 12:44:14.044,0.81543,0.81552,1.00,1.50
2016.11.18 12:44:15.079,0.8154,0.81552,1.50,2.25
2016.11.18 12:44:15.130,0.8154,0.8155,1.00,1.00
2016.11.18 12:44:15.433,0.81538,0.81548,1.00,1.37
2016.11.18 12:44:18.694,0.81534,0.8154,1.50,1.00
2016.11.18 12:44:18.870,0.81529,0.81538,1.00,1.50
2016.11.18 12:44:18.921,0.81525,0.81536,1.00,2.25
2016.11.18 12:44:19.426,0.81527,0.81536,1.00,1.12
2016.11.18 12:44:19.628,0.81524,0.81536,1.87,1.87
2016.11.18 12:44:19.780,0.81523,0.81535,1.87,1.87
2016.11.18 12:44:19.831,0.81523,0.81533,1.00,1.12
2016.11.18 12:44:20.184,0.81525,0.81533,1.00,1.00
2016.11.18 12:44:21.844,0.81527,0.81537,1.00,1.50
2016.11.18 12:44:21.945,0.81528,0.81538,1.50,2.25
2016.11.18 12:44:22.446,0.81528,0.81538,1.00,1.00
2016.11.18 12:44:22.950,0.81527,0.81538,1.87,1.00
2016.11.18 12:44:23.119,0.81529,0.81539,1.00,1.00
2016.11.18 12:44:23.423,0.81531,0.81539,1.00,1.00
2016.11.18 12:44:23.951,0.81531,0.8154,1.00,1.00
2016.11.18 12:44:24.267,0.81529,0.81538,1.00,1.00
2016.11.18 12:44:24.786,0.81528,0.81538,1.50,1.00
2016.11.18 12:44:25.089,0.8153,0.8154,1.12,1.50
2016.11.18 12:44:25.862,0.81529,0.8154,1.00,1.50
2016.11.18 12:44:26.366,0.8153,0.81541,1.37,1.12
2016.11.18 12:44:26.821,0.81532,0.81543,1.00,2.25
2016.11.18 12:44:26.973,0.81532,0.81543,1.37,1.00
2016.11.18 12:44:27.074,0.81532,0.81543,1.12,1.12
2016.11.18 12:44:27.928,0.81532,0.81541,1.50,1.00
2016.11.18 12:44:28.033,0.81532,0.81543,1.00,1.12
2016.11.18 12:44:28.185,0.81532,0.81541,1.00,1.00
2016.11.18 12:44:28.916,0.81532,0.81542,1.00,1.00
2016.11.18 12:44:30.137,0.81535,0.81543,1.00,1.00
2016.11.18 12:44:31.608,0.81534,0.81543,1.50,2.25
2016.11.18 12:44:32.140,0.81535,0.81542,1.00,1.00
2016.11.18 12:44:32.444,0.81537,0.81542,1.00,1.00
2016.11.18 12:44:32.641,0.81538,0.81548,1.50,2.25
2016.11.18 12:44:33.099,0.81536,0.81547,1.50,2.62
2016.11.18 12:44:33.642,0.81536,0.81546,1.50,1.12
2016.11.18 12:44:34.144,0.81535,0.81542,1.87,1.00
2016.11.18 12:44:35.550,0.81535,0.81545,1.00,1.87
2016.11.18 12:44:36.132,0.81535,0.81544,1.00,1.00
2016.11.18 12:44:36.336,0.81533,0.81542,1.12,1.00
2016.11.18 12:44:36.672,0.8153,0.81539,1.12,1.00
2016.11.18 12:44:38.175,0.8153,0.8154,1.50,1.00
2016.11.18 12:44:40.113,0.81532,0.8154,1.00,1.12
2016.11.18 12:44:41.196,0.81532,0.81541,1.50,1.00
2016.11.18 12:44:42.252,0.81533,0.81542,1.00,1.00
2016.11.18 12:44:42.757,0.81532,0.81541,1.50,1.50
2016.11.18 12:44:43.061,0.81534,0.81542,1.00,1.12
2016.11.18 12:44:43.580,0.81534,0.81543,1.87,1.00
2016.11.18 12:44:44.099,0.81535,0.81544,1.00,1.00
2016.11.18 12:44:44.788,0.81536,0.81545,1.50,1.12
2016.11.18 12:44:45.991,0.81536,0.81544,1.00,1.00
2016.11.18 12:44:46.510,0.81535,0.81544,1.50,1.00
2016.11.18 12:44:47.070,0.81534,0.81544,1.87,1.00
2016.11.18 12:44:47.404,0.81533,0.81542,1.00,1.00
2016.11.18 12:44:47.936,0.81534,0.81543,1.00,1.00
2016.11.18 12:44:48.452,0.81535,0.81543,1.00,1.00
2016.11.18 12:44:48.763,0.8153,0.81539,2.54,1.00
2016.11.18 12:44:48.864,0.81527,0.81537,1.75,1.00
2016.11.18 12:44:49.067,0.81527,0.81537,1.50,2.25
2016.11.18 12:44:49.659,0.81527,0.81537,1.87,1.12
2016.11.18 12:44:50.209,0.81527,0.81536,1.00,1.00
2016.11.18 12:44:50.452,0.81526,0.81534,1.04,1.00
2016.11.18 12:44:50.971,0.81525,0.81534,1.50,1.00
2016.11.18 12:44:51.477,0.81526,0.81535,1.00,1.00
2016.11.18 12:44:51.964,0.81525,0.81533,1.00,1.00
2016.11.18 12:44:52.268,0.81523,0.81533,1.00,1.50
2016.11.18 12:44:52.318,0.81524,0.81531,1.00,1.00
2016.11.18 12:44:52.470,0.81523,0.81533,1.00,1.87
2016.11.18 12:44:52.735,0.81527,0.81533,1.00,1.87
2016.11.18 12:44:52.836,0.81527,0.81535,1.00,1.12
2016.11.18 12:44:53.354,0.81526,0.81535,1.00,1.00
2016.11.18 12:44:53.505,0.81525,0.81533,1.00,1.00
2016.11.18 12:44:53.707,0.81525,0.81535,1.00,1.00
2016.11.18 12:44:56.284,0.81527,0.81535,1.00,1.00
2016.11.18 12:44:59.497,0.81524,0.81533,1.50,1.00
2016.11.18 12:44:59.547,0.81524,0.81531,1.00,1.00
2016.11.18 12:44:59.649,0.81522,0.81531,1.79,1.00
2016.11.18 12:45:00.310,0.81523,0.81532,1.00,1.00
2016.11.18 12:45:00.664,0.81525,0.81533,1.00,1.00
2016.11.18 12:45:01.180,0.81525,0.81532,1.00,1.00
2016.11.18 12:45:01.721,0.81524,0.81533,1.00,1.50
2016.11.18 12:45:04.199,0.81524,0.81532,1.87,1.00
2016.11.18 12:45:05.126,0.81524,0.81533,1.00,1.00
2016.11.18 12:45:06.092,0.81525,0.81532,1.00,1.00
2016.11.18 12:45:09.120,0.81524,0.81532,1.00,1.00
2016.11.18 12:45:09.322,0.81522,0.81531,1.12,1.00
2016.11.18 12:45:09.373,0.81519,0.81527,2.25,1.00
2016.11.18 12:45:09.474,0.81519,0.81527,1.00,1.00
2016.11.18 12:45:09.576,0.81521,0.8153,1.00,2.25
2016.11.18 12:45:10.084,0.81521,0.8153,1.00,1.00
2016.11.18 12:45:10.627,0.81521,0.81531,1.50,1.12
2016.11.18 12:45:10.931,0.81522,0.81528,1.00,1.00
2016.11.18 12:45:11.317,0.81521,0.81531,1.00,1.37
2016.11.18 12:45:11.713,0.81523,0.81531,1.00,1.00
2016.11.18 12:45:12.017,0.81525,0.81532,1.00,1.00
2016.11.18 12:45:12.618,0.81524,0.81533,1.50,1.00
2016.11.18 12:45:13.199,0.81525,0.81533,1.00,1.00
2016.11.18 12:45:13.819,0.81525,0.81534,1.00,1.00
2016.11.18 12:45:14.353,0.81524,0.81533,1.87,1.00
2016.11.18 12:45:17.140,0.81525,0.81533,1.00,1.00
2016.11.18 12:45:17.291,0.81523,0.81532,1.87,1.50
2016.11.18 12:45:18.461,0.81522,0.81532,1.87,1.50
2016.11.18 12:45:19.191,0.81522,0.81532,2.25,1.00
2016.11.18 12:45:19.741,0.81523,0.81532,1.50,1.00
2016.11.18 12:45:20.320,0.81523,0.81531,1.50,1.00
2016.11.18 12:45:21.289,0.81521,0.8153,1.75,1.00
2016.11.18 12:45:21.340,0.81521,0.81528,1.37,1.00
2016.11.18 12:45:21.391,0.81521,0.81528,1.12,1.00
2016.11.18 12:45:23.417,0.81523,0.81528,1.00,1.00
2016.11.18 12:45:23.759,0.81523,0.8153,1.00,1.50
2016.11.18 12:45:24.271,0.81522,0.81531,1.12,1.00
2016.11.18 12:45:24.473,0.81524,0.81531,1.00,1.00
2016.11.18 12:45:24.676,0.81522,0.8153,1.50,1.00
2016.11.18 12:45:24.727,0.81521,0.81528,4.50,1.00
2016.11.18 12:45:24.778,0.81521,0.81528,1.12,1.00
2016.11.18 12:45:25.287,0.81519,0.81526,1.12,1.00
2016.11.18 12:45:25.489,0.81517,0.81526,1.00,1.00
2016.11.18 12:45:25.780,0.81521,0.81527,1.00,1.00
2016.11.18 12:45:26.325,0.81519,0.81528,1.37,1.00
2016.11.18 12:45:26.856,0.81519,0.81527,1.37,1.00
2016.11.18 12:45:27.360,0.81519,0.81526,1.00,1.00
2016.11.18 12:45:28.237,0.81517,0.81525,1.50,1.00
2016.11.18 12:45:28.338,0.81516,0.81523,1.37,1.50
2016.11.18 12:45:28.541,0.81513,0.81521,1.00,1.00
2016.11.18 12:45:28.692,0.81515,0.81523,1.00,3.00
2016.11.18 12:45:28.794,0.81515,0.81524,1.00,2.25
2016.11.18 12:45:28.895,0.81516,0.81525,1.00,1.00
2016.11.18 12:45:30.716,0.81515,0.81525,1.00,1.00
2016.11.18 12:45:31.218,0.81516,0.81524,1.00,1.00
2016.11.18 12:45:31.724,0.81516,0.81525,1.00,1.00
2016.11.18 12:45:32.053,0.81517,0.81523,1.00,1.00
2016.11.18 12:45:32.171,0.81517,0.81525,1.00,1.00
2016.11.18 12:45:32.666,0.81515,0.81524,1.50,1.50
2016.11.18 12:45:33.170,0.81516,0.81524,1.00,1.50
2016.11.18 12:45:33.479,0.81514,0.8152,1.00,1.00
2016.11.18 12:45:33.581,0.8151,0.8152,1.50,1.00
2016.11.18 12:45:33.922,0.81509,0.81518,1.12,1.00
2016.11.18 12:45:34.428,0.81508,0.81519,1.87,1.50
2016.11.18 12:45:34.731,0.81511,0.81519,1.00,1.00
2016.11.18 12:45:34.833,0.81509,0.81518,1.12,1.00
2016.11.18 12:45:35.378,0.81508,0.81517,1.00,1.00
2016.11.18 12:45:36.187,0.81507,0.81517,1.12,1.50
2016.11.18 12:45:37.028,0.81507,0.81517,1.37,1.00
2016.11.18 12:45:37.533,0.81509,0.81517,1.12,1.00
2016.11.18 12:45:37.634,0.81509,0.8152,1.87,2.25
2016.11.18 12:45:37.938,0.81509,0.81518,1.12,1.00
2016.11.18 12:45:38.523,0.8151,0.81518,1.12,1.00
2016.11.18 12:45:39.124,0.8151,0.81519,1.12,1.00
2016.11.18 12:45:39.428,0.81512,0.81521,1.12,1.00
2016.11.18 12:45:39.731,0.81513,0.81522,1.87,1.00
2016.11.18 12:45:41.002,0.81513,0.8152,1.37,1.50
2016.11.18 12:45:41.175,0.81508,0.81517,1.37,1.50
2016.11.18 12:45:41.226,0.81508,0.81517,3.00,1.50
2016.11.18 12:45:41.378,0.81505,0.81515,1.00,1.50
2016.11.18 12:45:41.428,0.81504,0.81515,5.25,1.00
2016.11.18 12:45:41.782,0.81506,0.81517,1.12,1.00
2016.11.18 12:45:42.287,0.81507,0.81518,1.00,1.50
2016.11.18 12:45:42.828,0.81508,0.81517,1.12,1.00
2016.11.18 12:45:43.875,0.8151,0.81519,1.00,1.00
2016.11.18 12:45:44.178,0.81514,0.81521,1.12,1.00
2016.11.18 12:45:44.470,0.81512,0.8152,1.00,1.50
2016.11.18 12:45:45.232,0.81511,0.81522,1.50,1.87
2016.11.18 12:45:45.283,0.81513,0.81522,1.00,1.37
2016.11.18 12:45:45.586,0.81515,0.81523,1.00,1.00
2016.11.18 12:45:45.924,0.81513,0.81521,1.00,1.00
2016.11.18 12:45:46.446,0.81512,0.81521,1.12,1.00
2016.11.18 12:45:47.721,0.8151,0.8152,3.66,1.50
2016.11.18 12:45:48.226,0.81511,0.8152,1.00,1.37
2016.11.18 12:45:48.729,0.81511,0.8152,1.00,1.00
2016.11.18 12:45:50.453,0.81508,0.81516,1.00,1.00
2016.11.18 12:45:50.757,0.81505,0.81514,1.41,1.12
2016.11.18 12:45:51.017,0.81505,0.81514,1.00,1.87
2016.11.18 12:45:51.523,0.81503,0.81513,5.16,1.00
2016.11.18 12:45:51.847,0.81504,0.81515,2.25,2.25
2016.11.18 12:45:52.049,0.81504,0.81513,1.12,1.00
2016.11.18 12:45:52.353,0.81501,0.81511,1.79,1.00
2016.11.18 12:45:52.909,0.81501,0.8151,1.79,1.00
2016.11.18 12:45:53.061,0.81501,0.81509,1.12,1.00
2016.11.18 12:45:53.571,0.81499,0.81509,1.50,1.00
2016.11.18 12:45:54.077,0.81501,0.81511,1.12,1.00
2016.11.18 12:45:54.615,0.81502,0.81512,1.00,1.87
2016.11.18 12:45:56.115,0.81501,0.81512,1.00,2.91
2016.11.18 12:45:56.647,0.815,0.8151,1.12,1.00
2016.11.18 12:45:57.685,0.81502,0.8151,1.00,1.50
2016.11.18 12:45:57.988,0.81502,0.81512,1.00,1.50
2016.11.18 12:45:58.682,0.81502,0.81511,1.50,1.00
2016.11.18 12:45:59.187,0.81503,0.81513,1.00,2.25
2016.11.18 12:45:59.867,0.81502,0.81511,1.87,1.12
2016.11.18 12:46:00.500,0.81499,0.81508,4.12,1.00
2016.11.18 12:46:00.703,0.81493,0.81504,3.75,2.62
2016.11.18 12:46:00.754,0.81493,0.81501,2.62,1.00
2016.11.18 12:46:00.910,0.81489,0.81498,1.87,1.00
2016.11.18 12:46:01.416,0.81489,0.81497,1.00,1.00
2016.11.18 12:46:02.583,0.81489,0.81498,1.00,1.00
2016.11.18 12:46:03.104,0.81489,0.81497,1.00,1.00
2016.11.18 12:46:03.659,0.81488,0.81497,1.00,1.50
2016.11.18 12:46:03.811,0.81487,0.81495,1.00,1.00
2016.11.18 12:46:04.166,0.81485,0.81494,1.00,1.00
2016.11.18 12:46:04.217,0.81485,0.81492,1.12,1.00
2016.11.18 12:46:04.319,0.81483,0.81492,1.50,1.00
2016.11.18 12:46:04.420,0.81481,0.81491,1.50,1.00
2016.11.18 12:46:04.573,0.81477,0.81487,3.00,1.00
2016.11.18 12:46:05.119,0.81478,0.81487,1.00,2.62
2016.11.18 12:46:05.449,0.8148,0.81487,1.00,1.37
2016.11.18 12:46:05.500,0.8148,0.81488,1.00,1.87
2016.11.18 12:46:05.702,0.81478,0.81488,1.00,1.50
2016.11.18 12:46:05.803,0.81478,0.81486,1.00,1.00
2016.11.18 12:46:06.212,0.81478,0.81488,1.04,1.87
2016.11.18 12:46:06.263,0.81479,0.81488,1.79,1.12
2016.11.18 12:46:06.575,0.81484,0.81494,1.00,3.75
2016.11.18 12:46:06.625,0.81485,0.81494,1.00,1.12
2016.11.18 12:46:07.030,0.81484,0.81491,1.12,1.00
2016.11.18 12:46:07.082,0.81484,0.81495,2.25,1.87
2016.11.18 12:46:07.133,0.81484,0.81494,1.50,1.87
2016.11.18 12:46:07.184,0.81483,0.81494,1.00,2.62
2016.11.18 12:46:07.703,0.81483,0.81494,1.87,1.50
2016.11.18 12:46:08.226,0.81484,0.81493,1.00,1.00
2016.11.18 12:46:08.805,0.81484,0.81491,1.50,1.00
2016.11.18 12:46:08.906,0.81481,0.8149,1.00,1.00
2016.11.18 12:46:09.108,0.81478,0.81489,3.75,1.00
2016.11.18 12:46:09.260,0.8148,0.8149,1.75,1.37
2016.11.18 12:46:09.311,0.8148,0.81491,2.25,2.25
2016.11.18 12:46:09.982,0.81482,0.81492,1.12,1.87
2016.11.18 12:46:10.487,0.81483,0.81493,2.25,1.00
2016.11.18 12:46:10.639,0.81482,0.8149,1.87,1.00
2016.11.18 12:46:10.827,0.81479,0.81488,1.12,1.50
2016.11.18 12:46:10.928,0.81477,0.81487,1.50,1.50
2016.11.18 12:46:11.232,0.81476,0.81484,1.12,1.00
2016.11.18 12:46:11.783,0.81475,0.81481,1.12,1.00
2016.11.18 12:46:12.036,0.8147,0.81481,1.64,1.87
2016.11.18 12:46:12.365,0.81474,0.81481,1.50,1.00
2016.11.18 12:46:12.681,0.81477,0.81484,1.50,1.00
2016.11.18 12:46:12.833,0.81473,0.81481,1.79,1.00
2016.11.18 12:46:13.036,0.81469,0.8148,1.50,1.50
2016.11.18 12:46:13.137,0.81468,0.81476,1.37,1.00
2016.11.18 12:46:13.239,0.81468,0.81478,1.12,1.00
2016.11.18 12:46:13.529,0.81468,0.8148,3.00,1.50
2016.11.18 12:46:13.992,0.8147,0.81478,1.12,1.00
2016.11.18 12:46:14.093,0.81468,0.81478,1.00,1.50
2016.11.18 12:46:14.346,0.81468,0.81475,1.00,1.00
2016.11.18 12:46:14.447,0.81462,0.81472,5.25,1.00
2016.11.18 12:46:14.498,0.81463,0.81475,1.37,1.87
2016.11.18 12:46:14.549,0.81463,0.81475,1.00,4.12
2016.11.18 12:46:14.650,0.81464,0.81475,1.00,1.87
2016.11.18 12:46:14.837,0.81462,0.81473,2.62,1.00
2016.11.18 12:46:14.888,0.81462,0.81468,1.12,1.00
2016.11.18 12:46:15.198,0.81438,0.81442,1.50,1.72
2016.11.18 12:46:15.310,0.81432,0.81438,1.72,1.00
2016.11.18 12:46:15.651,0.81433,0.8144,1.50,1.00
2016.11.18 12:46:15.702,0.81441,0.81449,1.00,2.55
2016.11.18 12:46:15.753,0.81437,0.81447,1.00,1.00
2016.11.18 12:46:15.805,0.81438,0.81447,1.00,1.75
2016.11.18 12:46:15.907,0.81442,0.81449,1.00,1.00
2016.11.18 12:46:15.958,0.81436,0.81446,1.00,1.00
2016.11.18 12:46:16.060,0.81439,0.81446,1.00,1.00
2016.11.18 12:46:16.111,0.81437,0.81446,1.00,1.50
2016.11.18 12:46:16.212,0.81435,0.81447,1.00,1.50
2016.11.18 12:46:16.365,0.81437,0.81447,1.00,1.00
2016.11.18 12:46:16.569,0.81439,0.81451,1.00,1.00
2016.11.18 12:46:16.973,0.81441,0.8145,1.00,1.00
2016.11.18 12:46:17.024,0.8144,0.81452,1.00,1.00
2016.11.18 12:46:17.125,0.81438,0.8145,1.00,1.00
2016.11.18 12:46:17.430,0.81438,0.81447,1.00,1.12
2016.11.18 12:46:17.721,0.81438,0.8145,1.00,1.00
2016.11.18 12:46:17.772,0.81439,0.81448,1.00,1.00
2016.11.18 12:46:17.873,0.8144,0.8145,1.00,1.00
2016.11.18 12:46:18.125,0.81437,0.81447,1.00,1.00
2016.11.18 12:46:18.429,0.81434,0.81443,1.50,1.00
2016.11.18 12:46:18.631,0.81434,0.81445,1.50,1.00
2016.11.18 12:46:18.732,0.81434,0.81442,1.50,1.00
2016.11.18 12:46:18.976,0.81435,0.81446,1.50,1.00
2016.11.18 12:46:19.480,0.81436,0.81446,1.00,1.00
2016.11.18 12:46:19.582,0.81438,0.81447,1.00,1.00
2016.11.18 12:46:19.908,0.8144,0.81451,1.50,2.25
2016.11.18 12:46:19.959,0.8144,0.81451,1.00,1.12
2016.11.18 12:46:20.364,0.81442,0.81453,1.00,1.87
2016.11.18 12:46:20.566,0.8144,0.81452,1.00,1.00
2016.11.18 12:46:20.618,0.81439,0.81449,1.87,1.00
2016.11.18 12:46:20.847,0.81436,0.81448,1.12,1.50
2016.11.18 12:46:20.948,0.81441,0.81451,1.00,1.12
2016.11.18 12:46:21.251,0.81449,0.81458,1.00,2.25
2016.11.18 12:46:21.352,0.81451,0.8146,1.50,1.00
2016.11.18 12:46:21.454,0.81451,0.81462,1.00,1.00
2016.11.18 12:46:21.556,0.81453,0.81463,1.00,1.00
2016.11.18 12:46:21.758,0.8145,0.81462,2.62,1.50
2016.11.18 12:46:22.012,0.81449,0.81461,1.50,1.00
2016.11.18 12:46:22.063,0.81452,0.81461,1.00,1.00
2016.11.18 12:46:22.215,0.81453,0.81463,1.00,1.00
2016.11.18 12:46:22.266,0.81453,0.81465,1.00,1.00
2016.11.18 12:46:22.670,0.81454,0.81463,1.00,1.00
2016.11.18 12:46:22.853,0.8145,0.8146,1.00,1.00
2016.11.18 12:46:22.955,0.81448,0.8146,1.00,1.50
2016.11.18 12:46:23.379,0.81449,0.81459,1.50,1.00
2016.11.18 12:46:23.430,0.81449,0.81461,1.50,1.00
2016.11.18 12:46:23.935,0.8145,0.8146,1.00,1.00
2016.11.18 12:46:24.471,0.8145,0.81461,1.00,1.00
2016.11.18 12:46:24.572,0.81452,0.81461,1.00,1.00
2016.11.18 12:46:24.674,0.81452,0.81463,1.00,1.87
2016.11.18 12:46:25.231,0.81452,0.81462,1.00,1.00
2016.11.18 12:46:25.781,0.81453,0.81462,1.00,1.00
2016.11.18 12:46:26.308,0.81451,0.81462,1.00,1.00
2016.11.18 12:46:26.839,0.8145,0.81462,1.87,1.00
2016.11.18 12:46:27.142,0.81449,0.81458,1.12,1.00
2016.11.18 12:46:27.294,0.81446,0.81457,1.50,1.00
2016.11.18 12:46:27.850,0.81445,0.81457,1.12,1.00
2016.11.18 12:46:28.002,0.81445,0.81457,1.00,1.50
2016.11.18 12:46:28.104,0.81446,0.81457,1.00,1.12
2016.11.18 12:46:28.155,0.81449,0.81458,1.00,1.50
2016.11.18 12:46:28.205,0.81447,0.81458,1.00,1.00
2016.11.18 12:46:28.754,0.81448,0.81459,1.12,1.12
2016.11.18 12:46:29.076,0.81446,0.81457,1.50,1.00
2016.11.18 12:46:29.127,0.81447,0.81459,1.37,1.12
2016.11.18 12:46:29.632,0.81449,0.81459,1.00,1.00
2016.11.18 12:46:29.784,0.81452,0.81462,1.00,2.62
2016.11.18 12:46:29.885,0.81452,0.81462,1.00,1.00
2016.11.18 12:46:29.982,0.81452,0.81464,1.00,2.25
2016.11.18 12:46:30.489,0.81451,0.81463,1.72,1.00
2016.11.18 12:46:31.008,0.81451,0.81462,1.50,1.00
2016.11.18 12:46:31.518,0.81452,0.81462,1.12,1.50
2016.11.18 12:46:31.569,0.81454,0.81462,1.00,1.00
2016.11.18 12:46:31.771,0.81454,0.81464,1.00,1.12
2016.11.18 12:46:32.024,0.81454,0.81466,1.00,1.50
2016.11.18 12:46:32.075,0.81454,0.81462,1.00,1.00
2016.11.18 12:46:32.588,0.81452,0.81463,1.75,1.00
2016.11.18 12:46:32.994,0.81452,0.81461,4.87,1.00
2016.11.18 12:46:33.197,0.81449,0.81458,1.50,1.00
2016.11.18 12:46:33.734,0.81448,0.81459,1.50,1.00
2016.11.18 12:46:33.969,0.81448,0.81457,1.50,1.00
2016.11.18 12:46:34.499,0.81447,0.81457,1.12,1.00
2016.11.18 12:46:34.853,0.81452,0.81457,1.00,1.00
2016.11.18 12:46:34.906,0.81452,0.81464,1.00,3.00
2016.11.18 12:46:34.957,0.81454,0.81464,1.00,1.50
2016.11.18 12:46:35.067,0.81455,0.81466,1.00,1.87
2016.11.18 12:46:35.118,0.8146,0.81467,1.00,1.37
2016.11.18 12:46:35.220,0.81461,0.81472,1.00,1.00
2016.11.18 12:46:35.271,0.8146,0.8147,1.00,1.00
2016.11.18 12:46:35.625,0.81457,0.81467,1.87,1.00
2016.11.18 12:46:35.828,0.81454,0.81465,1.00,1.12
2016.11.18 12:46:36.104,0.81455,0.81467,1.00,1.00
2016.11.18 12:46:37.051,0.81457,0.81466,1.00,1.00
2016.11.18 12:46:37.203,0.81456,0.81468,1.50,1.00
2016.11.18 12:46:37.713,0.81457,0.81468,1.00,1.00
2016.11.18 12:46:38.272,0.81456,0.81468,2.25,1.00
2016.11.18 12:46:38.801,0.81456,0.81467,1.50,1.00
2016.11.18 12:46:38.954,0.81456,0.81463,1.00,1.00
2016.11.18 12:46:39.221,0.81451,0.81462,1.00,1.00
2016.11.18 12:46:39.726,0.81452,0.81461,1.50,1.00
2016.11.18 12:46:39.827,0.81453,0.81465,1.00,1.00
2016.11.18 12:46:40.030,0.81454,0.81463,2.25,1.00
2016.11.18 12:46:40.131,0.81454,0.81462,1.00,1.00
2016.11.18 12:46:40.333,0.81451,0.81462,4.35,1.00
2016.11.18 12:46:40.558,0.81456,0.81462,1.00,1.00
2016.11.18 12:46:41.661,0.81456,0.81461,1.00,1.00
2016.11.18 12:46:41.970,0.81452,0.81456,1.00,1.00
2016.11.18 12:46:42.123,0.81445,0.81449,1.00,1.00
2016.11.18 12:46:42.224,0.81444,0.81448,1.00,1.00
2016.11.18 12:46:42.326,0.81441,0.81448,1.00,1.00
2016.11.18 12:46:42.478,0.81441,0.81446,1.00,1.00
2016.11.18 12:46:42.933,0.81443,0.8145,1.00,1.00
2016.11.18 12:46:43.188,0.81443,0.81447,1.00,1.00
2016.11.18 12:46:43.896,0.81442,0.81446,1.00,1.00
2016.11.18 12:46:44.334,0.81443,0.81448,1.00,1.12
2016.11.18 12:46:45.134,0.81443,0.81449,1.00,1.00
2016.11.18 12:46:45.286,0.81446,0.81452,1.00,1.12
2016.11.18 12:46:45.337,0.81446,0.81452,1.00,1.00
2016.11.18 12:46:45.388,0.81448,0.81455,1.00,2.62
2016.11.18 12:46:45.439,0.81448,0.81457,1.00,1.37
2016.11.18 12:46:45.541,0.81448,0.81458,1.00,1.12
2016.11.18 12:46:45.642,0.81451,0.8146,1.00,1.50
2016.11.18 12:46:45.996,0.81455,0.81459,1.00,1.00
2016.11.18 12:46:46.546,0.81455,0.8146,1.00,1.00
2016.11.18 12:46:47.063,0.81455,0.81461,1.00,1.00
2016.11.18 12:46:47.675,0.81455,0.81463,1.00,1.50
2016.11.18 12:46:48.201,0.81455,0.8146,1.00,1.00
2016.11.18 12:46:48.505,0.81454,0.81458,1.00,1.12
2016.11.18 12:46:48.858,0.81445,0.81449,1.00,1.00
2016.11.18 12:46:48.909,0.81445,0.81449,1.00,1.12
2016.11.18 12:46:49.011,0.8144,0.81445,2.25,1.00
2016.11.18 12:46:49.112,0.81436,0.81444,1.12,1.00
2016.11.18 12:46:49.213,0.81436,0.81447,1.50,2.25
2016.11.18 12:46:49.514,0.81436,0.81444,1.00,1.00
2016.11.18 12:46:49.615,0.81436,0.81447,1.00,2.62
2016.11.18 12:46:49.666,0.81439,0.81446,1.00,1.00
2016.11.18 12:46:49.969,0.81439,0.81444,1.00,1.00
2016.11.18 12:46:50.274,0.81439,0.81447,1.00,1.87
2016.11.18 12:46:50.505,0.81443,0.81448,1.00,1.00
2016.11.18 12:46:50.808,0.81442,0.81446,1.00,1.00
2016.11.18 12:46:50.909,0.8144,0.81446,1.00,1.50
2016.11.18 12:46:51.415,0.8144,0.81445,1.00,1.12
2016.11.18 12:46:51.517,0.81439,0.81443,1.00,1.00
2016.11.18 12:46:51.568,0.81438,0.81442,1.00,1.00
2016.11.18 12:46:51.619,0.81436,0.81441,1.00,1.00
2016.11.18 12:46:51.891,0.81433,0.8144,1.00,1.75
2016.11.18 12:46:51.993,0.81436,0.8144,1.00,1.12
2016.11.18 12:46:52.503,0.81436,0.81443,1.50,1.12
2016.11.18 12:46:52.554,0.81438,0.81444,1.00,1.37
2016.11.18 12:46:52.655,0.81438,0.81445,1.00,1.00
2016.11.18 12:46:53.197,0.81438,0.81444,1.00,1.12
2016.11.18 12:46:53.500,0.81436,0.8144,1.00,1.00
2016.11.18 12:46:53.602,0.81438,0.81442,1.00,1.00
2016.11.18 12:46:53.855,0.81436,0.8144,1.00,1.00
2016.11.18 12:46:53.906,0.81436,0.8144,1.00,1.00
2016.11.18 12:46:54.058,0.81436,0.81442,1.00,1.00
2016.11.18 12:46:55.156,0.81436,0.81441,1.00,1.00
2016.11.18 12:46:55.308,0.81434,0.81441,1.00,1.87
2016.11.18 12:46:55.804,0.81434,0.81442,1.00,1.87
2016.11.18 12:46:56.334,0.81434,0.81441,1.00,1.00
2016.11.18 12:46:56.660,0.81434,0.81443,1.50,1.12
2016.11.18 12:46:56.812,0.81439,0.81446,1.00,2.25
2016.11.18 12:46:56.863,0.81439,0.81446,1.00,1.50
2016.11.18 12:46:57.015,0.81439,0.81444,1.00,1.00
2016.11.18 12:46:57.557,0.81439,0.81443,1.00,1.00
2016.11.18 12:46:58.062,0.81438,0.81442,1.00,1.00
2016.11.18 12:46:58.609,0.81439,0.81443,1.00,1.00
2016.11.18 12:46:59.594,0.81438,0.81443,1.00,1.50
2016.11.18 12:46:59.923,0.81433,0.81438,1.12,1.00
2016.11.18 12:46:59.974,0.81432,0.81436,1.00,1.00
2016.11.18 12:47:00.127,0.81428,0.81435,1.00,1.00
2016.11.18 12:47:00.279,0.81428,0.81434,1.12,1.50
2016.11.18 12:47:00.808,0.81428,0.81434,1.00,1.75
2016.11.18 12:47:01.309,0.81427,0.81433,1.00,1.75
2016.11.18 12:47:01.612,0.81422,0.81427,1.00,1.00
2016.11.18 12:47:02.130,0.8142,0.8143,1.50,1.12
2016.11.18 12:47:02.230,0.8142,0.8143,1.87,1.00
2016.11.18 12:47:02.382,0.8142,0.81431,1.50,3.37
2016.11.18 12:47:02.636,0.81418,0.81427,1.50,1.87
2016.11.18 12:47:02.687,0.81418,0.81427,1.50,2.62
2016.11.18 12:47:02.789,0.81418,0.81427,1.50,2.25
2016.11.18 12:47:02.839,0.81418,0.81425,1.50,1.00
2016.11.18 12:47:03.193,0.81411,0.81418,2.62,1.00
2016.11.18 12:47:03.244,0.8141,0.81415,3.37,1.00
2016.11.18 12:47:03.295,0.81411,0.81415,1.00,1.00
2016.11.18 12:47:03.346,0.81409,0.81416,1.12,1.00
2016.11.18 12:47:03.538,0.81409,0.81414,1.00,1.50
2016.11.18 12:47:03.668,0.81407,0.81413,1.00,1.00
2016.11.18 12:47:03.719,0.81401,0.81411,1.75,1.00
2016.11.18 12:47:03.770,0.81401,0.81409,1.75,1.00
2016.11.18 12:47:03.822,0.81399,0.81408,1.50,1.00
2016.11.18 12:47:04.247,0.81399,0.8141,1.37,1.12
2016.11.18 12:47:04.551,0.81399,0.81407,1.50,1.00
2016.11.18 12:47:04.677,0.81398,0.81407,1.00,1.00
2016.11.18 12:47:04.987,0.81398,0.81409,1.00,1.12
2016.11.18 12:47:05.089,0.81397,0.81408,1.87,1.50
2016.11.18 12:47:05.191,0.81396,0.81407,1.50,1.87
2016.11.18 12:47:05.242,0.81397,0.81404,1.00,1.00
2016.11.18 12:47:05.293,0.81395,0.81404,1.00,1.00
2016.11.18 12:47:05.446,0.81397,0.81407,1.00,1.50
2016.11.18 12:47:05.648,0.81398,0.81409,1.50,1.50
2016.11.18 12:47:05.700,0.81398,0.81407,1.00,1.00
2016.11.18 12:47:05.898,0.81394,0.81404,1.00,1.00
2016.11.18 12:47:05.999,0.81396,0.81404,1.00,1.12
2016.11.18 12:47:06.151,0.81394,0.81404,1.00,1.12
2016.11.18 12:47:06.757,0.81395,0.81404,1.00,1.00
2016.11.18 12:47:06.960,0.81395,0.81406,1.00,1.87
2016.11.18 12:47:07.112,0.81394,0.81404,1.12,1.00
2016.11.18 12:47:07.475,0.81391,0.81402,1.12,1.00
2016.11.18 12:47:07.577,0.8139,0.814,1.00,1.00
2016.11.18 12:47:07.897,0.81392,0.81402,1.00,1.12
2016.11.18 12:47:08.330,0.81392,0.81399,1.12,1.00
2016.11.18 12:47:08.482,0.8139,0.81401,1.50,1.87
2016.11.18 12:47:08.634,0.81394,0.81401,1.00,1.37
2016.11.18 12:47:08.736,0.81391,0.81402,2.25,1.00
2016.11.18 12:47:08.786,0.81394,0.81402,1.00,1.00
2016.11.18 12:47:08.989,0.81394,0.81404,1.00,1.12
2016.11.18 12:47:09.527,0.81393,0.81405,1.50,2.62
2016.11.18 12:47:09.577,0.81393,0.81403,1.50,1.00
2016.11.18 12:47:09.881,0.81392,0.81396,1.00,1.00
2016.11.18 12:47:09.933,0.8139,0.81397,1.00,1.00
2016.11.18 12:47:10.035,0.81387,0.81396,2.62,1.00
2016.11.18 12:47:10.137,0.81387,0.81396,2.25,1.00
2016.11.18 12:47:10.668,0.81388,0.81398,1.12,1.00
2016.11.18 12:47:10.769,0.81388,0.81399,1.50,1.12
2016.11.18 12:47:11.074,0.81393,0.81399,1.00,1.12
2016.11.18 12:47:11.398,0.81398,0.81407,1.00,1.50
2016.11.18 12:47:11.449,0.81399,0.8141,1.12,1.75
2016.11.18 12:47:11.705,0.81401,0.8141,1.00,1.50
2016.11.18 12:47:12.211,0.81402,0.81412,1.00,1.50
2016.11.18 12:47:12.728,0.81402,0.81412,1.00,1.00
2016.11.18 12:47:13.082,0.81404,0.81413,1.00,1.00
2016.11.18 12:47:13.184,0.81402,0.81413,1.12,1.12
2016.11.18 12:47:13.706,0.81403,0.81414,1.00,2.25
2016.11.18 12:47:14.035,0.81403,0.81415,1.50,1.12
2016.11.18 12:47:14.240,0.81405,0.81417,1.50,1.50
2016.11.18 12:47:14.543,0.81412,0.81423,1.00,5.62
2016.11.18 12:47:14.594,0.81412,0.81423,1.50,1.00
2016.11.18 12:47:14.696,0.81414,0.81424,1.00,1.00
2016.11.18 12:47:15.023,0.81414,0.81422,1.75,1.00
2016.11.18 12:47:15.074,0.81414,0.81423,1.12,1.00
2016.11.18 12:47:15.267,0.81414,0.8142,1.50,1.00
2016.11.18 12:47:15.419,0.81414,0.81422,1.12,1.50
2016.11.18 12:47:15.874,0.81414,0.81424,1.00,1.87
2016.11.18 12:47:16.025,0.81414,0.8142,1.00,1.00
2016.11.18 12:47:16.177,0.8141,0.8142,1.50,1.00
2016.11.18 12:47:16.380,0.81415,0.81421,1.00,1.75
2016.11.18 12:47:16.515,0.81412,0.81421,1.00,2.62
2016.11.18 12:47:16.566,0.81413,0.81423,1.00,1.12
2016.11.18 12:47:16.617,0.81417,0.81423,1.00,1.12
2016.11.18 12:47:16.668,0.81417,0.81424,1.00,1.12
2016.11.18 12:47:16.718,0.81417,0.81422,1.00,1.00
2016.11.18 12:47:17.022,0.81411,0.81418,1.00,1.87
2016.11.18 12:47:17.427,0.81413,0.8142,1.00,1.75
2016.11.18 12:47:18.472,0.81413,0.81419,1.00,1.50
2016.11.18 12:47:18.775,0.81413,0.81417,1.00,1.00
2016.11.18 12:47:18.930,0.81413,0.81419,1.00,1.12
2016.11.18 12:47:19.470,0.81413,0.81418,1.00,1.00
2016.11.18 12:47:19.652,0.81411,0.81415,1.00,1.00
2016.11.18 12:47:20.057,0.81409,0.81413,1.00,1.00
2016.11.18 12:47:20.259,0.81411,0.81415,1.00,1.12
2016.11.18 12:47:20.360,0.81408,0.81412,1.00,1.00
2016.11.18 12:47:20.465,0.81408,0.81413,1.00,1.50
2016.11.18 12:47:20.667,0.81407,0.81412,1.00,1.12
2016.11.18 12:47:21.400,0.81407,0.81412,1.00,1.50
2016.11.18 12:47:21.910,0.81406,0.8141,1.00,1.00
2016.11.18 12:47:21.960,0.81408,0.81413,1.00,2.62
2016.11.18 12:47:22.284,0.81408,0.81414,1.00,1.00
2016.11.18 12:47:22.336,0.81407,0.81411,1.00,1.00
2016.11.18 12:47:22.640,0.81408,0.81413,1.00,1.50
2016.11.18 12:47:22.893,0.81408,0.81416,1.00,1.12
2016.11.18 12:47:23.984,0.81408,0.81415,1.00,1.00
2016.11.18 12:47:24.641,0.8141,0.81416,1.00,1.37
2016.11.18 12:47:24.894,0.81416,0.81423,1.00,1.00
2016.11.18 12:47:25.211,0.81416,0.8142,1.00,1.00
2016.11.18 12:47:25.515,0.81413,0.81417,1.00,1.00
2016.11.18 12:47:25.566,0.81414,0.81418,1.00,1.12
2016.11.18 12:47:26.049,0.81411,0.81415,1.00,1.00
2016.11.18 12:47:26.150,0.8141,0.81414,1.00,1.00
2016.11.18 12:47:27.023,0.8141,0.81414,1.00,1.00
2016.11.18 12:47:27.913,0.81407,0.81411,1.00,1.00
2016.11.18 12:47:28.015,0.81407,0.81411,1.00,1.00
2016.11.18 12:47:28.116,0.81403,0.81412,1.00,1.12
2016.11.18 12:47:28.270,0.81405,0.81413,1.50,1.00
2016.11.18 12:47:28.320,0.81405,0.81415,1.50,1.12
2016.11.18 12:47:28.371,0.81408,0.81415,1.00,1.12
2016.11.18 12:47:28.873,0.81404,0.81408,1.12,1.00
2016.11.18 12:47:28.975,0.81402,0.81408,2.62,1.00
2016.11.18 12:47:29.026,0.81401,0.81407,1.12,1.50
2016.11.18 12:47:29.128,0.81399,0.81407,1.00,1.50
2016.11.18 12:47:29.230,0.81399,0.81404,1.00,1.00
2016.11.18 12:47:29.332,0.81396,0.81405,1.00,1.00
2016.11.18 12:47:29.534,0.81398,0.81407,1.00,1.50
2016.11.18 12:47:29.773,0.81398,0.81408,1.00,1.12
2016.11.18 12:47:29.926,0.81397,0.81402,1.12,1.00
2016.11.18 12:47:29.977,0.81398,0.81403,1.12,1.00
2016.11.18 12:47:30.078,0.81394,0.81402,3.37,1.00
2016.11.18 12:47:30.129,0.81394,0.81402,1.50,1.00
2016.11.18 12:47:30.839,0.81394,0.81401,1.00,1.50
2016.11.18 12:47:30.991,0.81392,0.81401,1.00,1.00
2016.11.18 12:47:31.184,0.81391,0.81399,1.12,1.00
2016.11.18 12:47:31.286,0.81389,0.81399,1.12,1.50
2016.11.18 12:47:31.337,0.81391,0.81399,1.50,1.00
2016.11.18 12:47:31.388,0.81393,0.81402,1.00,1.00
2016.11.18 12:47:31.490,0.81395,0.81405,1.00,1.37
2016.11.18 12:47:31.541,0.81395,0.81406,1.00,1.87
2016.11.18 12:47:32.046,0.81395,0.81406,1.87,1.37
2016.11.18 12:47:32.554,0.81395,0.81404,1.12,1.00
2016.11.18 12:47:32.713,0.81393,0.81402,1.00,1.00
2016.11.18 12:47:32.815,0.81391,0.81401,1.50,1.00
2016.11.18 12:47:33.421,0.81391,0.81397,1.12,1.00
2016.11.18 12:47:33.523,0.81389,0.81396,1.00,1.00
2016.11.18 12:47:33.704,0.81389,0.81394,1.00,1.00
2016.11.18 12:47:33.807,0.81385,0.81393,1.12,1.00
2016.11.18 12:47:33.908,0.81383,0.8139,1.00,1.00
2016.11.18 12:47:33.959,0.81383,0.81392,1.00,1.00
2016.11.18 12:47:34.011,0.81381,0.81391,1.50,1.00
2016.11.18 12:47:34.112,0.81387,0.81393,1.00,1.87
2016.11.18 12:47:34.419,0.81394,0.81401,1.00,1.12
2016.11.18 12:47:34.470,0.81398,0.81402,1.00,1.00
2016.11.18 12:47:34.659,0.81397,0.81409,1.00,2.25
2016.11.18 12:47:34.710,0.81396,0.81407,2.25,1.00
2016.11.18 12:47:35.013,0.8139,0.81401,1.00,1.12
2016.11.18 12:47:35.316,0.8139,0.81399,1.12,1.00
2016.11.18 12:47:35.721,0.81392,0.81402,1.00,1.50
2016.11.18 12:47:36.022,0.81394,0.81402,1.50,1.00
2016.11.18 12:47:36.527,0.81394,0.81403,1.00,1.12
2016.11.18 12:47:37.411,0.81392,0.81402,1.87,1.00
2016.11.18 12:47:37.916,0.81392,0.81403,1.00,2.25
2016.11.18 12:47:38.231,0.81393,0.81404,1.00,1.87
2016.11.18 12:47:38.737,0.81393,0.81404,1.00,1.12
2016.11.18 12:47:38.932,0.81396,0.81404,1.00,1.00
2016.11.18 12:47:38.983,0.81396,0.81406,1.00,1.12
2016.11.18 12:47:39.439,0.81396,0.81404,1.00,1.00
2016.11.18 12:47:39.944,0.81396,0.81405,1.00,2.25
2016.11.18 12:47:40.573,0.81396,0.81402,1.00,1.00
2016.11.18 12:47:40.725,0.8139,0.814,1.00,1.50
2016.11.18 12:47:41.128,0.81391,0.81402,1.00,1.50
2016.11.18 12:47:41.647,0.81391,0.81397,1.00,1.00
2016.11.18 12:47:41.951,0.81382,0.81388,1.00,1.00
2016.11.18 12:47:42.052,0.8138,0.81387,1.00,1.00
2016.11.18 12:47:42.103,0.81377,0.81389,1.87,3.37
2016.11.18 12:47:42.608,0.81381,0.81389,1.00,1.87
2016.11.18 12:47:42.839,0.81381,0.8139,1.00,1.00
2016.11.18 12:47:43.445,0.8138,0.8139,1.50,1.50
2016.11.18 12:47:43.546,0.8138,0.81389,1.00,4.12
2016.11.18 12:47:43.597,0.81377,0.81386,1.00,1.00
2016.11.18 12:47:43.849,0.81378,0.81385,1.00,1.37
2016.11.18 12:47:43.950,0.81378,0.81388,1.00,1.87
2016.11.18 12:47:44.037,0.81376,0.81387,1.12,1.00
2016.11.18 12:47:44.138,0.81374,0.81385,1.50,1.00
2016.11.18 12:47:44.441,0.81368,0.81376,1.50,1.00
2016.11.18 12:47:44.643,0.81365,0.81375,1.00,1.37
2016.11.18 12:47:44.745,0.81369,0.81374,1.00,1.00
2016.11.18 12:47:44.947,0.81369,0.81379,1.00,1.00
2016.11.18 12:47:45.107,0.81367,0.81378,1.50,1.87
2016.11.18 12:47:45.158,0.8137,0.81378,1.00,2.62
2016.11.18 12:47:45.361,0.81371,0.8138,1.00,1.00
2016.11.18 12:47:45.565,0.81371,0.81382,1.00,1.12
2016.11.18 12:47:45.767,0.81373,0.81383,1.00,1.87
2016.11.18 12:47:46.335,0.81372,0.81382,1.00,1.12
2016.11.18 12:47:46.840,0.81371,0.81381,1.00,1.50
2016.11.18 12:47:46.891,0.81368,0.8138,1.12,1.50
2016.11.18 12:47:46.942,0.81368,0.81378,1.12,1.00
2016.11.18 12:47:47.245,0.81371,0.81378,1.00,2.62
2016.11.18 12:47:47.296,0.81371,0.81379,1.00,1.50
2016.11.18 12:47:47.397,0.81372,0.81382,1.00,1.37
2016.11.18 12:47:47.712,0.81374,0.81385,1.00,6.00
2016.11.18 12:47:47.864,0.81374,0.81384,1.00,1.00
2016.11.18 12:47:48.389,0.81374,0.81385,1.00,4.50
2016.11.18 12:47:48.899,0.81374,0.81385,1.00,2.62
2016.11.18 12:47:49.428,0.81374,0.81384,1.00,1.00
2016.11.18 12:47:49.731,0.81377,0.81385,1.00,1.37
2016.11.18 12:47:49.782,0.81377,0.81386,1.00,1.00
2016.11.18 12:47:50.287,0.81376,0.81386,1.00,1.37
2016.11.18 12:47:50.337,0.81378,0.81386,1.00,1.00
2016.11.18 12:47:50.873,0.81377,0.81387,1.00,1.50
2016.11.18 12:47:51.418,0.81377,0.81387,1.00,1.50
2016.11.18 12:47:51.788,0.81379,0.81387,1.00,1.00
2016.11.18 12:47:52.194,0.81381,0.81385,1.00,1.00
2016.11.18 12:47:52.315,0.81383,0.81389,1.00,1.50
2016.11.18 12:47:52.366,0.81383,0.81394,1.37,1.87
2016.11.18 12:47:52.428,0.81383,0.81394,1.37,1.12
2016.11.18 12:47:52.933,0.81384,0.81395,1.00,1.50
2016.11.18 12:47:53.034,0.81386,0.81395,1.00,1.87
2016.11.18 12:47:53.338,0.81392,0.81399,1.00,1.00
2016.11.18 12:47:53.388,0.81392,0.81403,1.00,1.87
2016.11.18 12:47:53.565,0.8139,0.81402,1.50,1.12
2016.11.18 12:47:53.667,0.8139,0.814,1.00,1.50
2016.11.18 12:47:53.718,0.81388,0.814,1.12,1.87
2016.11.18 12:47:54.263,0.81388,0.81398,1.00,1.00
2016.11.18 12:47:54.932,0.81389,0.81399,1.00,1.87
2016.11.18 12:47:57.240,0.81387,0.81399,1.00,1.12
2016.11.18 12:47:57.290,0.81387,0.81398,1.00,1.37
2016.11.18 12:47:57.593,0.8139,0.81399,1.00,1.50
2016.11.18 12:47:58.138,0.8139,0.81399,1.00,1.00
2016.11.18 12:47:58.360,0.81388,0.81399,1.00,1.00
2016.11.18 12:47:58.770,0.81387,0.81397,1.00,1.00
2016.11.18 12:47:59.081,0.81386,0.81397,1.00,3.75
2016.11.18 12:47:59.132,0.81386,0.81396,1.00,1.00
2016.11.18 12:47:59.499,0.81387,0.81396,1.00,1.75
2016.11.18 12:47:59.600,0.81386,0.81397,1.00,1.87
2016.11.18 12:47:59.701,0.81386,0.81397,1.00,2.62
2016.11.18 12:48:00.005,0.81386,0.81397,1.00,1.00
2016.11.18 12:48:00.236,0.81385,0.81397,1.00,3.00
2016.11.18 12:48:00.643,0.81383,0.81394,1.00,1.00
2016.11.18 12:48:00.693,0.81382,0.81389,1.00,1.00
2016.11.18 12:48:00.778,0.81378,0.81388,2.25,1.00
2016.11.18 12:48:00.879,0.81377,0.81388,1.50,2.25
2016.11.18 12:48:01.131,0.81377,0.81387,1.50,1.87
2016.11.18 12:48:01.467,0.81377,0.81383,1.00,2.25
2016.11.18 12:48:01.568,0.81374,0.81381,1.00,1.00
2016.11.18 12:48:01.720,0.81368,0.8138,1.50,1.00
2016.11.18 12:48:01.872,0.81371,0.81382,1.00,2.91
2016.11.18 12:48:02.228,0.81373,0.81382,1.00,1.00
2016.11.18 12:48:02.554,0.81375,0.81386,1.00,1.41
2016.11.18 12:48:02.605,0.81375,0.81386,1.00,1.04
2016.11.18 12:48:02.656,0.81377,0.81387,1.00,1.87
2016.11.18 12:48:02.858,0.81377,0.81389,1.00,2.54
2016.11.18 12:48:03.387,0.81377,0.81387,1.00,1.00
2016.11.18 12:48:03.970,0.81377,0.81389,1.00,2.16
2016.11.18 12:48:04.172,0.81379,0.8139,1.00,1.37
2016.11.18 12:48:04.475,0.81382,0.81392,1.00,1.50
2016.11.18 12:48:04.778,0.81387,0.81395,1.00,1.87
2016.11.18 12:48:04.829,0.81387,0.81396,1.00,1.87
2016.11.18 12:48:04.880,0.81385,0.81396,1.00,1.37
2016.11.18 12:48:04.931,0.81387,0.81398,1.00,2.62
2016.11.18 12:48:05.133,0.81388,0.81399,1.00,1.00
2016.11.18 12:48:05.501,0.8139,0.81401,1.00,1.87
2016.11.18 12:48:06.014,0.8139,0.814,1.00,1.87
2016.11.18 12:48:06.065,0.81388,0.81399,1.00,1.00
2016.11.18 12:48:06.167,0.81386,0.81397,3.37,1.00
2016.11.18 12:48:06.218,0.81385,0.81396,1.50,1.50
2016.11.18 12:48:06.270,0.81385,0.81393,1.50,1.00
2016.11.18 12:48:06.423,0.81383,0.81393,1.00,1.75
2016.11.18 12:48:06.524,0.81383,0.81393,1.00,1.50
2016.11.18 12:48:06.626,0.81383,0.81393,1.00,1.75
2016.11.18 12:48:06.916,0.81383,0.81393,1.00,1.50
2016.11.18 12:48:07.017,0.81383,0.81393,1.00,2.25
2016.11.18 12:48:07.930,0.81383,0.81394,1.00,1.87
2016.11.18 12:48:09.590,0.81382,0.81394,1.00,1.87
2016.11.18 12:48:10.000,0.81386,0.81394,1.00,1.12
2016.11.18 12:48:10.050,0.81387,0.81394,1.00,1.00
2016.11.18 12:48:10.284,0.81387,0.81397,1.00,1.37
2016.11.18 12:48:10.435,0.81388,0.81399,1.12,1.00
2016.11.18 12:48:10.940,0.81387,0.81399,1.00,1.50
2016.11.18 12:48:11.143,0.81389,0.81399,1.00,1.00
2016.11.18 12:48:11.682,0.81389,0.81401,1.00,2.62
2016.11.18 12:48:11.985,0.81394,0.81405,1.00,1.50
2016.11.18 12:48:12.137,0.81394,0.81406,1.00,1.50
2016.11.18 12:48:12.188,0.81396,0.81406,1.00,1.12
2016.11.18 12:48:12.648,0.81396,0.81408,1.00,3.22
2016.11.18 12:48:13.138,0.81398,0.81408,1.00,2.47
2016.11.18 12:48:13.438,0.81402,0.81413,1.00,1.00
2016.11.18 12:48:13.540,0.81402,0.81411,1.12,1.00
2016.11.18 12:48:13.843,0.81395,0.81406,1.12,1.12
2016.11.18 12:48:13.894,0.81397,0.81406,1.00,1.12
2016.11.18 12:48:14.471,0.81397,0.81407,1.00,1.37
2016.11.18 12:48:15.087,0.81395,0.81407,1.00,2.25
2016.11.18 12:48:15.592,0.81396,0.81407,1.00,1.87
2016.11.18 12:48:16.746,0.81395,0.81407,1.50,2.62
2016.11.18 12:48:16.847,0.81395,0.81407,1.50,2.25
2016.11.18 12:48:17.363,0.81396,0.81407,1.00,1.12
2016.11.18 12:48:17.958,0.81396,0.81406,1.00,1.00
2016.11.18 12:48:18.059,0.81396,0.81408,1.00,2.62
2016.11.18 12:48:18.565,0.81396,0.81407,1.00,1.50
2016.11.18 12:48:18.645,0.81396,0.81405,1.50,1.00
2016.11.18 12:48:19.174,0.81397,0.81406,1.00,1.00
2016.11.18 12:48:20.659,0.81397,0.81407,1.00,1.87
2016.11.18 12:48:21.876,0.81397,0.81406,1.00,1.00
2016.11.18 12:48:24.545,0.81397,0.81405,1.00,1.00
2016.11.18 12:48:25.071,0.81399,0.81408,1.00,1.00
2016.11.18 12:48:25.173,0.81402,0.81409,1.00,1.12
2016.11.18 12:48:25.276,0.81401,0.81411,1.50,1.12
2016.11.18 12:48:25.680,0.81403,0.81411,1.00,1.00
2016.11.18 12:48:25.999,0.81401,0.81411,1.50,1.00
2016.11.18 12:48:26.252,0.81403,0.81413,1.00,1.50
2016.11.18 12:48:26.761,0.81404,0.81413,1.50,1.00
2016.11.18 12:48:27.114,0.81405,0.81415,1.00,1.00
2016.11.18 12:48:27.620,0.81404,0.81415,1.00,1.12
2016.11.18 12:48:27.915,0.81409,0.81417,1.00,2.62
2016.11.18 12:48:28.168,0.81412,0.81424,1.00,4.12
2016.11.18 12:48:28.270,0.81413,0.81423,1.37,1.00
2016.11.18 12:48:28.473,0.81409,0.81421,1.75,1.00
2016.11.18 12:48:28.574,0.81409,0.8142,1.00,1.00
2016.11.18 12:48:29.123,0.81405,0.81416,1.87,1.00
2016.11.18 12:48:29.426,0.81405,0.81413,1.00,1.00
2016.11.18 12:48:29.477,0.81402,0.81413,1.87,1.00
2016.11.18 12:48:29.579,0.81401,0.81413,1.50,1.87
2016.11.18 12:48:29.731,0.81403,0.81415,1.00,4.87
2016.11.18 12:48:29.883,0.81404,0.81415,1.00,1.87
2016.11.18 12:48:30.420,0.81405,0.81415,1.00,2.16
2016.11.18 12:48:30.471,0.81401,0.81412,1.37,1.00
2016.11.18 12:48:30.623,0.814,0.81412,1.12,1.79
2016.11.18 12:48:30.776,0.814,0.81412,1.00,1.87
2016.11.18 12:48:30.879,0.81401,0.81412,1.00,1.75
2016.11.18 12:48:30.980,0.81401,0.81412,1.00,1.12
2016.11.18 12:48:31.335,0.81403,0.81414,1.00,1.75
2016.11.18 12:48:31.580,0.81406,0.81417,1.00,1.50
2016.11.18 12:48:32.085,0.81407,0.81419,1.00,2.25
2016.11.18 12:48:32.675,0.81407,0.81417,1.00,1.00
2016.11.18 12:48:33.049,0.81405,0.81415,1.12,1.00
2016.11.18 12:48:33.599,0.81406,0.81416,1.00,1.50
2016.11.18 12:48:34.061,0.81409,0.81416,1.00,1.00
2016.11.18 12:48:34.213,0.81409,0.81421,1.00,4.12
2016.11.18 12:48:34.620,0.8141,0.81422,1.00,2.25
2016.11.18 12:48:35.169,0.8141,0.81422,1.00,2.62
2016.11.18 12:48:35.687,0.8141,0.81421,1.00,1.00
2016.11.18 12:48:36.039,0.81413,0.81422,1.50,1.87
2016.11.18 12:48:36.544,0.81413,0.81423,1.50,1.00
2016.11.18 12:48:36.827,0.81411,0.81422,1.50,1.00
2016.11.18 12:48:36.878,0.81413,0.81424,1.00,2.25
2016.11.18 12:48:37.263,0.81411,0.81421,1.00,1.50
2016.11.18 12:48:37.718,0.81411,0.81419,1.00,1.00
2016.11.18 12:48:37.924,0.81409,0.81419,1.00,1.50
2016.11.18 12:48:39.008,0.81408,0.81416,1.00,1.00
2016.11.18 12:48:39.413,0.81408,0.81419,1.87,1.12
2016.11.18 12:48:39.950,0.81407,0.81418,1.00,2.25
2016.11.18 12:48:40.001,0.81407,0.81416,1.00,1.00
2016.11.18 12:48:40.203,0.81404,0.81414,1.00,1.00
2016.11.18 12:48:40.716,0.81404,0.81416,1.87,1.37
2016.11.18 12:48:41.231,0.81404,0.81416,1.87,1.50
2016.11.18 12:48:41.456,0.81404,0.81414,1.87,1.00
2016.11.18 12:48:42.015,0.81405,0.81414,1.00,1.50
2016.11.18 12:48:42.550,0.81406,0.81415,1.00,1.50
2016.11.18 12:48:42.962,0.81403,0.81414,3.00,1.00
2016.11.18 12:48:43.498,0.81404,0.81415,1.00,1.87
2016.11.18 12:48:44.004,0.81403,0.81412,1.50,1.00
2016.11.18 12:48:44.358,0.814,0.81412,1.50,1.12
2016.11.18 12:48:44.408,0.81402,0.81413,1.00,2.25
2016.11.18 12:48:44.815,0.81399,0.81409,2.62,1.00
2016.11.18 12:48:45.018,0.81397,0.81408,1.50,1.00
2016.11.18 12:48:45.069,0.81397,0.81406,2.25,1.00
2016.11.18 12:48:45.171,0.81397,0.81408,1.50,1.00
2016.11.18 12:48:45.474,0.81399,0.81409,1.00,1.12
2016.11.18 12:48:46.080,0.81399,0.81408,1.00,1.00
2016.11.18 12:48:46.811,0.81397,0.81408,2.25,1.00
2016.11.18 12:48:47.343,0.81398,0.81409,1.00,1.12
2016.11.18 12:48:48.304,0.81397,0.81409,2.62,1.50
2016.11.18 12:48:48.578,0.814,0.81411,1.00,1.87
2016.11.18 12:48:48.913,0.81405,0.81415,1.00,4.87
2016.11.18 12:48:48.964,0.81403,0.81414,1.00,1.12
2016.11.18 12:48:49.167,0.81405,0.81415,1.50,1.37
2016.11.18 12:48:49.576,0.81401,0.81409,1.12,1.00
2016.11.18 12:48:49.627,0.81399,0.81409,1.87,1.00
2016.11.18 12:48:49.930,0.81397,0.81408,1.00,1.50
2016.11.18 12:48:50.032,0.81398,0.81409,1.12,1.00
2016.11.18 12:48:50.134,0.81401,0.81409,1.00,1.00
2016.11.18 12:48:50.370,0.81401,0.81411,1.00,1.00
2016.11.18 12:48:50.471,0.814,0.81409,1.00,1.00
2016.11.18 12:48:50.991,0.81399,0.81409,1.00,1.00
2016.11.18 12:48:51.330,0.81404,0.8141,1.00,1.00
2016.11.18 12:48:51.431,0.81404,0.81414,1.00,2.62
2016.11.18 12:48:51.684,0.81405,0.81416,1.00,1.00
2016.11.18 12:48:51.735,0.814,0.81412,4.50,1.00
2016.11.18 12:48:52.038,0.81407,0.81413,1.00,1.50
2016.11.18 12:48:52.140,0.81405,0.81415,1.00,2.62
2016.11.18 12:48:52.241,0.81409,0.81418,1.00,1.00
2016.11.18 12:48:52.466,0.8141,0.81419,1.00,2.62
2016.11.18 12:48:52.567,0.8141,0.8142,1.00,1.37
2016.11.18 12:48:52.770,0.81407,0.81419,2.25,1.00
2016.11.18 12:48:53.314,0.81407,0.81418,1.00,1.00
2016.11.18 12:48:53.828,0.81408,0.81418,1.00,1.87
2016.11.18 12:48:54.289,0.81406,0.81418,1.00,3.00
2016.11.18 12:48:54.391,0.81404,0.81414,1.00,1.00
2016.11.18 12:48:54.543,0.81399,0.81411,1.00,1.12
2016.11.18 12:48:54.594,0.81398,0.81408,1.00,1.00
2016.11.18 12:48:54.796,0.81396,0.81408,1.00,2.62
2016.11.18 12:48:54.847,0.81396,0.81408,1.00,5.62
2016.11.18 12:48:55.279,0.81395,0.81405,1.00,1.37
2016.11.18 12:48:55.430,0.81393,0.81406,1.12,2.25
2016.11.18 12:48:55.867,0.81395,0.81405,1.00,1.00
2016.11.18 12:48:56.321,0.81397,0.81408,1.00,3.37
2016.11.18 12:48:56.461,0.81397,0.81408,1.00,1.00
2016.11.18 12:48:56.995,0.81398,0.81409,1.50,1.00
2016.11.18 12:48:57.349,0.81398,0.81408,1.00,1.50
2016.11.18 12:48:57.652,0.81395,0.81401,3.00,1.00
2016.11.18 12:48:57.770,0.81394,0.814,1.00,1.50
2016.11.18 12:48:57.820,0.81394,0.81398,1.00,1.00
2016.11.18 12:48:57.871,0.81388,0.81398,1.00,1.00
2016.11.18 12:48:58.376,0.81387,0.81399,1.12,1.87
2016.11.18 12:48:58.679,0.81386,0.81396,1.00,1.00
2016.11.18 12:48:59.209,0.81386,0.81397,1.50,1.00
2016.11.18 12:48:59.710,0.81386,0.81398,1.00,1.12
2016.11.18 12:49:00.013,0.81384,0.81396,1.50,2.10
2016.11.18 12:49:00.346,0.81379,0.81387,2.25,1.00
2016.11.18 12:49:00.397,0.81377,0.81387,1.50,1.00
2016.11.18 12:49:00.861,0.81377,0.81389,1.12,1.00
2016.11.18 12:49:00.912,0.81379,0.8139,1.00,1.12
2016.11.18 12:49:01.417,0.8138,0.81391,1.00,1.00
2016.11.18 12:49:01.950,0.81379,0.81391,1.00,2.25
2016.11.18 12:49:02.305,0.81379,0.81389,1.12,1.00
2016.11.18 12:49:02.659,0.81377,0.81389,1.00,1.00
2016.11.18 12:49:02.965,0.8138,0.8139,1.00,3.00
2016.11.18 12:49:03.096,0.81378,0.81389,1.50,1.50
2016.11.18 12:49:03.602,0.81377,0.81389,1.00,2.25
2016.11.18 12:49:04.048,0.81378,0.8139,1.00,1.87
2016.11.18 12:49:04.522,0.8138,0.8139,1.00,2.25
2016.11.18 12:49:04.876,0.8138,0.81391,1.00,1.00
2016.11.18 12:49:05.318,0.81382,0.81392,1.00,2.62
2016.11.18 12:49:05.860,0.81382,0.81391,1.00,1.00
2016.11.18 12:49:06.490,0.81381,0.81393,1.00,3.00
2016.11.18 12:49:06.921,0.81385,0.81393,1.00,1.50
2016.11.18 12:49:07.074,0.81388,0.81398,1.00,2.62
2016.11.18 12:49:07.125,0.8139,0.81398,1.00,2.62
2016.11.18 12:49:07.176,0.81391,0.81401,1.00,2.62
2016.11.18 12:49:07.227,0.81394,0.81401,1.00,2.62
2016.11.18 12:49:07.278,0.81393,0.81402,1.00,1.12
2016.11.18 12:49:07.379,0.81392,0.81403,1.12,1.87
2016.11.18 12:49:07.914,0.81393,0.81404,1.00,1.50
2016.11.18 12:49:08.015,0.81393,0.81404,1.00,1.50
2016.11.18 12:49:08.520,0.81391,0.81404,1.50,1.12
2016.11.18 12:49:09.053,0.81391,0.81404,1.75,1.00
2016.11.18 12:49:09.306,0.81395,0.81408,1.12,3.75
2016.11.18 12:49:09.508,0.81395,0.81409,4.12,2.62
2016.11.18 12:49:09.660,0.81395,0.81407,2.62,1.00
2016.11.18 12:49:09.711,0.81393,0.81406,3.37,1.00
2016.11.18 12:49:09.762,0.81393,0.81404,2.62,1.00
2016.11.18 12:49:09.914,0.81392,0.81404,2.25,1.00
2016.11.18 12:49:10.200,0.81391,0.81404,1.50,1.00
2016.11.18 12:49:10.353,0.81393,0.81405,1.00,1.50
2016.11.18 12:49:10.816,0.81395,0.81405,1.00,1.00
2016.11.18 12:49:10.917,0.81395,0.81407,1.50,1.00
2016.11.18 12:49:10.968,0.81397,0.81407,1.00,1.00
2016.11.18 12:49:11.228,0.814,0.81414,1.50,1.50
2016.11.18 12:49:11.329,0.81401,0.81414,1.50,1.00
2016.11.18 12:49:11.632,0.81392,0.81402,2.62,1.00
2016.11.18 12:49:11.733,0.8139,0.81403,1.50,1.50
2016.11.18 12:49:12.266,0.81391,0.81402,1.00,1.12
2016.11.18 12:49:12.876,0.81391,0.81403,1.00,1.00
2016.11.18 12:49:13.264,0.81393,0.81404,1.00,1.00
2016.11.18 12:49:13.315,0.81394,0.81407,1.00,2.25
2016.11.18 12:49:13.859,0.81394,0.81408,1.12,3.00
2016.11.18 12:49:13.910,0.81394,0.81408,1.50,2.62
2016.11.18 12:49:14.011,0.81394,0.81408,1.12,2.62
2016.11.18 12:49:14.690,0.81392,0.81405,4.12,1.00
2016.11.18 12:49:14.943,0.81394,0.81407,1.12,2.62
2016.11.18 12:49:15.146,0.81393,0.81405,1.50,1.00
2016.11.18 12:49:15.197,0.81393,0.81407,1.50,2.62
2016.11.18 12:49:15.486,0.81396,0.81409,1.50,2.62
2016.11.18 12:49:15.790,0.81395,0.81409,4.12,1.50
2016.11.18 12:49:16.045,0.81395,0.81408,2.25,1.87
2016.11.18 12:49:16.550,0.81397,0.81408,1.00,1.50
2016.11.18 12:49:16.730,0.81397,0.81409,1.12,1.12
2016.11.18 12:49:17.241,0.81397,0.8141,1.50,1.00
2016.11.18 12:49:17.817,0.81396,0.81409,1.50,1.12
2016.11.18 12:49:18.365,0.81397,0.81408,1.00,2.25
2016.11.18 12:49:18.416,0.81394,0.81408,1.87,3.00
2016.11.18 12:49:19.092,0.81397,0.81409,1.50,2.62
2016.11.18 12:49:19.143,0.81396,0.8141,2.25,2.25
2016.11.18 12:49:19.345,0.81397,0.81408,2.62,1.50
2016.11.18 12:49:19.446,0.81395,0.81406,1.12,1.00
2016.11.18 12:49:19.613,0.81394,0.81407,1.12,1.50
2016.11.18 12:49:19.715,0.81394,0.81407,1.50,1.12
2016.11.18 12:49:20.018,0.81394,0.81407,2.62,2.62
2016.11.18 12:49:20.169,0.81396,0.81407,1.00,1.00
2016.11.18 12:49:20.748,0.81395,0.81408,1.12,1.50
2016.11.18 12:49:21.019,0.81396,0.81408,2.25,1.00
2016.11.18 12:49:21.221,0.81398,0.8141,1.00,1.00
2016.11.18 12:49:22.100,0.81399,0.8141,1.00,1.00
2016.11.18 12:49:22.407,0.81403,0.81416,1.87,2.62
2016.11.18 12:49:22.862,0.81399,0.81411,3.37,1.00
2016.11.18 12:49:22.914,0.814,0.81413,1.37,1.12
2016.11.18 12:49:22.965,0.814,0.81413,1.12,1.50
2016.11.18 12:49:23.304,0.81402,0.81413,1.00,1.00
2016.11.18 12:49:23.761,0.81401,0.81415,4.12,1.12
2016.11.18 12:49:23.862,0.81404,0.81417,1.87,1.37
2016.11.18 12:49:24.406,0.81404,0.81417,1.50,1.12
2016.11.18 12:49:24.710,0.81403,0.81415,2.25,1.00
2016.11.18 12:49:24.761,0.81403,0.81417,1.75,1.12
2016.11.18 12:49:25.277,0.81404,0.81417,1.37,1.37
2016.11.18 12:49:25.781,0.81404,0.81417,2.62,1.12
2016.11.18 12:49:25.969,0.81406,0.81418,1.37,1.50
2016.11.18 12:49:27.150,0.81406,0.81419,1.75,1.00
2016.11.18 12:49:27.688,0.81406,0.8142,2.62,1.12
2016.11.18 12:49:28.200,0.81409,0.8142,1.00,2.25
2016.11.18 12:49:29.647,0.81409,0.81421,1.50,1.50
2016.11.18 12:49:30.173,0.81409,0.81421,1.37,1.87
2016.11.18 12:49:30.779,0.8141,0.81421,1.00,1.00
2016.11.18 12:49:31.317,0.81409,0.8142,1.00,1.12
2016.11.18 12:49:31.469,0.81407,0.81419,1.00,2.25
2016.11.18 12:49:31.621,0.81405,0.81417,1.41,1.50
2016.11.18 12:49:31.924,0.81402,0.81414,1.79,2.25
2016.11.18 12:49:32.328,0.81403,0.81416,1.79,1.87
2016.11.18 12:49:32.635,0.81403,0.81416,3.66,1.50
2016.11.18 12:49:32.787,0.81402,0.81414,1.79,1.00
2016.11.18 12:49:33.576,0.81403,0.81416,1.87,2.25
2016.11.18 12:49:33.627,0.81403,0.81416,3.00,2.25
2016.11.18 12:49:34.803,0.81405,0.81415,1.00,1.50
2016.11.18 12:49:35.172,0.81407,0.81418,1.50,2.62
2016.11.18 12:49:35.374,0.81407,0.8142,1.50,2.62
2016.11.18 12:49:35.907,0.81407,0.81419,2.16,1.00
2016.11.18 12:49:36.059,0.81407,0.8142,5.16,1.12
2016.11.18 12:49:37.043,0.81408,0.81421,2.54,1.87
2016.11.18 12:49:37.349,0.81405,0.81411,2.25,1.50
2016.11.18 12:49:37.402,0.81402,0.81411,1.75,1.50
2016.11.18 12:49:37.604,0.81401,0.81411,1.00,1.87
2016.11.18 12:49:38.213,0.81402,0.81412,1.00,1.00
2016.11.18 12:49:38.859,0.81402,0.81413,1.00,2.25
2016.11.18 12:49:39.337,0.81402,0.81411,1.00,1.00
2016.11.18 12:49:39.539,0.814,0.8141,2.16,1.00
2016.11.18 12:49:39.777,0.81401,0.81411,1.37,2.25
2016.11.18 12:49:40.282,0.81399,0.81411,1.79,1.00
2016.11.18 12:49:40.383,0.81399,0.81412,4.41,1.50
2016.11.18 12:49:40.686,0.814,0.81412,1.50,1.50
2016.11.18 12:49:40.788,0.814,0.81412,2.54,1.00
2016.11.18 12:49:41.392,0.81401,0.81413,1.79,1.00
2016.11.18 12:49:42.494,0.814,0.81412,2.54,1.00
2016.11.18 12:49:42.999,0.81401,0.81413,1.79,1.50
2016.11.18 12:49:43.505,0.81402,0.81412,3.00,1.00
2016.11.18 12:49:43.841,0.81402,0.81414,2.54,1.12
2016.11.18 12:49:43.942,0.81402,0.81413,1.04,1.00
2016.11.18 12:49:43.993,0.81403,0.81415,1.12,1.87
2016.11.18 12:49:44.095,0.81405,0.81416,1.50,1.00
2016.11.18 12:49:44.608,0.81405,0.81418,1.87,1.87
2016.11.18 12:49:45.150,0.81407,0.81418,1.12,1.50
2016.11.18 12:49:45.697,0.81407,0.81418,2.25,1.00
2016.11.18 12:49:46.101,0.81407,0.81415,1.50,1.00
2016.11.18 12:49:46.303,0.81406,0.81416,1.00,1.00
2016.11.18 12:49:46.823,0.81405,0.81415,1.41,1.12
2016.11.18 12:49:47.176,0.81407,0.81416,1.00,1.00
2016.11.18 12:49:47.681,0.81406,0.81416,1.04,1.00
2016.11.18 12:49:48.162,0.81408,0.8142,1.12,2.62
2016.11.18 12:49:48.365,0.81409,0.8142,1.50,1.00
2016.11.18 12:49:48.671,0.81406,0.81417,1.75,1.00
2016.11.18 12:49:49.172,0.81406,0.81417,1.37,1.00
2016.11.18 12:49:49.549,0.81405,0.81416,1.12,1.00
2016.11.18 12:49:49.802,0.81403,0.81416,2.25,2.62
2016.11.18 12:49:49.904,0.81404,0.81416,1.87,1.87
2016.11.18 12:49:50.410,0.81404,0.81416,1.87,1.12
2016.11.18 12:49:50.944,0.81404,0.81416,2.25,1.12
2016.11.18 12:49:51.247,0.81407,0.81417,1.87,2.25
2016.11.18 12:49:51.500,0.81407,0.81418,1.50,1.50
2016.11.18 12:49:52.147,0.81409,0.81419,1.00,1.00
2016.11.18 12:49:52.300,0.81409,0.81421,1.50,1.50
2016.11.18 12:49:52.452,0.81411,0.81422,1.00,1.87
2016.11.18 12:49:53.001,0.81412,0.81424,1.50,1.87
2016.11.18 12:49:53.502,0.81412,0.81424,3.00,1.87
2016.11.18 12:49:54.007,0.81412,0.81423,1.12,1.87
2016.11.18 12:49:54.517,0.81411,0.81422,1.50,1.00
2016.11.18 12:49:55.068,0.81411,0.81423,1.50,1.00
2016.11.18 12:49:55.482,0.8141,0.81421,3.75,1.00
2016.11.18 12:49:55.735,0.81409,0.8142,1.87,1.00
2016.11.18 12:49:57.075,0.8141,0.81419,1.00,1.00
2016.11.18 12:49:57.126,0.81408,0.81419,1.50,1.00
2016.11.18 12:49:57.849,0.81406,0.81418,3.37,1.00
2016.11.18 12:49:58.428,0.81407,0.81415,1.00,1.00
2016.11.18 12:49:58.632,0.81402,0.81414,1.37,2.62
2016.11.18 12:49:58.733,0.81401,0.81414,2.25,2.25
2016.11.18 12:49:58.848,0.81401,0.81414,1.87,2.25
2016.11.18 12:49:59.529,0.81402,0.81414,1.00,1.87
2016.11.18 12:49:59.707,0.81404,0.81414,1.00,1.12
2016.11.18 12:49:59.859,0.81406,0.81418,2.85,1.87
2016.11.18 12:50:00.382,0.81406,0.81419,2.85,2.62
2016.11.18 12:50:00.433,0.81405,0.81416,3.00,1.00
2016.11.18 12:50:00.623,0.81405,0.81415,1.50,1.00
2016.11.18 12:50:00.878,0.81403,0.81413,1.12,1.00
2016.11.18 12:50:01.337,0.81402,0.81415,6.29,1.50
2016.11.18 12:50:01.874,0.81404,0.81415,1.04,1.87
2016.11.18 12:50:02.595,0.81404,0.81415,1.29,3.00
2016.11.18 12:50:02.980,0.81401,0.81411,1.50,1.00
2016.11.18 12:50:03.031,0.81399,0.81411,2.25,1.50
2016.11.18 12:50:03.233,0.814,0.8141,3.37,1.00
2016.11.18 12:50:03.385,0.814,0.81412,2.25,1.50
2016.11.18 12:50:03.925,0.81401,0.81413,1.12,2.25
2016.11.18 12:50:04.517,0.814,0.81411,1.50,1.00
2016.11.18 12:50:04.864,0.81398,0.81407,1.75,1.00
2016.11.18 12:50:05.167,0.81394,0.81403,1.00,1.00
2016.11.18 12:50:05.268,0.81395,0.81405,1.50,1.12
2016.11.18 12:50:05.818,0.81395,0.81406,1.12,1.50
2016.11.18 12:50:06.085,0.81397,0.81407,1.00,1.50
2016.11.18 12:50:06.136,0.81395,0.81406,1.12,1.50
2016.11.18 12:50:06.647,0.81394,0.81406,2.25,1.87
2016.11.18 12:50:07.000,0.81396,0.81406,1.00,1.00
2016.11.18 12:50:07.331,0.81401,0.8141,1.00,1.12
2016.11.18 12:50:08.258,0.81401,0.81411,1.00,1.87
2016.11.18 12:50:08.768,0.81402,0.81412,1.50,1.00
2016.11.18 12:50:09.291,0.81403,0.81413,1.00,1.00
2016.11.18 12:50:09.650,0.81404,0.81415,1.00,2.62
2016.11.18 12:50:10.162,0.81404,0.81415,1.50,1.00
2016.11.18 12:50:10.690,0.81403,0.81414,1.50,1.00
2016.11.18 12:50:11.209,0.81403,0.81414,1.12,1.00
2016.11.18 12:50:11.833,0.81403,0.81415,1.12,1.87
2016.11.18 12:50:11.935,0.81406,0.81415,1.00,1.12
2016.11.18 12:50:11.985,0.81406,0.81417,2.25,1.00
2016.11.18 12:50:12.087,0.81407,0.81419,1.50,3.00
2016.11.18 12:50:12.188,0.81406,0.81418,1.87,1.12
2016.11.18 12:50:12.584,0.81406,0.81416,1.00,1.00
2016.11.18 12:50:13.094,0.81405,0.81416,1.87,1.00
2016.11.18 12:50:13.607,0.81405,0.81415,1.00,1.50
2016.11.18 12:50:14.505,0.81404,0.81416,1.50,1.00
2016.11.18 12:50:14.831,0.81407,0.81419,1.00,1.87
2016.11.18 12:50:14.882,0.81407,0.81419,1.12,1.50
2016.11.18 12:50:15.390,0.81408,0.81418,1.50,1.00
2016.11.18 12:50:15.491,0.81408,0.8142,2.25,1.00
2016.11.18 12:50:15.794,0.8141,0.81423,3.22,3.37
2016.11.18 12:50:15.896,0.8141,0.81423,3.00,2.62
2016.11.18 12:50:15.998,0.81412,0.81423,1.87,1.50
2016.11.18 12:50:16.398,0.81412,0.81423,1.50,1.50
2016.11.18 12:50:16.718,0.81416,0.81426,1.00,2.62
2016.11.18 12:50:16.770,0.81416,0.81426,1.00,1.00
2016.11.18 12:50:17.350,0.81416,0.81427,1.50,1.00
2016.11.18 12:50:17.889,0.81418,0.81427,1.00,1.00
2016.11.18 12:50:18.393,0.81419,0.81428,1.00,1.00
2016.11.18 12:50:18.620,0.8142,0.81431,1.37,1.29
2016.11.18 12:50:18.924,0.8142,0.81431,3.37,1.04
2016.11.18 12:50:19.126,0.81421,0.81432,1.00,1.79
2016.11.18 12:50:19.227,0.81421,0.81431,2.62,1.50
2016.11.18 12:50:19.329,0.8142,0.8143,1.50,1.00
2016.11.18 12:50:19.919,0.8142,0.8143,1.00,1.00
2016.11.18 12:50:20.424,0.81419,0.8143,1.12,1.50
2016.11.18 12:50:20.679,0.81421,0.81431,1.00,1.41
2016.11.18 12:50:22.002,0.8142,0.81431,1.50,1.00
2016.11.18 12:50:22.305,0.81424,0.81435,1.00,1.87
2016.11.18 12:50:22.853,0.81425,0.81436,1.00,1.41
2016.11.18 12:50:24.038,0.81426,0.81436,1.00,1.12
2016.11.18 12:50:24.662,0.81426,0.81437,1.00,1.41
2016.11.18 12:50:25.195,0.81425,0.81436,1.00,1.00
2016.11.18 12:50:25.666,0.81427,0.81437,1.00,1.00
2016.11.18 12:50:26.191,0.81426,0.81436,1.87,1.00
2016.11.18 12:50:27.262,0.81424,0.81432,1.50,1.00
2016.11.18 12:50:27.313,0.81422,0.8143,1.12,1.04
2016.11.18 12:50:27.414,0.81419,0.81429,1.87,1.00
2016.11.18 12:50:28.172,0.81418,0.81429,3.00,1.00
2016.11.18 12:50:28.374,0.81421,0.8143,1.00,1.00
2016.11.18 12:50:29.000,0.81421,0.81431,2.25,1.00
2016.11.18 12:50:29.365,0.81422,0.81434,1.12,1.29
2016.11.18 12:50:29.416,0.81423,0.81435,1.87,2.54
2016.11.18 12:50:29.518,0.81423,0.81435,2.25,1.50
2016.11.18 12:50:29.821,0.81423,0.81433,1.12,1.00
2016.11.18 12:50:30.124,0.81426,0.81437,1.00,1.50
2016.11.18 12:50:30.225,0.81426,0.81438,1.50,1.12
2016.11.18 12:50:30.430,0.81428,0.81438,1.00,1.00
2016.11.18 12:50:31.122,0.81426,0.81436,3.75,1.00
2016.11.18 12:50:31.324,0.81426,0.81438,2.25,1.79
2016.11.18 12:50:31.857,0.81427,0.81438,1.00,1.79
2016.11.18 12:50:32.400,0.8143,0.81439,1.00,1.50
2016.11.18 12:50:32.653,0.81434,0.81444,1.00,1.04
2016.11.18 12:50:33.058,0.81433,0.81442,2.62,1.00
2016.11.18 12:50:33.235,0.81431,0.81439,1.00,1.00
2016.11.18 12:50:33.593,0.81429,0.8144,1.87,1.00
2016.11.18 12:50:34.095,0.8143,0.8144,1.00,1.00
2016.11.18 12:50:34.638,0.81429,0.81439,1.12,1.00
2016.11.18 12:50:34.930,0.81429,0.81439,1.50,1.00
2016.11.18 12:50:34.983,0.81431,0.81441,1.50,1.50
2016.11.18 12:50:35.134,0.81431,0.81441,1.75,1.00
2016.11.18 12:50:35.653,0.81432,0.81442,2.25,1.00
2016.11.18 12:50:36.433,0.81432,0.81442,1.12,1.04
2016.11.18 12:50:36.943,0.81432,0.81443,1.12,1.00
2016.11.18 12:50:37.361,0.81434,0.81443,1.00,1.00
2016.11.18 12:50:37.767,0.81434,0.81445,1.00,1.12
2016.11.18 12:50:38.073,0.81436,0.81445,1.00,1.12
2016.11.18 12:50:38.588,0.81437,0.81446,1.00,2.25
2016.11.18 12:50:39.503,0.81439,0.81446,1.00,1.00
2016.11.18 12:50:40.213,0.8144,0.81449,1.00,3.37
2016.11.18 12:50:40.264,0.8144,0.81451,1.00,4.50
2016.11.18 12:50:40.365,0.8144,0.81451,1.50,2.25
2016.11.18 12:50:40.568,0.81442,0.81453,2.25,1.00
2016.11.18 12:50:40.669,0.81442,0.81453,1.00,1.00
2016.11.18 12:50:41.093,0.81444,0.81453,1.00,1.00
2016.11.18 12:50:41.144,0.81445,0.81455,1.00,1.12
2016.11.18 12:50:41.296,0.81445,0.81457,1.87,1.50
2016.11.18 12:50:41.549,0.81446,0.81457,1.50,1.00
2016.11.18 12:50:42.054,0.81445,0.81456,1.50,1.50
2016.11.18 12:50:42.264,0.81442,0.81454,3.00,1.00
2016.11.18 12:50:42.718,0.81445,0.81454,1.50,1.00
2016.11.18 12:50:42.870,0.81447,0.81459,1.50,1.00
2016.11.18 12:50:43.374,0.81446,0.81459,2.25,1.12
2016.11.18 12:50:43.913,0.81445,0.81457,3.00,1.50
2016.11.18 12:50:44.216,0.81443,0.81456,1.50,2.25
2016.11.18 12:50:44.317,0.81445,0.81454,1.00,1.00
2016.11.18 12:50:44.469,0.81445,0.81456,1.00,1.12
2016.11.18 12:50:45.070,0.81444,0.81457,3.00,1.87
2016.11.18 12:50:45.373,0.81445,0.81455,1.00,1.00
2016.11.18 12:50:45.887,0.81444,0.81454,1.50,1.00
2016.11.18 12:50:46.194,0.81444,0.81454,1.50,1.00
2016.11.18 12:50:46.665,0.81446,0.81456,1.12,1.00
2016.11.18 12:50:46.868,0.81447,0.81458,1.00,1.00
2016.11.18 12:50:47.397,0.81445,0.81457,1.87,1.50
2016.11.18 12:50:47.700,0.81448,0.81458,1.00,1.87
2016.11.18 12:50:47.984,0.81448,0.81459,1.87,1.00
2016.11.18 12:50:48.187,0.8145,0.81462,1.50,2.25
2016.11.18 12:50:48.492,0.81451,0.81462,1.37,1.00
2016.11.18 12:50:48.795,0.81452,0.81464,1.00,1.12
2016.11.18 12:50:49.423,0.81453,0.81464,1.00,1.00
2016.11.18 12:50:49.879,0.81451,0.81464,2.25,1.87
2016.11.18 12:50:50.434,0.81451,0.81464,2.62,1.87
2016.11.18 12:50:50.585,0.81454,0.81464,1.00,1.00
2016.11.18 12:50:50.687,0.81454,0.81466,1.00,1.87
2016.11.18 12:50:51.169,0.81456,0.81467,1.00,1.50
2016.11.18 12:50:51.220,0.81456,0.81467,1.50,1.00
2016.11.18 12:50:51.726,0.81455,0.81466,1.87,1.12
2016.11.18 12:50:52.829,0.81457,0.81467,1.00,1.00
2016.11.18 12:50:52.930,0.81458,0.81469,1.50,1.87
2016.11.18 12:50:53.182,0.81458,0.81467,1.12,1.50
2016.11.18 12:50:53.385,0.81455,0.81466,1.00,1.12
2016.11.18 12:50:53.486,0.81452,0.81463,3.00,1.50
2016.11.18 12:50:53.818,0.81452,0.81463,1.00,1.12
2016.11.18 12:50:54.020,0.81452,0.81463,1.00,1.50
2016.11.18 12:50:54.121,0.81452,0.81463,1.00,1.12
2016.11.18 12:50:54.657,0.81453,0.81464,1.00,1.87
2016.11.18 12:50:54.910,0.81455,0.81468,1.00,3.37
2016.11.18 12:50:55.440,0.81456,0.81468,1.00,3.00
2016.11.18 12:50:55.592,0.81456,0.81468,1.00,4.87
2016.11.18 12:50:56.534,0.81455,0.81465,1.12,1.87
2016.11.18 12:50:56.833,0.8145,0.81461,1.00,1.00
2016.11.18 12:50:57.190,0.81453,0.81463,1.00,3.37
2016.11.18 12:50:57.342,0.81455,0.81465,1.00,2.25
2016.11.18 12:50:57.443,0.81455,0.81467,1.00,2.62
2016.11.18 12:50:58.311,0.81455,0.81467,1.00,1.12
2016.11.18 12:50:58.833,0.81456,0.81467,1.00,1.12
2016.11.18 12:50:59.287,0.81456,0.81466,1.00,2.25
2016.11.18 12:50:59.539,0.81454,0.81465,1.00,1.00
2016.11.18 12:51:01.116,0.81456,0.81465,1.00,1.12
2016.11.18 12:51:02.502,0.81455,0.81465,1.00,1.00
2016.11.18 12:51:03.041,0.81455,0.81464,1.00,1.00
2016.11.18 12:51:03.557,0.81454,0.81464,1.50,1.00
2016.11.18 12:51:03.860,0.81451,0.8146,1.50,1.12
2016.11.18 12:51:03.962,0.81449,0.8146,1.12,2.62
2016.11.18 12:51:04.484,0.81448,0.8146,1.00,2.25
2016.11.18 12:51:04.535,0.81451,0.81457,1.00,1.00
2016.11.18 12:51:04.636,0.81452,0.81463,1.50,1.37
2016.11.18 12:51:04.737,0.81452,0.81464,1.50,1.12
2016.11.18 12:51:05.440,0.81451,0.81464,2.25,1.87
2016.11.18 12:51:05.828,0.8145,0.81462,2.25,1.50
2016.11.18 12:51:06.132,0.8145,0.81461,1.00,1.37
2016.11.18 12:51:06.457,0.81448,0.81459,1.50,1.50
2016.11.18 12:51:06.508,0.81448,0.81459,1.50,2.25
2016.11.18 12:51:06.660,0.81448,0.81459,1.50,1.37
2016.11.18 12:51:06.862,0.81448,0.8146,3.00,1.00
2016.11.18 12:51:07.406,0.81448,0.81459,1.50,1.00
2016.11.18 12:51:07.951,0.81448,0.81459,1.87,1.87
2016.11.18 12:51:09.819,0.81449,0.81458,1.00,1.50
2016.11.18 12:51:10.503,0.81448,0.81458,1.50,1.00
2016.11.18 12:51:10.554,0.8145,0.81459,1.00,1.87
2016.11.18 12:51:11.075,0.81449,0.81459,1.00,1.00
2016.11.18 12:51:11.563,0.81448,0.81455,1.50,1.00
2016.11.18 12:51:11.765,0.81447,0.81457,1.12,1.00
2016.11.18 12:51:13.379,0.81446,0.81457,1.50,1.87
2016.11.18 12:51:13.531,0.81446,0.81457,1.00,2.25
2016.11.18 12:51:14.055,0.81447,0.81455,1.00,1.00
2016.11.18 12:51:14.106,0.81445,0.81455,1.00,1.00
2016.11.18 12:51:14.416,0.81442,0.81454,1.50,2.25
2016.11.18 12:51:14.568,0.81442,0.81452,2.25,1.00
2016.11.18 12:51:15.710,0.81441,0.81452,1.50,1.12
2016.11.18 12:51:16.239,0.81441,0.81452,1.50,1.37
2016.11.18 12:51:17.267,0.81441,0.8145,1.00,1.00
2016.11.18 12:51:17.368,0.81439,0.81449,1.12,1.00
2016.11.18 12:51:17.470,0.81437,0.81448,1.75,2.25
2016.11.18 12:51:17.571,0.81437,0.81448,1.00,1.87
2016.11.18 12:51:18.116,0.81436,0.81447,1.00,1.00
2016.11.18 12:51:18.679,0.8144,0.81447,1.00,1.00
2016.11.18 12:51:18.882,0.8144,0.8145,1.87,1.00
2016.11.18 12:51:20.365,0.8144,0.8145,1.87,1.00
2016.11.18 12:51:20.714,0.81441,0.81452,1.12,2.25
2016.11.18 12:51:21.680,0.81444,0.81452,1.00,1.00
2016.11.18 12:51:21.731,0.81442,0.81452,2.25,1.00
2016.11.18 12:51:22.241,0.81441,0.81452,1.00,2.25
2016.11.18 12:51:22.755,0.8144,0.81452,1.87,2.62
2016.11.18 12:51:23.292,0.8144,0.81451,1.50,1.50
2016.11.18 12:51:23.944,0.81439,0.81451,2.25,2.25
2016.11.18 12:51:24.153,0.81442,0.81452,1.00,1.87
2016.11.18 12:51:24.356,0.81442,0.81453,1.00,1.50
2016.11.18 12:51:24.878,0.81441,0.81452,2.25,1.12
2016.11.18 12:51:25.404,0.81443,0.81453,1.00,1.37
2016.11.18 12:51:25.606,0.81444,0.81455,1.00,2.62
2016.11.18 12:51:26.161,0.81446,0.81456,1.00,1.12
2016.11.18 12:51:26.464,0.81445,0.81457,1.00,4.87
2016.11.18 12:51:26.566,0.81445,0.81456,1.00,1.00
2016.11.18 12:51:27.004,0.81444,0.81455,1.50,1.75
2016.11.18 12:51:27.359,0.81442,0.81454,2.25,3.37
2016.11.18 12:51:27.589,0.81442,0.81454,1.50,1.50
2016.11.18 12:51:28.104,0.81442,0.81454,1.00,1.87
2016.11.18 12:51:28.255,0.81442,0.81454,1.00,3.00
2016.11.18 12:51:28.702,0.81442,0.81446,1.00,1.50
2016.11.18 12:51:28.804,0.81435,0.81445,1.50,1.50
2016.11.18 12:51:28.905,0.81434,0.81445,1.00,4.12
2016.11.18 12:51:29.014,0.81434,0.81445,2.25,1.50
2016.11.18 12:51:30.503,0.81435,0.81444,1.00,1.00
2016.11.18 12:51:31.209,0.81435,0.81442,1.00,1.00
2016.11.18 12:51:31.260,0.81435,0.81444,1.00,1.12
2016.11.18 12:51:31.311,0.81433,0.81444,1.00,1.50
2016.11.18 12:51:31.514,0.81432,0.81444,1.50,4.12
2016.11.18 12:51:31.843,0.81435,0.81446,1.00,2.25
2016.11.18 12:51:32.163,0.81437,0.81447,1.00,1.00
2016.11.18 12:51:32.669,0.81439,0.81449,1.00,1.50
2016.11.18 12:51:33.309,0.81439,0.8145,1.50,1.50
2016.11.18 12:51:33.879,0.8144,0.8145,1.50,1.00
2016.11.18 12:51:34.650,0.8144,0.81449,1.50,1.00
2016.11.18 12:51:35.077,0.81438,0.81449,1.00,1.50
2016.11.18 12:51:35.178,0.81437,0.81448,1.50,1.87
2016.11.18 12:51:35.539,0.81435,0.81443,1.00,1.00
2016.11.18 12:51:35.691,0.81432,0.81443,1.50,1.50
2016.11.18 12:51:37.179,0.81431,0.81441,1.00,1.12
2016.11.18 12:51:37.719,0.81432,0.81441,1.50,1.00
2016.11.18 12:51:38.198,0.81433,0.81443,1.00,1.12
2016.11.18 12:51:39.091,0.81432,0.81443,1.50,1.00
2016.11.18 12:51:39.618,0.81433,0.81443,1.00,1.00
2016.11.18 12:51:40.465,0.81433,0.81441,1.50,1.00
2016.11.18 12:51:40.723,0.81431,0.81441,1.50,1.00
2016.11.18 12:51:41.279,0.81431,0.8144,1.00,1.00
2016.11.18 12:51:41.595,0.81433,0.81442,1.00,1.00
2016.11.18 12:51:41.976,0.81435,0.81443,1.00,1.00
2016.11.18 12:51:42.738,0.81436,0.81446,1.00,1.87
2016.11.18 12:51:43.273,0.81437,0.81446,1.00,1.00
2016.11.18 12:51:44.041,0.81437,0.81447,1.00,1.87
2016.11.18 12:51:44.459,0.81439,0.81448,1.00,1.87
2016.11.18 12:51:44.722,0.81437,0.81447,1.50,1.50
2016.11.18 12:51:45.076,0.81439,0.81449,1.00,2.25
2016.11.18 12:51:45.177,0.81438,0.8145,1.87,1.12
2016.11.18 12:51:45.682,0.81438,0.8145,2.25,1.37
2016.11.18 12:51:46.227,0.81439,0.8145,1.50,1.00
2016.11.18 12:51:46.767,0.81439,0.81449,1.12,1.00
2016.11.18 12:51:47.122,0.81437,0.81448,3.37,1.00
2016.11.18 12:51:47.707,0.81437,0.81448,1.12,2.25
2016.11.18 12:51:48.308,0.81436,0.81447,1.00,1.00
2016.11.18 12:51:48.838,0.81437,0.81447,1.00,1.00
2016.11.18 12:51:48.939,0.81437,0.81449,2.25,1.12
2016.11.18 12:51:49.290,0.81439,0.81449,1.00,1.00
2016.11.18 12:51:49.697,0.81437,0.81448,1.50,1.00
2016.11.18 12:51:49.748,0.81439,0.81448,1.00,1.12
2016.11.18 12:51:50.493,0.8144,0.81451,1.50,2.62
2016.11.18 12:51:50.645,0.81441,0.81453,1.00,1.75
2016.11.18 12:51:50.747,0.81443,0.81454,1.00,1.50
2016.11.18 12:51:51.265,0.81443,0.81454,1.50,1.50
2016.11.18 12:51:51.897,0.81444,0.81455,1.00,1.37
2016.11.18 12:51:52.543,0.81445,0.81455,1.00,1.37
2016.11.18 12:51:52.846,0.81447,0.81454,1.00,1.50
2016.11.18 12:51:52.897,0.81444,0.81454,1.50,1.50
2016.11.18 12:51:53.405,0.81443,0.81453,1.00,1.12
2016.11.18 12:51:53.907,0.81443,0.81452,1.00,1.00
2016.11.18 12:51:54.381,0.81443,0.81448,1.00,1.00
2016.11.18 12:51:54.483,0.81439,0.81448,1.50,1.00
2016.11.18 12:51:55.398,0.81437,0.81448,2.25,1.00
2016.11.18 12:51:56.085,0.81437,0.81445,1.50,1.00
2016.11.18 12:51:56.237,0.81434,0.81445,1.87,1.50
2016.11.18 12:51:57.061,0.81434,0.81444,1.12,1.00
2016.11.18 12:51:57.401,0.81438,0.81447,1.00,1.00
2016.11.18 12:52:00.087,0.81437,0.81447,1.50,1.12
2016.11.18 12:52:01.054,0.81436,0.81447,2.62,1.12
2016.11.18 12:52:01.586,0.81437,0.81446,1.00,1.00
2016.11.18 12:52:02.141,0.81436,0.81445,1.12,1.00
2016.11.18 12:52:02.344,0.81434,0.81444,1.50,1.00
2016.11.18 12:52:02.915,0.81433,0.81444,1.87,1.12
2016.11.18 12:52:03.302,0.81435,0.81445,1.00,1.37
2016.11.18 12:52:03.605,0.81437,0.81446,1.00,1.50
2016.11.18 12:52:04.125,0.81436,0.81446,1.12,1.12
2016.11.18 12:52:04.752,0.81437,0.81446,1.50,1.12
2016.11.18 12:52:05.286,0.81439,0.81447,1.00,1.37
2016.11.18 12:52:05.814,0.81439,0.81447,1.50,1.00
2016.11.18 12:52:07.325,0.81438,0.81447,2.25,1.00
2016.11.18 12:52:07.843,0.81437,0.81446,2.25,1.00
2016.11.18 12:52:09.244,0.81437,0.81444,1.00,1.12
2016.11.18 12:52:09.345,0.81433,0.81443,2.25,1.00
2016.11.18 12:52:10.395,0.81433,0.81443,1.50,1.87
2016.11.18 12:52:10.953,0.81433,0.81443,2.25,3.37
2016.11.18 12:52:11.054,0.81435,0.81443,1.00,1.00
2016.11.18 12:52:11.237,0.81433,0.81442,1.00,1.00
2016.11.18 12:52:11.761,0.81433,0.81441,1.00,1.00
2016.11.18 12:52:12.343,0.81433,0.81442,1.00,1.00
2016.11.18 12:52:12.711,0.81433,0.8144,1.50,1.00
2016.11.18 12:52:12.762,0.81433,0.81442,1.00,1.87
2016.11.18 12:52:12.964,0.81433,0.8144,1.50,1.00
2016.11.18 12:52:13.015,0.81433,0.81443,1.50,1.87
2016.11.18 12:52:13.066,0.81433,0.81441,1.50,1.12
2016.11.18 12:52:13.458,0.81431,0.8144,1.00,1.00
2016.11.18 12:52:13.963,0.81432,0.81441,2.25,1.00
2016.11.18 12:52:14.014,0.81435,0.81443,1.00,1.12
2016.11.18 12:52:14.550,0.81434,0.81443,1.00,1.00
2016.11.18 12:52:17.329,0.81435,0.81443,1.00,1.00
2016.11.18 12:52:17.632,0.81442,0.81446,1.00,1.00
2016.11.18 12:52:17.683,0.81443,0.81451,1.00,2.62
2016.11.18 12:52:17.885,0.81443,0.81452,1.00,1.12
2016.11.18 12:52:18.664,0.81444,0.81451,1.00,1.00
2016.11.18 12:52:18.959,0.81442,0.81451,1.00,1.00
2016.11.18 12:52:19.061,0.81441,0.81449,1.12,1.00
2016.11.18 12:52:19.162,0.81438,0.81448,3.00,1.50
2016.11.18 12:52:19.314,0.81442,0.8145,1.00,1.75
2016.11.18 12:52:19.644,0.81445,0.81454,1.00,1.12
2016.11.18 12:52:19.745,0.81443,0.81452,1.12,1.00
2016.11.18 12:52:20.049,0.8144,0.81449,1.50,1.00
2016.11.18 12:52:20.100,0.81439,0.81448,1.12,1.50
2016.11.18 12:52:20.201,0.81437,0.81446,1.50,1.50
2016.11.18 12:52:20.303,0.81436,0.81446,1.12,1.50
2016.11.18 12:52:20.740,0.81434,0.81445,1.50,1.00
2016.11.18 12:52:21.144,0.81437,0.81446,1.00,1.87
2016.11.18 12:52:22.309,0.81439,0.81447,1.00,1.37
2016.11.18 12:52:22.633,0.81441,0.8145,1.00,4.87
2016.11.18 12:52:22.684,0.81439,0.81446,1.00,1.00
2016.11.18 12:52:22.836,0.81435,0.81444,2.62,1.00
2016.11.18 12:52:22.886,0.81434,0.81443,3.37,1.00
2016.11.18 12:52:22.937,0.81434,0.81441,2.62,1.50
2016.11.18 12:52:22.989,0.81433,0.81439,1.00,1.00
2016.11.18 12:52:23.090,0.81431,0.81439,1.00,1.00
2016.11.18 12:52:23.191,0.8143,0.81441,2.25,1.12
2016.11.18 12:52:23.293,0.81429,0.81439,3.37,1.00
2016.11.18 12:52:23.343,0.81429,0.81441,2.62,1.00
2016.11.18 12:52:23.445,0.8143,0.81439,1.37,1.00
2016.11.18 12:52:23.546,0.81427,0.81438,3.00,1.00
2016.11.18 12:52:23.795,0.81425,0.81437,2.62,2.25
2016.11.18 12:52:24.322,0.81425,0.81436,1.00,1.12
2016.11.18 12:52:24.832,0.81426,0.81436,1.00,1.12
2016.11.18 12:52:25.507,0.81426,0.81436,1.00,1.50
2016.11.18 12:52:25.911,0.81426,0.81433,1.00,1.00
2016.11.18 12:52:26.012,0.81426,0.81435,1.00,1.87
2016.11.18 12:52:26.388,0.81423,0.81434,1.87,1.50
2016.11.18 12:52:26.439,0.81423,0.81432,1.87,1.00
2016.11.18 12:52:26.743,0.8142,0.81429,1.00,1.12
2016.11.18 12:52:27.238,0.81421,0.81431,1.00,1.50
2016.11.18 12:52:27.339,0.81419,0.8143,1.50,1.87
2016.11.18 12:52:27.594,0.81422,0.81434,1.50,2.25
2016.11.18 12:52:27.796,0.8142,0.8143,2.25,1.00
2016.11.18 12:52:28.230,0.81422,0.81432,1.87,1.00
2016.11.18 12:52:28.282,0.81425,0.81432,1.00,1.00
2016.11.18 12:52:28.535,0.81422,0.81434,2.25,1.00
2016.11.18 12:52:28.586,0.81421,0.81432,3.37,1.00
2016.11.18 12:52:28.688,0.8142,0.81432,1.50,1.50
2016.11.18 12:52:28.790,0.81419,0.8143,1.75,1.00
2016.11.18 12:52:28.955,0.81419,0.8143,1.50,1.12
2016.11.18 12:52:29.346,0.81421,0.81431,1.00,1.00
2016.11.18 12:52:29.850,0.81421,0.8143,1.00,1.00
2016.11.18 12:52:30.305,0.8142,0.81432,1.00,2.25
2016.11.18 12:52:30.815,0.81419,0.81431,3.00,1.87
2016.11.18 12:52:31.018,0.81419,0.8143,1.87,1.00
2016.11.18 12:52:31.281,0.8142,0.81432,1.12,1.12
2016.11.18 12:52:31.938,0.81421,0.81432,1.00,1.87
2016.11.18 12:52:32.756,0.81421,0.81432,1.87,1.00
2016.11.18 12:52:33.160,0.81423,0.81434,1.37,3.00
2016.11.18 12:52:35.168,0.81424,0.81433,1.00,1.00
2016.11.18 12:52:35.219,0.81424,0.81431,1.00,1.50
2016.11.18 12:52:35.523,0.81407,0.81418,4.12,1.00
2016.11.18 12:52:35.624,0.8141,0.8142,1.00,1.00
2016.11.18 12:52:35.676,0.81412,0.81423,1.50,4.50
2016.11.18 12:52:35.853,0.81412,0.81424,2.25,1.50
2016.11.18 12:52:35.954,0.81412,0.81422,2.25,1.00
2016.11.18 12:52:36.005,0.81412,0.81424,2.25,1.50
2016.11.18 12:52:36.460,0.81411,0.81423,1.79,1.00
2016.11.18 12:52:36.612,0.81411,0.81421,1.00,1.00
2016.11.18 12:52:36.915,0.81407,0.8142,3.29,1.00
2016.11.18 12:52:37.421,0.81409,0.81419,1.00,1.00
2016.11.18 12:52:38.068,0.81409,0.81419,1.37,1.00
2016.11.18 12:52:38.422,0.8141,0.81422,1.12,1.12
2016.11.18 12:52:38.543,0.8141,0.81419,1.50,1.00
2016.11.18 12:52:38.846,0.81396,0.81408,1.12,1.12
2016.11.18 12:52:38.897,0.81396,0.81406,1.87,1.00
2016.11.18 12:52:39.050,0.81393,0.81405,3.00,1.12
2016.11.18 12:52:41.556,0.81393,0.81404,1.79,1.00
2016.11.18 12:52:41.608,0.81391,0.81395,1.79,1.00
2016.11.18 12:52:41.759,0.81385,0.81396,1.00,1.12
2016.11.18 12:52:41.926,0.8139,0.81399,1.00,1.50
2016.11.18 12:52:41.980,0.81388,0.814,2.25,2.25
2016.11.18 12:52:42.131,0.81389,0.81401,1.12,1.87
2016.11.18 12:52:42.674,0.81388,0.814,2.16,1.00
2016.11.18 12:52:43.188,0.81389,0.814,1.00,1.00
2016.11.18 12:52:43.715,0.81389,0.81401,1.87,1.00
2016.11.18 12:52:43.918,0.81391,0.81401,1.00,1.00
2016.11.18 12:52:44.688,0.8139,0.81401,1.04,1.12
2016.11.18 12:52:45.014,0.81393,0.81403,1.00,1.12
2016.11.18 12:52:45.165,0.81389,0.814,1.12,1.00
2016.11.18 12:52:45.317,0.81388,0.81399,1.00,1.50
2016.11.18 12:52:45.670,0.81388,0.814,2.25,2.25
2016.11.18 12:52:45.973,0.81387,0.81398,1.04,1.00
2016.11.18 12:52:46.421,0.81388,0.81401,1.50,2.25
2016.11.18 12:52:46.774,0.81388,0.814,1.00,1.50
2016.11.18 12:52:47.281,0.81389,0.81399,1.00,1.00
2016.11.18 12:52:47.591,0.81389,0.81401,1.00,1.50
2016.11.18 12:52:47.965,0.81388,0.814,1.50,1.50
2016.11.18 12:52:48.470,0.81388,0.814,1.50,1.50
2016.11.18 12:52:48.774,0.81386,0.81398,1.50,1.50
2016.11.18 12:52:49.078,0.81385,0.81396,1.12,1.37
2016.11.18 12:52:49.614,0.81384,0.81396,3.00,1.00
2016.11.18 12:52:49.917,0.8138,0.81388,1.00,1.00
2016.11.18 12:52:50.119,0.81376,0.81387,1.75,1.12
2016.11.18 12:52:50.221,0.81375,0.81387,3.00,1.12
2016.11.18 12:52:50.424,0.81375,0.81386,1.12,1.37
2016.11.18 12:52:50.605,0.81372,0.81384,2.25,1.00
2016.11.18 12:52:50.908,0.81372,0.81384,1.00,3.00
2016.11.18 12:52:51.009,0.81372,0.81383,1.00,1.00
2016.11.18 12:52:51.211,0.8137,0.81378,1.00,1.00
2016.11.18 12:52:51.312,0.81368,0.8138,2.25,1.12
2016.11.18 12:52:51.363,0.81367,0.81379,2.62,1.00
2016.11.18 12:52:51.886,0.81368,0.81379,1.00,1.12
2016.11.18 12:52:52.319,0.81367,0.81377,1.12,1.00
2016.11.18 12:52:52.827,0.81367,0.81378,1.37,1.00
2016.11.18 12:52:52.929,0.81367,0.81378,1.50,1.12
2016.11.18 12:52:53.477,0.81367,0.81377,1.12,1.00
2016.11.18 12:52:53.882,0.81367,0.81379,2.25,1.00
2016.11.18 12:52:53.983,0.81369,0.81379,1.00,1.00
2016.11.18 12:52:54.287,0.81372,0.81382,1.00,1.00
2016.11.18 12:52:54.591,0.8137,0.8138,2.25,1.00
2016.11.18 12:52:54.692,0.8137,0.81382,1.50,1.00
2016.11.18 12:52:54.743,0.8137,0.8138,1.50,1.50
2016.11.18 12:52:54.980,0.81367,0.81378,1.00,1.37
2016.11.18 12:52:55.104,0.81366,0.81375,1.50,1.00
2016.11.18 12:52:55.308,0.81363,0.81373,1.00,1.00
2016.11.18 12:52:55.815,0.81362,0.81374,2.25,1.00
2016.11.18 12:52:56.105,0.81367,0.81376,1.00,1.00
2016.11.18 12:52:56.207,0.81362,0.81374,2.25,1.00
2016.11.18 12:52:56.715,0.81362,0.81374,2.25,2.25
2016.11.18 12:52:57.326,0.81362,0.81369,1.00,1.00
2016.11.18 12:52:57.435,0.81359,0.81369,1.50,1.00
2016.11.18 12:52:57.538,0.81357,0.81363,1.50,1.00
2016.11.18 12:52:57.589,0.81357,0.81365,1.12,1.00
2016.11.18 12:52:57.768,0.81353,0.81363,1.87,1.00
2016.11.18 12:52:57.820,0.81352,0.81362,1.50,1.00
2016.11.18 12:52:57.871,0.81352,0.81359,1.00,1.00
2016.11.18 12:52:58.276,0.81352,0.81361,1.00,1.00
2016.11.18 12:52:58.798,0.81351,0.81361,1.50,1.00
2016.11.18 12:52:59.009,0.81354,0.81364,1.50,1.04
2016.11.18 12:52:59.111,0.81354,0.81366,1.00,1.12
2016.11.18 12:52:59.364,0.81352,0.81364,2.47,1.00
2016.11.18 12:52:59.667,0.8135,0.8136,1.00,1.00
2016.11.18 12:53:00.081,0.8135,0.81362,1.00,1.12
2016.11.18 12:53:00.132,0.81354,0.81364,1.00,1.50
2016.11.18 12:53:00.234,0.81352,0.81364,1.87,1.12
2016.11.18 12:53:00.420,0.81351,0.81361,1.87,1.00
2016.11.18 12:53:00.681,0.8135,0.81363,1.12,1.12
2016.11.18 12:53:01.034,0.81351,0.8136,1.12,1.00
2016.11.18 12:53:01.287,0.81347,0.81357,2.62,1.00
2016.11.18 12:53:01.750,0.8135,0.81361,1.00,1.12
2016.11.18 12:53:02.039,0.81353,0.81364,2.25,1.00
2016.11.18 12:53:02.242,0.81352,0.81362,1.50,1.00
2016.11.18 12:53:02.545,0.81356,0.81368,1.87,1.12
2016.11.18 12:53:02.697,0.81356,0.81366,1.00,1.00
2016.11.18 12:53:03.000,0.81352,0.8136,1.00,1.12
2016.11.18 12:53:03.051,0.81349,0.81361,1.87,1.00
2016.11.18 12:53:03.152,0.81352,0.81358,1.00,1.00
2016.11.18 12:53:03.300,0.81348,0.8136,1.00,1.12
2016.11.18 12:53:03.403,0.81353,0.81363,1.00,3.75
2016.11.18 12:53:03.555,0.81353,0.81365,1.12,1.37
2016.11.18 12:53:03.606,0.81353,0.81365,1.50,1.00
2016.11.18 12:53:03.708,0.81353,0.81363,1.87,1.00
2016.11.18 12:53:03.962,0.81354,0.81365,1.00,1.00
2016.11.18 12:53:04.114,0.81355,0.81367,1.87,1.37
2016.11.18 12:53:04.440,0.81357,0.81369,3.37,1.12
2016.11.18 12:53:04.643,0.81361,0.81372,1.00,1.50
2016.11.18 12:53:05.214,0.81361,0.81373,1.87,2.25
2016.11.18 12:53:05.315,0.81361,0.81373,1.50,1.87
2016.11.18 12:53:05.765,0.8136,0.81371,1.87,1.00
2016.11.18 12:53:05.965,0.81359,0.81369,1.00,1.12
2016.11.18 12:53:06.016,0.81357,0.81365,1.12,1.00
2016.11.18 12:53:06.117,0.81355,0.81365,1.00,1.00
2016.11.18 12:53:06.219,0.81354,0.81362,1.00,1.00
2016.11.18 12:53:06.572,0.81354,0.81366,1.00,2.25
2016.11.18 12:53:07.110,0.81354,0.81366,1.50,1.00
2016.11.18 12:53:07.429,0.81356,0.81368,1.00,4.12
2016.11.18 12:53:07.530,0.81355,0.81367,1.00,1.50
2016.11.18 12:53:07.703,0.81354,0.81362,1.00,1.00
2016.11.18 12:53:08.214,0.81353,0.81363,1.00,1.12
2016.11.18 12:53:08.715,0.81354,0.81363,1.00,1.12
2016.11.18 12:53:09.033,0.81355,0.81366,1.50,1.12
2016.11.18 12:53:09.316,0.81354,0.81362,1.37,1.00
2016.11.18 12:53:09.468,0.81351,0.81361,1.87,1.00
2016.11.18 12:53:09.771,0.81353,0.81364,1.00,1.37
2016.11.18 12:53:10.174,0.81353,0.81363,1.00,1.50
2016.11.18 12:53:10.501,0.81357,0.81364,1.00,2.62
2016.11.18 12:53:10.652,0.81357,0.81367,1.00,1.50
2016.11.18 12:53:11.017,0.81359,0.81369,1.00,2.62
2016.11.18 12:53:11.168,0.81359,0.8137,1.00,1.50
2016.11.18 12:53:11.270,0.81359,0.81367,1.00,1.00
2016.11.18 12:53:12.229,0.81359,0.81368,1.00,1.00
2016.11.18 12:53:12.532,0.81361,0.8137,1.00,1.00
2016.11.18 12:53:13.049,0.81361,0.81371,1.00,1.87
2016.11.18 12:53:13.564,0.81361,0.81371,1.00,2.25
2016.11.18 12:53:13.918,0.81363,0.81371,1.00,1.00
2016.11.18 12:53:14.166,0.81363,0.81375,2.25,1.12
2016.11.18 12:53:14.708,0.81364,0.81376,1.50,1.12
2016.11.18 12:53:14.860,0.81364,0.81376,1.00,3.00
2016.11.18 12:53:15.062,0.81365,0.81376,1.50,1.50
2016.11.18 12:53:15.567,0.81364,0.81375,5.10,1.00
2016.11.18 12:53:16.086,0.81364,0.81375,1.72,1.50
2016.11.18 12:53:16.187,0.81364,0.81373,1.35,1.00
2016.11.18 12:53:16.289,0.81363,0.81375,3.97,1.12
2016.11.18 12:53:16.541,0.81368,0.81376,1.00,1.00
2016.11.18 12:53:16.794,0.81365,0.81376,1.87,1.00
2016.11.18 12:53:16.845,0.81366,0.81378,2.25,1.50
2016.11.18 12:53:16.946,0.81369,0.81379,1.00,1.00
2016.11.18 12:53:17.228,0.8137,0.81381,1.87,1.50
2016.11.18 12:53:17.443,0.81371,0.81381,1.37,1.50
2016.11.18 12:53:18.140,0.81371,0.81381,1.00,1.00
2016.11.18 12:53:18.473,0.81371,0.81382,3.75,1.00
2016.11.18 12:53:18.574,0.81373,0.81384,1.00,2.25
2016.11.18 12:53:18.675,0.81375,0.81385,1.50,1.00
2016.11.18 12:53:19.179,0.81376,0.81386,2.25,1.50
2016.11.18 12:53:19.281,0.81378,0.81389,1.12,2.25
2016.11.18 12:53:19.382,0.81378,0.81387,1.12,1.00
2016.11.18 12:53:19.920,0.81375,0.81386,1.75,1.00
2016.11.18 12:53:20.537,0.81376,0.81385,1.37,1.00
2016.11.18 12:53:20.588,0.81374,0.81385,1.50,1.00
2016.11.18 12:53:21.385,0.81375,0.81385,1.50,1.00
2016.11.18 12:53:21.890,0.81375,0.81385,1.50,1.00
2016.11.18 12:53:22.365,0.81372,0.81384,2.25,1.50
2016.11.18 12:53:22.681,0.81374,0.81383,1.00,1.50
2016.11.18 12:53:23.256,0.81373,0.81382,1.00,1.00
2016.11.18 12:53:23.533,0.81374,0.81385,1.00,2.25
2016.11.18 12:53:23.584,0.81376,0.81386,1.00,1.87
2016.11.18 12:53:24.038,0.81378,0.81388,1.00,1.00
2016.11.18 12:53:24.549,0.81379,0.81389,1.50,1.12
2016.11.18 12:53:25.054,0.81377,0.81387,1.37,1.00
2016.11.18 12:53:25.579,0.81379,0.81387,1.00,1.00
2016.11.18 12:53:25.871,0.81377,0.81387,1.87,1.00
2016.11.18 12:53:25.972,0.81378,0.81389,1.50,1.50
2016.11.18 12:53:26.174,0.8138,0.81391,1.00,1.12
2016.11.18 12:53:26.225,0.81382,0.81391,1.00,1.12
2016.11.18 12:53:27.111,0.8138,0.8139,1.50,1.50
2016.11.18 12:53:27.623,0.81379,0.81391,3.37,1.00
2016.11.18 12:53:28.569,0.81382,0.81391,1.00,1.12
2016.11.18 12:53:28.620,0.81382,0.81393,1.00,1.87
2016.11.18 12:53:29.222,0.81383,0.81393,1.00,1.00
2016.11.18 12:53:30.666,0.81386,0.81395,1.00,1.50
2016.11.18 12:53:31.258,0.81385,0.81394,1.87,1.00
2016.11.18 12:53:31.745,0.81386,0.81396,1.00,1.00
2016.11.18 12:53:32.007,0.81387,0.81397,1.50,1.00
2016.11.18 12:53:32.551,0.81387,0.81397,1.50,1.00
2016.11.18 12:53:33.133,0.81387,0.81397,2.25,1.00
2016.11.18 12:53:33.184,0.81389,0.81399,1.00,1.00
2016.11.18 12:53:33.401,0.81392,0.81403,1.12,1.37
2016.11.18 12:53:33.503,0.81393,0.81404,1.12,1.50
2016.11.18 12:53:33.806,0.81393,0.81402,1.87,1.00
2016.11.18 12:53:34.436,0.81392,0.81402,1.12,1.00
2016.11.18 12:53:34.972,0.81393,0.81403,1.00,1.12
2016.11.18 12:53:35.505,0.81394,0.81404,1.00,1.00
2016.11.18 12:53:35.859,0.81396,0.81407,1.00,1.50
2016.11.18 12:53:35.911,0.81398,0.81407,1.00,1.87
2016.11.18 12:53:36.214,0.81392,0.81401,3.00,1.00
2016.11.18 12:53:36.417,0.81387,0.81397,2.62,1.50
2016.11.18 12:53:36.518,0.81385,0.81397,1.50,1.50
2016.11.18 12:53:37.021,0.81386,0.81398,2.25,1.50
2016.11.18 12:53:37.172,0.81388,0.81399,1.00,2.25
2016.11.18 12:53:37.476,0.81383,0.81391,1.00,1.00
2016.11.18 12:53:37.628,0.81379,0.81389,1.00,1.00
2016.11.18 12:53:37.679,0.81377,0.81387,4.50,1.00
2016.11.18 12:53:37.831,0.81375,0.81387,3.00,1.00
2016.11.18 12:53:38.625,0.81377,0.81388,1.12,1.12
2016.11.18 12:53:38.777,0.81378,0.8139,1.87,1.50
2016.11.18 12:53:38.935,0.81378,0.8139,4.87,1.00
2016.11.18 12:53:39.138,0.81378,0.8139,3.00,1.00
2016.11.18 12:53:39.708,0.81379,0.81389,1.12,1.00
2016.11.18 12:53:40.689,0.81379,0.81388,1.00,1.00
2016.11.18 12:53:40.739,0.81378,0.81386,1.37,1.00
2016.11.18 12:53:40.841,0.81375,0.81386,1.50,1.00
2016.11.18 12:53:41.346,0.81375,0.81387,2.62,1.00
2016.11.18 12:53:41.707,0.81378,0.81388,1.00,1.00
2016.11.18 12:53:42.023,0.81377,0.81386,1.00,1.00
2016.11.18 12:53:42.528,0.81377,0.81387,1.00,1.50
2016.11.18 12:53:43.071,0.81378,0.81386,1.00,1.00
2016.11.18 12:53:43.121,0.81378,0.81388,1.00,1.50
2016.11.18 12:53:43.830,0.81374,0.81385,2.62,1.50
2016.11.18 12:53:44.340,0.81374,0.81384,1.00,1.00
2016.11.18 12:53:44.843,0.81374,0.81385,1.50,1.00
2016.11.18 12:53:45.238,0.81373,0.81383,1.37,1.50
2016.11.18 12:53:45.748,0.81372,0.81383,1.37,1.00
2016.11.18 12:53:46.262,0.81373,0.81383,1.37,1.00
2016.11.18 12:53:46.772,0.81373,0.81383,1.12,1.00
2016.11.18 12:53:47.116,0.81375,0.81381,1.00,1.00
2016.11.18 12:53:47.166,0.81371,0.81381,2.10,1.00
2016.11.18 12:53:47.217,0.8137,0.81377,3.37,1.00
2016.11.18 12:53:47.470,0.81362,0.8137,3.37,1.00
2016.11.18 12:53:47.571,0.81361,0.81371,1.50,1.00
2016.11.18 12:53:47.673,0.81361,0.81372,2.62,1.00
2016.11.18 12:53:47.774,0.81361,0.81373,2.25,1.50
2016.11.18 12:53:47.875,0.81362,0.81371,1.00,1.00
2016.11.18 12:53:48.027,0.81362,0.81373,1.12,1.00
2016.11.18 12:53:48.129,0.81364,0.81374,1.00,1.00
2016.11.18 12:53:48.454,0.81367,0.81376,1.00,1.00
2016.11.18 12:53:48.960,0.81365,0.81375,1.50,1.00
2016.11.18 12:53:49.497,0.81363,0.81374,1.37,1.00
2016.11.18 12:53:50.026,0.81365,0.81375,1.00,1.00
2016.11.18 12:53:50.660,0.81365,0.81374,1.00,1.00
2016.11.18 12:53:50.762,0.81363,0.81374,1.12,1.70
2016.11.18 12:53:50.863,0.81363,0.81372,1.00,1.00
2016.11.18 12:53:51.828,0.81363,0.81373,1.00,1.00
2016.11.18 12:53:52.334,0.81364,0.81373,1.00,1.00
2016.11.18 12:53:52.835,0.81363,0.81374,1.87,1.70
2016.11.18 12:53:53.706,0.81366,0.81374,1.00,1.00
2016.11.18 12:53:54.211,0.81365,0.81374,1.00,1.00
2016.11.18 12:53:54.515,0.81367,0.81376,1.50,1.00
2016.11.18 12:53:55.036,0.81367,0.81377,1.00,1.00
2016.11.18 12:53:55.580,0.81368,0.81378,1.00,1.12
2016.11.18 12:53:56.500,0.81368,0.81377,1.00,1.00
2016.11.18 12:53:57.109,0.81368,0.81378,1.50,1.00
2016.11.18 12:53:57.362,0.81371,0.81382,2.47,1.00
2016.11.18 12:53:57.413,0.81373,0.81382,1.00,1.00
2016.11.18 12:53:57.942,0.81374,0.81382,1.00,1.00
2016.11.18 12:53:58.830,0.81373,0.81384,2.62,1.00
2016.11.18 12:53:59.081,0.81373,0.81382,1.37,1.00
2016.11.18 12:53:59.706,0.81373,0.81382,1.00,1.00
2016.11.18 12:53:59.757,0.81374,0.81384,1.00,1.00
2016.11.18 12:54:00.262,0.81374,0.81383,1.12,1.00
2016.11.18 12:54:00.363,0.81373,0.81381,1.87,1.00
2016.11.18 12:54:00.872,0.81373,0.81381,1.12,1.00
2016.11.18 12:54:02.387,0.81374,0.81383,1.00,1.50
2016.11.18 12:54:02.438,0.81376,0.81385,1.00,1.50
2016.11.18 12:54:03.402,0.81377,0.81385,1.00,1.00
2016.11.18 12:54:03.947,0.81377,0.81386,1.00,1.00
2016.11.18 12:54:04.516,0.81374,0.81383,5.25,1.00
2016.11.18 12:54:04.780,0.81373,0.81381,1.50,1.00
2016.11.18 12:54:05.512,0.81373,0.81381,1.12,1.00
2016.11.18 12:54:06.351,0.81374,0.81381,1.00,1.00
2016.11.18 12:54:06.402,0.81378,0.81383,1.00,1.00
2016.11.18 12:54:06.503,0.81379,0.81385,1.00,1.00
2016.11.18 12:54:06.655,0.8138,0.81387,1.00,1.00
2016.11.18 12:54:07.197,0.81379,0.81387,1.00,1.00
2016.11.18 12:54:07.489,0.81377,0.81387,1.87,1.00
2016.11.18 12:54:07.540,0.81376,0.81381,1.37,1.00
2016.11.18 12:54:07.641,0.81374,0.81379,1.12,1.50
2016.11.18 12:54:07.844,0.81369,0.81379,1.00,1.50
2016.11.18 12:54:07.895,0.81371,0.81379,1.00,1.00
2016.11.18 12:54:08.098,0.81369,0.81379,1.12,1.50
2016.11.18 12:54:08.654,0.8137,0.8138,1.00,1.00
2016.11.18 12:54:09.183,0.81371,0.8138,1.12,1.00
2016.11.18 12:54:09.971,0.81371,0.81381,1.12,1.00
2016.11.18 12:54:10.237,0.8137,0.81378,1.87,1.00
2016.11.18 12:54:10.542,0.81368,0.8138,3.00,1.00
2016.11.18 12:54:10.593,0.81368,0.81378,1.87,1.00
2016.11.18 12:54:10.896,0.8137,0.81381,1.00,1.12
2016.11.18 12:54:11.397,0.8137,0.81382,1.87,1.37
2016.11.18 12:54:12.136,0.8137,0.81381,1.12,1.00
2016.11.18 12:54:12.662,0.81368,0.8138,2.62,1.00
2016.11.18 12:54:13.337,0.81368,0.8138,4.87,1.00
2016.11.18 12:54:16.157,0.8137,0.81381,1.12,1.12
2016.11.18 12:54:16.360,0.81372,0.81382,1.87,1.50
2016.11.18 12:54:16.943,0.81372,0.81382,1.12,1.50
2016.11.18 12:54:18.813,0.81373,0.81382,1.00,1.00
2016.11.18 12:54:20.318,0.81373,0.81383,1.12,1.00
2016.11.18 12:54:20.977,0.81373,0.81381,1.00,1.00
2016.11.18 12:54:21.423,0.81372,0.81379,1.00,1.00
2016.11.18 12:54:21.575,0.81369,0.81377,1.12,1.00
2016.11.18 12:54:22.077,0.81369,0.81378,1.50,1.00
2016.11.18 12:54:22.500,0.8137,0.8138,1.00,1.50
2016.11.18 12:54:23.005,0.81371,0.81381,1.00,1.00
2016.11.18 12:54:23.641,0.81371,0.81381,1.50,1.00
2016.11.18 12:54:24.265,0.81371,0.81381,1.00,1.00
2016.11.18 12:54:25.744,0.81372,0.8138,1.00,1.50
2016.11.18 12:54:25.795,0.81369,0.81379,2.62,1.50
2016.11.18 12:54:25.997,0.81368,0.81378,1.00,1.12
2016.11.18 12:54:26.634,0.81369,0.81378,1.00,1.12
2016.11.18 12:54:26.735,0.81371,0.81378,1.00,1.12
2016.11.18 12:54:26.887,0.81371,0.8138,1.00,1.50
2016.11.18 12:54:27.586,0.81371,0.8138,1.50,1.00
2016.11.18 12:54:28.119,0.81372,0.81381,1.12,1.00
2016.11.18 12:54:28.715,0.81375,0.81384,1.12,1.41
2016.11.18 12:54:29.019,0.81378,0.81386,2.62,1.00
2016.11.18 12:54:29.167,0.81377,0.81386,1.12,1.00
2016.11.18 12:54:29.566,0.81376,0.81383,1.37,1.00
2016.11.18 12:54:29.667,0.81375,0.81383,1.00,1.00
2016.11.18 12:54:29.768,0.81372,0.81383,1.50,1.00
2016.11.18 12:54:30.020,0.81373,0.81384,1.50,1.00
2016.11.18 12:54:30.533,0.81373,0.81385,2.62,2.25
2016.11.18 12:54:31.625,0.81374,0.81385,1.87,2.25
2016.11.18 12:54:32.143,0.81375,0.81385,1.37,1.50
2016.11.18 12:54:32.194,0.81374,0.81385,1.87,1.50
2016.11.18 12:54:32.718,0.81374,0.81384,1.12,1.00
2016.11.18 12:54:33.152,0.81372,0.81381,1.50,1.00
2016.11.18 12:54:33.405,0.81369,0.8138,1.87,1.00
2016.11.18 12:54:33.456,0.81369,0.8138,1.50,1.00
2016.11.18 12:54:34.933,0.81371,0.8138,1.50,1.00
2016.11.18 12:54:35.236,0.81372,0.81382,1.50,2.25
2016.11.18 12:54:35.563,0.81375,0.81383,1.00,1.00
2016.11.18 12:54:36.124,0.81374,0.81384,1.12,1.00
2016.11.18 12:54:36.632,0.81374,0.81383,1.00,1.00
2016.11.18 12:54:38.111,0.81376,0.81385,1.00,1.50
2016.11.18 12:54:38.440,0.81378,0.81386,1.00,1.00
2016.11.18 12:54:38.987,0.81378,0.81387,1.00,1.00
2016.11.18 12:54:39.291,0.81385,0.81393,1.00,1.12
2016.11.18 12:54:39.443,0.81382,0.81392,2.62,1.00
2016.11.18 12:54:39.748,0.81385,0.81394,1.00,1.00
2016.11.18 12:54:39.981,0.81385,0.81396,1.87,1.00
2016.11.18 12:54:40.083,0.81389,0.81395,1.00,1.00
2016.11.18 12:54:40.235,0.81389,0.81397,1.00,1.00
2016.11.18 12:54:40.387,0.81392,0.81397,1.00,1.00
2016.11.18 12:54:40.589,0.81392,0.81399,1.00,1.50
2016.11.18 12:54:41.095,0.81392,0.81397,1.00,1.00
2016.11.18 12:54:41.600,0.81392,0.81396,1.00,1.00
2016.11.18 12:54:42.779,0.81391,0.81395,1.00,1.00
2016.11.18 12:54:42.830,0.81391,0.81397,1.00,1.00
2016.11.18 12:54:45.377,0.8139,0.81397,1.00,1.50
2016.11.18 12:54:46.452,0.8139,0.81398,1.00,1.50
2016.11.18 12:54:46.957,0.81391,0.81399,1.04,1.00
2016.11.18 12:54:47.261,0.81391,0.81399,2.16,1.00
2016.11.18 12:54:47.363,0.81394,0.81402,1.41,1.50
2016.11.18 12:54:47.465,0.81395,0.81404,1.41,2.25
2016.11.18 12:54:47.970,0.81396,0.81405,1.12,1.00
2016.11.18 12:54:48.487,0.81396,0.81404,1.12,1.00
2016.11.18 12:54:48.588,0.81398,0.81404,1.00,1.00
2016.11.18 12:54:48.897,0.81395,0.81404,1.50,1.00
2016.11.18 12:54:49.413,0.81395,0.81404,1.00,1.00
2016.11.18 12:54:50.218,0.81394,0.81404,1.12,1.00
2016.11.18 12:54:50.269,0.81393,0.81402,4.04,1.00
2016.11.18 12:54:50.455,0.81392,0.814,1.04,1.00
2016.11.18 12:54:50.964,0.8139,0.814,3.29,1.00
2016.11.18 12:54:51.209,0.81392,0.81402,1.00,1.00
2016.11.18 12:54:51.361,0.81394,0.81403,1.04,1.50
2016.11.18 12:54:51.897,0.81395,0.81404,1.00,1.00
2016.11.18 12:54:52.263,0.81396,0.81407,1.04,3.00
2016.11.18 12:54:52.465,0.81395,0.81404,1.50,1.00
2016.11.18 12:54:52.926,0.81394,0.81402,1.00,1.00
2016.11.18 12:54:53.352,0.81392,0.81403,1.12,1.50
2016.11.18 12:54:53.958,0.81392,0.81403,1.37,1.50
2016.11.18 12:54:55.303,0.81396,0.81404,1.00,1.00
2016.11.18 12:54:55.404,0.81397,0.81407,1.50,1.87
2016.11.18 12:54:55.455,0.81397,0.81407,1.87,1.12
2016.11.18 12:54:55.657,0.81397,0.81407,1.41,1.50
2016.11.18 12:54:56.162,0.81396,0.81407,2.54,3.00
2016.11.18 12:54:56.629,0.81397,0.81405,1.50,1.00
2016.11.18 12:54:57.113,0.81396,0.81407,1.79,2.25
2016.11.18 12:54:57.214,0.81396,0.81405,1.00,1.00
2016.11.18 12:54:57.805,0.81397,0.81406,1.00,1.87
2016.11.18 12:54:58.608,0.81398,0.81406,1.00,1.00
2016.11.18 12:54:58.911,0.81403,0.81413,3.00,1.00
2016.11.18 12:54:59.214,0.81406,0.81415,1.00,1.50
2016.11.18 12:54:59.366,0.81408,0.81417,1.87,1.00
2016.11.18 12:54:59.893,0.81408,0.81418,2.25,1.50
2016.11.18 12:55:00.416,0.81408,0.81417,1.12,1.00
2016.11.18 12:55:00.719,0.81406,0.81416,1.12,1.00
2016.11.18 12:55:01.225,0.81407,0.81417,1.87,1.00
2016.11.18 12:55:01.770,0.81408,0.81417,1.00,1.00
2016.11.18 12:55:02.313,0.81408,0.81418,1.00,1.50
2016.11.18 12:55:02.853,0.81409,0.81419,1.00,1.50
2016.11.18 12:55:04.195,0.81409,0.81418,1.50,1.00
2016.11.18 12:55:04.398,0.81411,0.8142,1.00,1.12
2016.11.18 12:55:04.946,0.81412,0.8142,1.50,1.00
2016.11.18 12:55:05.661,0.81412,0.81421,1.50,1.00
2016.11.18 12:55:05.964,0.81417,0.81422,1.00,1.00
2016.11.18 12:55:06.015,0.81417,0.81425,1.00,1.00
2016.11.18 12:55:06.066,0.81415,0.81425,2.25,1.00
2016.11.18 12:55:06.117,0.81414,0.81422,1.00,1.00
2016.11.18 12:55:06.622,0.81414,0.81424,1.00,1.00
2016.11.18 12:55:07.133,0.81415,0.81425,1.50,1.00
2016.11.18 12:55:07.285,0.81417,0.81427,1.00,1.87
2016.11.18 12:55:07.851,0.81417,0.81427,1.50,1.00
2016.11.18 12:55:08.154,0.81419,0.8143,1.50,2.25
2016.11.18 12:55:08.356,0.8142,0.81431,1.12,1.00
2016.11.18 12:55:08.905,0.81421,0.81431,1.00,1.00
2016.11.18 12:55:09.307,0.81419,0.8143,2.62,1.50
2016.11.18 12:55:09.408,0.81421,0.8143,1.00,1.00
2016.11.18 12:55:10.189,0.81421,0.81433,1.50,3.00
2016.11.18 12:55:10.392,0.81423,0.81432,1.00,1.50
2016.11.18 12:55:10.933,0.81424,0.81432,1.00,1.00
2016.11.18 12:55:11.322,0.81426,0.81435,1.00,1.75
2016.11.18 12:55:11.615,0.81428,0.81437,1.00,1.00
2016.11.18 12:55:12.139,0.81427,0.81437,2.91,1.00
2016.11.18 12:55:12.455,0.81427,0.81434,1.12,1.00
2016.11.18 12:55:12.607,0.81423,0.81434,1.04,1.00
2016.11.18 12:55:12.918,0.81422,0.81428,1.12,1.00
2016.11.18 12:55:13.153,0.81415,0.81423,1.00,1.00
2016.11.18 12:55:13.660,0.81414,0.81424,1.37,1.50
2016.11.18 12:55:13.762,0.81414,0.81426,1.37,1.12
2016.11.18 12:55:14.015,0.81417,0.81427,1.00,1.00
2016.11.18 12:55:14.318,0.81417,0.81424,1.12,1.00
2016.11.18 12:55:14.546,0.81413,0.81423,1.12,1.12
2016.11.18 12:55:15.905,0.81415,0.81423,1.00,1.00
2016.11.18 12:55:16.107,0.81421,0.8143,1.00,1.00
2016.11.18 12:55:16.241,0.81421,0.81432,1.87,1.87
2016.11.18 12:55:16.703,0.81423,0.81432,1.00,1.00
2016.11.18 12:55:17.203,0.81422,0.8143,1.00,1.00
2016.11.18 12:55:17.254,0.81422,0.81432,1.00,1.00
2016.11.18 12:55:17.507,0.81423,0.81433,3.00,1.00
2016.11.18 12:55:17.955,0.81426,0.81436,1.00,1.00
2016.11.18 12:55:18.301,0.81428,0.81437,1.00,1.79
2016.11.18 12:55:18.352,0.81428,0.81439,1.00,2.25
2016.11.18 12:55:18.402,0.81434,0.81441,1.00,2.16
2016.11.18 12:55:18.554,0.81436,0.81445,1.00,1.12
2016.11.18 12:55:18.605,0.81436,0.81443,1.00,1.00
2016.11.18 12:55:19.110,0.81435,0.81443,1.00,1.00
2016.11.18 12:55:19.211,0.81436,0.81445,1.00,1.00
2016.11.18 12:55:19.579,0.81438,0.81445,1.00,1.00
2016.11.18 12:55:20.038,0.81438,0.81443,1.00,1.00
2016.11.18 12:55:20.458,0.81437,0.81446,1.00,1.00
2016.11.18 12:55:20.963,0.8144,0.81447,1.50,1.00
2016.11.18 12:55:21.267,0.81448,0.81454,1.00,1.00
2016.11.18 12:55:21.406,0.81442,0.81449,1.00,1.00
2016.11.18 12:55:21.507,0.81441,0.81447,1.00,1.00
2016.11.18 12:55:21.558,0.81441,0.81449,1.00,1.00
2016.11.18 12:55:22.811,0.8144,0.81449,1.00,1.50
2016.11.18 12:55:23.064,0.81441,0.81452,1.00,1.50
2016.11.18 12:55:23.115,0.81443,0.81452,1.00,1.50
2016.11.18 12:55:23.721,0.81442,0.81451,1.00,1.00
2016.11.18 12:55:24.191,0.81441,0.81447,1.00,1.00
2016.11.18 12:55:24.394,0.81437,0.81444,1.00,1.00
2016.11.18 12:55:24.495,0.81435,0.81444,1.12,1.00
2016.11.18 12:55:25.013,0.81436,0.81445,1.00,1.75
2016.11.18 12:55:25.265,0.81436,0.81445,1.00,1.00
2016.11.18 12:55:27.218,0.81438,0.81445,1.00,1.00
2016.11.18 12:55:27.744,0.81437,0.81445,1.00,1.00
2016.11.18 12:55:28.817,0.81438,0.81446,1.00,1.50
2016.11.18 12:55:29.071,0.81441,0.8145,1.00,1.00
2016.11.18 12:55:29.183,0.81444,0.81451,1.00,1.12
2016.11.18 12:55:29.587,0.81443,0.81448,1.00,1.00
2016.11.18 12:55:29.739,0.81439,0.81447,1.12,1.00
2016.11.18 12:55:29.942,0.81441,0.81448,1.00,1.12
2016.11.18 12:55:30.093,0.81441,0.8145,1.00,1.00
2016.11.18 12:55:30.144,0.81443,0.81451,1.00,1.00
2016.11.18 12:55:30.195,0.81443,0.81453,1.00,1.12
2016.11.18 12:55:30.246,0.81446,0.81453,1.00,1.00
2016.11.18 12:55:30.674,0.81446,0.81455,1.00,1.00
2016.11.18 12:55:31.210,0.81446,0.81454,1.00,1.00
2016.11.18 12:55:31.463,0.81446,0.81452,1.00,1.00
2016.11.18 12:55:31.515,0.81444,0.81452,1.00,1.00
2016.11.18 12:55:31.566,0.81444,0.8145,1.00,1.00
2016.11.18 12:55:31.617,0.81441,0.81451,1.00,1.00
2016.11.18 12:55:31.819,0.81443,0.81452,1.00,1.37
2016.11.18 12:55:31.870,0.81443,0.81452,1.00,1.12
2016.11.18 12:55:32.397,0.81443,0.81453,1.00,1.00
2016.11.18 12:55:32.638,0.81445,0.81453,1.00,1.00
2016.11.18 12:55:33.042,0.81441,0.81452,1.12,1.00
2016.11.18 12:55:33.589,0.81441,0.81451,1.12,1.12
2016.11.18 12:55:34.347,0.8144,0.81451,1.50,1.00
2016.11.18 12:55:34.890,0.81439,0.81449,1.00,1.00
2016.11.18 12:55:35.425,0.81439,0.81448,1.50,1.00
2016.11.18 12:55:35.930,0.8144,0.81449,1.00,1.12
2016.11.18 12:55:36.031,0.81438,0.81448,1.50,1.00
2016.11.18 12:55:36.469,0.81438,0.81446,1.00,1.50
2016.11.18 12:55:36.620,0.81435,0.81444,1.50,1.00
2016.11.18 12:55:37.261,0.81435,0.81442,1.00,1.00
2016.11.18 12:55:37.312,0.81432,0.81441,2.25,1.00
2016.11.18 12:55:37.614,0.81429,0.81439,3.75,1.00
2016.11.18 12:55:37.766,0.81428,0.81437,1.12,1.00
2016.11.18 12:55:38.019,0.81425,0.81435,1.37,1.00
2016.11.18 12:55:38.221,0.81424,0.81435,1.50,1.00
2016.11.18 12:55:38.986,0.81425,0.81436,1.00,1.37
2016.11.18 12:55:39.036,0.81427,0.81436,1.00,1.37
2016.11.18 12:55:39.188,0.81427,0.81437,1.00,1.87
2016.11.18 12:55:39.724,0.81427,0.81438,1.50,1.00
2016.11.18 12:55:40.600,0.81427,0.81435,1.00,1.00
2016.11.18 12:55:40.787,0.81425,0.81434,1.12,1.00
2016.11.18 12:55:40.838,0.81427,0.81438,1.50,4.12
2016.11.18 12:55:41.142,0.8144,0.81449,1.50,2.25
2016.11.18 12:55:41.193,0.81441,0.81452,1.00,2.25
2016.11.18 12:55:41.344,0.81446,0.81452,1.50,2.25
2016.11.18 12:55:41.396,0.81446,0.81456,1.00,3.37
2016.11.18 12:55:41.447,0.81448,0.81456,1.00,2.25
2016.11.18 12:55:41.498,0.81448,0.81458,1.00,2.25
2016.11.18 12:55:41.548,0.8145,0.81458,1.00,2.25
2016.11.18 12:55:41.751,0.81446,0.81453,1.12,1.00
2016.11.18 12:55:41.852,0.81444,0.81452,1.00,1.00
2016.11.18 12:55:42.388,0.81444,0.81454,1.00,1.00
2016.11.18 12:55:42.640,0.81447,0.81455,1.00,1.37
2016.11.18 12:55:42.691,0.81447,0.81455,1.50,1.00
2016.11.18 12:55:42.793,0.81447,0.81457,1.50,1.50
2016.11.18 12:55:43.197,0.81448,0.81454,1.00,1.00
2016.11.18 12:55:43.247,0.81445,0.81455,1.00,1.12
2016.11.18 12:55:43.626,0.81443,0.81452,1.37,1.00
2016.11.18 12:55:43.922,0.81444,0.81454,1.00,1.12
2016.11.18 12:55:44.428,0.81445,0.81455,1.50,1.00
2016.11.18 12:55:44.479,0.81447,0.81456,1.00,1.12
2016.11.18 12:55:44.782,0.81449,0.81457,1.00,1.50
2016.11.18 12:55:46.493,0.81452,0.8146,1.00,1.50
2016.11.18 12:55:46.998,0.81452,0.8146,1.00,1.12
2016.11.18 12:55:47.099,0.8145,0.8146,1.00,1.12
2016.11.18 12:55:47.201,0.8145,0.81457,1.00,1.00
2016.11.18 12:55:47.251,0.81447,0.81457,1.50,1.00
2016.11.18 12:55:47.763,0.81447,0.81458,1.00,1.00
2016.11.18 12:55:48.111,0.81449,0.81458,1.00,1.00
2016.11.18 12:55:48.264,0.8145,0.8146,1.00,1.87
2016.11.18 12:55:48.786,0.81451,0.8146,1.00,1.00
2016.11.18 12:55:50.144,0.81452,0.8146,1.00,1.50
2016.11.18 12:55:50.304,0.8145,0.81459,1.00,1.00
2016.11.18 12:55:50.456,0.81448,0.81459,1.50,1.00
2016.11.18 12:55:50.967,0.81448,0.81458,1.00,1.00
2016.11.18 12:55:51.458,0.8145,0.8146,1.00,1.50
2016.11.18 12:55:51.789,0.81449,0.81457,1.00,1.00
2016.11.18 12:55:51.840,0.81449,0.81459,1.00,1.00
2016.11.18 12:55:52.612,0.81449,0.81455,1.00,1.00
2016.11.18 12:55:52.764,0.81446,0.81455,1.87,1.00
2016.11.18 12:55:53.019,0.81446,0.81457,1.00,1.87
2016.11.18 12:55:53.070,0.81448,0.81459,1.50,2.25
2016.11.18 12:55:53.222,0.81448,0.8146,1.50,2.25
2016.11.18 12:55:53.469,0.8145,0.8146,1.00,1.87
2016.11.18 12:55:55.400,0.8145,0.81458,1.00,1.00
2016.11.18 12:55:55.655,0.81446,0.81455,1.12,1.00
2016.11.18 12:55:56.160,0.81445,0.81455,1.00,1.50
2016.11.18 12:55:56.711,0.81444,0.81454,1.50,1.12
2016.11.18 12:55:56.864,0.81442,0.81453,3.00,1.00
2016.11.18 12:55:56.966,0.81444,0.81455,1.87,1.12
2016.11.18 12:55:57.337,0.81446,0.81456,1.00,1.50
2016.11.18 12:55:57.643,0.81448,0.81458,1.00,1.87
2016.11.18 12:55:58.154,0.81448,0.81457,1.00,1.37
2016.11.18 12:55:58.660,0.81447,0.81457,1.00,1.00
2016.11.18 12:55:58.984,0.81452,0.8146,1.00,3.00
2016.11.18 12:55:59.137,0.8145,0.8146,1.00,1.00
2016.11.18 12:55:59.289,0.81449,0.81457,1.50,1.00
2016.11.18 12:55:59.441,0.81446,0.81456,1.00,1.00
2016.11.18 12:55:59.965,0.81445,0.81456,1.50,1.00
2016.11.18 12:56:00.117,0.81444,0.81456,2.25,1.50
2016.11.18 12:56:00.503,0.81448,0.81455,1.00,1.00
2016.11.18 12:56:00.655,0.8145,0.81459,1.00,1.87
2016.11.18 12:56:00.807,0.8145,0.81461,1.00,1.12
2016.11.18 12:56:00.959,0.81449,0.81459,1.00,1.00
2016.11.18 12:56:01.463,0.81449,0.8146,1.00,1.87
2016.11.18 12:56:01.854,0.81447,0.81459,2.62,1.50
2016.11.18 12:56:02.263,0.81446,0.81456,1.12,1.00
2016.11.18 12:56:02.567,0.81442,0.8145,1.12,1.00
2016.11.18 12:56:02.618,0.81442,0.81452,1.12,1.00
2016.11.18 12:56:02.770,0.81444,0.81454,1.00,1.87
2016.11.18 12:56:03.109,0.81446,0.81456,1.50,1.37
2016.11.18 12:56:03.160,0.81446,0.81456,1.00,1.12
2016.11.18 12:56:03.311,0.81449,0.81456,1.00,1.00
2016.11.18 12:56:03.362,0.81447,0.81456,1.50,1.00
2016.11.18 12:56:03.565,0.81447,0.81459,2.25,1.50
2016.11.18 12:56:04.104,0.81447,0.81459,2.25,1.12
2016.11.18 12:56:04.608,0.81449,0.81458,1.00,1.00
2016.11.18 12:56:04.709,0.81447,0.81457,1.12,1.00
2016.11.18 12:56:04.760,0.81446,0.81454,1.00,1.00
2016.11.18 12:56:04.963,0.81444,0.81453,1.00,1.00
2016.11.18 12:56:05.367,0.81442,0.81451,1.37,1.00
2016.11.18 12:56:05.468,0.81438,0.8145,6.75,1.00
2016.11.18 12:56:05.616,0.81438,0.81449,3.37,1.00
2016.11.18 12:56:06.121,0.81438,0.8145,2.25,1.00
2016.11.18 12:56:06.576,0.81442,0.81451,1.00,1.00
2016.11.18 12:56:06.814,0.81442,0.81453,1.12,1.12
2016.11.18 12:56:07.319,0.81443,0.81453,1.12,1.00
2016.11.18 12:56:07.527,0.81447,0.81455,1.00,1.00
2016.11.18 12:56:07.744,0.81448,0.81458,1.00,1.00
2016.11.18 12:56:08.098,0.81444,0.81456,2.62,1.00
2016.11.18 12:56:08.401,0.81444,0.81456,1.12,1.37
2016.11.18 12:56:08.788,0.81446,0.81457,1.00,2.25
2016.11.18 12:56:09.309,0.81447,0.81458,1.12,1.00
2016.11.18 12:56:09.816,0.81447,0.81458,2.25,1.00
2016.11.18 12:56:09.967,0.81448,0.8146,1.00,2.62
2016.11.18 12:56:11.136,0.81448,0.81459,1.00,1.00
2016.11.18 12:56:11.288,0.81446,0.81457,1.87,1.00
2016.11.18 12:56:11.793,0.81447,0.81458,1.00,1.12
2016.11.18 12:56:12.328,0.81448,0.81457,1.00,1.12
2016.11.18 12:56:13.049,0.81447,0.81458,1.00,2.25
2016.11.18 12:56:13.353,0.81446,0.81455,1.87,1.00
2016.11.18 12:56:13.687,0.81453,0.81458,1.00,1.00
2016.11.18 12:56:13.788,0.81454,0.81461,1.12,1.37
2016.11.18 12:56:13.839,0.81454,0.81463,1.12,1.00
2016.11.18 12:56:14.041,0.81454,0.81466,1.37,1.41
2016.11.18 12:56:14.597,0.81455,0.81466,1.00,1.04
2016.11.18 12:56:14.749,0.81458,0.81467,1.00,1.00
2016.11.18 12:56:14.875,0.81459,0.81471,1.00,3.29
2016.11.18 12:56:15.280,0.81456,0.81467,1.37,1.12
2016.11.18 12:56:15.341,0.81455,0.81466,1.87,1.00
2016.11.18 12:56:15.850,0.81454,0.81466,2.25,1.50
2016.11.18 12:56:15.951,0.81457,0.81466,1.00,1.00
2016.11.18 12:56:16.002,0.81458,0.81468,1.00,2.91
2016.11.18 12:56:16.163,0.8146,0.81469,1.00,1.50
2016.11.18 12:56:16.365,0.8146,0.8147,1.00,1.50
2016.11.18 12:56:16.467,0.81458,0.81469,1.87,1.00
2016.11.18 12:56:16.669,0.8146,0.8147,1.12,1.00
2016.11.18 12:56:16.771,0.8146,0.81472,1.87,1.79
2016.11.18 12:56:17.125,0.8146,0.8147,1.87,1.00
2016.11.18 12:56:17.565,0.81462,0.81473,1.00,2.54
2016.11.18 12:56:17.667,0.81463,0.81474,1.50,2.54
2016.11.18 12:56:17.768,0.81465,0.81475,1.00,1.12
2016.11.18 12:56:18.142,0.81466,0.81477,1.50,1.00
2016.11.18 12:56:18.193,0.81469,0.81478,1.00,1.04
2016.11.18 12:56:18.698,0.81467,0.81477,1.00,1.00
2016.11.18 12:56:18.925,0.81468,0.81479,1.00,1.12
2016.11.18 12:56:19.450,0.81468,0.81479,1.37,1.00
2016.11.18 12:56:19.773,0.81468,0.81476,1.37,1.00
2016.11.18 12:56:20.079,0.81461,0.81471,5.25,1.00
2016.11.18 12:56:20.180,0.8146,0.81472,3.37,1.00
2016.11.18 12:56:20.716,0.8146,0.81471,2.25,1.12
2016.11.18 12:56:20.818,0.81461,0.81473,1.12,2.62
2016.11.18 12:56:21.122,0.81463,0.81475,1.00,1.12
2016.11.18 12:56:21.627,0.81464,0.81476,1.87,1.00
2016.11.18 12:56:21.950,0.81467,0.81476,1.00,1.00
2016.11.18 12:56:22.059,0.81465,0.81477,1.50,1.12
2016.11.18 12:56:22.314,0.81467,0.81478,1.12,2.25
2016.11.18 12:56:22.517,0.81469,0.8148,2.62,1.00
2016.11.18 12:56:22.720,0.8147,0.81481,1.50,1.00
2016.11.18 12:56:23.226,0.81469,0.8148,2.25,1.00
2016.11.18 12:56:23.534,0.81472,0.81482,1.50,1.00
2016.11.18 12:56:24.354,0.81472,0.81483,1.50,1.12
2016.11.18 12:56:25.060,0.81473,0.81484,1.00,1.87
2016.11.18 12:56:25.161,0.81473,0.81485,2.25,1.87
2016.11.18 12:56:25.545,0.81475,0.81485,1.00,1.12
2016.11.18 12:56:25.848,0.81472,0.81482,1.12,1.00
2016.11.18 12:56:26.376,0.81472,0.81484,1.87,1.12
2016.11.18 12:56:26.679,0.81474,0.81484,1.00,1.00
2016.11.18 12:56:27.267,0.81476,0.81485,1.00,1.50
2016.11.18 12:56:27.369,0.81478,0.81488,1.50,1.12
2016.11.18 12:56:27.571,0.81478,0.8149,1.87,1.00
2016.11.18 12:56:28.120,0.81478,0.8149,2.25,1.00
2016.11.18 12:56:28.272,0.81478,0.81485,1.50,1.00
2016.11.18 12:56:28.417,0.81477,0.81485,1.00,1.12
2016.11.18 12:56:28.468,0.81472,0.81484,2.62,1.00
2016.11.18 12:56:28.519,0.81472,0.81484,3.37,1.00
2016.11.18 12:56:28.621,0.81472,0.81483,2.62,1.00
2016.11.18 12:56:28.773,0.81475,0.81484,1.00,1.00
2016.11.18 12:56:28.874,0.81475,0.81487,1.12,1.00
2016.11.18 12:56:29.178,0.81478,0.81489,1.00,4.12
2016.11.18 12:56:29.380,0.8148,0.81491,1.00,1.50
2016.11.18 12:56:29.928,0.81479,0.81492,2.25,1.87
2016.11.18 12:56:30.388,0.81482,0.81492,1.00,1.12
2016.11.18 12:56:30.641,0.81485,0.81496,1.00,1.00
2016.11.18 12:56:30.742,0.81486,0.81499,1.12,1.50
2016.11.18 12:56:30.835,0.81488,0.81499,1.12,1.50
2016.11.18 12:56:31.089,0.81484,0.81496,2.16,1.12
2016.11.18 12:56:31.313,0.81485,0.81497,1.87,1.50
2016.11.18 12:56:31.616,0.81485,0.81495,1.00,1.00
2016.11.18 12:56:31.869,0.8148,0.81492,1.50,1.00
2016.11.18 12:56:32.304,0.81482,0.8149,1.50,1.00
2016.11.18 12:56:32.355,0.81481,0.8149,1.00,1.00
2016.11.18 12:56:32.456,0.81481,0.81492,1.50,1.00
2016.11.18 12:56:32.838,0.81481,0.8149,1.00,1.50
2016.11.18 12:56:32.939,0.81481,0.81493,1.00,1.50
2016.11.18 12:56:33.041,0.81482,0.81493,1.00,3.00
2016.11.18 12:56:33.193,0.81483,0.81493,1.12,1.50
2016.11.18 12:56:33.445,0.81482,0.8149,2.25,1.00
2016.11.18 12:56:33.545,0.81482,0.81492,2.25,1.00
2016.11.18 12:56:34.050,0.81482,0.81493,1.50,1.00
2016.11.18 12:56:34.252,0.81479,0.81491,3.00,1.00
2016.11.18 12:56:34.555,0.8148,0.81492,2.25,1.00
2016.11.18 12:56:34.888,0.81482,0.81494,1.00,1.12
2016.11.18 12:56:35.141,0.81483,0.8149,1.00,1.00
2016.11.18 12:56:35.292,0.81477,0.81489,5.25,1.00
2016.11.18 12:56:35.394,0.81478,0.8149,1.12,1.00
2016.11.18 12:56:35.595,0.8148,0.81491,1.00,1.75
2016.11.18 12:56:35.697,0.81482,0.81492,1.00,1.12
2016.11.18 12:56:36.116,0.81482,0.81494,1.50,1.00
2016.11.18 12:56:36.450,0.81484,0.81494,1.87,1.00
2016.11.18 12:56:36.873,0.81483,0.81493,1.12,1.00
2016.11.18 12:56:37.377,0.81483,0.81496,1.50,1.87
2016.11.18 12:56:37.914,0.81481,0.81491,1.75,1.00
2016.11.18 12:56:38.167,0.81479,0.81492,2.25,1.50
2016.11.18 12:56:38.671,0.81479,0.81492,1.37,1.50
2016.11.18 12:56:39.184,0.81477,0.81489,2.25,1.00
2016.11.18 12:56:39.386,0.81478,0.81491,1.79,1.00
2016.11.18 12:56:39.488,0.81479,0.81488,1.00,1.00
2016.11.18 12:56:39.689,0.81478,0.8149,1.87,1.00
2016.11.18 12:56:39.740,0.81478,0.8149,4.50,1.00
2016.11.18 12:56:40.251,0.81479,0.81489,1.50,1.00
2016.11.18 12:56:40.882,0.81479,0.8149,3.00,1.00
2016.11.18 12:56:41.395,0.8148,0.81489,1.37,1.00
2016.11.18 12:56:41.733,0.8148,0.81491,1.37,1.87
2016.11.18 12:56:43.277,0.8148,0.81492,1.00,2.25
2016.11.18 12:56:43.378,0.81479,0.81489,1.50,1.50
2016.11.18 12:56:43.480,0.81477,0.81486,1.12,1.00
2016.11.18 12:56:43.581,0.81475,0.81484,1.12,1.50
2016.11.18 12:56:43.683,0.81472,0.81485,3.00,3.00
2016.11.18 12:56:43.835,0.81473,0.81482,1.87,1.00
2016.11.18 12:56:44.152,0.81473,0.81482,1.75,1.00
2016.11.18 12:56:44.657,0.81472,0.81482,1.50,1.00
2016.11.18 12:56:45.165,0.8147,0.81482,3.00,1.50
2016.11.18 12:56:45.216,0.81471,0.8148,1.00,1.00
2016.11.18 12:56:45.596,0.8147,0.8148,4.50,1.00
2016.11.18 12:56:46.102,0.8147,0.8148,1.12,1.00
2016.11.18 12:56:46.763,0.81469,0.8148,1.00,1.50
2016.11.18 12:56:46.814,0.81468,0.81478,2.25,1.00
2016.11.18 12:56:47.183,0.81475,0.81479,1.12,1.00
2016.11.18 12:56:47.285,0.81478,0.81484,4.12,1.12
2016.11.18 12:56:47.437,0.81478,0.81487,3.37,1.00
2016.11.18 12:56:47.892,0.8148,0.81489,2.25,1.00
2016.11.18 12:56:48.043,0.8148,0.81491,3.00,1.00
2016.11.18 12:56:48.532,0.81484,0.81492,1.00,1.00
2016.11.18 12:56:48.684,0.81486,0.81495,2.62,1.00
2016.11.18 12:56:49.362,0.81486,0.81495,1.37,1.00
2016.11.18 12:56:49.665,0.81482,0.81493,2.62,1.50
2016.11.18 12:56:49.716,0.81481,0.81492,1.75,1.00
2016.11.18 12:56:49.817,0.81481,0.81493,1.12,1.50
2016.11.18 12:56:50.350,0.81482,0.81493,1.50,1.12
2016.11.18 12:56:50.704,0.81483,0.81493,3.00,1.00
2016.11.18 12:56:51.007,0.81484,0.81493,1.75,1.00
2016.11.18 12:56:51.108,0.81483,0.81493,3.00,1.00
2016.11.18 12:56:51.585,0.81482,0.81491,1.00,1.00
2016.11.18 12:56:52.090,0.81483,0.8149,1.37,1.00
2016.11.18 12:56:52.545,0.81483,0.81494,3.37,1.00
2016.11.18 12:56:53.210,0.81483,0.81493,1.87,1.00
2016.11.18 12:56:53.362,0.81481,0.81491,2.62,1.50
2016.11.18 12:56:53.413,0.81479,0.81491,1.50,1.87
2016.11.18 12:56:53.514,0.81479,0.81489,1.87,1.00
2016.11.18 12:56:53.817,0.81477,0.81489,1.00,2.62
2016.11.18 12:56:54.138,0.81477,0.81487,1.00,1.00
2016.11.18 12:56:54.245,0.81477,0.81489,1.00,2.25
2016.11.18 12:56:54.347,0.81476,0.81486,1.50,1.00
2016.11.18 12:56:54.906,0.81474,0.81487,3.00,2.62
2016.11.18 12:56:55.411,0.81476,0.81487,1.50,1.00
2016.11.18 12:56:56.306,0.81477,0.81487,2.25,1.00
2016.11.18 12:56:56.508,0.81475,0.81487,1.79,1.87
2016.11.18 12:56:56.610,0.81475,0.81482,1.04,1.50
2016.11.18 12:56:56.712,0.81474,0.8148,1.00,1.50
2016.11.18 12:56:56.762,0.81472,0.81478,1.00,1.00
2016.11.18 12:56:56.864,0.8147,0.81478,1.00,1.00
2016.11.18 12:56:56.915,0.81467,0.81477,2.16,1.00
2016.11.18 12:56:57.458,0.81463,0.81475,2.62,1.00
2016.11.18 12:56:57.616,0.81462,0.81474,2.62,1.50
2016.11.18 12:56:57.666,0.81462,0.81472,3.37,1.00
2016.11.18 12:56:58.173,0.81463,0.81471,1.00,1.00
2016.11.18 12:56:58.325,0.8146,0.8147,1.50,1.00
2016.11.18 12:56:58.516,0.81459,0.81471,1.12,1.00
2016.11.18 12:56:58.617,0.81461,0.81471,1.50,1.00
2016.11.18 12:56:58.925,0.81469,0.81477,1.87,1.00
2016.11.18 12:56:58.976,0.81469,0.8148,1.87,1.00
2016.11.18 12:56:59.027,0.81469,0.8148,4.12,1.00
2016.11.18 12:57:00.252,0.81469,0.8148,1.50,1.00
2016.11.18 12:57:00.555,0.81466,0.81474,3.37,1.00
2016.11.18 12:57:00.656,0.81463,0.81473,1.75,1.00
2016.11.18 12:57:00.707,0.81461,0.81471,2.62,1.00
2016.11.18 12:57:00.959,0.8146,0.81473,4.12,1.00
2016.11.18 12:57:01.313,0.81462,0.81474,4.87,1.00
2016.11.18 12:57:02.111,0.81464,0.81474,1.00,1.50
2016.11.18 12:57:02.566,0.8146,0.8147,2.62,1.50
2016.11.18 12:57:02.718,0.81458,0.81467,1.04,1.00
2016.11.18 12:57:03.510,0.81457,0.81467,1.75,1.00
2016.11.18 12:57:04.050,0.81456,0.81467,1.75,1.00
2016.11.18 12:57:04.484,0.81459,0.81469,1.12,1.00
2016.11.18 12:57:04.586,0.8146,0.81467,1.00,1.00
2016.11.18 12:57:04.637,0.81457,0.81467,1.00,1.00
2016.11.18 12:57:04.738,0.81456,0.81467,2.62,1.00
2016.11.18 12:57:04.839,0.81455,0.81467,1.75,1.00
2016.11.18 12:57:05.347,0.81456,0.81468,1.50,1.50
2016.11.18 12:57:05.890,0.81456,0.81468,6.37,1.00
2016.11.18 12:57:06.411,0.81458,0.81468,1.87,1.00
2016.11.18 12:57:06.712,0.81459,0.81468,1.50,1.00
2016.11.18 12:57:07.229,0.81461,0.81468,1.00,1.00
2016.11.18 12:57:08.655,0.81465,0.81469,1.00,1.00
2016.11.18 12:57:08.707,0.81468,0.81473,1.00,1.12
2016.11.18 12:57:08.758,0.81466,0.81473,1.50,1.00
2016.11.18 12:57:08.809,0.81466,0.81476,1.50,1.00
2016.11.18 12:57:08.860,0.81467,0.81476,1.75,1.00
2016.11.18 12:57:09.401,0.81469,0.81479,1.00,1.00
2016.11.18 12:57:09.453,0.81469,0.81479,1.50,1.00
2016.11.18 12:57:09.706,0.81471,0.81481,1.50,1.50
2016.11.18 12:57:10.215,0.8147,0.81482,2.25,1.00
2016.11.18 12:57:10.681,0.8147,0.81482,4.12,1.00
2016.11.18 12:57:10.884,0.81472,0.81484,1.00,1.12
2016.11.18 12:57:11.288,0.81472,0.81482,2.25,1.00
2016.11.18 12:57:11.693,0.81473,0.81485,3.00,1.00
2016.11.18 12:57:11.745,0.81474,0.81485,1.75,1.00
2016.11.18 12:57:12.274,0.81474,0.81486,3.37,1.00
2016.11.18 12:57:12.376,0.81474,0.81486,1.50,1.00
2016.11.18 12:57:13.103,0.81472,0.81483,3.58,1.00
2016.11.18 12:57:13.154,0.81472,0.81484,1.12,1.00
2016.11.18 12:57:13.677,0.81473,0.81485,1.50,1.50
2016.11.18 12:57:15.196,0.81473,0.81485,1.50,1.50
2016.11.18 12:57:15.962,0.81473,0.81485,1.50,1.50
2016.11.18 12:57:16.164,0.81472,0.81485,3.37,1.87
2016.11.18 12:57:16.847,0.81472,0.81485,3.00,1.87
2016.11.18 12:57:17.295,0.81473,0.81482,1.50,1.00
2016.11.18 12:57:17.498,0.81469,0.81481,1.50,1.00
2016.11.18 12:57:17.599,0.81468,0.81477,3.00,1.00
2016.11.18 12:57:17.701,0.81465,0.81477,3.75,1.00
2016.11.18 12:57:17.907,0.81466,0.81478,1.50,1.50
2016.11.18 12:57:18.409,0.81467,0.81478,1.12,1.00
2016.11.18 12:57:20.545,0.81466,0.8147,1.00,1.00
2016.11.18 12:57:20.786,0.81455,0.81467,4.50,1.00
2016.11.18 12:57:20.989,0.81455,0.81465,1.00,1.00
2016.11.18 12:57:21.090,0.81453,0.81464,1.12,1.00
2016.11.18 12:57:21.546,0.81455,0.81467,1.12,1.00
2016.11.18 12:57:22.373,0.81456,0.81467,1.00,1.50
2016.11.18 12:57:22.626,0.81455,0.81465,2.62,1.00
2016.11.18 12:57:23.081,0.81453,0.81466,1.50,1.50
2016.11.18 12:57:23.183,0.81455,0.81466,1.12,1.50
2016.11.18 12:57:23.511,0.8146,0.81471,1.00,1.12
2016.11.18 12:57:23.612,0.81457,0.81467,1.00,1.00
2016.11.18 12:57:23.815,0.81455,0.81466,1.00,1.00
2016.11.18 12:57:24.465,0.81454,0.81466,2.62,1.00
2016.11.18 12:57:24.617,0.81455,0.81467,1.37,1.00
2016.11.18 12:57:24.963,0.81456,0.81469,3.00,1.00
2016.11.18 12:57:25.014,0.81456,0.81469,4.87,1.00
2016.11.18 12:57:25.858,0.81457,0.81468,1.37,1.00
2016.11.18 12:57:26.734,0.81456,0.81467,3.00,1.00
2016.11.18 12:57:26.874,0.81456,0.81467,2.62,1.00
2016.11.18 12:57:27.535,0.81454,0.81466,4.12,1.00
2016.11.18 12:57:27.637,0.81454,0.81464,1.75,1.00
2016.11.18 12:57:27.738,0.81452,0.81463,2.25,1.50
2016.11.18 12:57:27.841,0.81451,0.81462,1.50,1.00
2016.11.18 12:57:28.346,0.81452,0.81463,1.50,1.00
2016.11.18 12:57:29.198,0.81453,0.81462,1.12,1.00
2016.11.18 12:57:30.010,0.81452,0.81462,1.12,1.50
2016.11.18 12:57:30.230,0.8145,0.81461,1.50,1.00
2016.11.18 12:57:30.722,0.81453,0.81464,2.25,2.25
2016.11.18 12:57:30.924,0.81455,0.81467,1.50,1.50
2016.11.18 12:57:31.025,0.81455,0.81467,2.25,1.00
2016.11.18 12:57:31.672,0.81457,0.81468,1.00,1.50
2016.11.18 12:57:32.080,0.81457,0.81466,1.00,1.00
2016.11.18 12:57:32.855,0.81458,0.81466,1.00,1.50
2016.11.18 12:57:33.312,0.81456,0.81466,1.00,1.00
2016.11.18 12:57:33.845,0.81456,0.81467,1.12,1.50
2016.11.18 12:57:33.996,0.81458,0.81467,1.00,1.50
2016.11.18 12:57:34.913,0.81457,0.81467,1.00,1.00
2016.11.18 12:57:35.442,0.81457,0.81466,1.12,1.00
2016.11.18 12:57:35.998,0.81455,0.81466,1.37,1.50
2016.11.18 12:57:36.302,0.81459,0.81469,1.00,2.62
2016.11.18 12:57:36.353,0.81459,0.8147,1.00,2.25
2016.11.18 12:57:36.539,0.81459,0.8147,1.50,1.00
2016.11.18 12:57:37.100,0.81459,0.81469,1.87,1.12
2016.11.18 12:57:37.603,0.81458,0.81469,1.87,1.87
2016.11.18 12:57:38.307,0.81457,0.81468,1.37,1.50
2016.11.18 12:57:38.357,0.81457,0.81466,1.37,1.00
2016.11.18 12:57:38.863,0.81461,0.81469,1.00,3.37
2016.11.18 12:57:38.964,0.81463,0.81473,1.00,1.75
2016.11.18 12:57:39.066,0.81464,0.81474,1.00,1.50
2016.11.18 12:57:39.167,0.81463,0.81475,1.87,1.12
2016.11.18 12:57:39.553,0.81464,0.81475,1.00,1.50
2016.11.18 12:57:39.857,0.81464,0.81475,1.00,1.00
2016.11.18 12:57:40.395,0.81464,0.81474,1.50,1.12
2016.11.18 12:57:40.949,0.81463,0.81475,2.62,1.12
2016.11.18 12:57:41.051,0.81463,0.81475,3.00,1.12
2016.11.18 12:57:41.552,0.81464,0.81474,1.12,1.00
2016.11.18 12:57:42.057,0.81463,0.81474,1.50,1.50
2016.11.18 12:57:42.361,0.81464,0.81472,1.12,1.00
2016.11.18 12:57:42.888,0.81463,0.81472,1.00,1.00
2016.11.18 12:57:43.090,0.81464,0.81475,1.00,1.12
2016.11.18 12:57:43.393,0.81464,0.81473,1.12,1.00
2016.11.18 12:57:43.912,0.81463,0.81474,1.50,1.00
2016.11.18 12:57:44.459,0.81461,0.81471,1.75,1.00
2016.11.18 12:57:44.661,0.8146,0.8147,1.00,1.50
2016.11.18 12:57:45.196,0.81459,0.8147,2.25,1.00
2016.11.18 12:57:45.590,0.81459,0.81468,1.00,1.00
2016.11.18 12:57:45.980,0.81457,0.81468,1.12,1.12
2016.11.18 12:57:46.498,0.81456,0.81467,1.87,1.12
2016.11.18 12:57:46.549,0.81458,0.81467,1.00,1.50
2016.11.18 12:57:46.852,0.81458,0.81467,1.00,1.50
2016.11.18 12:57:46.990,0.81456,0.81466,1.00,1.37
2016.11.18 12:57:47.344,0.81454,0.81465,1.50,1.12
2016.11.18 12:57:47.967,0.81454,0.81465,1.87,1.00
2016.11.18 12:57:48.465,0.81453,0.81464,1.50,1.00
2016.11.18 12:57:49.570,0.81453,0.81464,1.00,1.00
2016.11.18 12:57:49.671,0.81453,0.81466,2.50,1.50
2016.11.18 12:57:50.213,0.81456,0.81466,1.00,1.00
2016.11.18 12:57:50.416,0.81454,0.81466,1.12,1.87
2016.11.18 12:57:51.103,0.81454,0.81464,1.87,1.00
2016.11.18 12:57:51.693,0.81455,0.81466,1.00,1.37
2016.11.18 12:57:52.219,0.81455,0.81464,1.37,1.00
2016.11.18 12:57:52.729,0.81455,0.81464,1.00,1.00
2016.11.18 12:57:53.347,0.81455,0.81465,1.00,1.50
2016.11.18 12:57:53.465,0.81454,0.81461,1.12,1.00
2016.11.18 12:57:53.566,0.81451,0.8146,1.87,1.00
2016.11.18 12:57:54.075,0.81451,0.8146,1.00,1.00
2016.11.18 12:57:54.896,0.81451,0.81461,1.00,1.50
2016.11.18 12:57:55.408,0.81451,0.81462,1.12,2.25
2016.11.18 12:57:55.971,0.81451,0.81461,1.12,1.00
2016.11.18 12:57:56.882,0.81457,0.81463,1.00,1.00
2016.11.18 12:57:56.984,0.81458,0.81467,1.00,1.00
2016.11.18 12:57:57.086,0.8146,0.8147,1.50,1.57
2016.11.18 12:57:57.237,0.81462,0.81472,1.00,1.50
2016.11.18 12:57:57.769,0.81462,0.81473,1.12,1.50
2016.11.18 12:57:58.303,0.81463,0.81472,1.00,1.00
2016.11.18 12:57:58.808,0.81464,0.81473,1.00,1.00
2016.11.18 12:57:59.289,0.81466,0.81474,1.00,1.00
2016.11.18 12:57:59.390,0.81467,0.81478,1.00,3.00
2016.11.18 12:57:59.593,0.81467,0.81478,1.12,1.50
2016.11.18 12:57:59.694,0.81469,0.8148,1.00,3.00
2016.11.18 12:58:00.251,0.81469,0.81478,1.12,1.00
2016.11.18 12:58:00.504,0.81469,0.8148,1.00,1.87
2016.11.18 12:58:01.037,0.81468,0.81479,1.12,1.87
2016.11.18 12:58:01.139,0.81468,0.81477,1.12,1.00
2016.11.18 12:58:01.443,0.81466,0.81477,1.00,1.87
2016.11.18 12:58:01.748,0.81465,0.81474,1.00,1.00
2016.11.18 12:58:02.001,0.81463,0.81474,1.87,1.50
2016.11.18 12:58:02.545,0.81463,0.81474,1.00,1.50
2016.11.18 12:58:03.070,0.81463,0.81474,1.37,2.25
2016.11.18 12:58:03.121,0.81462,0.81474,2.62,2.25
2016.11.18 12:58:03.324,0.81466,0.81474,1.00,1.00
2016.11.18 12:58:03.720,0.81475,0.81484,1.00,1.00
2016.11.18 12:58:03.821,0.81476,0.81486,1.00,1.00
2016.11.18 12:58:04.326,0.81474,0.81484,1.50,1.00
2016.11.18 12:58:04.835,0.81474,0.81484,1.00,1.37
2016.11.18 12:58:04.987,0.81471,0.81482,2.25,1.00
2016.11.18 12:58:05.154,0.81467,0.8148,3.00,1.50
2016.11.18 12:58:05.205,0.81467,0.8148,1.00,1.87
2016.11.18 12:58:05.458,0.81467,0.81478,1.50,1.00
2016.11.18 12:58:05.963,0.81468,0.81478,1.00,1.00
2016.11.18 12:58:06.469,0.81467,0.81479,1.00,2.25
2016.11.18 12:58:06.975,0.81466,0.81478,1.87,1.12
2016.11.18 12:58:07.351,0.81463,0.81474,1.12,1.00
2016.11.18 12:58:07.504,0.81461,0.81474,1.87,1.12
2016.11.18 12:58:07.605,0.81461,0.81474,1.87,4.12
2016.11.18 12:58:07.706,0.81461,0.81474,1.87,2.25
2016.11.18 12:58:07.908,0.8146,0.81473,1.12,2.25
2016.11.18 12:58:08.010,0.81458,0.8147,2.62,1.00
2016.11.18 12:58:08.550,0.81458,0.81469,1.00,1.50
2016.11.18 12:58:09.108,0.81457,0.81467,1.87,1.00
2016.11.18 12:58:10.168,0.81458,0.81469,1.00,2.25
2016.11.18 12:58:10.572,0.81464,0.81472,1.00,3.37
2016.11.18 12:58:10.724,0.81465,0.81474,1.12,2.62
2016.11.18 12:58:10.825,0.81465,0.81476,1.00,1.37
2016.11.18 12:58:10.876,0.81467,0.81477,1.00,1.87
2016.11.18 12:58:10.926,0.81467,0.81477,1.00,1.87
2016.11.18 12:58:11.166,0.81465,0.81477,1.00,1.87
2016.11.18 12:58:11.217,0.81462,0.81475,3.75,1.50
2016.11.18 12:58:11.521,0.81458,0.81469,1.12,1.00
2016.11.18 12:58:12.030,0.81457,0.81469,1.87,3.00
2016.11.18 12:58:12.567,0.81456,0.81467,1.50,1.00
2016.11.18 12:58:12.874,0.81462,0.81471,1.00,2.62
2016.11.18 12:58:12.925,0.81462,0.81472,1.00,2.62
2016.11.18 12:58:13.027,0.81461,0.81473,1.12,1.50
2016.11.18 12:58:13.381,0.8146,0.81471,3.37,1.00
2016.11.18 12:58:13.684,0.81458,0.81467,2.62,1.00
2016.11.18 12:58:13.735,0.81458,0.81467,1.00,1.00
2016.11.18 12:58:14.048,0.81455,0.81467,2.25,1.00
2016.11.18 12:58:14.586,0.81455,0.81467,2.25,1.00
2016.11.18 12:58:15.088,0.81459,0.81468,1.00,1.12
2016.11.18 12:58:15.139,0.81456,0.81468,2.25,1.00
2016.11.18 12:58:15.240,0.81457,0.81469,3.37,1.50
2016.11.18 12:58:15.778,0.81457,0.81467,3.00,1.50
2016.11.18 12:58:15.829,0.81457,0.81466,1.12,1.00
2016.11.18 12:58:16.132,0.81455,0.81467,1.87,1.50
2016.11.18 12:58:16.284,0.81459,0.81466,1.00,1.50
2016.11.18 12:58:16.436,0.81459,0.8147,1.50,1.00
2016.11.18 12:58:16.689,0.81457,0.81468,2.62,1.00
2016.11.18 12:58:16.842,0.81455,0.81467,3.00,1.00
2016.11.18 12:58:17.548,0.81456,0.81467,1.00,2.25
2016.11.18 12:58:17.851,0.81454,0.81466,1.12,1.50
2016.11.18 12:58:18.296,0.81456,0.81467,1.00,1.00
2016.11.18 12:58:18.833,0.81454,0.81466,2.54,1.12
2016.11.18 12:58:19.343,0.81456,0.81467,1.00,1.00
2016.11.18 12:58:19.547,0.81457,0.8147,1.50,1.50
2016.11.18 12:58:20.059,0.81459,0.81471,1.00,2.25
2016.11.18 12:58:21.169,0.8146,0.8147,1.50,1.12
2016.11.18 12:58:21.270,0.81458,0.81469,1.50,1.50
2016.11.18 12:58:22.198,0.81458,0.81468,1.87,1.00
2016.11.18 12:58:22.350,0.81455,0.81466,3.66,1.00
2016.11.18 12:58:22.452,0.81453,0.81465,3.66,1.50
2016.11.18 12:58:22.856,0.81456,0.81465,1.00,1.00
2016.11.18 12:58:23.058,0.81457,0.81468,1.87,1.00
2016.11.18 12:58:23.595,0.81458,0.81469,1.00,1.12
2016.11.18 12:58:23.747,0.81462,0.81468,1.50,1.00
2016.11.18 12:58:23.798,0.81464,0.81472,1.00,1.50
2016.11.18 12:58:23.899,0.81464,0.81474,1.00,1.12
2016.11.18 12:58:24.354,0.81464,0.81476,1.00,1.50
2016.11.18 12:58:24.944,0.81465,0.81476,1.00,1.50
2016.11.18 12:58:25.460,0.81464,0.81475,1.12,1.00
2016.11.18 12:58:25.982,0.81464,0.81476,1.12,1.87
2016.11.18 12:58:26.590,0.81463,0.81475,1.87,1.00
2016.11.18 12:58:27.128,0.81463,0.81474,1.50,1.00
2016.11.18 12:58:27.520,0.81465,0.81476,1.00,2.62
2016.11.18 12:58:28.064,0.81465,0.81476,1.12,1.37
2016.11.18 12:58:28.395,0.81464,0.81473,1.00,1.00
2016.11.18 12:58:28.597,0.81464,0.81475,1.00,1.87
2016.11.18 12:58:28.900,0.81463,0.81475,2.25,2.62
2016.11.18 12:58:29.432,0.81465,0.81475,1.50,1.37
2016.11.18 12:58:29.483,0.81466,0.81476,1.00,1.00
2016.11.18 12:58:29.690,0.81469,0.81477,1.00,1.00
2016.11.18 12:58:29.791,0.81469,0.8148,1.50,1.37
2016.11.18 12:58:29.944,0.81472,0.81481,1.00,1.50
2016.11.18 12:58:30.197,0.81471,0.81483,1.00,1.87
2016.11.18 12:58:30.348,0.81473,0.81483,1.00,1.87
2016.11.18 12:58:30.854,0.81472,0.81483,1.00,1.87
2016.11.18 12:58:31.386,0.81473,0.81483,1.00,1.00
2016.11.18 12:58:31.790,0.81474,0.81486,1.50,2.25
2016.11.18 12:58:31.891,0.81476,0.81486,1.00,2.62
2016.11.18 12:58:32.396,0.81474,0.81485,1.12,1.00
2016.11.18 12:58:32.935,0.81474,0.81484,1.00,1.12
2016.11.18 12:58:33.484,0.81475,0.81484,1.00,1.12
2016.11.18 12:58:34.071,0.81474,0.81484,1.00,2.62
2016.11.18 12:58:34.172,0.81472,0.81483,1.00,1.00
2016.11.18 12:58:34.374,0.81474,0.81483,1.00,1.00
2016.11.18 12:58:34.913,0.81473,0.81484,1.12,1.87
2016.11.18 12:58:35.647,0.81473,0.81485,1.00,1.87
2016.11.18 12:58:36.007,0.81474,0.81485,1.00,1.87
2016.11.18 12:58:36.188,0.81475,0.81485,1.00,1.50
2016.11.18 12:58:36.722,0.81476,0.81487,1.12,2.25
2016.11.18 12:58:37.159,0.81479,0.81489,1.00,3.37
2016.11.18 12:58:37.210,0.8148,0.8149,1.00,2.25
2016.11.18 12:58:37.362,0.81481,0.81491,1.00,2.25
2016.11.18 12:58:37.748,0.81479,0.81488,1.12,1.00
2016.11.18 12:58:38.052,0.81475,0.81484,1.12,1.00
2016.11.18 12:58:40.486,0.81474,0.81481,1.00,1.00
2016.11.18 12:58:40.537,0.81471,0.81481,1.00,1.00
2016.11.18 12:58:41.125,0.81472,0.81481,1.00,1.00
2016.11.18 12:58:41.226,0.81474,0.81482,1.00,1.12
2016.11.18 12:58:41.505,0.81474,0.81484,1.00,1.87
2016.11.18 12:58:42.293,0.81473,0.81484,1.00,1.87
2016.11.18 12:58:42.699,0.81475,0.81484,1.50,1.00
2016.11.18 12:58:43.250,0.81474,0.81485,1.00,1.00
2016.11.18 12:58:43.554,0.8147,0.81481,1.00,1.00
2016.11.18 12:58:43.857,0.81472,0.81482,1.00,1.50
2016.11.18 12:58:44.433,0.81473,0.81482,1.00,1.00
2016.11.18 12:58:44.942,0.81473,0.81483,1.00,1.00
2016.11.18 12:58:45.543,0.81473,0.81484,1.87,1.00
2016.11.18 12:58:46.078,0.81475,0.81485,1.00,1.12
2016.11.18 12:58:46.230,0.81476,0.81487,1.00,1.00
2016.11.18 12:58:46.579,0.81478,0.81488,1.00,1.87
2016.11.18 12:58:47.096,0.81477,0.81488,1.00,1.00
2016.11.18 12:58:47.717,0.81478,0.81487,1.00,1.00
2016.11.18 12:58:48.039,0.81479,0.81489,1.00,1.50
2016.11.18 12:58:48.599,0.81478,0.81488,1.00,1.00
2016.11.18 12:58:49.127,0.8148,0.81489,1.00,1.50
2016.11.18 12:58:49.279,0.81478,0.8149,1.50,2.25
2016.11.18 12:58:49.883,0.81478,0.8149,1.00,2.25
2016.11.18 12:58:50.550,0.81478,0.8149,2.25,1.87
2016.11.18 12:58:52.525,0.81483,0.81491,1.00,2.62
2016.11.18 12:58:52.627,0.81483,0.81493,1.00,2.25
2016.11.18 12:58:52.728,0.81483,0.81493,1.00,1.00
2016.11.18 12:58:55.034,0.81483,0.81492,1.00,1.00
2016.11.18 12:58:55.455,0.81486,0.81495,1.00,1.37
2016.11.18 12:58:55.657,0.81488,0.81497,1.00,1.50
2016.11.18 12:58:56.466,0.81489,0.81498,1.00,1.12
2016.11.18 12:58:57.199,0.81488,0.81497,1.00,1.00
2016.11.18 12:58:57.635,0.81488,0.81495,1.00,1.00
2016.11.18 12:58:57.888,0.81486,0.81495,1.00,1.00
2016.11.18 12:58:58.512,0.81485,0.81494,1.87,1.00
2016.11.18 12:58:59.287,0.81486,0.81496,1.50,1.00
2016.11.18 12:58:59.540,0.81488,0.81495,1.00,1.00
2016.11.18 12:58:59.921,0.81486,0.81495,1.87,1.00
2016.11.18 12:59:00.275,0.81484,0.81493,1.00,1.00
2016.11.18 12:59:00.809,0.81484,0.81492,1.00,1.00
2016.11.18 12:59:01.436,0.81484,0.81493,1.00,1.00
2016.11.18 12:59:02.594,0.81485,0.81494,1.00,1.12
2016.11.18 12:59:04.258,0.81485,0.81495,1.00,1.00
2016.11.18 12:59:04.793,0.81486,0.81495,1.00,1.12
2016.11.18 12:59:05.152,0.81484,0.81494,1.87,1.12
2016.11.18 12:59:05.344,0.81486,0.81495,1.00,2.62
2016.11.18 12:59:05.862,0.81486,0.81495,1.00,1.00
2016.11.18 12:59:06.655,0.81488,0.81496,1.00,1.00
2016.11.18 12:59:06.992,0.81489,0.81498,1.00,1.00
2016.11.18 12:59:07.094,0.81491,0.81499,1.00,1.00
2016.11.18 12:59:07.296,0.81492,0.81501,1.00,1.00
2016.11.18 12:59:08.450,0.81492,0.81502,1.12,1.00
2016.11.18 12:59:09.317,0.81491,0.815,1.87,1.00
2016.11.18 12:59:09.826,0.81491,0.815,1.00,1.00
2016.11.18 12:59:10.358,0.81492,0.81501,1.00,1.00
2016.11.18 12:59:10.889,0.81491,0.81501,1.87,1.00
2016.11.18 12:59:11.332,0.81494,0.81503,1.00,1.00
2016.11.18 12:59:11.898,0.81494,0.81504,1.87,1.00
2016.11.18 12:59:12.201,0.81498,0.81506,1.00,1.00
2016.11.18 12:59:12.706,0.81498,0.81507,1.00,1.00
2016.11.18 12:59:13.251,0.81494,0.81504,1.87,1.00
2016.11.18 12:59:13.521,0.81492,0.81501,1.00,1.00
2016.11.18 12:59:14.027,0.81493,0.81502,1.00,1.00
2016.11.18 12:59:15.042,0.81492,0.81502,1.50,1.00
2016.11.18 12:59:15.093,0.8149,0.81498,1.00,1.00
2016.11.18 12:59:15.601,0.81489,0.81499,1.50,1.12
2016.11.18 12:59:15.904,0.81489,0.81497,1.00,1.00
2016.11.18 12:59:16.520,0.81487,0.81497,1.50,1.00
2016.11.18 12:59:17.424,0.81489,0.81497,1.00,1.00
2016.11.18 12:59:18.769,0.81487,0.81497,1.50,1.00
2016.11.18 12:59:19.365,0.81488,0.81495,1.00,1.00
2016.11.18 12:59:20.600,0.81485,0.81495,1.87,1.00
2016.11.18 12:59:20.752,0.81485,0.81492,1.00,1.00
2016.11.18 12:59:21.533,0.81483,0.81493,1.12,1.12
2016.11.18 12:59:22.403,0.81484,0.81492,1.00,1.00
2016.11.18 12:59:25.033,0.81484,0.81493,1.00,1.12
2016.11.18 12:59:25.185,0.81483,0.81491,1.50,1.00
2016.11.18 12:59:25.551,0.81484,0.81494,1.00,1.00
2016.11.18 12:59:25.703,0.81485,0.81496,1.87,1.87
2016.11.18 12:59:26.040,0.81487,0.81496,1.00,1.00
2016.11.18 12:59:26.944,0.81487,0.81497,1.50,1.00
2016.11.18 12:59:27.496,0.81487,0.81498,1.00,1.50
2016.11.18 12:59:27.849,0.81487,0.81497,1.00,1.37
2016.11.18 12:59:28.390,0.81487,0.81497,1.00,1.00
2016.11.18 12:59:28.959,0.81488,0.81498,1.00,1.12
2016.11.18 12:59:30.809,0.81489,0.81498,1.00,1.00
2016.11.18 12:59:31.068,0.81491,0.81501,1.50,1.00
2016.11.18 12:59:31.360,0.81493,0.81502,1.00,1.50
2016.11.18 12:59:31.780,0.81495,0.81505,1.00,1.50
2016.11.18 12:59:32.084,0.81497,0.81506,1.00,1.00
2016.11.18 12:59:32.425,0.81495,0.81505,1.00,1.00
2016.11.18 12:59:32.931,0.81496,0.81506,1.50,1.50
2016.11.18 12:59:33.032,0.81496,0.81506,1.50,1.12
2016.11.18 12:59:33.083,0.81498,0.81506,1.00,1.12
2016.11.18 12:59:33.606,0.81498,0.81507,1.00,1.50
2016.11.18 12:59:34.129,0.81497,0.81506,1.50,1.00
2016.11.18 12:59:35.437,0.81495,0.81506,1.87,1.12
2016.11.18 12:59:35.589,0.81493,0.81503,1.00,1.00
2016.11.18 12:59:35.893,0.81491,0.81501,1.00,1.00
2016.11.18 12:59:37.046,0.81491,0.81503,1.50,1.50
2016.11.18 12:59:37.557,0.81492,0.81504,1.00,2.25
2016.11.18 12:59:38.071,0.81493,0.81502,1.00,1.00
2016.11.18 12:59:39.654,0.81493,0.81501,1.00,1.00
2016.11.18 12:59:40.034,0.81493,0.81503,1.50,1.12
2016.11.18 12:59:40.085,0.81495,0.81503,1.00,1.12
2016.11.18 12:59:40.382,0.81493,0.81503,1.50,1.00
2016.11.18 12:59:40.619,0.81495,0.81503,1.00,1.00
2016.11.18 12:59:40.821,0.81495,0.81506,1.50,1.50
2016.11.18 12:59:41.362,0.81496,0.81506,1.00,1.50
2016.11.18 12:59:41.792,0.81493,0.81504,1.50,1.50
2016.11.18 12:59:42.296,0.81493,0.81502,1.50,1.00
2016.11.18 12:59:42.807,0.81493,0.81503,1.00,1.00
2016.11.18 12:59:43.111,0.81501,0.81507,1.00,1.00
2016.11.18 12:59:43.289,0.81507,0.81514,1.00,1.05
2016.11.18 12:59:43.340,0.81511,0.81515,1.00,1.00
2016.11.18 12:59:43.391,0.81512,0.81521,1.00,1.12
2016.11.18 12:59:43.442,0.81515,0.81522,1.50,4.50
2016.11.18 12:59:43.493,0.81515,0.81522,1.50,1.00
2016.11.18 12:59:43.544,0.81516,0.81526,1.00,1.50
2016.11.18 12:59:43.595,0.8152,0.81527,1.00,1.50
2016.11.18 12:59:43.646,0.81518,0.81527,1.00,1.00
2016.11.18 12:59:43.698,0.81516,0.81527,1.50,1.00
2016.11.18 12:59:43.749,0.81519,0.81529,1.00,2.25
2016.11.18 12:59:43.800,0.81517,0.81529,1.00,1.50
2016.11.18 12:59:43.850,0.81519,0.81529,1.00,1.50
2016.11.18 12:59:44.379,0.81516,0.81529,1.12,1.87
2016.11.18 12:59:44.430,0.81516,0.81527,1.12,1.00
2016.11.18 12:59:45.089,0.81515,0.81528,1.00,2.25
2016.11.18 12:59:45.478,0.81515,0.81527,1.00,2.25
2016.11.18 12:59:46.029,0.81516,0.81526,1.00,1.50
2016.11.18 12:59:46.181,0.81516,0.81528,1.00,1.12
2016.11.18 12:59:46.596,0.81518,0.81528,1.00,1.12
2016.11.18 12:59:47.101,0.81516,0.81529,1.00,1.87
2016.11.18 12:59:47.202,0.81515,0.81527,1.12,1.12
2016.11.18 12:59:47.505,0.8152,0.81533,1.00,2.25
2016.11.18 12:59:47.818,0.81524,0.81534,1.00,2.62
2016.11.18 12:59:47.869,0.81525,0.81535,1.00,1.00
2016.11.18 12:59:47.920,0.81531,0.81536,1.00,1.00
2016.11.18 12:59:47.971,0.81529,0.81537,1.00,1.12
2016.11.18 12:59:48.022,0.81532,0.8154,1.00,3.37
2016.11.18 12:59:48.072,0.81532,0.8154,1.00,1.00
2016.11.18 12:59:48.123,0.81529,0.81542,1.50,1.12
2016.11.18 12:59:48.174,0.81528,0.81538,1.87,1.00
2016.11.18 12:59:48.225,0.81527,0.8154,2.25,1.00
2016.11.18 12:59:48.326,0.81532,0.81539,1.00,1.00
2016.11.18 12:59:48.478,0.81536,0.81546,1.50,1.12
2016.11.18 12:59:48.630,0.81534,0.81545,1.12,1.00
2016.11.18 12:59:48.785,0.81532,0.81542,1.12,1.00
2016.11.18 12:59:48.995,0.8152,0.81533,2.25,1.50
2016.11.18 12:59:49.147,0.81518,0.81528,3.75,1.00
2016.11.18 12:59:49.197,0.81518,0.81528,1.12,1.00
2016.11.18 12:59:49.299,0.81516,0.81528,1.00,1.00
2016.11.18 12:59:49.800,0.81515,0.81528,1.00,1.00
2016.11.18 12:59:49.851,0.81517,0.81529,1.50,1.00
2016.11.18 12:59:50.205,0.81516,0.81527,1.87,1.00
2016.11.18 12:59:50.510,0.81508,0.81521,1.00,1.00
2016.11.18 12:59:50.612,0.81506,0.81519,1.12,1.50
2016.11.18 12:59:50.947,0.81504,0.81517,1.50,1.37
2016.11.18 12:59:51.251,0.81517,0.81523,1.87,2.25
2016.11.18 12:59:51.352,0.81518,0.81523,1.00,2.25
2016.11.18 12:59:51.403,0.81518,0.81531,1.50,1.75
2016.11.18 12:59:51.454,0.8152,0.81532,1.00,3.75
2016.11.18 12:59:51.604,0.81523,0.81533,1.00,1.00
2016.11.18 12:59:51.655,0.81522,0.81535,1.87,1.12
2016.11.18 12:59:51.857,0.81524,0.81535,1.00,1.00
2016.11.18 12:59:52.010,0.81522,0.81535,1.87,1.00
2016.11.18 12:59:52.313,0.81524,0.81535,1.00,1.75
2016.11.18 12:59:52.515,0.81525,0.81537,1.00,3.00
2016.11.18 12:59:52.866,0.81521,0.81534,1.00,1.00
2016.11.18 12:59:53.169,0.81524,0.81535,1.00,1.50
2016.11.18 12:59:53.421,0.81528,0.8154,1.00,1.50
2016.11.18 12:59:53.926,0.81528,0.81538,1.00,1.12
2016.11.18 12:59:54.093,0.81528,0.81538,1.00,1.75
2016.11.18 12:59:54.144,0.8152,0.81532,3.00,1.00
2016.11.18 12:59:54.246,0.81518,0.81531,1.00,1.12
2016.11.18 12:59:54.398,0.81519,0.81531,1.00,2.25
2016.11.18 12:59:54.703,0.81531,0.81537,1.00,1.50
2016.11.18 12:59:54.805,0.81532,0.81544,1.00,1.87
2016.11.18 12:59:54.999,0.81534,0.81546,1.00,1.87
2016.11.18 12:59:55.100,0.81535,0.81548,1.00,2.62
2016.11.18 12:59:55.202,0.81537,0.81548,1.00,1.75
2016.11.18 12:59:55.304,0.81536,0.81549,1.00,1.50
2016.11.18 12:59:55.819,0.81535,0.81548,1.00,1.12
2016.11.18 12:59:56.344,0.81534,0.81547,1.87,1.00
2016.11.18 12:59:56.748,0.81535,0.81547,1.50,1.00
2016.11.18 12:59:57.103,0.81536,0.81549,1.50,1.00
2016.11.18 12:59:57.608,0.81537,0.8155,1.12,1.00
2016.11.18 12:59:57.818,0.81538,0.8155,1.50,1.00
2016.11.18 12:59:58.173,0.81537,0.81547,1.75,1.00
2016.11.18 12:59:58.327,0.81537,0.81547,1.00,1.00
2016.11.18 12:59:58.428,0.81536,0.81549,1.12,1.12
2016.11.18 12:59:58.529,0.81538,0.81551,1.00,4.12
2016.11.18 12:59:58.630,0.81538,0.81551,1.50,1.00
2016.11.18 12:59:58.731,0.81541,0.81552,1.00,1.00
2016.11.18 12:59:59.177,0.81538,0.8155,1.50,1.00
2016.11.18 12:59:59.228,0.81538,0.81551,1.12,1.37
2016.11.18 12:59:59.750,0.81538,0.81549,1.12,1.00
2016.11.18 12:59:59.852,0.81538,0.81547,1.00,1.00
