2017.08.04 12:00:00.330,0.87507,0.87516,1.00,1.87
2017.08.04 12:00:00.857,0.87505,0.87515,1.12,1.50
2017.08.04 12:00:01.372,0.87506,0.87514,1.00,1.12
2017.08.04 12:00:02.024,0.87504,0.87515,1.50,3.00
2017.08.04 12:00:02.637,0.87505,0.87514,1.00,1.12
2017.08.04 12:00:03.664,0.87509,0.87515,1.00,1.50
2017.08.04 12:00:03.878,0.87509,0.87518,1.50,2.25
2017.08.04 12:00:04.551,0.87509,0.87517,2.25,1.00
2017.08.04 12:00:05.112,0.87508,0.87517,2.62,1.00
2017.08.04 12:00:05.909,0.87508,0.87516,1.87,1.00
2017.08.04 12:00:06.096,0.87508,0.87518,2.62,1.00
2017.08.04 12:00:06.636,0.8751,0.87519,1.00,1.87
2017.08.04 12:00:07.183,0.8751,0.87519,1.50,1.00
2017.08.04 12:00:08.493,0.87511,0.87518,1.12,1.00
2017.08.04 12:00:09.001,0.8751,0.87517,1.50,1.00
2017.08.04 12:00:09.988,0.8751,0.87518,1.50,2.25
2017.08.04 12:00:10.515,0.8751,0.87519,1.50,1.50
2017.08.04 12:00:11.192,0.8751,0.87518,1.50,1.00
2017.08.04 12:00:12.523,0.87511,0.87518,1.00,1.00
2017.08.04 12:00:12.575,0.87513,0.87518,1.00,1.00
2017.08.04 12:00:12.728,0.87513,0.87521,1.00,1.00
2017.08.04 12:00:13.423,0.87512,0.87519,1.50,1.00
2017.08.04 12:00:13.728,0.87511,0.87519,1.00,1.50
2017.08.04 12:00:14.233,0.87512,0.87519,1.00,1.00
2017.08.04 12:00:14.741,0.87512,0.8752,1.00,1.00
2017.08.04 12:00:15.033,0.8751,0.87519,1.12,1.00
2017.08.04 12:00:16.002,0.8751,0.87518,1.12,1.00
2017.08.04 12:00:18.513,0.8751,0.87517,1.12,1.00
2017.08.04 12:00:20.815,0.87511,0.87517,1.00,1.00
2017.08.04 12:00:21.330,0.8751,0.87517,1.12,1.50
2017.08.04 12:00:22.204,0.87508,0.87516,2.25,1.00
2017.08.04 12:00:22.255,0.87507,0.87516,1.87,1.00
2017.08.04 12:00:22.763,0.87507,0.87517,1.00,2.62
2017.08.04 12:00:22.966,0.87509,0.87517,1.00,1.87
2017.08.04 12:00:23.492,0.87508,0.87516,2.25,1.00
2017.08.04 12:00:26.772,0.87506,0.87515,3.75,1.00
2017.08.04 12:00:26.975,0.87506,0.87515,1.12,1.00
2017.08.04 12:00:27.503,0.87506,0.87515,1.50,1.00
2017.08.04 12:00:27.706,0.87505,0.87515,1.87,1.50
2017.08.04 12:00:27.758,0.87505,0.87512,1.12,1.00
2017.08.04 12:00:27.962,0.87502,0.8751,1.12,1.50
2017.08.04 12:00:28.639,0.875,0.87509,3.37,1.00
2017.08.04 12:00:31.366,0.87499,0.87509,1.50,1.50
2017.08.04 12:00:31.979,0.875,0.87509,1.00,1.00
2017.08.04 12:00:32.611,0.87499,0.87508,1.50,1.87
2017.08.04 12:00:34.722,0.87499,0.87507,1.00,1.00
2017.08.04 12:00:35.229,0.875,0.87508,1.00,1.87
2017.08.04 12:00:35.534,0.87502,0.8751,1.00,1.37
2017.08.04 12:00:35.705,0.87502,0.8751,1.00,1.12
2017.08.04 12:00:36.252,0.87502,0.87511,1.87,1.50
2017.08.04 12:00:37.913,0.87502,0.8751,1.37,1.00
2017.08.04 12:00:38.789,0.87501,0.8751,1.50,1.12
2017.08.04 12:00:39.506,0.87503,0.87511,1.12,1.50
2017.08.04 12:00:40.061,0.87501,0.87511,1.75,1.00
2017.08.04 12:00:40.822,0.87502,0.87512,1.50,2.25
2017.08.04 12:00:41.801,0.87502,0.87512,1.00,2.25
2017.08.04 12:00:43.048,0.87501,0.87512,1.87,3.00
2017.08.04 12:00:44.633,0.87503,0.87512,1.00,2.25
2017.08.04 12:00:45.152,0.87503,0.87511,1.00,1.00
2017.08.04 12:00:45.719,0.87502,0.8751,1.00,1.00
2017.08.04 12:00:46.544,0.87502,0.87509,1.00,1.00
2017.08.04 12:00:47.356,0.87503,0.87511,1.12,1.00
2017.08.04 12:00:47.857,0.87502,0.87511,1.12,1.00
2017.08.04 12:00:48.678,0.87501,0.87511,1.00,1.12
2017.08.04 12:00:49.201,0.875,0.8751,2.62,1.00
2017.08.04 12:00:49.730,0.875,0.8751,1.87,1.12
2017.08.04 12:00:50.362,0.87501,0.8751,1.50,1.50
2017.08.04 12:00:50.976,0.87502,0.8751,1.00,1.50
2017.08.04 12:00:51.880,0.87502,0.87511,1.00,1.00
2017.08.04 12:00:52.307,0.87504,0.87513,1.00,1.87
2017.08.04 12:00:52.632,0.87504,0.87511,1.00,1.00
2017.08.04 12:00:52.683,0.87504,0.87513,1.00,1.87
2017.08.04 12:00:53.134,0.87507,0.87514,1.00,1.50
2017.08.04 12:00:53.337,0.87507,0.87515,1.12,1.50
2017.08.04 12:00:54.742,0.87506,0.87514,1.50,1.00
2017.08.04 12:00:55.047,0.87503,0.87512,3.37,1.00
2017.08.04 12:00:58.769,0.87505,0.87513,1.12,1.50
2017.08.04 12:00:59.820,0.87505,0.87512,1.00,1.00
2017.08.04 12:01:00.485,0.87506,0.87515,1.00,3.00
2017.08.04 12:01:00.657,0.87506,0.87515,1.12,1.00
2017.08.04 12:01:01.183,0.87506,0.87514,1.00,1.00
2017.08.04 12:01:03.003,0.87505,0.87513,1.00,1.00
2017.08.04 12:01:03.308,0.87502,0.87512,1.50,1.87
2017.08.04 12:01:03.360,0.87504,0.87513,1.00,1.50
2017.08.04 12:01:03.861,0.87505,0.87513,1.00,2.25
2017.08.04 12:01:03.963,0.87505,0.87514,1.00,1.12
2017.08.04 12:01:04.570,0.87505,0.87512,1.00,1.00
2017.08.04 12:01:05.243,0.87505,0.87514,1.00,1.12
2017.08.04 12:01:05.542,0.87507,0.87514,1.00,1.12
2017.08.04 12:01:06.055,0.87507,0.87515,1.00,1.00
2017.08.04 12:01:06.965,0.87506,0.87515,1.87,1.50
2017.08.04 12:01:07.473,0.87506,0.87514,1.12,1.00
2017.08.04 12:01:08.710,0.87506,0.87515,1.12,1.50
2017.08.04 12:01:09.942,0.87507,0.87515,1.00,1.00
2017.08.04 12:01:10.349,0.87506,0.87513,2.62,1.00
2017.08.04 12:01:10.400,0.87504,0.87513,3.37,1.50
2017.08.04 12:01:10.610,0.87504,0.87511,3.37,1.00
2017.08.04 12:01:10.813,0.87502,0.87511,2.62,2.25
2017.08.04 12:01:13.128,0.87504,0.87513,1.12,1.00
2017.08.04 12:01:13.793,0.87505,0.87513,1.00,1.00
2017.08.04 12:01:14.943,0.87504,0.87513,1.12,1.00
2017.08.04 12:01:15.464,0.87503,0.87512,1.50,1.00
2017.08.04 12:01:16.519,0.87503,0.87512,1.50,1.00
2017.08.04 12:01:17.023,0.87504,0.87512,1.12,1.00
2017.08.04 12:01:17.565,0.87504,0.87511,1.12,1.00
2017.08.04 12:01:18.072,0.87504,0.87511,1.37,1.00
2017.08.04 12:01:18.303,0.87502,0.87512,1.12,1.00
2017.08.04 12:01:18.826,0.87504,0.87512,1.00,1.50
2017.08.04 12:01:18.928,0.87502,0.87512,1.12,1.00
2017.08.04 12:01:19.683,0.87502,0.87511,1.87,1.00
2017.08.04 12:01:20.229,0.87503,0.87511,1.00,1.50
2017.08.04 12:01:20.635,0.87502,0.87509,1.00,1.00
2017.08.04 12:01:21.160,0.87501,0.87509,1.00,1.87
2017.08.04 12:01:21.463,0.87501,0.8751,1.50,1.00
2017.08.04 12:01:22.107,0.87502,0.8751,1.00,1.00
2017.08.04 12:01:22.412,0.875,0.87509,1.00,2.25
2017.08.04 12:01:22.925,0.87499,0.87508,1.00,1.12
2017.08.04 12:01:23.936,0.875,0.87509,1.00,1.50
2017.08.04 12:01:24.470,0.875,0.87509,1.00,1.00
2017.08.04 12:01:24.522,0.87498,0.87506,2.25,1.00
2017.08.04 12:01:24.799,0.87499,0.87508,1.00,2.25
2017.08.04 12:01:25.301,0.87499,0.87509,1.87,1.00
2017.08.04 12:01:25.804,0.87499,0.87509,1.50,1.37
2017.08.04 12:01:30.052,0.87501,0.8751,1.00,3.37
2017.08.04 12:01:30.388,0.87502,0.87511,1.87,1.00
2017.08.04 12:01:30.905,0.87502,0.87511,1.12,2.25
2017.08.04 12:01:31.413,0.87502,0.87511,1.12,1.50
2017.08.04 12:01:31.952,0.87501,0.8751,1.00,1.00
2017.08.04 12:01:32.105,0.87501,0.87508,1.00,1.00
2017.08.04 12:01:32.641,0.87499,0.87508,1.87,2.25
2017.08.04 12:01:37.404,0.87499,0.87507,1.87,1.00
2017.08.04 12:01:38.849,0.87499,0.87508,1.87,1.50
2017.08.04 12:01:39.104,0.87497,0.87507,1.12,2.25
2017.08.04 12:01:39.701,0.87497,0.87507,1.50,1.87
2017.08.04 12:01:42.551,0.87499,0.87507,1.00,1.37
2017.08.04 12:01:42.602,0.87504,0.87508,1.12,3.37
2017.08.04 12:01:42.763,0.87506,0.8751,1.00,1.00
2017.08.04 12:01:42.815,0.87507,0.87516,2.25,4.12
2017.08.04 12:01:45.702,0.87507,0.87515,1.00,1.50
2017.08.04 12:01:46.123,0.87507,0.87516,1.00,2.62
2017.08.04 12:01:46.326,0.87505,0.87515,1.87,1.50
2017.08.04 12:01:46.530,0.87505,0.87512,1.87,1.00
2017.08.04 12:01:46.785,0.87503,0.87511,1.50,1.00
2017.08.04 12:01:49.298,0.87505,0.87513,1.00,2.62
2017.08.04 12:01:49.605,0.87512,0.87517,1.50,1.00
2017.08.04 12:01:49.708,0.87512,0.8752,1.50,1.00
2017.08.04 12:01:50.255,0.87512,0.8752,1.00,2.25
2017.08.04 12:01:50.794,0.87511,0.8752,1.12,1.50
2017.08.04 12:01:51.370,0.87512,0.8752,1.00,1.50
2017.08.04 12:01:51.474,0.87514,0.8752,1.00,1.50
2017.08.04 12:01:51.931,0.87512,0.87519,2.25,1.00
2017.08.04 12:01:53.944,0.87512,0.87518,1.00,1.00
2017.08.04 12:01:54.650,0.87511,0.87518,1.50,1.00
2017.08.04 12:01:55.006,0.87511,0.8752,1.50,1.12
2017.08.04 12:01:55.311,0.87511,0.87519,1.50,1.50
2017.08.04 12:01:55.925,0.87511,0.87519,1.50,1.12
2017.08.04 12:01:56.431,0.8751,0.87519,1.00,1.12
2017.08.04 12:01:57.860,0.87509,0.87518,2.25,1.00
2017.08.04 12:01:58.370,0.87513,0.8752,1.00,2.25
2017.08.04 12:01:58.523,0.87514,0.87524,1.50,3.75
2017.08.04 12:02:00.400,0.87513,0.87521,1.00,1.50
2017.08.04 12:02:00.451,0.87511,0.87521,2.25,1.50
2017.08.04 12:02:01.540,0.87511,0.8752,1.80,1.00
2017.08.04 12:02:01.591,0.87511,0.87518,1.05,1.00
2017.08.04 12:02:02.130,0.87512,0.87519,1.12,1.00
2017.08.04 12:02:02.480,0.87516,0.87522,1.00,2.62
2017.08.04 12:02:02.533,0.87516,0.87525,1.00,1.12
2017.08.04 12:02:02.838,0.87514,0.87525,1.50,1.87
2017.08.04 12:02:03.245,0.87516,0.87527,1.00,5.25
2017.08.04 12:02:04.515,0.87516,0.87527,2.25,3.37
2017.08.04 12:02:04.839,0.8752,0.87528,1.50,2.62
2017.08.04 12:02:05.086,0.87524,0.87533,1.00,1.50
2017.08.04 12:02:05.829,0.87526,0.87534,1.00,3.37
2017.08.04 12:02:06.158,0.87527,0.87537,2.25,1.00
2017.08.04 12:02:06.945,0.87527,0.87538,2.25,2.62
2017.08.04 12:02:07.393,0.87526,0.87537,1.50,1.50
2017.08.04 12:02:07.698,0.87528,0.87537,1.00,1.50
2017.08.04 12:02:08.237,0.87529,0.87539,1.00,1.75
2017.08.04 12:02:08.288,0.87529,0.87539,1.00,1.12
2017.08.04 12:02:08.805,0.87529,0.87538,1.00,1.00
2017.08.04 12:02:09.326,0.87528,0.87538,1.50,1.50
2017.08.04 12:02:10.268,0.87526,0.87537,1.87,1.50
2017.08.04 12:02:10.806,0.87526,0.87535,1.87,1.00
2017.08.04 12:02:11.320,0.87526,0.87537,1.50,1.50
2017.08.04 12:02:11.864,0.87529,0.87538,1.00,4.87
2017.08.04 12:02:12.068,0.87529,0.87538,1.12,1.12
2017.08.04 12:02:12.675,0.8753,0.87539,1.00,3.00
2017.08.04 12:02:13.084,0.87527,0.87538,1.87,1.87
2017.08.04 12:02:13.593,0.87527,0.87537,1.50,1.50
2017.08.04 12:02:14.150,0.87527,0.87536,1.12,1.87
2017.08.04 12:02:15.170,0.87527,0.87535,1.00,1.00
2017.08.04 12:02:15.746,0.87526,0.87535,1.50,1.00
2017.08.04 12:02:18.314,0.87526,0.87534,1.00,1.00
2017.08.04 12:02:18.460,0.87524,0.87532,2.62,1.50
2017.08.04 12:02:18.511,0.87522,0.87532,1.12,1.87
2017.08.04 12:02:18.715,0.87524,0.87534,1.50,2.25
2017.08.04 12:02:18.868,0.87525,0.87534,1.50,1.50
2017.08.04 12:02:19.123,0.87527,0.87537,2.25,1.00
2017.08.04 12:02:19.629,0.87529,0.87537,1.00,1.00
2017.08.04 12:02:20.463,0.87528,0.87537,1.12,1.00
2017.08.04 12:02:21.090,0.87527,0.87536,2.62,1.00
2017.08.04 12:02:21.396,0.87528,0.87538,2.62,1.00
2017.08.04 12:02:21.911,0.87527,0.87537,4.50,1.00
2017.08.04 12:02:22.421,0.8753,0.8754,1.00,4.12
2017.08.04 12:02:22.725,0.87532,0.8754,1.00,1.00
2017.08.04 12:02:23.391,0.87531,0.8754,1.12,1.50
2017.08.04 12:02:23.908,0.8753,0.8754,1.00,1.50
2017.08.04 12:02:24.356,0.8753,0.87537,1.00,1.50
2017.08.04 12:02:24.509,0.87526,0.87536,1.87,1.00
2017.08.04 12:02:25.092,0.87527,0.87537,1.87,1.87
2017.08.04 12:02:25.733,0.87527,0.87536,1.00,1.00
2017.08.04 12:02:26.301,0.87527,0.87537,1.00,1.12
2017.08.04 12:02:27.437,0.87527,0.87535,1.00,1.00
2017.08.04 12:02:27.640,0.87527,0.87537,1.50,1.87
2017.08.04 12:02:28.151,0.87527,0.87537,1.87,1.00
2017.08.04 12:02:28.636,0.87527,0.87534,1.37,1.00
2017.08.04 12:02:28.841,0.87524,0.87534,1.87,1.00
2017.08.04 12:02:29.394,0.87524,0.87533,1.12,1.00
2017.08.04 12:02:29.809,0.87522,0.87534,4.50,2.25
2017.08.04 12:02:30.319,0.87523,0.87533,1.50,1.12
2017.08.04 12:02:30.370,0.87523,0.87531,1.50,1.00
2017.08.04 12:02:30.949,0.87522,0.87532,1.12,1.50
2017.08.04 12:02:32.148,0.87522,0.87531,1.12,1.00
2017.08.04 12:02:32.768,0.87522,0.87532,1.12,1.00
2017.08.04 12:02:34.354,0.87523,0.87532,1.00,1.50
2017.08.04 12:02:34.749,0.87521,0.8753,1.50,1.00
2017.08.04 12:02:35.021,0.87519,0.8753,1.87,1.87
2017.08.04 12:02:36.299,0.87519,0.87529,1.87,1.00
2017.08.04 12:02:36.827,0.8752,0.8753,1.12,2.25
2017.08.04 12:02:36.980,0.87519,0.87528,1.87,1.00
2017.08.04 12:02:37.882,0.87519,0.87529,2.62,1.50
2017.08.04 12:02:38.626,0.87521,0.87529,1.00,1.50
2017.08.04 12:02:38.954,0.87525,0.87533,1.00,1.12
2017.08.04 12:02:39.005,0.87526,0.87535,1.00,2.62
2017.08.04 12:02:39.107,0.87528,0.87537,1.00,4.87
2017.08.04 12:02:39.260,0.8753,0.87539,1.12,1.50
2017.08.04 12:02:39.669,0.87528,0.87537,1.00,1.00
2017.08.04 12:02:40.795,0.87528,0.87539,1.50,1.87
2017.08.04 12:02:41.462,0.87529,0.87539,1.00,1.87
2017.08.04 12:02:41.837,0.87531,0.8754,1.00,2.62
2017.08.04 12:02:42.388,0.87532,0.8754,1.50,1.00
2017.08.04 12:02:42.825,0.87532,0.87542,1.50,1.87
2017.08.04 12:02:43.082,0.87533,0.87543,3.00,1.00
2017.08.04 12:02:43.389,0.87535,0.87545,1.50,1.87
2017.08.04 12:02:43.542,0.87535,0.87546,2.62,1.12
2017.08.04 12:02:44.364,0.87536,0.87547,2.62,1.87
2017.08.04 12:02:44.885,0.87536,0.87546,3.00,1.00
2017.08.04 12:02:45.695,0.87536,0.87547,2.62,1.87
2017.08.04 12:02:46.253,0.87537,0.87546,1.12,1.00
2017.08.04 12:02:46.655,0.87539,0.87547,1.12,1.50
2017.08.04 12:02:47.963,0.87538,0.87547,1.12,2.62
2017.08.04 12:02:48.170,0.87536,0.87546,1.50,1.12
2017.08.04 12:02:48.815,0.87534,0.87542,2.62,1.00
2017.08.04 12:02:49.018,0.8753,0.8754,1.00,1.50
2017.08.04 12:02:49.120,0.87531,0.87537,1.00,1.00
2017.08.04 12:02:49.222,0.87529,0.87537,1.00,1.00
2017.08.04 12:02:49.727,0.87528,0.87537,1.12,1.12
2017.08.04 12:02:50.458,0.87528,0.87537,1.87,1.00
2017.08.04 12:02:50.612,0.87533,0.87543,1.00,1.00
2017.08.04 12:02:51.218,0.87533,0.87544,2.25,1.12
2017.08.04 12:02:52.463,0.87534,0.87544,1.00,1.12
2017.08.04 12:02:54.292,0.87534,0.87543,1.00,1.00
2017.08.04 12:02:54.699,0.87536,0.87545,1.00,2.25
2017.08.04 12:02:54.989,0.87537,0.87547,1.00,1.50
2017.08.04 12:02:55.504,0.87538,0.87547,1.00,1.50
2017.08.04 12:02:56.113,0.87537,0.87546,1.12,1.50
2017.08.04 12:02:56.656,0.87537,0.87545,1.12,1.00
2017.08.04 12:02:57.514,0.87538,0.87545,1.00,1.00
2017.08.04 12:02:58.060,0.87537,0.87546,1.12,1.50
2017.08.04 12:02:58.634,0.87539,0.87547,1.00,1.00
2017.08.04 12:02:59.606,0.87538,0.87547,1.00,1.00
2017.08.04 12:03:01.113,0.8754,0.87547,1.00,1.00
2017.08.04 12:03:02.407,0.87538,0.87547,1.00,1.00
2017.08.04 12:03:02.914,0.87539,0.87547,1.00,1.00
2017.08.04 12:03:03.119,0.87539,0.87549,1.12,2.62
2017.08.04 12:03:05.753,0.87538,0.87548,1.50,1.00
2017.08.04 12:03:05.934,0.87538,0.87546,1.50,1.00
2017.08.04 12:03:06.461,0.87537,0.87547,1.87,1.87
2017.08.04 12:03:07.020,0.87537,0.87546,1.37,1.00
2017.08.04 12:03:08.354,0.87535,0.87544,2.62,1.87
2017.08.04 12:03:08.520,0.87532,0.87542,1.50,1.50
2017.08.04 12:03:08.571,0.87532,0.8754,1.12,1.00
2017.08.04 12:03:09.045,0.8753,0.87539,1.12,2.25
2017.08.04 12:03:10.389,0.87531,0.87539,1.00,1.00
2017.08.04 12:03:10.977,0.8753,0.87539,1.50,1.50
2017.08.04 12:03:11.784,0.8753,0.8754,1.00,1.00
2017.08.04 12:03:14.001,0.8753,0.87538,1.00,1.00
2017.08.04 12:03:14.156,0.87528,0.87537,1.12,1.12
2017.08.04 12:03:14.665,0.87528,0.87537,1.00,1.50
2017.08.04 12:03:15.325,0.87529,0.87537,1.00,1.50
2017.08.04 12:03:15.376,0.87529,0.87539,1.00,2.62
2017.08.04 12:03:15.912,0.8753,0.87539,1.00,1.12
2017.08.04 12:03:17.496,0.87531,0.8754,1.00,1.50
2017.08.04 12:03:18.034,0.87531,0.87541,1.00,3.00
2017.08.04 12:03:19.143,0.87531,0.8754,1.00,1.00
2017.08.04 12:03:21.972,0.87531,0.87539,1.00,1.00
2017.08.04 12:03:24.340,0.87531,0.87538,1.00,1.00
2017.08.04 12:03:24.884,0.87531,0.8754,1.00,1.00
2017.08.04 12:03:26.392,0.87533,0.8754,1.00,1.00
2017.08.04 12:03:26.908,0.87533,0.87541,1.00,3.00
2017.08.04 12:03:30.886,0.87532,0.87541,1.00,3.00
2017.08.04 12:03:31.863,0.87531,0.87541,1.00,1.50
2017.08.04 12:03:33.206,0.87532,0.87542,1.00,3.00
2017.08.04 12:03:34.804,0.87533,0.87542,1.00,2.25
2017.08.04 12:03:35.192,0.87533,0.87543,1.00,1.87
2017.08.04 12:03:40.171,0.87532,0.87543,1.50,1.87
2017.08.04 12:03:40.716,0.87532,0.87542,1.50,1.00
2017.08.04 12:03:41.232,0.87532,0.87541,1.50,1.00
2017.08.04 12:03:41.902,0.87536,0.87541,1.00,1.00
2017.08.04 12:03:42.003,0.87537,0.87543,1.00,1.12
2017.08.04 12:03:45.250,0.87533,0.87544,1.87,2.25
2017.08.04 12:03:45.764,0.87533,0.87542,1.50,1.00
2017.08.04 12:03:46.289,0.87534,0.87545,2.25,2.25
2017.08.04 12:03:46.340,0.87534,0.87545,2.62,1.50
2017.08.04 12:03:46.593,0.87534,0.87545,2.25,1.87
2017.08.04 12:03:47.117,0.87535,0.87545,1.50,1.12
2017.08.04 12:03:48.608,0.87534,0.87545,1.00,1.87
2017.08.04 12:03:48.659,0.87534,0.87543,1.12,1.50
2017.08.04 12:03:48.812,0.87531,0.87541,1.00,1.00
2017.08.04 12:03:49.365,0.87531,0.8754,1.00,1.00
2017.08.04 12:03:51.780,0.87531,0.87541,1.50,1.50
2017.08.04 12:03:54.112,0.87533,0.87541,1.00,1.00
2017.08.04 12:03:54.674,0.87532,0.87543,1.50,1.50
2017.08.04 12:03:55.122,0.87534,0.87543,1.00,1.50
2017.08.04 12:03:55.875,0.87534,0.87543,1.00,1.00
2017.08.04 12:03:56.433,0.87534,0.87544,1.00,1.87
2017.08.04 12:03:56.961,0.87534,0.87543,1.00,1.00
2017.08.04 12:03:57.532,0.87534,0.87544,1.00,1.87
2017.08.04 12:03:58.035,0.87534,0.87543,1.00,1.00
2017.08.04 12:03:58.811,0.87534,0.87544,1.00,2.62
2017.08.04 12:03:59.362,0.87533,0.87543,1.12,1.50
2017.08.04 12:04:01.216,0.87535,0.87543,1.00,1.50
2017.08.04 12:04:01.521,0.87537,0.87544,1.00,1.00
2017.08.04 12:04:01.877,0.87537,0.87548,1.12,1.87
2017.08.04 12:04:01.995,0.87537,0.87546,1.12,1.00
2017.08.04 12:04:05.153,0.87538,0.87546,1.00,1.00
2017.08.04 12:04:05.866,0.87538,0.87548,1.00,2.62
2017.08.04 12:04:07.710,0.87538,0.87547,1.00,1.00
2017.08.04 12:04:09.375,0.87539,0.87547,1.00,1.00
2017.08.04 12:04:09.883,0.87538,0.87547,1.00,1.12
2017.08.04 12:04:10.455,0.87536,0.87547,2.25,1.12
2017.08.04 12:04:10.660,0.87535,0.87539,1.50,1.00
2017.08.04 12:04:10.813,0.87524,0.87531,1.50,1.87
2017.08.04 12:04:10.865,0.87526,0.87531,2.62,2.25
2017.08.04 12:04:10.967,0.87523,0.87531,3.37,1.87
2017.08.04 12:04:11.816,0.87523,0.8753,3.37,1.87
2017.08.04 12:04:12.051,0.87523,0.8753,1.00,2.62
2017.08.04 12:04:12.102,0.87523,0.8753,1.00,1.00
2017.08.04 12:04:12.650,0.87521,0.87531,1.50,1.87
2017.08.04 12:04:16.613,0.87523,0.87533,1.00,6.37
2017.08.04 12:04:22.058,0.87524,0.87531,1.00,1.12
2017.08.04 12:04:27.969,0.87524,0.87533,1.00,2.25
2017.08.04 12:04:29.147,0.87523,0.87533,1.87,3.75
2017.08.04 12:04:29.198,0.87523,0.87533,1.87,5.62
2017.08.04 12:04:30.108,0.87525,0.87532,1.00,1.50
2017.08.04 12:04:30.343,0.87523,0.87533,1.12,4.12
2017.08.04 12:04:30.866,0.87523,0.87531,1.00,1.37
2017.08.04 12:04:36.915,0.87525,0.87532,1.00,1.50
2017.08.04 12:04:37.068,0.87523,0.87532,1.12,1.50
2017.08.04 12:04:40.191,0.87522,0.87532,1.87,2.25
2017.08.04 12:04:40.719,0.87523,0.87532,1.00,3.00
2017.08.04 12:04:41.356,0.87522,0.87531,1.12,1.37
2017.08.04 12:04:42.637,0.87523,0.87531,1.00,1.37
2017.08.04 12:04:43.227,0.87524,0.87533,1.00,3.37
2017.08.04 12:04:43.330,0.87524,0.87533,1.12,1.12
2017.08.04 12:04:46.651,0.87523,0.87532,1.37,1.00
2017.08.04 12:04:47.172,0.87523,0.87534,1.87,2.62
2017.08.04 12:04:48.449,0.87525,0.87533,1.00,1.12
2017.08.04 12:04:48.501,0.87528,0.87533,1.00,1.12
2017.08.04 12:04:48.704,0.87528,0.87536,1.00,1.50
2017.08.04 12:04:49.331,0.87528,0.87536,1.00,1.50
2017.08.04 12:04:49.854,0.87527,0.87535,1.00,1.00
2017.08.04 12:04:52.196,0.87528,0.87537,1.00,2.62
2017.08.04 12:04:56.520,0.87529,0.87537,1.12,3.37
2017.08.04 12:04:56.622,0.87529,0.87538,1.87,1.50
2017.08.04 12:04:57.128,0.8753,0.87538,1.50,1.50
2017.08.04 12:04:57.640,0.87531,0.87538,1.00,1.50
2017.08.04 12:04:58.047,0.87532,0.8754,1.00,1.50
2017.08.04 12:05:00.610,0.87531,0.87541,1.50,4.12
2017.08.04 12:05:01.196,0.87532,0.87541,1.00,4.87
2017.08.04 12:05:01.707,0.87534,0.87541,1.00,2.62
2017.08.04 12:05:01.881,0.87535,0.87544,1.00,1.37
2017.08.04 12:05:02.461,0.87534,0.87545,2.25,4.12
2017.08.04 12:05:03.014,0.87535,0.87545,1.00,3.37
2017.08.04 12:05:04.618,0.87537,0.87545,1.00,4.12
2017.08.04 12:05:05.568,0.87537,0.87545,1.00,1.87
2017.08.04 12:05:06.141,0.87537,0.87544,1.00,1.00
2017.08.04 12:05:06.684,0.87537,0.87547,1.00,3.37
2017.08.04 12:05:07.898,0.87539,0.87547,1.00,2.62
2017.08.04 12:05:08.153,0.8754,0.8755,1.00,2.62
2017.08.04 12:05:08.613,0.87543,0.87551,1.00,4.12
2017.08.04 12:05:08.766,0.87544,0.87553,1.00,2.25
2017.08.04 12:05:09.296,0.87543,0.87552,1.50,1.12
2017.08.04 12:05:10.140,0.87545,0.87552,1.00,1.12
2017.08.04 12:05:10.191,0.87543,0.87552,1.00,1.12
2017.08.04 12:05:10.344,0.8754,0.8755,5.62,1.00
2017.08.04 12:05:10.396,0.8754,0.8755,3.00,1.50
2017.08.04 12:05:10.911,0.8754,0.87549,1.00,1.00
2017.08.04 12:05:11.471,0.8754,0.87548,1.00,1.00
2017.08.04 12:05:12.297,0.87538,0.87547,1.12,1.00
2017.08.04 12:05:12.435,0.87537,0.87544,1.50,1.00
2017.08.04 12:05:12.588,0.87535,0.87543,1.00,1.50
2017.08.04 12:05:12.690,0.87533,0.8754,2.25,1.50
2017.08.04 12:05:12.894,0.87532,0.8754,1.00,1.87
2017.08.04 12:05:13.380,0.8753,0.8754,1.00,3.00
2017.08.04 12:05:13.926,0.8753,0.87538,1.00,1.00
2017.08.04 12:05:14.467,0.87529,0.87539,1.00,2.25
2017.08.04 12:05:15.225,0.87528,0.87538,1.87,2.25
2017.08.04 12:05:15.378,0.87531,0.87538,1.00,1.00
2017.08.04 12:05:16.001,0.87531,0.87539,1.00,1.00
2017.08.04 12:05:16.992,0.8753,0.87539,1.12,1.00
2017.08.04 12:05:17.779,0.87529,0.87538,2.25,1.00
2017.08.04 12:05:18.297,0.87529,0.87539,1.00,1.87
2017.08.04 12:05:18.620,0.87531,0.87539,1.00,1.87
2017.08.04 12:05:18.671,0.87529,0.87539,1.12,2.62
2017.08.04 12:05:19.128,0.8753,0.87537,1.00,1.00
2017.08.04 12:05:19.179,0.8753,0.87539,1.00,2.62
2017.08.04 12:05:19.693,0.87533,0.8754,1.00,3.00
2017.08.04 12:05:20.672,0.87532,0.87541,1.00,3.37
2017.08.04 12:05:21.219,0.87531,0.8754,1.00,3.00
2017.08.04 12:05:23.420,0.8753,0.87539,1.12,1.37
2017.08.04 12:05:25.009,0.87528,0.87536,2.62,1.00
2017.08.04 12:05:25.212,0.87527,0.87536,1.00,1.12
2017.08.04 12:05:28.186,0.87529,0.87537,1.00,3.00
2017.08.04 12:05:30.535,0.87528,0.87537,1.00,2.25
2017.08.04 12:05:30.688,0.87526,0.87535,1.00,1.50
2017.08.04 12:05:30.740,0.87529,0.87536,1.00,1.12
2017.08.04 12:05:30.951,0.8753,0.87539,1.00,1.87
2017.08.04 12:05:31.179,0.87533,0.87539,1.00,1.12
2017.08.04 12:05:32.370,0.87533,0.8754,1.00,1.00
2017.08.04 12:05:36.036,0.87531,0.8754,1.87,1.00
2017.08.04 12:05:36.226,0.8753,0.87538,1.37,1.12
2017.08.04 12:05:36.531,0.8753,0.87538,1.00,3.37
2017.08.04 12:05:37.096,0.87529,0.87538,1.00,3.37
2017.08.04 12:05:37.761,0.8753,0.87537,1.00,1.37
2017.08.04 12:05:38.304,0.87532,0.87538,1.00,2.25
2017.08.04 12:05:38.356,0.87532,0.8754,1.00,1.75
2017.08.04 12:05:38.459,0.87531,0.8754,1.12,1.00
2017.08.04 12:05:38.510,0.87533,0.87541,1.00,1.00
2017.08.04 12:05:39.083,0.87535,0.87541,1.00,1.00
2017.08.04 12:05:39.431,0.87533,0.87541,1.00,1.00
2017.08.04 12:05:39.946,0.87534,0.87541,1.00,1.00
2017.08.04 12:05:40.825,0.87534,0.87542,1.00,1.50
2017.08.04 12:05:41.347,0.87534,0.87542,1.00,3.75
2017.08.04 12:05:42.461,0.87532,0.87539,1.00,1.00
2017.08.04 12:05:42.963,0.87531,0.87539,1.00,1.50
2017.08.04 12:05:43.308,0.87533,0.8754,1.00,3.00
2017.08.04 12:05:44.187,0.87532,0.8754,1.00,3.00
2017.08.04 12:05:44.784,0.8753,0.8754,1.50,2.25
2017.08.04 12:05:45.737,0.87531,0.8754,1.00,3.00
2017.08.04 12:05:47.656,0.87532,0.87539,1.00,1.50
2017.08.04 12:05:47.708,0.87534,0.8754,1.00,1.75
2017.08.04 12:05:47.811,0.87536,0.87541,1.00,1.00
2017.08.04 12:05:47.913,0.87537,0.87545,1.00,1.50
2017.08.04 12:05:48.186,0.87539,0.87545,1.00,1.50
2017.08.04 12:05:48.339,0.8754,0.87549,1.12,3.37
2017.08.04 12:05:48.390,0.87542,0.8755,1.00,4.12
2017.08.04 12:05:48.442,0.8754,0.8755,1.87,2.25
2017.08.04 12:05:48.493,0.8754,0.87548,1.50,1.37
2017.08.04 12:05:49.852,0.87541,0.87548,1.00,1.50
2017.08.04 12:05:50.231,0.87543,0.8755,1.00,1.75
2017.08.04 12:05:50.536,0.87541,0.8755,1.87,1.75
2017.08.04 12:05:50.638,0.87543,0.8755,1.00,1.75
2017.08.04 12:05:50.740,0.87541,0.87551,1.50,3.37
2017.08.04 12:05:51.146,0.87543,0.87551,1.00,3.37
2017.08.04 12:05:52.027,0.87542,0.87551,1.00,3.37
2017.08.04 12:05:52.537,0.87543,0.87551,1.00,3.37
2017.08.04 12:05:55.434,0.87546,0.87551,1.00,2.62
2017.08.04 12:05:55.540,0.87546,0.87551,1.00,1.00
2017.08.04 12:05:55.642,0.87544,0.87552,1.87,1.00
2017.08.04 12:05:56.210,0.87544,0.87551,1.00,2.25
2017.08.04 12:05:56.551,0.87541,0.8755,1.50,1.50
2017.08.04 12:05:57.061,0.87543,0.8755,1.00,2.25
2017.08.04 12:05:57.347,0.8754,0.87549,1.00,1.50
2017.08.04 12:05:57.885,0.87539,0.87547,1.00,1.50
2017.08.04 12:05:58.424,0.8754,0.87547,1.00,1.50
2017.08.04 12:05:58.577,0.87538,0.87546,1.12,1.50
2017.08.04 12:05:59.085,0.87537,0.87544,1.00,1.00
2017.08.04 12:05:59.620,0.87538,0.87547,1.00,4.12
2017.08.04 12:06:00.330,0.87536,0.87547,1.87,4.87
2017.08.04 12:06:00.433,0.87533,0.87542,1.87,1.00
2017.08.04 12:06:00.700,0.8753,0.87539,1.37,1.12
2017.08.04 12:06:00.854,0.87529,0.87538,1.00,1.50
2017.08.04 12:06:02.022,0.87528,0.87535,1.12,1.00
2017.08.04 12:06:02.328,0.87532,0.87539,1.00,2.62
2017.08.04 12:06:02.380,0.87531,0.87539,1.00,1.00
2017.08.04 12:06:02.789,0.87533,0.87539,1.00,1.00
2017.08.04 12:06:03.120,0.87538,0.87543,1.12,1.12
2017.08.04 12:06:03.328,0.87536,0.87543,1.12,1.12
2017.08.04 12:06:03.869,0.87537,0.87543,1.00,1.12
2017.08.04 12:06:04.396,0.87536,0.87543,1.50,1.12
2017.08.04 12:06:05.549,0.87534,0.87542,1.00,1.00
2017.08.04 12:06:05.703,0.87536,0.87542,1.00,1.50
2017.08.04 12:06:05.806,0.87534,0.87541,1.00,1.12
2017.08.04 12:06:05.908,0.87533,0.87539,1.00,1.00
2017.08.04 12:06:05.960,0.87531,0.87539,1.00,1.00
2017.08.04 12:06:06.468,0.87532,0.8754,1.00,1.50
2017.08.04 12:06:06.996,0.87531,0.8754,1.12,1.50
2017.08.04 12:06:07.048,0.87533,0.8754,1.00,1.50
2017.08.04 12:06:08.501,0.87534,0.87542,1.00,1.50
2017.08.04 12:06:08.974,0.87532,0.87542,1.87,1.50
2017.08.04 12:06:09.099,0.87532,0.8754,1.87,1.00
2017.08.04 12:06:09.649,0.87533,0.87541,1.00,1.12
2017.08.04 12:06:11.081,0.87532,0.87541,1.00,1.12
2017.08.04 12:06:11.431,0.87528,0.87537,1.00,1.00
2017.08.04 12:06:11.736,0.8753,0.87537,1.00,1.00
2017.08.04 12:06:12.044,0.87525,0.87532,2.62,1.00
2017.08.04 12:06:12.184,0.87524,0.87532,3.37,1.00
2017.08.04 12:06:12.236,0.87524,0.8753,1.00,1.00
2017.08.04 12:06:12.746,0.87523,0.8753,1.00,1.00
2017.08.04 12:06:13.615,0.87523,0.87532,1.00,1.12
2017.08.04 12:06:14.136,0.87524,0.87531,1.00,1.00
2017.08.04 12:06:14.187,0.87522,0.8753,1.00,1.00
2017.08.04 12:06:14.740,0.87522,0.87529,1.00,1.00
2017.08.04 12:06:16.317,0.87522,0.8753,1.00,1.50
2017.08.04 12:06:16.469,0.87522,0.87528,1.00,1.00
2017.08.04 12:06:16.708,0.87522,0.8753,1.12,1.50
2017.08.04 12:06:17.249,0.87523,0.8753,1.00,1.00
2017.08.04 12:06:17.813,0.87523,0.87531,1.12,1.12
2017.08.04 12:06:18.163,0.87525,0.87531,1.00,1.12
2017.08.04 12:06:18.968,0.87524,0.87531,1.00,1.12
2017.08.04 12:06:20.222,0.87524,0.8753,1.00,1.00
2017.08.04 12:06:22.413,0.87523,0.8753,1.50,1.00
2017.08.04 12:06:22.745,0.87523,0.87528,1.00,1.00
2017.08.04 12:06:23.049,0.87526,0.8753,1.00,1.12
2017.08.04 12:06:23.254,0.87527,0.87532,1.00,1.12
2017.08.04 12:06:23.509,0.87525,0.87533,1.12,2.25
2017.08.04 12:06:24.044,0.87526,0.87533,1.00,1.12
2017.08.04 12:06:24.261,0.87525,0.8753,1.50,1.00
2017.08.04 12:06:24.364,0.87523,0.87529,1.00,1.00
2017.08.04 12:06:25.025,0.87522,0.87529,1.00,1.00
2017.08.04 12:06:25.547,0.87521,0.87528,1.00,1.00
2017.08.04 12:06:27.546,0.87523,0.87529,1.00,1.00
2017.08.04 12:06:28.053,0.87524,0.8753,1.00,1.00
2017.08.04 12:06:29.627,0.87525,0.87532,1.00,1.12
2017.08.04 12:06:30.034,0.87526,0.87534,1.87,1.00
2017.08.04 12:06:30.137,0.87529,0.87534,1.00,1.00
2017.08.04 12:06:30.383,0.8753,0.87536,1.50,1.12
2017.08.04 12:06:30.840,0.8753,0.87538,1.50,1.00
2017.08.04 12:06:31.349,0.87531,0.87538,1.50,1.00
2017.08.04 12:06:33.836,0.87532,0.87538,1.00,1.00
2017.08.04 12:06:35.128,0.87531,0.87538,1.12,1.00
2017.08.04 12:06:35.959,0.87531,0.87539,1.12,1.00
2017.08.04 12:06:36.313,0.87531,0.87537,1.12,1.00
2017.08.04 12:06:36.839,0.87531,0.87538,1.12,1.00
2017.08.04 12:06:40.689,0.8753,0.87535,1.50,1.00
2017.08.04 12:06:41.197,0.87528,0.87534,1.50,1.00
2017.08.04 12:06:41.703,0.87527,0.87533,4.12,1.00
2017.08.04 12:06:41.856,0.87527,0.87533,1.87,1.00
2017.08.04 12:06:42.620,0.87527,0.87533,1.50,1.00
2017.08.04 12:06:45.143,0.8753,0.87536,1.00,1.00
2017.08.04 12:06:45.397,0.87532,0.87539,1.00,1.50
2017.08.04 12:06:45.913,0.87531,0.87538,1.00,1.00
2017.08.04 12:06:46.014,0.87531,0.87536,1.00,1.00
2017.08.04 12:06:46.471,0.87528,0.87535,1.87,1.00
2017.08.04 12:06:46.624,0.87527,0.87535,2.25,1.00
2017.08.04 12:06:48.587,0.87528,0.87535,1.00,1.00
2017.08.04 12:06:49.215,0.87528,0.87534,1.00,1.00
2017.08.04 12:06:49.267,0.87526,0.87533,1.00,1.00
2017.08.04 12:06:49.996,0.87527,0.87533,1.00,1.00
2017.08.04 12:06:50.818,0.87525,0.87533,2.25,1.00
2017.08.04 12:06:51.337,0.87525,0.87532,1.00,1.00
2017.08.04 12:06:51.868,0.87526,0.87532,1.00,1.00
2017.08.04 12:06:52.459,0.87526,0.87531,1.00,1.00
2017.08.04 12:06:52.511,0.87524,0.87532,1.50,1.00
2017.08.04 12:06:53.124,0.87525,0.87532,1.00,1.00
2017.08.04 12:06:54.255,0.87525,0.87531,1.00,1.00
2017.08.04 12:06:56.894,0.8753,0.87534,1.00,1.00
2017.08.04 12:06:57.050,0.8753,0.87537,1.00,1.12
2017.08.04 12:06:57.955,0.87532,0.87537,1.00,1.00
2017.08.04 12:06:58.441,0.87529,0.87537,1.12,1.00
2017.08.04 12:06:59.056,0.87529,0.87536,1.12,1.00
2017.08.04 12:07:01.108,0.87528,0.87535,1.50,1.00
2017.08.04 12:07:01.617,0.87528,0.87536,2.25,1.00
2017.08.04 12:07:05.037,0.87529,0.87537,1.87,1.00
2017.08.04 12:07:06.935,0.8753,0.87537,1.00,1.00
2017.08.04 12:07:07.466,0.87531,0.87537,1.00,1.00
2017.08.04 12:07:07.652,0.87531,0.87539,1.00,1.00
2017.08.04 12:07:08.564,0.87531,0.87537,1.00,1.00
2017.08.04 12:07:13.679,0.87532,0.87537,1.00,1.00
2017.08.04 12:07:14.680,0.87531,0.87537,1.00,1.00
2017.08.04 12:07:22.418,0.8753,0.87535,1.50,1.00
2017.08.04 12:07:22.469,0.8753,0.87537,1.50,1.00
2017.08.04 12:07:22.622,0.87527,0.87535,4.87,1.00
2017.08.04 12:07:22.673,0.87527,0.87535,2.62,1.00
2017.08.04 12:07:23.639,0.87528,0.87535,1.50,1.00
2017.08.04 12:07:24.214,0.87528,0.87534,1.00,1.00
2017.08.04 12:07:24.829,0.87527,0.87534,1.50,1.00
2017.08.04 12:07:25.366,0.87528,0.87534,1.00,1.00
2017.08.04 12:07:25.983,0.87527,0.87534,2.25,1.00
2017.08.04 12:07:26.900,0.87528,0.87534,1.00,1.00
2017.08.04 12:07:27.752,0.87527,0.87531,1.87,1.00
2017.08.04 12:07:28.349,0.87524,0.8753,3.75,1.00
2017.08.04 12:07:29.693,0.87524,0.87531,3.37,1.00
2017.08.04 12:07:32.759,0.87524,0.87529,2.62,1.00
2017.08.04 12:07:32.810,0.87523,0.87529,1.00,1.00
2017.08.04 12:07:32.862,0.87523,0.87531,1.00,1.00
2017.08.04 12:07:33.014,0.87524,0.8753,4.12,1.00
2017.08.04 12:07:33.066,0.87524,0.87532,4.12,1.00
2017.08.04 12:07:33.596,0.87524,0.87531,4.12,1.00
2017.08.04 12:07:35.447,0.87523,0.87531,1.12,1.00
2017.08.04 12:07:36.206,0.87522,0.87529,1.37,1.00
2017.08.04 12:07:36.308,0.87522,0.87531,1.37,1.00
2017.08.04 12:07:36.461,0.87521,0.87529,4.50,1.00
2017.08.04 12:07:36.969,0.87522,0.8753,1.37,1.00
2017.08.04 12:07:37.475,0.87522,0.87529,1.37,1.00
2017.08.04 12:07:38.135,0.87521,0.87528,3.37,1.00
2017.08.04 12:07:39.069,0.87523,0.87529,1.87,1.00
2017.08.04 12:07:39.121,0.87525,0.87532,1.00,1.12
2017.08.04 12:07:39.275,0.87528,0.87534,1.00,2.62
2017.08.04 12:07:39.326,0.87528,0.87536,1.00,1.50
2017.08.04 12:07:39.479,0.87528,0.87534,1.50,1.00
2017.08.04 12:07:39.985,0.87528,0.87532,1.00,1.00
2017.08.04 12:07:40.037,0.87526,0.87532,1.50,1.00
2017.08.04 12:07:40.139,0.87525,0.87534,1.12,1.00
2017.08.04 12:07:41.647,0.87525,0.87533,1.00,1.00
2017.08.04 12:07:42.176,0.87525,0.87532,1.00,1.00
2017.08.04 12:07:42.738,0.87524,0.87532,1.12,1.50
2017.08.04 12:07:42.790,0.87521,0.87529,3.75,1.00
2017.08.04 12:07:42.842,0.8752,0.87529,1.50,1.00
2017.08.04 12:07:43.349,0.87521,0.87529,1.00,1.00
2017.08.04 12:07:43.876,0.87518,0.87528,3.75,1.00
2017.08.04 12:07:44.388,0.87518,0.87527,1.87,1.00
2017.08.04 12:07:44.540,0.87519,0.87529,1.50,1.50
2017.08.04 12:07:44.950,0.87522,0.87528,1.00,1.00
2017.08.04 12:07:45.104,0.87522,0.8753,1.87,1.00
2017.08.04 12:07:45.651,0.87522,0.87531,1.87,1.50
2017.08.04 12:07:46.059,0.87525,0.87532,1.00,1.00
2017.08.04 12:07:46.609,0.87524,0.87533,1.50,1.00
2017.08.04 12:07:47.118,0.87523,0.87532,1.37,1.00
2017.08.04 12:07:48.500,0.87523,0.87533,2.62,1.87
2017.08.04 12:07:49.891,0.87523,0.87532,1.87,1.00
2017.08.04 12:07:50.196,0.8752,0.8753,1.87,1.87
2017.08.04 12:07:50.825,0.8752,0.87529,1.87,1.00
2017.08.04 12:07:50.877,0.8752,0.87529,1.50,1.00
2017.08.04 12:07:51.535,0.8752,0.87528,1.50,1.00
2017.08.04 12:07:51.586,0.8752,0.8753,2.25,1.87
2017.08.04 12:07:51.688,0.87521,0.8753,1.37,1.50
2017.08.04 12:07:52.384,0.8752,0.87529,4.50,1.00
2017.08.04 12:07:53.978,0.87521,0.87527,1.50,1.00
2017.08.04 12:07:54.525,0.87521,0.87528,1.50,1.00
2017.08.04 12:07:55.160,0.87522,0.87529,1.12,1.00
2017.08.04 12:07:56.041,0.8752,0.87528,4.50,1.00
2017.08.04 12:07:56.346,0.8752,0.8753,4.50,1.50
2017.08.04 12:07:56.803,0.87522,0.87532,1.50,1.87
2017.08.04 12:07:57.705,0.87523,0.8753,1.00,1.00
2017.08.04 12:07:57.858,0.8752,0.87529,1.87,1.00
2017.08.04 12:07:58.508,0.87519,0.87528,3.75,1.00
2017.08.04 12:07:58.560,0.87519,0.87526,1.37,1.00
2017.08.04 12:07:58.662,0.87516,0.87525,1.37,1.00
2017.08.04 12:07:59.327,0.87517,0.87526,3.00,1.00
2017.08.04 12:08:00.218,0.87517,0.87525,3.37,1.00
2017.08.04 12:08:03.089,0.87519,0.87527,1.50,1.00
2017.08.04 12:08:03.293,0.8752,0.87529,1.50,1.50
2017.08.04 12:08:03.496,0.87521,0.87531,1.50,2.25
2017.08.04 12:08:03.934,0.87523,0.87531,1.12,1.00
2017.08.04 12:08:04.087,0.87524,0.87534,1.87,1.12
2017.08.04 12:08:04.189,0.87525,0.87534,1.37,1.00
2017.08.04 12:08:04.731,0.87525,0.87534,1.50,1.00
2017.08.04 12:08:05.312,0.87525,0.87534,2.25,1.00
2017.08.04 12:08:06.068,0.87527,0.87536,1.12,1.50
2017.08.04 12:08:06.272,0.87528,0.87537,1.12,1.87
2017.08.04 12:08:06.838,0.87527,0.87536,1.12,1.00
2017.08.04 12:08:07.307,0.87527,0.87534,1.12,1.00
2017.08.04 12:08:07.815,0.87527,0.87533,1.12,1.00
2017.08.04 12:08:10.684,0.87529,0.87534,1.00,1.00
2017.08.04 12:08:10.786,0.87529,0.87536,1.12,1.00
2017.08.04 12:08:11.324,0.87529,0.87537,1.50,1.00
2017.08.04 12:08:11.375,0.87529,0.87535,1.50,1.00
2017.08.04 12:08:12.280,0.87529,0.87537,1.50,1.00
2017.08.04 12:08:14.261,0.87531,0.87537,1.00,1.00
2017.08.04 12:08:14.787,0.8753,0.87537,1.50,1.00
2017.08.04 12:08:15.295,0.87531,0.87537,1.00,1.00
2017.08.04 12:08:15.826,0.8753,0.87537,1.50,1.00
2017.08.04 12:08:16.132,0.87529,0.87534,1.37,1.00
2017.08.04 12:08:16.286,0.87528,0.87534,1.00,1.00
2017.08.04 12:08:17.840,0.87528,0.87534,4.12,1.00
2017.08.04 12:08:18.892,0.87529,0.87533,1.50,1.00
2017.08.04 12:08:19.427,0.87529,0.87534,2.25,1.00
2017.08.04 12:08:22.395,0.87529,0.87533,1.00,1.00
2017.08.04 12:08:22.850,0.87528,0.87533,1.12,1.00
2017.08.04 12:08:23.386,0.87529,0.87533,1.00,1.00
2017.08.04 12:08:23.918,0.87528,0.87533,1.12,1.00
2017.08.04 12:08:24.653,0.87529,0.87533,1.00,1.00
2017.08.04 12:08:25.239,0.87528,0.87533,1.87,1.00
2017.08.04 12:08:25.777,0.87528,0.87532,1.00,1.00
2017.08.04 12:08:26.357,0.87528,0.87533,1.37,1.00
2017.08.04 12:08:28.417,0.87527,0.87533,1.50,1.00
2017.08.04 12:08:32.667,0.87528,0.87535,1.87,1.00
2017.08.04 12:08:52.435,0.87529,0.87534,1.00,1.00
2017.08.04 12:08:53.751,0.87529,0.87535,1.00,1.00
2017.08.04 12:08:54.138,0.87531,0.87536,1.12,1.00
2017.08.04 12:08:54.497,0.87532,0.87538,1.00,1.00
2017.08.04 12:08:54.549,0.87534,0.87539,1.00,1.12
2017.08.04 12:08:54.652,0.87534,0.87542,1.12,1.50
2017.08.04 12:08:54.856,0.87535,0.87542,1.37,1.00
2017.08.04 12:09:00.193,0.87536,0.87543,1.50,1.00
2017.08.04 12:09:00.707,0.87536,0.87543,1.50,1.00
2017.08.04 12:09:04.252,0.87536,0.87541,1.50,1.00
2017.08.04 12:09:04.708,0.87534,0.87541,2.62,1.00
2017.08.04 12:09:07.775,0.87533,0.87539,2.25,1.50
2017.08.04 12:09:08.029,0.87529,0.87537,1.75,1.50
2017.08.04 12:09:08.080,0.8753,0.87537,1.00,1.00
2017.08.04 12:09:08.581,0.8753,0.87536,1.12,1.00
2017.08.04 12:09:08.764,0.87532,0.87536,1.00,1.00
2017.08.04 12:09:09.445,0.87531,0.87536,1.00,1.00
2017.08.04 12:09:10.091,0.87532,0.87536,1.00,1.00
2017.08.04 12:09:10.193,0.87531,0.87538,1.50,1.00
2017.08.04 12:09:10.550,0.87533,0.87539,1.00,1.00
2017.08.04 12:09:10.652,0.87534,0.87541,1.00,1.00
2017.08.04 12:09:11.160,0.87534,0.8754,1.00,1.00
2017.08.04 12:09:11.212,0.87535,0.87542,1.00,1.12
2017.08.04 12:09:11.658,0.87536,0.8754,1.00,1.00
2017.08.04 12:09:11.709,0.87536,0.87542,1.00,1.00
2017.08.04 12:09:13.335,0.87536,0.87543,1.00,1.00
2017.08.04 12:09:13.488,0.87536,0.8754,1.12,1.00
2017.08.04 12:09:13.587,0.87535,0.87542,3.00,1.00
2017.08.04 12:09:13.639,0.87535,0.8754,1.50,1.00
2017.08.04 12:09:13.792,0.87531,0.87539,1.12,1.00
2017.08.04 12:09:13.997,0.87531,0.8754,1.37,1.00
2017.08.04 12:09:14.677,0.87533,0.87542,1.12,1.00
2017.08.04 12:09:14.872,0.87534,0.87541,1.37,1.00
2017.08.04 12:09:15.178,0.87531,0.87539,1.37,1.00
2017.08.04 12:09:15.756,0.87531,0.87539,1.00,1.00
2017.08.04 12:09:17.392,0.87531,0.87538,1.00,1.00
2017.08.04 12:09:22.436,0.8753,0.87537,2.25,1.00
2017.08.04 12:09:23.175,0.87529,0.87537,2.25,1.00
2017.08.04 12:09:23.328,0.87533,0.87541,1.00,2.25
2017.08.04 12:09:23.633,0.87538,0.87546,2.25,1.00
2017.08.04 12:09:23.989,0.87541,0.87548,1.00,1.00
2017.08.04 12:09:24.295,0.87548,0.87552,1.00,1.00
2017.08.04 12:09:24.518,0.87546,0.87553,1.00,1.00
2017.08.04 12:09:25.028,0.87545,0.87552,1.50,1.00
2017.08.04 12:09:25.537,0.87545,0.87551,1.50,1.00
2017.08.04 12:09:26.947,0.87544,0.87551,1.87,1.00
2017.08.04 12:09:27.146,0.87541,0.87548,4.12,1.00
2017.08.04 12:09:27.248,0.87541,0.87548,1.50,1.00
2017.08.04 12:09:28.013,0.8754,0.87548,3.00,1.00
2017.08.04 12:09:28.341,0.8754,0.87546,2.25,1.00
2017.08.04 12:09:31.635,0.8754,0.87548,2.25,1.00
2017.08.04 12:09:32.519,0.8754,0.87548,2.25,1.00
2017.08.04 12:09:33.193,0.8754,0.8755,3.00,1.00
2017.08.04 12:09:34.328,0.87544,0.87551,1.00,1.00
2017.08.04 12:09:34.430,0.87545,0.87553,1.00,1.00
2017.08.04 12:09:34.820,0.87545,0.87555,1.12,2.25
2017.08.04 12:09:35.330,0.87547,0.87555,1.00,1.12
2017.08.04 12:09:38.005,0.87549,0.87558,1.00,4.12
2017.08.04 12:09:38.158,0.8755,0.87558,1.00,1.50
2017.08.04 12:09:38.210,0.87548,0.87557,1.50,1.12
2017.08.04 12:09:38.442,0.8755,0.87559,1.12,1.12
2017.08.04 12:09:39.573,0.87551,0.87559,1.00,1.12
2017.08.04 12:09:39.985,0.87549,0.87557,1.37,1.00
2017.08.04 12:09:40.138,0.87548,0.87557,1.87,1.00
2017.08.04 12:09:40.189,0.87551,0.87559,1.00,1.50
2017.08.04 12:09:40.240,0.87551,0.8756,1.00,1.12
2017.08.04 12:09:40.614,0.8755,0.87558,1.00,1.00
2017.08.04 12:09:41.447,0.8755,0.8756,1.00,2.62
2017.08.04 12:09:41.984,0.87551,0.87562,1.12,2.25
2017.08.04 12:09:42.188,0.87554,0.87564,1.00,1.50
2017.08.04 12:09:42.660,0.87553,0.87564,1.50,2.62
2017.08.04 12:09:43.192,0.87554,0.87564,1.50,1.75
2017.08.04 12:09:45.740,0.87552,0.87563,1.87,1.37
2017.08.04 12:09:46.259,0.87553,0.87563,1.50,1.37
2017.08.04 12:09:46.665,0.87554,0.87563,1.00,2.62
2017.08.04 12:09:46.716,0.87552,0.87563,1.00,2.62
2017.08.04 12:09:46.868,0.87552,0.87564,1.87,3.37
2017.08.04 12:09:47.562,0.87553,0.87564,1.00,1.50
2017.08.04 12:09:48.047,0.87552,0.87562,1.50,1.37
2017.08.04 12:09:49.154,0.87552,0.87562,1.87,1.12
2017.08.04 12:09:49.845,0.87553,0.87562,1.00,1.12
2017.08.04 12:09:50.259,0.87555,0.87565,1.00,3.75
2017.08.04 12:09:50.730,0.87557,0.87564,1.00,1.50
2017.08.04 12:09:51.266,0.87555,0.87564,1.50,1.00
2017.08.04 12:09:51.973,0.87555,0.87565,2.25,1.50
2017.08.04 12:09:52.595,0.87555,0.87564,1.50,1.00
2017.08.04 12:09:52.881,0.87554,0.87564,1.50,1.00
2017.08.04 12:09:53.399,0.87555,0.87564,1.00,1.00
2017.08.04 12:09:53.977,0.87554,0.87564,2.25,1.50
2017.08.04 12:09:54.509,0.87554,0.87562,2.25,1.00
2017.08.04 12:09:57.058,0.87554,0.87564,1.12,1.12
2017.08.04 12:09:57.625,0.87553,0.87563,2.25,1.00
2017.08.04 12:09:58.146,0.87554,0.87564,1.12,1.12
2017.08.04 12:09:58.674,0.87555,0.87565,1.00,2.25
2017.08.04 12:10:01.449,0.87556,0.87565,1.00,1.50
2017.08.04 12:10:01.601,0.87556,0.87566,1.00,1.12
2017.08.04 12:10:02.451,0.87555,0.87566,1.87,1.12
2017.08.04 12:10:02.987,0.87556,0.87566,1.00,1.50
2017.08.04 12:10:05.656,0.87555,0.87566,1.87,2.25
2017.08.04 12:10:06.203,0.87559,0.87566,1.00,1.12
2017.08.04 12:10:06.445,0.8756,0.87569,1.00,1.12
2017.08.04 12:10:06.547,0.87563,0.8757,1.00,1.50
2017.08.04 12:10:06.702,0.87563,0.87573,1.87,1.12
2017.08.04 12:10:07.212,0.87564,0.87574,1.00,1.50
2017.08.04 12:10:07.313,0.87566,0.87575,1.00,3.00
2017.08.04 12:10:07.860,0.87566,0.87574,1.00,1.00
2017.08.04 12:10:08.288,0.87564,0.87574,2.25,1.00
2017.08.04 12:10:08.707,0.87563,0.87572,1.00,1.00
2017.08.04 12:10:11.289,0.87563,0.87573,1.00,2.25
2017.08.04 12:10:11.923,0.87562,0.87573,2.62,1.87
2017.08.04 12:10:12.496,0.87563,0.87573,1.00,1.12
2017.08.04 12:10:13.026,0.87562,0.87573,2.62,1.87
2017.08.04 12:10:15.403,0.87564,0.87573,1.00,1.87
2017.08.04 12:10:16.058,0.87567,0.87574,1.00,1.50
2017.08.04 12:10:16.261,0.87567,0.87575,1.00,1.12
2017.08.04 12:10:16.786,0.87568,0.87576,1.00,1.37
2017.08.04 12:10:17.320,0.87567,0.87576,1.00,1.37
2017.08.04 12:10:17.371,0.87571,0.87577,1.00,1.50
2017.08.04 12:10:17.724,0.8757,0.87579,1.00,1.50
2017.08.04 12:10:18.256,0.87571,0.87579,1.00,1.50
2017.08.04 12:10:19.522,0.87572,0.8758,1.00,3.00
2017.08.04 12:10:21.262,0.87571,0.87578,1.50,1.12
2017.08.04 12:10:21.795,0.8757,0.87578,1.00,1.12
2017.08.04 12:10:22.396,0.87568,0.87577,1.50,1.00
2017.08.04 12:10:23.556,0.87568,0.87576,1.00,1.00
2017.08.04 12:10:24.099,0.87567,0.87576,1.50,1.12
2017.08.04 12:10:24.474,0.87569,0.87576,1.00,1.12
2017.08.04 12:10:24.983,0.8757,0.87578,1.00,2.25
2017.08.04 12:10:25.135,0.8757,0.87578,1.00,2.25
2017.08.04 12:10:25.655,0.87569,0.87578,1.00,1.50
2017.08.04 12:10:27.743,0.87569,0.87577,1.00,1.00
2017.08.04 12:10:28.200,0.87567,0.87577,3.00,1.00
2017.08.04 12:10:28.363,0.87567,0.87577,1.50,2.25
2017.08.04 12:10:28.721,0.87569,0.87576,1.00,1.37
2017.08.04 12:10:29.431,0.87569,0.87577,1.00,1.00
2017.08.04 12:10:29.946,0.87568,0.87577,1.00,1.00
2017.08.04 12:10:30.149,0.87566,0.87576,1.50,1.12
2017.08.04 12:10:30.751,0.87567,0.87576,1.00,1.12
2017.08.04 12:10:37.918,0.87566,0.87576,1.50,1.12
2017.08.04 12:10:38.610,0.87567,0.87576,1.00,1.12
2017.08.04 12:10:39.570,0.87568,0.87577,1.00,1.50
2017.08.04 12:10:39.773,0.8757,0.87579,1.00,1.87
2017.08.04 12:10:39.876,0.87571,0.87579,1.50,1.50
2017.08.04 12:10:40.396,0.87571,0.87579,1.50,1.12
2017.08.04 12:10:41.074,0.87571,0.87577,1.00,1.00
2017.08.04 12:10:41.125,0.87568,0.87576,2.25,1.00
2017.08.04 12:10:41.227,0.87568,0.87574,1.37,1.00
2017.08.04 12:10:41.278,0.87566,0.87574,2.62,1.00
2017.08.04 12:10:41.969,0.87567,0.87575,1.00,1.12
2017.08.04 12:10:42.244,0.87565,0.87574,1.00,1.00
2017.08.04 12:10:42.499,0.87562,0.8757,1.87,1.00
2017.08.04 12:10:43.239,0.87562,0.87569,1.00,1.00
2017.08.04 12:10:44.027,0.87562,0.87571,1.00,2.25
2017.08.04 12:10:45.055,0.87563,0.8757,1.00,1.12
2017.08.04 12:10:45.564,0.87563,0.87571,1.12,1.00
2017.08.04 12:10:46.583,0.87562,0.8757,1.50,1.00
2017.08.04 12:10:47.156,0.87561,0.87571,2.25,1.00
2017.08.04 12:10:47.396,0.87561,0.87571,1.00,1.87
2017.08.04 12:10:48.001,0.87561,0.87571,1.00,2.25
2017.08.04 12:10:48.850,0.87561,0.8757,1.00,1.50
2017.08.04 12:10:49.087,0.87563,0.8757,1.00,1.50
2017.08.04 12:10:50.685,0.87563,0.87572,1.00,1.50
2017.08.04 12:10:51.403,0.87563,0.87573,1.50,2.62
2017.08.04 12:10:52.094,0.87565,0.87573,1.00,2.62
2017.08.04 12:10:52.438,0.87563,0.87572,1.00,1.00
2017.08.04 12:10:53.395,0.87563,0.87571,1.50,1.00
2017.08.04 12:10:54.005,0.87564,0.87571,1.12,1.00
2017.08.04 12:10:56.623,0.87562,0.87571,3.75,1.00
2017.08.04 12:10:56.676,0.87562,0.87571,3.00,1.00
2017.08.04 12:10:56.779,0.87563,0.87573,2.25,1.00
2017.08.04 12:10:56.883,0.87566,0.87574,1.00,1.00
2017.08.04 12:10:57.801,0.87566,0.87573,1.00,1.00
2017.08.04 12:10:58.347,0.87565,0.87574,1.00,1.12
2017.08.04 12:10:58.652,0.87567,0.87576,1.00,2.62
2017.08.04 12:10:59.755,0.87567,0.87575,1.50,1.00
2017.08.04 12:11:00.279,0.87568,0.87575,1.00,1.00
2017.08.04 12:11:00.790,0.8757,0.87576,1.00,1.12
2017.08.04 12:11:00.841,0.87568,0.87577,1.00,1.50
2017.08.04 12:11:00.994,0.87568,0.87579,1.00,3.00
2017.08.04 12:11:01.247,0.8757,0.87579,1.00,1.50
2017.08.04 12:11:03.690,0.87569,0.87579,1.00,2.25
2017.08.04 12:11:04.001,0.87571,0.8758,1.00,3.00
2017.08.04 12:11:04.589,0.87569,0.87579,1.00,1.50
2017.08.04 12:11:05.122,0.87571,0.8758,1.00,1.75
2017.08.04 12:11:05.492,0.87571,0.87581,1.50,2.62
2017.08.04 12:11:05.996,0.87571,0.8758,1.00,1.00
2017.08.04 12:11:07.319,0.87571,0.87581,2.25,1.12
2017.08.04 12:11:07.945,0.87571,0.8758,1.50,1.00
2017.08.04 12:11:08.160,0.87573,0.87583,1.00,2.25
2017.08.04 12:11:08.364,0.87575,0.87584,1.00,2.62
2017.08.04 12:11:08.865,0.87576,0.87584,1.87,1.00
2017.08.04 12:11:10.144,0.87577,0.87584,1.00,1.00
2017.08.04 12:11:10.701,0.87575,0.87584,1.50,1.00
2017.08.04 12:11:11.209,0.87575,0.87584,1.87,1.12
2017.08.04 12:11:11.727,0.87575,0.87583,1.50,1.00
2017.08.04 12:11:12.162,0.87573,0.87583,1.87,1.00
2017.08.04 12:11:12.706,0.87574,0.87583,1.00,1.50
2017.08.04 12:11:13.689,0.87573,0.87583,1.87,1.50
2017.08.04 12:11:13.892,0.87572,0.8758,1.50,1.00
2017.08.04 12:11:14.134,0.87571,0.8758,1.00,1.87
2017.08.04 12:11:14.775,0.87571,0.8758,1.50,1.50
2017.08.04 12:11:16.842,0.8757,0.87579,2.25,1.00
2017.08.04 12:11:17.421,0.87571,0.87578,1.50,1.00
2017.08.04 12:11:17.960,0.87572,0.87579,1.12,1.00
2017.08.04 12:11:18.163,0.87572,0.87581,1.12,1.00
2017.08.04 12:11:18.671,0.87572,0.87581,1.50,1.00
2017.08.04 12:11:19.524,0.87573,0.8758,1.12,1.00
2017.08.04 12:11:20.086,0.87572,0.87581,2.25,1.00
2017.08.04 12:11:20.839,0.87572,0.87582,1.50,1.00
2017.08.04 12:11:20.890,0.87575,0.87582,1.00,1.00
2017.08.04 12:11:20.942,0.87576,0.87584,1.00,2.62
2017.08.04 12:11:21.096,0.87578,0.87587,1.00,1.87
2017.08.04 12:11:21.639,0.87577,0.87586,2.25,1.00
2017.08.04 12:11:22.219,0.87577,0.87587,2.25,1.50
2017.08.04 12:11:22.521,0.87577,0.87584,2.25,1.00
2017.08.04 12:11:22.739,0.87575,0.87584,1.50,1.50
2017.08.04 12:11:23.655,0.87575,0.87585,2.25,1.00
2017.08.04 12:11:24.285,0.87575,0.87584,1.50,1.00
2017.08.04 12:11:27.176,0.87575,0.87581,1.50,1.00
2017.08.04 12:11:27.481,0.8757,0.8758,3.00,1.00
2017.08.04 12:11:28.177,0.87571,0.87581,1.50,1.00
2017.08.04 12:11:28.736,0.87571,0.8758,1.50,1.00
2017.08.04 12:11:30.346,0.87571,0.87581,2.25,1.00
2017.08.04 12:11:31.178,0.87573,0.87582,1.00,1.00
2017.08.04 12:11:31.381,0.87573,0.87582,1.75,1.00
2017.08.04 12:11:32.024,0.87573,0.87583,2.25,1.50
2017.08.04 12:11:33.465,0.87572,0.8758,2.62,1.50
2017.08.04 12:11:33.567,0.87569,0.87579,2.62,1.00
2017.08.04 12:11:34.087,0.8757,0.8758,2.25,1.50
2017.08.04 12:11:34.423,0.8757,0.87578,1.50,1.00
2017.08.04 12:11:34.633,0.8757,0.8758,1.87,1.00
2017.08.04 12:11:34.684,0.87571,0.87577,1.50,1.00
2017.08.04 12:11:34.989,0.87565,0.87575,3.00,1.00
2017.08.04 12:11:35.040,0.87567,0.87577,1.37,1.50
2017.08.04 12:11:35.399,0.87568,0.87579,1.75,1.12
2017.08.04 12:11:35.722,0.87567,0.87576,3.37,1.00
2017.08.04 12:11:35.774,0.87567,0.87576,1.50,1.00
2017.08.04 12:11:36.725,0.87568,0.87577,1.12,2.25
2017.08.04 12:11:36.879,0.87569,0.87579,1.50,1.00
2017.08.04 12:11:37.192,0.87567,0.87576,1.50,1.00
2017.08.04 12:11:37.701,0.87567,0.87577,1.75,1.50
2017.08.04 12:11:39.377,0.87567,0.87579,3.00,1.12
2017.08.04 12:11:39.480,0.87569,0.8758,1.75,2.25
2017.08.04 12:11:40.092,0.87569,0.87579,2.25,1.00
2017.08.04 12:11:40.193,0.8757,0.87581,1.50,2.62
2017.08.04 12:11:40.549,0.87573,0.87582,1.50,1.00
2017.08.04 12:11:40.882,0.87575,0.87585,1.12,2.62
2017.08.04 12:11:41.407,0.87573,0.87584,1.50,2.62
2017.08.04 12:11:42.030,0.87573,0.87583,1.50,2.25
2017.08.04 12:11:42.697,0.87571,0.87582,4.12,1.00
2017.08.04 12:11:43.699,0.87571,0.87581,1.50,1.00
2017.08.04 12:11:44.220,0.87571,0.87582,1.50,1.50
2017.08.04 12:11:46.632,0.87571,0.87579,1.50,1.00
2017.08.04 12:11:46.929,0.87568,0.87578,1.75,1.50
2017.08.04 12:11:47.082,0.87566,0.87576,3.37,1.00
2017.08.04 12:11:47.656,0.87566,0.87576,4.12,1.50
2017.08.04 12:11:50.575,0.87566,0.87575,4.12,1.00
2017.08.04 12:11:51.146,0.87567,0.87576,1.50,1.00
2017.08.04 12:11:51.648,0.87567,0.87575,1.50,1.00
2017.08.04 12:11:52.220,0.87566,0.87573,1.50,1.00
2017.08.04 12:11:52.493,0.87562,0.87571,2.62,1.00
2017.08.04 12:11:52.646,0.87563,0.87573,1.37,1.50
2017.08.04 12:11:52.850,0.87563,0.87574,4.12,2.25
2017.08.04 12:11:53.296,0.87566,0.87572,1.12,1.00
2017.08.04 12:11:53.500,0.87563,0.87571,1.12,1.00
2017.08.04 12:11:54.225,0.87564,0.87571,1.00,1.00
2017.08.04 12:11:54.733,0.87562,0.87572,1.50,2.25
2017.08.04 12:11:55.410,0.87563,0.87574,1.12,1.87
2017.08.04 12:11:55.461,0.87563,0.87574,1.75,1.50
2017.08.04 12:11:55.775,0.87563,0.87572,1.75,1.00
2017.08.04 12:11:57.153,0.87562,0.87572,2.62,1.50
2017.08.04 12:11:57.703,0.87562,0.87572,3.00,1.50
2017.08.04 12:11:58.230,0.87568,0.87574,1.00,1.12
2017.08.04 12:11:58.383,0.87564,0.87573,1.87,1.00
2017.08.04 12:11:58.980,0.87562,0.87572,4.50,1.00
2017.08.04 12:11:59.081,0.87564,0.87574,1.50,1.00
2017.08.04 12:11:59.640,0.87564,0.87575,1.50,1.12
2017.08.04 12:12:00.312,0.87567,0.87575,1.00,1.12
2017.08.04 12:12:00.669,0.87569,0.87576,1.00,1.00
2017.08.04 12:12:00.721,0.87569,0.87578,1.00,1.12
2017.08.04 12:12:01.258,0.87568,0.87579,3.00,1.87
2017.08.04 12:12:01.872,0.87568,0.87578,1.50,1.50
2017.08.04 12:12:04.387,0.87568,0.87579,1.50,1.87
2017.08.04 12:12:05.194,0.87569,0.87578,1.12,1.00
2017.08.04 12:12:05.702,0.87569,0.87579,2.62,1.50
2017.08.04 12:12:06.589,0.8757,0.87579,1.00,1.00
2017.08.04 12:12:07.100,0.8757,0.87579,2.25,1.00
2017.08.04 12:12:07.787,0.8757,0.8758,2.25,1.50
2017.08.04 12:12:12.142,0.87569,0.87578,3.75,1.00
2017.08.04 12:12:12.398,0.8757,0.8758,1.50,1.87
2017.08.04 12:12:13.719,0.8757,0.8758,3.75,1.12
2017.08.04 12:12:14.936,0.87573,0.8758,1.00,1.00
2017.08.04 12:12:15.276,0.8757,0.87574,1.50,1.00
2017.08.04 12:12:15.328,0.87564,0.8757,1.50,1.12
2017.08.04 12:12:15.381,0.87536,0.87546,1.50,1.50
2017.08.04 12:12:15.434,0.87534,0.87544,1.00,1.00
2017.08.04 12:12:15.485,0.87532,0.8754,1.37,1.50
2017.08.04 12:12:15.690,0.87511,0.87522,2.62,1.75
2017.08.04 12:12:15.744,0.87511,0.87516,1.12,2.25
2017.08.04 12:12:15.796,0.87505,0.87509,1.00,1.12
2017.08.04 12:12:15.847,0.875,0.87509,2.62,1.87
2017.08.04 12:12:15.899,0.87497,0.87504,1.50,1.75
2017.08.04 12:12:15.994,0.87496,0.87503,1.00,1.12
2017.08.04 12:12:16.046,0.87487,0.87493,3.37,1.50
2017.08.04 12:12:16.148,0.87482,0.87489,1.25,1.50
2017.08.04 12:12:16.200,0.87478,0.87489,1.00,10.50
2017.08.04 12:12:16.405,0.87482,0.8749,1.00,1.37
2017.08.04 12:12:16.507,0.87486,0.87494,1.00,1.00
2017.08.04 12:12:16.558,0.87489,0.87495,1.00,1.42
2017.08.04 12:12:16.609,0.8749,0.87499,1.00,3.49
2017.08.04 12:12:16.661,0.8749,0.87499,1.00,2.92
2017.08.04 12:12:16.834,0.87493,0.87503,1.00,1.87
2017.08.04 12:12:17.140,0.875,0.87505,1.00,1.00
2017.08.04 12:12:17.243,0.87501,0.87507,1.00,1.00
2017.08.04 12:12:17.344,0.87501,0.87509,1.00,1.12
2017.08.04 12:12:17.903,0.87503,0.87509,1.00,1.12
2017.08.04 12:12:18.209,0.87509,0.87517,1.00,1.37
2017.08.04 12:12:18.413,0.87505,0.87516,1.00,1.87
2017.08.04 12:12:18.465,0.87507,0.87516,1.00,1.87
2017.08.04 12:12:18.770,0.87502,0.8751,1.00,1.00
2017.08.04 12:12:18.873,0.875,0.8751,1.00,1.50
2017.08.04 12:12:19.378,0.875,0.8751,1.00,2.25
2017.08.04 12:12:20.137,0.87501,0.8751,1.00,2.25
2017.08.04 12:12:21.243,0.87502,0.8751,1.00,2.62
2017.08.04 12:12:22.987,0.87505,0.87512,1.00,1.75
2017.08.04 12:12:23.139,0.87506,0.87513,1.00,1.37
2017.08.04 12:12:23.645,0.87506,0.87514,1.00,1.87
2017.08.04 12:12:24.514,0.87505,0.87514,1.00,1.87
2017.08.04 12:12:24.870,0.87505,0.87512,1.00,1.50
2017.08.04 12:12:25.400,0.87503,0.87509,1.00,1.00
2017.08.04 12:12:25.554,0.875,0.87507,1.00,1.12
2017.08.04 12:12:26.025,0.87502,0.87509,1.00,3.37
2017.08.04 12:12:26.128,0.87501,0.87508,1.00,1.00
2017.08.04 12:12:26.677,0.87501,0.87508,1.00,2.62
2017.08.04 12:12:27.195,0.875,0.87508,1.00,1.50
2017.08.04 12:12:27.608,0.87504,0.8751,1.37,3.37
2017.08.04 12:12:27.852,0.87519,0.87523,1.00,1.00
2017.08.04 12:12:28.055,0.8752,0.87527,1.00,2.25
2017.08.04 12:12:28.259,0.87522,0.87526,1.00,1.00
2017.08.04 12:12:28.361,0.87522,0.87529,1.00,1.75
2017.08.04 12:12:28.463,0.87523,0.87531,1.00,2.25
2017.08.04 12:12:28.616,0.87521,0.87531,1.00,2.25
2017.08.04 12:12:28.769,0.87521,0.8753,1.00,1.50
2017.08.04 12:12:29.596,0.87524,0.8753,1.00,1.50
2017.08.04 12:12:32.947,0.87524,0.87531,1.00,1.12
2017.08.04 12:12:33.861,0.87524,0.8753,1.00,1.00
2017.08.04 12:12:34.418,0.87524,0.8753,1.00,2.25
2017.08.04 12:12:34.469,0.87521,0.87528,1.00,1.00
2017.08.04 12:12:34.521,0.87519,0.87524,1.50,1.00
2017.08.04 12:12:34.572,0.8752,0.87528,1.00,1.00
2017.08.04 12:12:35.079,0.8752,0.87528,1.00,1.37
2017.08.04 12:12:35.198,0.87522,0.87528,1.00,1.37
2017.08.04 12:12:35.576,0.87523,0.87529,1.50,2.62
2017.08.04 12:12:35.678,0.87528,0.87534,1.00,2.25
2017.08.04 12:12:35.831,0.8753,0.87536,1.00,1.50
2017.08.04 12:12:36.086,0.87531,0.87537,1.00,1.50
2017.08.04 12:12:36.654,0.87532,0.87539,1.00,1.37
2017.08.04 12:12:36.706,0.87529,0.87537,1.00,1.00
2017.08.04 12:12:36.808,0.87531,0.87537,1.00,1.00
2017.08.04 12:12:37.319,0.8753,0.87538,1.00,1.12
2017.08.04 12:12:37.838,0.87531,0.87538,1.00,1.50
2017.08.04 12:12:38.508,0.87532,0.87538,1.00,1.50
2017.08.04 12:12:39.029,0.87532,0.87541,1.00,2.25
2017.08.04 12:12:41.180,0.87534,0.87538,1.00,1.12
2017.08.04 12:12:42.026,0.87532,0.87538,1.00,1.12
2017.08.04 12:12:42.578,0.87534,0.8754,1.00,1.75
2017.08.04 12:12:42.680,0.87531,0.87538,1.12,1.00
2017.08.04 12:12:43.213,0.87532,0.87537,1.00,1.12
2017.08.04 12:12:43.761,0.87531,0.87537,1.00,1.12
2017.08.04 12:12:44.275,0.87532,0.87537,1.00,1.12
2017.08.04 12:12:47.932,0.87533,0.87537,1.00,1.00
2017.08.04 12:12:47.983,0.87533,0.87539,1.00,1.12
2017.08.04 12:12:48.034,0.87531,0.87539,1.00,1.12
2017.08.04 12:12:48.188,0.87533,0.87541,1.00,2.25
2017.08.04 12:12:48.393,0.87534,0.87542,1.00,1.12
2017.08.04 12:12:53.715,0.87533,0.87542,1.12,1.12
2017.08.04 12:12:57.900,0.87535,0.87544,1.50,2.25
2017.08.04 12:12:58.416,0.87536,0.87544,1.00,1.37
2017.08.04 12:12:59.107,0.87535,0.87544,1.12,1.37
2017.08.04 12:12:59.422,0.87537,0.87546,1.00,1.75
2017.08.04 12:12:59.473,0.87537,0.87546,1.00,1.50
2017.08.04 12:13:00.008,0.87538,0.87546,1.87,1.50
2017.08.04 12:13:00.415,0.8754,0.87548,1.00,1.50
2017.08.04 12:13:00.923,0.87539,0.87547,1.00,1.12
2017.08.04 12:13:01.230,0.87544,0.87548,1.00,1.00
2017.08.04 12:13:01.513,0.87545,0.87552,1.00,1.00
2017.08.04 12:13:03.339,0.87543,0.87551,1.00,1.00
2017.08.04 12:13:03.491,0.87541,0.87548,1.50,1.00
2017.08.04 12:13:03.593,0.87538,0.87548,2.25,3.00
2017.08.04 12:13:03.746,0.87538,0.87547,1.12,1.87
2017.08.04 12:13:04.292,0.8754,0.87548,1.00,3.00
2017.08.04 12:13:04.394,0.8754,0.87548,1.00,1.50
2017.08.04 12:13:05.318,0.87539,0.87548,1.87,1.50
2017.08.04 12:13:06.895,0.8754,0.87548,1.00,2.25
2017.08.04 12:13:08.553,0.87539,0.87548,1.00,2.25
2017.08.04 12:13:09.958,0.87542,0.87548,1.00,2.25
2017.08.04 12:13:10.101,0.87539,0.87548,1.50,2.25
2017.08.04 12:13:11.086,0.87537,0.87546,1.00,1.00
2017.08.04 12:13:11.290,0.87535,0.87544,1.87,1.00
2017.08.04 12:13:11.595,0.87534,0.87541,1.50,1.00
2017.08.04 12:13:11.929,0.87536,0.87541,1.00,1.00
2017.08.04 12:13:12.454,0.87535,0.87542,1.00,1.00
2017.08.04 12:13:12.607,0.87533,0.87541,1.12,1.87
2017.08.04 12:13:13.745,0.87534,0.87542,1.12,1.50
2017.08.04 12:13:15.058,0.87536,0.87542,1.00,1.50
2017.08.04 12:13:15.924,0.87534,0.87541,1.00,1.12
2017.08.04 12:13:16.351,0.87533,0.87539,1.00,1.00
2017.08.04 12:13:16.508,0.87533,0.87541,1.00,1.12
2017.08.04 12:13:17.028,0.87534,0.87541,1.00,1.12
2017.08.04 12:13:17.876,0.87536,0.87541,1.00,1.12
2017.08.04 12:13:17.928,0.87534,0.87541,1.12,1.12
2017.08.04 12:13:20.139,0.87533,0.87541,1.00,1.87
2017.08.04 12:13:21.536,0.87534,0.87541,1.00,1.12
2017.08.04 12:13:21.587,0.87537,0.87542,1.00,1.50
2017.08.04 12:13:21.841,0.87541,0.87549,1.87,1.12
2017.08.04 12:13:21.994,0.87543,0.87549,1.00,1.50
2017.08.04 12:13:22.501,0.87543,0.87549,1.00,1.00
2017.08.04 12:13:23.046,0.87543,0.8755,1.00,1.87
2017.08.04 12:13:27.255,0.87543,0.87551,1.00,1.12
2017.08.04 12:13:32.436,0.87543,0.87552,1.00,1.12
2017.08.04 12:13:32.744,0.87549,0.87556,1.00,1.00
2017.08.04 12:13:34.408,0.87549,0.87555,1.00,1.00
2017.08.04 12:13:34.661,0.8755,0.87557,1.00,1.12
2017.08.04 12:13:41.418,0.8755,0.87556,1.00,1.00
2017.08.04 12:13:42.058,0.87549,0.87556,1.00,1.00
2017.08.04 12:13:42.109,0.87546,0.87555,2.25,1.00
2017.08.04 12:13:42.364,0.87548,0.87555,1.00,1.50
2017.08.04 12:13:42.466,0.87548,0.87555,1.00,1.00
2017.08.04 12:13:43.326,0.87548,0.87557,1.00,1.87
2017.08.04 12:13:45.102,0.87548,0.87556,1.00,1.00
2017.08.04 12:13:46.052,0.87548,0.87557,1.00,1.12
2017.08.04 12:13:50.116,0.87549,0.87556,1.00,1.00
2017.08.04 12:13:50.647,0.87548,0.87558,1.00,2.25
2017.08.04 12:13:50.765,0.8755,0.87557,1.00,1.12
2017.08.04 12:13:51.166,0.87552,0.8756,1.00,1.00
2017.08.04 12:13:51.471,0.8755,0.8756,1.00,2.25
2017.08.04 12:13:51.523,0.8755,0.8756,1.00,2.62
2017.08.04 12:13:52.186,0.8755,0.87558,1.00,1.50
2017.08.04 12:13:54.495,0.8755,0.87559,1.00,1.12
2017.08.04 12:13:56.200,0.87551,0.87559,1.00,1.12
2017.08.04 12:13:56.353,0.87549,0.87556,1.00,1.00
2017.08.04 12:13:56.506,0.87545,0.87555,1.87,1.00
2017.08.04 12:13:57.053,0.87546,0.87556,1.12,1.12
2017.08.04 12:13:57.581,0.87547,0.87555,1.12,1.00
2017.08.04 12:13:58.112,0.87547,0.87557,1.12,1.12
2017.08.04 12:13:58.617,0.87547,0.87557,1.50,1.50
2017.08.04 12:13:59.136,0.87548,0.87555,1.00,1.00
2017.08.04 12:14:01.179,0.87548,0.87557,1.12,1.37
2017.08.04 12:14:01.692,0.87547,0.87557,1.12,1.50
2017.08.04 12:14:02.490,0.87548,0.87555,1.00,1.12
2017.08.04 12:14:02.997,0.8755,0.87559,1.00,3.37
2017.08.04 12:14:03.200,0.8755,0.8756,1.00,1.50
2017.08.04 12:14:03.474,0.87548,0.87558,1.12,1.00
2017.08.04 12:14:03.576,0.87546,0.87556,1.75,1.00
2017.08.04 12:14:03.679,0.87545,0.87556,1.00,2.25
2017.08.04 12:14:04.216,0.87546,0.87556,1.00,2.62
2017.08.04 12:14:04.475,0.87544,0.87555,1.12,1.12
2017.08.04 12:14:05.502,0.87545,0.87555,1.00,1.12
2017.08.04 12:14:08.243,0.87545,0.87554,1.00,1.00
2017.08.04 12:14:08.792,0.87545,0.87555,1.00,1.12
2017.08.04 12:14:12.004,0.87544,0.87554,1.87,1.00
2017.08.04 12:14:12.156,0.87543,0.87552,3.00,1.00
2017.08.04 12:14:12.410,0.87541,0.8755,1.87,1.00
2017.08.04 12:14:12.920,0.87542,0.87551,1.87,1.12
2017.08.04 12:14:13.552,0.87542,0.87552,2.25,1.00
2017.08.04 12:14:17.198,0.87544,0.87552,1.00,1.00
2017.08.04 12:14:17.655,0.87542,0.87552,1.87,1.12
2017.08.04 12:14:20.408,0.87543,0.87552,1.00,1.12
2017.08.04 12:14:21.066,0.87542,0.87552,1.87,1.12
2017.08.04 12:14:21.614,0.87543,0.87553,1.12,1.50
2017.08.04 12:14:21.766,0.87545,0.87553,1.00,1.00
2017.08.04 12:14:22.555,0.87544,0.87552,1.00,1.00
2017.08.04 12:14:23.254,0.87544,0.87554,1.50,1.12
2017.08.04 12:14:23.797,0.87544,0.87553,1.00,1.00
2017.08.04 12:14:24.317,0.87543,0.87553,1.12,1.00
2017.08.04 12:14:26.119,0.87544,0.87551,1.00,1.00
2017.08.04 12:14:26.452,0.87537,0.87547,3.75,1.12
2017.08.04 12:14:26.503,0.87537,0.87547,1.50,1.12
2017.08.04 12:14:26.605,0.8754,0.8755,1.00,4.12
2017.08.04 12:14:26.808,0.8754,0.8755,1.12,1.00
2017.08.04 12:14:27.171,0.87542,0.87549,1.00,1.00
2017.08.04 12:14:27.376,0.87543,0.87554,1.12,1.12
2017.08.04 12:14:27.838,0.87542,0.87551,1.50,1.00
2017.08.04 12:14:28.092,0.87539,0.87549,1.00,1.00
2017.08.04 12:14:28.991,0.87539,0.87548,1.00,1.00
2017.08.04 12:14:29.295,0.87539,0.8755,1.00,1.00
2017.08.04 12:14:29.804,0.8754,0.8755,1.12,1.50
2017.08.04 12:14:30.396,0.8754,0.87551,1.87,1.87
2017.08.04 12:14:30.599,0.87543,0.87553,1.00,1.75
2017.08.04 12:14:30.701,0.87543,0.87553,1.00,1.12
2017.08.04 12:14:31.222,0.87541,0.87552,2.62,1.00
2017.08.04 12:14:31.732,0.87542,0.87553,1.37,1.37
2017.08.04 12:14:31.783,0.87542,0.8755,1.37,1.00
2017.08.04 12:14:32.286,0.87542,0.8755,1.00,1.12
2017.08.04 12:14:32.793,0.87541,0.87551,1.87,1.37
2017.08.04 12:14:33.098,0.87543,0.87552,1.00,1.12
2017.08.04 12:14:33.699,0.87542,0.87552,1.00,1.12
2017.08.04 12:14:34.039,0.87544,0.87552,1.00,1.12
2017.08.04 12:14:34.547,0.87544,0.87552,1.00,1.50
2017.08.04 12:14:35.096,0.87545,0.87552,1.00,1.00
2017.08.04 12:14:35.619,0.87545,0.87553,1.00,1.12
2017.08.04 12:14:36.096,0.87548,0.87554,1.00,2.25
2017.08.04 12:14:36.319,0.87549,0.87557,1.00,1.12
2017.08.04 12:14:36.849,0.8755,0.87557,1.00,1.00
2017.08.04 12:14:37.408,0.8755,0.87558,1.00,1.00
2017.08.04 12:14:37.662,0.87548,0.87557,1.50,1.00
2017.08.04 12:14:38.249,0.87549,0.87559,1.50,1.00
2017.08.04 12:14:38.301,0.87555,0.87559,1.00,1.00
2017.08.04 12:14:38.504,0.87558,0.87567,1.00,1.50
2017.08.04 12:14:38.606,0.8756,0.87567,1.00,1.50
2017.08.04 12:14:39.135,0.87559,0.87567,1.00,1.00
2017.08.04 12:14:39.647,0.8756,0.87567,1.00,1.00
2017.08.04 12:14:39.800,0.8756,0.8757,1.00,2.25
2017.08.04 12:14:40.838,0.87561,0.87569,1.00,1.12
2017.08.04 12:14:41.365,0.8756,0.8757,1.00,2.25
2017.08.04 12:14:42.675,0.87568,0.87572,1.00,2.62
2017.08.04 12:14:42.727,0.87572,0.87576,1.00,1.50
2017.08.04 12:14:42.779,0.87571,0.87579,1.12,1.00
2017.08.04 12:14:42.830,0.87571,0.87582,2.62,1.00
2017.08.04 12:14:42.881,0.87571,0.8758,1.00,1.00
2017.08.04 12:14:43.187,0.8757,0.87578,1.12,1.00
2017.08.04 12:14:43.671,0.87572,0.87581,1.00,2.62
2017.08.04 12:14:43.723,0.87573,0.87583,1.00,2.62
2017.08.04 12:14:43.926,0.87573,0.87583,1.50,1.50
2017.08.04 12:14:44.848,0.87573,0.87582,1.50,1.00
2017.08.04 12:14:45.811,0.87572,0.87581,1.12,1.12
2017.08.04 12:14:47.243,0.87573,0.87582,1.00,1.37
2017.08.04 12:14:47.816,0.87575,0.87582,1.00,1.37
2017.08.04 12:14:48.628,0.87573,0.87583,1.00,1.50
2017.08.04 12:14:49.130,0.87574,0.87584,1.00,4.12
2017.08.04 12:14:49.986,0.87575,0.87584,1.00,4.12
2017.08.04 12:14:50.242,0.87577,0.87584,1.00,3.37
2017.08.04 12:14:50.394,0.87575,0.87584,1.00,2.62
2017.08.04 12:14:50.507,0.87575,0.87585,1.12,2.25
2017.08.04 12:14:50.559,0.87576,0.87585,1.00,1.87
2017.08.04 12:14:51.108,0.87576,0.87585,1.00,1.87
2017.08.04 12:14:52.595,0.87577,0.87586,1.00,2.25
2017.08.04 12:14:53.103,0.87576,0.87585,1.00,1.50
2017.08.04 12:14:54.197,0.87575,0.87585,1.00,1.50
2017.08.04 12:14:54.705,0.87576,0.87585,1.00,2.25
2017.08.04 12:14:56.199,0.87578,0.87585,1.00,1.50
2017.08.04 12:14:56.454,0.87577,0.87585,1.00,1.00
2017.08.04 12:14:57.029,0.87576,0.87585,1.00,1.50
2017.08.04 12:14:58.009,0.87575,0.87585,1.12,1.50
2017.08.04 12:14:58.517,0.87575,0.87584,1.12,1.00
2017.08.04 12:14:58.799,0.87578,0.87586,1.00,1.12
2017.08.04 12:14:58.901,0.87575,0.87585,1.87,1.00
2017.08.04 12:14:59.254,0.87574,0.87584,1.87,1.37
2017.08.04 12:15:00.855,0.87576,0.87585,1.00,2.25
2017.08.04 12:15:01.356,0.87577,0.87584,1.00,1.37
2017.08.04 12:15:01.903,0.87577,0.87584,1.00,1.00
2017.08.04 12:15:01.954,0.87577,0.87586,1.00,1.00
2017.08.04 12:15:02.538,0.87577,0.87587,1.00,1.50
2017.08.04 12:15:03.116,0.87578,0.87587,1.12,1.50
2017.08.04 12:15:03.167,0.87577,0.87585,1.50,1.00
2017.08.04 12:15:03.372,0.87574,0.87584,3.75,1.00
2017.08.04 12:15:03.576,0.87573,0.87582,1.75,1.00
2017.08.04 12:15:03.782,0.87568,0.87577,2.25,1.00
2017.08.04 12:15:04.285,0.87569,0.87578,1.00,1.00
2017.08.04 12:15:04.904,0.87571,0.87578,1.00,1.00
2017.08.04 12:15:06.261,0.87572,0.87578,1.00,1.00
2017.08.04 12:15:06.810,0.87572,0.87579,1.00,1.00
2017.08.04 12:15:10.455,0.87571,0.87579,1.00,1.00
2017.08.04 12:15:10.507,0.87571,0.87581,1.00,1.87
2017.08.04 12:15:10.913,0.87574,0.8758,1.00,1.00
2017.08.04 12:15:11.066,0.87575,0.87584,1.00,1.50
2017.08.04 12:15:11.579,0.87576,0.87585,1.00,1.75
2017.08.04 12:15:12.083,0.87575,0.87584,1.00,1.50
2017.08.04 12:15:13.801,0.87574,0.87585,1.00,2.62
2017.08.04 12:15:17.124,0.87578,0.87583,1.00,1.87
2017.08.04 12:15:17.329,0.87593,0.87599,1.00,1.00
2017.08.04 12:15:17.380,0.87591,0.87598,1.00,1.75
2017.08.04 12:15:17.482,0.87592,0.87598,1.00,1.00
2017.08.04 12:15:17.533,0.87594,0.87599,1.00,1.00
2017.08.04 12:15:17.686,0.87594,0.87603,1.00,1.12
2017.08.04 12:15:17.738,0.87591,0.87602,1.00,1.50
2017.08.04 12:15:17.879,0.87588,0.87599,1.75,1.00
2017.08.04 12:15:17.982,0.87586,0.87597,1.87,3.00
2017.08.04 12:15:18.186,0.87588,0.87597,1.00,1.12
2017.08.04 12:15:18.237,0.87586,0.87597,1.12,1.12
2017.08.04 12:15:18.492,0.87586,0.87595,1.00,1.00
2017.08.04 12:15:20.168,0.87585,0.87595,1.00,1.00
2017.08.04 12:15:21.445,0.87585,0.87593,1.00,2.62
2017.08.04 12:15:21.496,0.87583,0.87591,1.00,1.87
2017.08.04 12:15:21.700,0.87582,0.87589,1.00,1.37
2017.08.04 12:15:23.213,0.8758,0.87589,1.00,1.37
2017.08.04 12:15:23.372,0.87578,0.87586,1.37,1.00
2017.08.04 12:15:23.899,0.87579,0.87587,1.00,1.12
2017.08.04 12:15:24.253,0.87581,0.87587,1.00,1.12
2017.08.04 12:15:24.559,0.87586,0.8759,1.00,1.00
2017.08.04 12:15:24.610,0.87586,0.87591,1.00,1.00
2017.08.04 12:15:24.814,0.87586,0.87593,1.00,1.50
2017.08.04 12:15:25.076,0.8759,0.87597,1.00,4.12
2017.08.04 12:15:25.229,0.8759,0.87599,1.00,1.75
2017.08.04 12:15:25.331,0.87592,0.87599,1.00,1.00
2017.08.04 12:15:25.536,0.8759,0.87599,1.00,1.00
2017.08.04 12:15:25.895,0.87591,0.87599,1.00,1.50
2017.08.04 12:15:26.821,0.87591,0.876,1.00,2.25
2017.08.04 12:15:28.613,0.87593,0.87599,1.00,1.87
2017.08.04 12:15:28.716,0.87594,0.87602,1.00,1.12
2017.08.04 12:15:28.767,0.87596,0.87602,1.00,1.12
2017.08.04 12:15:31.304,0.87596,0.87603,1.00,1.12
2017.08.04 12:15:31.627,0.87598,0.87606,1.00,2.25
2017.08.04 12:15:31.730,0.87599,0.87605,1.00,1.00
2017.08.04 12:15:32.334,0.87599,0.87606,1.00,1.00
2017.08.04 12:15:35.430,0.876,0.87606,1.00,1.00
2017.08.04 12:15:36.502,0.87597,0.87605,1.50,1.00
2017.08.04 12:15:37.029,0.87596,0.87605,1.00,2.25
2017.08.04 12:15:37.985,0.87596,0.87603,1.12,1.00
2017.08.04 12:15:39.811,0.87597,0.87603,1.00,1.00
2017.08.04 12:15:40.362,0.87596,0.87603,1.00,1.00
2017.08.04 12:15:40.949,0.87597,0.87603,1.00,1.00
2017.08.04 12:15:44.598,0.87594,0.87601,1.00,1.00
2017.08.04 12:15:44.802,0.87592,0.876,1.00,1.50
2017.08.04 12:15:44.904,0.87594,0.876,1.00,1.50
2017.08.04 12:15:45.108,0.87594,0.87601,1.00,1.87
2017.08.04 12:15:45.699,0.87594,0.876,1.00,1.00
2017.08.04 12:15:45.852,0.87592,0.87601,1.00,2.25
2017.08.04 12:15:47.370,0.87594,0.876,1.00,1.50
2017.08.04 12:15:48.000,0.87591,0.876,1.00,1.50
2017.08.04 12:15:48.550,0.87591,0.876,1.00,1.75
2017.08.04 12:15:49.538,0.87593,0.876,1.00,1.75
2017.08.04 12:15:49.792,0.87596,0.87603,1.00,1.37
2017.08.04 12:15:50.689,0.87597,0.87603,1.00,1.37
2017.08.04 12:15:51.219,0.87595,0.87602,1.00,1.12
2017.08.04 12:15:52.320,0.87596,0.87604,1.00,2.25
2017.08.04 12:15:55.475,0.87596,0.87601,1.00,1.00
2017.08.04 12:15:55.991,0.87597,0.87601,1.00,1.00
2017.08.04 12:15:56.204,0.87599,0.87603,1.00,1.00
2017.08.04 12:15:56.257,0.87596,0.87602,1.50,1.00
2017.08.04 12:15:56.410,0.87596,0.87604,1.50,1.00
2017.08.04 12:15:56.715,0.87596,0.87602,1.00,1.00
2017.08.04 12:15:57.249,0.87595,0.87602,1.00,1.00
2017.08.04 12:15:58.041,0.87593,0.87599,2.62,1.00
2017.08.04 12:15:58.347,0.87588,0.87594,1.50,1.00
2017.08.04 12:15:58.864,0.87588,0.87595,1.00,1.00
2017.08.04 12:15:59.390,0.87589,0.87595,1.00,1.00
2017.08.04 12:15:59.980,0.87587,0.87593,1.12,1.00
2017.08.04 12:16:00.483,0.87587,0.87594,1.00,1.00
2017.08.04 12:16:00.990,0.87588,0.87595,1.00,1.00
2017.08.04 12:16:01.540,0.87589,0.87596,1.00,1.00
2017.08.04 12:16:02.214,0.87589,0.87595,1.00,1.00
2017.08.04 12:16:02.722,0.87588,0.87595,1.00,1.00
2017.08.04 12:16:03.273,0.87587,0.87594,1.00,1.00
2017.08.04 12:16:03.819,0.87587,0.87595,1.00,1.00
2017.08.04 12:16:04.581,0.87587,0.87593,1.00,1.00
2017.08.04 12:16:06.401,0.87586,0.87593,1.00,1.00
2017.08.04 12:16:06.708,0.87586,0.87591,1.00,1.00
2017.08.04 12:16:07.152,0.87586,0.87593,1.00,1.00
2017.08.04 12:16:07.458,0.87585,0.8759,1.50,1.00
2017.08.04 12:16:07.965,0.87585,0.87591,1.00,1.00
2017.08.04 12:16:08.067,0.87583,0.87591,1.00,1.00
2017.08.04 12:16:08.295,0.87581,0.87589,1.50,1.00
2017.08.04 12:16:08.804,0.87581,0.87588,1.50,1.00
2017.08.04 12:16:09.383,0.87581,0.87589,1.00,1.12
2017.08.04 12:16:09.894,0.87582,0.87589,1.00,1.12
2017.08.04 12:16:11.875,0.87583,0.87589,1.00,1.00
2017.08.04 12:16:13.752,0.87584,0.87588,1.00,1.00
2017.08.04 12:16:16.170,0.87584,0.87589,1.00,1.00
2017.08.04 12:16:17.247,0.87585,0.87589,1.00,1.00
2017.08.04 12:16:18.298,0.87583,0.87589,1.12,1.00
2017.08.04 12:16:19.685,0.87585,0.8759,1.00,1.00
2017.08.04 12:16:19.944,0.87587,0.87594,1.00,1.12
2017.08.04 12:16:20.098,0.87589,0.87595,1.00,1.12
2017.08.04 12:16:20.638,0.87589,0.87596,1.00,1.12
2017.08.04 12:16:21.146,0.8759,0.87596,1.00,1.12
2017.08.04 12:16:22.089,0.87589,0.87597,1.00,1.00
2017.08.04 12:16:22.629,0.87588,0.87595,1.87,1.00
2017.08.04 12:16:23.148,0.87589,0.87595,1.00,1.00
2017.08.04 12:16:23.200,0.87586,0.87595,1.50,1.00
2017.08.04 12:16:23.251,0.87586,0.87593,1.12,1.00
2017.08.04 12:16:23.800,0.87587,0.87594,1.00,1.00
2017.08.04 12:16:24.317,0.87587,0.87595,1.00,1.00
2017.08.04 12:16:24.844,0.87586,0.87594,1.00,1.00
2017.08.04 12:16:25.176,0.87594,0.87598,1.00,1.00
2017.08.04 12:16:25.279,0.87594,0.87601,1.00,1.00
2017.08.04 12:16:25.382,0.87592,0.87599,1.00,1.00
2017.08.04 12:16:26.242,0.87591,0.87599,1.00,1.12
2017.08.04 12:16:26.548,0.87594,0.87601,1.00,1.00
2017.08.04 12:16:26.904,0.87596,0.87601,1.00,1.00
2017.08.04 12:16:27.427,0.87597,0.87601,1.00,1.00
2017.08.04 12:16:28.014,0.87595,0.87602,1.00,1.12
2017.08.04 12:16:28.526,0.87596,0.87602,1.00,1.12
2017.08.04 12:16:29.055,0.87595,0.87601,1.00,1.00
2017.08.04 12:16:29.516,0.87593,0.876,1.00,1.00
2017.08.04 12:16:30.189,0.87591,0.87599,1.50,1.00
2017.08.04 12:16:30.778,0.87592,0.876,1.00,1.12
2017.08.04 12:16:31.563,0.87593,0.876,1.00,1.12
2017.08.04 12:16:32.077,0.87594,0.87599,1.00,1.00
2017.08.04 12:16:32.585,0.87594,0.876,1.00,1.00
2017.08.04 12:16:35.376,0.87596,0.876,1.00,1.00
2017.08.04 12:16:39.397,0.87595,0.87599,1.00,1.00
2017.08.04 12:16:39.498,0.87594,0.87599,1.00,1.00
2017.08.04 12:16:40.198,0.87593,0.876,1.00,1.00
2017.08.04 12:16:40.705,0.87594,0.876,1.00,1.00
2017.08.04 12:16:43.051,0.87596,0.87601,1.00,1.00
2017.08.04 12:16:44.118,0.87595,0.87601,1.00,1.00
2017.08.04 12:16:44.580,0.87598,0.87603,1.00,1.12
2017.08.04 12:16:44.768,0.87596,0.87602,1.00,1.00
2017.08.04 12:16:44.921,0.87594,0.876,1.12,1.00
2017.08.04 12:16:45.839,0.87594,0.87598,1.00,1.00
2017.08.04 12:16:46.466,0.87593,0.87598,1.00,1.00
2017.08.04 12:16:48.538,0.87593,0.876,1.12,1.12
2017.08.04 12:16:49.699,0.87594,0.876,1.00,1.00
2017.08.04 12:16:50.237,0.87595,0.87601,1.00,1.00
2017.08.04 12:16:53.505,0.87592,0.87599,2.25,1.00
2017.08.04 12:16:53.659,0.87591,0.87597,1.12,1.00
2017.08.04 12:16:54.160,0.8759,0.87596,1.00,1.00
2017.08.04 12:16:54.425,0.8759,0.87598,1.00,1.00
2017.08.04 12:16:54.950,0.87591,0.87598,1.00,1.00
2017.08.04 12:16:55.527,0.8759,0.87597,1.00,1.00
2017.08.04 12:17:00.314,0.87589,0.87596,1.00,1.00
2017.08.04 12:17:00.838,0.87589,0.87597,1.50,1.00
2017.08.04 12:17:01.380,0.8759,0.87596,1.00,1.00
2017.08.04 12:17:02.533,0.87591,0.87596,1.00,1.00
2017.08.04 12:17:03.523,0.8759,0.87596,1.00,1.00
2017.08.04 12:17:04.380,0.87593,0.87598,1.00,1.12
2017.08.04 12:17:04.584,0.87594,0.87601,1.00,1.00
2017.08.04 12:17:05.553,0.87594,0.87599,1.00,1.00
2017.08.04 12:17:05.604,0.87594,0.87601,1.00,1.00
2017.08.04 12:17:05.655,0.87594,0.87599,1.00,1.00
2017.08.04 12:17:06.156,0.87593,0.87599,1.00,1.00
2017.08.04 12:17:06.513,0.87594,0.87601,1.00,1.12
2017.08.04 12:17:07.036,0.87595,0.87601,1.00,1.00
2017.08.04 12:17:07.240,0.87597,0.87602,1.00,1.12
2017.08.04 12:17:11.352,0.87596,0.87602,1.00,1.00
2017.08.04 12:17:13.827,0.87598,0.87602,1.00,1.00
2017.08.04 12:17:14.386,0.87593,0.87597,1.87,1.00
2017.08.04 12:17:14.641,0.87592,0.87598,1.00,1.12
2017.08.04 12:17:15.296,0.87595,0.87599,1.00,1.12
2017.08.04 12:17:15.602,0.87596,0.876,1.00,1.00
2017.08.04 12:17:16.115,0.87597,0.87601,1.00,1.00
2017.08.04 12:17:16.621,0.87597,0.87602,1.00,1.00
2017.08.04 12:17:17.298,0.87598,0.87603,1.00,1.12
2017.08.04 12:17:17.983,0.87598,0.87602,1.00,1.00
2017.08.04 12:17:19.396,0.87597,0.87602,1.00,1.00
2017.08.04 12:17:19.918,0.87597,0.87603,1.00,1.00
2017.08.04 12:17:20.225,0.87604,0.87609,1.00,1.00
2017.08.04 12:17:20.735,0.87603,0.87609,1.00,1.00
2017.08.04 12:17:21.463,0.87602,0.87609,1.87,1.00
2017.08.04 12:17:22.009,0.87602,0.87608,1.00,1.00
2017.08.04 12:17:22.772,0.87603,0.87608,1.00,1.00
2017.08.04 12:17:22.947,0.87603,0.87611,1.00,1.50
2017.08.04 12:17:24.241,0.87602,0.87612,1.00,1.75
2017.08.04 12:17:26.871,0.87602,0.87612,1.00,1.50
2017.08.04 12:17:27.453,0.87602,0.87612,1.00,1.12
2017.08.04 12:17:28.990,0.87602,0.87611,1.00,1.00
2017.08.04 12:17:29.511,0.87601,0.8761,1.00,1.12
2017.08.04 12:17:30.066,0.876,0.8761,1.50,1.12
2017.08.04 12:17:30.598,0.87601,0.8761,1.00,1.12
2017.08.04 12:17:30.649,0.87601,0.8761,1.00,3.00
2017.08.04 12:17:31.103,0.87598,0.87608,1.12,1.87
2017.08.04 12:17:31.154,0.87598,0.87606,1.00,1.37
2017.08.04 12:17:32.069,0.87597,0.87606,1.00,1.50
2017.08.04 12:17:34.101,0.87597,0.87604,1.00,1.00
2017.08.04 12:17:34.628,0.87598,0.87606,1.00,1.50
2017.08.04 12:17:35.174,0.876,0.87608,1.00,3.37
2017.08.04 12:17:35.695,0.87597,0.87607,1.50,1.75
2017.08.04 12:17:36.316,0.87595,0.87606,1.50,2.25
2017.08.04 12:17:36.367,0.87597,0.87606,1.00,4.87
2017.08.04 12:17:36.469,0.87594,0.87602,1.50,1.00
2017.08.04 12:17:37.836,0.87595,0.87602,1.00,1.00
2017.08.04 12:17:38.421,0.87597,0.87602,1.00,1.00
2017.08.04 12:17:38.650,0.87599,0.87608,1.00,1.50
2017.08.04 12:17:39.208,0.87599,0.87608,1.50,1.12
2017.08.04 12:17:39.737,0.87601,0.8761,1.00,2.25
2017.08.04 12:17:39.940,0.87602,0.87611,1.00,1.50
2017.08.04 12:17:40.474,0.87603,0.87612,1.00,1.75
2017.08.04 12:17:40.525,0.87606,0.87611,1.00,1.50
2017.08.04 12:17:40.627,0.87606,0.87615,1.00,1.75
2017.08.04 12:17:41.394,0.87607,0.87615,1.00,1.75
2017.08.04 12:17:42.440,0.87608,0.87615,1.00,1.75
2017.08.04 12:17:43.588,0.87607,0.87615,1.00,1.75
2017.08.04 12:17:45.599,0.87605,0.87614,1.50,1.50
2017.08.04 12:17:47.180,0.87604,0.87613,2.25,1.12
2017.08.04 12:17:48.759,0.87602,0.87613,2.62,1.12
2017.08.04 12:17:48.912,0.87603,0.87612,1.00,1.87
2017.08.04 12:17:52.454,0.87604,0.87611,1.00,1.50
2017.08.04 12:17:52.996,0.87603,0.87611,1.50,1.50
2017.08.04 12:17:57.575,0.876,0.87609,3.00,1.12
2017.08.04 12:17:57.728,0.87599,0.87608,1.87,1.37
2017.08.04 12:17:59.241,0.87599,0.87606,1.50,1.00
2017.08.04 12:17:59.293,0.87595,0.87604,2.62,1.00
2017.08.04 12:17:59.450,0.87594,0.87602,1.37,1.12
2017.08.04 12:17:59.502,0.87593,0.87602,1.50,1.87
2017.08.04 12:17:59.553,0.87593,0.87602,1.50,1.37
2017.08.04 12:18:00.147,0.87594,0.87602,1.00,1.75
2017.08.04 12:18:01.569,0.87594,0.87603,1.00,2.25
2017.08.04 12:18:02.477,0.87596,0.87603,1.00,1.50
2017.08.04 12:18:02.579,0.87596,0.87605,1.50,1.00
2017.08.04 12:18:03.135,0.87597,0.87605,1.00,1.00
2017.08.04 12:18:03.644,0.87598,0.87605,1.00,1.00
2017.08.04 12:18:04.203,0.87596,0.87603,1.00,1.00
2017.08.04 12:18:04.305,0.87594,0.87602,1.00,1.00
2017.08.04 12:18:04.560,0.87593,0.87602,1.00,2.25
2017.08.04 12:18:06.030,0.87594,0.87602,1.00,1.75
2017.08.04 12:18:06.669,0.87594,0.87603,1.00,2.25
2017.08.04 12:18:07.193,0.87592,0.87602,1.87,1.50
2017.08.04 12:18:07.506,0.87595,0.87603,1.00,1.75
2017.08.04 12:18:07.762,0.87596,0.87606,1.00,1.75
2017.08.04 12:18:07.864,0.87596,0.87606,1.12,1.87
2017.08.04 12:18:07.966,0.87596,0.87606,1.12,4.12
2017.08.04 12:18:08.278,0.87595,0.87606,1.12,3.00
2017.08.04 12:18:08.380,0.87593,0.87606,1.37,5.62
2017.08.04 12:18:08.898,0.87593,0.87604,2.25,2.25
2017.08.04 12:18:09.218,0.87595,0.87605,1.37,2.62
2017.08.04 12:18:09.371,0.87595,0.87605,2.25,1.00
2017.08.04 12:18:09.841,0.87598,0.87609,1.00,4.87
2017.08.04 12:18:10.158,0.876,0.87609,1.00,2.62
2017.08.04 12:18:10.260,0.87601,0.87611,1.00,1.50
2017.08.04 12:18:10.851,0.87602,0.87611,1.50,1.50
2017.08.04 12:18:13.332,0.87604,0.87613,1.50,3.37
2017.08.04 12:18:13.577,0.87608,0.87618,3.00,2.62
2017.08.04 12:18:13.680,0.87609,0.8762,1.50,1.12
2017.08.04 12:18:15.613,0.87607,0.8762,3.75,3.37
2017.08.04 12:18:15.772,0.87607,0.87618,3.00,1.50
2017.08.04 12:18:17.119,0.87608,0.87618,1.00,1.50
2017.08.04 12:18:17.864,0.87608,0.8762,1.37,2.25
2017.08.04 12:18:17.916,0.87608,0.8762,1.50,2.62
2017.08.04 12:18:18.439,0.87609,0.87619,1.12,1.00
2017.08.04 12:18:19.024,0.87608,0.8762,2.25,2.62
2017.08.04 12:18:19.075,0.87608,0.8762,1.87,2.62
2017.08.04 12:18:20.166,0.87607,0.87618,1.87,1.50
2017.08.04 12:18:22.411,0.87606,0.87613,2.25,1.50
2017.08.04 12:18:22.701,0.87602,0.87612,1.00,1.75
2017.08.04 12:18:23.108,0.876,0.87609,1.12,1.50
2017.08.04 12:18:23.210,0.87598,0.87607,1.75,1.00
2017.08.04 12:18:23.313,0.87598,0.87606,1.12,1.00
2017.08.04 12:18:23.416,0.87596,0.87607,1.12,3.75
2017.08.04 12:18:25.715,0.87597,0.87607,1.00,1.50
2017.08.04 12:18:26.341,0.87593,0.87605,4.12,3.37
2017.08.04 12:18:26.494,0.87593,0.87605,2.25,3.75
2017.08.04 12:18:27.296,0.87595,0.87605,1.00,1.75
2017.08.04 12:18:28.630,0.87593,0.87601,1.50,1.00
2017.08.04 12:18:28.834,0.87591,0.876,1.00,1.50
2017.08.04 12:18:28.936,0.87589,0.87601,1.12,3.37
2017.08.04 12:18:29.333,0.87591,0.876,1.00,1.75
2017.08.04 12:18:30.151,0.8759,0.87601,1.00,3.37
2017.08.04 12:18:30.456,0.87587,0.87597,1.50,1.50
2017.08.04 12:18:30.559,0.87584,0.87595,1.87,1.37
2017.08.04 12:18:30.610,0.87584,0.87595,1.50,1.75
2017.08.04 12:18:31.045,0.87581,0.87591,1.12,1.00
2017.08.04 12:18:31.249,0.87581,0.87591,1.50,2.62
2017.08.04 12:18:31.300,0.87581,0.8759,1.50,1.00
2017.08.04 12:18:31.609,0.87579,0.87591,1.87,3.00
2017.08.04 12:18:31.711,0.87581,0.87591,1.50,1.75
2017.08.04 12:18:31.916,0.87581,0.87593,2.62,2.25
2017.08.04 12:18:32.691,0.87581,0.87592,1.12,1.50
2017.08.04 12:18:33.301,0.87582,0.87592,1.00,1.50
2017.08.04 12:18:33.454,0.87582,0.87592,1.00,1.75
2017.08.04 12:18:34.400,0.8758,0.87592,2.25,2.25
2017.08.04 12:18:35.240,0.87578,0.87587,1.75,1.00
2017.08.04 12:18:35.443,0.87576,0.87587,1.87,1.75
2017.08.04 12:18:35.952,0.87577,0.87588,1.00,1.50
2017.08.04 12:18:36.242,0.87577,0.87586,1.00,1.50
2017.08.04 12:18:36.788,0.87576,0.87586,1.00,1.50
2017.08.04 12:18:37.329,0.87575,0.87587,3.00,1.75
2017.08.04 12:18:37.698,0.87577,0.87587,1.00,1.75
2017.08.04 12:18:38.109,0.87579,0.87586,1.00,1.50
2017.08.04 12:18:38.364,0.87581,0.87591,2.25,3.37
2017.08.04 12:18:38.466,0.87581,0.87592,2.25,2.25
2017.08.04 12:18:38.977,0.87582,0.87592,1.00,2.25
2017.08.04 12:18:39.516,0.87581,0.87591,3.00,1.12
2017.08.04 12:18:39.668,0.87583,0.87592,1.00,2.25
2017.08.04 12:18:40.124,0.87581,0.87591,2.25,1.12
2017.08.04 12:18:40.639,0.87582,0.87592,1.00,2.25
2017.08.04 12:18:41.530,0.87581,0.87592,1.50,2.25
2017.08.04 12:18:44.057,0.8758,0.87591,2.62,1.12
2017.08.04 12:18:44.109,0.87584,0.87591,1.00,1.12
2017.08.04 12:18:44.414,0.87589,0.87594,1.50,1.00
2017.08.04 12:18:44.566,0.87589,0.876,1.87,1.50
2017.08.04 12:18:44.719,0.87591,0.876,1.00,1.50
2017.08.04 12:18:45.227,0.87591,0.87601,1.12,1.37
2017.08.04 12:18:46.766,0.87591,0.876,1.00,1.50
2017.08.04 12:18:49.553,0.87593,0.876,1.00,1.50
2017.08.04 12:18:49.757,0.87593,0.87601,1.00,1.12
2017.08.04 12:18:50.366,0.87593,0.876,1.00,1.00
2017.08.04 12:18:50.878,0.87594,0.876,1.00,1.00
2017.08.04 12:18:51.118,0.87592,0.87601,1.00,1.12
2017.08.04 12:18:51.169,0.87591,0.87599,2.25,1.00
2017.08.04 12:18:51.680,0.87591,0.87599,1.12,1.12
2017.08.04 12:18:52.117,0.87589,0.87597,1.50,1.00
2017.08.04 12:18:52.168,0.87589,0.87597,1.12,1.00
2017.08.04 12:18:54.230,0.87591,0.87597,1.00,1.12
2017.08.04 12:18:57.588,0.87591,0.87598,1.00,1.12
2017.08.04 12:18:58.101,0.87591,0.87598,1.00,1.37
2017.08.04 12:18:58.629,0.8759,0.87598,1.00,1.37
2017.08.04 12:19:00.166,0.87589,0.87598,1.00,1.37
2017.08.04 12:19:00.698,0.8759,0.87598,1.00,1.37
2017.08.04 12:19:01.887,0.87588,0.87599,1.50,2.25
2017.08.04 12:19:02.420,0.87588,0.87596,1.87,1.00
2017.08.04 12:19:02.471,0.87587,0.87594,1.37,1.00
2017.08.04 12:19:02.624,0.87585,0.87593,1.12,1.00
2017.08.04 12:19:02.844,0.87582,0.87591,1.50,1.00
2017.08.04 12:19:02.947,0.87581,0.87588,1.87,1.00
2017.08.04 12:19:03.254,0.87586,0.87589,1.00,1.87
2017.08.04 12:19:03.305,0.87587,0.87595,1.00,1.00
2017.08.04 12:19:03.408,0.87587,0.87595,1.00,2.62
2017.08.04 12:19:03.915,0.87586,0.87595,1.00,3.37
2017.08.04 12:19:04.323,0.8759,0.87594,1.00,1.00
2017.08.04 12:19:04.527,0.87591,0.87597,1.00,1.50
2017.08.04 12:19:05.069,0.8759,0.87597,1.00,1.50
2017.08.04 12:19:05.578,0.87588,0.87595,1.00,1.00
2017.08.04 12:19:05.732,0.87589,0.87594,1.00,1.50
2017.08.04 12:19:06.448,0.87589,0.87595,1.00,1.50
2017.08.04 12:19:07.371,0.87588,0.87595,1.00,1.00
2017.08.04 12:19:07.900,0.87589,0.87595,1.00,1.00
2017.08.04 12:19:08.496,0.87591,0.87595,1.00,1.50
2017.08.04 12:19:08.999,0.87591,0.87599,1.00,4.12
2017.08.04 12:19:09.711,0.87592,0.87599,1.00,2.62
2017.08.04 12:19:09.813,0.87589,0.87599,2.25,2.25
2017.08.04 12:19:09.865,0.87589,0.876,2.25,1.50
2017.08.04 12:19:09.967,0.87591,0.876,1.00,1.50
2017.08.04 12:19:10.671,0.87592,0.87599,1.00,1.12
2017.08.04 12:19:11.300,0.8759,0.876,1.50,2.25
2017.08.04 12:19:11.839,0.87591,0.87599,1.00,1.12
2017.08.04 12:19:12.379,0.8759,0.87597,1.00,1.00
2017.08.04 12:19:12.587,0.87586,0.87593,1.37,1.00
2017.08.04 12:19:12.638,0.87586,0.87593,1.00,1.00
2017.08.04 12:19:13.478,0.87586,0.87592,1.00,1.00
2017.08.04 12:19:14.000,0.87585,0.87592,1.00,1.12
2017.08.04 12:19:15.610,0.87586,0.87595,1.00,3.37
2017.08.04 12:19:16.120,0.87585,0.87595,1.00,3.37
2017.08.04 12:19:16.622,0.87586,0.87595,2.25,1.00
2017.08.04 12:19:17.232,0.87588,0.87595,1.00,1.00
2017.08.04 12:19:17.387,0.87586,0.87594,1.00,1.00
2017.08.04 12:19:17.541,0.87586,0.87594,1.50,1.75
2017.08.04 12:19:18.051,0.87584,0.87593,1.00,1.50
2017.08.04 12:19:18.255,0.87586,0.87594,1.00,1.75
2017.08.04 12:19:19.262,0.87585,0.87594,1.00,1.75
2017.08.04 12:19:22.450,0.87584,0.87591,1.12,1.00
2017.08.04 12:19:22.755,0.87582,0.8759,1.00,2.25
2017.08.04 12:19:25.342,0.87581,0.8759,1.00,2.25
2017.08.04 12:19:26.566,0.87582,0.8759,1.00,2.25
2017.08.04 12:19:27.093,0.87581,0.8759,1.00,2.25
2017.08.04 12:19:27.505,0.8758,0.87588,1.00,1.50
2017.08.04 12:19:28.668,0.87579,0.87588,1.50,2.25
2017.08.04 12:19:29.257,0.8758,0.87589,1.50,1.75
2017.08.04 12:19:30.087,0.87581,0.87588,1.00,1.50
2017.08.04 12:19:31.073,0.8758,0.87588,1.00,1.50
2017.08.04 12:19:31.749,0.87579,0.87588,1.00,2.25
2017.08.04 12:19:32.056,0.8758,0.87588,1.00,1.75
2017.08.04 12:19:33.062,0.87581,0.87588,1.00,1.75
2017.08.04 12:19:33.214,0.87582,0.8759,1.00,1.87
2017.08.04 12:19:34.686,0.87581,0.8759,1.00,2.25
2017.08.04 12:19:36.286,0.8758,0.87589,1.00,2.62
2017.08.04 12:19:38.268,0.8758,0.87587,1.00,1.00
2017.08.04 12:19:38.370,0.87578,0.87587,1.00,1.00
2017.08.04 12:19:38.523,0.87577,0.87587,2.25,1.50
2017.08.04 12:19:39.152,0.87577,0.87587,2.62,1.37
2017.08.04 12:19:39.818,0.8758,0.87588,1.00,1.50
2017.08.04 12:19:39.869,0.87578,0.87588,1.12,2.25
2017.08.04 12:19:41.748,0.87579,0.87588,1.50,1.50
2017.08.04 12:19:41.901,0.87579,0.87589,1.87,1.00
2017.08.04 12:19:42.104,0.87579,0.87589,1.00,3.00
2017.08.04 12:19:42.998,0.87577,0.87586,2.62,1.00
2017.08.04 12:19:43.152,0.87579,0.87587,1.00,1.12
2017.08.04 12:19:43.705,0.87579,0.87587,1.00,1.50
2017.08.04 12:19:43.908,0.8758,0.87588,1.00,1.00
2017.08.04 12:19:44.436,0.87579,0.8759,1.87,1.87
2017.08.04 12:19:44.937,0.87579,0.87588,1.00,1.00
2017.08.04 12:19:45.481,0.8758,0.87588,1.00,1.00
2017.08.04 12:19:46.243,0.87582,0.87588,1.00,1.00
2017.08.04 12:19:46.549,0.87586,0.87594,1.00,2.62
2017.08.04 12:19:46.600,0.87583,0.87593,1.50,1.50
2017.08.04 12:19:48.016,0.87582,0.87593,1.00,2.62
2017.08.04 12:19:48.220,0.87582,0.87591,1.00,1.37
2017.08.04 12:19:49.307,0.87581,0.87591,1.00,1.50
2017.08.04 12:19:49.916,0.87582,0.87592,1.00,2.25
2017.08.04 12:19:50.527,0.87582,0.87591,1.00,1.00
2017.08.04 12:19:51.751,0.87581,0.87591,1.00,1.12
2017.08.04 12:19:52.056,0.8758,0.87587,1.12,1.00
2017.08.04 12:19:52.311,0.8758,0.87589,1.00,1.12
2017.08.04 12:19:52.751,0.8758,0.8759,1.00,4.12
2017.08.04 12:19:53.282,0.87581,0.8759,1.00,4.12
2017.08.04 12:19:54.234,0.8758,0.87587,1.00,1.12
2017.08.04 12:19:54.742,0.87579,0.87588,1.00,1.50
2017.08.04 12:19:55.254,0.8758,0.87588,1.00,1.50
2017.08.04 12:19:55.720,0.87577,0.87586,1.50,1.00
2017.08.04 12:19:55.874,0.87575,0.87584,1.12,1.37
2017.08.04 12:19:56.081,0.87572,0.87581,1.00,1.50
2017.08.04 12:19:56.133,0.87574,0.87581,1.00,1.00
2017.08.04 12:19:56.438,0.8758,0.87589,1.00,2.25
2017.08.04 12:19:56.945,0.87579,0.87588,1.00,1.00
2017.08.04 12:19:56.997,0.87578,0.87586,1.00,1.00
2017.08.04 12:19:57.508,0.87579,0.87588,1.00,1.50
2017.08.04 12:19:59.117,0.87578,0.87587,1.50,1.12
2017.08.04 12:19:59.422,0.87578,0.87585,1.00,1.00
2017.08.04 12:19:59.641,0.87576,0.87585,1.50,1.00
2017.08.04 12:20:00.010,0.87576,0.87583,1.00,1.00
2017.08.04 12:20:00.113,0.87573,0.87582,1.00,1.00
2017.08.04 12:20:00.166,0.87573,0.87582,4.12,1.00
2017.08.04 12:20:00.320,0.8757,0.87581,1.37,1.37
2017.08.04 12:20:00.575,0.87569,0.87579,1.50,1.37
2017.08.04 12:20:01.076,0.87567,0.87576,1.87,1.00
2017.08.04 12:20:01.332,0.87564,0.87575,1.75,1.00
2017.08.04 12:20:01.434,0.87562,0.8757,3.37,1.37
2017.08.04 12:20:01.590,0.87558,0.87569,3.00,1.50
2017.08.04 12:20:01.642,0.87558,0.87569,1.00,1.75
2017.08.04 12:20:01.879,0.87558,0.8757,2.25,1.50
2017.08.04 12:20:02.391,0.8756,0.8757,1.00,1.50
2017.08.04 12:20:02.697,0.87559,0.8757,1.12,3.00
2017.08.04 12:20:02.894,0.87559,0.8757,1.50,2.62
2017.08.04 12:20:03.151,0.87558,0.8757,1.87,3.00
2017.08.04 12:20:03.608,0.87563,0.87571,1.00,1.75
2017.08.04 12:20:03.761,0.87564,0.87575,1.12,1.87
2017.08.04 12:20:03.813,0.87564,0.87575,1.37,1.50
2017.08.04 12:20:06.541,0.87567,0.87577,1.00,2.62
2017.08.04 12:20:06.593,0.87572,0.87577,1.00,1.12
2017.08.04 12:20:06.847,0.87581,0.8759,1.00,1.00
2017.08.04 12:20:07.363,0.8758,0.87592,2.25,1.87
2017.08.04 12:20:07.678,0.87584,0.87593,1.00,2.25
2017.08.04 12:20:07.831,0.87585,0.87597,2.25,1.12
2017.08.04 12:20:07.984,0.87586,0.87597,1.87,1.00
2017.08.04 12:20:08.339,0.87586,0.87597,2.25,1.50
2017.08.04 12:20:08.848,0.87587,0.87597,1.00,1.50
2017.08.04 12:20:09.353,0.87586,0.87597,1.50,1.50
2017.08.04 12:20:09.607,0.87587,0.87597,1.87,1.12
2017.08.04 12:20:10.505,0.87588,0.87598,1.12,1.00
2017.08.04 12:20:10.607,0.87588,0.876,1.12,1.87
2017.08.04 12:20:11.110,0.87588,0.87596,1.12,1.00
2017.08.04 12:20:11.365,0.87586,0.87596,1.12,1.00
2017.08.04 12:20:12.039,0.87586,0.87597,1.12,1.12
2017.08.04 12:20:14.080,0.87587,0.87596,1.00,1.00
2017.08.04 12:20:14.585,0.87587,0.87597,1.00,1.12
2017.08.04 12:20:15.853,0.87589,0.87598,1.00,1.50
2017.08.04 12:20:16.389,0.87589,0.876,1.37,2.25
2017.08.04 12:20:17.152,0.87591,0.87601,1.00,2.25
2017.08.04 12:20:17.549,0.87595,0.876,1.00,1.00
2017.08.04 12:20:17.652,0.87595,0.87605,1.12,2.62
2017.08.04 12:20:17.703,0.87595,0.87607,1.12,4.87
2017.08.04 12:20:18.248,0.87596,0.87607,1.00,4.87
2017.08.04 12:20:18.799,0.87595,0.87606,1.12,1.50
2017.08.04 12:20:19.155,0.87598,0.87607,1.00,3.37
2017.08.04 12:20:19.358,0.87602,0.87611,1.00,1.12
2017.08.04 12:20:19.714,0.876,0.87609,1.12,1.00
2017.08.04 12:20:20.049,0.87597,0.87607,1.37,1.37
2017.08.04 12:20:20.100,0.87597,0.87607,1.00,1.50
2017.08.04 12:20:20.405,0.87599,0.87607,1.00,1.00
2017.08.04 12:20:20.608,0.87601,0.87611,1.00,1.50
2017.08.04 12:20:21.123,0.87601,0.87611,1.12,1.00
2017.08.04 12:20:21.580,0.87603,0.87613,1.00,1.12
2017.08.04 12:20:21.885,0.87603,0.87613,3.00,1.00
2017.08.04 12:20:22.730,0.87605,0.87614,1.12,1.12
2017.08.04 12:20:23.633,0.87606,0.87616,1.00,3.00
2017.08.04 12:20:24.141,0.87605,0.87615,1.12,1.37
2017.08.04 12:20:25.825,0.87607,0.87615,1.00,1.37
2017.08.04 12:20:26.284,0.87608,0.87617,1.00,1.50
2017.08.04 12:20:26.992,0.87606,0.87615,1.50,1.12
2017.08.04 12:20:27.308,0.87603,0.87613,1.00,3.00
2017.08.04 12:20:27.823,0.876,0.8761,1.37,1.50
2017.08.04 12:20:27.874,0.876,0.8761,1.00,1.50
2017.08.04 12:20:28.033,0.87603,0.87608,1.00,1.12
2017.08.04 12:20:28.289,0.87604,0.87614,1.00,2.25
2017.08.04 12:20:28.647,0.87604,0.87615,1.12,1.87
2017.08.04 12:20:28.748,0.87608,0.87617,1.50,1.75
2017.08.04 12:20:28.983,0.8761,0.87619,1.50,1.50
2017.08.04 12:20:29.290,0.87612,0.87621,1.00,1.75
2017.08.04 12:20:29.443,0.87612,0.87622,1.12,1.12
2017.08.04 12:20:29.699,0.87611,0.87621,1.87,1.37
2017.08.04 12:20:30.016,0.87611,0.87621,1.00,1.75
2017.08.04 12:20:30.372,0.8761,0.87621,1.50,2.25
2017.08.04 12:20:30.977,0.87611,0.8762,1.00,1.12
2017.08.04 12:20:31.519,0.87613,0.8762,1.00,1.12
2017.08.04 12:20:31.826,0.87604,0.87609,2.25,1.50
2017.08.04 12:20:31.878,0.87601,0.87606,1.00,1.00
2017.08.04 12:20:31.980,0.87597,0.87606,1.12,1.00
2017.08.04 12:20:32.497,0.87597,0.87605,1.00,1.12
2017.08.04 12:20:32.600,0.87595,0.87605,2.25,1.12
2017.08.04 12:20:32.956,0.87598,0.87605,1.00,1.12
2017.08.04 12:20:33.759,0.87596,0.87605,1.00,1.12
2017.08.04 12:20:34.976,0.87598,0.87605,1.00,1.12
2017.08.04 12:20:35.693,0.87597,0.87605,1.00,1.12
2017.08.04 12:20:36.308,0.87596,0.87605,1.12,1.12
2017.08.04 12:20:37.473,0.87596,0.87604,1.00,1.00
2017.08.04 12:20:37.575,0.87594,0.87604,2.25,1.50
2017.08.04 12:20:37.677,0.87594,0.87604,1.12,2.25
2017.08.04 12:20:38.199,0.87593,0.87602,1.50,1.12
2017.08.04 12:20:40.235,0.87592,0.87603,1.87,1.50
2017.08.04 12:20:40.745,0.87592,0.87603,1.50,2.25
2017.08.04 12:20:41.755,0.87589,0.87599,1.50,1.00
2017.08.04 12:20:42.092,0.87589,0.87599,1.12,1.75
2017.08.04 12:20:42.397,0.87592,0.876,1.12,1.75
2017.08.04 12:20:42.499,0.87592,0.876,1.12,1.50
2017.08.04 12:20:43.186,0.87592,0.876,1.12,1.12
2017.08.04 12:20:43.741,0.87593,0.876,1.00,1.12
2017.08.04 12:20:45.120,0.87596,0.87602,1.00,1.50
2017.08.04 12:20:45.222,0.87596,0.87604,1.00,1.50
2017.08.04 12:20:45.426,0.87596,0.87604,1.00,1.00
2017.08.04 12:20:45.939,0.87596,0.87605,1.00,1.12
2017.08.04 12:20:46.488,0.87595,0.87604,1.00,1.50
2017.08.04 12:20:47.051,0.87595,0.87603,1.00,1.00
2017.08.04 12:20:47.582,0.87594,0.87602,1.00,1.00
2017.08.04 12:20:47.685,0.87595,0.87604,1.00,1.00
2017.08.04 12:20:48.334,0.87596,0.87604,1.00,1.00
2017.08.04 12:20:48.866,0.87596,0.87605,1.00,1.12
2017.08.04 12:20:49.367,0.87596,0.87604,1.00,1.00
2017.08.04 12:20:49.469,0.87598,0.87605,1.00,1.87
2017.08.04 12:20:50.453,0.87596,0.87605,1.00,1.12
2017.08.04 12:20:50.979,0.87597,0.87606,1.00,1.37
2017.08.04 12:20:51.777,0.87593,0.87601,4.12,1.00
2017.08.04 12:20:52.032,0.87593,0.876,1.00,1.00
2017.08.04 12:20:52.577,0.87592,0.87602,1.37,1.37
2017.08.04 12:20:55.031,0.87594,0.87603,1.00,1.00
2017.08.04 12:20:55.132,0.87594,0.87603,1.00,1.50
2017.08.04 12:20:55.438,0.87597,0.87606,1.00,1.50
2017.08.04 12:20:55.961,0.87597,0.87606,1.00,1.50
2017.08.04 12:20:56.901,0.87598,0.87606,1.00,1.50
2017.08.04 12:20:57.514,0.87599,0.87606,1.00,1.00
2017.08.04 12:20:57.717,0.87597,0.87606,1.00,1.50
2017.08.04 12:20:57.870,0.87596,0.87601,1.00,1.00
2017.08.04 12:20:58.023,0.87593,0.876,1.00,1.00
2017.08.04 12:20:58.126,0.87591,0.87599,1.00,1.00
2017.08.04 12:20:58.647,0.87589,0.87599,1.87,1.00
2017.08.04 12:20:59.185,0.8759,0.876,1.12,1.87
2017.08.04 12:20:59.874,0.87592,0.876,1.00,1.12
2017.08.04 12:21:00.385,0.8759,0.876,1.12,1.12
2017.08.04 12:21:00.487,0.87592,0.876,1.00,1.12
2017.08.04 12:21:01.144,0.87591,0.876,1.00,1.00
2017.08.04 12:21:01.671,0.8759,0.876,1.87,1.00
2017.08.04 12:21:02.390,0.87591,0.876,1.12,1.00
2017.08.04 12:21:02.899,0.87591,0.87601,1.12,1.50
2017.08.04 12:21:03.911,0.87593,0.87601,1.00,1.00
2017.08.04 12:21:04.455,0.87592,0.87601,1.00,1.50
2017.08.04 12:21:04.798,0.87595,0.87604,1.37,1.37
2017.08.04 12:21:04.849,0.87594,0.87604,1.37,2.62
2017.08.04 12:21:05.256,0.87594,0.87602,1.00,1.50
2017.08.04 12:21:05.807,0.87591,0.87601,1.50,2.25
2017.08.04 12:21:06.110,0.87592,0.87601,1.00,1.50
2017.08.04 12:21:06.569,0.87592,0.87601,1.12,1.00
2017.08.04 12:21:07.092,0.87591,0.876,1.50,1.00
2017.08.04 12:21:07.755,0.87591,0.876,1.12,1.12
2017.08.04 12:21:07.958,0.87595,0.87603,1.00,4.12
2017.08.04 12:21:08.162,0.87595,0.87604,1.00,1.12
2017.08.04 12:21:08.713,0.87594,0.87604,1.12,1.87
2017.08.04 12:21:08.764,0.87593,0.87602,1.37,1.00
2017.08.04 12:21:09.070,0.8759,0.876,1.12,1.50
2017.08.04 12:21:09.595,0.87591,0.876,1.00,1.00
2017.08.04 12:21:10.216,0.8759,0.876,1.87,1.50
2017.08.04 12:21:10.570,0.87592,0.876,1.00,1.50
2017.08.04 12:21:11.157,0.87591,0.87599,1.00,1.00
2017.08.04 12:21:11.721,0.87591,0.876,1.00,1.00
2017.08.04 12:21:12.230,0.87592,0.876,1.00,1.50
2017.08.04 12:21:13.249,0.87591,0.87599,1.00,1.00
2017.08.04 12:21:13.634,0.87594,0.876,1.00,1.37
2017.08.04 12:21:13.685,0.87595,0.87601,1.00,1.00
2017.08.04 12:21:13.940,0.87595,0.87603,1.12,1.50
2017.08.04 12:21:14.098,0.87593,0.87601,1.87,1.00
2017.08.04 12:21:14.505,0.87592,0.87598,2.62,1.00
2017.08.04 12:21:14.658,0.87591,0.87598,1.37,1.00
2017.08.04 12:21:14.811,0.8759,0.87598,1.00,1.00
2017.08.04 12:21:14.863,0.87589,0.87596,1.12,1.50
2017.08.04 12:21:15.056,0.87587,0.87595,1.12,1.50
2017.08.04 12:21:15.994,0.87586,0.87595,1.12,1.00
2017.08.04 12:21:16.276,0.87586,0.87596,1.87,1.50
2017.08.04 12:21:16.965,0.87588,0.87595,1.00,1.50
2017.08.04 12:21:17.510,0.87588,0.87596,1.00,1.50
2017.08.04 12:21:18.794,0.87588,0.87597,1.00,1.50
2017.08.04 12:21:19.364,0.87588,0.87596,1.00,1.00
2017.08.04 12:21:20.173,0.87588,0.87597,1.00,1.50
2017.08.04 12:21:20.708,0.87587,0.87596,1.00,1.50
2017.08.04 12:21:21.532,0.87587,0.87594,1.00,1.00
2017.08.04 12:21:21.878,0.87587,0.87596,1.00,1.50
2017.08.04 12:21:23.143,0.87587,0.87595,1.00,1.00
2017.08.04 12:21:24.148,0.87591,0.87597,1.00,1.00
2017.08.04 12:21:24.301,0.87592,0.876,1.00,2.25
2017.08.04 12:21:24.834,0.87592,0.876,1.00,1.87
2017.08.04 12:21:25.627,0.87592,0.87599,1.00,1.00
2017.08.04 12:21:26.301,0.87591,0.87599,1.12,1.00
2017.08.04 12:21:26.820,0.87589,0.87597,3.00,1.00
2017.08.04 12:21:26.972,0.87589,0.87597,1.00,1.00
2017.08.04 12:21:28.792,0.87587,0.87595,1.12,1.00
2017.08.04 12:21:29.046,0.87585,0.87595,1.12,1.50
2017.08.04 12:21:29.555,0.87585,0.87594,1.12,1.00
2017.08.04 12:21:30.403,0.87587,0.87596,1.00,1.12
2017.08.04 12:21:30.911,0.87586,0.87595,1.00,1.12
2017.08.04 12:21:32.117,0.87586,0.87594,1.00,1.00
2017.08.04 12:21:32.656,0.87586,0.87594,1.50,1.00
2017.08.04 12:21:33.443,0.87587,0.87595,1.12,1.00
2017.08.04 12:21:33.792,0.87591,0.87599,1.00,1.12
2017.08.04 12:21:34.198,0.87595,0.876,2.25,1.00
2017.08.04 12:21:34.362,0.87591,0.876,1.50,1.00
2017.08.04 12:21:35.597,0.87595,0.87601,1.00,1.00
2017.08.04 12:21:35.699,0.87595,0.87604,1.00,1.80
2017.08.04 12:21:35.750,0.87597,0.87604,1.00,1.05
2017.08.04 12:21:36.293,0.87597,0.87606,1.00,1.87
2017.08.04 12:21:36.677,0.87601,0.87608,1.00,3.37
2017.08.04 12:21:36.831,0.87601,0.87609,1.00,1.12
2017.08.04 12:21:37.354,0.87601,0.8761,1.12,1.87
2017.08.04 12:21:37.660,0.87599,0.87608,1.12,1.00
2017.08.04 12:21:38.168,0.87599,0.87608,1.00,1.37
2017.08.04 12:21:39.212,0.876,0.87609,1.12,3.00
2017.08.04 12:21:42.023,0.87599,0.87606,1.00,1.00
2017.08.04 12:21:42.227,0.87597,0.87606,1.12,1.12
2017.08.04 12:21:43.449,0.87596,0.87603,1.00,1.00
2017.08.04 12:21:43.551,0.87596,0.87605,1.12,2.25
2017.08.04 12:21:44.129,0.87595,0.87605,1.00,2.62
2017.08.04 12:21:44.502,0.87595,0.87603,1.00,1.00
2017.08.04 12:21:44.960,0.87594,0.87603,1.00,1.50
2017.08.04 12:21:45.500,0.87595,0.87603,1.00,1.50
2017.08.04 12:21:45.654,0.87596,0.87606,1.00,2.25
2017.08.04 12:21:45.756,0.87596,0.87606,1.50,2.25
2017.08.04 12:21:45.960,0.87595,0.87605,1.12,1.37
2017.08.04 12:21:46.468,0.87593,0.87603,2.25,1.00
2017.08.04 12:21:46.641,0.87593,0.87602,1.50,1.00
2017.08.04 12:21:47.208,0.87596,0.87602,1.00,1.00
2017.08.04 12:21:47.462,0.87597,0.87605,1.00,1.50
2017.08.04 12:21:48.005,0.87596,0.87605,1.00,2.25
2017.08.04 12:21:48.499,0.87599,0.87605,1.00,1.50
2017.08.04 12:21:48.754,0.87599,0.87608,1.12,1.37
2017.08.04 12:21:49.262,0.87596,0.87606,1.00,3.75
2017.08.04 12:21:50.849,0.87595,0.87606,1.00,3.00
2017.08.04 12:21:51.387,0.87594,0.87604,1.50,1.00
2017.08.04 12:21:51.924,0.87595,0.87606,1.00,3.00
2017.08.04 12:21:52.457,0.87598,0.87606,1.00,1.00
2017.08.04 12:21:52.972,0.87599,0.87608,1.00,2.62
2017.08.04 12:21:53.023,0.87597,0.87607,1.12,1.00
2017.08.04 12:21:53.955,0.87596,0.87605,1.50,1.00
2017.08.04 12:21:54.158,0.87595,0.87605,1.87,1.00
2017.08.04 12:21:54.688,0.87594,0.87604,1.12,1.00
2017.08.04 12:21:58.304,0.87595,0.87604,1.00,2.25
2017.08.04 12:22:00.222,0.87594,0.87601,1.00,1.00
2017.08.04 12:22:00.375,0.87592,0.876,1.12,1.00
2017.08.04 12:22:00.897,0.87592,0.876,1.00,1.37
2017.08.04 12:22:01.569,0.87591,0.876,1.12,1.37
2017.08.04 12:22:02.118,0.87591,0.87598,1.00,1.00
2017.08.04 12:22:02.700,0.8759,0.87597,1.12,1.00
2017.08.04 12:22:03.208,0.87589,0.87598,1.87,1.50
2017.08.04 12:22:03.720,0.87588,0.87593,1.50,1.00
2017.08.04 12:22:04.025,0.87584,0.87593,1.00,1.50
2017.08.04 12:22:04.865,0.87583,0.87593,1.87,1.50
2017.08.04 12:22:05.372,0.87583,0.87592,1.00,1.12
2017.08.04 12:22:05.733,0.87585,0.87594,1.00,1.75
2017.08.04 12:22:06.005,0.87585,0.87594,1.12,1.50
2017.08.04 12:22:06.311,0.87583,0.87594,1.87,2.25
2017.08.04 12:22:06.847,0.87584,0.87592,1.00,1.00
2017.08.04 12:22:07.366,0.87584,0.87592,1.00,1.37
2017.08.04 12:22:07.905,0.87588,0.87593,1.00,1.12
2017.08.04 12:22:08.110,0.87593,0.876,1.00,2.25
2017.08.04 12:22:08.364,0.87594,0.87602,1.00,1.50
2017.08.04 12:22:09.291,0.87595,0.87603,1.00,2.25
2017.08.04 12:22:09.343,0.87597,0.87603,1.00,1.75
2017.08.04 12:22:09.648,0.87598,0.87606,1.87,2.62
2017.08.04 12:22:09.750,0.87602,0.87608,1.00,1.12
2017.08.04 12:22:10.162,0.87599,0.87608,1.50,1.12
2017.08.04 12:22:10.603,0.87601,0.87609,1.00,3.00
2017.08.04 12:22:10.908,0.87597,0.87607,1.50,1.37
2017.08.04 12:22:11.010,0.87597,0.87607,1.50,2.25
2017.08.04 12:22:11.061,0.87597,0.87604,1.00,1.00
2017.08.04 12:22:11.614,0.87596,0.87604,1.12,1.12
2017.08.04 12:22:12.646,0.87594,0.87603,1.12,1.00
2017.08.04 12:22:12.749,0.87596,0.87605,1.50,2.25
2017.08.04 12:22:13.262,0.87595,0.87604,1.00,1.37
2017.08.04 12:22:13.771,0.87596,0.87604,1.00,1.12
2017.08.04 12:22:14.614,0.87597,0.87605,1.00,1.50
2017.08.04 12:22:14.807,0.87595,0.87605,1.87,1.50
2017.08.04 12:22:14.909,0.87593,0.87602,1.12,1.00
2017.08.04 12:22:15.214,0.8759,0.876,1.87,1.12
2017.08.04 12:22:15.266,0.87588,0.87598,2.25,1.00
2017.08.04 12:22:15.572,0.87591,0.87601,1.00,3.00
2017.08.04 12:22:16.241,0.87592,0.87601,1.00,3.00
2017.08.04 12:22:16.445,0.87594,0.87604,1.00,1.37
2017.08.04 12:22:16.947,0.87593,0.87603,2.62,1.87
2017.08.04 12:22:17.049,0.87593,0.87602,1.37,1.87
2017.08.04 12:22:17.151,0.87592,0.87601,1.00,2.25
2017.08.04 12:22:18.139,0.87591,0.876,1.00,1.12
2017.08.04 12:22:18.444,0.87591,0.876,1.00,1.75
2017.08.04 12:22:18.598,0.87589,0.87598,1.12,1.12
2017.08.04 12:22:18.750,0.87589,0.87599,1.00,3.00
2017.08.04 12:22:19.277,0.8759,0.87599,1.00,4.12
2017.08.04 12:22:19.533,0.87591,0.87601,1.50,1.12
2017.08.04 12:22:20.043,0.87591,0.87601,2.62,1.00
2017.08.04 12:22:20.145,0.87591,0.876,1.12,1.12
2017.08.04 12:22:20.677,0.87591,0.876,1.87,1.50
2017.08.04 12:22:21.085,0.87593,0.87601,1.00,1.75
2017.08.04 12:22:21.594,0.87593,0.87602,2.25,1.37
2017.08.04 12:22:21.645,0.87593,0.87603,2.25,1.50
2017.08.04 12:22:23.404,0.87595,0.87603,1.00,1.50
2017.08.04 12:22:23.528,0.87593,0.87603,1.50,1.50
2017.08.04 12:22:23.681,0.87593,0.87603,1.50,3.00
2017.08.04 12:22:25.531,0.87591,0.87602,2.25,2.25
2017.08.04 12:22:25.837,0.87591,0.87599,1.12,1.50
2017.08.04 12:22:26.091,0.87592,0.87602,1.00,3.00
2017.08.04 12:22:26.489,0.87593,0.87603,1.50,1.50
2017.08.04 12:22:26.541,0.87597,0.87604,1.00,1.75
2017.08.04 12:22:26.795,0.87597,0.87607,1.87,2.25
2017.08.04 12:22:27.162,0.876,0.87608,1.00,2.25
2017.08.04 12:22:27.495,0.87601,0.87611,1.12,2.25
2017.08.04 12:22:28.359,0.876,0.8761,1.50,1.12
2017.08.04 12:22:28.957,0.87599,0.87607,1.50,1.00
2017.08.04 12:22:29.364,0.87597,0.87607,1.87,1.12
2017.08.04 12:22:29.876,0.87597,0.87607,1.00,1.50
2017.08.04 12:22:30.410,0.87597,0.87607,1.50,1.50
2017.08.04 12:22:30.992,0.87597,0.87606,1.50,1.00
2017.08.04 12:22:32.273,0.87598,0.87608,1.00,1.12
2017.08.04 12:22:32.506,0.87599,0.8761,1.12,2.62
2017.08.04 12:22:32.713,0.876,0.87611,1.87,1.12
2017.08.04 12:22:33.241,0.87602,0.87613,1.50,2.25
2017.08.04 12:22:33.573,0.87602,0.87612,4.50,1.00
2017.08.04 12:22:33.880,0.87602,0.8761,2.25,1.00
2017.08.04 12:22:33.983,0.876,0.8761,1.37,1.12
2017.08.04 12:22:34.525,0.876,0.87609,1.50,1.00
2017.08.04 12:22:35.170,0.87599,0.87608,1.12,1.00
2017.08.04 12:22:35.424,0.87598,0.87608,1.37,1.50
2017.08.04 12:22:36.022,0.87601,0.87609,1.00,1.50
2017.08.04 12:22:36.327,0.87604,0.87613,1.12,1.87
2017.08.04 12:22:36.874,0.87604,0.87614,1.37,1.12
2017.08.04 12:22:37.410,0.87607,0.87615,1.00,1.37
2017.08.04 12:22:38.235,0.87607,0.87617,1.12,1.12
2017.08.04 12:22:39.530,0.87608,0.87617,1.00,1.12
2017.08.04 12:22:39.860,0.87608,0.87617,1.00,1.87
2017.08.04 12:22:40.994,0.87608,0.87617,1.00,1.87
2017.08.04 12:22:41.718,0.87606,0.87614,1.87,1.00
2017.08.04 12:22:42.344,0.87607,0.87617,1.00,1.50
2017.08.04 12:22:42.884,0.87608,0.87617,1.12,1.87
2017.08.04 12:22:45.059,0.87607,0.87614,1.37,1.00
2017.08.04 12:22:45.212,0.87607,0.87616,1.00,3.37
2017.08.04 12:22:47.059,0.87608,0.87617,1.00,3.00
2017.08.04 12:22:48.192,0.87607,0.87616,1.50,1.12
2017.08.04 12:22:49.260,0.87608,0.87616,1.00,1.12
2017.08.04 12:22:50.317,0.87607,0.87616,1.00,1.12
2017.08.04 12:22:50.470,0.87606,0.87614,1.00,1.00
2017.08.04 12:22:50.799,0.87605,0.87616,2.62,1.50
2017.08.04 12:22:51.104,0.87605,0.87614,2.25,1.00
2017.08.04 12:22:51.617,0.87604,0.87613,2.25,1.00
2017.08.04 12:22:51.733,0.87604,0.87615,2.25,1.50
2017.08.04 12:22:51.836,0.87608,0.87617,1.00,1.12
2017.08.04 12:22:51.939,0.87609,0.87619,1.00,2.62
2017.08.04 12:22:52.479,0.87609,0.87619,1.50,1.12
2017.08.04 12:22:53.045,0.87609,0.87618,3.00,1.00
2017.08.04 12:22:53.595,0.87609,0.87619,2.62,1.12
2017.08.04 12:22:54.286,0.87611,0.8762,1.00,1.50
2017.08.04 12:22:54.795,0.87611,0.8762,1.12,1.00
2017.08.04 12:22:54.897,0.87613,0.87623,1.50,3.00
2017.08.04 12:22:55.221,0.87611,0.8762,1.87,1.00
2017.08.04 12:22:55.881,0.8761,0.87618,1.37,1.00
2017.08.04 12:22:56.062,0.8761,0.8762,1.37,1.00
2017.08.04 12:22:56.240,0.87609,0.87617,2.25,1.00
2017.08.04 12:22:56.818,0.87609,0.87618,2.25,1.00
2017.08.04 12:22:57.818,0.8761,0.8762,2.25,1.00
2017.08.04 12:22:59.752,0.87611,0.87621,1.12,1.50
2017.08.04 12:23:00.359,0.87613,0.87622,1.00,1.12
2017.08.04 12:23:00.666,0.87615,0.87624,1.37,1.00
2017.08.04 12:23:00.871,0.87617,0.87626,1.00,1.50
2017.08.04 12:23:00.973,0.87615,0.87626,1.12,1.87
2017.08.04 12:23:01.176,0.87619,0.87628,1.00,3.00
2017.08.04 12:23:01.280,0.8762,0.87629,1.00,1.00
2017.08.04 12:23:01.645,0.87619,0.87627,1.50,1.00
2017.08.04 12:23:01.849,0.87616,0.87626,1.37,2.25
2017.08.04 12:23:02.368,0.87615,0.87626,1.50,1.50
2017.08.04 12:23:02.732,0.87615,0.87623,1.50,1.00
2017.08.04 12:23:03.007,0.87616,0.87626,1.12,1.87
2017.08.04 12:23:03.829,0.87616,0.87624,1.12,1.00
2017.08.04 12:23:04.960,0.87614,0.87625,1.87,1.12
2017.08.04 12:23:05.112,0.87614,0.87625,1.50,1.50
2017.08.04 12:23:05.258,0.87616,0.87625,1.00,1.50
2017.08.04 12:23:05.798,0.87615,0.87624,1.87,1.87
2017.08.04 12:23:06.740,0.87614,0.87622,1.37,1.00
2017.08.04 12:23:06.994,0.87611,0.8762,1.50,1.00
2017.08.04 12:23:07.457,0.8761,0.87618,3.00,1.00
2017.08.04 12:23:07.779,0.87606,0.87615,1.75,1.00
2017.08.04 12:23:07.881,0.87606,0.87615,1.00,1.12
2017.08.04 12:23:08.338,0.87609,0.87617,1.00,3.00
2017.08.04 12:23:08.661,0.8761,0.8762,1.50,2.62
2017.08.04 12:23:08.712,0.8761,0.87622,2.25,2.25
2017.08.04 12:23:08.763,0.87611,0.87623,1.37,1.87
2017.08.04 12:23:08.814,0.87612,0.87623,1.00,1.87
2017.08.04 12:23:12.201,0.87612,0.87621,1.00,1.00
2017.08.04 12:23:12.734,0.87611,0.87622,1.87,2.25
2017.08.04 12:23:12.836,0.87611,0.87622,1.37,1.87
2017.08.04 12:23:13.344,0.87611,0.87622,1.87,1.87
2017.08.04 12:23:13.446,0.8761,0.87619,2.25,1.00
2017.08.04 12:23:13.700,0.87607,0.87618,2.25,1.50
2017.08.04 12:23:14.490,0.87608,0.87617,1.12,1.00
2017.08.04 12:23:14.816,0.87608,0.87615,1.12,1.00
2017.08.04 12:23:15.021,0.87604,0.87615,1.12,1.50
2017.08.04 12:23:15.951,0.87607,0.87616,1.00,1.75
2017.08.04 12:23:16.105,0.87607,0.87619,1.12,4.12
2017.08.04 12:23:16.207,0.87608,0.87618,1.50,1.50
2017.08.04 12:23:16.634,0.8761,0.87618,1.00,1.00
2017.08.04 12:23:17.682,0.87608,0.87618,3.00,1.00
2017.08.04 12:23:18.248,0.8761,0.87618,1.00,1.00
2017.08.04 12:23:18.790,0.87609,0.87618,1.87,1.50
2017.08.04 12:23:19.745,0.87609,0.87616,1.00,1.00
2017.08.04 12:23:19.797,0.87606,0.87614,1.50,1.00
2017.08.04 12:23:20.161,0.87604,0.87614,1.87,1.50
2017.08.04 12:23:20.662,0.87604,0.87612,1.50,1.00
2017.08.04 12:23:21.118,0.87603,0.87609,1.00,1.00
2017.08.04 12:23:21.221,0.87601,0.8761,1.00,1.12
2017.08.04 12:23:23.928,0.87602,0.8761,1.00,1.12
2017.08.04 12:23:25.652,0.87601,0.8761,1.50,1.12
2017.08.04 12:23:26.357,0.87601,0.87609,1.00,1.00
2017.08.04 12:23:26.902,0.87601,0.8761,1.50,1.12
2017.08.04 12:23:28.150,0.87605,0.87612,1.00,1.75
2017.08.04 12:23:28.303,0.87605,0.87615,1.00,1.50
2017.08.04 12:23:28.851,0.87606,0.87615,1.00,1.50
2017.08.04 12:23:29.599,0.87605,0.87615,1.50,1.50
2017.08.04 12:23:30.863,0.87606,0.87615,1.00,2.25
2017.08.04 12:23:31.453,0.87607,0.87616,1.00,1.75
2017.08.04 12:23:31.606,0.87607,0.87616,1.12,1.00
2017.08.04 12:23:32.132,0.87607,0.87617,1.87,1.00
2017.08.04 12:23:32.864,0.87607,0.87616,1.12,1.00
2017.08.04 12:23:33.067,0.87606,0.87616,1.87,1.87
2017.08.04 12:23:33.700,0.87606,0.87616,1.12,1.37
2017.08.04 12:23:34.597,0.87606,0.87616,1.12,1.00
2017.08.04 12:23:35.149,0.87606,0.87615,1.12,1.00
2017.08.04 12:23:35.472,0.87607,0.87617,1.50,1.12
2017.08.04 12:23:35.523,0.87609,0.87618,1.00,1.50
2017.08.04 12:23:37.580,0.87607,0.87615,1.50,1.00
2017.08.04 12:23:37.684,0.87606,0.87616,1.37,1.37
2017.08.04 12:23:38.193,0.87606,0.87614,1.00,1.00
2017.08.04 12:23:38.588,0.87609,0.87616,1.00,1.12
2017.08.04 12:23:38.639,0.87606,0.87616,1.87,1.12
2017.08.04 12:23:38.691,0.87605,0.87616,1.50,1.37
2017.08.04 12:23:39.209,0.87604,0.87614,1.00,1.50
2017.08.04 12:23:39.904,0.87604,0.87612,1.00,1.00
2017.08.04 12:23:39.956,0.87602,0.87611,1.12,1.00
2017.08.04 12:23:40.211,0.87602,0.87611,1.00,1.75
2017.08.04 12:23:41.329,0.876,0.8761,1.50,1.50
2017.08.04 12:23:42.903,0.87603,0.8761,1.00,1.50
2017.08.04 12:23:43.055,0.87603,0.87612,1.50,1.00
2017.08.04 12:23:43.577,0.87604,0.87612,1.00,1.00
2017.08.04 12:23:44.128,0.87605,0.87612,1.00,1.00
2017.08.04 12:23:45.125,0.87605,0.87614,1.00,1.87
2017.08.04 12:23:45.367,0.87609,0.87613,1.00,1.00
2017.08.04 12:23:45.622,0.87613,0.87623,1.00,1.75
2017.08.04 12:23:45.725,0.87613,0.87623,1.00,1.50
2017.08.04 12:23:45.928,0.87611,0.8762,1.12,1.00
2017.08.04 12:23:46.276,0.87604,0.87615,3.37,1.37
2017.08.04 12:23:46.327,0.87604,0.87614,1.50,1.00
2017.08.04 12:23:48.094,0.87606,0.87614,1.50,1.00
2017.08.04 12:23:48.299,0.87606,0.87618,2.62,1.87
2017.08.04 12:23:48.814,0.87608,0.87618,1.00,1.75
2017.08.04 12:23:48.916,0.87608,0.87618,1.00,1.50
2017.08.04 12:23:49.170,0.87606,0.87616,1.87,1.00
2017.08.04 12:23:50.198,0.87607,0.87617,1.00,1.00
2017.08.04 12:23:50.796,0.87607,0.87618,1.00,1.87
2017.08.04 12:23:51.128,0.87607,0.87616,1.00,1.00
2017.08.04 12:23:51.438,0.87604,0.87613,1.50,1.00
2017.08.04 12:23:51.643,0.87603,0.87613,1.00,1.50
2017.08.04 12:23:52.558,0.87603,0.87614,1.00,1.50
2017.08.04 12:23:53.364,0.87601,0.87614,2.62,3.00
2017.08.04 12:23:53.630,0.87601,0.87611,1.87,1.00
2017.08.04 12:23:53.935,0.87599,0.8761,1.50,1.50
2017.08.04 12:23:54.444,0.87598,0.87608,2.25,1.50
2017.08.04 12:23:55.170,0.876,0.87608,1.00,2.25
2017.08.04 12:23:55.470,0.87597,0.87607,1.12,1.12
2017.08.04 12:23:55.978,0.87598,0.87608,1.50,1.00
2017.08.04 12:23:56.529,0.87598,0.87609,1.50,1.87
2017.08.04 12:23:57.070,0.87598,0.87608,1.50,1.00
2017.08.04 12:23:57.324,0.87596,0.87607,1.12,1.12
2017.08.04 12:23:57.868,0.87597,0.87608,1.00,1.50
2017.08.04 12:23:58.275,0.87599,0.87609,1.00,1.50
2017.08.04 12:23:58.614,0.87604,0.87611,1.00,1.00
2017.08.04 12:23:58.716,0.87603,0.87615,1.50,1.87
2017.08.04 12:23:59.072,0.87602,0.87614,3.37,1.50
2017.08.04 12:23:59.123,0.87602,0.87612,2.25,1.00
2017.08.04 12:23:59.292,0.87604,0.87612,1.00,1.00
2017.08.04 12:23:59.829,0.87602,0.87612,2.25,1.00
2017.08.04 12:23:59.932,0.87603,0.87614,1.12,1.12
2017.08.04 12:24:00.034,0.87603,0.87614,1.00,1.75
2017.08.04 12:24:04.546,0.87607,0.87614,1.00,1.75
2017.08.04 12:24:04.904,0.87609,0.87617,1.00,1.37
2017.08.04 12:24:04.955,0.87609,0.87618,1.00,1.50
2017.08.04 12:24:05.163,0.87611,0.87618,1.00,1.50
2017.08.04 12:24:05.468,0.87613,0.87619,1.00,1.00
2017.08.04 12:24:05.874,0.87611,0.8762,1.00,1.12
2017.08.04 12:24:06.264,0.87611,0.87618,1.00,1.00
2017.08.04 12:24:06.871,0.8761,0.8762,1.12,1.50
2017.08.04 12:24:07.423,0.87614,0.87621,1.00,2.25
2017.08.04 12:24:07.526,0.87612,0.87622,1.50,4.12
2017.08.04 12:24:07.668,0.87611,0.8762,1.50,1.12
2017.08.04 12:24:08.179,0.87611,0.87622,1.87,2.25
2017.08.04 12:24:08.805,0.87612,0.87622,1.00,1.75
2017.08.04 12:24:08.992,0.87612,0.87622,1.50,1.00
2017.08.04 12:24:09.549,0.87613,0.87622,1.00,1.00
2017.08.04 12:24:10.060,0.87611,0.87622,4.12,1.00
2017.08.04 12:24:12.418,0.87614,0.87622,1.00,1.00
2017.08.04 12:24:13.107,0.87614,0.87625,2.62,1.50
2017.08.04 12:24:13.717,0.87614,0.87625,2.25,1.00
2017.08.04 12:24:14.289,0.87614,0.87625,1.87,2.25
2017.08.04 12:24:14.863,0.87614,0.87624,1.00,2.25
2017.08.04 12:24:15.371,0.87612,0.87623,3.00,1.12
2017.08.04 12:24:15.576,0.87612,0.87625,4.12,3.00
2017.08.04 12:24:16.084,0.87612,0.87623,1.87,1.37
2017.08.04 12:24:16.554,0.87615,0.87624,1.50,1.00
2017.08.04 12:24:17.177,0.87613,0.87623,1.75,1.00
2017.08.04 12:24:17.483,0.87615,0.87623,1.00,1.75
2017.08.04 12:24:17.841,0.87613,0.87623,1.50,1.75
2017.08.04 12:24:18.095,0.87614,0.87623,1.00,1.50
2017.08.04 12:24:19.999,0.87615,0.87623,1.00,1.00
2017.08.04 12:24:20.585,0.87614,0.87623,1.00,1.00
2017.08.04 12:24:20.739,0.87615,0.87625,1.00,1.12
2017.08.04 12:24:21.294,0.87615,0.87624,1.00,1.00
2017.08.04 12:24:21.396,0.87614,0.87622,1.12,1.00
2017.08.04 12:24:21.904,0.87616,0.87623,1.00,1.87
2017.08.04 12:24:22.006,0.87614,0.87622,1.00,1.50
2017.08.04 12:24:22.058,0.87612,0.8762,1.37,1.50
2017.08.04 12:24:22.211,0.87609,0.87618,1.00,1.87
2017.08.04 12:24:22.312,0.87609,0.87618,1.00,2.25
2017.08.04 12:24:22.366,0.87607,0.87618,1.00,2.25
2017.08.04 12:24:23.075,0.87607,0.87617,1.50,1.50
2017.08.04 12:24:23.572,0.87609,0.87617,1.00,1.12
2017.08.04 12:24:24.216,0.87609,0.87618,1.12,1.00
2017.08.04 12:24:25.106,0.87608,0.87618,1.00,1.12
2017.08.04 12:24:25.502,0.87607,0.87618,1.50,1.87
2017.08.04 12:24:25.808,0.87611,0.87616,1.00,1.00
2017.08.04 12:24:25.970,0.87609,0.87616,1.00,1.50
2017.08.04 12:24:26.175,0.87607,0.87615,1.00,1.00
2017.08.04 12:24:26.328,0.87607,0.87617,1.50,1.12
2017.08.04 12:24:26.379,0.87609,0.87618,1.00,2.25
2017.08.04 12:24:27.239,0.8761,0.87617,1.00,1.87
2017.08.04 12:24:27.291,0.87608,0.87617,1.00,1.12
2017.08.04 12:24:28.281,0.87608,0.87618,1.00,2.62
2017.08.04 12:24:28.791,0.87609,0.87618,1.00,1.87
2017.08.04 12:24:28.944,0.87607,0.87618,1.87,1.87
2017.08.04 12:24:31.350,0.87605,0.87613,1.50,1.00
2017.08.04 12:24:31.555,0.87602,0.87611,1.87,1.00
2017.08.04 12:24:31.759,0.87601,0.8761,1.00,1.50
2017.08.04 12:24:31.810,0.87599,0.87608,1.50,1.00
2017.08.04 12:24:32.196,0.87596,0.87606,1.87,1.00
2017.08.04 12:24:34.144,0.87595,0.87605,1.50,2.25
2017.08.04 12:24:34.450,0.87595,0.87602,1.00,1.12
2017.08.04 12:24:35.009,0.87593,0.87603,1.12,1.87
2017.08.04 12:24:36.032,0.87592,0.87601,1.00,1.37
2017.08.04 12:24:36.563,0.8759,0.876,1.00,2.62
2017.08.04 12:24:37.067,0.87589,0.87599,1.87,1.12
2017.08.04 12:24:37.749,0.87593,0.876,1.00,1.50
2017.08.04 12:24:37.801,0.87591,0.876,1.50,1.50
2017.08.04 12:24:37.903,0.87593,0.87601,1.00,1.75
2017.08.04 12:24:37.954,0.87593,0.87603,1.00,1.75
2017.08.04 12:24:39.148,0.87591,0.876,2.25,1.00
2017.08.04 12:24:39.664,0.8759,0.87599,1.00,1.87
2017.08.04 12:24:39.918,0.87594,0.87603,1.00,2.25
2017.08.04 12:24:40.427,0.87593,0.87602,1.00,1.37
2017.08.04 12:24:44.139,0.8759,0.87598,1.50,1.00
2017.08.04 12:24:44.292,0.87586,0.87596,2.25,1.00
2017.08.04 12:24:44.928,0.87585,0.87596,2.25,2.25
2017.08.04 12:24:45.477,0.87585,0.87596,1.50,1.87
2017.08.04 12:24:45.680,0.87585,0.87595,1.12,1.37
2017.08.04 12:24:48.372,0.8759,0.87597,1.00,3.37
2017.08.04 12:24:48.525,0.87597,0.87603,1.00,1.00
2017.08.04 12:24:49.174,0.87597,0.87604,1.00,1.12
2017.08.04 12:24:50.009,0.87597,0.87604,1.00,1.50
2017.08.04 12:24:50.438,0.87594,0.87603,1.50,1.00
2017.08.04 12:24:50.541,0.87593,0.87601,1.50,1.00
2017.08.04 12:24:50.694,0.87591,0.876,1.12,1.12
2017.08.04 12:24:51.301,0.87592,0.87601,1.00,2.25
2017.08.04 12:24:51.817,0.87593,0.876,1.00,1.12
2017.08.04 12:24:52.377,0.87593,0.876,1.00,1.50
2017.08.04 12:24:55.072,0.87592,0.87601,1.00,2.25
2017.08.04 12:24:56.653,0.87591,0.87598,1.00,1.00
2017.08.04 12:24:56.704,0.87588,0.87596,2.62,1.00
2017.08.04 12:24:56.967,0.87587,0.87597,1.00,1.75
2017.08.04 12:24:57.381,0.87585,0.87594,1.12,1.50
2017.08.04 12:24:57.534,0.87584,0.87592,1.00,1.00
2017.08.04 12:24:57.738,0.87584,0.87594,1.50,1.87
2017.08.04 12:24:58.699,0.87585,0.87594,1.00,1.87
2017.08.04 12:24:59.206,0.87584,0.87594,1.50,1.50
2017.08.04 12:24:59.915,0.87584,0.87594,1.50,1.12
2017.08.04 12:25:00.129,0.87586,0.87595,1.00,1.50
2017.08.04 12:25:01.837,0.87587,0.87595,1.00,1.50
2017.08.04 12:25:05.966,0.87586,0.87595,1.00,1.50
2017.08.04 12:25:06.489,0.87585,0.87595,1.12,1.50
2017.08.04 12:25:06.992,0.87585,0.87593,1.00,1.00
2017.08.04 12:25:07.305,0.87584,0.87591,1.00,1.50
2017.08.04 12:25:08.684,0.87585,0.87592,1.50,1.75
2017.08.04 12:25:08.839,0.87587,0.87594,1.50,1.00
2017.08.04 12:25:11.134,0.87585,0.87596,1.00,2.25
2017.08.04 12:25:12.408,0.87584,0.87593,1.12,1.50
2017.08.04 12:25:12.727,0.87586,0.87594,1.00,1.00
2017.08.04 12:25:12.829,0.87584,0.87593,1.50,1.00
2017.08.04 12:25:13.185,0.87586,0.87594,1.50,2.25
2017.08.04 12:25:13.237,0.87584,0.87594,1.12,1.12
2017.08.04 12:25:13.439,0.87583,0.87592,1.00,1.00
2017.08.04 12:25:13.828,0.87585,0.87591,1.50,1.00
2017.08.04 12:25:13.929,0.87585,0.87594,1.50,1.50
2017.08.04 12:25:14.437,0.87586,0.87594,1.00,1.50
2017.08.04 12:25:14.987,0.87586,0.87593,1.00,1.00
2017.08.04 12:25:15.947,0.87585,0.87593,1.00,1.00
2017.08.04 12:25:19.061,0.87584,0.87594,1.50,1.50
2017.08.04 12:25:19.264,0.87584,0.87592,1.00,1.00
2017.08.04 12:25:19.781,0.87585,0.87594,1.87,1.00
2017.08.04 12:25:20.340,0.87584,0.87593,1.50,1.00
2017.08.04 12:25:20.544,0.87582,0.87593,1.87,1.12
2017.08.04 12:25:20.595,0.87582,0.8759,1.87,1.00
2017.08.04 12:25:21.292,0.87582,0.87591,1.87,1.00
2017.08.04 12:25:21.967,0.87582,0.87591,1.50,1.50
2017.08.04 12:25:22.697,0.8758,0.8759,2.62,1.12
2017.08.04 12:25:23.280,0.8758,0.8759,1.50,1.37
2017.08.04 12:25:24.724,0.87579,0.87588,1.87,1.12
2017.08.04 12:25:25.232,0.8758,0.87589,1.00,1.00
2017.08.04 12:25:25.563,0.8758,0.87589,1.50,1.00
2017.08.04 12:25:25.856,0.8758,0.87589,1.50,1.00
2017.08.04 12:25:27.731,0.87579,0.87587,1.00,1.00
2017.08.04 12:25:27.784,0.87579,0.8759,1.12,1.00
2017.08.04 12:25:27.836,0.87581,0.87589,1.00,1.00
2017.08.04 12:25:27.888,0.87581,0.87591,1.00,1.00
2017.08.04 12:25:28.398,0.87582,0.87591,1.00,1.00
2017.08.04 12:25:28.798,0.87584,0.87592,1.00,1.00
2017.08.04 12:25:29.106,0.87588,0.87595,1.00,1.00
2017.08.04 12:25:29.715,0.87589,0.87596,1.00,1.00
2017.08.04 12:25:30.299,0.87588,0.87596,1.00,1.00
2017.08.04 12:25:30.821,0.87589,0.87596,1.00,1.00
2017.08.04 12:25:32.179,0.87595,0.87601,1.00,1.87
2017.08.04 12:25:32.433,0.87609,0.87616,1.00,1.12
2017.08.04 12:25:32.484,0.87609,0.87618,1.00,1.00
2017.08.04 12:25:32.637,0.87611,0.87621,1.50,1.87
2017.08.04 12:25:32.945,0.87615,0.87623,1.00,1.00
2017.08.04 12:25:33.460,0.87616,0.87623,1.00,1.00
2017.08.04 12:25:33.562,0.87614,0.87623,1.50,1.00
2017.08.04 12:25:34.092,0.87615,0.87623,1.00,1.00
2017.08.04 12:25:35.728,0.87618,0.87626,1.00,1.00
2017.08.04 12:25:36.730,0.87616,0.87624,1.50,1.00
2017.08.04 12:25:37.035,0.8761,0.87617,1.37,1.00
2017.08.04 12:25:37.086,0.8761,0.87617,1.00,1.00
2017.08.04 12:25:37.927,0.8761,0.87618,1.00,1.00
2017.08.04 12:25:38.493,0.8761,0.87619,1.00,1.00
2017.08.04 12:25:39.274,0.8761,0.87618,1.00,1.00
2017.08.04 12:25:40.374,0.8761,0.87619,1.00,1.00
2017.08.04 12:25:40.988,0.8761,0.87618,1.00,1.00
2017.08.04 12:25:41.363,0.87613,0.87622,1.00,1.12
2017.08.04 12:25:42.623,0.87613,0.87621,1.35,1.00
2017.08.04 12:25:44.634,0.8761,0.87619,2.25,1.00
2017.08.04 12:25:44.838,0.87609,0.87618,1.12,1.00
2017.08.04 12:25:46.484,0.87609,0.87618,1.75,1.00
2017.08.04 12:25:46.536,0.87614,0.87622,1.50,1.00
2017.08.04 12:25:46.689,0.87615,0.87624,1.00,1.00
2017.08.04 12:25:47.440,0.87615,0.87623,1.00,1.00
2017.08.04 12:25:47.491,0.87611,0.87619,2.25,1.00
2017.08.04 12:25:47.715,0.8761,0.87619,1.00,1.00
2017.08.04 12:25:48.134,0.87608,0.87618,1.12,1.00
2017.08.04 12:25:48.646,0.8761,0.87619,1.00,1.00
2017.08.04 12:25:49.168,0.87609,0.8762,1.50,1.00
2017.08.04 12:25:50.159,0.87609,0.87618,1.00,1.00
2017.08.04 12:25:50.418,0.87609,0.8762,1.00,1.00
2017.08.04 12:25:50.622,0.87609,0.87618,1.50,1.00
2017.08.04 12:25:52.285,0.87608,0.87618,1.50,1.00
2017.08.04 12:25:53.986,0.87608,0.87616,1.00,1.00
2017.08.04 12:25:54.326,0.87602,0.87612,1.50,1.12
2017.08.04 12:25:54.377,0.876,0.87612,1.50,1.50
2017.08.04 12:25:54.428,0.876,0.87612,1.87,1.12
2017.08.04 12:25:54.961,0.87601,0.87612,1.00,1.00
2017.08.04 12:25:55.154,0.87602,0.87612,1.87,1.00
2017.08.04 12:25:55.212,0.87604,0.87614,1.00,1.00
2017.08.04 12:25:55.812,0.87603,0.87614,2.25,1.00
2017.08.04 12:25:56.540,0.87605,0.87614,1.00,1.00
2017.08.04 12:25:56.946,0.87605,0.87616,1.00,1.00
2017.08.04 12:25:57.635,0.87606,0.87615,1.00,1.00
2017.08.04 12:26:00.115,0.87605,0.87615,1.50,1.00
2017.08.04 12:26:00.624,0.87607,0.87617,1.50,1.00
2017.08.04 12:26:00.929,0.8761,0.87619,1.50,1.00
2017.08.04 12:26:01.120,0.8761,0.87622,1.50,1.00
2017.08.04 12:26:01.535,0.8761,0.8762,2.25,1.00
2017.08.04 12:26:01.840,0.87609,0.87619,1.50,1.00
2017.08.04 12:26:01.891,0.87611,0.87621,1.00,1.00
2017.08.04 12:26:02.397,0.87611,0.87622,2.25,1.00
2017.08.04 12:26:02.916,0.87612,0.87622,1.00,1.00
2017.08.04 12:26:03.447,0.87612,0.87621,1.00,1.00
2017.08.04 12:26:03.989,0.87611,0.8762,3.37,1.00
2017.08.04 12:26:04.492,0.87611,0.87621,3.37,1.00
2017.08.04 12:26:06.333,0.87613,0.87621,1.00,1.00
2017.08.04 12:26:06.536,0.87611,0.87623,3.00,1.00
2017.08.04 12:26:06.587,0.87613,0.87623,1.00,1.00
2017.08.04 12:26:07.864,0.87613,0.87621,1.00,1.00
2017.08.04 12:26:08.514,0.87612,0.8762,1.00,1.00
2017.08.04 12:26:09.055,0.87611,0.87618,1.50,1.00
2017.08.04 12:26:09.396,0.87613,0.87619,1.00,1.00
2017.08.04 12:26:10.219,0.87612,0.87621,1.50,1.00
2017.08.04 12:26:13.174,0.87612,0.87619,1.00,1.00
2017.08.04 12:26:14.103,0.87611,0.87618,1.50,1.00
2017.08.04 12:26:14.669,0.8761,0.87618,1.00,1.00
2017.08.04 12:26:15.368,0.87609,0.87618,2.25,1.00
2017.08.04 12:26:16.779,0.87609,0.87617,1.12,1.00
2017.08.04 12:26:17.316,0.87609,0.87616,1.12,1.00
2017.08.04 12:26:17.847,0.87608,0.87615,1.50,1.00
2017.08.04 12:26:18.397,0.87607,0.87614,1.00,1.00
2017.08.04 12:26:19.323,0.87607,0.87611,1.00,1.00
2017.08.04 12:26:19.476,0.87602,0.87609,1.75,1.00
2017.08.04 12:26:19.577,0.87602,0.87609,1.12,1.00
2017.08.04 12:26:20.319,0.87603,0.87608,1.00,1.00
2017.08.04 12:26:20.624,0.87601,0.87608,1.12,1.00
2017.08.04 12:26:20.726,0.87599,0.87608,1.50,1.00
2017.08.04 12:26:21.255,0.87599,0.87606,1.50,1.00
2017.08.04 12:26:22.002,0.87601,0.87608,1.00,1.00
2017.08.04 12:26:22.947,0.87599,0.87606,1.87,1.00
2017.08.04 12:26:22.998,0.87599,0.87606,1.50,1.00
2017.08.04 12:26:23.750,0.87599,0.87607,1.87,1.00
2017.08.04 12:26:25.691,0.87601,0.87607,1.00,1.00
2017.08.04 12:26:26.566,0.87601,0.8761,2.25,1.00
2017.08.04 12:26:26.618,0.87608,0.87614,1.00,1.50
2017.08.04 12:26:26.873,0.87613,0.8762,1.12,1.00
2017.08.04 12:26:27.193,0.87615,0.87619,1.00,1.00
2017.08.04 12:26:27.563,0.87616,0.87621,1.12,1.00
2017.08.04 12:26:28.022,0.87616,0.87622,1.37,1.00
2017.08.04 12:26:29.156,0.87616,0.87623,2.25,1.00
2017.08.04 12:26:30.601,0.87616,0.87622,1.50,1.00
2017.08.04 12:26:32.213,0.87616,0.87621,1.50,1.00
2017.08.04 12:26:33.582,0.87616,0.87623,1.50,1.00
2017.08.04 12:26:33.992,0.87615,0.87621,1.75,1.00
2017.08.04 12:26:34.144,0.87614,0.87621,1.75,1.00
2017.08.04 12:26:34.744,0.87614,0.8762,1.37,1.00
2017.08.04 12:26:35.285,0.87614,0.87619,1.00,1.00
2017.08.04 12:26:35.387,0.87614,0.87621,1.00,1.00
2017.08.04 12:26:35.844,0.87613,0.87617,1.00,1.12
2017.08.04 12:26:36.156,0.87606,0.87613,1.50,1.00
2017.08.04 12:26:36.207,0.87606,0.87613,1.12,1.00
2017.08.04 12:26:36.309,0.87607,0.87616,1.00,1.00
2017.08.04 12:26:36.361,0.8761,0.87616,1.00,1.00
2017.08.04 12:26:36.769,0.8761,0.8762,1.50,1.00
2017.08.04 12:26:36.821,0.87615,0.87622,1.00,2.25
2017.08.04 12:26:36.974,0.87612,0.87622,1.00,1.00
2017.08.04 12:26:37.123,0.8761,0.87618,1.87,1.00
2017.08.04 12:26:37.377,0.87609,0.87618,1.00,1.00
2017.08.04 12:26:37.632,0.87611,0.87618,1.00,1.00
2017.08.04 12:26:38.139,0.87612,0.87619,1.00,1.00
2017.08.04 12:26:38.682,0.87613,0.87619,1.00,1.00
2017.08.04 12:26:38.733,0.87613,0.87621,1.00,1.00
2017.08.04 12:26:38.885,0.87613,0.87623,1.50,1.12
2017.08.04 12:26:38.937,0.87616,0.87623,1.00,1.12
2017.08.04 12:26:39.141,0.87617,0.87625,1.00,1.00
2017.08.04 12:26:39.861,0.87618,0.87626,1.00,1.00
2017.08.04 12:26:39.963,0.87617,0.87624,1.00,1.00
2017.08.04 12:26:41.205,0.87615,0.87621,1.00,1.00
2017.08.04 12:26:41.357,0.87613,0.87621,1.12,1.00
2017.08.04 12:26:41.459,0.87611,0.87617,1.12,1.00
2017.08.04 12:26:41.764,0.87608,0.87615,1.00,1.00
2017.08.04 12:26:42.121,0.87608,0.87613,1.00,1.00
2017.08.04 12:26:42.172,0.87606,0.87613,1.00,1.00
2017.08.04 12:26:42.224,0.87605,0.87611,1.12,1.00
2017.08.04 12:26:42.428,0.87604,0.87614,1.00,1.00
2017.08.04 12:26:42.530,0.87604,0.87611,1.00,1.00
2017.08.04 12:26:43.119,0.87604,0.87614,1.00,1.00
2017.08.04 12:26:43.221,0.87606,0.87614,1.00,1.00
2017.08.04 12:26:43.730,0.87605,0.87614,1.00,1.00
2017.08.04 12:26:44.176,0.87606,0.87617,1.00,1.37
2017.08.04 12:26:44.685,0.87608,0.87616,1.00,1.00
2017.08.04 12:26:45.224,0.87608,0.87618,1.00,1.37
2017.08.04 12:26:46.185,0.87609,0.87617,1.00,1.00
2017.08.04 12:26:46.462,0.8761,0.87619,1.00,1.12
2017.08.04 12:26:47.561,0.87612,0.87619,1.00,1.00
2017.08.04 12:26:47.809,0.8761,0.87619,1.00,1.00
2017.08.04 12:26:47.962,0.87612,0.87619,1.00,1.00
2017.08.04 12:26:48.478,0.87611,0.8762,3.00,1.00
2017.08.04 12:26:49.006,0.87612,0.87619,1.00,1.00
2017.08.04 12:26:49.660,0.87612,0.8762,1.00,1.00
2017.08.04 12:26:50.279,0.87612,0.87619,1.00,1.00
2017.08.04 12:26:51.314,0.87612,0.8762,1.00,1.00
2017.08.04 12:26:51.620,0.87614,0.87619,1.00,1.00
2017.08.04 12:26:52.342,0.87614,0.8762,1.00,1.00
2017.08.04 12:26:52.444,0.87612,0.8762,1.00,1.00
2017.08.04 12:26:52.902,0.87614,0.87619,1.00,1.00
2017.08.04 12:26:54.276,0.87614,0.8762,1.00,1.00
2017.08.04 12:26:54.328,0.87614,0.87623,1.00,1.00
2017.08.04 12:26:54.841,0.87615,0.87624,1.00,1.00
2017.08.04 12:26:55.254,0.87617,0.87626,1.00,1.37
2017.08.04 12:26:55.407,0.87618,0.87627,1.00,1.12
2017.08.04 12:26:55.459,0.87621,0.87627,1.00,1.00
2017.08.04 12:26:55.765,0.87624,0.87629,1.00,1.00
2017.08.04 12:26:56.279,0.87623,0.87629,1.00,1.00
2017.08.04 12:26:56.585,0.87625,0.87629,1.00,1.00
2017.08.04 12:26:56.686,0.87624,0.87632,1.00,1.87
2017.08.04 12:26:56.788,0.87627,0.87636,1.00,1.75
2017.08.04 12:26:56.890,0.8763,0.87638,1.50,1.12
2017.08.04 12:26:56.992,0.87632,0.87639,1.00,3.00
2017.08.04 12:26:57.542,0.87632,0.87638,1.00,1.12
2017.08.04 12:26:58.050,0.87631,0.87637,1.00,1.00
2017.08.04 12:26:58.586,0.87632,0.87636,1.00,1.00
2017.08.04 12:26:59.379,0.8763,0.87636,1.00,1.00
2017.08.04 12:26:59.892,0.87631,0.87636,1.00,1.00
2017.08.04 12:27:00.299,0.87632,0.87641,1.00,1.37
2017.08.04 12:27:00.350,0.87635,0.87642,1.00,1.50
2017.08.04 12:27:00.444,0.87636,0.87642,1.00,1.12
2017.08.04 12:27:00.496,0.87642,0.87649,1.00,1.12
2017.08.04 12:27:01.005,0.87642,0.87649,1.00,1.50
2017.08.04 12:27:01.057,0.87642,0.87646,1.00,1.12
2017.08.04 12:27:01.108,0.8764,0.87646,1.00,1.12
2017.08.04 12:27:01.616,0.87639,0.87646,1.00,1.12
2017.08.04 12:27:02.141,0.8764,0.87645,1.00,1.00
2017.08.04 12:27:02.695,0.87638,0.87644,1.00,1.12
2017.08.04 12:27:02.899,0.8764,0.87645,1.00,1.00
2017.08.04 12:27:03.001,0.87638,0.87645,1.00,1.00
2017.08.04 12:27:03.511,0.87639,0.87645,1.00,1.00
2017.08.04 12:27:03.848,0.87634,0.87646,7.72,1.00
2017.08.04 12:27:03.900,0.87635,0.87644,1.35,1.00
2017.08.04 12:27:04.408,0.87634,0.87644,1.00,1.00
2017.08.04 12:27:04.937,0.87633,0.87643,1.00,1.00
2017.08.04 12:27:05.581,0.87632,0.87643,2.10,1.00
2017.08.04 12:27:06.499,0.87632,0.87642,4.72,1.00
2017.08.04 12:27:07.016,0.87632,0.87641,4.72,1.00
2017.08.04 12:27:07.324,0.87634,0.87642,3.37,1.00
2017.08.04 12:27:08.135,0.87634,0.87643,3.37,1.00
2017.08.04 12:27:08.647,0.87635,0.87643,3.75,1.00
2017.08.04 12:27:09.252,0.87634,0.87643,3.75,1.00
2017.08.04 12:27:09.772,0.87635,0.87644,3.75,1.00
2017.08.04 12:27:10.672,0.87636,0.87644,1.00,1.00
2017.08.04 12:27:11.824,0.87635,0.87646,1.50,1.00
2017.08.04 12:27:12.145,0.87638,0.87646,1.00,1.00
2017.08.04 12:27:12.248,0.87642,0.87653,1.00,1.75
2017.08.04 12:27:12.783,0.87642,0.87652,1.00,1.00
2017.08.04 12:27:16.977,0.87641,0.8765,3.75,1.00
2017.08.04 12:27:17.180,0.87638,0.87649,1.12,1.00
2017.08.04 12:27:18.135,0.87642,0.87651,1.00,1.00
2017.08.04 12:27:18.719,0.87642,0.8765,1.00,1.00
2017.08.04 12:27:21.046,0.87642,0.87651,1.00,1.00
2017.08.04 12:27:21.614,0.87643,0.87651,1.00,1.00
2017.08.04 12:27:21.665,0.87642,0.87653,1.50,1.00
2017.08.04 12:27:22.188,0.87642,0.87652,1.00,1.00
2017.08.04 12:27:22.874,0.87642,0.87651,1.00,1.00
2017.08.04 12:27:23.842,0.87641,0.87651,1.00,1.00
2017.08.04 12:27:25.788,0.87641,0.87652,1.35,1.00
2017.08.04 12:27:25.839,0.87643,0.87653,1.00,1.00
2017.08.04 12:27:26.350,0.87642,0.87652,1.00,1.00
2017.08.04 12:27:27.191,0.8764,0.87652,1.00,1.00
2017.08.04 12:27:27.963,0.87641,0.87652,2.14,1.00
2017.08.04 12:27:28.065,0.87645,0.87655,1.00,1.50
2017.08.04 12:27:28.584,0.87644,0.87653,1.00,1.00
2017.08.04 12:27:29.491,0.87644,0.87652,1.00,1.00
2017.08.04 12:27:30.003,0.87645,0.87653,1.00,1.00
2017.08.04 12:27:30.106,0.87641,0.8765,1.72,1.00
2017.08.04 12:27:30.157,0.87639,0.87648,1.50,1.00
2017.08.04 12:27:30.361,0.87636,0.87646,1.00,1.00
2017.08.04 12:27:31.138,0.87637,0.87644,1.00,1.00
2017.08.04 12:27:32.127,0.87635,0.87645,1.34,1.00
2017.08.04 12:27:34.661,0.87633,0.87642,1.59,1.00
2017.08.04 12:27:34.813,0.87631,0.8764,3.44,1.00
2017.08.04 12:27:35.017,0.87633,0.87642,1.00,1.00
2017.08.04 12:27:35.734,0.87634,0.87643,1.00,1.00
2017.08.04 12:27:36.238,0.87633,0.87642,1.34,1.00
2017.08.04 12:27:36.811,0.87633,0.87643,1.34,1.00
2017.08.04 12:27:37.582,0.87633,0.8764,1.00,1.00
2017.08.04 12:27:37.930,0.8763,0.87634,1.00,1.00
2017.08.04 12:27:37.981,0.87631,0.87637,1.00,1.37
2017.08.04 12:27:38.388,0.87631,0.87639,1.00,1.00
2017.08.04 12:27:38.659,0.87631,0.87637,1.00,1.00
2017.08.04 12:27:39.194,0.87627,0.87638,1.00,1.00
2017.08.04 12:27:39.800,0.87627,0.87639,1.00,1.00
2017.08.04 12:27:40.243,0.87629,0.87639,2.10,1.00
2017.08.04 12:27:40.762,0.8763,0.8764,1.00,1.00
2017.08.04 12:27:41.848,0.8763,0.87642,1.00,1.00
2017.08.04 12:27:42.708,0.87633,0.87641,1.00,1.00
2017.08.04 12:27:42.931,0.87631,0.87642,1.00,1.00
2017.08.04 12:27:43.078,0.87631,0.87642,1.32,1.00
2017.08.04 12:27:43.393,0.87632,0.87644,1.67,1.12
2017.08.04 12:27:43.496,0.87633,0.87646,2.95,1.75
2017.08.04 12:27:43.649,0.87633,0.87646,2.95,1.00
2017.08.04 12:27:44.220,0.87633,0.87645,2.20,1.00
2017.08.04 12:27:44.514,0.87633,0.87643,2.20,1.00
2017.08.04 12:27:45.216,0.87634,0.87643,1.07,1.00
2017.08.04 12:27:45.878,0.87634,0.87644,1.07,1.00
2017.08.04 12:27:46.185,0.8764,0.87652,1.00,1.12
2017.08.04 12:27:46.287,0.8764,0.8765,2.20,1.00
2017.08.04 12:27:46.597,0.87643,0.87653,4.30,1.00
2017.08.04 12:27:47.147,0.87644,0.87653,1.00,1.00
2017.08.04 12:27:47.541,0.87644,0.87655,1.00,1.00
2017.08.04 12:27:48.442,0.87647,0.87655,1.45,1.00
2017.08.04 12:27:48.750,0.87648,0.87656,2.10,1.00
2017.08.04 12:27:49.046,0.8765,0.87658,3.55,1.00
2017.08.04 12:27:49.611,0.8765,0.8766,2.42,1.00
2017.08.04 12:27:49.713,0.87654,0.87661,1.35,1.00
2017.08.04 12:27:49.815,0.8765,0.8766,1.07,1.12
2017.08.04 12:27:50.302,0.87653,0.87661,1.82,3.00
2017.08.04 12:27:50.609,0.8765,0.87659,1.00,1.00
2017.08.04 12:27:50.660,0.87649,0.87661,1.07,2.25
2017.08.04 12:27:50.864,0.87649,0.87659,1.07,1.00
2017.08.04 12:27:51.171,0.87654,0.87661,2.42,1.12
2017.08.04 12:27:51.354,0.8765,0.87658,1.00,1.12
2017.08.04 12:27:51.456,0.87647,0.87657,1.82,1.00
2017.08.04 12:27:51.914,0.87651,0.87659,1.00,1.50
2017.08.04 12:27:52.017,0.87651,0.87661,1.00,1.50
2017.08.04 12:27:52.567,0.87651,0.8766,1.00,1.00
2017.08.04 12:27:52.847,0.87651,0.87662,1.00,2.62
2017.08.04 12:27:52.899,0.87653,0.87662,1.00,1.50
2017.08.04 12:27:53.843,0.87652,0.87661,1.00,1.00
2017.08.04 12:27:54.372,0.87653,0.87662,1.00,1.00
2017.08.04 12:27:54.525,0.87654,0.87664,1.00,1.12
2017.08.04 12:27:54.576,0.87656,0.87665,1.00,1.50
2017.08.04 12:27:54.967,0.87656,0.87666,1.07,1.00
2017.08.04 12:27:55.871,0.87656,0.87665,1.00,1.00
2017.08.04 12:27:56.489,0.87653,0.87663,2.25,1.00
2017.08.04 12:27:56.795,0.87651,0.87661,1.00,1.00
2017.08.04 12:27:57.100,0.8765,0.87659,1.00,1.00
2017.08.04 12:27:58.174,0.8765,0.8766,1.00,1.00
2017.08.04 12:27:59.296,0.8765,0.87658,1.00,1.00
2017.08.04 12:27:59.935,0.87649,0.87658,1.12,1.00
2017.08.04 12:28:00.087,0.8765,0.8766,1.00,1.00
2017.08.04 12:28:00.138,0.87649,0.87658,1.12,1.00
2017.08.04 12:28:00.291,0.87651,0.87662,1.00,1.00
2017.08.04 12:28:00.343,0.87654,0.87663,1.00,1.00
2017.08.04 12:28:00.445,0.87651,0.87662,1.35,1.00
2017.08.04 12:28:00.721,0.87652,0.87664,1.00,1.00
2017.08.04 12:28:00.925,0.87651,0.87661,1.00,1.00
2017.08.04 12:28:01.131,0.87649,0.8766,1.00,1.00
2017.08.04 12:28:01.184,0.87651,0.87662,1.00,1.00
2017.08.04 12:28:01.491,0.87651,0.8766,1.00,1.00
2017.08.04 12:28:02.688,0.87652,0.87661,1.00,1.00
2017.08.04 12:28:02.790,0.87651,0.87663,1.00,1.00
2017.08.04 12:28:03.426,0.8765,0.87661,1.00,1.00
2017.08.04 12:28:03.955,0.8765,0.8766,1.00,1.00
2017.08.04 12:28:04.544,0.87649,0.8766,1.00,1.00
2017.08.04 12:28:05.255,0.8765,0.87661,1.00,1.00
2017.08.04 12:28:05.896,0.87651,0.87662,1.00,1.00
2017.08.04 12:28:06.201,0.87649,0.8766,1.50,1.00
2017.08.04 12:28:06.697,0.87651,0.8766,1.00,1.00
2017.08.04 12:28:07.002,0.87649,0.8766,1.07,1.00
2017.08.04 12:28:07.584,0.8765,0.87661,1.00,1.00
2017.08.04 12:28:07.636,0.8765,0.87663,1.00,1.00
2017.08.04 12:28:07.687,0.8765,0.87661,1.00,1.00
2017.08.04 12:28:10.073,0.8765,0.8766,1.00,1.00
2017.08.04 12:28:10.595,0.87651,0.8766,1.00,1.00
2017.08.04 12:28:10.827,0.87654,0.87666,1.00,1.87
2017.08.04 12:28:10.930,0.87657,0.87666,1.00,1.00
2017.08.04 12:28:11.185,0.87654,0.87665,1.00,1.00
2017.08.04 12:28:11.777,0.87656,0.87667,1.00,1.37
2017.08.04 12:28:11.930,0.87658,0.87669,1.00,1.12
2017.08.04 12:28:12.119,0.87662,0.87671,1.00,1.00
2017.08.04 12:28:12.826,0.87662,0.87673,1.00,1.00
2017.08.04 12:28:13.227,0.87664,0.87673,1.00,1.00
2017.08.04 12:28:13.736,0.87663,0.87673,1.00,1.00
2017.08.04 12:28:13.890,0.87663,0.87675,1.00,1.12
2017.08.04 12:28:14.288,0.87665,0.87676,1.00,1.50
2017.08.04 12:28:15.092,0.87666,0.87676,1.00,1.50
2017.08.04 12:28:15.760,0.87664,0.87672,1.00,1.50
2017.08.04 12:28:15.812,0.87662,0.87671,1.00,1.00
2017.08.04 12:28:16.334,0.87661,0.87671,1.00,1.00
2017.08.04 12:28:16.854,0.87661,0.87673,1.00,1.00
2017.08.04 12:28:17.812,0.87662,0.87673,1.00,1.00
2017.08.04 12:28:18.613,0.87662,0.87672,1.00,1.50
2017.08.04 12:28:19.201,0.87662,0.87671,1.00,1.00
2017.08.04 12:28:19.253,0.8766,0.8767,1.00,1.00
2017.08.04 12:28:19.355,0.87659,0.87668,1.00,1.00
2017.08.04 12:28:19.406,0.87656,0.87666,1.50,1.50
2017.08.04 12:28:19.508,0.87656,0.87664,1.00,1.00
2017.08.04 12:28:19.712,0.87656,0.87666,1.00,1.00
2017.08.04 12:28:20.221,0.87656,0.87665,1.00,1.00
2017.08.04 12:28:20.733,0.87655,0.87663,1.00,1.00
2017.08.04 12:28:21.241,0.87655,0.87664,1.00,1.50
2017.08.04 12:28:21.778,0.87656,0.87665,1.00,1.00
2017.08.04 12:28:22.085,0.87649,0.8766,1.75,1.12
2017.08.04 12:28:22.136,0.87647,0.87659,1.50,1.50
2017.08.04 12:28:22.187,0.87647,0.87657,1.00,1.00
2017.08.04 12:28:22.492,0.87644,0.87654,1.00,1.00
2017.08.04 12:28:22.852,0.87644,0.87651,1.00,1.00
2017.08.04 12:28:23.005,0.87642,0.87651,1.00,1.00
2017.08.04 12:28:23.057,0.87642,0.87653,1.00,1.50
2017.08.04 12:28:23.209,0.87642,0.87649,1.00,1.00
2017.08.04 12:28:23.362,0.87642,0.87653,1.00,1.00
2017.08.04 12:28:23.892,0.87643,0.87653,1.00,1.00
2017.08.04 12:28:24.147,0.87641,0.87651,1.00,1.00
2017.08.04 12:28:24.659,0.87642,0.87651,1.00,1.00
2017.08.04 12:28:25.375,0.87641,0.87651,1.00,1.00
2017.08.04 12:28:25.890,0.87641,0.8765,1.00,1.00
2017.08.04 12:28:26.196,0.87643,0.87651,1.00,1.00
2017.08.04 12:28:26.744,0.87642,0.87651,1.00,1.00
2017.08.04 12:28:27.357,0.87643,0.87651,1.00,1.00
2017.08.04 12:28:27.970,0.87642,0.87651,1.00,1.00
2017.08.04 12:28:28.888,0.87642,0.87653,1.00,1.50
2017.08.04 12:28:29.434,0.87645,0.87652,1.00,1.00
2017.08.04 12:28:29.587,0.87645,0.87655,1.00,1.00
2017.08.04 12:28:29.946,0.87645,0.87653,1.00,1.00
2017.08.04 12:28:30.271,0.87646,0.87655,1.00,1.00
2017.08.04 12:28:30.793,0.87645,0.87654,1.00,1.00
2017.08.04 12:28:31.334,0.87644,0.87654,1.00,1.00
2017.08.04 12:28:31.540,0.87644,0.8765,1.00,1.00
2017.08.04 12:28:31.591,0.8764,0.87651,1.50,1.00
2017.08.04 12:28:31.643,0.8764,0.87649,1.50,1.00
2017.08.04 12:28:31.847,0.87639,0.87649,1.00,1.00
2017.08.04 12:28:32.158,0.87636,0.87649,1.37,1.00
2017.08.04 12:28:32.260,0.87635,0.87646,2.25,1.00
2017.08.04 12:28:32.464,0.87634,0.87645,1.50,1.00
2017.08.04 12:28:32.515,0.87634,0.87648,1.50,1.00
2017.08.04 12:28:33.166,0.87635,0.87647,1.00,1.00
2017.08.04 12:28:33.218,0.87636,0.87649,1.00,1.00
2017.08.04 12:28:33.321,0.87636,0.87647,1.00,1.00
2017.08.04 12:28:33.373,0.87634,0.87647,1.00,1.50
2017.08.04 12:28:33.881,0.87634,0.87648,1.00,1.00
2017.08.04 12:28:34.534,0.87634,0.87649,1.87,1.00
2017.08.04 12:28:34.962,0.87636,0.8765,1.00,1.50
2017.08.04 12:28:35.271,0.87636,0.87648,1.00,1.00
2017.08.04 12:28:35.809,0.87634,0.87649,1.50,1.00
2017.08.04 12:28:36.333,0.87636,0.8765,1.00,1.00
2017.08.04 12:28:36.951,0.87636,0.87651,1.12,1.50
2017.08.04 12:28:38.274,0.87637,0.87651,1.00,1.00
2017.08.04 12:28:38.782,0.87636,0.87652,1.12,1.00
2017.08.04 12:28:39.296,0.87637,0.87652,1.00,1.00
2017.08.04 12:28:40.213,0.87638,0.87652,1.00,1.00
2017.08.04 12:28:40.721,0.87637,0.87651,1.00,1.00
2017.08.04 12:28:41.350,0.87639,0.87651,1.00,1.00
2017.08.04 12:28:41.656,0.87638,0.87653,1.00,1.00
2017.08.04 12:28:42.195,0.87638,0.87652,1.00,1.00
2017.08.04 12:28:42.706,0.87637,0.87651,1.00,1.00
2017.08.04 12:28:43.838,0.87635,0.8765,1.12,1.50
2017.08.04 12:28:44.356,0.87635,0.87649,1.50,1.00
2017.08.04 12:28:44.817,0.87635,0.87651,1.50,1.00
2017.08.04 12:28:45.238,0.87636,0.87649,1.00,1.00
2017.08.04 12:28:45.726,0.87635,0.87651,1.00,1.00
2017.08.04 12:28:45.777,0.87637,0.87649,1.00,1.00
2017.08.04 12:28:45.828,0.87636,0.87651,1.00,1.50
2017.08.04 12:28:46.530,0.87643,0.87653,1.00,1.50
2017.08.04 12:28:46.683,0.87648,0.8766,1.00,1.00
2017.08.04 12:28:46.735,0.87648,0.87665,1.00,2.25
2017.08.04 12:28:46.786,0.87648,0.87665,1.12,1.87
2017.08.04 12:28:47.041,0.8765,0.87665,1.00,2.25
2017.08.04 12:28:47.914,0.87651,0.87663,1.00,1.00
2017.08.04 12:28:48.118,0.87648,0.87665,1.00,2.25
2017.08.04 12:28:48.413,0.8765,0.87663,1.00,1.00
2017.08.04 12:28:48.516,0.87648,0.87664,1.12,1.50
2017.08.04 12:28:49.028,0.87649,0.87663,1.00,1.50
2017.08.04 12:28:49.130,0.8765,0.87665,1.00,1.12
2017.08.04 12:28:49.283,0.8765,0.87665,3.00,1.00
2017.08.04 12:28:49.667,0.8765,0.87662,2.25,1.00
2017.08.04 12:28:49.820,0.8765,0.87662,1.00,1.00
2017.08.04 12:28:50.328,0.8765,0.87663,1.00,1.00
2017.08.04 12:28:50.430,0.87649,0.87661,1.12,1.00
2017.08.04 12:28:50.583,0.87645,0.8766,1.00,1.00
2017.08.04 12:28:50.823,0.87643,0.87656,1.50,1.00
2017.08.04 12:28:50.874,0.87643,0.87658,1.00,1.50
2017.08.04 12:28:50.977,0.87643,0.8766,1.50,1.00
2017.08.04 12:28:51.029,0.87644,0.8766,1.12,1.00
2017.08.04 12:28:51.080,0.87643,0.87658,2.25,1.00
2017.08.04 12:28:51.640,0.87643,0.87659,1.50,1.12
2017.08.04 12:28:52.149,0.87644,0.87658,1.50,1.00
2017.08.04 12:28:52.660,0.87643,0.87659,2.25,1.00
2017.08.04 12:28:52.865,0.87643,0.87656,1.00,1.00
2017.08.04 12:28:53.095,0.87641,0.87658,1.00,1.87
2017.08.04 12:28:53.299,0.87642,0.87659,1.50,2.25
2017.08.04 12:28:53.605,0.87647,0.87661,1.00,1.00
2017.08.04 12:28:54.117,0.87646,0.87663,1.00,1.87
2017.08.04 12:28:54.220,0.87646,0.8766,1.50,1.00
2017.08.04 12:28:54.272,0.87645,0.87662,2.25,1.00
2017.08.04 12:28:54.526,0.87645,0.87662,1.87,2.25
2017.08.04 12:28:55.033,0.87645,0.87661,1.12,1.50
2017.08.04 12:28:55.085,0.87645,0.87661,1.00,3.75
2017.08.04 12:28:55.593,0.87646,0.8766,1.00,1.12
2017.08.04 12:28:55.695,0.87643,0.87661,1.37,1.87
2017.08.04 12:28:55.797,0.87647,0.8766,1.00,1.50
2017.08.04 12:28:56.037,0.87645,0.87661,1.00,1.87
2017.08.04 12:28:56.445,0.87647,0.87661,1.00,1.00
2017.08.04 12:28:57.088,0.87645,0.87661,1.37,1.50
2017.08.04 12:28:57.408,0.87644,0.87661,2.62,1.00
2017.08.04 12:28:57.562,0.87644,0.87659,1.12,1.00
2017.08.04 12:28:58.002,0.87646,0.8766,1.00,1.00
2017.08.04 12:28:58.408,0.87647,0.87662,1.00,1.87
2017.08.04 12:28:59.204,0.87646,0.8766,1.12,1.00
2017.08.04 12:28:59.307,0.87647,0.87662,1.00,1.12
2017.08.04 12:28:59.409,0.87647,0.87664,1.50,1.00
2017.08.04 12:28:59.511,0.87647,0.87665,2.62,1.12
2017.08.04 12:29:00.101,0.87648,0.87665,1.12,1.12
2017.08.04 12:29:00.644,0.8765,0.87667,1.00,2.25
2017.08.04 12:29:00.848,0.8765,0.87667,1.37,1.87
2017.08.04 12:29:01.397,0.8765,0.87666,1.00,1.12
2017.08.04 12:29:01.668,0.87651,0.87664,1.00,1.00
2017.08.04 12:29:01.720,0.87647,0.87663,2.25,1.00
2017.08.04 12:29:01.924,0.87651,0.87667,1.00,1.50
2017.08.04 12:29:02.026,0.87652,0.87668,1.12,1.87
2017.08.04 12:29:02.129,0.87654,0.8767,1.00,1.50
2017.08.04 12:29:02.232,0.87654,0.8767,1.00,1.12
2017.08.04 12:29:02.335,0.87652,0.8767,1.12,1.87
2017.08.04 12:29:02.850,0.87652,0.87669,1.00,1.12
2017.08.04 12:29:03.384,0.87652,0.87668,1.00,1.00
2017.08.04 12:29:03.504,0.87652,0.87666,1.00,1.00
2017.08.04 12:29:03.760,0.8765,0.87665,1.00,1.50
2017.08.04 12:29:03.812,0.8765,0.87665,1.00,1.87
2017.08.04 12:29:04.323,0.87649,0.87665,1.00,1.87
2017.08.04 12:29:04.863,0.87648,0.87663,1.00,1.00
2017.08.04 12:29:05.390,0.87647,0.87663,1.00,1.50
2017.08.04 12:29:05.891,0.87648,0.87663,1.00,1.00
2017.08.04 12:29:06.247,0.87647,0.87665,2.25,1.00
2017.08.04 12:29:07.079,0.87648,0.87666,1.87,1.12
2017.08.04 12:29:07.232,0.87648,0.87664,1.12,1.00
2017.08.04 12:29:07.538,0.87647,0.87663,1.00,1.50
2017.08.04 12:29:08.062,0.87647,0.87661,1.00,1.00
2017.08.04 12:29:08.571,0.87647,0.87664,1.00,2.25
2017.08.04 12:29:08.775,0.87643,0.87664,2.25,2.25
2017.08.04 12:29:09.387,0.87643,0.87661,2.25,1.00
2017.08.04 12:29:09.897,0.87641,0.87662,2.25,2.25
2017.08.04 12:29:11.678,0.87641,0.8766,1.00,1.00
2017.08.04 12:29:12.515,0.87642,0.87659,1.00,1.00
2017.08.04 12:29:12.616,0.87642,0.87662,1.00,1.00
2017.08.04 12:29:12.937,0.87642,0.87665,1.00,1.00
2017.08.04 12:29:12.989,0.87644,0.87666,1.00,1.00
2017.08.04 12:29:13.295,0.87649,0.87666,1.00,1.00
2017.08.04 12:29:13.347,0.87647,0.87666,1.50,1.00
2017.08.04 12:29:13.755,0.87647,0.87663,1.50,1.00
2017.08.04 12:29:14.261,0.87647,0.87665,1.00,1.00
2017.08.04 12:29:14.363,0.87645,0.87664,1.00,1.00
2017.08.04 12:29:14.698,0.87644,0.87662,1.00,1.00
2017.08.04 12:29:14.753,0.87644,0.87664,1.00,1.00
2017.08.04 12:29:14.855,0.87642,0.87663,1.00,1.00
2017.08.04 12:29:14.907,0.87653,0.87668,1.00,1.00
2017.08.04 12:29:14.959,0.87652,0.87672,1.00,1.00
2017.08.04 12:29:15.011,0.87655,0.87678,1.00,1.00
2017.08.04 12:29:15.153,0.87657,0.8768,1.50,1.00
2017.08.04 12:29:15.464,0.87654,0.87674,1.00,1.00
2017.08.04 12:29:15.516,0.87655,0.87676,1.00,1.00
2017.08.04 12:29:15.771,0.87653,0.87675,1.50,1.00
2017.08.04 12:29:16.167,0.87659,0.8768,1.00,1.00
2017.08.04 12:29:16.473,0.87661,0.87679,1.00,1.00
2017.08.04 12:29:16.846,0.87664,0.8768,1.00,1.00
2017.08.04 12:29:16.992,0.87662,0.87681,1.00,1.00
2017.08.04 12:29:17.146,0.8766,0.87682,1.00,1.50
2017.08.04 12:29:17.606,0.87659,0.87677,1.00,1.00
2017.08.04 12:29:17.962,0.87659,0.87681,1.50,1.00
2017.08.04 12:29:18.014,0.87658,0.87676,1.00,1.00
2017.08.04 12:29:18.066,0.87653,0.87674,1.00,1.00
2017.08.04 12:29:18.422,0.87651,0.87674,1.00,1.50
2017.08.04 12:29:18.640,0.87652,0.87676,1.00,1.00
2017.08.04 12:29:18.692,0.87653,0.87674,1.00,1.00
2017.08.04 12:29:19.197,0.87653,0.87673,1.00,1.00
2017.08.04 12:29:19.249,0.87653,0.87676,1.50,1.00
2017.08.04 12:29:19.351,0.87654,0.87674,1.00,1.00
2017.08.04 12:29:19.860,0.87656,0.87675,1.00,1.00
2017.08.04 12:29:20.105,0.87654,0.87674,1.00,1.00
2017.08.04 12:29:20.620,0.87653,0.87674,1.50,1.00
2017.08.04 12:29:20.825,0.87654,0.87677,1.00,1.50
2017.08.04 12:29:21.027,0.87657,0.87677,1.00,1.00
2017.08.04 12:29:21.443,0.87657,0.87675,1.00,1.00
2017.08.04 12:29:21.547,0.87655,0.87675,1.50,1.00
2017.08.04 12:29:22.097,0.87655,0.87674,1.50,1.00
2017.08.04 12:29:22.638,0.87656,0.87675,1.00,1.00
2017.08.04 12:29:23.152,0.87655,0.87677,1.50,1.00
2017.08.04 12:29:23.767,0.87657,0.87681,1.00,1.00
2017.08.04 12:29:23.871,0.8766,0.8768,1.00,1.00
2017.08.04 12:29:24.381,0.87659,0.8768,1.00,1.00
2017.08.04 12:29:24.722,0.87665,0.8768,1.00,1.00
2017.08.04 12:29:24.774,0.87666,0.87686,1.00,1.00
2017.08.04 12:29:24.928,0.87665,0.87683,1.00,1.00
2017.08.04 12:29:25.082,0.87661,0.87684,1.00,1.00
2017.08.04 12:29:25.337,0.87661,0.87682,1.00,1.00
2017.08.04 12:29:25.751,0.87662,0.8768,1.00,1.00
2017.08.04 12:29:25.955,0.87663,0.87682,1.00,1.00
2017.08.04 12:29:26.007,0.87663,0.8768,1.00,1.00
2017.08.04 12:29:26.160,0.87661,0.8768,1.00,1.00
2017.08.04 12:29:26.516,0.8766,0.87682,1.00,1.00
2017.08.04 12:29:26.724,0.87661,0.87679,1.00,1.00
2017.08.04 12:29:27.232,0.8766,0.87681,1.00,1.00
2017.08.04 12:29:27.644,0.87662,0.87682,1.00,1.50
2017.08.04 12:29:28.159,0.87661,0.87683,1.50,1.00
2017.08.04 12:29:28.905,0.87662,0.87683,1.50,1.00
2017.08.04 12:29:29.417,0.87662,0.87684,1.00,1.50
2017.08.04 12:29:29.468,0.87662,0.87686,1.00,3.00
2017.08.04 12:29:29.890,0.87662,0.87684,1.00,1.00
2017.08.04 12:29:30.043,0.87664,0.87688,1.00,1.50
2017.08.04 12:29:30.298,0.87664,0.8769,1.00,1.00
2017.08.04 12:29:30.806,0.87662,0.87688,1.00,1.00
2017.08.04 12:29:30.909,0.87657,0.87687,1.00,1.00
2017.08.04 12:29:31.369,0.87657,0.87685,1.00,1.00
2017.08.04 12:29:31.517,0.87657,0.87688,1.00,1.00
2017.08.04 12:29:31.771,0.87655,0.87688,1.00,1.00
2017.08.04 12:29:31.874,0.87653,0.87682,1.00,1.00
2017.08.04 12:29:32.027,0.87647,0.87677,1.00,1.00
2017.08.04 12:29:32.080,0.87643,0.87675,1.00,1.00
2017.08.04 12:29:32.131,0.87641,0.87675,1.00,1.50
2017.08.04 12:29:32.299,0.87637,0.87674,1.00,1.00
2017.08.04 12:29:32.357,0.87635,0.87674,1.00,1.00
2017.08.04 12:29:32.879,0.87634,0.87674,1.50,1.50
2017.08.04 12:29:32.981,0.87638,0.87675,1.00,1.00
2017.08.04 12:29:33.032,0.87634,0.87674,1.50,1.50
2017.08.04 12:29:33.084,0.87638,0.87674,1.00,1.50
2017.08.04 12:29:33.284,0.87634,0.87671,1.00,1.00
2017.08.04 12:29:33.338,0.8763,0.8767,1.50,1.50
2017.08.04 12:29:33.389,0.87634,0.8767,1.50,1.50
2017.08.04 12:29:33.492,0.8763,0.8767,1.00,1.00
2017.08.04 12:29:33.600,0.8763,0.87664,1.00,1.00
2017.08.04 12:29:33.652,0.8763,0.87666,1.00,1.50
2017.08.04 12:29:33.959,0.87628,0.87665,1.00,1.00
2017.08.04 12:29:34.012,0.87632,0.87666,1.00,1.00
2017.08.04 12:29:34.358,0.87634,0.87667,1.00,1.00
2017.08.04 12:29:34.792,0.87637,0.87668,1.00,1.00
2017.08.04 12:29:35.152,0.87637,0.87666,1.00,1.00
2017.08.04 12:29:35.617,0.87634,0.87666,1.00,1.00
2017.08.04 12:29:35.771,0.87629,0.87659,1.50,1.00
2017.08.04 12:29:36.121,0.87634,0.87663,1.50,1.00
2017.08.04 12:29:36.426,0.87634,0.8766,1.50,1.00
2017.08.04 12:29:36.478,0.87634,0.87663,1.50,1.00
2017.08.04 12:29:36.631,0.87635,0.87665,1.00,1.00
2017.08.04 12:29:36.869,0.87632,0.87665,1.00,1.00
2017.08.04 12:29:36.921,0.8763,0.87665,1.00,1.50
2017.08.04 12:29:37.175,0.8763,0.87667,1.50,1.00
2017.08.04 12:29:37.226,0.87631,0.87665,1.00,1.00
2017.08.04 12:29:37.330,0.87631,0.87667,1.00,1.00
2017.08.04 12:29:37.381,0.87634,0.87667,1.50,1.00
2017.08.04 12:29:37.484,0.87634,0.8767,1.50,1.00
2017.08.04 12:29:37.586,0.8764,0.87672,1.00,1.00
2017.08.04 12:29:37.814,0.87638,0.87676,1.50,1.00
2017.08.04 12:29:37.866,0.8764,0.87676,1.00,1.00
2017.08.04 12:29:38.022,0.87637,0.87676,1.00,1.00
2017.08.04 12:29:38.125,0.87638,0.87673,1.00,1.00
2017.08.04 12:29:38.381,0.87638,0.87676,1.50,1.00
2017.08.04 12:29:38.534,0.87638,0.87674,1.50,1.00
2017.08.04 12:29:38.840,0.87644,0.87675,1.00,1.50
2017.08.04 12:29:39.298,0.87644,0.87677,1.00,1.00
2017.08.04 12:29:39.821,0.87641,0.87676,1.00,1.00
2017.08.04 12:29:40.028,0.87641,0.87673,1.00,1.00
2017.08.04 12:29:40.334,0.87639,0.87671,1.00,1.00
2017.08.04 12:29:40.574,0.87636,0.87672,1.00,1.00
2017.08.04 12:29:40.881,0.8763,0.87671,1.00,1.00
2017.08.04 12:29:40.983,0.87627,0.87671,1.00,1.00
2017.08.04 12:29:41.034,0.87623,0.8767,3.00,1.00
2017.08.04 12:29:41.085,0.87626,0.87667,1.00,1.00
2017.08.04 12:29:41.391,0.8763,0.87666,1.50,1.00
2017.08.04 12:29:41.700,0.87626,0.87661,1.50,1.00
2017.08.04 12:29:42.108,0.87626,0.87659,1.00,1.00
2017.08.04 12:29:42.159,0.87626,0.87663,1.00,1.50
2017.08.04 12:29:42.505,0.87626,0.8766,1.50,1.00
2017.08.04 12:29:42.762,0.87626,0.87662,1.50,1.00
2017.08.04 12:29:42.966,0.8763,0.87663,1.00,1.00
2017.08.04 12:29:43.130,0.87628,0.87666,1.50,1.00
2017.08.04 12:29:43.182,0.87634,0.87664,1.00,1.00
2017.08.04 12:29:43.490,0.87634,0.87651,1.50,1.00
2017.08.04 12:29:43.542,0.87628,0.87651,1.00,1.00
2017.08.04 12:29:43.594,0.87626,0.87651,1.00,1.00
2017.08.04 12:29:43.647,0.87626,0.87653,1.50,1.00
2017.08.04 12:29:43.700,0.87626,0.87655,1.50,1.00
2017.08.04 12:29:43.895,0.87626,0.87653,1.50,1.00
2017.08.04 12:29:43.947,0.8762,0.87652,1.00,1.00
2017.08.04 12:29:43.999,0.8762,0.87648,1.00,1.00
2017.08.04 12:29:44.307,0.87621,0.87655,1.50,1.00
2017.08.04 12:29:44.359,0.87625,0.87652,1.00,1.00
2017.08.04 12:29:44.414,0.87625,0.87654,1.00,1.00
2017.08.04 12:29:44.465,0.87622,0.87658,1.00,1.00
2017.08.04 12:29:44.517,0.87622,0.87665,1.00,1.00
2017.08.04 12:29:44.711,0.87626,0.87662,1.00,1.00
2017.08.04 12:29:44.763,0.87624,0.87662,1.00,1.00
2017.08.04 12:29:44.865,0.87623,0.8766,1.50,1.00
2017.08.04 12:29:45.069,0.87623,0.87662,1.00,1.00
2017.08.04 12:29:45.121,0.87623,0.87649,1.00,1.00
2017.08.04 12:29:45.173,0.8761,0.87649,1.00,1.00
2017.08.04 12:29:45.224,0.87597,0.87649,1.00,1.00
2017.08.04 12:29:45.326,0.87589,0.87657,1.00,1.00
2017.08.04 12:29:45.428,0.87582,0.87657,1.00,1.00
2017.08.04 12:29:45.611,0.87583,0.87655,1.00,1.00
2017.08.04 12:29:45.712,0.87585,0.87662,1.00,1.00
2017.08.04 12:29:45.764,0.87568,0.87658,1.00,1.00
2017.08.04 12:29:45.815,0.87576,0.87662,1.00,1.00
2017.08.04 12:29:45.867,0.87566,0.87654,1.00,1.00
2017.08.04 12:29:45.919,0.87554,0.87649,1.00,1.00
2017.08.04 12:29:46.021,0.87552,0.87648,1.00,1.00
2017.08.04 12:29:46.124,0.87545,0.87649,1.00,1.00
2017.08.04 12:29:46.175,0.87545,0.87647,1.00,1.00
2017.08.04 12:29:46.516,0.87539,0.87641,1.00,1.00
2017.08.04 12:29:47.026,0.8754,0.87641,1.00,1.00
2017.08.04 12:29:47.423,0.87541,0.87638,1.00,1.00
2017.08.04 12:29:47.653,0.87542,0.87641,1.00,1.00
2017.08.04 12:29:47.858,0.87541,0.87632,1.00,1.00
2017.08.04 12:29:47.960,0.87522,0.87627,1.42,0.75
2017.08.04 12:29:48.062,0.87516,0.87627,1.75,0.75
2017.08.04 12:29:48.113,0.87517,0.87622,1.75,0.75
2017.08.04 12:29:48.164,0.87517,0.87621,1.50,1.00
2017.08.04 12:29:48.266,0.8751,0.87616,1.42,0.75
2017.08.04 12:29:48.470,0.87503,0.87619,1.12,1.00
2017.08.04 12:29:48.521,0.87507,0.87619,1.00,0.75
2017.08.04 12:29:48.829,0.87521,0.87592,1.00,0.75
2017.08.04 12:29:48.983,0.87521,0.87625,1.00,1.00
2017.08.04 12:29:49.035,0.87521,0.87623,1.00,1.00
2017.08.04 12:29:49.376,0.8751,0.87621,1.75,1.00
2017.08.04 12:29:49.428,0.8751,0.8761,1.75,1.00
2017.08.04 12:29:49.479,0.8751,0.87625,1.75,1.00
2017.08.04 12:29:49.581,0.8751,0.87625,1.12,0.75
2017.08.04 12:29:49.632,0.8751,0.87619,1.12,1.00
2017.08.04 12:29:49.684,0.87512,0.87628,1.00,1.50
2017.08.04 12:29:49.735,0.87518,0.87633,1.00,1.00
2017.08.04 12:29:49.888,0.87512,0.87633,1.00,1.00
2017.08.04 12:29:49.940,0.87511,0.87623,1.00,1.00
2017.08.04 12:29:50.164,0.87515,0.87628,1.00,1.00
2017.08.04 12:29:50.218,0.8751,0.87617,1.12,1.00
2017.08.04 12:29:50.269,0.87518,0.87627,1.00,1.00
2017.08.04 12:29:50.423,0.87518,0.87622,1.00,1.00
2017.08.04 12:29:50.728,0.87518,0.87608,1.00,1.00
2017.08.04 12:29:50.830,0.87518,0.87612,1.00,1.00
2017.08.04 12:29:50.881,0.87518,0.87622,1.00,1.00
2017.08.04 12:29:51.025,0.87498,0.87622,1.05,1.00
2017.08.04 12:29:51.076,0.87496,0.87616,1.75,1.00
2017.08.04 12:29:51.178,0.87491,0.87614,1.75,1.00
2017.08.04 12:29:51.229,0.87498,0.87623,1.12,1.00
2017.08.04 12:29:51.381,0.87502,0.87618,1.50,1.00
2017.08.04 12:29:51.686,0.8751,0.87615,1.00,1.00
2017.08.04 12:29:51.926,0.87494,0.87617,1.00,1.00
2017.08.04 12:29:51.977,0.87494,0.87619,1.00,1.00
2017.08.04 12:29:52.080,0.87494,0.87617,1.00,1.00
2017.08.04 12:29:52.388,0.87494,0.87614,1.00,1.00
2017.08.04 12:29:52.742,0.87494,0.87622,1.00,1.00
2017.08.04 12:29:52.795,0.87494,0.87609,1.00,1.00
2017.08.04 12:29:53.304,0.87494,0.87608,1.00,1.00
2017.08.04 12:29:53.679,0.87495,0.87601,1.00,0.75
2017.08.04 12:29:53.983,0.87495,0.87597,1.00,1.00
2017.08.04 12:29:54.549,0.87494,0.87597,1.00,1.00
2017.08.04 12:29:54.601,0.87497,0.87612,1.00,0.75
2017.08.04 12:29:54.704,0.87502,0.87612,1.00,1.00
2017.08.04 12:29:55.010,0.87502,0.87607,1.00,1.00
2017.08.04 12:29:55.112,0.87494,0.87607,1.00,0.75
2017.08.04 12:29:55.214,0.87494,0.87613,1.00,1.00
2017.08.04 12:29:55.540,0.87494,0.87622,1.00,1.00
2017.08.04 12:29:55.591,0.87494,0.87629,1.00,1.00
2017.08.04 12:29:55.744,0.87494,0.87601,1.00,0.75
2017.08.04 12:29:55.846,0.87494,0.87603,1.00,0.75
2017.08.04 12:29:56.049,0.87494,0.87618,1.00,1.00
2017.08.04 12:29:56.101,0.87503,0.8762,1.00,1.00
2017.08.04 12:29:56.559,0.87494,0.8762,1.00,0.75
2017.08.04 12:29:56.611,0.87494,0.87618,1.00,0.75
2017.08.04 12:29:56.917,0.87495,0.87615,1.00,0.75
2017.08.04 12:29:56.968,0.87502,0.87636,1.00,1.00
2017.08.04 12:29:57.020,0.87502,0.87638,1.00,1.00
2017.08.04 12:29:57.204,0.87495,0.87645,1.00,1.00
2017.08.04 12:29:57.306,0.87501,0.87645,1.00,1.00
2017.08.04 12:29:57.613,0.87508,0.87639,0.75,1.00
2017.08.04 12:29:57.664,0.8748,0.87641,1.00,1.12
2017.08.04 12:29:57.716,0.8748,0.8765,1.00,1.75
2017.08.04 12:29:57.817,0.8748,0.8765,1.75,1.50
2017.08.04 12:29:58.743,0.87487,0.8765,1.00,1.50
2017.08.04 12:29:58.896,0.8749,0.87658,1.75,2.25
2017.08.04 12:29:59.246,0.8749,0.87639,1.75,1.00
2017.08.04 12:29:59.297,0.87476,0.87645,1.75,1.00
2017.08.04 12:29:59.348,0.87476,0.87641,1.75,1.00
2017.08.04 12:29:59.399,0.8748,0.8765,1.00,1.75
2017.08.04 12:29:59.501,0.8748,0.8765,1.75,1.75
2017.08.04 12:29:59.603,0.87488,0.87656,1.00,1.75
2017.08.04 12:29:59.706,0.87488,0.87656,1.50,1.50
2017.08.04 12:29:59.807,0.87484,0.87652,1.75,1.00
2017.08.04 12:30:00.117,0.87527,0.87653,0.75,1.00
2017.08.04 12:30:00.322,0.87521,0.87651,0.75,1.50
2017.08.04 12:30:00.628,0.87551,0.87656,0.75,1.75
2017.08.04 12:30:00.679,0.8754,0.8766,0.75,1.00
2017.08.04 12:30:00.730,0.8754,0.87667,0.75,1.75
2017.08.04 12:30:00.782,0.87523,0.87668,1.00,1.00
2017.08.04 12:30:00.940,0.8752,0.87668,1.00,1.00
2017.08.04 12:30:00.992,0.8752,0.8767,1.00,1.75
2017.08.04 12:30:01.297,0.87537,0.87643,0.75,1.00
2017.08.04 12:30:01.348,0.87537,0.8765,1.00,1.00
2017.08.04 12:30:01.399,0.87568,0.87651,0.75,1.00
2017.08.04 12:30:01.628,0.87783,0.87923,0.75,1.00
2017.08.04 12:30:01.679,0.8779,0.87827,0.75,1.00
2017.08.04 12:30:01.730,0.87734,0.87782,0.75,1.20
2017.08.04 12:30:01.782,0.87741,0.87793,0.75,0.75
2017.08.04 12:30:01.839,0.87746,0.87794,1.00,0.75
2017.08.04 12:30:02.098,0.87742,0.87803,1.00,0.75
2017.08.04 12:30:02.149,0.87728,0.87808,1.05,0.75
2017.08.04 12:30:02.243,0.87729,0.87808,1.00,0.75
2017.08.04 12:30:02.296,0.87737,0.87808,1.37,0.75
2017.08.04 12:30:02.616,0.87747,0.87828,1.00,0.75
2017.08.04 12:30:02.686,0.87802,0.87988,2.17,1.00
2017.08.04 12:30:02.737,0.87837,0.87988,0.75,1.00
2017.08.04 12:30:03.053,0.87899,0.87928,1.00,0.75
2017.08.04 12:30:03.104,0.87871,0.87934,0.75,0.75
2017.08.04 12:30:03.227,0.87879,0.87972,1.00,1.32
2017.08.04 12:30:03.293,0.87861,0.8795,1.00,1.00
2017.08.04 12:30:03.348,0.87839,0.87896,1.75,0.75
2017.08.04 12:30:03.504,0.87797,0.87896,1.50,1.00
2017.08.04 12:30:03.570,0.87796,0.87893,1.75,1.00
2017.08.04 12:30:03.929,0.87804,0.879,1.75,0.75
2017.08.04 12:30:03.981,0.87844,0.87973,1.00,1.78
2017.08.04 12:30:04.048,0.87848,0.87921,1.00,0.67
2017.08.04 12:30:04.159,0.8785,0.87932,1.00,1.67
2017.08.04 12:30:04.414,0.87842,0.87911,1.00,1.35
2017.08.04 12:30:04.516,0.87845,0.87911,1.00,1.42
2017.08.04 12:30:04.754,0.87867,0.87929,1.00,0.67
2017.08.04 12:30:04.827,0.87878,0.87964,1.00,1.42
2017.08.04 12:30:04.933,0.87888,0.87948,1.00,0.67
2017.08.04 12:30:05.196,0.87894,0.8795,1.00,0.67
2017.08.04 12:30:05.461,0.87904,0.87979,1.00,1.67
2017.08.04 12:30:05.669,0.87921,0.87973,1.00,0.67
2017.08.04 12:30:05.797,0.87926,0.87978,1.00,0.67
2017.08.04 12:30:06.117,0.87947,0.8798,0.75,0.67
2017.08.04 12:30:06.418,0.8792,0.87967,1.00,1.42
2017.08.04 12:30:06.469,0.87955,0.87991,1.00,1.00
2017.08.04 12:30:06.611,0.87947,0.87991,1.00,1.00
2017.08.04 12:30:06.663,0.87958,0.87986,1.00,1.00
2017.08.04 12:30:06.715,0.87953,0.87986,0.75,1.00
2017.08.04 12:30:06.766,0.8792,0.87998,1.42,1.67
2017.08.04 12:30:06.992,0.87896,0.87998,1.87,1.50
2017.08.04 12:30:07.044,0.87911,0.87998,1.87,1.50
2017.08.04 12:30:07.372,0.8793,0.88002,1.42,1.67
2017.08.04 12:30:07.695,0.87948,0.87966,0.67,0.75
2017.08.04 12:30:07.747,0.87888,0.8796,1.05,1.87
2017.08.04 12:30:07.799,0.87908,0.87973,0.67,1.67
2017.08.04 12:30:07.852,0.87902,0.87964,0.67,1.67
2017.08.04 12:30:07.961,0.87868,0.87948,1.67,1.67
2017.08.04 12:30:08.166,0.87866,0.87937,1.67,1.05
2017.08.04 12:30:08.473,0.87866,0.87917,1.00,1.00
2017.08.04 12:30:08.815,0.87858,0.87891,0.67,1.87
2017.08.04 12:30:08.866,0.87848,0.87881,0.67,1.12
2017.08.04 12:30:09.005,0.87822,0.87864,2.17,1.00
2017.08.04 12:30:09.056,0.87823,0.87867,1.67,1.00
2017.08.04 12:30:09.159,0.87823,0.87873,1.67,1.00
2017.08.04 12:30:09.210,0.87823,0.87872,1.67,1.87
2017.08.04 12:30:09.262,0.87822,0.87875,1.67,1.12
2017.08.04 12:30:09.313,0.87822,0.87863,1.67,1.00
2017.08.04 12:30:09.590,0.87818,0.87858,1.67,1.00
2017.08.04 12:30:09.641,0.87814,0.87862,1.03,1.00
2017.08.04 12:30:09.846,0.87819,0.87863,1.67,1.00
2017.08.04 12:30:10.050,0.87815,0.87852,1.67,1.00
2017.08.04 12:30:10.246,0.87799,0.87834,1.03,1.00
2017.08.04 12:30:10.297,0.87809,0.87853,1.03,1.00
2017.08.04 12:30:10.349,0.87814,0.87847,1.03,1.00
2017.08.04 12:30:10.400,0.87813,0.87853,1.03,1.00
2017.08.04 12:30:10.502,0.8781,0.87859,1.03,1.00
2017.08.04 12:30:10.604,0.8782,0.8787,1.03,1.00
2017.08.04 12:30:10.797,0.87821,0.87875,1.03,1.12
2017.08.04 12:30:10.853,0.87818,0.87867,1.03,1.00
2017.08.04 12:30:10.957,0.87818,0.87866,1.03,1.00
2017.08.04 12:30:11.010,0.87809,0.87866,1.67,2.62
2017.08.04 12:30:11.064,0.87812,0.87862,1.05,1.00
2017.08.04 12:30:11.166,0.87809,0.87856,1.05,1.00
2017.08.04 12:30:11.371,0.87794,0.8784,1.67,1.00
2017.08.04 12:30:11.480,0.87792,0.87829,1.05,1.00
2017.08.04 12:30:11.800,0.87803,0.87834,1.00,1.00
2017.08.04 12:30:12.056,0.87832,0.87868,1.00,1.00
2017.08.04 12:30:12.157,0.87826,0.87859,1.00,1.00
2017.08.04 12:30:12.514,0.87827,0.87848,1.00,1.00
2017.08.04 12:30:12.565,0.87827,0.87857,1.00,1.00
2017.08.04 12:30:12.617,0.87817,0.87844,1.00,1.00
2017.08.04 12:30:12.842,0.87817,0.87849,1.00,1.00
2017.08.04 12:30:12.944,0.87817,0.87851,2.62,1.00
2017.08.04 12:30:13.249,0.87847,0.87864,1.00,1.00
2017.08.04 12:30:13.367,0.87828,0.87864,1.00,1.37
2017.08.04 12:30:13.418,0.87828,0.87855,0.75,1.87
2017.08.04 12:30:13.470,0.87814,0.87845,1.00,1.00
2017.08.04 12:30:13.680,0.87816,0.87848,1.00,1.00
2017.08.04 12:30:13.782,0.87812,0.87843,1.37,1.00
2017.08.04 12:30:14.099,0.87821,0.87843,1.37,1.00
2017.08.04 12:30:14.150,0.87831,0.87863,1.00,2.25
2017.08.04 12:30:14.253,0.87818,0.8785,1.37,1.00
2017.08.04 12:30:14.355,0.87829,0.87854,1.87,1.00
2017.08.04 12:30:14.407,0.87822,0.87854,1.87,1.00
2017.08.04 12:30:14.458,0.87827,0.87866,2.62,1.00
2017.08.04 12:30:14.509,0.87827,0.87866,1.00,1.50
2017.08.04 12:30:14.599,0.87827,0.87866,1.00,1.87
2017.08.04 12:30:14.923,0.87807,0.87839,1.00,1.00
2017.08.04 12:30:15.026,0.87811,0.87844,1.00,1.00
2017.08.04 12:30:15.219,0.87809,0.87841,1.00,1.00
2017.08.04 12:30:15.525,0.87812,0.87843,1.00,1.00
2017.08.04 12:30:15.577,0.87808,0.87841,1.00,1.00
2017.08.04 12:30:15.800,0.8781,0.87842,1.00,1.75
2017.08.04 12:30:16.027,0.87848,0.87877,1.00,1.00
2017.08.04 12:30:16.083,0.8785,0.87877,1.37,1.00
2017.08.04 12:30:16.237,0.87855,0.87877,1.00,1.00
2017.08.04 12:30:16.466,0.87852,0.87877,1.37,1.00
2017.08.04 12:30:16.568,0.87852,0.87886,1.00,1.87
2017.08.04 12:30:16.670,0.87852,0.87886,1.37,1.75
2017.08.04 12:30:17.073,0.87854,0.87885,1.37,1.00
2017.08.04 12:30:17.124,0.87854,0.87888,1.00,1.00
2017.08.04 12:30:17.175,0.87853,0.87888,1.37,1.00
2017.08.04 12:30:17.226,0.87856,0.87891,2.25,1.00
2017.08.04 12:30:17.278,0.87855,0.87891,1.12,1.00
2017.08.04 12:30:17.431,0.87856,0.87888,1.00,1.00
2017.08.04 12:30:17.545,0.87858,0.87891,1.00,1.12
2017.08.04 12:30:17.598,0.87856,0.87891,1.00,1.00
2017.08.04 12:30:17.649,0.87853,0.87886,1.37,1.00
2017.08.04 12:30:18.001,0.87862,0.87891,1.00,1.37
2017.08.04 12:30:18.209,0.87859,0.87885,1.00,1.00
2017.08.04 12:30:18.262,0.87859,0.87886,1.00,1.75
2017.08.04 12:30:18.365,0.87859,0.87892,1.00,1.12
2017.08.04 12:30:18.417,0.87863,0.87893,1.00,1.12
2017.08.04 12:30:18.469,0.87863,0.87893,1.00,2.25
2017.08.04 12:30:18.637,0.87869,0.87895,1.00,1.50
2017.08.04 12:30:18.791,0.87866,0.87896,1.00,1.12
2017.08.04 12:30:18.844,0.8787,0.87898,1.00,1.75
2017.08.04 12:30:18.895,0.8787,0.87903,1.50,1.75
2017.08.04 12:30:18.998,0.87876,0.87906,1.00,1.00
2017.08.04 12:30:19.154,0.87876,0.87904,1.00,1.87
2017.08.04 12:30:19.257,0.87876,0.87905,1.00,1.00
2017.08.04 12:30:19.310,0.87872,0.87904,1.00,1.87
2017.08.04 12:30:19.466,0.87872,0.87905,1.00,1.12
2017.08.04 12:30:19.518,0.87877,0.87905,1.00,1.87
2017.08.04 12:30:19.750,0.87865,0.879,1.87,1.75
2017.08.04 12:30:19.801,0.87865,0.879,1.87,1.00
2017.08.04 12:30:20.108,0.87862,0.87903,1.00,2.25
2017.08.04 12:30:20.309,0.87868,0.87901,1.00,1.00
2017.08.04 12:30:20.628,0.87896,0.87914,1.00,2.62
2017.08.04 12:30:20.679,0.87896,0.8792,1.00,1.87
2017.08.04 12:30:20.731,0.87885,0.87919,1.00,1.12
2017.08.04 12:30:20.848,0.87899,0.87918,1.00,1.00
2017.08.04 12:30:20.899,0.87899,0.87922,1.00,1.65
2017.08.04 12:30:20.950,0.87894,0.87921,1.00,2.25
2017.08.04 12:30:21.001,0.87894,0.87919,1.00,1.12
2017.08.04 12:30:21.104,0.87894,0.87928,1.00,2.25
2017.08.04 12:30:21.155,0.87894,0.87926,1.00,1.87
2017.08.04 12:30:21.308,0.87891,0.87927,1.00,1.87
2017.08.04 12:30:21.395,0.87891,0.87927,1.75,1.87
2017.08.04 12:30:21.447,0.87891,0.87931,2.25,1.87
2017.08.04 12:30:21.500,0.87916,0.87938,1.00,1.87
2017.08.04 12:30:21.707,0.87916,0.87945,1.00,1.75
2017.08.04 12:30:21.953,0.87918,0.87947,1.00,1.87
2017.08.04 12:30:22.005,0.87918,0.87942,1.00,1.00
2017.08.04 12:30:22.158,0.87894,0.87926,1.12,1.00
2017.08.04 12:30:22.209,0.87894,0.8793,1.37,1.00
2017.08.04 12:30:22.261,0.87895,0.8793,2.25,1.00
2017.08.04 12:30:22.602,0.87902,0.87933,1.00,1.00
2017.08.04 12:30:22.911,0.8791,0.87942,1.00,1.12
2017.08.04 12:30:23.014,0.87912,0.87943,1.00,1.00
2017.08.04 12:30:23.127,0.87921,0.87954,1.00,2.25
2017.08.04 12:30:23.332,0.87928,0.87955,1.00,1.00
2017.08.04 12:30:23.383,0.87922,0.87953,1.75,1.00
2017.08.04 12:30:23.486,0.87922,0.87955,1.00,1.00
2017.08.04 12:30:23.540,0.87937,0.87955,1.00,1.50
2017.08.04 12:30:23.775,0.87954,0.87979,1.00,1.00
2017.08.04 12:30:23.827,0.87951,0.87976,1.00,1.00
2017.08.04 12:30:23.879,0.8795,0.87979,1.50,1.00
2017.08.04 12:30:23.933,0.87957,0.87983,1.00,1.00
2017.08.04 12:30:24.090,0.87957,0.87987,1.00,1.00
2017.08.04 12:30:24.142,0.87955,0.87985,1.00,1.00
2017.08.04 12:30:24.267,0.87956,0.87988,1.00,1.00
2017.08.04 12:30:24.370,0.87951,0.87987,1.50,1.00
2017.08.04 12:30:24.472,0.87956,0.87987,1.00,2.25
2017.08.04 12:30:24.677,0.87956,0.87988,1.00,1.00
2017.08.04 12:30:24.829,0.87958,0.87988,1.00,1.00
2017.08.04 12:30:24.882,0.87955,0.87989,1.00,1.00
2017.08.04 12:30:25.036,0.87953,0.87988,1.00,1.00
2017.08.04 12:30:25.291,0.87953,0.87982,1.00,1.50
2017.08.04 12:30:25.458,0.87954,0.87987,1.00,1.75
2017.08.04 12:30:25.511,0.87966,0.87993,1.00,1.00
2017.08.04 12:30:25.563,0.87966,0.87995,1.00,1.12
2017.08.04 12:30:25.616,0.87964,0.87996,1.00,1.87
2017.08.04 12:30:25.722,0.87961,0.87997,1.00,1.50
2017.08.04 12:30:25.824,0.8797,0.87997,1.00,1.00
2017.08.04 12:30:26.013,0.87986,0.88022,1.75,1.50
2017.08.04 12:30:26.065,0.87985,0.8802,1.75,1.00
2017.08.04 12:30:26.117,0.87985,0.88017,1.00,1.12
2017.08.04 12:30:26.168,0.87975,0.88005,1.75,1.00
2017.08.04 12:30:26.424,0.87974,0.88005,1.00,1.50
2017.08.04 12:30:26.583,0.87986,0.88003,1.00,1.00
2017.08.04 12:30:26.635,0.87986,0.8801,1.00,1.00
2017.08.04 12:30:26.686,0.87976,0.88009,1.37,1.00
2017.08.04 12:30:26.739,0.87976,0.8801,1.00,2.25
2017.08.04 12:30:26.791,0.87976,0.88001,1.00,1.00
2017.08.04 12:30:26.843,0.87976,0.88009,1.00,1.00
2017.08.04 12:30:26.894,0.87982,0.88009,1.00,1.12
2017.08.04 12:30:27.155,0.87981,0.88013,1.00,1.00
2017.08.04 12:30:27.207,0.87981,0.8801,1.00,1.87
2017.08.04 12:30:27.259,0.87975,0.88009,1.50,1.00
2017.08.04 12:30:27.361,0.8798,0.88015,1.00,1.75
2017.08.04 12:30:27.865,0.8798,0.88012,1.00,1.00
2017.08.04 12:30:28.205,0.88012,0.88038,1.00,1.00
2017.08.04 12:30:28.358,0.88008,0.88038,1.12,1.00
2017.08.04 12:30:28.460,0.88004,0.88037,1.00,3.37
2017.08.04 12:30:28.805,0.8802,0.88038,1.00,1.50
2017.08.04 12:30:28.856,0.88004,0.88038,1.37,1.00
2017.08.04 12:30:28.908,0.88019,0.88038,1.00,1.00
2017.08.04 12:30:28.959,0.88022,0.88044,1.00,1.50
2017.08.04 12:30:29.061,0.8801,0.88047,1.00,1.37
2017.08.04 12:30:29.209,0.88018,0.88047,1.00,2.62
2017.08.04 12:30:29.412,0.88018,0.88049,1.00,1.12
2017.08.04 12:30:29.514,0.88017,0.88046,1.00,1.00
2017.08.04 12:30:29.567,0.88016,0.88049,1.00,1.87
2017.08.04 12:30:29.771,0.88013,0.88049,1.37,1.00
2017.08.04 12:30:29.873,0.88018,0.88046,1.00,1.00
2017.08.04 12:30:29.925,0.88022,0.88052,1.00,2.25
2017.08.04 12:30:30.027,0.88018,0.88052,1.00,1.50
2017.08.04 12:30:30.130,0.88018,0.88053,1.50,1.12
2017.08.04 12:30:30.256,0.88018,0.88053,1.00,2.62
2017.08.04 12:30:30.565,0.88013,0.8804,1.50,1.00
2017.08.04 12:30:30.972,0.88008,0.88041,1.00,1.50
2017.08.04 12:30:31.075,0.88008,0.88038,1.00,1.37
2017.08.04 12:30:31.228,0.88003,0.88033,1.00,1.00
2017.08.04 12:30:31.279,0.88003,0.88031,1.00,1.00
2017.08.04 12:30:31.486,0.88,0.88029,1.00,1.00
2017.08.04 12:30:31.539,0.88002,0.88028,1.00,1.00
2017.08.04 12:30:31.844,0.88002,0.88018,1.00,4.12
2017.08.04 12:30:31.987,0.8799,0.88012,1.00,1.87
2017.08.04 12:30:32.089,0.87985,0.88008,1.00,1.87
2017.08.04 12:30:32.141,0.87985,0.88012,1.00,1.87
2017.08.04 12:30:32.192,0.87978,0.88012,1.00,1.12
2017.08.04 12:30:32.245,0.87978,0.88007,1.00,1.00
2017.08.04 12:30:32.592,0.87975,0.87995,1.00,1.87
2017.08.04 12:30:32.644,0.87975,0.87998,1.00,1.00
2017.08.04 12:30:32.695,0.87975,0.87996,1.00,2.62
2017.08.04 12:30:32.870,0.87968,0.87992,1.00,1.00
2017.08.04 12:30:32.922,0.87964,0.87993,1.00,1.00
2017.08.04 12:30:32.973,0.87968,0.87995,1.00,1.12
2017.08.04 12:30:33.279,0.87971,0.87999,1.00,1.50
2017.08.04 12:30:33.588,0.87969,0.87989,1.00,1.00
2017.08.04 12:30:33.649,0.87969,0.87993,1.00,1.00
2017.08.04 12:30:33.755,0.87969,0.87991,1.00,1.00
2017.08.04 12:30:33.857,0.87964,0.87987,1.00,1.00
2017.08.04 12:30:33.961,0.87956,0.87987,1.00,1.00
2017.08.04 12:30:34.014,0.87956,0.87975,1.00,1.00
2017.08.04 12:30:34.331,0.87934,0.87957,1.00,1.12
2017.08.04 12:30:34.396,0.87932,0.87954,1.00,1.75
2017.08.04 12:30:34.452,0.87932,0.87953,1.00,1.50
2017.08.04 12:30:34.504,0.87929,0.87949,1.50,1.00
2017.08.04 12:30:34.557,0.87929,0.87952,1.50,1.00
2017.08.04 12:30:34.719,0.87929,0.87942,1.50,1.00
2017.08.04 12:30:34.825,0.87921,0.87938,1.00,1.00
2017.08.04 12:30:34.876,0.87921,0.87943,1.00,1.12
2017.08.04 12:30:34.928,0.87921,0.87936,1.00,1.00
2017.08.04 12:30:35.082,0.87913,0.87932,1.00,1.37
2017.08.04 12:30:35.134,0.87913,0.87928,1.00,1.00
2017.08.04 12:30:35.187,0.87908,0.87938,1.37,1.65
2017.08.04 12:30:35.337,0.87922,0.87947,1.00,1.87
2017.08.04 12:30:35.440,0.87922,0.87948,1.00,1.75
2017.08.04 12:30:35.491,0.87917,0.87945,1.00,1.00
2017.08.04 12:30:35.543,0.87913,0.87946,1.00,1.12
2017.08.04 12:30:35.696,0.87912,0.87944,1.00,1.12
2017.08.04 12:30:36.080,0.87928,0.87945,1.00,2.25
2017.08.04 12:30:36.286,0.87934,0.87959,1.00,1.75
2017.08.04 12:30:36.342,0.87934,0.87965,1.37,1.75
2017.08.04 12:30:36.596,0.87942,0.87969,1.00,2.25
2017.08.04 12:30:36.698,0.87944,0.87968,1.00,3.37
2017.08.04 12:30:36.801,0.87934,0.87966,1.50,1.37
2017.08.04 12:30:36.853,0.87934,0.87959,1.50,1.50
2017.08.04 12:30:36.955,0.87927,0.87959,1.00,1.75
2017.08.04 12:30:37.007,0.87927,0.87961,1.00,1.00
2017.08.04 12:30:37.162,0.87933,0.87965,1.00,2.25
2017.08.04 12:30:37.268,0.87933,0.8796,1.00,1.00
2017.08.04 12:30:37.372,0.87931,0.87959,1.00,1.00
2017.08.04 12:30:37.476,0.87933,0.87959,1.00,1.00
2017.08.04 12:30:37.579,0.87923,0.87959,1.00,1.00
2017.08.04 12:30:37.709,0.87923,0.87955,1.00,3.75
2017.08.04 12:30:37.760,0.87918,0.87944,1.00,1.00
2017.08.04 12:30:37.813,0.87918,0.87947,1.00,1.50
2017.08.04 12:30:37.915,0.87914,0.87946,1.00,1.50
2017.08.04 12:30:38.018,0.87913,0.87947,1.00,1.12
2017.08.04 12:30:38.069,0.87913,0.87947,1.00,1.87
2017.08.04 12:30:38.383,0.87906,0.87933,1.00,1.75
2017.08.04 12:30:38.692,0.87895,0.87914,1.00,1.00
2017.08.04 12:30:39.038,0.87892,0.87912,1.75,1.00
2017.08.04 12:30:39.191,0.87892,0.87909,1.00,1.00
2017.08.04 12:30:39.243,0.87885,0.8791,1.12,1.00
2017.08.04 12:30:39.294,0.87887,0.87907,1.87,1.00
2017.08.04 12:30:39.346,0.87885,0.87908,1.00,1.00
2017.08.04 12:30:39.397,0.87885,0.87903,1.00,1.00
2017.08.04 12:30:39.451,0.87879,0.87904,1.87,1.12
2017.08.04 12:30:39.602,0.87879,0.87903,1.00,1.50
2017.08.04 12:30:39.755,0.87884,0.87902,1.87,1.37
2017.08.04 12:30:39.960,0.87888,0.87916,1.75,1.12
2017.08.04 12:30:40.011,0.87892,0.87911,1.12,1.00
2017.08.04 12:30:40.205,0.87888,0.87913,1.12,1.75
2017.08.04 12:30:40.256,0.87888,0.87913,1.00,1.87
2017.08.04 12:30:40.307,0.87888,0.87911,1.00,1.00
2017.08.04 12:30:40.613,0.87889,0.87908,1.00,1.75
2017.08.04 12:30:40.902,0.87906,0.87927,1.87,1.75
2017.08.04 12:30:40.954,0.87904,0.87932,1.87,1.75
2017.08.04 12:30:41.056,0.87906,0.8793,1.00,1.00
2017.08.04 12:30:41.158,0.87907,0.87929,1.87,1.00
2017.08.04 12:30:41.458,0.8789,0.87914,1.50,1.00
2017.08.04 12:30:41.510,0.8789,0.87916,1.50,1.00
2017.08.04 12:30:41.562,0.87894,0.87919,1.87,1.75
2017.08.04 12:30:41.715,0.87893,0.87918,1.12,1.50
2017.08.04 12:30:41.767,0.87901,0.87914,1.00,1.00
2017.08.04 12:30:42.078,0.87904,0.87914,1.00,1.00
2017.08.04 12:30:42.134,0.87904,0.87917,1.00,2.25
2017.08.04 12:30:42.236,0.87906,0.8792,1.00,2.25
2017.08.04 12:30:42.543,0.87906,0.8792,1.00,1.00
2017.08.04 12:30:42.775,0.87905,0.87922,1.00,1.12
2017.08.04 12:30:42.878,0.87909,0.87923,1.00,1.00
2017.08.04 12:30:43.185,0.87908,0.8792,1.00,1.00
2017.08.04 12:30:43.384,0.87908,0.87926,1.00,2.25
2017.08.04 12:30:43.536,0.87917,0.87926,1.00,1.75
2017.08.04 12:30:43.590,0.87909,0.87936,1.00,3.00
2017.08.04 12:30:43.693,0.87907,0.87935,1.12,1.37
2017.08.04 12:30:43.746,0.87907,0.87932,1.12,1.75
2017.08.04 12:30:44.075,0.87905,0.87923,1.00,1.00
2017.08.04 12:30:44.532,0.87902,0.87921,1.00,1.00
2017.08.04 12:30:44.673,0.87902,0.87915,1.00,1.00
2017.08.04 12:30:44.891,0.87895,0.87909,1.00,1.00
2017.08.04 12:30:44.994,0.87892,0.87909,1.00,1.00
2017.08.04 12:30:45.045,0.87892,0.87912,1.00,1.00
2017.08.04 12:30:45.097,0.87887,0.87909,1.75,1.00
2017.08.04 12:30:45.150,0.87887,0.87911,1.37,1.50
2017.08.04 12:30:45.201,0.87882,0.87909,1.12,1.50
2017.08.04 12:30:45.335,0.8788,0.87902,1.87,1.00
2017.08.04 12:30:45.386,0.87877,0.87902,1.75,1.00
2017.08.04 12:30:45.488,0.87877,0.87898,1.75,1.00
2017.08.04 12:30:45.894,0.87878,0.87901,3.00,1.00
2017.08.04 12:30:45.996,0.8789,0.87907,1.37,1.50
2017.08.04 12:30:46.228,0.87895,0.87915,1.75,1.00
2017.08.04 12:30:46.279,0.87895,0.87917,1.00,4.12
2017.08.04 12:30:46.330,0.87891,0.87913,1.00,1.75
2017.08.04 12:30:46.382,0.87891,0.87913,1.12,1.87
2017.08.04 12:30:46.784,0.87887,0.87911,1.00,1.75
2017.08.04 12:30:46.886,0.87881,0.87906,1.12,1.00
2017.08.04 12:30:46.988,0.87877,0.87904,1.12,1.50
2017.08.04 12:30:47.090,0.87878,0.87901,1.75,1.12
2017.08.04 12:30:47.614,0.87878,0.879,2.25,1.12
2017.08.04 12:30:47.971,0.87878,0.87902,3.75,1.75
2017.08.04 12:30:48.302,0.87883,0.87906,1.75,1.50
2017.08.04 12:30:48.609,0.87884,0.87907,5.62,1.12
2017.08.04 12:30:48.883,0.87886,0.87907,1.12,1.12
2017.08.04 12:30:48.985,0.87886,0.87901,1.12,1.00
2017.08.04 12:30:49.039,0.87885,0.87907,1.37,1.00
2017.08.04 12:30:49.091,0.87892,0.8791,1.12,1.12
2017.08.04 12:30:49.144,0.8789,0.87909,1.00,1.87
2017.08.04 12:30:49.204,0.87894,0.87908,1.12,1.00
2017.08.04 12:30:49.409,0.87885,0.87911,1.37,1.87
2017.08.04 12:30:49.514,0.87884,0.87909,1.50,1.12
2017.08.04 12:30:49.617,0.87881,0.87904,1.00,1.75
2017.08.04 12:30:49.871,0.87881,0.87905,1.87,1.37
2017.08.04 12:30:50.194,0.87883,0.87908,1.00,4.87
2017.08.04 12:30:50.500,0.87872,0.87881,1.75,1.12
2017.08.04 12:30:50.551,0.87868,0.87874,1.00,1.12
2017.08.04 12:30:50.676,0.87867,0.87871,1.00,1.12
2017.08.04 12:30:50.728,0.87855,0.87877,2.62,3.75
2017.08.04 12:30:50.831,0.87853,0.87879,1.75,1.87
2017.08.04 12:30:50.985,0.87854,0.87874,1.50,1.75
2017.08.04 12:30:51.141,0.87847,0.87871,1.37,3.00
2017.08.04 12:30:51.192,0.87849,0.87871,1.00,1.12
2017.08.04 12:30:51.737,0.8785,0.87875,1.12,1.12
2017.08.04 12:30:52.058,0.87855,0.87879,1.12,1.37
2017.08.04 12:30:52.428,0.8786,0.87882,1.00,3.75
2017.08.04 12:30:52.531,0.87856,0.87883,1.12,5.25
2017.08.04 12:30:52.927,0.87857,0.87881,1.37,4.12
2017.08.04 12:30:53.029,0.87854,0.87875,1.00,1.75
2017.08.04 12:30:53.080,0.87854,0.87875,1.00,1.87
2017.08.04 12:30:53.182,0.87852,0.87871,1.00,1.00
2017.08.04 12:30:53.447,0.8785,0.87871,1.00,2.62
2017.08.04 12:30:53.499,0.87848,0.87868,2.25,1.00
2017.08.04 12:30:53.550,0.87846,0.8787,1.00,1.87
2017.08.04 12:30:53.601,0.8784,0.87864,1.50,1.75
2017.08.04 12:30:53.652,0.8784,0.87864,1.50,1.75
2017.08.04 12:30:53.806,0.8784,0.87862,1.75,1.12
2017.08.04 12:30:54.238,0.87838,0.87863,4.50,1.12
2017.08.04 12:30:54.495,0.87841,0.87864,1.50,1.75
2017.08.04 12:30:54.649,0.87838,0.87863,1.12,1.75
2017.08.04 12:30:54.700,0.87838,0.87863,1.00,2.25
2017.08.04 12:30:54.847,0.87836,0.87861,1.00,1.75
2017.08.04 12:30:54.949,0.87833,0.87857,1.75,1.07
2017.08.04 12:30:55.362,0.87833,0.87857,1.37,1.70
2017.08.04 12:30:55.504,0.87833,0.87857,1.37,1.70
2017.08.04 12:30:55.709,0.87836,0.87858,1.12,1.70
2017.08.04 12:30:56.288,0.87835,0.87857,1.12,1.75
2017.08.04 12:30:56.649,0.87834,0.87856,1.75,1.12
2017.08.04 12:30:56.942,0.87835,0.87857,1.00,2.25
2017.08.04 12:30:57.300,0.87831,0.87852,1.50,1.50
2017.08.04 12:30:57.745,0.87829,0.87853,3.00,1.00
2017.08.04 12:30:57.796,0.87832,0.87853,3.75,1.00
2017.08.04 12:30:57.847,0.87832,0.87857,3.75,1.87
2017.08.04 12:30:57.898,0.87834,0.87857,1.12,1.00
2017.08.04 12:30:57.949,0.87834,0.8786,1.75,1.75
2017.08.04 12:30:58.301,0.87834,0.87857,1.75,1.75
2017.08.04 12:30:58.607,0.87825,0.87848,1.50,1.37
2017.08.04 12:30:58.658,0.87822,0.87847,1.75,2.62
2017.08.04 12:30:58.801,0.87821,0.87845,1.87,1.37
2017.08.04 12:30:59.005,0.87825,0.87845,1.00,1.37
2017.08.04 12:30:59.056,0.87826,0.87846,1.00,1.12
2017.08.04 12:30:59.363,0.87826,0.87847,1.00,1.75
2017.08.04 12:30:59.502,0.87823,0.87848,1.75,2.25
2017.08.04 12:30:59.707,0.87828,0.87847,1.00,1.75
2017.08.04 12:30:59.758,0.87825,0.87849,1.12,1.75
2017.08.04 12:30:59.911,0.87825,0.87847,1.00,2.25
2017.08.04 12:31:00.222,0.87806,0.8783,2.25,1.75
2017.08.04 12:31:00.273,0.87804,0.8783,1.00,2.25
2017.08.04 12:31:00.427,0.878,0.87823,1.87,1.00
2017.08.04 12:31:00.478,0.87798,0.87822,1.50,1.12
2017.08.04 12:31:00.531,0.87793,0.8782,2.25,3.75
2017.08.04 12:31:00.582,0.87791,0.87817,1.75,3.75
2017.08.04 12:31:00.831,0.87788,0.87815,1.50,2.25
2017.08.04 12:31:01.391,0.87788,0.8781,1.00,1.00
2017.08.04 12:31:01.494,0.87788,0.87813,1.00,1.50
2017.08.04 12:31:01.547,0.87786,0.87813,1.12,1.75
2017.08.04 12:31:01.855,0.87782,0.87795,1.37,3.75
2017.08.04 12:31:01.906,0.8777,0.87796,3.37,1.00
2017.08.04 12:31:02.062,0.87786,0.878,1.37,2.62
2017.08.04 12:31:02.115,0.87786,0.878,1.12,2.62
2017.08.04 12:31:02.167,0.87786,0.87806,1.12,3.75
2017.08.04 12:31:02.270,0.87779,0.87794,1.75,4.50
2017.08.04 12:31:02.517,0.8777,0.87788,2.25,1.87
2017.08.04 12:31:02.569,0.87765,0.87787,1.00,1.00
2017.08.04 12:31:02.623,0.8776,0.87787,1.50,1.12
2017.08.04 12:31:02.938,0.87746,0.87765,3.00,3.75
2017.08.04 12:31:02.991,0.87745,0.8776,1.00,3.75
2017.08.04 12:31:03.166,0.87742,0.87763,1.00,1.12
2017.08.04 12:31:03.269,0.87742,0.87765,1.50,1.12
2017.08.04 12:31:03.324,0.87745,0.87765,1.00,1.12
2017.08.04 12:31:03.580,0.87736,0.87762,2.25,1.75
2017.08.04 12:31:03.765,0.87738,0.87763,1.12,4.87
2017.08.04 12:31:04.072,0.87736,0.87761,1.75,4.50
2017.08.04 12:31:04.123,0.87736,0.87763,1.50,5.25
2017.08.04 12:31:04.655,0.87737,0.87762,1.00,1.12
2017.08.04 12:31:04.707,0.87734,0.87761,1.87,1.12
2017.08.04 12:31:04.964,0.87737,0.87763,1.87,1.75
2017.08.04 12:31:05.111,0.8774,0.87765,4.12,1.50
2017.08.04 12:31:05.162,0.87742,0.87765,1.12,1.50
2017.08.04 12:31:05.316,0.87743,0.87765,1.75,1.12
2017.08.04 12:31:05.418,0.87745,0.87767,1.12,1.00
2017.08.04 12:31:05.470,0.87742,0.87767,1.75,1.75
2017.08.04 12:31:05.521,0.87745,0.87767,1.37,1.75
2017.08.04 12:31:05.687,0.87744,0.8777,1.12,1.87
2017.08.04 12:31:06.249,0.87744,0.87769,1.75,1.12
2017.08.04 12:31:06.552,0.87741,0.87761,1.87,3.75
2017.08.04 12:31:06.603,0.8774,0.87761,1.12,3.75
2017.08.04 12:31:06.655,0.87737,0.87759,3.00,1.75
2017.08.04 12:31:06.707,0.8774,0.87759,1.12,1.12
2017.08.04 12:31:06.758,0.87749,0.87759,1.00,1.00
2017.08.04 12:31:06.861,0.87751,0.87763,1.50,1.00
2017.08.04 12:31:06.984,0.87749,0.87759,1.75,1.00
2017.08.04 12:31:07.036,0.87739,0.87759,2.25,1.75
2017.08.04 12:31:07.138,0.87738,0.87759,1.12,1.75
2017.08.04 12:31:07.243,0.87735,0.87761,1.87,1.87
2017.08.04 12:31:07.294,0.87733,0.87759,4.12,1.37
2017.08.04 12:31:07.397,0.87735,0.87761,4.50,1.87
2017.08.04 12:31:07.499,0.87736,0.87761,1.00,4.87
2017.08.04 12:31:07.701,0.87732,0.87757,1.37,1.75
2017.08.04 12:31:07.752,0.87733,0.87748,1.00,1.00
2017.08.04 12:31:08.108,0.87735,0.87754,1.75,1.37
2017.08.04 12:31:08.422,0.87744,0.87759,1.12,1.00
2017.08.04 12:31:08.473,0.87745,0.87763,1.12,1.00
2017.08.04 12:31:08.983,0.87743,0.87764,1.50,2.25
2017.08.04 12:31:09.119,0.87738,0.87757,1.75,1.75
2017.08.04 12:31:09.221,0.87737,0.87757,1.50,1.75
2017.08.04 12:31:09.426,0.87735,0.87756,1.87,1.50
2017.08.04 12:31:09.529,0.87737,0.87754,1.12,1.00
2017.08.04 12:31:09.582,0.87737,0.87754,1.37,1.00
2017.08.04 12:31:09.634,0.87736,0.87754,1.00,1.00
2017.08.04 12:31:09.686,0.87734,0.8775,1.75,1.00
2017.08.04 12:31:09.928,0.87723,0.87744,1.12,1.00
2017.08.04 12:31:10.082,0.87723,0.87746,1.12,1.12
2017.08.04 12:31:10.500,0.87742,0.87755,1.12,2.62
2017.08.04 12:31:10.554,0.87742,0.87759,3.52,2.25
2017.08.04 12:31:10.605,0.87746,0.87759,1.50,2.25
2017.08.04 12:31:10.657,0.87754,0.87774,4.12,3.75
2017.08.04 12:31:10.761,0.87752,0.87774,3.75,1.00
2017.08.04 12:31:10.814,0.87755,0.87779,1.75,1.87
2017.08.04 12:31:11.212,0.87753,0.87777,1.87,1.12
2017.08.04 12:31:11.264,0.87753,0.87776,1.12,1.50
2017.08.04 12:31:11.785,0.87753,0.87778,1.12,3.75
2017.08.04 12:31:12.296,0.87752,0.87775,1.12,1.50
2017.08.04 12:31:12.637,0.87749,0.87774,1.12,1.37
2017.08.04 12:31:12.945,0.87745,0.87771,1.75,2.25
2017.08.04 12:31:13.247,0.87752,0.87772,1.37,1.12
2017.08.04 12:31:13.554,0.87753,0.87772,1.75,1.00
2017.08.04 12:31:13.606,0.87753,0.87776,1.75,1.75
2017.08.04 12:31:13.946,0.87754,0.87776,1.75,1.12
2017.08.04 12:31:13.999,0.87755,0.87776,1.75,1.00
2017.08.04 12:31:14.051,0.87759,0.87782,1.75,1.50
2017.08.04 12:31:14.154,0.87761,0.87783,1.12,1.00
2017.08.04 12:31:14.463,0.87759,0.87782,1.75,2.25
2017.08.04 12:31:14.605,0.87758,0.87782,1.37,1.75
2017.08.04 12:31:14.868,0.87755,0.87777,1.12,1.75
2017.08.04 12:31:15.021,0.87747,0.87769,3.00,1.12
2017.08.04 12:31:15.199,0.8775,0.87769,1.37,1.12
2017.08.04 12:31:15.353,0.87757,0.87781,1.12,2.25
2017.08.04 12:31:15.405,0.87757,0.87781,1.37,2.25
2017.08.04 12:31:15.712,0.87758,0.87778,1.37,1.75
2017.08.04 12:31:15.895,0.87754,0.87774,1.00,1.50
2017.08.04 12:31:15.998,0.87754,0.87772,1.00,1.50
2017.08.04 12:31:16.100,0.87752,0.87771,1.00,1.50
2017.08.04 12:31:16.462,0.87755,0.87772,1.50,1.00
2017.08.04 12:31:16.567,0.87758,0.87775,1.00,1.00
2017.08.04 12:31:16.670,0.87755,0.8778,1.75,2.25
2017.08.04 12:31:17.084,0.87754,0.87778,2.62,1.75
2017.08.04 12:31:17.187,0.87754,0.87779,2.62,2.25
2017.08.04 12:31:17.345,0.87754,0.87775,1.87,1.12
2017.08.04 12:31:17.396,0.87755,0.87775,1.37,1.12
2017.08.04 12:31:18.153,0.87756,0.87779,1.37,1.75
2017.08.04 12:31:18.675,0.87756,0.87779,1.37,2.25
2017.08.04 12:31:18.921,0.87753,0.87777,2.62,1.75
2017.08.04 12:31:18.977,0.87753,0.87777,1.12,1.75
2017.08.04 12:31:19.489,0.87751,0.87775,3.00,1.75
2017.08.04 12:31:19.626,0.87751,0.87771,1.12,1.50
2017.08.04 12:31:20.187,0.87751,0.8777,1.12,1.50
2017.08.04 12:31:20.368,0.87753,0.87772,1.75,1.00
2017.08.04 12:31:20.419,0.87755,0.87775,1.75,1.00
2017.08.04 12:31:20.778,0.87757,0.8778,2.62,2.25
2017.08.04 12:31:21.124,0.87762,0.8778,1.00,1.12
2017.08.04 12:31:21.693,0.87763,0.87784,1.00,1.12
2017.08.04 12:31:21.795,0.87764,0.87785,1.12,1.75
2017.08.04 12:31:21.846,0.87764,0.87783,1.50,1.12
2017.08.04 12:31:22.102,0.87766,0.87787,1.50,1.50
2017.08.04 12:31:22.408,0.87773,0.87793,2.62,1.87
2017.08.04 12:31:22.715,0.87778,0.87799,1.75,1.37
2017.08.04 12:31:23.050,0.87783,0.87802,1.12,3.75
2017.08.04 12:31:23.356,0.87767,0.87781,1.00,1.75
2017.08.04 12:31:23.460,0.87767,0.8778,1.00,1.50
2017.08.04 12:31:23.562,0.87767,0.87781,1.00,1.12
2017.08.04 12:31:23.726,0.87764,0.87788,5.25,1.37
2017.08.04 12:31:23.779,0.87767,0.87791,1.75,1.12
2017.08.04 12:31:23.881,0.87768,0.87792,1.75,1.12
2017.08.04 12:31:23.983,0.87768,0.8779,1.00,3.75
2017.08.04 12:31:24.188,0.87764,0.87785,1.37,1.37
2017.08.04 12:31:24.454,0.87761,0.87784,1.75,1.12
2017.08.04 12:31:24.506,0.87761,0.87786,1.87,1.12
2017.08.04 12:31:24.762,0.87768,0.87784,1.12,1.12
2017.08.04 12:31:25.082,0.87768,0.87777,1.37,1.50
2017.08.04 12:31:25.186,0.87757,0.87777,1.00,2.25
2017.08.04 12:31:25.289,0.87757,0.87777,1.12,1.87
2017.08.04 12:31:25.443,0.8776,0.87778,1.12,1.87
2017.08.04 12:31:25.494,0.87758,0.87781,1.12,1.12
2017.08.04 12:31:25.546,0.87758,0.87781,1.12,1.12
2017.08.04 12:31:25.820,0.87758,0.8778,1.50,1.75
2017.08.04 12:31:25.872,0.87757,0.8778,2.62,1.75
2017.08.04 12:31:25.924,0.87757,0.8778,3.00,1.75
2017.08.04 12:31:25.977,0.87761,0.8778,1.37,1.00
2017.08.04 12:31:26.305,0.87765,0.87788,1.00,1.12
2017.08.04 12:31:26.458,0.87763,0.87786,1.75,1.50
2017.08.04 12:31:26.767,0.87767,0.8779,5.62,1.50
2017.08.04 12:31:27.123,0.8777,0.87794,1.87,1.75
2017.08.04 12:31:27.175,0.87768,0.87793,1.12,3.00
2017.08.04 12:31:27.226,0.87768,0.87792,1.00,1.75
2017.08.04 12:31:27.432,0.87766,0.87788,1.12,1.75
2017.08.04 12:31:27.778,0.87771,0.87794,5.62,2.62
2017.08.04 12:31:27.830,0.87772,0.87798,1.12,1.87
2017.08.04 12:31:28.087,0.87777,0.87796,2.25,1.12
2017.08.04 12:31:28.139,0.87779,0.87799,1.00,1.50
2017.08.04 12:31:28.308,0.87774,0.87791,1.75,1.75
2017.08.04 12:31:28.412,0.87766,0.87791,5.62,2.25
2017.08.04 12:31:28.465,0.87766,0.8779,1.12,1.50
2017.08.04 12:31:28.568,0.87768,0.87791,4.50,1.37
2017.08.04 12:31:28.910,0.87774,0.87794,1.75,1.00
2017.08.04 12:31:29.012,0.87776,0.87801,1.75,1.87
2017.08.04 12:31:29.660,0.87776,0.87799,1.12,1.50
2017.08.04 12:31:29.866,0.87777,0.87801,1.00,3.75
2017.08.04 12:31:30.171,0.87781,0.87794,1.12,1.00
2017.08.04 12:31:30.273,0.8778,0.87801,1.00,1.87
2017.08.04 12:31:30.325,0.87781,0.87799,1.50,4.12
2017.08.04 12:31:30.529,0.87769,0.87792,1.12,4.50
2017.08.04 12:31:30.671,0.87766,0.87789,1.75,4.50
2017.08.04 12:31:30.723,0.87765,0.87788,1.00,3.75
2017.08.04 12:31:30.826,0.8776,0.87785,1.12,1.75
2017.08.04 12:31:30.983,0.87759,0.87782,1.12,1.75
2017.08.04 12:31:31.295,0.87767,0.87783,1.00,1.00
2017.08.04 12:31:31.347,0.87759,0.87782,3.75,1.12
2017.08.04 12:31:31.398,0.87762,0.87782,3.75,1.00
2017.08.04 12:31:31.449,0.87763,0.87788,1.87,1.75
2017.08.04 12:31:31.705,0.87765,0.87785,1.12,1.75
2017.08.04 12:31:31.927,0.87759,0.87779,1.50,1.87
2017.08.04 12:31:31.979,0.87758,0.87779,1.12,1.87
2017.08.04 12:31:32.031,0.87756,0.87779,1.12,1.12
2017.08.04 12:31:32.186,0.87756,0.8778,1.75,2.62
2017.08.04 12:31:32.500,0.87762,0.87781,1.00,1.12
2017.08.04 12:31:32.807,0.87758,0.87779,1.37,1.75
2017.08.04 12:31:33.140,0.87745,0.87763,1.42,3.75
2017.08.04 12:31:33.192,0.87747,0.8776,1.00,1.50
2017.08.04 12:31:33.243,0.8774,0.87758,2.62,1.75
2017.08.04 12:31:33.295,0.8774,0.87758,2.62,1.12
2017.08.04 12:31:33.348,0.87739,0.8776,1.12,1.75
2017.08.04 12:31:33.451,0.87741,0.8776,1.12,1.12
2017.08.04 12:31:33.797,0.87738,0.87759,1.37,1.50
2017.08.04 12:31:34.107,0.87732,0.87753,1.50,1.75
2017.08.04 12:31:34.159,0.8773,0.87753,1.12,1.75
2017.08.04 12:31:34.455,0.87726,0.8774,1.75,1.75
2017.08.04 12:31:34.519,0.87721,0.87738,2.62,1.75
2017.08.04 12:31:34.570,0.87721,0.87735,2.62,1.75
2017.08.04 12:31:34.622,0.87716,0.87736,3.00,2.25
2017.08.04 12:31:34.673,0.87716,0.87736,2.62,2.25
2017.08.04 12:31:34.724,0.87713,0.87736,1.37,1.75
2017.08.04 12:31:34.878,0.8771,0.87735,1.12,1.75
2017.08.04 12:31:34.929,0.87713,0.87735,1.12,1.00
2017.08.04 12:31:35.245,0.87713,0.87736,2.62,1.75
2017.08.04 12:31:35.347,0.87715,0.87736,1.00,1.75
2017.08.04 12:31:35.551,0.87712,0.87736,1.37,2.25
2017.08.04 12:31:35.750,0.87712,0.87734,1.87,1.50
2017.08.04 12:31:35.818,0.87712,0.87735,1.50,1.75
2017.08.04 12:31:36.198,0.87709,0.87732,2.62,3.75
2017.08.04 12:31:36.249,0.87711,0.87731,1.12,1.00
2017.08.04 12:31:36.300,0.87714,0.87735,2.25,1.00
2017.08.04 12:31:36.454,0.87716,0.8774,1.75,1.12
2017.08.04 12:31:36.573,0.87718,0.87742,3.00,1.75
2017.08.04 12:31:36.769,0.8772,0.87745,1.87,4.50
2017.08.04 12:31:37.025,0.87721,0.87743,1.75,4.50
2017.08.04 12:31:37.160,0.87719,0.87743,1.87,3.75
2017.08.04 12:31:37.325,0.87718,0.87742,2.25,1.75
2017.08.04 12:31:37.873,0.87716,0.8774,1.12,3.75
2017.08.04 12:31:37.925,0.87718,0.87741,1.37,4.50
2017.08.04 12:31:38.181,0.87717,0.87743,1.50,1.12
2017.08.04 12:31:38.284,0.87717,0.87738,1.00,3.75
2017.08.04 12:31:38.388,0.87718,0.87738,1.37,1.75
2017.08.04 12:31:38.440,0.87721,0.87738,1.00,1.50
2017.08.04 12:31:38.766,0.87719,0.87742,1.00,1.75
2017.08.04 12:31:38.869,0.87715,0.87738,1.87,3.75
2017.08.04 12:31:38.920,0.87715,0.87738,1.87,1.75
2017.08.04 12:31:39.073,0.87714,0.87738,1.12,1.75
2017.08.04 12:31:39.423,0.87716,0.87735,1.00,1.50
2017.08.04 12:31:39.728,0.8772,0.87746,1.50,6.00
2017.08.04 12:31:39.986,0.87719,0.87737,1.00,3.75
2017.08.04 12:31:40.140,0.87716,0.87737,1.12,1.75
2017.08.04 12:31:40.192,0.87713,0.87739,1.12,2.25
2017.08.04 12:31:40.243,0.87712,0.87737,4.50,1.00
2017.08.04 12:31:40.548,0.87727,0.87746,1.75,2.25
2017.08.04 12:31:40.599,0.87729,0.87743,1.00,1.00
2017.08.04 12:31:40.651,0.87729,0.87746,1.50,1.00
2017.08.04 12:31:40.702,0.87729,0.87754,1.12,1.75
2017.08.04 12:31:40.753,0.87732,0.87754,1.75,1.12
2017.08.04 12:31:41.264,0.87734,0.87758,2.25,1.75
2017.08.04 12:31:41.573,0.87734,0.87757,1.12,1.75
2017.08.04 12:31:42.067,0.87734,0.87757,1.75,1.12
2017.08.04 12:31:42.271,0.87731,0.87757,2.25,2.62
2017.08.04 12:31:42.322,0.87731,0.87755,1.87,1.75
2017.08.04 12:31:42.373,0.87729,0.87755,3.00,1.87
2017.08.04 12:31:42.426,0.87729,0.87755,3.00,2.25
2017.08.04 12:31:42.915,0.87725,0.87746,1.00,2.25
2017.08.04 12:31:42.966,0.87723,0.87743,1.00,1.75
2017.08.04 12:31:43.279,0.87722,0.87739,1.50,1.50
2017.08.04 12:31:43.585,0.87714,0.87736,1.75,1.50
2017.08.04 12:31:43.636,0.87714,0.87736,1.75,1.87
2017.08.04 12:31:43.961,0.87715,0.87738,1.75,1.12
2017.08.04 12:31:44.115,0.87715,0.87739,1.75,1.87
2017.08.04 12:31:44.166,0.87714,0.87736,1.12,1.12
2017.08.04 12:31:44.502,0.87717,0.87737,1.50,1.37
2017.08.04 12:31:44.657,0.87718,0.87739,1.12,1.37
2017.08.04 12:31:45.205,0.87717,0.87741,1.00,2.62
2017.08.04 12:31:45.256,0.87717,0.87739,1.00,1.75
2017.08.04 12:31:45.561,0.87719,0.87738,1.00,1.75
2017.08.04 12:31:46.083,0.87719,0.87738,1.00,2.62
2017.08.04 12:31:46.491,0.87716,0.87738,1.00,1.75
2017.08.04 12:31:46.542,0.87718,0.87738,1.00,1.75
2017.08.04 12:31:46.647,0.87715,0.87737,1.87,1.75
2017.08.04 12:31:46.855,0.87713,0.87734,2.25,1.75
2017.08.04 12:31:47.060,0.8771,0.87733,1.75,2.62
2017.08.04 12:31:47.111,0.87709,0.87732,1.00,2.25
2017.08.04 12:31:47.418,0.87712,0.87729,1.00,1.37
2017.08.04 12:31:47.574,0.87713,0.87732,1.12,1.37
2017.08.04 12:31:47.677,0.87713,0.87735,1.75,1.50
2017.08.04 12:31:47.728,0.87714,0.87737,2.25,1.12
2017.08.04 12:31:48.034,0.87722,0.87742,1.75,1.12
2017.08.04 12:31:48.187,0.87721,0.87743,1.75,1.50
2017.08.04 12:31:48.564,0.87722,0.87742,1.50,1.75
2017.08.04 12:31:48.818,0.87721,0.87744,2.25,1.75
2017.08.04 12:31:49.021,0.87731,0.87747,1.75,1.87
2017.08.04 12:31:49.077,0.87732,0.87752,1.12,1.75
2017.08.04 12:31:49.179,0.87736,0.87756,1.12,1.37
2017.08.04 12:31:49.231,0.87738,0.87756,1.00,1.37
2017.08.04 12:31:49.385,0.87737,0.87759,1.75,1.12
2017.08.04 12:31:49.899,0.87742,0.87762,1.00,1.12
2017.08.04 12:31:50.205,0.87733,0.87754,1.00,4.12
2017.08.04 12:31:50.391,0.87728,0.8775,1.12,1.87
2017.08.04 12:31:50.648,0.87726,0.87748,1.50,1.87
2017.08.04 12:31:50.701,0.87743,0.8775,1.00,1.00
2017.08.04 12:31:50.753,0.8774,0.8775,1.50,1.50
2017.08.04 12:31:50.806,0.87742,0.87752,1.37,1.37
2017.08.04 12:31:50.948,0.87743,0.87763,1.00,2.25
2017.08.04 12:31:51.003,0.87746,0.87763,1.00,1.75
2017.08.04 12:31:51.206,0.87744,0.87763,1.00,1.75
2017.08.04 12:31:51.309,0.87742,0.87763,1.87,1.75
2017.08.04 12:31:51.512,0.87744,0.87763,1.00,1.75
2017.08.04 12:31:51.702,0.87742,0.87758,1.00,1.00
2017.08.04 12:31:51.957,0.87742,0.87761,1.75,1.00
2017.08.04 12:31:52.059,0.87742,0.87763,1.75,1.12
2017.08.04 12:31:52.111,0.87744,0.87765,1.75,2.62
2017.08.04 12:31:52.214,0.87743,0.87765,2.25,1.75
2017.08.04 12:31:52.464,0.87739,0.8776,2.25,1.50
2017.08.04 12:31:52.771,0.87758,0.87763,2.25,1.00
2017.08.04 12:31:53.213,0.87765,0.87784,4.87,9.37
2017.08.04 12:31:53.264,0.87765,0.87778,1.00,1.00
2017.08.04 12:31:53.318,0.87761,0.87785,2.25,4.12
2017.08.04 12:31:53.573,0.87762,0.8778,1.75,1.00
2017.08.04 12:31:53.624,0.87763,0.87783,1.75,1.00
2017.08.04 12:31:53.779,0.87762,0.8778,1.50,1.50
2017.08.04 12:31:54.086,0.87756,0.87767,1.00,1.75
2017.08.04 12:31:54.137,0.87749,0.87767,1.12,1.75
2017.08.04 12:31:54.188,0.87749,0.87767,1.00,1.75
2017.08.04 12:31:54.291,0.87743,0.87765,1.75,1.50
2017.08.04 12:31:54.343,0.87742,0.87763,1.75,1.00
2017.08.04 12:31:54.394,0.87742,0.87763,1.50,1.50
2017.08.04 12:31:54.562,0.87741,0.87764,2.62,1.12
2017.08.04 12:31:54.866,0.87741,0.87762,2.25,1.87
2017.08.04 12:31:55.173,0.87745,0.87767,1.12,1.37
2017.08.04 12:31:55.409,0.8775,0.87773,2.62,1.50
2017.08.04 12:31:55.563,0.87754,0.87771,1.00,1.37
2017.08.04 12:31:55.615,0.87751,0.8777,1.00,1.37
2017.08.04 12:31:55.667,0.87751,0.87769,1.00,1.75
2017.08.04 12:31:55.870,0.87747,0.87769,1.75,1.12
2017.08.04 12:31:56.012,0.87742,0.8776,1.75,1.12
2017.08.04 12:31:56.114,0.87736,0.8776,1.75,1.87
2017.08.04 12:31:56.267,0.87743,0.87758,1.00,1.00
2017.08.04 12:31:56.622,0.87748,0.87768,1.12,2.62
2017.08.04 12:31:56.674,0.87749,0.87766,1.37,1.00
2017.08.04 12:31:56.777,0.87748,0.87771,1.12,1.87
2017.08.04 12:31:56.930,0.87747,0.87771,5.25,1.50
2017.08.04 12:31:56.981,0.87747,0.87772,5.25,1.87
2017.08.04 12:31:57.237,0.8775,0.87774,1.75,1.87
2017.08.04 12:31:57.395,0.87755,0.87776,1.75,1.00
2017.08.04 12:31:57.549,0.87764,0.87783,1.50,1.50
2017.08.04 12:31:57.651,0.87764,0.87787,1.75,2.25
2017.08.04 12:31:57.753,0.87762,0.87783,1.87,1.12
2017.08.04 12:31:58.146,0.87763,0.87781,1.75,1.00
2017.08.04 12:31:58.198,0.87763,0.87783,1.75,1.00
2017.08.04 12:31:58.605,0.87763,0.87783,2.25,1.50
2017.08.04 12:31:58.707,0.87763,0.87786,2.25,1.87
2017.08.04 12:31:58.953,0.87766,0.87784,1.00,1.00
2017.08.04 12:31:59.362,0.87764,0.87781,1.12,1.00
2017.08.04 12:31:59.414,0.87764,0.87787,1.75,2.25
2017.08.04 12:31:59.465,0.87764,0.87782,1.50,1.00
2017.08.04 12:31:59.567,0.87764,0.87785,1.50,1.87
2017.08.04 12:31:59.748,0.87763,0.87783,1.50,1.00
2017.08.04 12:31:59.799,0.87763,0.87785,1.00,2.25
2017.08.04 12:32:00.005,0.87766,0.87789,1.37,1.75
2017.08.04 12:32:00.162,0.87768,0.87791,1.75,1.12
2017.08.04 12:32:00.213,0.87768,0.87789,1.50,1.37
2017.08.04 12:32:00.681,0.87765,0.87783,1.75,1.00
2017.08.04 12:32:00.732,0.87765,0.87787,1.75,1.87
2017.08.04 12:32:00.835,0.87763,0.87785,1.12,1.12
2017.08.04 12:32:01.033,0.87764,0.87789,1.75,2.25
2017.08.04 12:32:01.391,0.87767,0.87787,1.87,1.00
2017.08.04 12:32:01.618,0.8777,0.87791,1.12,1.12
2017.08.04 12:32:01.671,0.87769,0.87789,1.50,1.12
2017.08.04 12:32:01.725,0.87766,0.87787,1.75,1.75
2017.08.04 12:32:01.828,0.87761,0.87782,1.87,2.62
2017.08.04 12:32:01.982,0.87761,0.87783,1.87,1.75
2017.08.04 12:32:02.085,0.87761,0.87781,3.00,1.00
2017.08.04 12:32:02.136,0.87761,0.87783,1.00,1.75
2017.08.04 12:32:02.321,0.87755,0.87778,2.25,1.12
2017.08.04 12:32:02.590,0.87762,0.8778,1.12,1.00
2017.08.04 12:32:02.846,0.8777,0.87791,1.75,1.12
2017.08.04 12:32:02.992,0.87777,0.87794,1.00,1.12
2017.08.04 12:32:03.299,0.87781,0.87791,1.00,1.87
2017.08.04 12:32:03.351,0.87777,0.8779,1.50,1.37
2017.08.04 12:32:03.453,0.87779,0.87791,2.62,1.50
2017.08.04 12:32:03.883,0.87779,0.8779,3.37,1.12
2017.08.04 12:32:03.935,0.87779,0.87792,2.62,3.00
2017.08.04 12:32:04.141,0.87785,0.87795,1.00,1.37
2017.08.04 12:32:04.438,0.87785,0.87798,2.62,1.00
2017.08.04 12:32:04.541,0.87785,0.87795,2.62,1.00
2017.08.04 12:32:04.643,0.87782,0.87795,3.37,1.37
2017.08.04 12:32:04.746,0.87782,0.87794,3.37,1.12
2017.08.04 12:32:05.091,0.87775,0.87785,1.12,1.12
2017.08.04 12:32:05.251,0.87768,0.87778,1.50,1.00
2017.08.04 12:32:05.353,0.8777,0.87783,1.12,2.62
2017.08.04 12:32:05.457,0.87771,0.87783,2.62,1.87
2017.08.04 12:32:05.560,0.87769,0.87783,3.37,1.87
2017.08.04 12:32:05.824,0.87773,0.87784,1.00,2.62
2017.08.04 12:32:05.926,0.87779,0.8779,1.87,1.37
2017.08.04 12:32:05.977,0.87781,0.8779,1.00,1.37
2017.08.04 12:32:06.233,0.87781,0.87794,2.62,1.50
2017.08.04 12:32:06.336,0.87783,0.87794,1.00,2.62
2017.08.04 12:32:06.454,0.87784,0.87795,1.50,1.12
2017.08.04 12:32:06.762,0.87782,0.87796,2.25,3.37
2017.08.04 12:32:06.813,0.87781,0.87791,3.37,1.00
2017.08.04 12:32:07.119,0.87783,0.87789,2.62,1.00
2017.08.04 12:32:07.171,0.87778,0.87791,1.12,2.62
2017.08.04 12:32:07.274,0.87776,0.87787,2.62,1.00
2017.08.04 12:32:07.427,0.87773,0.87787,3.37,1.50
2017.08.04 12:32:07.580,0.87778,0.87787,1.00,1.50
2017.08.04 12:32:07.736,0.87776,0.87787,1.00,1.37
2017.08.04 12:32:07.872,0.87771,0.87787,3.37,2.62
2017.08.04 12:32:08.029,0.87769,0.87783,3.37,2.62
2017.08.04 12:32:08.233,0.87768,0.87779,1.00,1.00
2017.08.04 12:32:08.336,0.87767,0.87782,4.12,2.62
2017.08.04 12:32:08.639,0.87775,0.87786,1.00,1.00
2017.08.04 12:32:09.096,0.87775,0.87784,1.00,1.00
2017.08.04 12:32:09.248,0.87769,0.87784,3.37,3.37
2017.08.04 12:32:10.144,0.87771,0.87784,2.62,1.87
2017.08.04 12:32:10.453,0.87773,0.87786,2.62,2.62
2017.08.04 12:32:10.555,0.87774,0.87787,2.62,1.00
2017.08.04 12:32:10.753,0.87776,0.87788,2.62,1.75
2017.08.04 12:32:10.957,0.87772,0.87785,2.62,1.87
2017.08.04 12:32:11.009,0.87773,0.87783,1.00,4.50
2017.08.04 12:32:11.061,0.87769,0.87777,1.00,1.75
2017.08.04 12:32:11.163,0.87767,0.87772,4.50,1.50
2017.08.04 12:32:11.265,0.87763,0.87774,2.62,2.25
2017.08.04 12:32:11.435,0.87761,0.87771,1.37,1.12
2017.08.04 12:32:11.538,0.87761,0.87774,3.37,1.12
2017.08.04 12:32:11.589,0.87761,0.87774,3.37,1.12
2017.08.04 12:32:11.641,0.87767,0.87774,1.00,1.37
2017.08.04 12:32:11.692,0.87763,0.87776,1.12,3.00
2017.08.04 12:32:11.744,0.87766,0.87776,1.00,1.37
2017.08.04 12:32:11.847,0.87762,0.87776,3.37,1.37
2017.08.04 12:32:11.949,0.87766,0.87777,1.50,1.75
2017.08.04 12:32:12.261,0.87759,0.8777,2.62,1.12
2017.08.04 12:32:12.364,0.87756,0.8777,3.37,1.37
2017.08.04 12:32:12.466,0.87759,0.8777,2.62,1.37
2017.08.04 12:32:12.897,0.87759,0.87767,2.62,1.00
2017.08.04 12:32:12.949,0.87758,0.87769,1.00,1.50
2017.08.04 12:32:13.052,0.87758,0.87769,3.37,1.37
2017.08.04 12:32:13.358,0.87753,0.87767,3.37,1.37
2017.08.04 12:32:13.649,0.87755,0.87767,2.62,1.12
2017.08.04 12:32:13.853,0.87752,0.87765,3.37,1.00
2017.08.04 12:32:13.981,0.87755,0.87766,2.62,1.12
2017.08.04 12:32:14.304,0.87755,0.87764,1.00,2.62
2017.08.04 12:32:14.356,0.87762,0.87776,2.62,1.87
2017.08.04 12:32:14.459,0.87763,0.87772,2.62,1.00
2017.08.04 12:32:14.562,0.87759,0.87772,1.50,1.50
2017.08.04 12:32:14.869,0.87757,0.8777,1.50,1.50
2017.08.04 12:32:15.371,0.87759,0.87771,1.00,3.37
2017.08.04 12:32:15.473,0.8776,0.87773,1.12,3.37
2017.08.04 12:32:15.574,0.8776,0.87774,2.25,3.37
2017.08.04 12:32:15.910,0.8776,0.8777,1.75,1.00
2017.08.04 12:32:16.013,0.87759,0.87772,3.37,1.87
2017.08.04 12:32:16.065,0.8776,0.87772,1.00,2.62
2017.08.04 12:32:16.269,0.87757,0.87768,1.00,1.00
2017.08.04 12:32:16.371,0.87756,0.87766,1.12,2.62
2017.08.04 12:32:16.526,0.87757,0.8777,2.25,2.62
2017.08.04 12:32:16.583,0.8776,0.87774,1.50,2.62
2017.08.04 12:32:16.685,0.87763,0.87773,1.00,1.00
2017.08.04 12:32:16.990,0.87768,0.87779,1.50,1.00
2017.08.04 12:32:17.582,0.87761,0.87773,3.37,1.00
2017.08.04 12:32:18.064,0.87765,0.87778,1.00,2.62
2017.08.04 12:32:18.116,0.87771,0.87778,1.00,2.62
2017.08.04 12:32:18.168,0.87772,0.87787,2.62,1.87
2017.08.04 12:32:18.221,0.87773,0.87787,1.50,1.50
2017.08.04 12:32:18.272,0.87775,0.87787,2.62,1.75
2017.08.04 12:32:18.776,0.87776,0.87787,1.00,1.75
2017.08.04 12:32:18.878,0.87776,0.87787,1.00,1.12
2017.08.04 12:32:18.982,0.87777,0.87789,2.62,1.12
2017.08.04 12:32:19.085,0.87776,0.8779,1.12,3.37
2017.08.04 12:32:19.187,0.87779,0.8779,2.25,1.00
2017.08.04 12:32:19.239,0.8778,0.8779,1.00,1.75
2017.08.04 12:32:19.573,0.87773,0.87785,2.62,1.75
2017.08.04 12:32:19.677,0.87772,0.87783,1.00,1.87
2017.08.04 12:32:20.236,0.87773,0.87784,1.00,2.62
2017.08.04 12:32:20.288,0.87773,0.87787,2.62,1.37
2017.08.04 12:32:20.339,0.87773,0.87784,2.62,1.12
2017.08.04 12:32:20.391,0.87774,0.87784,1.00,1.12
2017.08.04 12:32:20.495,0.87769,0.87785,2.62,1.75
2017.08.04 12:32:20.600,0.87774,0.87786,1.00,1.87
2017.08.04 12:32:20.876,0.87773,0.87785,2.62,1.00
2017.08.04 12:32:20.979,0.87774,0.87785,1.00,1.00
2017.08.04 12:32:21.287,0.87776,0.87787,1.00,1.12
2017.08.04 12:32:21.932,0.87778,0.87787,1.00,1.00
2017.08.04 12:32:22.085,0.87779,0.87794,1.50,3.37
2017.08.04 12:32:22.495,0.87779,0.87792,1.50,3.37
2017.08.04 12:32:22.801,0.87778,0.8779,1.00,1.00
2017.08.04 12:32:22.973,0.87774,0.87788,1.50,1.37
2017.08.04 12:32:23.281,0.87772,0.87786,2.62,3.37
2017.08.04 12:32:23.588,0.87771,0.87776,4.12,1.00
2017.08.04 12:32:23.639,0.87771,0.87778,4.12,2.25
2017.08.04 12:32:23.770,0.87763,0.87777,1.00,1.37
2017.08.04 12:32:24.279,0.87765,0.87779,2.62,3.00
2017.08.04 12:32:24.715,0.87763,0.87779,1.75,1.87
2017.08.04 12:32:25.439,0.87765,0.87777,1.12,1.37
2017.08.04 12:32:25.491,0.87765,0.87777,2.62,1.50
2017.08.04 12:32:25.593,0.87762,0.87776,3.37,1.00
2017.08.04 12:32:25.799,0.87765,0.87778,2.62,1.12
2017.08.04 12:32:25.930,0.87762,0.87778,3.37,5.25
2017.08.04 12:32:26.236,0.87765,0.87776,1.12,1.87
2017.08.04 12:32:26.491,0.87756,0.87771,1.75,3.37
2017.08.04 12:32:26.700,0.87761,0.87776,1.75,3.75
2017.08.04 12:32:26.905,0.87761,0.87775,1.12,3.37
2017.08.04 12:32:27.210,0.87762,0.87778,3.37,1.37
2017.08.04 12:32:27.465,0.87764,0.87777,1.12,2.25
2017.08.04 12:32:27.771,0.87762,0.87773,2.62,1.00
2017.08.04 12:32:27.822,0.87762,0.87777,2.62,1.12
2017.08.04 12:32:27.975,0.87762,0.87777,4.12,1.00
2017.08.04 12:32:28.470,0.87763,0.87777,1.75,1.87
2017.08.04 12:32:28.726,0.87761,0.87775,1.00,2.62
2017.08.04 12:32:28.777,0.87767,0.87775,1.00,2.62
2017.08.04 12:32:28.916,0.87769,0.8778,1.12,1.00
2017.08.04 12:32:29.025,0.87767,0.87782,3.37,1.12
2017.08.04 12:32:29.575,0.87769,0.87782,1.12,1.12
2017.08.04 12:32:29.708,0.87765,0.87777,1.00,1.75
2017.08.04 12:32:29.759,0.87765,0.87777,1.00,1.75
2017.08.04 12:32:29.914,0.87763,0.87775,1.00,1.75
2017.08.04 12:32:30.017,0.87759,0.87773,3.00,1.37
2017.08.04 12:32:30.119,0.8776,0.87774,3.37,1.87
2017.08.04 12:32:30.222,0.87758,0.87773,3.37,1.37
2017.08.04 12:32:30.500,0.87767,0.87775,1.00,1.12
2017.08.04 12:32:30.704,0.87773,0.87787,1.50,1.87
2017.08.04 12:32:30.806,0.87777,0.87789,1.00,1.37
2017.08.04 12:32:31.150,0.87775,0.87789,1.12,1.37
2017.08.04 12:32:31.202,0.87774,0.87789,3.37,1.87
2017.08.04 12:32:31.588,0.87773,0.87789,1.50,1.37
2017.08.04 12:32:31.639,0.87777,0.87792,1.75,1.00
2017.08.04 12:32:32.148,0.87776,0.8779,1.50,1.00
2017.08.04 12:32:32.630,0.87778,0.8779,1.00,1.00
2017.08.04 12:32:32.733,0.87779,0.87794,1.50,2.62
2017.08.04 12:32:33.026,0.87774,0.87793,3.37,2.62
2017.08.04 12:32:33.884,0.87775,0.87781,1.87,1.75
2017.08.04 12:32:33.986,0.87766,0.87777,1.00,1.75
2017.08.04 12:32:34.088,0.87766,0.87772,1.00,1.00
2017.08.04 12:32:34.139,0.8776,0.87772,1.50,1.00
2017.08.04 12:32:34.344,0.87757,0.87771,4.12,1.37
2017.08.04 12:32:34.717,0.87762,0.87776,1.00,3.37
2017.08.04 12:32:35.347,0.87764,0.87779,1.12,3.37
2017.08.04 12:32:35.708,0.87764,0.87773,1.00,1.12
2017.08.04 12:32:35.862,0.87754,0.87769,2.62,2.62
2017.08.04 12:32:36.048,0.87758,0.87771,1.75,1.00
2017.08.04 12:32:36.560,0.87758,0.87774,2.25,1.75
2017.08.04 12:32:36.897,0.8776,0.87773,1.75,1.12
2017.08.04 12:32:37.154,0.87753,0.87764,4.12,1.12
2017.08.04 12:32:37.307,0.87753,0.87763,3.37,1.50
2017.08.04 12:32:37.359,0.87752,0.87762,1.00,1.00
2017.08.04 12:32:37.503,0.87754,0.87765,1.00,2.62
2017.08.04 12:32:37.555,0.87755,0.87767,1.50,1.12
2017.08.04 12:32:37.810,0.87757,0.87771,1.00,2.62
2017.08.04 12:32:38.120,0.87762,0.87777,3.37,2.62
2017.08.04 12:32:38.171,0.87763,0.87775,1.12,1.12
2017.08.04 12:32:38.324,0.87763,0.87776,2.25,1.12
2017.08.04 12:32:38.861,0.87758,0.87772,1.75,1.12
2017.08.04 12:32:38.963,0.87758,0.87772,1.75,1.12
2017.08.04 12:32:39.271,0.87755,0.87768,3.37,2.25
2017.08.04 12:32:39.574,0.87758,0.87765,2.62,1.00
2017.08.04 12:32:39.637,0.87755,0.87766,3.37,1.75
2017.08.04 12:32:39.689,0.87755,0.87767,3.37,1.75
2017.08.04 12:32:39.740,0.87755,0.87767,3.37,1.50
2017.08.04 12:32:39.943,0.87758,0.87771,2.62,2.62
2017.08.04 12:32:40.045,0.87754,0.87769,2.62,1.12
2017.08.04 12:32:40.148,0.87759,0.8777,1.00,1.75
2017.08.04 12:32:40.453,0.87758,0.87771,4.12,2.62
2017.08.04 12:32:40.657,0.87756,0.8777,1.75,1.12
2017.08.04 12:32:41.069,0.87758,0.87768,2.62,1.75
2017.08.04 12:32:41.276,0.87757,0.87767,1.50,1.00
2017.08.04 12:32:41.378,0.87759,0.87769,1.00,1.75
2017.08.04 12:32:41.430,0.8776,0.87769,1.00,1.50
2017.08.04 12:32:41.532,0.87759,0.87771,1.12,1.00
2017.08.04 12:32:41.679,0.87764,0.87774,1.00,1.75
2017.08.04 12:32:41.992,0.8776,0.87774,3.37,1.75
2017.08.04 12:32:42.146,0.87761,0.87773,1.00,2.25
2017.08.04 12:32:42.439,0.8776,0.87771,1.00,1.75
2017.08.04 12:32:42.493,0.87756,0.87768,2.62,1.75
2017.08.04 12:32:42.651,0.87753,0.87766,3.37,1.12
2017.08.04 12:32:43.065,0.87751,0.87764,3.37,1.12
2017.08.04 12:32:43.116,0.87755,0.87764,1.00,1.12
2017.08.04 12:32:43.168,0.87752,0.87764,1.50,1.12
2017.08.04 12:32:43.271,0.87755,0.87767,2.62,2.62
2017.08.04 12:32:43.374,0.87753,0.87765,2.62,1.12
2017.08.04 12:32:43.476,0.87753,0.87764,1.00,1.75
2017.08.04 12:32:43.580,0.87753,0.87764,1.00,2.25
2017.08.04 12:32:43.812,0.8775,0.87763,1.50,1.12
2017.08.04 12:32:43.873,0.87752,0.87763,1.00,1.12
2017.08.04 12:32:44.077,0.87754,0.87764,1.00,1.12
2017.08.04 12:32:44.657,0.87751,0.87762,3.37,1.75
2017.08.04 12:32:44.759,0.87748,0.87761,4.12,1.87
2017.08.04 12:32:44.861,0.87752,0.87761,2.62,1.75
2017.08.04 12:32:44.963,0.87749,0.8776,2.62,1.87
2017.08.04 12:32:45.065,0.87746,0.87758,1.50,1.00
2017.08.04 12:32:45.167,0.87746,0.87759,4.12,1.37
2017.08.04 12:32:45.470,0.87754,0.87759,1.00,1.12
2017.08.04 12:32:45.679,0.87754,0.87767,1.12,3.00
2017.08.04 12:32:45.781,0.87756,0.87766,1.00,1.00
2017.08.04 12:32:46.175,0.87754,0.87766,1.12,1.87
2017.08.04 12:32:46.226,0.87755,0.87765,1.00,3.00
2017.08.04 12:32:46.536,0.8775,0.87759,1.00,2.62
2017.08.04 12:32:46.588,0.8775,0.87762,1.00,2.62
2017.08.04 12:32:46.639,0.87754,0.87762,1.00,2.62
2017.08.04 12:32:46.781,0.87755,0.87765,1.00,1.12
2017.08.04 12:32:47.038,0.87757,0.87767,1.00,2.62
2017.08.04 12:32:47.089,0.87757,0.87771,2.25,2.62
2017.08.04 12:32:47.244,0.8776,0.87771,1.00,2.62
2017.08.04 12:32:47.500,0.87764,0.87775,2.25,1.00
2017.08.04 12:32:47.603,0.87765,0.87778,1.50,3.37
2017.08.04 12:32:47.760,0.87763,0.87774,1.00,1.00
2017.08.04 12:32:47.813,0.87763,0.87771,1.00,1.00
2017.08.04 12:32:47.864,0.87763,0.87773,1.00,1.87
2017.08.04 12:32:47.915,0.87763,0.87771,1.00,1.00
2017.08.04 12:32:47.968,0.87758,0.87771,1.12,3.37
2017.08.04 12:32:48.071,0.87759,0.8777,2.62,1.12
2017.08.04 12:32:48.283,0.8776,0.87773,2.62,2.62
2017.08.04 12:32:48.690,0.8776,0.87769,2.62,1.00
2017.08.04 12:32:48.792,0.87756,0.87769,3.37,1.12
2017.08.04 12:32:48.895,0.87757,0.87769,1.12,1.75
2017.08.04 12:32:49.192,0.87764,0.87777,2.62,1.12
2017.08.04 12:32:49.294,0.87764,0.87776,1.50,1.50
2017.08.04 12:32:50.913,0.87765,0.87776,2.62,1.87
2017.08.04 12:32:51.118,0.87765,0.87777,1.12,3.37
2017.08.04 12:32:51.170,0.87767,0.87777,1.00,1.00
2017.08.04 12:32:51.477,0.87769,0.87782,2.62,3.37
2017.08.04 12:32:51.614,0.8777,0.87785,2.62,3.37
2017.08.04 12:32:52.240,0.87774,0.87785,1.00,2.62
2017.08.04 12:32:52.435,0.87774,0.87785,3.00,2.25
2017.08.04 12:32:52.489,0.87776,0.87787,1.00,1.00
2017.08.04 12:32:52.692,0.87774,0.87786,1.50,1.87
2017.08.04 12:32:53.001,0.87772,0.87784,2.62,1.12
2017.08.04 12:32:53.195,0.87768,0.87783,3.37,2.62
2017.08.04 12:32:53.502,0.87772,0.87782,1.00,1.00
2017.08.04 12:32:53.813,0.87777,0.87784,1.50,1.00
2017.08.04 12:32:54.221,0.87776,0.8779,3.37,1.87
2017.08.04 12:32:54.597,0.87776,0.87789,3.37,2.62
2017.08.04 12:32:55.106,0.87776,0.87786,2.62,3.37
2017.08.04 12:32:55.204,0.87775,0.87783,1.12,1.12
2017.08.04 12:32:55.258,0.87773,0.87781,2.62,4.50
2017.08.04 12:32:55.310,0.87769,0.8778,2.62,1.50
2017.08.04 12:32:55.364,0.87769,0.87778,2.62,1.00
2017.08.04 12:32:55.673,0.87777,0.87783,1.00,1.00
2017.08.04 12:32:55.727,0.87779,0.87787,2.62,1.00
2017.08.04 12:32:55.901,0.87776,0.87787,2.62,1.00
2017.08.04 12:32:56.003,0.87778,0.87787,2.62,1.00
2017.08.04 12:32:56.105,0.87775,0.87786,3.37,1.00
2017.08.04 12:32:56.156,0.87775,0.87788,2.62,1.12
2017.08.04 12:32:56.259,0.87775,0.87786,2.62,1.00
2017.08.04 12:32:56.310,0.87772,0.87787,2.62,1.50
2017.08.04 12:32:56.672,0.87771,0.87783,1.00,1.50
2017.08.04 12:32:56.978,0.87772,0.8778,1.00,1.00
2017.08.04 12:32:57.029,0.87768,0.87781,2.62,1.00
2017.08.04 12:32:57.131,0.87774,0.87785,1.00,2.62
2017.08.04 12:32:57.234,0.87774,0.87789,3.37,3.00
2017.08.04 12:32:57.486,0.87778,0.87789,1.00,1.12
2017.08.04 12:32:57.549,0.87778,0.87788,1.00,1.50
2017.08.04 12:32:57.806,0.87773,0.87787,3.37,1.00
2017.08.04 12:32:58.345,0.87772,0.87786,3.37,1.00
2017.08.04 12:32:58.854,0.87775,0.87786,1.00,1.50
2017.08.04 12:32:59.098,0.87769,0.87785,3.37,2.62
2017.08.04 12:32:59.405,0.87774,0.87789,2.62,1.50
2017.08.04 12:32:59.559,0.87778,0.8779,1.00,2.62
2017.08.04 12:32:59.612,0.87778,0.87791,2.62,1.07
2017.08.04 12:32:59.735,0.87777,0.87791,1.50,4.45
2017.08.04 12:33:00.041,0.87776,0.87789,1.12,1.07
2017.08.04 12:33:00.468,0.87772,0.87786,2.62,1.37
2017.08.04 12:33:00.986,0.87773,0.87782,2.62,1.07
2017.08.04 12:33:01.038,0.87771,0.87781,2.62,1.00
2017.08.04 12:33:01.141,0.87766,0.87781,2.62,2.25
2017.08.04 12:33:01.271,0.87767,0.8778,1.37,2.62
2017.08.04 12:33:01.579,0.87761,0.87768,1.00,2.62
2017.08.04 12:33:01.631,0.87758,0.8777,2.62,1.37
2017.08.04 12:33:01.733,0.87762,0.87769,1.00,2.62
2017.08.04 12:33:01.835,0.87762,0.8777,2.62,1.00
2017.08.04 12:33:01.887,0.87762,0.87775,2.62,3.37
2017.08.04 12:33:02.417,0.87763,0.87776,1.12,2.62
2017.08.04 12:33:02.961,0.87761,0.87774,2.62,2.62
2017.08.04 12:33:03.216,0.87768,0.87779,1.37,1.12
2017.08.04 12:33:03.420,0.87766,0.87776,1.75,1.00
2017.08.04 12:33:03.748,0.87768,0.87782,1.87,2.62
2017.08.04 12:33:04.865,0.87771,0.87782,1.50,1.75
2017.08.04 12:33:05.391,0.87769,0.87781,1.50,1.50
2017.08.04 12:33:05.443,0.87767,0.87775,1.37,1.00
2017.08.04 12:33:05.494,0.87767,0.87777,1.37,1.00
2017.08.04 12:33:05.545,0.87764,0.87775,1.75,2.62
2017.08.04 12:33:05.749,0.87766,0.87775,1.50,1.00
2017.08.04 12:33:06.267,0.87764,0.87775,1.75,1.00
2017.08.04 12:33:06.421,0.87765,0.87775,1.75,1.00
2017.08.04 12:33:06.958,0.87766,0.87775,1.00,1.00
2017.08.04 12:33:07.263,0.87768,0.87775,1.00,1.00
2017.08.04 12:33:07.366,0.87768,0.8778,1.00,3.37
2017.08.04 12:33:07.750,0.87767,0.87778,1.00,2.62
2017.08.04 12:33:07.852,0.87765,0.87776,1.12,1.12
2017.08.04 12:33:08.464,0.87766,0.87777,1.00,1.50
2017.08.04 12:33:08.821,0.8777,0.87777,1.00,1.50
2017.08.04 12:33:08.924,0.87767,0.87778,1.50,2.62
2017.08.04 12:33:08.977,0.87774,0.87778,1.00,2.62
2017.08.04 12:33:09.079,0.87775,0.87784,1.50,2.62
2017.08.04 12:33:09.186,0.87775,0.87785,1.87,2.25
2017.08.04 12:33:09.238,0.87779,0.87789,1.00,2.25
2017.08.04 12:33:09.289,0.87781,0.87791,1.50,2.62
2017.08.04 12:33:09.596,0.87785,0.87793,2.25,1.00
2017.08.04 12:33:09.647,0.87785,0.87799,2.25,4.87
2017.08.04 12:33:09.750,0.87787,0.87799,2.25,1.12
2017.08.04 12:33:10.083,0.87789,0.87799,1.00,3.37
2017.08.04 12:33:10.186,0.87788,0.87799,1.12,1.12
2017.08.04 12:33:10.598,0.87789,0.87801,1.50,1.50
2017.08.04 12:33:10.904,0.87793,0.87804,1.00,1.00
2017.08.04 12:33:11.438,0.87798,0.87804,1.00,1.00
2017.08.04 12:33:11.742,0.87803,0.87814,1.00,1.50
2017.08.04 12:33:11.793,0.87802,0.87814,2.25,1.50
2017.08.04 12:33:11.844,0.87803,0.87814,2.25,1.12
2017.08.04 12:33:11.999,0.878,0.87813,1.50,1.87
2017.08.04 12:33:12.050,0.87799,0.87812,3.37,2.25
2017.08.04 12:33:12.306,0.87795,0.87809,1.12,3.37
2017.08.04 12:33:12.407,0.87795,0.87809,2.25,1.50
2017.08.04 12:33:12.670,0.878,0.87809,1.00,1.50
2017.08.04 12:33:12.923,0.87803,0.87816,2.62,1.12
2017.08.04 12:33:12.974,0.878,0.87815,2.62,2.25
2017.08.04 12:33:13.247,0.87801,0.87812,1.00,3.00
2017.08.04 12:33:13.505,0.87797,0.87811,1.50,1.50
2017.08.04 12:33:13.793,0.878,0.87811,2.62,2.25
2017.08.04 12:33:13.974,0.87797,0.8781,4.12,1.50
2017.08.04 12:33:14.178,0.87799,0.87811,2.62,1.12
2017.08.04 12:33:14.280,0.87797,0.87811,2.62,1.87
2017.08.04 12:33:14.383,0.87796,0.87811,3.37,4.87
2017.08.04 12:33:14.716,0.87793,0.87799,2.62,1.12
2017.08.04 12:33:14.767,0.87786,0.87799,3.37,1.50
2017.08.04 12:33:15.073,0.87787,0.87797,1.12,1.00
2017.08.04 12:33:15.479,0.87791,0.878,1.00,2.62
2017.08.04 12:33:15.582,0.87793,0.87804,1.12,1.12
2017.08.04 12:33:15.633,0.87797,0.87804,1.00,1.12
2017.08.04 12:33:15.685,0.87797,0.87806,1.00,1.12
2017.08.04 12:33:15.788,0.87795,0.87804,2.62,1.00
2017.08.04 12:33:15.979,0.87793,0.87801,1.00,1.00
2017.08.04 12:33:16.030,0.8779,0.87801,1.12,1.00
2017.08.04 12:33:16.286,0.87788,0.87797,2.62,1.00
2017.08.04 12:33:16.388,0.87784,0.87796,2.62,1.00
2017.08.04 12:33:16.491,0.87782,0.87796,2.62,1.87
2017.08.04 12:33:16.695,0.87788,0.87794,1.00,2.62
2017.08.04 12:33:16.789,0.87788,0.87798,3.37,1.50
2017.08.04 12:33:16.891,0.87785,0.87798,3.37,1.37
2017.08.04 12:33:17.094,0.8779,0.87799,1.00,2.62
2017.08.04 12:33:17.146,0.87788,0.87799,1.00,2.62
2017.08.04 12:33:17.198,0.87789,0.87802,2.62,1.00
2017.08.04 12:33:17.300,0.87789,0.87802,2.62,1.50
2017.08.04 12:33:17.622,0.87796,0.87805,1.00,2.62
2017.08.04 12:33:17.725,0.87797,0.87807,1.75,1.00
2017.08.04 12:33:17.777,0.87798,0.8781,1.87,1.50
2017.08.04 12:33:17.981,0.87802,0.87812,1.00,1.00
2017.08.04 12:33:18.187,0.878,0.87812,1.75,3.37
2017.08.04 12:33:18.239,0.87799,0.87812,1.50,2.62
2017.08.04 12:33:18.291,0.87799,0.87813,3.00,3.37
2017.08.04 12:33:18.451,0.87796,0.87808,2.62,1.87
2017.08.04 12:33:18.506,0.87794,0.87806,2.25,3.37
2017.08.04 12:33:18.813,0.87796,0.87809,1.12,2.62
2017.08.04 12:33:18.915,0.87796,0.87809,3.37,2.62
2017.08.04 12:33:19.337,0.87804,0.87809,1.50,4.50
2017.08.04 12:33:19.389,0.87807,0.87817,1.00,2.62
2017.08.04 12:33:19.493,0.87809,0.87817,1.00,2.62
2017.08.04 12:33:19.799,0.87817,0.87828,1.87,2.62
2017.08.04 12:33:20.005,0.8782,0.87834,2.62,3.37
2017.08.04 12:33:20.110,0.87817,0.87832,3.00,2.62
2017.08.04 12:33:20.519,0.87817,0.87828,1.00,1.00
2017.08.04 12:33:20.862,0.87817,0.87828,1.75,1.00
2017.08.04 12:33:21.016,0.87818,0.87832,1.12,2.62
2017.08.04 12:33:21.119,0.87818,0.87835,3.75,3.37
2017.08.04 12:33:21.326,0.87819,0.87834,3.37,1.12
2017.08.04 12:33:21.659,0.87813,0.87826,2.62,1.00
2017.08.04 12:33:22.118,0.87812,0.87824,1.50,1.00
2017.08.04 12:33:22.510,0.87809,0.87821,1.87,1.00
2017.08.04 12:33:22.816,0.8781,0.87821,2.62,1.00
2017.08.04 12:33:23.038,0.87808,0.87822,3.00,1.50
2017.08.04 12:33:23.394,0.87806,0.87821,3.75,3.37
2017.08.04 12:33:23.794,0.87807,0.8782,2.62,1.37
2017.08.04 12:33:23.846,0.87807,0.87819,1.00,1.00
2017.08.04 12:33:24.234,0.87807,0.87822,1.75,3.37
2017.08.04 12:33:24.686,0.87806,0.8782,2.62,3.37
2017.08.04 12:33:25.193,0.87807,0.87819,1.50,3.37
2017.08.04 12:33:25.298,0.87806,0.87819,2.62,1.00
2017.08.04 12:33:25.423,0.87805,0.87819,2.25,3.37
2017.08.04 12:33:26.240,0.87803,0.87816,3.37,1.00
2017.08.04 12:33:26.342,0.87801,0.87816,3.37,2.25
2017.08.04 12:33:26.547,0.87801,0.87813,2.62,1.00
2017.08.04 12:33:26.852,0.87797,0.87808,2.62,1.00
2017.08.04 12:33:27.191,0.87791,0.87801,1.75,2.25
2017.08.04 12:33:27.242,0.87793,0.87805,1.00,1.50
2017.08.04 12:33:27.949,0.878,0.87809,1.12,2.62
2017.08.04 12:33:28.051,0.87802,0.87815,1.12,3.37
2017.08.04 12:33:28.431,0.87804,0.87814,1.00,1.00
2017.08.04 12:33:28.980,0.87803,0.87814,1.00,1.00
2017.08.04 12:33:29.295,0.87801,0.87814,3.37,2.62
2017.08.04 12:33:30.595,0.87802,0.87813,1.00,2.62
2017.08.04 12:33:31.054,0.87798,0.87811,2.62,3.00
2017.08.04 12:33:31.591,0.87797,0.87811,2.25,3.37
2017.08.04 12:33:31.847,0.87797,0.8781,1.87,2.62
2017.08.04 12:33:31.898,0.87798,0.8781,1.75,3.37
2017.08.04 12:33:32.244,0.87805,0.87817,1.87,1.50
2017.08.04 12:33:32.783,0.87805,0.87816,1.00,1.12
2017.08.04 12:33:32.835,0.87803,0.87816,1.00,3.37
2017.08.04 12:33:33.167,0.878,0.87812,1.37,1.50
2017.08.04 12:33:33.574,0.87801,0.87815,2.62,3.37
2017.08.04 12:33:34.189,0.87803,0.87815,1.00,3.37
2017.08.04 12:33:34.342,0.87804,0.87815,1.00,1.50
2017.08.04 12:33:35.153,0.87804,0.87814,1.00,1.00
2017.08.04 12:33:35.662,0.87804,0.87815,1.00,1.00
2017.08.04 12:33:35.960,0.87802,0.87814,2.62,1.37
2017.08.04 12:33:36.062,0.87801,0.87813,1.50,1.50
2017.08.04 12:33:36.572,0.878,0.87811,2.62,1.00
2017.08.04 12:33:36.716,0.87798,0.87811,1.50,3.37
2017.08.04 12:33:37.688,0.87798,0.8781,1.50,1.00
2017.08.04 12:33:38.045,0.87799,0.87813,2.62,1.50
2017.08.04 12:33:38.383,0.87799,0.8781,1.00,1.00
2017.08.04 12:33:38.694,0.87796,0.87809,1.12,3.37
2017.08.04 12:33:39.434,0.87797,0.87809,1.00,2.62
2017.08.04 12:33:39.536,0.87798,0.87809,1.00,1.00
2017.08.04 12:33:40.302,0.87796,0.87809,2.62,1.50
2017.08.04 12:33:40.805,0.87796,0.87808,1.50,1.50
2017.08.04 12:33:41.966,0.87797,0.87808,2.25,1.00
2017.08.04 12:33:42.572,0.87797,0.87809,1.00,3.00
2017.08.04 12:33:43.738,0.87798,0.87807,1.00,1.00
2017.08.04 12:33:44.230,0.87797,0.8781,4.87,1.12
2017.08.04 12:33:44.384,0.87797,0.8781,2.25,1.50
2017.08.04 12:33:44.488,0.87801,0.8781,1.00,1.50
2017.08.04 12:33:44.693,0.87802,0.87815,2.62,3.37
2017.08.04 12:33:45.407,0.87804,0.87815,3.00,1.00
2017.08.04 12:33:45.560,0.87806,0.87819,2.62,1.50
2017.08.04 12:33:46.023,0.87807,0.87817,1.12,2.25
2017.08.04 12:33:46.175,0.87807,0.87819,1.12,1.50
2017.08.04 12:33:46.584,0.87807,0.87818,1.00,2.25
2017.08.04 12:33:47.087,0.87806,0.87816,1.00,1.00
2017.08.04 12:33:47.783,0.87806,0.87818,2.62,2.25
2017.08.04 12:33:47.988,0.87812,0.87824,1.37,3.37
2017.08.04 12:33:48.192,0.87809,0.87824,4.12,3.37
2017.08.04 12:33:48.340,0.8781,0.8782,1.00,1.12
2017.08.04 12:33:48.646,0.87805,0.87817,2.62,2.25
2017.08.04 12:33:48.697,0.87804,0.87817,2.62,3.37
2017.08.04 12:33:48.801,0.87804,0.87817,1.00,3.37
2017.08.04 12:33:48.903,0.87806,0.87816,1.37,1.37
2017.08.04 12:33:49.062,0.87808,0.8782,1.75,1.50
2017.08.04 12:33:49.114,0.87806,0.87813,3.00,2.25
2017.08.04 12:33:49.165,0.87804,0.87813,1.12,2.62
2017.08.04 12:33:49.268,0.8781,0.87817,1.00,1.12
2017.08.04 12:33:49.370,0.8781,0.87821,2.25,2.62
2017.08.04 12:33:49.422,0.87813,0.87823,1.37,2.25
2017.08.04 12:33:49.473,0.87814,0.87824,1.00,1.00
2017.08.04 12:33:49.626,0.87812,0.87822,2.25,2.25
2017.08.04 12:33:49.769,0.87806,0.8782,2.25,3.37
2017.08.04 12:33:49.827,0.87806,0.87817,1.50,2.25
2017.08.04 12:33:50.183,0.87807,0.87817,1.50,1.00
2017.08.04 12:33:50.235,0.87809,0.87817,1.00,1.00
2017.08.04 12:33:50.286,0.87807,0.87817,1.50,1.00
2017.08.04 12:33:50.723,0.87803,0.87814,2.62,1.12
2017.08.04 12:33:50.774,0.87802,0.87814,1.50,1.12
2017.08.04 12:33:50.825,0.87802,0.87813,1.87,1.37
2017.08.04 12:33:51.131,0.87807,0.87818,1.00,3.37
2017.08.04 12:33:51.470,0.87812,0.87818,1.12,2.62
2017.08.04 12:33:51.573,0.87817,0.87826,1.00,1.50
2017.08.04 12:33:51.625,0.8781,0.87823,2.62,1.37
2017.08.04 12:33:51.680,0.87809,0.87819,2.62,1.00
2017.08.04 12:33:51.782,0.87806,0.87819,3.37,1.87
2017.08.04 12:33:51.834,0.87806,0.87817,1.50,1.12
2017.08.04 12:33:52.172,0.87804,0.87814,1.00,1.00
2017.08.04 12:33:52.274,0.87801,0.87815,2.62,3.37
2017.08.04 12:33:52.478,0.87802,0.8781,1.12,1.00
2017.08.04 12:33:52.580,0.87799,0.87811,3.00,2.62
2017.08.04 12:33:52.631,0.878,0.8781,3.37,1.00
2017.08.04 12:33:53.062,0.87801,0.87814,3.37,1.00
2017.08.04 12:33:53.114,0.87801,0.87814,1.50,2.25
2017.08.04 12:33:53.523,0.87799,0.87808,3.37,1.00
2017.08.04 12:33:53.698,0.87794,0.87806,3.75,1.00
2017.08.04 12:33:53.749,0.87793,0.87806,4.12,3.00
2017.08.04 12:33:54.162,0.87793,0.87806,1.50,3.37
2017.08.04 12:33:55.556,0.87792,0.87803,1.37,1.00
2017.08.04 12:33:55.658,0.87792,0.87803,1.00,1.37
2017.08.04 12:33:56.014,0.87794,0.87803,1.00,1.75
2017.08.04 12:33:56.355,0.87798,0.8781,1.00,1.75
2017.08.04 12:33:56.662,0.87796,0.87806,2.62,1.00
2017.08.04 12:33:56.765,0.87794,0.87805,2.25,1.00
2017.08.04 12:33:57.166,0.87794,0.87805,1.50,2.62
2017.08.04 12:33:57.728,0.87796,0.87805,1.00,3.37
2017.08.04 12:33:57.938,0.87798,0.87811,1.50,3.37
2017.08.04 12:33:58.463,0.87798,0.87811,1.00,2.62
2017.08.04 12:33:58.667,0.87795,0.87804,2.62,1.00
2017.08.04 12:33:58.769,0.87794,0.87804,1.00,1.12
2017.08.04 12:33:58.871,0.87791,0.87802,1.12,1.12
2017.08.04 12:33:58.923,0.87792,0.878,1.12,1.00
2017.08.04 12:33:59.227,0.87799,0.87803,1.00,5.25
2017.08.04 12:33:59.381,0.878,0.87811,1.00,3.00
2017.08.04 12:33:59.744,0.87797,0.87808,1.12,1.37
2017.08.04 12:33:59.885,0.87797,0.87808,3.00,1.12
2017.08.04 12:34:00.193,0.87802,0.87811,1.00,2.62
2017.08.04 12:34:00.499,0.87797,0.87805,1.00,1.00
2017.08.04 12:34:00.551,0.87795,0.87805,1.12,1.00
2017.08.04 12:34:00.660,0.87799,0.87805,1.00,1.00
2017.08.04 12:34:00.766,0.87802,0.87811,1.00,2.62
2017.08.04 12:34:00.869,0.87798,0.8781,2.25,3.00
2017.08.04 12:34:00.974,0.87801,0.8781,1.00,3.37
2017.08.04 12:34:01.367,0.87805,0.8781,1.00,2.62
2017.08.04 12:34:01.574,0.87805,0.87816,1.00,1.12
2017.08.04 12:34:01.676,0.87805,0.87815,1.00,2.62
2017.08.04 12:34:01.727,0.87803,0.87815,1.87,2.62
2017.08.04 12:34:01.881,0.87805,0.87815,1.00,3.37
2017.08.04 12:34:02.068,0.87801,0.87813,1.00,2.62
2017.08.04 12:34:02.120,0.87801,0.87808,1.00,1.37
2017.08.04 12:34:02.427,0.87799,0.87807,1.12,2.62
2017.08.04 12:34:02.826,0.87807,0.87816,1.00,2.62
2017.08.04 12:34:02.878,0.87804,0.87815,1.12,1.12
2017.08.04 12:34:03.190,0.87803,0.87813,1.00,1.00
2017.08.04 12:34:03.506,0.87805,0.87811,1.00,1.50
2017.08.04 12:34:03.558,0.87806,0.87814,1.00,1.00
2017.08.04 12:34:03.660,0.8781,0.87818,1.00,3.37
2017.08.04 12:34:03.965,0.87812,0.87821,1.00,3.37
2017.08.04 12:34:04.168,0.87811,0.87819,1.00,1.75
2017.08.04 12:34:04.373,0.87809,0.87819,1.00,1.12
2017.08.04 12:34:04.424,0.87809,0.87818,1.00,2.25
2017.08.04 12:34:04.932,0.87808,0.87816,1.00,1.00
2017.08.04 12:34:05.354,0.87811,0.87816,1.00,2.62
2017.08.04 12:34:05.508,0.87811,0.87819,1.00,1.50
2017.08.04 12:34:05.856,0.87809,0.87819,1.00,1.12
2017.08.04 12:34:05.907,0.87809,0.87819,1.00,3.00
2017.08.04 12:34:06.213,0.87815,0.87823,1.00,3.37
2017.08.04 12:34:06.265,0.87815,0.87824,1.00,1.12
2017.08.04 12:34:06.367,0.87814,0.87823,1.00,3.00
2017.08.04 12:34:06.674,0.87813,0.87818,1.00,1.00
2017.08.04 12:34:06.787,0.87811,0.87818,1.00,1.37
2017.08.04 12:34:06.941,0.87812,0.87819,1.00,1.50
2017.08.04 12:34:07.348,0.8781,0.87819,1.12,1.00
2017.08.04 12:34:07.654,0.8781,0.87822,1.50,1.50
2017.08.04 12:34:07.958,0.87814,0.87823,1.50,3.37
2017.08.04 12:34:08.162,0.87817,0.87824,1.00,1.00
2017.08.04 12:34:08.315,0.87817,0.87822,1.00,1.00
2017.08.04 12:34:08.367,0.87812,0.87822,3.37,1.00
2017.08.04 12:34:08.418,0.87812,0.87822,1.50,1.50
2017.08.04 12:34:08.470,0.87811,0.87822,1.12,1.87
2017.08.04 12:34:08.698,0.87813,0.87823,1.00,1.12
2017.08.04 12:34:09.295,0.8781,0.87814,1.00,1.00
2017.08.04 12:34:09.347,0.87805,0.87809,1.00,1.00
2017.08.04 12:34:09.399,0.87802,0.87807,1.00,1.00
2017.08.04 12:34:09.503,0.87799,0.87808,1.00,1.87
2017.08.04 12:34:09.554,0.87795,0.87806,2.62,1.00
2017.08.04 12:34:09.759,0.87794,0.87805,1.50,1.00
2017.08.04 12:34:10.008,0.87793,0.87804,1.00,1.50
2017.08.04 12:34:10.315,0.87795,0.87804,1.00,1.12
2017.08.04 12:34:10.671,0.87797,0.87804,1.00,1.00
2017.08.04 12:34:11.184,0.87795,0.87807,1.50,1.50
2017.08.04 12:34:11.287,0.87797,0.87807,3.37,1.12
2017.08.04 12:34:11.605,0.87792,0.87798,3.37,1.87
2017.08.04 12:34:11.708,0.87783,0.87794,2.25,1.00
2017.08.04 12:34:11.913,0.87782,0.87794,1.50,1.12
2017.08.04 12:34:12.016,0.87784,0.87794,1.12,3.37
2017.08.04 12:34:12.323,0.87785,0.87797,3.37,1.37
2017.08.04 12:34:12.628,0.87793,0.87804,2.62,1.00
2017.08.04 12:34:12.957,0.87797,0.87808,1.00,3.00
2017.08.04 12:34:13.009,0.87797,0.87808,1.12,1.12
2017.08.04 12:34:13.423,0.87797,0.87804,1.12,1.00
2017.08.04 12:34:13.474,0.87795,0.87806,3.37,1.00
2017.08.04 12:34:13.722,0.87794,0.87806,1.50,1.12
2017.08.04 12:34:14.195,0.87797,0.87806,1.00,1.12
2017.08.04 12:34:14.586,0.87797,0.87805,2.62,1.00
2017.08.04 12:34:14.696,0.87794,0.87805,3.37,1.12
2017.08.04 12:34:15.002,0.87801,0.87807,1.00,2.62
2017.08.04 12:34:15.105,0.87813,0.87817,1.00,1.00
2017.08.04 12:34:15.208,0.87814,0.87821,2.62,1.00
2017.08.04 12:34:15.375,0.87815,0.87827,1.12,1.75
2017.08.04 12:34:15.426,0.8782,0.87827,1.00,1.75
2017.08.04 12:34:15.732,0.8783,0.87836,1.00,1.00
2017.08.04 12:34:15.783,0.87827,0.87836,1.50,1.00
2017.08.04 12:34:16.071,0.87822,0.87833,1.12,1.37
2017.08.04 12:34:16.276,0.8782,0.87832,1.00,1.50
2017.08.04 12:34:16.431,0.8782,0.87832,1.00,1.75
2017.08.04 12:34:16.881,0.87819,0.87831,1.12,3.37
2017.08.04 12:34:17.034,0.8782,0.87832,1.00,1.50
2017.08.04 12:34:17.301,0.87819,0.87831,1.00,1.75
2017.08.04 12:34:17.602,0.87817,0.87828,1.00,1.00
2017.08.04 12:34:17.705,0.87815,0.87828,1.12,1.87
2017.08.04 12:34:17.757,0.87815,0.87826,1.12,2.25
2017.08.04 12:34:18.066,0.87828,0.87832,1.00,1.00
2017.08.04 12:34:18.270,0.87829,0.87843,1.87,3.37
2017.08.04 12:34:18.778,0.8783,0.87845,2.25,4.12
2017.08.04 12:34:18.829,0.8783,0.87845,2.25,2.25
2017.08.04 12:34:19.041,0.87832,0.87844,1.00,1.75
2017.08.04 12:34:19.551,0.87833,0.87842,1.00,1.12
2017.08.04 12:34:19.602,0.87831,0.87841,1.50,1.00
2017.08.04 12:34:19.654,0.87831,0.87841,1.37,1.00
2017.08.04 12:34:19.816,0.8783,0.87843,1.12,1.12
2017.08.04 12:34:20.024,0.87831,0.87841,1.00,1.00
2017.08.04 12:34:20.344,0.87828,0.87841,1.12,4.12
2017.08.04 12:34:20.549,0.87828,0.87843,2.25,5.25
2017.08.04 12:34:20.793,0.87832,0.87843,1.00,3.37
2017.08.04 12:34:20.959,0.87832,0.87844,1.00,1.12
2017.08.04 12:34:21.214,0.87834,0.87845,1.00,1.50
2017.08.04 12:34:21.316,0.87834,0.87846,1.50,1.50
2017.08.04 12:34:21.470,0.87834,0.87844,1.12,1.00
2017.08.04 12:34:21.776,0.87834,0.87841,2.25,1.00
2017.08.04 12:34:21.827,0.87829,0.87841,1.37,1.37
2017.08.04 12:34:21.929,0.87834,0.87841,1.35,1.75
2017.08.04 12:34:22.176,0.87846,0.87855,1.00,1.12
2017.08.04 12:34:22.279,0.8785,0.87855,1.00,1.00
2017.08.04 12:34:22.381,0.87851,0.87859,1.00,1.75
2017.08.04 12:34:22.534,0.87851,0.87859,1.00,1.12
2017.08.04 12:34:22.688,0.87848,0.87858,1.00,1.00
2017.08.04 12:34:22.982,0.8785,0.87858,1.00,1.00
2017.08.04 12:34:23.292,0.87846,0.87854,1.00,1.00
2017.08.04 12:34:23.534,0.87841,0.87852,1.87,1.00
2017.08.04 12:34:23.586,0.87839,0.87847,2.62,1.00
2017.08.04 12:34:23.690,0.87835,0.87847,1.12,1.75
2017.08.04 12:34:23.948,0.87838,0.87847,1.00,3.37
2017.08.04 12:34:24.293,0.87844,0.87854,1.00,2.62
2017.08.04 12:34:24.447,0.87848,0.87857,1.00,2.25
2017.08.04 12:34:24.549,0.87849,0.87858,1.00,2.62
2017.08.04 12:34:24.703,0.87846,0.87859,1.12,4.87
2017.08.04 12:34:24.958,0.87842,0.87854,1.37,3.00
2017.08.04 12:34:25.010,0.87842,0.87854,1.00,3.37
2017.08.04 12:34:25.419,0.8784,0.87851,1.12,1.00
2017.08.04 12:34:25.577,0.87837,0.87849,1.00,1.50
2017.08.04 12:34:25.934,0.87837,0.87847,1.50,1.37
2017.08.04 12:34:26.239,0.87835,0.87845,1.00,1.00
2017.08.04 12:34:26.724,0.87833,0.87843,1.05,1.00
2017.08.04 12:34:26.980,0.8783,0.87842,1.05,1.12
2017.08.04 12:34:27.168,0.87827,0.87839,1.42,1.00
2017.08.04 12:34:27.475,0.87826,0.87839,1.05,1.75
2017.08.04 12:34:28.308,0.87827,0.87839,1.00,1.75
2017.08.04 12:34:28.718,0.87826,0.8784,2.25,1.50
2017.08.04 12:34:28.820,0.87825,0.87835,3.37,1.00
2017.08.04 12:34:29.126,0.87822,0.87831,1.00,3.37
2017.08.04 12:34:29.412,0.87826,0.87836,1.50,1.00
2017.08.04 12:34:29.467,0.87828,0.87841,1.12,4.12
2017.08.04 12:34:29.569,0.8783,0.87841,1.00,3.37
2017.08.04 12:34:29.723,0.87832,0.87844,1.00,4.12
2017.08.04 12:34:30.135,0.8783,0.87841,1.12,1.12
2017.08.04 12:34:30.186,0.8783,0.87841,1.50,4.12
2017.08.04 12:34:30.392,0.87831,0.87842,2.25,2.62
2017.08.04 12:34:30.444,0.87834,0.87842,1.00,2.62
2017.08.04 12:34:30.597,0.87835,0.87845,1.00,2.25
2017.08.04 12:34:30.783,0.87835,0.87847,1.00,3.37
2017.08.04 12:34:30.937,0.87837,0.87847,1.87,2.62
2017.08.04 12:34:31.090,0.87838,0.87851,1.12,3.37
2017.08.04 12:34:31.144,0.8784,0.87851,1.00,2.62
2017.08.04 12:34:31.195,0.8784,0.87853,1.00,3.37
2017.08.04 12:34:31.392,0.87839,0.8785,1.12,3.37
2017.08.04 12:34:31.599,0.87837,0.87848,1.00,1.50
2017.08.04 12:34:31.702,0.87839,0.87849,1.00,2.62
2017.08.04 12:34:31.957,0.87838,0.87852,1.75,2.25
2017.08.04 12:34:32.009,0.8784,0.87851,1.12,2.62
2017.08.04 12:34:32.229,0.87836,0.87847,2.62,1.87
2017.08.04 12:34:32.333,0.87836,0.87846,2.25,3.00
2017.08.04 12:34:32.385,0.87836,0.87845,1.00,2.62
2017.08.04 12:34:32.487,0.87835,0.87845,1.00,1.12
2017.08.04 12:34:32.538,0.87839,0.87847,1.00,2.62
2017.08.04 12:34:32.879,0.87853,0.87858,1.00,5.99
2017.08.04 12:34:32.983,0.87853,0.87867,3.37,3.37
2017.08.04 12:34:33.136,0.87857,0.87867,2.25,2.25
2017.08.04 12:34:33.188,0.87859,0.87872,1.12,1.75
2017.08.04 12:34:33.394,0.87858,0.87872,4.12,1.87
2017.08.04 12:34:33.563,0.87859,0.8787,1.00,1.00
2017.08.04 12:34:33.771,0.87856,0.87868,1.00,1.50
2017.08.04 12:34:33.874,0.87854,0.87864,1.50,1.00
2017.08.04 12:34:33.978,0.8785,0.87864,2.62,1.00
2017.08.04 12:34:34.498,0.87851,0.87867,4.50,1.75
2017.08.04 12:34:34.947,0.87852,0.87862,1.50,1.00
2017.08.04 12:34:35.252,0.87842,0.87849,2.62,1.00
2017.08.04 12:34:35.305,0.87842,0.87848,1.00,1.00
2017.08.04 12:34:35.407,0.87835,0.87847,3.37,1.00
2017.08.04 12:34:35.618,0.87834,0.87845,1.75,1.12
2017.08.04 12:34:35.930,0.87831,0.87838,2.25,1.00
2017.08.04 12:34:35.983,0.87826,0.87837,1.50,1.50
2017.08.04 12:34:36.086,0.87823,0.87837,3.00,3.37
2017.08.04 12:34:36.273,0.87822,0.87835,1.00,1.00
2017.08.04 12:34:36.375,0.87823,0.87838,1.50,2.25
2017.08.04 12:34:36.680,0.87824,0.87837,1.75,1.37
2017.08.04 12:34:36.884,0.87819,0.87833,2.25,1.50
2017.08.04 12:34:37.172,0.87817,0.87831,2.62,2.25
2017.08.04 12:34:37.223,0.87817,0.87831,2.25,1.87
2017.08.04 12:34:37.275,0.87816,0.87831,1.12,3.75
2017.08.04 12:34:37.530,0.87819,0.87831,1.00,3.00
2017.08.04 12:34:37.582,0.87819,0.87831,1.12,1.12
2017.08.04 12:34:38.122,0.87818,0.87832,2.62,2.25
2017.08.04 12:34:38.276,0.87816,0.8783,2.62,1.00
2017.08.04 12:34:38.777,0.87818,0.87829,1.00,1.00
2017.08.04 12:34:39.082,0.87816,0.87827,1.00,1.00
2017.08.04 12:34:39.186,0.87813,0.87827,1.50,1.50
2017.08.04 12:34:39.705,0.87815,0.87828,1.00,3.37
2017.08.04 12:34:39.757,0.87818,0.87828,1.12,2.25
2017.08.04 12:34:39.808,0.87818,0.87829,2.25,1.00
2017.08.04 12:34:39.910,0.87818,0.87833,2.25,1.87
2017.08.04 12:34:40.441,0.8782,0.87835,2.25,2.25
2017.08.04 12:34:40.747,0.87824,0.87834,1.00,1.50
2017.08.04 12:34:40.900,0.87825,0.87837,1.50,1.50
2017.08.04 12:34:41.391,0.87826,0.87838,1.50,1.00
2017.08.04 12:34:41.908,0.87826,0.87837,1.50,1.50
2017.08.04 12:34:42.288,0.87822,0.87835,3.37,1.00
2017.08.04 12:34:42.441,0.87824,0.87837,1.75,1.12
2017.08.04 12:34:42.544,0.87824,0.87837,2.25,3.75
2017.08.04 12:34:42.595,0.87823,0.87835,1.00,1.00
2017.08.04 12:34:42.646,0.87823,0.87837,3.37,3.37
2017.08.04 12:34:42.698,0.87825,0.87837,1.00,1.50
2017.08.04 12:34:42.750,0.87825,0.87837,1.50,1.12
2017.08.04 12:34:42.953,0.87827,0.87839,1.00,1.00
2017.08.04 12:34:43.055,0.87829,0.8784,1.12,1.37
2017.08.04 12:34:43.310,0.87831,0.87842,1.12,1.00
2017.08.04 12:34:43.412,0.87833,0.87845,1.00,3.37
2017.08.04 12:34:43.633,0.87833,0.87847,1.75,1.00
2017.08.04 12:34:43.786,0.87837,0.87849,1.00,2.62
2017.08.04 12:34:44.041,0.87839,0.8785,1.00,1.00
2017.08.04 12:34:44.554,0.87839,0.87848,1.00,1.00
2017.08.04 12:34:44.706,0.87834,0.87848,2.25,2.25
2017.08.04 12:34:45.076,0.87838,0.87849,1.00,4.12
2017.08.04 12:34:45.267,0.87836,0.87849,1.00,4.12
2017.08.04 12:34:45.419,0.87833,0.87846,1.12,1.50
2017.08.04 12:34:45.941,0.87834,0.87847,1.12,1.42
2017.08.04 12:34:46.145,0.87832,0.87844,1.37,1.05
2017.08.04 12:34:46.654,0.87831,0.87843,2.25,1.00
2017.08.04 12:34:47.010,0.87829,0.87843,1.50,3.00
2017.08.04 12:34:47.419,0.8783,0.87843,1.50,1.12
2017.08.04 12:34:47.583,0.87833,0.87845,1.37,2.25
2017.08.04 12:34:47.645,0.87835,0.87846,1.00,1.50
2017.08.04 12:34:47.951,0.87832,0.87845,1.12,1.87
2017.08.04 12:34:48.564,0.87832,0.87843,1.12,1.00
2017.08.04 12:34:48.972,0.8783,0.87841,2.25,2.62
2017.08.04 12:34:49.023,0.87826,0.87839,3.37,1.00
2017.08.04 12:34:49.239,0.87824,0.87837,3.37,2.25
2017.08.04 12:34:49.292,0.87824,0.87833,2.62,1.00
2017.08.04 12:34:49.445,0.87823,0.87831,1.00,1.00
2017.08.04 12:34:49.548,0.87819,0.87829,2.62,1.00
2017.08.04 12:34:49.651,0.87819,0.87828,1.00,1.00
2017.08.04 12:34:49.753,0.87819,0.87828,2.62,1.00
2017.08.04 12:34:50.215,0.87821,0.87824,1.87,3.00
2017.08.04 12:34:50.319,0.87817,0.87823,1.00,1.87
2017.08.04 12:34:50.371,0.87816,0.87819,1.87,1.00
2017.08.04 12:34:50.423,0.8781,0.87819,2.62,1.00
2017.08.04 12:34:50.474,0.8781,0.87821,2.62,2.25
2017.08.04 12:34:50.721,0.87809,0.8782,1.12,1.00
2017.08.04 12:34:50.824,0.87811,0.87822,2.25,1.12
2017.08.04 12:34:50.877,0.87811,0.87824,2.62,1.12
2017.08.04 12:34:51.030,0.87816,0.87824,1.00,1.12
2017.08.04 12:34:51.426,0.8781,0.87823,2.62,2.25
2017.08.04 12:34:51.478,0.8781,0.87821,2.25,1.00
2017.08.04 12:34:51.885,0.87809,0.87817,2.62,1.00
2017.08.04 12:34:52.038,0.87807,0.87818,2.62,1.87
2017.08.04 12:34:52.089,0.87807,0.87818,2.25,4.12
2017.08.04 12:34:52.140,0.87805,0.87817,1.00,2.62
2017.08.04 12:34:52.243,0.87805,0.87819,3.37,2.25
2017.08.04 12:34:52.553,0.87807,0.87819,1.75,1.12
2017.08.04 12:34:52.860,0.87804,0.87811,1.00,1.12
2017.08.04 12:34:53.060,0.878,0.87811,1.00,1.00
2017.08.04 12:34:53.213,0.87804,0.87813,1.00,2.25
2017.08.04 12:34:53.265,0.87803,0.87816,1.00,3.00
2017.08.04 12:34:53.367,0.87803,0.87817,3.37,1.12
2017.08.04 12:34:53.418,0.87803,0.87814,3.37,1.00
2017.08.04 12:34:53.469,0.87804,0.87816,1.50,1.00
2017.08.04 12:34:53.673,0.87803,0.87815,2.25,3.75
2017.08.04 12:34:54.021,0.87801,0.87814,2.62,1.87
2017.08.04 12:34:54.621,0.87801,0.8781,2.25,1.87
2017.08.04 12:34:54.672,0.87796,0.87809,2.62,1.00
2017.08.04 12:34:54.774,0.87795,0.87807,2.62,1.12
2017.08.04 12:34:55.283,0.87797,0.87809,1.12,1.12
2017.08.04 12:34:55.504,0.87795,0.87805,2.25,1.00
2017.08.04 12:34:55.709,0.87802,0.87816,1.00,3.75
2017.08.04 12:34:55.762,0.87805,0.87815,1.00,2.62
2017.08.04 12:34:55.865,0.87806,0.87817,1.12,1.12
2017.08.04 12:34:55.968,0.87806,0.87817,2.62,1.87
2017.08.04 12:34:56.071,0.87802,0.87815,2.62,1.00
2017.08.04 12:34:56.122,0.87802,0.87815,3.37,3.75
2017.08.04 12:34:56.289,0.87802,0.87816,1.50,1.75
2017.08.04 12:34:56.495,0.87803,0.87815,2.62,1.00
2017.08.04 12:34:56.648,0.87803,0.87814,1.00,1.00
2017.08.04 12:34:57.160,0.87802,0.87814,2.25,1.50
2017.08.04 12:34:57.212,0.87805,0.87814,1.00,1.00
2017.08.04 12:34:57.468,0.8781,0.87823,1.37,2.62
2017.08.04 12:34:57.669,0.8781,0.87826,3.00,2.62
2017.08.04 12:34:58.469,0.87814,0.87828,1.12,3.37
2017.08.04 12:34:58.958,0.87816,0.87828,1.00,3.37
2017.08.04 12:34:59.162,0.87817,0.87831,2.25,1.75
2017.08.04 12:34:59.296,0.87819,0.87832,1.37,3.00
2017.08.04 12:34:59.399,0.87819,0.87831,2.62,1.00
2017.08.04 12:34:59.450,0.87819,0.87828,2.62,1.00
2017.08.04 12:34:59.603,0.87818,0.87828,1.87,1.50
2017.08.04 12:35:00.157,0.87814,0.87829,1.50,1.75
2017.08.04 12:35:00.208,0.87814,0.87824,1.50,2.25
2017.08.04 12:35:00.514,0.87814,0.87827,1.37,3.75
2017.08.04 12:35:00.696,0.87813,0.87827,1.50,3.37
2017.08.04 12:35:00.818,0.87816,0.87827,1.50,3.37
2017.08.04 12:35:01.126,0.87814,0.87826,1.00,3.37
2017.08.04 12:35:01.880,0.87812,0.87825,1.50,1.50
2017.08.04 12:35:02.043,0.87811,0.8782,1.37,1.00
2017.08.04 12:35:02.095,0.87808,0.87819,2.62,1.00
2017.08.04 12:35:02.146,0.87808,0.87821,2.62,1.50
2017.08.04 12:35:02.197,0.87807,0.8782,1.00,3.37
2017.08.04 12:35:02.781,0.87805,0.87817,3.37,1.00
2017.08.04 12:35:03.193,0.87803,0.87816,2.25,1.50
2017.08.04 12:35:03.613,0.87802,0.87813,1.00,2.62
2017.08.04 12:35:03.820,0.87803,0.87816,1.87,2.62
2017.08.04 12:35:04.347,0.87803,0.87817,1.50,3.37
2017.08.04 12:35:04.894,0.87805,0.87817,1.12,2.62
2017.08.04 12:35:05.476,0.87802,0.87813,3.37,1.00
2017.08.04 12:35:05.527,0.87801,0.87812,1.87,1.00
2017.08.04 12:35:05.629,0.87804,0.87812,1.00,2.62
2017.08.04 12:35:05.834,0.87807,0.87818,1.00,2.62
2017.08.04 12:35:05.936,0.87808,0.87821,1.12,3.37
2017.08.04 12:35:05.988,0.87812,0.8782,1.00,1.50
2017.08.04 12:35:06.288,0.87816,0.87827,1.00,1.00
2017.08.04 12:35:06.645,0.87815,0.87827,1.00,2.62
2017.08.04 12:35:06.747,0.87816,0.87827,1.00,1.00
2017.08.04 12:35:06.849,0.87821,0.87827,1.00,1.00
2017.08.04 12:35:07.150,0.87822,0.87834,1.75,1.12
2017.08.04 12:35:07.303,0.87823,0.87832,1.67,1.00
2017.08.04 12:35:07.662,0.87822,0.87833,1.12,2.62
2017.08.04 12:35:07.713,0.87824,0.87836,2.62,1.37
2017.08.04 12:35:07.815,0.87822,0.87836,4.72,1.75
2017.08.04 12:35:08.157,0.87828,0.87839,1.30,3.37
2017.08.04 12:35:08.463,0.87839,0.87846,1.00,1.00
2017.08.04 12:35:08.565,0.87841,0.87852,1.72,2.62
2017.08.04 12:35:08.854,0.87842,0.87851,2.25,1.12
2017.08.04 12:35:08.958,0.87836,0.87847,3.37,1.00
2017.08.04 12:35:09.061,0.87834,0.87839,2.62,1.12
2017.08.04 12:35:09.114,0.87832,0.87838,2.25,1.50
2017.08.04 12:35:09.166,0.87831,0.87836,2.25,1.12
2017.08.04 12:35:09.218,0.87825,0.87836,1.00,1.50
2017.08.04 12:35:09.269,0.87823,0.87834,2.62,3.00
2017.08.04 12:35:09.320,0.87822,0.87834,2.10,2.62
2017.08.04 12:35:09.556,0.87822,0.87836,3.97,2.25
2017.08.04 12:35:09.860,0.87821,0.87834,3.37,3.75
2017.08.04 12:35:09.962,0.8782,0.87834,1.67,3.37
2017.08.04 12:35:10.367,0.87822,0.87831,1.37,1.00
2017.08.04 12:35:10.571,0.87819,0.87831,2.62,1.87
2017.08.04 12:35:10.622,0.87819,0.8783,1.50,1.00
2017.08.04 12:35:10.826,0.87817,0.87829,2.62,1.37
2017.08.04 12:35:11.371,0.87817,0.87831,2.62,2.62
2017.08.04 12:35:11.802,0.87818,0.87825,2.62,1.00
2017.08.04 12:35:11.855,0.87815,0.87827,3.37,2.62
2017.08.04 12:35:11.908,0.87815,0.87824,2.62,1.50
2017.08.04 12:35:12.062,0.87809,0.87822,1.50,1.37
2017.08.04 12:35:12.368,0.87811,0.87823,1.97,1.00
2017.08.04 12:35:12.703,0.87816,0.87824,1.35,2.25
2017.08.04 12:35:12.754,0.87818,0.87827,1.37,1.00
2017.08.04 12:35:12.908,0.87816,0.87824,3.00,1.00
2017.08.04 12:35:12.959,0.87815,0.87824,1.00,4.12
2017.08.04 12:35:13.137,0.8781,0.8782,2.25,1.12
2017.08.04 12:35:13.188,0.87807,0.8782,2.62,1.87
2017.08.04 12:35:13.239,0.87808,0.87819,1.00,2.25
2017.08.04 12:35:13.743,0.87808,0.8782,1.37,1.37
2017.08.04 12:35:13.897,0.87809,0.87822,1.30,2.25
2017.08.04 12:35:13.950,0.87813,0.87822,1.37,1.12
2017.08.04 12:35:14.051,0.87812,0.87822,1.12,1.12
2017.08.04 12:35:14.158,0.87809,0.87822,1.75,3.37
2017.08.04 12:35:14.624,0.87808,0.87818,2.62,1.00
2017.08.04 12:35:14.849,0.87802,0.87814,1.50,1.37
2017.08.04 12:35:14.951,0.87805,0.87816,3.00,1.87
2017.08.04 12:35:15.054,0.87806,0.87819,2.85,3.37
2017.08.04 12:35:15.156,0.87807,0.8782,3.37,2.62
2017.08.04 12:35:15.671,0.87807,0.87821,4.12,2.62
2017.08.04 12:35:15.977,0.87812,0.87821,1.00,1.12
2017.08.04 12:35:16.481,0.87809,0.87822,3.37,1.12
2017.08.04 12:35:16.786,0.87812,0.87825,1.75,1.12
2017.08.04 12:35:17.173,0.87816,0.87828,3.37,1.00
2017.08.04 12:35:17.479,0.87814,0.87826,2.62,1.37
2017.08.04 12:35:17.683,0.87812,0.87825,4.12,1.12
2017.08.04 12:35:18.257,0.87812,0.87824,3.37,1.00
2017.08.04 12:35:18.309,0.87812,0.87824,3.37,4.12
2017.08.04 12:35:18.463,0.87809,0.87818,1.00,1.00
2017.08.04 12:35:18.871,0.87806,0.87816,1.00,1.00
2017.08.04 12:35:19.009,0.87804,0.87816,1.12,1.42
2017.08.04 12:35:19.314,0.87805,0.87813,1.00,1.00
2017.08.04 12:35:19.671,0.87802,0.87813,2.62,2.25
2017.08.04 12:35:19.882,0.87801,0.87812,1.00,1.50
2017.08.04 12:35:20.391,0.87799,0.87813,3.60,4.12
2017.08.04 12:35:20.698,0.87798,0.87807,3.37,1.00
2017.08.04 12:35:20.838,0.87798,0.87807,1.12,1.00
2017.08.04 12:35:20.942,0.87796,0.87806,1.87,1.00
2017.08.04 12:35:21.098,0.87794,0.87804,2.62,1.50
2017.08.04 12:35:21.200,0.87793,0.87804,1.00,2.25
2017.08.04 12:35:21.556,0.87796,0.87804,1.00,1.50
2017.08.04 12:35:21.608,0.87797,0.87806,1.00,1.12
2017.08.04 12:35:22.028,0.87795,0.87804,1.50,1.00
2017.08.04 12:35:22.079,0.87793,0.87804,1.00,1.00
2017.08.04 12:35:22.181,0.87791,0.878,2.62,1.00
2017.08.04 12:35:22.284,0.87789,0.87798,1.00,1.00
2017.08.04 12:35:22.386,0.87786,0.87798,1.87,3.00
2017.08.04 12:35:22.488,0.87784,0.87798,1.67,4.12
2017.08.04 12:35:22.624,0.87787,0.87797,1.12,1.00
2017.08.04 12:35:22.786,0.87791,0.87803,1.67,1.12
2017.08.04 12:35:23.042,0.87792,0.87805,3.22,2.62
2017.08.04 12:35:23.093,0.87794,0.87807,1.72,4.12
2017.08.04 12:35:23.196,0.87796,0.87806,1.00,1.00
2017.08.04 12:35:23.540,0.8779,0.87803,2.62,3.37
2017.08.04 12:35:25.282,0.87792,0.87805,1.50,2.25
2017.08.04 12:35:25.792,0.87792,0.87802,1.50,1.00
2017.08.04 12:35:25.998,0.87788,0.87802,4.12,2.25
2017.08.04 12:35:26.941,0.87788,0.878,2.62,1.50
2017.08.04 12:35:26.992,0.87789,0.878,1.00,3.75
2017.08.04 12:35:27.317,0.87785,0.87796,2.62,1.12
2017.08.04 12:35:27.419,0.87784,0.87794,1.00,1.00
2017.08.04 12:35:27.522,0.87782,0.87794,1.12,1.37
2017.08.04 12:35:27.826,0.87783,0.87796,1.50,1.87
2017.08.04 12:35:28.367,0.87785,0.87796,1.12,1.37
2017.08.04 12:35:28.418,0.87785,0.87796,1.12,1.50
2017.08.04 12:35:28.521,0.87784,0.87796,2.62,1.87
2017.08.04 12:35:28.623,0.87785,0.87796,1.12,2.25
2017.08.04 12:35:28.674,0.87785,0.87795,1.12,1.50
2017.08.04 12:35:28.977,0.87776,0.87783,2.25,1.50
2017.08.04 12:35:29.029,0.87772,0.87783,2.62,1.12
2017.08.04 12:35:29.132,0.87772,0.8778,2.62,1.00
2017.08.04 12:35:29.235,0.87766,0.87779,3.37,1.50
2017.08.04 12:35:29.695,0.87766,0.87779,2.25,3.30
2017.08.04 12:35:30.013,0.87768,0.8778,1.50,1.05
2017.08.04 12:35:30.320,0.8777,0.87781,1.00,1.50
2017.08.04 12:35:30.853,0.8777,0.8778,1.00,1.00
2017.08.04 12:35:31.006,0.87771,0.8778,1.50,1.00
2017.08.04 12:35:31.108,0.87773,0.87782,1.00,1.00
2017.08.04 12:35:31.160,0.87775,0.87782,1.00,1.00
2017.08.04 12:35:31.313,0.87774,0.87784,1.50,1.50
2017.08.04 12:35:31.864,0.87773,0.87783,1.50,1.00
2017.08.04 12:35:32.017,0.87774,0.87786,1.50,1.00
2017.08.04 12:35:32.120,0.87777,0.87788,3.37,1.00
2017.08.04 12:35:32.221,0.87777,0.8779,3.37,1.12
2017.08.04 12:35:32.323,0.87779,0.87788,3.37,1.00
2017.08.04 12:35:32.426,0.87779,0.8779,1.50,1.12
2017.08.04 12:35:32.937,0.87778,0.87789,1.50,1.00
2017.08.04 12:35:33.940,0.87778,0.87791,1.67,2.25
2017.08.04 12:35:33.992,0.87781,0.87791,1.00,1.50
2017.08.04 12:35:34.144,0.87782,0.87792,1.00,1.12
2017.08.04 12:35:34.332,0.87782,0.87794,3.37,1.50
2017.08.04 12:35:34.741,0.87783,0.87791,2.25,1.00
2017.08.04 12:35:34.793,0.8778,0.87791,2.62,1.00
2017.08.04 12:35:34.848,0.87785,0.87793,2.47,1.12
2017.08.04 12:35:34.900,0.87785,0.87793,2.10,1.12
2017.08.04 12:35:34.952,0.87785,0.87795,4.35,1.37
2017.08.04 12:35:35.135,0.87785,0.87796,2.62,1.12
2017.08.04 12:35:36.081,0.87785,0.87794,2.62,1.00
2017.08.04 12:35:36.133,0.87783,0.87795,3.37,1.87
2017.08.04 12:35:36.338,0.87781,0.87792,2.62,1.00
2017.08.04 12:35:36.596,0.87781,0.87791,1.00,1.50
2017.08.04 12:35:36.699,0.87785,0.87791,1.00,1.00
2017.08.04 12:35:36.802,0.87784,0.87795,1.00,3.37
2017.08.04 12:35:36.949,0.87784,0.87795,3.37,1.00
2017.08.04 12:35:37.153,0.87784,0.87797,3.37,1.12
2017.08.04 12:35:37.255,0.87784,0.87797,1.12,2.62
2017.08.04 12:35:37.562,0.87784,0.87798,3.37,2.25
2017.08.04 12:35:39.469,0.87787,0.87798,1.00,1.75
2017.08.04 12:35:39.622,0.87787,0.87798,1.00,1.00
2017.08.04 12:35:40.044,0.87784,0.87798,1.50,3.37
2017.08.04 12:35:40.704,0.87788,0.87798,1.00,2.62
2017.08.04 12:35:40.857,0.87788,0.87799,1.50,1.00
2017.08.04 12:35:41.328,0.87791,0.87801,1.00,1.00
2017.08.04 12:35:41.634,0.87787,0.87801,1.50,4.50
2017.08.04 12:35:41.805,0.87788,0.87794,1.12,1.87
2017.08.04 12:35:42.031,0.87783,0.87795,1.50,1.87
2017.08.04 12:35:42.082,0.87786,0.87795,2.85,1.12
2017.08.04 12:35:42.388,0.87791,0.87803,3.22,2.62
2017.08.04 12:35:42.440,0.87793,0.87804,2.62,1.00
2017.08.04 12:35:42.976,0.87794,0.87805,2.62,1.00
2017.08.04 12:35:43.869,0.87799,0.87805,1.00,1.00
2017.08.04 12:35:43.921,0.87796,0.87805,1.50,1.00
2017.08.04 12:35:43.972,0.87796,0.87809,1.87,2.62
2017.08.04 12:35:44.316,0.878,0.87807,2.62,1.87
2017.08.04 12:35:44.368,0.87794,0.87807,3.37,2.62
2017.08.04 12:35:45.140,0.87797,0.87807,1.00,1.12
2017.08.04 12:35:45.191,0.878,0.87807,1.00,1.12
2017.08.04 12:35:45.344,0.87799,0.87811,1.12,1.50
2017.08.04 12:35:45.547,0.87801,0.87811,2.62,1.00
2017.08.04 12:35:46.082,0.87801,0.87812,2.62,1.12
2017.08.04 12:35:46.812,0.87801,0.8781,2.62,1.00
2017.08.04 12:35:46.863,0.87798,0.8781,1.75,1.12
2017.08.04 12:35:47.765,0.878,0.87814,3.37,1.87
2017.08.04 12:35:48.073,0.878,0.8781,3.37,1.12
2017.08.04 12:35:48.277,0.87795,0.87806,2.62,1.12
2017.08.04 12:35:48.329,0.87795,0.87804,2.62,1.12
2017.08.04 12:35:48.382,0.87792,0.87804,3.37,1.50
2017.08.04 12:35:48.512,0.87792,0.87801,1.37,3.00
2017.08.04 12:35:48.573,0.8779,0.87799,1.12,1.12
2017.08.04 12:35:49.416,0.87793,0.87801,1.50,2.62
2017.08.04 12:35:49.468,0.87794,0.87804,1.00,2.62
2017.08.04 12:35:49.520,0.87796,0.87804,1.00,2.62
2017.08.04 12:35:49.572,0.87796,0.87806,1.00,2.25
2017.08.04 12:35:49.674,0.87796,0.87803,2.62,1.00
2017.08.04 12:35:49.776,0.87794,0.87803,2.62,1.00
2017.08.04 12:35:49.878,0.87794,0.87803,1.00,1.00
2017.08.04 12:35:50.420,0.87794,0.87804,1.00,1.00
2017.08.04 12:35:50.624,0.87797,0.87804,1.00,1.00
2017.08.04 12:35:50.880,0.87801,0.8781,1.50,1.00
2017.08.04 12:35:51.388,0.87801,0.87812,1.50,1.50
2017.08.04 12:35:51.984,0.87803,0.87813,2.62,1.00
2017.08.04 12:35:52.291,0.878,0.87809,1.00,1.00
2017.08.04 12:35:52.772,0.878,0.87811,2.25,1.00
2017.08.04 12:35:52.874,0.87801,0.87813,3.37,1.50
2017.08.04 12:35:53.188,0.87801,0.8781,2.62,1.00
2017.08.04 12:35:53.613,0.87799,0.87809,3.37,1.00
2017.08.04 12:35:53.767,0.87799,0.87807,2.25,1.00
2017.08.04 12:35:53.818,0.87798,0.87807,1.00,1.00
2017.08.04 12:35:54.344,0.87797,0.87807,1.12,1.37
2017.08.04 12:35:55.000,0.87797,0.87808,1.37,1.12
2017.08.04 12:35:55.102,0.87799,0.87809,1.50,1.50
2017.08.04 12:35:55.473,0.87798,0.87806,2.62,1.12
2017.08.04 12:35:55.626,0.87797,0.87806,1.00,1.87
2017.08.04 12:35:55.728,0.87794,0.87806,1.50,5.25
2017.08.04 12:35:56.229,0.87794,0.87803,1.00,1.50
2017.08.04 12:35:56.384,0.8779,0.87802,1.50,1.87
2017.08.04 12:35:56.923,0.8779,0.878,2.62,1.00
2017.08.04 12:35:57.497,0.87789,0.87799,2.62,1.75
2017.08.04 12:35:57.548,0.87789,0.87799,2.62,1.00
2017.08.04 12:35:57.653,0.87789,0.87798,2.62,1.50
2017.08.04 12:35:57.848,0.87785,0.87796,1.50,1.00
2017.08.04 12:35:58.321,0.87787,0.87796,1.87,1.00
2017.08.04 12:35:58.372,0.87787,0.87798,1.87,1.12
2017.08.04 12:35:58.475,0.8779,0.878,1.00,3.00
2017.08.04 12:35:58.528,0.8779,0.878,1.87,1.00
2017.08.04 12:35:59.039,0.8779,0.87801,1.87,1.12
2017.08.04 12:35:59.091,0.8779,0.87802,4.12,1.37
2017.08.04 12:35:59.602,0.87791,0.87803,2.62,1.50
2017.08.04 12:35:59.924,0.87791,0.87802,1.12,1.50
2017.08.04 12:36:00.487,0.87791,0.87801,1.12,1.00
2017.08.04 12:36:00.568,0.8779,0.87799,1.50,1.00
2017.08.04 12:36:00.876,0.87787,0.87798,3.37,1.50
2017.08.04 12:36:01.182,0.87791,0.87799,1.00,2.25
2017.08.04 12:36:01.332,0.8779,0.878,1.12,1.00
2017.08.04 12:36:02.046,0.8779,0.878,1.00,1.87
2017.08.04 12:36:02.202,0.87788,0.878,1.87,1.37
2017.08.04 12:36:02.254,0.8779,0.87801,1.00,4.50
2017.08.04 12:36:02.356,0.87788,0.87799,1.12,1.37
2017.08.04 12:36:02.509,0.8779,0.87798,1.00,1.12
2017.08.04 12:36:02.662,0.8779,0.87798,1.00,1.00
2017.08.04 12:36:02.963,0.87787,0.87799,4.12,4.50
2017.08.04 12:36:03.116,0.87787,0.87798,1.12,1.12
2017.08.04 12:36:03.320,0.87788,0.87799,3.37,1.12
2017.08.04 12:36:03.850,0.87788,0.87799,3.37,4.87
2017.08.04 12:36:03.952,0.87786,0.87794,1.37,1.37
2017.08.04 12:36:04.003,0.87785,0.87794,1.12,1.37
2017.08.04 12:36:04.106,0.87787,0.87794,1.00,1.37
2017.08.04 12:36:04.310,0.87785,0.87794,1.12,1.12
2017.08.04 12:36:04.663,0.87784,0.87792,1.12,2.10
2017.08.04 12:36:04.924,0.87774,0.87786,1.50,1.87
2017.08.04 12:36:05.080,0.87776,0.87788,1.12,3.37
2017.08.04 12:36:05.182,0.87781,0.87789,1.37,2.25
2017.08.04 12:36:05.233,0.87781,0.87792,1.50,1.87
2017.08.04 12:36:05.437,0.87779,0.87791,3.37,1.75
2017.08.04 12:36:05.640,0.87775,0.87786,2.25,1.00
2017.08.04 12:36:06.148,0.87774,0.87786,3.37,1.50
2017.08.04 12:36:06.199,0.87774,0.87784,2.62,1.50
2017.08.04 12:36:06.433,0.87774,0.87784,1.00,3.75
2017.08.04 12:36:06.485,0.87774,0.87784,3.75,1.00
2017.08.04 12:36:06.739,0.87779,0.87788,1.12,1.12
2017.08.04 12:36:06.842,0.8778,0.87789,2.25,1.50
2017.08.04 12:36:07.178,0.87779,0.87788,1.00,1.50
2017.08.04 12:36:07.740,0.87779,0.87789,1.00,1.12
2017.08.04 12:36:08.013,0.87781,0.8779,1.00,1.00
2017.08.04 12:36:08.321,0.87785,0.87792,1.00,1.75
2017.08.04 12:36:08.424,0.8778,0.87791,2.62,1.87
2017.08.04 12:36:08.527,0.8778,0.87791,1.12,1.50
2017.08.04 12:36:08.647,0.87783,0.87791,1.00,1.12
2017.08.04 12:36:08.953,0.87784,0.87795,3.00,1.12
2017.08.04 12:36:09.207,0.8778,0.87791,4.12,1.00
2017.08.04 12:36:09.411,0.87783,0.87793,1.00,1.12
2017.08.04 12:36:09.583,0.87783,0.87795,2.62,1.50
2017.08.04 12:36:09.735,0.87783,0.87794,1.00,1.87
2017.08.04 12:36:10.194,0.87783,0.87793,1.00,1.50
2017.08.04 12:36:10.819,0.8778,0.87792,3.37,1.00
2017.08.04 12:36:11.314,0.8778,0.87791,1.50,1.00
2017.08.04 12:36:11.502,0.87782,0.87791,1.00,1.00
2017.08.04 12:36:12.026,0.87782,0.87792,1.50,1.12
2017.08.04 12:36:12.129,0.87781,0.87793,1.00,4.12
2017.08.04 12:36:12.180,0.87783,0.87793,1.37,1.37
2017.08.04 12:36:12.232,0.87784,0.87794,1.12,1.12
2017.08.04 12:36:12.538,0.87786,0.87796,1.00,1.87
2017.08.04 12:36:13.060,0.87785,0.87797,4.12,1.50
2017.08.04 12:36:13.264,0.87789,0.87799,1.12,1.50
2017.08.04 12:36:13.583,0.87789,0.87794,2.25,1.00
2017.08.04 12:36:13.634,0.87785,0.87797,4.87,1.12
2017.08.04 12:36:13.889,0.87785,0.87797,3.37,1.75
2017.08.04 12:36:14.169,0.87782,0.87793,2.62,1.00
2017.08.04 12:36:14.374,0.87783,0.87793,1.00,1.87
2017.08.04 12:36:14.527,0.87779,0.87791,1.50,1.87
2017.08.04 12:36:14.889,0.8778,0.87791,3.00,1.50
2017.08.04 12:36:15.043,0.87779,0.87791,3.37,1.50
2017.08.04 12:36:15.145,0.87781,0.87785,1.12,1.00
2017.08.04 12:36:15.453,0.87766,0.87775,3.37,1.12
2017.08.04 12:36:15.505,0.87766,0.87773,3.37,1.12
2017.08.04 12:36:15.608,0.87765,0.87775,3.37,1.00
2017.08.04 12:36:15.813,0.87765,0.87777,3.37,1.50
2017.08.04 12:36:15.917,0.87766,0.87777,1.50,3.37
2017.08.04 12:36:16.083,0.87765,0.87776,1.12,1.87
2017.08.04 12:36:16.236,0.87766,0.87775,1.50,1.00
2017.08.04 12:36:16.649,0.87774,0.87784,2.62,1.12
2017.08.04 12:36:16.753,0.87772,0.87784,1.50,1.87
2017.08.04 12:36:17.488,0.87774,0.87784,2.25,1.50
2017.08.04 12:36:18.407,0.87775,0.87785,1.37,1.50
2017.08.04 12:36:18.943,0.87775,0.87783,1.50,2.25
2017.08.04 12:36:18.995,0.87774,0.87781,1.37,1.12
2017.08.04 12:36:19.047,0.87769,0.87781,1.12,1.12
2017.08.04 12:36:19.099,0.87769,0.87782,3.00,3.00
2017.08.04 12:36:19.409,0.87769,0.87782,2.62,3.00
2017.08.04 12:36:19.511,0.87768,0.8778,3.00,1.12
2017.08.04 12:36:19.817,0.87764,0.87774,1.75,1.00
2017.08.04 12:36:19.971,0.87767,0.87778,3.37,1.12
2017.08.04 12:36:20.374,0.87769,0.87781,1.50,1.50
2017.08.04 12:36:20.928,0.87769,0.87782,1.12,1.87
2017.08.04 12:36:21.189,0.87771,0.87783,3.37,1.00
2017.08.04 12:36:21.291,0.87771,0.87782,1.37,1.12
2017.08.04 12:36:21.394,0.87769,0.87782,1.37,1.87
2017.08.04 12:36:22.391,0.8777,0.87783,1.50,1.87
2017.08.04 12:36:22.901,0.8777,0.87784,2.25,4.50
2017.08.04 12:36:23.228,0.87779,0.87791,3.37,2.25
2017.08.04 12:36:23.280,0.87779,0.87793,4.12,2.25
2017.08.04 12:36:23.332,0.87783,0.87793,1.12,1.00
2017.08.04 12:36:23.639,0.87785,0.87796,3.37,1.00
2017.08.04 12:36:24.140,0.87783,0.87796,4.12,1.37
2017.08.04 12:36:24.678,0.87784,0.87797,3.75,3.37
2017.08.04 12:36:24.835,0.87788,0.87799,1.12,2.62
2017.08.04 12:36:24.887,0.87788,0.87799,1.50,1.00
2017.08.04 12:36:24.940,0.87789,0.87801,1.37,3.37
2017.08.04 12:36:24.992,0.87789,0.87801,1.50,1.12
2017.08.04 12:36:25.573,0.87789,0.878,1.50,1.00
2017.08.04 12:36:25.675,0.87788,0.87798,2.62,1.00
2017.08.04 12:36:25.777,0.87784,0.87798,3.00,3.00
2017.08.04 12:36:26.735,0.87787,0.878,3.00,2.62
2017.08.04 12:36:26.991,0.87788,0.87801,3.37,1.87
2017.08.04 12:36:27.228,0.87789,0.87801,1.00,1.37
2017.08.04 12:36:28.449,0.87792,0.87801,1.00,1.50
2017.08.04 12:36:28.767,0.87793,0.87801,1.00,3.00
2017.08.04 12:36:28.923,0.8779,0.87797,1.75,1.50
2017.08.04 12:36:29.028,0.87786,0.87797,1.00,1.50
2017.08.04 12:36:29.131,0.87786,0.87797,3.75,1.12
2017.08.04 12:36:29.469,0.87786,0.87792,1.12,1.00
2017.08.04 12:36:29.977,0.87786,0.87792,1.00,1.50
2017.08.04 12:36:30.279,0.87785,0.8779,1.00,1.50
2017.08.04 12:36:30.637,0.87787,0.87793,1.00,1.75
2017.08.04 12:36:30.688,0.87787,0.87793,1.00,1.37
2017.08.04 12:36:30.739,0.87781,0.87788,1.00,4.12
2017.08.04 12:36:30.951,0.87781,0.87791,1.00,1.12
2017.08.04 12:36:31.206,0.87782,0.87794,2.25,2.62
2017.08.04 12:36:31.257,0.87783,0.87795,2.62,1.12
2017.08.04 12:36:31.359,0.87788,0.87797,1.00,1.12
2017.08.04 12:36:31.711,0.87788,0.878,2.25,2.62
2017.08.04 12:36:31.762,0.87788,0.878,1.12,1.50
2017.08.04 12:36:31.916,0.8779,0.87802,2.62,1.50
2017.08.04 12:36:32.123,0.87788,0.878,3.37,1.00
2017.08.04 12:36:32.380,0.87792,0.87802,1.12,1.37
2017.08.04 12:36:32.636,0.87791,0.87804,2.62,2.25
2017.08.04 12:36:33.505,0.87794,0.87804,1.00,1.00
2017.08.04 12:36:33.556,0.87794,0.87806,1.37,2.25
2017.08.04 12:36:33.608,0.87793,0.87806,3.37,2.62
2017.08.04 12:36:33.710,0.87792,0.87806,3.37,1.87
2017.08.04 12:36:34.014,0.87795,0.87807,1.67,2.62
2017.08.04 12:36:34.116,0.87799,0.87811,1.00,1.87
2017.08.04 12:36:34.809,0.87799,0.8781,1.00,1.87
2017.08.04 12:36:34.911,0.87796,0.8781,1.50,1.37
2017.08.04 12:36:35.225,0.87801,0.87812,1.87,3.37
2017.08.04 12:36:35.430,0.87813,0.87823,3.00,2.25
2017.08.04 12:36:35.531,0.87812,0.87825,3.00,1.87
2017.08.04 12:36:36.078,0.87812,0.8782,1.50,1.87
2017.08.04 12:36:36.233,0.87804,0.87815,2.62,1.50
2017.08.04 12:36:36.336,0.87802,0.87813,1.50,1.00
2017.08.04 12:36:36.439,0.87802,0.87813,1.12,1.50
2017.08.04 12:36:36.737,0.87797,0.87811,3.00,2.25
2017.08.04 12:36:36.993,0.87797,0.8781,3.37,1.75
2017.08.04 12:36:37.045,0.87797,0.87809,2.62,1.12
2017.08.04 12:36:37.198,0.87796,0.87809,1.50,1.12
2017.08.04 12:36:37.379,0.87796,0.87809,1.00,1.87
2017.08.04 12:36:37.790,0.87795,0.87809,3.00,1.50
2017.08.04 12:36:38.381,0.87794,0.87808,2.25,1.50
2017.08.04 12:36:38.841,0.87801,0.87809,1.75,1.50
2017.08.04 12:36:39.089,0.87804,0.87817,2.25,1.50
2017.08.04 12:36:39.192,0.87805,0.87819,1.00,3.00
2017.08.04 12:36:39.244,0.87804,0.87818,3.37,1.00
2017.08.04 12:36:39.765,0.87804,0.87818,1.12,1.12
2017.08.04 12:36:39.818,0.87806,0.87819,1.50,1.87
2017.08.04 12:36:40.123,0.87808,0.87822,1.87,2.25
2017.08.04 12:36:40.245,0.87809,0.87822,1.37,1.12
2017.08.04 12:36:40.355,0.87808,0.8782,1.12,1.12
2017.08.04 12:36:40.664,0.87802,0.87815,2.62,1.12
2017.08.04 12:36:40.875,0.878,0.87813,1.75,1.00
2017.08.04 12:36:40.979,0.87799,0.87812,2.25,1.00
2017.08.04 12:36:41.240,0.87802,0.87812,1.00,1.00
2017.08.04 12:36:41.444,0.87802,0.87814,1.12,1.50
2017.08.04 12:36:41.546,0.87802,0.87812,1.12,1.00
2017.08.04 12:36:41.850,0.87799,0.8781,2.25,1.50
2017.08.04 12:36:41.953,0.87799,0.87809,1.37,1.12
2017.08.04 12:36:42.055,0.87796,0.87809,1.50,2.25
2017.08.04 12:36:42.570,0.87797,0.87807,1.12,1.00
2017.08.04 12:36:42.876,0.87797,0.87805,1.12,1.12
2017.08.04 12:36:43.224,0.87788,0.878,2.25,2.25
2017.08.04 12:36:43.275,0.87787,0.878,1.37,2.62
2017.08.04 12:36:43.481,0.87787,0.878,1.37,1.12
2017.08.04 12:36:43.586,0.8779,0.87801,1.00,1.37
2017.08.04 12:36:43.922,0.8779,0.87799,2.25,1.00
2017.08.04 12:36:43.974,0.87787,0.87799,5.25,1.00
2017.08.04 12:36:44.400,0.87787,0.87799,1.37,1.12
2017.08.04 12:36:44.981,0.87787,0.878,1.37,2.25
2017.08.04 12:36:45.282,0.87789,0.87799,1.42,1.00
2017.08.04 12:36:45.486,0.87788,0.87799,1.05,1.00
2017.08.04 12:36:45.639,0.87789,0.878,1.80,1.00
2017.08.04 12:36:45.843,0.87789,0.87801,1.80,1.00
2017.08.04 12:36:45.996,0.87791,0.87803,1.00,2.25
2017.08.04 12:36:46.154,0.87793,0.87803,1.00,1.37
2017.08.04 12:36:46.206,0.87793,0.87804,1.00,1.12
2017.08.04 12:36:46.666,0.87793,0.87806,2.62,1.87
2017.08.04 12:36:46.718,0.87794,0.87806,1.37,1.00
2017.08.04 12:36:47.063,0.87794,0.87801,2.25,1.00
2017.08.04 12:36:47.269,0.8779,0.87803,1.50,1.50
2017.08.04 12:36:47.321,0.8779,0.87803,1.50,1.50
2017.08.04 12:36:47.655,0.87795,0.87806,1.75,1.00
2017.08.04 12:36:47.863,0.87794,0.87805,1.87,1.50
2017.08.04 12:36:48.171,0.8779,0.87803,2.62,1.50
2017.08.04 12:36:48.680,0.87791,0.87804,1.37,1.00
2017.08.04 12:36:49.088,0.87794,0.87805,2.25,1.12
2017.08.04 12:36:49.610,0.87796,0.87808,1.75,3.00
2017.08.04 12:36:49.866,0.87795,0.87805,1.50,1.12
2017.08.04 12:36:50.116,0.87792,0.87802,3.37,1.00
2017.08.04 12:36:50.272,0.87791,0.87802,1.00,2.25
2017.08.04 12:36:50.786,0.87787,0.87801,5.25,1.37
2017.08.04 12:36:51.040,0.87791,0.87803,1.75,1.75
2017.08.04 12:36:51.400,0.87792,0.87803,1.00,1.87
2017.08.04 12:36:51.607,0.87786,0.87799,5.62,1.50
2017.08.04 12:36:51.658,0.87786,0.87799,1.50,1.50
2017.08.04 12:36:51.814,0.87789,0.87799,1.12,1.00
2017.08.04 12:36:52.018,0.87792,0.87803,1.00,1.00
2017.08.04 12:36:52.069,0.87795,0.87804,1.12,1.50
2017.08.04 12:36:52.222,0.87796,0.87807,1.12,1.37
2017.08.04 12:36:52.273,0.87796,0.87808,1.50,1.00
2017.08.04 12:36:52.324,0.87796,0.87808,3.75,1.00
2017.08.04 12:36:52.508,0.87799,0.8781,1.37,1.12
2017.08.04 12:36:52.713,0.87798,0.87809,1.37,1.50
2017.08.04 12:36:52.816,0.87794,0.87808,3.37,1.12
2017.08.04 12:36:53.225,0.87791,0.87805,3.37,1.00
2017.08.04 12:36:53.276,0.87791,0.87805,1.50,1.00
2017.08.04 12:36:53.545,0.87792,0.87804,1.87,1.00
2017.08.04 12:36:53.850,0.87793,0.87803,2.62,6.00
2017.08.04 12:36:53.953,0.87788,0.878,2.25,1.75
2017.08.04 12:36:54.469,0.87787,0.87799,1.50,1.00
2017.08.04 12:36:54.776,0.87785,0.87796,3.37,1.00
2017.08.04 12:36:55.032,0.87785,0.87797,1.00,1.87
2017.08.04 12:36:55.278,0.87788,0.87798,3.37,1.00
2017.08.04 12:36:55.486,0.87788,0.878,3.00,1.87
2017.08.04 12:36:55.689,0.87791,0.87802,1.00,1.00
2017.08.04 12:36:55.740,0.87791,0.878,1.00,1.12
2017.08.04 12:36:55.893,0.87786,0.87798,1.12,2.47
2017.08.04 12:36:55.995,0.87784,0.87796,1.50,1.37
2017.08.04 12:36:56.296,0.8779,0.878,1.00,1.30
2017.08.04 12:36:56.399,0.87792,0.87803,1.00,2.47
2017.08.04 12:36:56.596,0.87792,0.87803,1.00,5.85
2017.08.04 12:36:56.750,0.87773,0.87786,3.00,1.12
2017.08.04 12:36:56.801,0.8778,0.87785,1.20,1.00
2017.08.04 12:36:56.903,0.87773,0.87786,2.62,1.87
2017.08.04 12:36:57.079,0.87773,0.87786,2.62,1.50
2017.08.04 12:36:57.182,0.87773,0.87784,2.62,1.00
2017.08.04 12:36:57.284,0.87773,0.87786,2.62,1.50
2017.08.04 12:36:58.067,0.87773,0.87786,2.62,1.87
2017.08.04 12:36:58.590,0.87773,0.87784,2.62,1.12
2017.08.04 12:36:58.794,0.87773,0.87786,3.37,1.12
2017.08.04 12:36:58.950,0.87775,0.87786,3.00,1.00
2017.08.04 12:36:59.461,0.87776,0.87784,1.00,1.00
2017.08.04 12:36:59.563,0.87772,0.87785,3.37,1.50
2017.08.04 12:37:00.410,0.87772,0.87784,3.37,1.00
2017.08.04 12:37:00.739,0.87774,0.87787,2.62,1.37
2017.08.04 12:37:00.895,0.87777,0.87788,1.50,1.00
2017.08.04 12:37:00.947,0.87778,0.87789,1.50,1.37
2017.08.04 12:37:01.100,0.8778,0.87793,1.00,4.12
2017.08.04 12:37:01.151,0.8778,0.87793,3.00,2.62
2017.08.04 12:37:01.304,0.8778,0.87792,1.12,1.12
2017.08.04 12:37:01.975,0.87781,0.87793,2.62,2.25
2017.08.04 12:37:03.286,0.87779,0.87792,2.62,1.12
2017.08.04 12:37:04.246,0.87781,0.87793,1.37,1.12
2017.08.04 12:37:04.842,0.87781,0.87793,1.50,2.62
2017.08.04 12:37:04.893,0.8778,0.8779,3.37,1.00
2017.08.04 12:37:04.995,0.87778,0.87789,1.00,1.00
2017.08.04 12:37:06.181,0.87779,0.87791,2.25,2.25
2017.08.04 12:37:06.753,0.87779,0.87791,2.62,1.87
2017.08.04 12:37:08.368,0.87782,0.87791,1.00,1.37
2017.08.04 12:37:08.521,0.87782,0.87794,1.12,2.25
2017.08.04 12:37:08.623,0.87779,0.8779,3.37,1.00
2017.08.04 12:37:08.725,0.87778,0.87789,2.62,1.00
2017.08.04 12:37:08.979,0.87781,0.8779,1.50,1.37
2017.08.04 12:37:09.081,0.8778,0.87793,2.62,1.87
2017.08.04 12:37:09.235,0.87778,0.87791,1.12,1.12
2017.08.04 12:37:09.711,0.87782,0.8779,1.00,1.00
2017.08.04 12:37:10.015,0.8778,0.87788,1.12,1.00
2017.08.04 12:37:10.323,0.8778,0.87791,1.00,1.00
2017.08.04 12:37:10.509,0.87779,0.87789,1.50,1.00
2017.08.04 12:37:11.041,0.87779,0.87789,1.12,1.50
2017.08.04 12:37:11.494,0.8778,0.87793,1.50,4.12
2017.08.04 12:37:11.647,0.87782,0.87793,1.50,1.87
2017.08.04 12:37:11.698,0.87782,0.87794,4.12,1.50
2017.08.04 12:37:12.104,0.87785,0.87796,2.62,3.37
2017.08.04 12:37:12.257,0.87787,0.87798,1.12,1.00
2017.08.04 12:37:12.308,0.87788,0.87796,2.25,1.00
2017.08.04 12:37:12.462,0.87787,0.87797,1.12,1.00
2017.08.04 12:37:12.616,0.87787,0.878,1.87,1.50
2017.08.04 12:37:12.718,0.87787,0.87797,1.87,1.00
2017.08.04 12:37:13.142,0.87785,0.87795,2.62,1.00
2017.08.04 12:37:13.245,0.87783,0.87795,1.87,1.37
2017.08.04 12:37:13.296,0.87783,0.87795,1.50,1.37
2017.08.04 12:37:13.552,0.87788,0.87795,1.00,1.75
2017.08.04 12:37:13.743,0.87785,0.87799,1.75,2.25
2017.08.04 12:37:13.896,0.87785,0.87796,1.50,2.25
2017.08.04 12:37:14.202,0.87787,0.87796,1.37,2.62
2017.08.04 12:37:14.457,0.87792,0.87802,1.00,2.62
2017.08.04 12:37:14.606,0.8779,0.87802,1.00,2.17
2017.08.04 12:37:14.657,0.8779,0.87798,1.00,1.12
2017.08.04 12:37:14.861,0.87783,0.87794,1.00,1.00
2017.08.04 12:37:15.013,0.87782,0.87794,1.37,1.37
2017.08.04 12:37:15.332,0.87781,0.87794,1.50,1.75
2017.08.04 12:37:15.855,0.87782,0.87792,1.00,1.00
2017.08.04 12:37:16.007,0.87786,0.87795,1.00,2.62
2017.08.04 12:37:16.059,0.87786,0.87797,1.00,3.37
2017.08.04 12:37:16.207,0.87788,0.878,1.00,2.62
2017.08.04 12:37:16.462,0.87786,0.87797,1.12,1.12
2017.08.04 12:37:16.513,0.87786,0.87797,1.00,3.00
2017.08.04 12:37:16.892,0.87784,0.87795,1.00,1.00
2017.08.04 12:37:17.094,0.87783,0.87793,1.00,1.37
2017.08.04 12:37:17.329,0.87781,0.87792,1.00,1.37
2017.08.04 12:37:17.886,0.8778,0.87792,1.87,2.62
2017.08.04 12:37:18.242,0.87784,0.87791,1.00,1.12
2017.08.04 12:37:18.347,0.87781,0.87793,1.00,1.75
2017.08.04 12:37:18.449,0.87781,0.87794,1.12,1.37
2017.08.04 12:37:19.513,0.87783,0.87794,1.00,1.87
2017.08.04 12:37:19.910,0.87781,0.87793,1.12,1.87
2017.08.04 12:37:20.062,0.87779,0.87792,4.12,1.50
2017.08.04 12:37:20.514,0.87783,0.87794,1.12,4.12
2017.08.04 12:37:20.565,0.87783,0.87794,1.12,2.25
2017.08.04 12:37:20.617,0.87785,0.87795,1.00,1.75
2017.08.04 12:37:20.770,0.87785,0.87796,1.12,1.00
2017.08.04 12:37:21.128,0.87783,0.87794,3.37,1.75
2017.08.04 12:37:21.347,0.87781,0.87791,1.37,1.00
2017.08.04 12:37:21.398,0.8778,0.87791,1.00,1.00
2017.08.04 12:37:21.756,0.8778,0.87788,1.00,1.00
2017.08.04 12:37:22.069,0.87783,0.87792,1.00,1.75
2017.08.04 12:37:22.120,0.87779,0.87792,1.12,1.12
2017.08.04 12:37:22.326,0.87777,0.8779,1.37,2.62
2017.08.04 12:37:22.378,0.87775,0.87788,2.25,1.00
2017.08.04 12:37:22.729,0.87775,0.87786,1.50,1.00
2017.08.04 12:37:23.064,0.87777,0.87787,1.00,1.50
2017.08.04 12:37:23.269,0.87775,0.87787,1.12,1.12
2017.08.04 12:37:23.320,0.87778,0.87786,1.00,1.00
2017.08.04 12:37:23.371,0.87775,0.87786,1.12,1.00
2017.08.04 12:37:23.608,0.87773,0.87784,1.12,1.00
2017.08.04 12:37:23.915,0.87774,0.87787,1.87,1.50
2017.08.04 12:37:24.282,0.87779,0.87788,1.00,4.12
2017.08.04 12:37:24.384,0.87781,0.87792,1.50,1.50
2017.08.04 12:37:24.992,0.87782,0.87792,1.00,1.00
2017.08.04 12:37:25.189,0.87784,0.87792,1.50,1.00
2017.08.04 12:37:25.392,0.87787,0.87797,1.50,1.37
2017.08.04 12:37:25.800,0.8779,0.87798,1.00,2.62
2017.08.04 12:37:25.963,0.8779,0.87798,1.00,1.00
2017.08.04 12:37:26.218,0.87788,0.878,1.12,1.37
2017.08.04 12:37:26.644,0.87784,0.87796,3.37,1.12
2017.08.04 12:37:26.907,0.87783,0.87796,1.12,2.25
2017.08.04 12:37:27.010,0.87784,0.87796,1.12,1.12
2017.08.04 12:37:27.317,0.87782,0.87795,2.25,1.50
2017.08.04 12:37:27.651,0.87788,0.87795,1.00,2.25
2017.08.04 12:37:27.703,0.87788,0.87799,1.00,1.00
2017.08.04 12:37:28.059,0.87787,0.87798,1.00,1.75
2017.08.04 12:37:28.263,0.87785,0.87798,1.12,1.87
2017.08.04 12:37:28.555,0.87783,0.87795,1.37,4.12
2017.08.04 12:37:28.606,0.87783,0.87795,1.00,4.50
2017.08.04 12:37:29.291,0.87782,0.87794,1.87,1.12
2017.08.04 12:37:29.364,0.87785,0.87794,1.00,1.12
2017.08.04 12:37:29.619,0.87785,0.87796,1.00,1.50
2017.08.04 12:37:29.773,0.87787,0.87797,1.00,2.25
2017.08.04 12:37:30.121,0.87787,0.87798,1.00,1.00
2017.08.04 12:37:30.274,0.87787,0.87799,1.00,3.37
2017.08.04 12:37:30.579,0.8779,0.87799,1.00,1.50
2017.08.04 12:37:30.733,0.87788,0.87799,1.50,1.50
2017.08.04 12:37:31.056,0.87786,0.87798,1.50,1.12
2017.08.04 12:37:31.570,0.87786,0.87797,1.00,1.50
2017.08.04 12:37:31.820,0.87785,0.87797,1.00,1.12
2017.08.04 12:37:32.125,0.87786,0.87797,1.00,1.00
2017.08.04 12:37:32.582,0.87786,0.87797,1.00,1.50
2017.08.04 12:37:32.634,0.87783,0.87797,1.50,2.62
2017.08.04 12:37:33.304,0.87783,0.87796,1.37,1.87
2017.08.04 12:37:33.713,0.87786,0.87795,1.00,1.50
2017.08.04 12:37:33.816,0.87788,0.87798,1.00,1.50
2017.08.04 12:37:33.919,0.87789,0.878,1.00,1.00
2017.08.04 12:37:34.179,0.87788,0.87798,1.00,1.37
2017.08.04 12:37:34.689,0.87788,0.87799,1.00,1.37
2017.08.04 12:37:35.482,0.87787,0.87799,1.12,1.87
2017.08.04 12:37:35.788,0.87785,0.87797,1.00,1.87
2017.08.04 12:37:36.138,0.87785,0.87794,1.00,1.12
2017.08.04 12:37:36.443,0.87784,0.87792,1.00,1.00
2017.08.04 12:37:36.987,0.87783,0.87793,1.00,1.00
2017.08.04 12:37:37.505,0.87784,0.87793,1.00,1.00
2017.08.04 12:37:37.781,0.87781,0.87793,1.00,1.00
2017.08.04 12:37:37.985,0.87781,0.87792,1.00,1.50
2017.08.04 12:37:38.172,0.87778,0.87791,1.12,1.87
2017.08.04 12:37:38.793,0.87779,0.87789,1.00,1.00
2017.08.04 12:37:39.302,0.87777,0.87789,1.50,1.50
2017.08.04 12:37:39.558,0.87779,0.87789,1.00,1.50
2017.08.04 12:37:39.898,0.87778,0.87789,1.00,1.87
2017.08.04 12:37:40.428,0.87776,0.87788,1.00,1.37
2017.08.04 12:37:40.933,0.87776,0.87786,1.00,1.00
2017.08.04 12:37:40.984,0.87778,0.87786,1.00,1.00
2017.08.04 12:37:41.548,0.87778,0.87789,1.00,1.87
2017.08.04 12:37:42.109,0.87778,0.87789,1.50,1.00
2017.08.04 12:37:42.382,0.87776,0.87786,1.50,1.00
2017.08.04 12:37:42.740,0.87777,0.87788,1.00,1.87
2017.08.04 12:37:43.554,0.87776,0.87788,1.12,1.87
2017.08.04 12:37:44.176,0.87776,0.87788,1.50,1.87
2017.08.04 12:37:44.331,0.87778,0.8779,1.87,1.75
2017.08.04 12:37:44.433,0.87778,0.8779,1.37,1.12
2017.08.04 12:37:44.688,0.87778,0.87785,1.50,1.00
2017.08.04 12:37:44.841,0.87773,0.87785,1.87,1.87
2017.08.04 12:37:45.397,0.87775,0.87785,1.00,1.12
2017.08.04 12:37:46.099,0.87776,0.87786,1.00,1.50
2017.08.04 12:37:46.253,0.87776,0.87787,1.50,1.00
2017.08.04 12:37:46.762,0.87776,0.87786,1.12,1.00
2017.08.04 12:37:47.301,0.87778,0.87786,1.00,1.00
2017.08.04 12:37:47.353,0.87776,0.87786,1.00,1.00
2017.08.04 12:37:47.455,0.87776,0.87788,1.12,1.87
2017.08.04 12:37:47.507,0.8778,0.87789,1.00,1.50
2017.08.04 12:37:47.758,0.87781,0.87791,1.12,1.00
2017.08.04 12:37:48.321,0.87781,0.87791,1.00,1.87
2017.08.04 12:37:48.664,0.87783,0.87791,1.00,1.50
2017.08.04 12:37:48.766,0.87779,0.87787,1.00,1.00
2017.08.04 12:37:48.817,0.87775,0.87785,4.12,1.00
2017.08.04 12:37:49.073,0.87774,0.87784,1.00,1.50
2017.08.04 12:37:49.915,0.87775,0.87784,1.00,1.50
2017.08.04 12:37:51.558,0.87773,0.87783,1.00,1.12
2017.08.04 12:37:51.660,0.87773,0.87783,1.00,1.75
2017.08.04 12:37:52.030,0.87775,0.87785,1.00,3.75
2017.08.04 12:37:52.315,0.87773,0.87783,1.00,1.12
2017.08.04 12:37:52.417,0.87772,0.87781,1.12,1.00
2017.08.04 12:37:52.804,0.87772,0.8778,1.00,1.75
2017.08.04 12:37:53.040,0.8777,0.87779,1.00,1.50
2017.08.04 12:37:53.761,0.87771,0.87781,1.00,2.62
2017.08.04 12:37:53.967,0.87776,0.87781,1.00,1.37
2017.08.04 12:37:54.019,0.87774,0.87784,1.00,2.62
2017.08.04 12:37:54.172,0.87775,0.87786,1.00,2.25
2017.08.04 12:37:54.223,0.87777,0.87787,1.00,3.37
2017.08.04 12:37:54.274,0.87777,0.87787,1.00,1.12
2017.08.04 12:37:54.479,0.87775,0.87787,1.00,4.87
2017.08.04 12:37:54.826,0.87775,0.87785,1.00,4.12
2017.08.04 12:37:54.877,0.87775,0.87785,1.00,2.25
2017.08.04 12:37:55.373,0.87774,0.87785,1.00,4.87
2017.08.04 12:37:55.578,0.87775,0.87786,1.00,4.12
2017.08.04 12:37:56.035,0.87773,0.87785,1.87,1.37
2017.08.04 12:37:56.137,0.87771,0.87781,3.37,2.25
2017.08.04 12:37:56.341,0.87764,0.87776,4.87,1.12
2017.08.04 12:37:56.393,0.87764,0.87774,4.12,1.00
2017.08.04 12:37:56.709,0.8776,0.87769,1.00,1.00
2017.08.04 12:37:56.813,0.87764,0.87769,1.00,1.00
2017.08.04 12:37:56.967,0.87764,0.87773,1.12,2.62
2017.08.04 12:37:57.018,0.87764,0.87775,1.12,2.62
2017.08.04 12:37:57.069,0.87765,0.87776,2.25,3.37
2017.08.04 12:37:57.120,0.87765,0.87776,2.62,1.12
2017.08.04 12:37:57.173,0.87764,0.87777,1.50,3.37
2017.08.04 12:37:57.701,0.87764,0.87776,1.12,1.50
2017.08.04 12:37:57.955,0.87762,0.87774,1.50,1.87
2017.08.04 12:37:58.221,0.87763,0.87775,2.25,1.12
2017.08.04 12:37:58.323,0.87766,0.87776,1.00,1.50
2017.08.04 12:37:58.628,0.87769,0.87781,1.12,1.87
2017.08.04 12:37:58.982,0.87768,0.8778,1.50,3.37
2017.08.04 12:38:00.280,0.8777,0.8778,1.00,3.37
2017.08.04 12:38:00.433,0.8777,0.87783,1.87,4.87
2017.08.04 12:38:00.535,0.87772,0.87783,1.00,4.87
2017.08.04 12:38:01.007,0.87774,0.87784,1.00,1.75
2017.08.04 12:38:01.109,0.87774,0.87786,1.12,4.12
2017.08.04 12:38:01.212,0.87774,0.87786,1.87,1.87
2017.08.04 12:38:01.466,0.87773,0.87784,3.37,1.00
2017.08.04 12:38:01.806,0.87751,0.87755,1.00,2.62
2017.08.04 12:38:01.858,0.87741,0.8775,1.00,1.75
2017.08.04 12:38:02.270,0.87736,0.87749,1.50,1.84
2017.08.04 12:38:02.815,0.87738,0.8775,1.00,2.21
2017.08.04 12:38:02.968,0.87738,0.8775,2.25,1.50
2017.08.04 12:38:03.273,0.87737,0.8775,1.75,1.87
2017.08.04 12:38:03.787,0.87737,0.8775,1.50,2.25
2017.08.04 12:38:04.305,0.87737,0.87748,1.00,1.12
2017.08.04 12:38:05.213,0.87737,0.8775,1.12,1.37
2017.08.04 12:38:05.315,0.87739,0.87751,1.00,1.12
2017.08.04 12:38:05.468,0.8774,0.87753,1.12,1.75
2017.08.04 12:38:05.519,0.8774,0.87753,1.37,1.37
2017.08.04 12:38:06.023,0.8774,0.87755,3.00,1.87
2017.08.04 12:38:06.279,0.87742,0.87754,1.00,4.12
2017.08.04 12:38:06.330,0.8774,0.87753,1.50,2.25
2017.08.04 12:38:06.534,0.87739,0.87749,1.12,1.00
2017.08.04 12:38:06.585,0.87737,0.87751,3.00,1.50
2017.08.04 12:38:06.924,0.87739,0.87751,1.37,1.00
2017.08.04 12:38:07.231,0.87741,0.87752,1.37,1.12
2017.08.04 12:38:07.572,0.87743,0.87754,1.37,1.12
2017.08.04 12:38:07.624,0.87742,0.87754,4.87,3.75
2017.08.04 12:38:07.675,0.87742,0.87755,4.12,4.12
2017.08.04 12:38:07.727,0.87742,0.87753,3.37,1.75
2017.08.04 12:38:07.880,0.8774,0.87752,1.50,1.75
2017.08.04 12:38:07.984,0.87738,0.8775,1.00,1.00
2017.08.04 12:38:08.328,0.87739,0.87751,1.87,1.37
2017.08.04 12:38:08.836,0.87739,0.87752,1.75,1.87
2017.08.04 12:38:08.989,0.87738,0.8775,1.12,1.37
2017.08.04 12:38:09.198,0.87739,0.87751,3.37,1.12
2017.08.04 12:38:09.504,0.87738,0.87749,1.37,1.50
2017.08.04 12:38:09.555,0.87737,0.87749,1.12,1.00
2017.08.04 12:38:10.422,0.87736,0.87749,1.50,4.50
2017.08.04 12:38:10.727,0.87731,0.87745,3.37,3.37
2017.08.04 12:38:10.868,0.8773,0.87742,2.25,1.37
2017.08.04 12:38:11.021,0.87733,0.87745,1.12,3.37
2017.08.04 12:38:11.227,0.87734,0.87747,1.37,3.37
2017.08.04 12:38:11.551,0.87736,0.87749,3.37,4.50
2017.08.04 12:38:12.223,0.87735,0.87747,1.50,1.50
2017.08.04 12:38:12.529,0.8774,0.8775,1.12,2.25
2017.08.04 12:38:12.682,0.8774,0.87753,1.87,3.37
2017.08.04 12:38:12.734,0.87741,0.87753,3.00,1.75
2017.08.04 12:38:12.938,0.87742,0.87756,1.37,5.25
2017.08.04 12:38:13.408,0.87743,0.87753,1.50,1.37
2017.08.04 12:38:13.584,0.87739,0.8775,2.62,1.00
2017.08.04 12:38:13.635,0.87738,0.8775,4.12,3.00
2017.08.04 12:38:13.686,0.87738,0.8775,1.12,3.37
2017.08.04 12:38:14.600,0.87737,0.87747,1.50,1.00
2017.08.04 12:38:14.753,0.87735,0.87746,1.37,3.75
2017.08.04 12:38:14.804,0.87733,0.87744,1.12,1.12
2017.08.04 12:38:15.462,0.87734,0.87745,1.00,1.50
2017.08.04 12:38:16.020,0.87733,0.87745,1.12,1.50
2017.08.04 12:38:16.316,0.87735,0.87746,1.37,2.62
2017.08.04 12:38:16.418,0.87736,0.87746,1.12,1.12
2017.08.04 12:38:16.520,0.87737,0.87746,3.00,1.00
2017.08.04 12:38:16.826,0.87737,0.8775,4.12,1.37
2017.08.04 12:38:17.367,0.87737,0.8775,3.00,3.30
2017.08.04 12:38:17.519,0.87737,0.87751,4.12,1.37
2017.08.04 12:38:18.027,0.8774,0.87751,1.00,1.37
2017.08.04 12:38:18.223,0.87742,0.87752,1.12,3.00
2017.08.04 12:38:18.630,0.87743,0.87754,1.00,2.62
2017.08.04 12:38:18.733,0.87743,0.87755,1.75,1.00
2017.08.04 12:38:19.612,0.87746,0.87757,1.00,3.00
2017.08.04 12:38:19.816,0.87747,0.87757,1.37,2.25
2017.08.04 12:38:19.867,0.87748,0.87757,1.50,1.12
2017.08.04 12:38:20.165,0.87744,0.87757,1.50,3.00
2017.08.04 12:38:20.369,0.87748,0.87757,1.00,3.37
2017.08.04 12:38:20.471,0.87749,0.87759,1.00,2.25
2017.08.04 12:38:20.523,0.87751,0.87759,1.00,2.25
2017.08.04 12:38:20.574,0.87752,0.87763,1.37,2.62
2017.08.04 12:38:20.918,0.87752,0.87765,3.00,3.37
2017.08.04 12:38:21.438,0.87753,0.87764,2.62,1.00
2017.08.04 12:38:21.599,0.87753,0.87766,2.62,1.12
2017.08.04 12:38:22.140,0.87753,0.87765,2.62,1.00
2017.08.04 12:38:22.673,0.87753,0.87767,2.62,2.25
2017.08.04 12:38:22.872,0.87753,0.87763,2.62,1.87
2017.08.04 12:38:22.974,0.87749,0.87761,3.37,1.12
2017.08.04 12:38:23.077,0.87749,0.87762,1.87,3.00
2017.08.04 12:38:23.281,0.87751,0.87762,1.37,2.25
2017.08.04 12:38:23.333,0.87751,0.87765,3.37,1.50
2017.08.04 12:38:23.625,0.87755,0.87766,1.00,3.37
2017.08.04 12:38:23.930,0.87755,0.87766,2.62,1.12
2017.08.04 12:38:24.185,0.87753,0.87764,1.12,1.87
2017.08.04 12:38:24.402,0.8775,0.87761,4.12,1.00
2017.08.04 12:38:24.556,0.8775,0.87762,1.12,1.50
2017.08.04 12:38:24.709,0.87751,0.87763,1.37,3.00
2017.08.04 12:38:24.760,0.87751,0.87763,3.37,1.12
2017.08.04 12:38:25.533,0.87753,0.87766,1.50,2.62
2017.08.04 12:38:25.585,0.87753,0.87766,3.37,1.00
2017.08.04 12:38:26.279,0.87754,0.87765,1.50,1.00
2017.08.04 12:38:26.829,0.87753,0.87766,3.37,1.50
2017.08.04 12:38:27.090,0.87753,0.87764,2.25,1.12
2017.08.04 12:38:27.142,0.87752,0.87764,1.50,1.50
2017.08.04 12:38:27.922,0.87751,0.87762,3.37,1.00
2017.08.04 12:38:27.974,0.87751,0.87759,3.37,1.00
2017.08.04 12:38:28.324,0.87743,0.87757,5.62,1.75
2017.08.04 12:38:28.680,0.87745,0.87758,2.25,1.87
2017.08.04 12:38:28.833,0.8775,0.87759,1.00,2.62
2017.08.04 12:38:28.986,0.8775,0.87762,1.50,2.62
2017.08.04 12:38:29.088,0.87752,0.87765,1.12,4.87
2017.08.04 12:38:30.708,0.87751,0.87761,1.50,1.12
2017.08.04 12:38:30.860,0.87747,0.8776,2.62,1.12
2017.08.04 12:38:30.912,0.87747,0.87759,2.25,2.25
2017.08.04 12:38:30.964,0.87746,0.87757,1.50,1.00
2017.08.04 12:38:31.182,0.87748,0.87759,1.12,2.62
2017.08.04 12:38:31.386,0.87754,0.87766,1.50,2.62
2017.08.04 12:38:31.489,0.87755,0.87768,1.12,2.62
2017.08.04 12:38:31.591,0.87755,0.87769,3.37,3.37
2017.08.04 12:38:32.081,0.87755,0.87766,1.37,3.00
2017.08.04 12:38:32.132,0.87751,0.87763,3.37,1.00
2017.08.04 12:38:32.183,0.8775,0.87763,3.37,1.87
2017.08.04 12:38:32.285,0.87749,0.87762,3.00,2.62
2017.08.04 12:38:32.438,0.87749,0.87762,3.37,3.75
2017.08.04 12:38:32.693,0.87746,0.87757,1.12,1.12
2017.08.04 12:38:32.845,0.87744,0.87755,2.62,1.12
2017.08.04 12:38:33.176,0.8774,0.87753,1.12,2.62
2017.08.04 12:38:33.279,0.8774,0.87754,1.75,3.75
2017.08.04 12:38:33.484,0.8774,0.87751,1.00,1.00
2017.08.04 12:38:33.899,0.87748,0.87753,1.00,1.00
2017.08.04 12:38:34.002,0.87749,0.87762,2.62,1.12
2017.08.04 12:38:34.205,0.87749,0.87762,3.00,1.50
2017.08.04 12:38:34.525,0.87748,0.87761,4.50,2.62
2017.08.04 12:38:35.375,0.87749,0.87762,1.37,2.25
2017.08.04 12:38:36.185,0.87751,0.87763,1.00,4.12
2017.08.04 12:38:36.288,0.87751,0.87764,3.00,1.50
2017.08.04 12:38:36.492,0.87751,0.87763,1.50,3.37
2017.08.04 12:38:37.010,0.87749,0.87762,3.37,1.50
2017.08.04 12:38:38.522,0.87752,0.87763,1.37,2.62
2017.08.04 12:38:38.574,0.87753,0.87763,1.50,1.00
2017.08.04 12:38:38.880,0.87753,0.87765,2.62,1.12
2017.08.04 12:38:39.035,0.8775,0.87762,2.25,1.12
2017.08.04 12:38:39.137,0.8775,0.87762,1.37,1.50
2017.08.04 12:38:39.240,0.87747,0.8776,3.75,1.50
2017.08.04 12:38:39.591,0.87749,0.87762,1.50,1.50
2017.08.04 12:38:40.000,0.87749,0.87761,1.37,3.37
2017.08.04 12:38:40.307,0.87752,0.87761,1.00,2.62
2017.08.04 12:38:40.498,0.87752,0.87763,1.12,1.87
2017.08.04 12:38:40.703,0.8775,0.87761,2.62,1.00
2017.08.04 12:38:40.906,0.8775,0.8776,1.50,1.00
2017.08.04 12:38:41.287,0.8775,0.87762,2.62,1.87
2017.08.04 12:38:42.336,0.87751,0.87762,1.75,1.37
2017.08.04 12:38:42.878,0.87753,0.87762,1.00,1.00
2017.08.04 12:38:43.425,0.87753,0.87763,1.00,1.50
2017.08.04 12:38:44.183,0.87753,0.87762,1.00,1.00
2017.08.04 12:38:44.488,0.87748,0.87757,2.62,1.00
2017.08.04 12:38:44.539,0.87744,0.87757,1.37,2.25
2017.08.04 12:38:44.693,0.87747,0.87758,1.12,1.50
2017.08.04 12:38:45.214,0.87747,0.87758,1.12,1.12
2017.08.04 12:38:45.548,0.87749,0.8776,1.00,3.37
2017.08.04 12:38:45.972,0.87754,0.87765,1.00,1.87
2017.08.04 12:38:46.126,0.87754,0.87763,1.00,1.00
2017.08.04 12:38:46.382,0.8775,0.87762,3.37,1.87
2017.08.04 12:38:46.898,0.8775,0.87763,4.12,2.62
2017.08.04 12:38:47.712,0.87753,0.87763,1.00,2.62
2017.08.04 12:38:47.814,0.87756,0.87763,1.00,2.62
2017.08.04 12:38:47.916,0.87756,0.87765,1.00,2.62
2017.08.04 12:38:47.967,0.87756,0.87766,1.00,1.50
2017.08.04 12:38:48.221,0.87759,0.8777,3.00,3.37
2017.08.04 12:38:48.273,0.87759,0.8777,3.37,1.12
2017.08.04 12:38:48.762,0.87759,0.87771,1.12,1.87
2017.08.04 12:38:48.813,0.8776,0.87771,1.37,1.87
2017.08.04 12:38:49.048,0.87757,0.87771,4.12,1.87
2017.08.04 12:38:49.678,0.87757,0.87769,4.12,1.00
2017.08.04 12:38:49.920,0.87758,0.87767,1.00,1.00
2017.08.04 12:38:50.228,0.87762,0.8777,1.37,2.25
2017.08.04 12:38:50.280,0.87761,0.87774,4.12,3.75
2017.08.04 12:38:50.974,0.87765,0.87774,1.50,2.62
2017.08.04 12:38:51.026,0.87767,0.87774,1.00,2.62
2017.08.04 12:38:51.179,0.87768,0.87779,1.00,2.62
2017.08.04 12:38:51.331,0.87769,0.8778,2.25,2.62
2017.08.04 12:38:51.383,0.87769,0.87782,2.62,3.00
2017.08.04 12:38:52.415,0.87772,0.87784,1.87,2.62
2017.08.04 12:38:52.923,0.87773,0.87786,1.75,1.50
2017.08.04 12:38:53.079,0.87775,0.87787,1.37,1.50
2017.08.04 12:38:53.130,0.87774,0.87787,1.12,1.50
2017.08.04 12:38:53.334,0.87772,0.87785,3.75,1.87
2017.08.04 12:38:53.817,0.87772,0.87783,1.00,1.87
2017.08.04 12:38:53.919,0.87768,0.87782,4.50,3.00
2017.08.04 12:38:54.271,0.87769,0.87782,1.75,1.50
2017.08.04 12:38:54.673,0.87773,0.87782,1.00,1.12
2017.08.04 12:38:54.929,0.87775,0.87786,1.50,1.00
2017.08.04 12:38:55.619,0.87775,0.87786,1.50,1.50
2017.08.04 12:38:55.721,0.87775,0.87788,3.37,1.87
2017.08.04 12:38:56.538,0.87776,0.87789,2.25,1.12
2017.08.04 12:38:57.629,0.87778,0.87789,1.00,1.87
2017.08.04 12:38:57.834,0.87775,0.87789,2.25,4.12
2017.08.04 12:38:58.139,0.87777,0.87791,1.50,2.62
2017.08.04 12:38:59.321,0.87777,0.87788,1.50,1.00
2017.08.04 12:38:59.766,0.87778,0.87791,3.37,1.87
2017.08.04 12:39:00.071,0.87777,0.8779,1.50,1.50
2017.08.04 12:39:00.451,0.87781,0.87793,1.37,2.62
2017.08.04 12:39:00.759,0.87784,0.87793,1.00,2.62
2017.08.04 12:39:00.810,0.87782,0.87793,1.12,2.62
2017.08.04 12:39:00.862,0.87782,0.87793,2.25,1.00
2017.08.04 12:39:01.015,0.87782,0.87792,1.50,1.50
2017.08.04 12:39:01.340,0.87776,0.87789,1.37,3.75
2017.08.04 12:39:01.646,0.87774,0.87786,1.50,1.12
2017.08.04 12:39:01.799,0.87775,0.87787,1.87,2.62
2017.08.04 12:39:02.055,0.87771,0.87784,2.25,1.87
2017.08.04 12:39:02.107,0.87771,0.87784,1.87,4.12
2017.08.04 12:39:02.268,0.8777,0.87783,1.87,3.37
2017.08.04 12:39:02.421,0.8777,0.87779,1.12,1.00
2017.08.04 12:39:02.575,0.87767,0.87777,1.00,1.12
2017.08.04 12:39:03.084,0.87769,0.87778,1.00,3.37
2017.08.04 12:39:03.277,0.87769,0.87782,1.87,1.87
2017.08.04 12:39:03.531,0.87767,0.87778,2.25,1.37
2017.08.04 12:39:03.583,0.87766,0.87778,1.12,3.37
2017.08.04 12:39:03.837,0.87762,0.87774,2.62,1.00
2017.08.04 12:39:04.371,0.87763,0.87776,1.50,1.50
2017.08.04 12:39:04.881,0.87764,0.87774,1.00,1.00
2017.08.04 12:39:05.569,0.87763,0.87774,1.00,1.00
2017.08.04 12:39:05.882,0.87763,0.87776,1.50,2.62
2017.08.04 12:39:06.187,0.87762,0.87776,1.87,3.75
2017.08.04 12:39:06.290,0.87762,0.87776,4.50,3.75
2017.08.04 12:39:06.975,0.87766,0.87776,1.00,3.37
2017.08.04 12:39:07.477,0.87763,0.87776,1.50,3.75
2017.08.04 12:39:08.117,0.87771,0.87776,1.00,3.37
2017.08.04 12:39:08.271,0.87775,0.87781,1.00,1.00
2017.08.04 12:39:08.323,0.87775,0.87785,1.00,2.25
2017.08.04 12:39:08.476,0.8778,0.87786,1.50,1.00
2017.08.04 12:39:08.579,0.87788,0.87795,1.00,1.00
2017.08.04 12:39:08.783,0.87788,0.87798,1.00,1.50
2017.08.04 12:39:08.885,0.87785,0.87798,1.50,1.50
2017.08.04 12:39:09.238,0.87784,0.87797,1.50,1.50
2017.08.04 12:39:09.648,0.87782,0.87791,2.25,1.00
2017.08.04 12:39:09.700,0.87781,0.87792,1.00,1.50
2017.08.04 12:39:09.753,0.87778,0.87792,2.62,3.37
2017.08.04 12:39:09.804,0.87779,0.8779,1.00,1.00
2017.08.04 12:39:10.313,0.8778,0.8779,1.12,1.00
2017.08.04 12:39:10.364,0.87781,0.8779,1.50,1.00
2017.08.04 12:39:10.468,0.87784,0.87795,1.50,3.37
2017.08.04 12:39:10.519,0.87786,0.87795,1.12,2.62
2017.08.04 12:39:10.675,0.87786,0.87798,1.12,1.87
2017.08.04 12:39:10.727,0.87784,0.87797,4.12,1.37
2017.08.04 12:39:10.977,0.87784,0.87796,1.50,1.50
2017.08.04 12:39:12.854,0.87784,0.87797,1.87,3.37
2017.08.04 12:39:13.104,0.87785,0.87799,2.62,1.87
2017.08.04 12:39:13.399,0.87788,0.87799,1.00,1.12
2017.08.04 12:39:13.708,0.87789,0.87803,1.50,3.37
2017.08.04 12:39:14.474,0.87788,0.87799,2.62,1.00
2017.08.04 12:39:14.781,0.87786,0.87799,3.37,2.62
2017.08.04 12:39:15.020,0.87784,0.87798,4.50,1.50
2017.08.04 12:39:18.327,0.87789,0.87798,1.00,1.50
2017.08.04 12:39:18.379,0.87787,0.87799,1.12,3.75
2017.08.04 12:39:18.430,0.87786,0.87798,4.12,1.37
2017.08.04 12:39:18.779,0.87782,0.87791,1.37,1.37
2017.08.04 12:39:19.353,0.87782,0.87792,1.00,2.62
2017.08.04 12:39:19.638,0.87781,0.87794,1.12,4.50
2017.08.04 12:39:20.075,0.87783,0.87794,1.00,3.37
2017.08.04 12:39:20.272,0.87784,0.87794,1.00,1.00
2017.08.04 12:39:21.308,0.87783,0.87794,3.37,1.00
2017.08.04 12:39:21.359,0.87783,0.87794,1.37,3.37
2017.08.04 12:39:21.665,0.87781,0.87789,2.25,1.12
2017.08.04 12:39:21.716,0.87779,0.87789,1.00,1.00
2017.08.04 12:39:21.870,0.87782,0.87789,1.00,1.00
2017.08.04 12:39:22.125,0.8778,0.87792,1.50,1.50
2017.08.04 12:39:22.805,0.87782,0.87793,1.00,3.37
2017.08.04 12:39:23.332,0.87785,0.87794,1.00,2.62
2017.08.04 12:39:23.384,0.87783,0.87794,1.12,2.62
2017.08.04 12:39:23.435,0.87785,0.87794,1.00,2.62
2017.08.04 12:39:23.537,0.87785,0.87797,1.00,4.50
2017.08.04 12:39:23.639,0.87785,0.87797,1.50,2.25
2017.08.04 12:39:24.197,0.87785,0.87796,1.50,1.00
2017.08.04 12:39:25.229,0.87786,0.87797,1.12,1.00
2017.08.04 12:39:25.280,0.87784,0.87797,2.62,4.50
2017.08.04 12:39:25.332,0.87784,0.87795,1.00,1.00
2017.08.04 12:39:25.785,0.87784,0.87792,1.00,1.00
2017.08.04 12:39:26.037,0.87778,0.8779,1.50,2.62
2017.08.04 12:39:26.648,0.87777,0.87788,1.00,1.50
2017.08.04 12:39:27.288,0.87779,0.87789,1.00,4.50
2017.08.04 12:39:27.592,0.87781,0.87789,1.00,2.25
2017.08.04 12:39:27.745,0.87779,0.8779,1.00,1.87
2017.08.04 12:39:28.620,0.87778,0.87788,1.12,1.50
2017.08.04 12:39:29.175,0.87776,0.87788,1.50,1.50
2017.08.04 12:39:29.704,0.87777,0.87786,1.00,1.00
2017.08.04 12:39:30.603,0.87776,0.87786,1.12,1.00
2017.08.04 12:39:30.859,0.87776,0.87786,1.00,3.37
2017.08.04 12:39:30.961,0.87776,0.87786,1.12,1.12
2017.08.04 12:39:31.416,0.87782,0.87786,1.00,1.00
2017.08.04 12:39:31.520,0.8778,0.87787,1.50,2.25
2017.08.04 12:39:31.572,0.8778,0.87789,3.00,2.25
2017.08.04 12:39:31.674,0.8778,0.8779,2.25,1.87
2017.08.04 12:39:31.777,0.87778,0.8779,3.00,1.50
2017.08.04 12:39:31.912,0.87778,0.87789,1.12,1.50
2017.08.04 12:39:33.078,0.87777,0.87788,1.12,1.12
2017.08.04 12:39:33.231,0.87775,0.87786,4.50,1.87
2017.08.04 12:39:33.537,0.87774,0.87783,3.00,1.00
2017.08.04 12:39:33.588,0.87774,0.87783,1.00,1.12
2017.08.04 12:39:33.793,0.87774,0.87786,3.75,1.37
2017.08.04 12:39:33.946,0.87776,0.87789,1.12,3.37
2017.08.04 12:39:34.048,0.87777,0.87789,1.50,1.12
2017.08.04 12:39:35.195,0.87777,0.87788,1.50,1.00
2017.08.04 12:39:35.744,0.87777,0.87787,1.50,1.00
2017.08.04 12:39:36.153,0.8778,0.87787,1.00,1.00
2017.08.04 12:39:36.488,0.87778,0.87788,1.12,3.75
2017.08.04 12:39:36.594,0.87774,0.87785,3.37,1.00
2017.08.04 12:39:36.646,0.87774,0.87784,3.37,1.50
2017.08.04 12:39:36.902,0.87773,0.87785,1.00,4.50
2017.08.04 12:39:37.004,0.87775,0.87786,1.00,2.25
2017.08.04 12:39:37.230,0.87772,0.87784,1.50,1.00
2017.08.04 12:39:37.387,0.87771,0.87782,1.37,1.12
2017.08.04 12:39:37.439,0.8777,0.87782,1.87,1.12
2017.08.04 12:39:37.951,0.87769,0.87782,2.25,1.87
2017.08.04 12:39:38.208,0.87771,0.87784,2.25,1.87
2017.08.04 12:39:38.311,0.87771,0.87784,3.00,1.00
2017.08.04 12:39:38.516,0.87773,0.87785,1.37,1.50
2017.08.04 12:39:38.850,0.87771,0.87783,1.50,1.37
2017.08.04 12:39:39.105,0.87771,0.87785,4.12,1.50
2017.08.04 12:39:39.156,0.87773,0.87785,1.12,2.62
2017.08.04 12:39:39.309,0.87769,0.87781,1.12,1.50
2017.08.04 12:39:39.564,0.87772,0.87782,1.00,2.62
2017.08.04 12:39:39.615,0.87771,0.87784,4.12,1.50
2017.08.04 12:39:39.768,0.8777,0.87782,1.12,1.00
2017.08.04 12:39:39.819,0.8777,0.87782,1.12,3.00
2017.08.04 12:39:40.115,0.87773,0.87786,1.12,1.87
2017.08.04 12:39:40.268,0.87775,0.87787,1.00,3.00
2017.08.04 12:39:40.320,0.87775,0.87787,1.50,1.00
2017.08.04 12:39:41.353,0.87777,0.87787,1.00,1.00
2017.08.04 12:39:41.574,0.87776,0.87788,3.37,1.12
2017.08.04 12:39:41.628,0.87776,0.87786,1.50,1.75
2017.08.04 12:39:41.811,0.87773,0.87785,1.00,1.75
2017.08.04 12:39:41.913,0.87777,0.87786,1.00,2.62
2017.08.04 12:39:42.015,0.87777,0.87786,1.00,1.00
2017.08.04 12:39:42.066,0.87775,0.87786,2.25,1.12
2017.08.04 12:39:42.118,0.87775,0.87787,1.50,1.75
2017.08.04 12:39:42.504,0.87771,0.8778,1.12,1.12
2017.08.04 12:39:42.607,0.87769,0.87778,1.00,1.50
2017.08.04 12:39:42.813,0.87766,0.87778,1.50,1.00
2017.08.04 12:39:43.350,0.87766,0.87778,1.12,1.00
2017.08.04 12:39:43.604,0.87768,0.87779,1.00,1.50
2017.08.04 12:39:43.858,0.87769,0.87782,2.25,1.37
2017.08.04 12:39:44.398,0.87771,0.87783,2.25,1.75
2017.08.04 12:39:45.194,0.87772,0.87783,1.37,1.12
2017.08.04 12:39:45.296,0.87775,0.87785,1.00,3.00
2017.08.04 12:39:45.348,0.87775,0.87785,1.00,1.00
2017.08.04 12:39:45.915,0.87776,0.87787,1.00,1.50
2017.08.04 12:39:45.972,0.87778,0.87789,1.00,3.75
2017.08.04 12:39:46.074,0.87777,0.8779,2.25,1.37
2017.08.04 12:39:46.228,0.87775,0.87787,1.12,1.37
2017.08.04 12:39:46.330,0.87773,0.87785,1.50,1.87
2017.08.04 12:39:46.432,0.87772,0.87783,2.25,1.00
2017.08.04 12:39:46.826,0.87775,0.87785,1.00,3.00
2017.08.04 12:39:46.928,0.87775,0.87786,1.00,1.00
2017.08.04 12:39:47.235,0.87774,0.87785,1.12,1.50
2017.08.04 12:39:47.658,0.87771,0.87784,1.87,1.37
2017.08.04 12:39:48.271,0.87769,0.87783,4.12,1.12
2017.08.04 12:39:48.475,0.87765,0.87777,2.25,1.12
2017.08.04 12:39:48.526,0.87766,0.87777,1.00,3.75
2017.08.04 12:39:48.832,0.87765,0.87774,1.00,1.37
2017.08.04 12:39:49.017,0.8776,0.87772,1.50,4.50
2017.08.04 12:39:49.326,0.87761,0.87772,1.87,2.25
2017.08.04 12:39:49.377,0.87761,0.87774,2.25,2.62
2017.08.04 12:39:49.911,0.8776,0.87772,4.12,1.00
2017.08.04 12:39:50.423,0.87759,0.87771,4.12,1.50
2017.08.04 12:39:50.596,0.87759,0.87771,2.25,4.50
2017.08.04 12:39:50.647,0.87758,0.87769,1.00,1.87
2017.08.04 12:39:50.704,0.87758,0.87768,1.00,1.50
2017.08.04 12:39:50.857,0.87754,0.87765,1.00,1.50
2017.08.04 12:39:50.960,0.87754,0.87764,1.00,1.37
2017.08.04 12:39:51.063,0.8775,0.87762,1.12,1.87
2017.08.04 12:39:52.740,0.87748,0.8776,4.87,1.00
2017.08.04 12:39:53.363,0.8775,0.87762,1.37,1.50
2017.08.04 12:39:53.567,0.87751,0.87762,1.00,4.50
2017.08.04 12:39:53.669,0.87749,0.8776,1.12,1.00
2017.08.04 12:39:54.225,0.8775,0.87762,1.12,3.75
2017.08.04 12:39:54.277,0.8775,0.87761,3.37,1.00
2017.08.04 12:39:54.582,0.87746,0.87758,1.12,1.37
2017.08.04 12:39:54.753,0.87748,0.87759,1.00,3.75
2017.08.04 12:39:54.855,0.87746,0.87759,1.87,4.50
2017.08.04 12:39:54.991,0.87747,0.87759,3.37,1.00
2017.08.04 12:39:55.550,0.87746,0.8776,4.12,4.87
2017.08.04 12:39:55.880,0.87746,0.87756,1.50,1.00
2017.08.04 12:39:55.983,0.87747,0.8776,1.50,1.37
2017.08.04 12:39:56.085,0.87752,0.87761,1.87,4.12
2017.08.04 12:39:56.188,0.87753,0.87765,1.12,1.12
2017.08.04 12:39:56.240,0.87755,0.87766,1.00,4.12
2017.08.04 12:39:56.393,0.87755,0.87766,1.00,1.00
2017.08.04 12:39:56.665,0.87757,0.87768,1.00,3.37
2017.08.04 12:39:56.769,0.87759,0.87772,2.62,1.87
2017.08.04 12:39:57.078,0.87761,0.87773,1.37,2.62
2017.08.04 12:39:57.181,0.87761,0.87774,4.12,1.37
2017.08.04 12:39:57.365,0.87763,0.87773,1.00,2.62
2017.08.04 12:39:57.570,0.87756,0.8777,3.00,3.75
2017.08.04 12:39:57.673,0.87762,0.8777,1.00,3.37
2017.08.04 12:39:57.776,0.87766,0.87775,2.62,1.50
2017.08.04 12:39:57.880,0.87765,0.87776,1.12,1.00
2017.08.04 12:39:58.429,0.87764,0.87776,2.25,1.50
2017.08.04 12:39:59.077,0.87764,0.87777,3.75,1.50
2017.08.04 12:39:59.784,0.87764,0.87776,1.12,1.50
2017.08.04 12:40:00.371,0.87763,0.87776,1.87,3.37
2017.08.04 12:40:00.575,0.87766,0.87778,1.37,1.37
2017.08.04 12:40:00.626,0.87767,0.87778,1.12,1.00
2017.08.04 12:40:00.902,0.8777,0.87779,1.00,1.12
2017.08.04 12:40:01.119,0.87776,0.87787,1.00,1.12
2017.08.04 12:40:01.223,0.87774,0.87785,2.62,1.12
2017.08.04 12:40:01.480,0.87765,0.87778,1.12,3.00
2017.08.04 12:40:01.580,0.87763,0.87773,1.00,2.62
2017.08.04 12:40:01.683,0.87763,0.87774,2.62,1.12
2017.08.04 12:40:01.734,0.87764,0.87774,1.50,1.12
2017.08.04 12:40:01.990,0.87766,0.87779,2.25,2.62
2017.08.04 12:40:02.182,0.87764,0.87775,1.00,2.62
2017.08.04 12:40:02.492,0.87766,0.87775,1.00,1.12
2017.08.04 12:40:02.697,0.87763,0.87774,1.50,1.00
2017.08.04 12:40:03.014,0.87763,0.87773,1.00,2.62
2017.08.04 12:40:03.218,0.87763,0.87773,1.00,1.00
2017.08.04 12:40:03.464,0.87761,0.87773,1.87,2.62
2017.08.04 12:40:03.724,0.87763,0.87777,1.50,4.12
2017.08.04 12:40:03.978,0.87763,0.87775,1.50,2.25
2017.08.04 12:40:04.377,0.8776,0.87771,1.00,2.25
2017.08.04 12:40:04.682,0.87763,0.87774,1.50,1.50
2017.08.04 12:40:04.886,0.87762,0.87773,1.00,2.25
2017.08.04 12:40:05.217,0.87764,0.87775,1.50,1.00
2017.08.04 12:40:05.318,0.87764,0.87774,1.00,3.37
2017.08.04 12:40:05.851,0.87763,0.87774,1.00,3.37
2017.08.04 12:40:06.097,0.87763,0.87776,1.50,1.75
2017.08.04 12:40:06.615,0.87765,0.87775,1.00,3.37
2017.08.04 12:40:06.719,0.87766,0.87778,1.00,3.37
2017.08.04 12:40:06.997,0.87766,0.87777,3.00,1.00
2017.08.04 12:40:07.614,0.87769,0.8778,1.37,2.62
2017.08.04 12:40:08.025,0.87768,0.87779,1.00,3.37
2017.08.04 12:40:08.232,0.87768,0.87779,1.12,1.12
2017.08.04 12:40:08.434,0.8777,0.8778,2.62,1.12
2017.08.04 12:40:09.304,0.87775,0.87782,1.00,1.75
2017.08.04 12:40:09.457,0.87775,0.87786,1.12,3.37
2017.08.04 12:40:09.884,0.87773,0.87786,1.12,3.75
2017.08.04 12:40:10.221,0.87771,0.87782,3.37,1.50
2017.08.04 12:40:10.429,0.87765,0.87779,4.12,1.50
2017.08.04 12:40:11.231,0.87768,0.87779,1.00,1.50
2017.08.04 12:40:11.827,0.87768,0.87779,1.87,1.50
2017.08.04 12:40:12.027,0.87772,0.87779,1.00,1.00
2017.08.04 12:40:12.232,0.87767,0.87778,1.87,1.37
2017.08.04 12:40:12.782,0.87769,0.87778,1.00,1.37
2017.08.04 12:40:13.036,0.87767,0.87777,1.50,1.87
2017.08.04 12:40:13.138,0.87764,0.87774,1.87,1.00
2017.08.04 12:40:13.655,0.87763,0.87773,1.12,1.00
2017.08.04 12:40:14.414,0.87763,0.87773,1.12,1.12
2017.08.04 12:40:14.727,0.87758,0.8777,1.87,3.37
2017.08.04 12:40:14.829,0.8776,0.87774,3.37,4.12
2017.08.04 12:40:14.931,0.87764,0.87773,1.00,1.00
2017.08.04 12:40:15.443,0.87766,0.87777,1.12,1.50
2017.08.04 12:40:15.851,0.87766,0.87779,1.50,2.62
2017.08.04 12:40:16.364,0.87769,0.87779,1.00,1.87
2017.08.04 12:40:16.466,0.8777,0.87781,1.00,1.50
2017.08.04 12:40:16.569,0.87773,0.87782,1.00,2.62
2017.08.04 12:40:16.620,0.87771,0.87782,2.92,2.62
2017.08.04 12:40:16.674,0.87772,0.87783,1.00,1.00
2017.08.04 12:40:16.725,0.87773,0.87785,1.05,3.37
2017.08.04 12:40:17.202,0.87775,0.87787,1.37,4.50
2017.08.04 12:40:17.255,0.87776,0.87789,1.12,3.75
2017.08.04 12:40:18.672,0.87776,0.87789,1.87,3.37
2017.08.04 12:40:19.559,0.87776,0.87788,1.12,1.50
2017.08.04 12:40:19.764,0.87776,0.8779,4.50,2.25
2017.08.04 12:40:20.300,0.87776,0.87786,4.12,1.00
2017.08.04 12:40:20.517,0.8777,0.87782,1.37,1.12
2017.08.04 12:40:20.618,0.87769,0.8778,3.37,1.00
2017.08.04 12:40:20.975,0.87771,0.87782,1.12,1.12
2017.08.04 12:40:21.150,0.87775,0.87786,1.00,2.62
2017.08.04 12:40:21.255,0.87776,0.87789,1.12,3.75
2017.08.04 12:40:21.764,0.87777,0.87787,1.00,1.12
2017.08.04 12:40:22.295,0.87775,0.87789,2.25,3.37
2017.08.04 12:40:22.346,0.87778,0.87789,1.00,3.37
2017.08.04 12:40:22.550,0.87776,0.87789,1.12,3.75
2017.08.04 12:40:22.973,0.87777,0.87789,2.25,1.87
2017.08.04 12:40:23.279,0.87776,0.87786,1.00,1.50
2017.08.04 12:40:23.381,0.87773,0.87785,1.00,3.37
2017.08.04 12:40:23.686,0.87778,0.87782,1.00,1.00
2017.08.04 12:40:23.796,0.87778,0.87784,1.50,1.00
2017.08.04 12:40:23.848,0.8778,0.87785,1.12,1.00
2017.08.04 12:40:23.902,0.8778,0.87791,1.12,2.62
2017.08.04 12:40:24.004,0.8778,0.87792,1.50,1.50
2017.08.04 12:40:24.516,0.87781,0.87793,1.00,3.37
2017.08.04 12:40:25.433,0.87782,0.87792,1.00,1.50
2017.08.04 12:40:25.535,0.8778,0.87792,1.12,1.50
2017.08.04 12:40:25.872,0.87778,0.87791,3.37,4.50
2017.08.04 12:40:25.975,0.87775,0.87789,2.25,3.75
2017.08.04 12:40:26.292,0.87777,0.87789,2.62,1.50
2017.08.04 12:40:26.395,0.87776,0.87787,1.00,1.00
2017.08.04 12:40:27.118,0.87776,0.87786,1.50,1.00
2017.08.04 12:40:27.221,0.87776,0.87785,1.00,2.25
2017.08.04 12:40:27.375,0.8777,0.87781,1.12,2.25
2017.08.04 12:40:27.482,0.8777,0.87777,1.00,1.00
2017.08.04 12:40:27.533,0.87767,0.87777,1.00,1.00
2017.08.04 12:40:28.713,0.87767,0.8778,3.37,2.62
2017.08.04 12:40:30.114,0.87768,0.87778,1.00,1.50
2017.08.04 12:40:30.269,0.87764,0.87777,1.87,1.37
2017.08.04 12:40:30.884,0.87763,0.87774,4.12,1.00
2017.08.04 12:40:30.986,0.87763,0.87774,1.12,1.50
2017.08.04 12:40:31.390,0.87759,0.87771,1.87,1.50
2017.08.04 12:40:31.492,0.87758,0.87771,1.12,3.37
2017.08.04 12:40:31.797,0.87759,0.87772,1.12,3.75
2017.08.04 12:40:32.072,0.87761,0.8777,1.00,2.62
2017.08.04 12:40:32.123,0.87758,0.87769,1.12,1.50
2017.08.04 12:40:32.174,0.87758,0.87766,1.12,1.00
2017.08.04 12:40:32.327,0.87754,0.87768,1.50,4.12
2017.08.04 12:40:32.584,0.87758,0.87768,1.37,2.25
2017.08.04 12:40:32.640,0.87759,0.87772,1.67,2.25
2017.08.04 12:40:32.792,0.87758,0.87771,1.30,3.37
2017.08.04 12:40:33.341,0.87756,0.87767,1.30,1.00
2017.08.04 12:40:33.850,0.87758,0.87769,1.00,1.50
2017.08.04 12:40:34.374,0.87756,0.8777,4.50,1.87
2017.08.04 12:40:34.883,0.8776,0.87772,1.12,3.37
2017.08.04 12:40:35.106,0.87757,0.87771,1.50,4.87
2017.08.04 12:40:35.513,0.87759,0.87772,4.87,2.62
2017.08.04 12:40:35.717,0.87762,0.87773,1.50,1.00
2017.08.04 12:40:36.220,0.87761,0.87774,3.37,1.00
2017.08.04 12:40:38.102,0.87761,0.87773,4.12,1.12
2017.08.04 12:40:38.205,0.87761,0.87772,1.12,1.50
2017.08.04 12:40:39.314,0.87759,0.87769,1.50,1.00
2017.08.04 12:40:39.619,0.87757,0.87769,2.25,4.87
2017.08.04 12:40:43.241,0.87756,0.87766,3.37,1.87
2017.08.04 12:40:43.344,0.87752,0.87764,2.62,1.87
2017.08.04 12:40:43.651,0.87751,0.87764,2.62,3.75
2017.08.04 12:40:43.855,0.87754,0.87764,1.00,1.87
2017.08.04 12:40:43.964,0.87752,0.87762,1.12,1.87
2017.08.04 12:40:44.272,0.87746,0.87758,1.75,1.12
2017.08.04 12:40:44.529,0.87749,0.87761,1.50,2.25
2017.08.04 12:40:44.835,0.8775,0.8776,1.75,1.00
2017.08.04 12:40:45.383,0.8775,0.87761,2.25,1.00
2017.08.04 12:40:45.485,0.87749,0.87759,1.00,1.00
2017.08.04 12:40:46.035,0.8775,0.87759,1.00,1.00
2017.08.04 12:40:46.635,0.87749,0.8776,3.37,1.12
2017.08.04 12:40:46.952,0.87749,0.87758,2.62,1.00
2017.08.04 12:40:47.003,0.87749,0.87761,3.37,2.25
2017.08.04 12:40:47.585,0.87749,0.8776,2.62,1.50
2017.08.04 12:40:47.637,0.87749,0.87758,2.62,1.00
2017.08.04 12:40:47.688,0.87749,0.8776,2.62,1.50
2017.08.04 12:40:47.740,0.87748,0.87758,1.87,1.00
2017.08.04 12:40:48.148,0.87748,0.8776,1.75,3.75
2017.08.04 12:40:48.251,0.87748,0.87759,2.25,1.00
2017.08.04 12:40:48.353,0.87749,0.8776,2.62,1.12
2017.08.04 12:40:48.760,0.87751,0.87763,2.62,1.00
2017.08.04 12:40:49.326,0.87751,0.87764,2.62,3.75
2017.08.04 12:40:49.497,0.87751,0.87762,2.62,1.00
2017.08.04 12:40:50.105,0.87751,0.87763,2.62,1.50
2017.08.04 12:40:50.732,0.87751,0.87762,2.62,1.00
2017.08.04 12:40:51.086,0.87748,0.87759,3.37,1.00
2017.08.04 12:40:51.600,0.87748,0.87759,4.12,1.32
2017.08.04 12:40:51.651,0.87748,0.8776,4.12,1.00
2017.08.04 12:40:52.183,0.87749,0.87762,2.25,2.57
2017.08.04 12:40:52.235,0.87749,0.87762,1.50,1.82
2017.08.04 12:40:52.388,0.87751,0.87762,2.25,1.00
2017.08.04 12:40:52.857,0.87753,0.87764,3.37,1.00
2017.08.04 12:40:52.910,0.87754,0.87766,1.50,1.87
2017.08.04 12:40:53.653,0.87754,0.87765,1.50,1.00
2017.08.04 12:40:54.198,0.87751,0.87764,3.37,4.12
2017.08.04 12:40:54.504,0.87753,0.87765,2.62,2.25
2017.08.04 12:40:54.613,0.87751,0.87765,3.37,4.12
2017.08.04 12:40:54.666,0.87752,0.87763,1.00,1.00
2017.08.04 12:40:55.608,0.87753,0.87763,1.00,1.00
2017.08.04 12:40:55.773,0.87754,0.87765,3.00,2.25
2017.08.04 12:40:55.875,0.87754,0.87767,4.12,1.12
2017.08.04 12:40:56.596,0.87754,0.87765,4.12,1.00
2017.08.04 12:40:56.901,0.87752,0.87765,1.50,3.00
2017.08.04 12:40:57.081,0.87753,0.87765,1.37,1.50
2017.08.04 12:40:58.278,0.87752,0.87765,1.75,1.37
2017.08.04 12:40:59.269,0.87754,0.87764,1.50,1.00
2017.08.04 12:40:59.787,0.87755,0.87766,1.12,2.25
2017.08.04 12:41:00.305,0.87757,0.87767,1.00,4.12
2017.08.04 12:41:00.509,0.87757,0.87767,1.00,1.50
2017.08.04 12:41:01.033,0.87756,0.87767,1.50,1.00
2017.08.04 12:41:01.364,0.87758,0.87768,1.50,1.50
2017.08.04 12:41:01.669,0.87761,0.87768,1.50,1.00
2017.08.04 12:41:01.928,0.87761,0.87772,3.37,1.37
2017.08.04 12:41:02.455,0.87761,0.87772,3.37,1.00
2017.08.04 12:41:03.697,0.87762,0.87773,1.50,1.00
2017.08.04 12:41:04.248,0.87761,0.87772,4.87,1.00
2017.08.04 12:41:04.766,0.87761,0.87773,4.87,1.00
2017.08.04 12:41:05.381,0.87762,0.87774,1.50,1.87
2017.08.04 12:41:05.546,0.87765,0.87774,1.00,1.12
2017.08.04 12:41:05.851,0.87767,0.87774,1.12,1.00
2017.08.04 12:41:06.241,0.87767,0.87779,1.12,1.50
2017.08.04 12:41:06.687,0.8777,0.8778,1.00,4.12
2017.08.04 12:41:06.892,0.87769,0.8778,1.50,1.12
2017.08.04 12:41:06.995,0.87768,0.87778,1.50,1.00
2017.08.04 12:41:07.469,0.87767,0.87778,1.87,3.00
2017.08.04 12:41:08.872,0.87767,0.87778,3.00,1.37
2017.08.04 12:41:09.205,0.87771,0.8778,1.00,2.62
2017.08.04 12:41:09.308,0.87771,0.87783,1.50,1.12
2017.08.04 12:41:09.965,0.87771,0.87783,1.50,1.37
2017.08.04 12:41:10.567,0.87771,0.87779,1.50,1.00
2017.08.04 12:41:10.918,0.8777,0.87777,1.00,3.37
2017.08.04 12:41:11.071,0.8777,0.8778,1.50,2.62
2017.08.04 12:41:11.123,0.87773,0.87782,1.00,3.37
2017.08.04 12:41:11.276,0.87773,0.87784,1.12,3.37
2017.08.04 12:41:11.536,0.8777,0.8778,1.37,1.37
2017.08.04 12:41:11.638,0.87768,0.8778,1.00,2.62
2017.08.04 12:41:12.140,0.87769,0.8778,1.00,2.25
2017.08.04 12:41:12.445,0.87768,0.87778,1.00,1.87
2017.08.04 12:41:14.030,0.87767,0.87778,1.00,2.25
2017.08.04 12:41:14.335,0.87767,0.87775,1.00,1.12
2017.08.04 12:41:15.086,0.87765,0.87776,1.00,1.50
2017.08.04 12:41:15.878,0.87764,0.87775,1.12,1.87
2017.08.04 12:41:17.260,0.87763,0.87774,1.87,1.00
2017.08.04 12:41:17.801,0.87764,0.87775,1.00,4.12
2017.08.04 12:41:18.057,0.87766,0.87775,1.00,1.00
2017.08.04 12:41:18.561,0.87766,0.87777,1.50,4.12
2017.08.04 12:41:19.967,0.87768,0.87777,1.00,2.62
2017.08.04 12:41:20.170,0.8777,0.87781,1.12,4.12
2017.08.04 12:41:20.221,0.87772,0.8778,1.00,1.50
2017.08.04 12:41:20.374,0.87772,0.8778,1.00,1.00
2017.08.04 12:41:20.526,0.87774,0.87781,1.00,1.50
2017.08.04 12:41:20.875,0.87778,0.87786,1.00,3.37
2017.08.04 12:41:21.282,0.87778,0.87788,1.00,4.12
2017.08.04 12:41:21.333,0.87778,0.87788,1.00,1.87
2017.08.04 12:41:21.951,0.87778,0.87787,1.50,1.00
2017.08.04 12:41:22.206,0.87775,0.87786,1.50,2.25
2017.08.04 12:41:22.835,0.87775,0.87786,2.62,2.62
2017.08.04 12:41:23.928,0.87777,0.87785,1.00,1.37
2017.08.04 12:41:24.623,0.87779,0.87786,1.00,3.37
2017.08.04 12:41:24.830,0.87779,0.87788,1.00,2.62
2017.08.04 12:41:24.881,0.87779,0.87788,1.12,1.00
2017.08.04 12:41:25.188,0.87777,0.87788,1.12,1.87
2017.08.04 12:41:25.598,0.87779,0.87788,1.00,1.50
2017.08.04 12:41:25.989,0.87777,0.87788,1.00,2.25
2017.08.04 12:41:26.588,0.87777,0.87786,1.00,1.00
2017.08.04 12:41:26.898,0.87778,0.8779,1.12,4.12
2017.08.04 12:41:27.152,0.87776,0.87786,3.37,1.87
2017.08.04 12:41:27.255,0.87774,0.87784,1.00,1.50
2017.08.04 12:41:27.925,0.87774,0.87782,1.00,1.12
2017.08.04 12:41:28.134,0.8777,0.87783,2.25,2.62
2017.08.04 12:41:28.287,0.87771,0.87782,1.12,4.87
2017.08.04 12:41:28.610,0.87773,0.87782,1.00,2.62
2017.08.04 12:41:29.037,0.87772,0.87785,1.37,2.62
2017.08.04 12:41:29.088,0.87772,0.87786,1.50,3.75
2017.08.04 12:41:29.296,0.87772,0.87783,1.00,4.12
2017.08.04 12:41:29.601,0.8777,0.87779,1.00,1.00
2017.08.04 12:41:29.990,0.8777,0.87778,1.00,3.37
2017.08.04 12:41:30.535,0.87771,0.87778,1.00,2.62
2017.08.04 12:41:31.415,0.87767,0.87776,1.87,1.12
2017.08.04 12:41:31.466,0.87767,0.87774,1.12,1.00
2017.08.04 12:41:31.720,0.87765,0.87773,1.00,1.00
2017.08.04 12:41:31.822,0.87762,0.87773,2.25,1.00
2017.08.04 12:41:31.974,0.87762,0.87773,1.12,2.62
2017.08.04 12:41:32.249,0.87759,0.87771,1.87,2.25
2017.08.04 12:41:32.300,0.87763,0.87771,1.00,2.25
2017.08.04 12:41:32.456,0.8776,0.87772,1.00,4.12
2017.08.04 12:41:32.610,0.87758,0.87769,1.12,2.62
2017.08.04 12:41:32.929,0.87762,0.87774,1.00,2.62
2017.08.04 12:41:32.981,0.87765,0.87771,1.00,2.25
2017.08.04 12:41:33.138,0.87764,0.87775,1.50,1.50
2017.08.04 12:41:33.356,0.87761,0.87774,3.00,3.00
2017.08.04 12:41:33.679,0.87759,0.87771,1.12,1.12
2017.08.04 12:41:33.783,0.87759,0.87771,1.12,1.50
2017.08.04 12:41:34.284,0.87758,0.87769,1.00,1.00
2017.08.04 12:41:34.948,0.87757,0.87768,1.00,1.50
2017.08.04 12:41:35.304,0.87759,0.87769,1.00,2.62
2017.08.04 12:41:35.457,0.87757,0.8777,3.37,1.87
2017.08.04 12:41:35.508,0.87758,0.87767,1.50,1.12
2017.08.04 12:41:35.746,0.87752,0.87763,1.50,1.00
2017.08.04 12:41:35.950,0.87754,0.87765,1.00,1.50
2017.08.04 12:41:36.252,0.87753,0.87766,4.12,1.00
2017.08.04 12:41:36.354,0.87753,0.87766,1.87,2.25
2017.08.04 12:41:36.609,0.87751,0.87763,3.37,1.00
2017.08.04 12:41:36.873,0.87746,0.87759,2.62,3.00
2017.08.04 12:41:36.924,0.87744,0.87758,4.87,1.12
2017.08.04 12:41:36.976,0.87744,0.87756,3.37,1.00
2017.08.04 12:41:37.129,0.87743,0.87756,3.00,1.00
2017.08.04 12:41:37.646,0.87743,0.87756,1.87,3.37
2017.08.04 12:41:37.850,0.87742,0.87756,4.12,2.25
2017.08.04 12:41:37.952,0.87741,0.87754,1.50,1.12
2017.08.04 12:41:38.454,0.87739,0.87753,3.37,1.87
2017.08.04 12:41:38.760,0.87737,0.8775,1.37,1.50
2017.08.04 12:41:39.185,0.8774,0.8775,1.50,1.50
2017.08.04 12:41:39.338,0.8774,0.87753,3.00,1.37
2017.08.04 12:41:39.491,0.8774,0.8775,1.75,1.00
2017.08.04 12:41:39.796,0.87746,0.87756,1.00,1.37
2017.08.04 12:41:39.899,0.87749,0.8776,3.00,2.62
2017.08.04 12:41:39.951,0.87747,0.8776,1.12,2.62
2017.08.04 12:41:40.055,0.87748,0.87757,2.62,1.87
2017.08.04 12:41:40.159,0.87744,0.87755,3.37,1.00
2017.08.04 12:41:40.210,0.87744,0.87757,2.62,1.87
2017.08.04 12:41:40.559,0.87748,0.87761,1.87,1.50
2017.08.04 12:41:41.018,0.8775,0.8776,1.00,1.00
2017.08.04 12:41:41.332,0.87749,0.8776,2.25,1.12
2017.08.04 12:41:41.383,0.87749,0.8776,1.00,1.50
2017.08.04 12:41:41.485,0.8775,0.87761,1.37,1.12
2017.08.04 12:41:41.742,0.87751,0.87765,1.00,3.75
2017.08.04 12:41:41.896,0.87753,0.87763,1.00,1.12
2017.08.04 12:41:42.071,0.87754,0.87766,1.00,1.37
2017.08.04 12:41:42.122,0.87753,0.87766,3.37,2.62
2017.08.04 12:41:42.429,0.8775,0.87762,2.62,2.25
2017.08.04 12:41:42.480,0.8775,0.87762,1.00,2.62
2017.08.04 12:41:42.735,0.8775,0.87759,1.00,1.87
2017.08.04 12:41:42.923,0.87744,0.87757,1.87,1.12
2017.08.04 12:41:43.025,0.87744,0.87754,1.75,1.00
2017.08.04 12:41:43.330,0.87746,0.87756,2.25,1.12
2017.08.04 12:41:43.382,0.87744,0.87756,1.50,1.50
2017.08.04 12:41:43.865,0.87742,0.87752,1.50,1.00
2017.08.04 12:41:44.074,0.87743,0.87756,3.37,2.25
2017.08.04 12:41:44.481,0.87746,0.87757,1.50,1.12
2017.08.04 12:41:44.583,0.87746,0.87758,3.37,1.12
2017.08.04 12:41:45.648,0.87746,0.87757,2.62,1.50
2017.08.04 12:41:45.750,0.87744,0.87757,3.37,1.12
2017.08.04 12:41:46.192,0.87744,0.87755,3.37,1.50
2017.08.04 12:41:46.395,0.87742,0.87754,1.50,1.12
2017.08.04 12:41:46.751,0.87743,0.87755,1.75,1.00
2017.08.04 12:41:47.078,0.87742,0.87754,2.62,1.50
2017.08.04 12:41:47.390,0.8774,0.87749,1.00,1.00
2017.08.04 12:41:47.920,0.87737,0.87748,3.75,1.00
2017.08.04 12:41:48.230,0.87738,0.87749,1.00,2.25
2017.08.04 12:41:48.659,0.8774,0.8775,1.12,1.37
2017.08.04 12:41:48.863,0.8774,0.87751,1.37,1.12
2017.08.04 12:41:49.429,0.8774,0.87752,1.50,1.12
2017.08.04 12:41:49.668,0.87739,0.87749,2.62,1.00
2017.08.04 12:41:49.871,0.87737,0.87748,1.50,1.00
2017.08.04 12:41:50.421,0.87737,0.8775,1.87,1.50
2017.08.04 12:41:50.472,0.87741,0.8775,1.00,1.50
2017.08.04 12:41:50.625,0.8774,0.87752,2.62,1.50
2017.08.04 12:41:51.070,0.87742,0.87754,1.50,1.87
2017.08.04 12:41:51.326,0.87745,0.87756,1.00,2.25
2017.08.04 12:41:51.377,0.87744,0.87756,3.00,1.87
2017.08.04 12:41:51.633,0.87746,0.87759,3.75,1.12
2017.08.04 12:41:51.785,0.87749,0.87761,3.00,1.87
2017.08.04 12:41:52.337,0.8775,0.87762,1.37,1.12
2017.08.04 12:41:52.491,0.8775,0.87762,1.87,2.25
2017.08.04 12:41:52.644,0.87752,0.87762,1.00,1.00
2017.08.04 12:41:53.498,0.87752,0.87763,1.50,1.37
2017.08.04 12:41:53.804,0.8775,0.87761,2.62,1.37
2017.08.04 12:41:54.350,0.87749,0.8776,3.75,1.12
2017.08.04 12:41:54.902,0.87751,0.87763,3.00,1.37
2017.08.04 12:41:55.491,0.8775,0.87761,2.62,1.50
2017.08.04 12:41:55.848,0.8775,0.87761,1.00,2.25
2017.08.04 12:41:56.396,0.87751,0.87762,2.25,1.50
2017.08.04 12:41:56.549,0.87754,0.87765,3.37,1.00
2017.08.04 12:41:56.752,0.87754,0.87763,2.62,1.00
2017.08.04 12:41:56.854,0.87752,0.87765,1.87,1.50
2017.08.04 12:41:57.007,0.87755,0.87765,1.37,1.12
2017.08.04 12:41:57.316,0.87751,0.87761,2.62,1.00
2017.08.04 12:41:57.367,0.87751,0.87763,1.50,1.87
2017.08.04 12:41:57.418,0.87752,0.87761,2.25,1.00
2017.08.04 12:41:57.572,0.8775,0.8776,3.37,1.00
2017.08.04 12:41:57.929,0.87748,0.87761,3.75,1.87
2017.08.04 12:41:58.289,0.87747,0.8776,3.75,1.37
2017.08.04 12:41:58.706,0.8775,0.87761,2.25,1.50
2017.08.04 12:41:59.040,0.87753,0.87763,2.62,1.12
2017.08.04 12:41:59.500,0.87753,0.87761,2.62,1.00
2017.08.04 12:41:59.688,0.87749,0.8776,2.62,1.12
2017.08.04 12:42:00.095,0.87752,0.87763,1.37,1.12
2017.08.04 12:42:00.519,0.87753,0.87766,2.25,2.25
2017.08.04 12:42:01.028,0.87755,0.87766,2.62,1.12
2017.08.04 12:42:01.329,0.87754,0.87766,1.37,1.50
2017.08.04 12:42:01.532,0.87755,0.87767,3.00,1.87
2017.08.04 12:42:01.837,0.8775,0.8776,2.62,1.00
2017.08.04 12:42:02.030,0.87748,0.87762,4.87,2.62
2017.08.04 12:42:02.134,0.87749,0.87762,2.62,1.12
2017.08.04 12:42:02.238,0.87748,0.87761,4.12,3.37
2017.08.04 12:42:02.730,0.87746,0.87759,1.12,1.75
2017.08.04 12:42:03.239,0.87744,0.87757,1.87,2.25
2017.08.04 12:42:03.783,0.87743,0.87749,2.25,1.00
2017.08.04 12:42:03.937,0.87738,0.87746,2.62,2.62
2017.08.04 12:42:03.989,0.87738,0.87743,2.25,1.00
2017.08.04 12:42:04.040,0.87734,0.87743,2.62,1.12
2017.08.04 12:42:04.143,0.87731,0.87743,1.50,1.50
2017.08.04 12:42:04.246,0.87731,0.87741,1.50,1.00
2017.08.04 12:42:04.803,0.8773,0.8774,2.62,1.00
2017.08.04 12:42:05.007,0.87726,0.87738,2.62,1.00
2017.08.04 12:42:05.110,0.87724,0.87738,2.62,3.37
2017.08.04 12:42:05.161,0.87724,0.87734,2.62,1.00
2017.08.04 12:42:05.645,0.87727,0.87738,1.12,3.37
2017.08.04 12:42:05.850,0.87728,0.87739,1.00,2.62
2017.08.04 12:42:06.155,0.87728,0.87742,4.50,3.00
2017.08.04 12:42:06.461,0.87728,0.87738,2.62,3.00
2017.08.04 12:42:06.512,0.87726,0.87737,1.00,1.12
2017.08.04 12:42:06.839,0.87726,0.87734,1.00,1.00
2017.08.04 12:42:06.942,0.87723,0.87734,1.50,1.00
2017.08.04 12:42:07.097,0.87722,0.87731,4.12,1.00
2017.08.04 12:42:07.151,0.87722,0.87733,2.62,2.62
2017.08.04 12:42:07.253,0.87718,0.87732,2.62,1.12
2017.08.04 12:42:07.356,0.87718,0.87731,3.75,1.37
2017.08.04 12:42:07.888,0.87718,0.87729,2.25,2.25
2017.08.04 12:42:07.940,0.87715,0.87729,3.37,2.62
2017.08.04 12:42:07.992,0.87715,0.87729,3.37,4.50
2017.08.04 12:42:08.337,0.87719,0.8773,1.00,1.50
2017.08.04 12:42:08.645,0.87721,0.87733,1.12,2.62
2017.08.04 12:42:08.749,0.87723,0.87736,1.00,3.75
2017.08.04 12:42:08.802,0.87724,0.87736,1.87,2.62
2017.08.04 12:42:08.854,0.87723,0.87736,1.87,2.62
2017.08.04 12:42:09.039,0.87725,0.87737,1.00,1.50
2017.08.04 12:42:09.934,0.87726,0.87737,1.87,1.00
2017.08.04 12:42:10.138,0.87728,0.87741,2.62,2.25
2017.08.04 12:42:10.343,0.87729,0.87741,1.00,1.12
2017.08.04 12:42:10.865,0.87728,0.87742,3.75,1.50
2017.08.04 12:42:11.379,0.87728,0.87741,1.50,1.50
2017.08.04 12:42:11.636,0.87726,0.87738,2.25,1.00
2017.08.04 12:42:11.942,0.87726,0.87736,1.00,1.00
2017.08.04 12:42:12.259,0.87727,0.87739,1.00,1.00
2017.08.04 12:42:12.514,0.87729,0.87739,1.00,1.00
2017.08.04 12:42:13.062,0.87729,0.87743,1.50,2.62
2017.08.04 12:42:13.215,0.87733,0.87744,1.00,4.50
2017.08.04 12:42:13.644,0.87736,0.87746,1.87,1.12
2017.08.04 12:42:13.749,0.87736,0.87749,2.62,2.62
2017.08.04 12:42:14.050,0.87735,0.87745,1.50,1.00
2017.08.04 12:42:14.846,0.87734,0.87747,3.37,1.87
2017.08.04 12:42:15.375,0.87737,0.87747,1.00,1.00
2017.08.04 12:42:15.647,0.87735,0.87747,1.12,1.87
2017.08.04 12:42:16.160,0.87734,0.87746,2.62,1.00
2017.08.04 12:42:17.054,0.87734,0.87747,2.25,1.50
2017.08.04 12:42:17.548,0.87735,0.87746,1.12,1.37
2017.08.04 12:42:17.857,0.87728,0.87738,1.12,1.00
2017.08.04 12:42:17.909,0.87728,0.87741,2.25,1.50
2017.08.04 12:42:18.062,0.87728,0.87742,4.50,1.12
2017.08.04 12:42:19.272,0.8773,0.87742,1.12,2.62
2017.08.04 12:42:19.781,0.8773,0.87743,1.12,1.50
2017.08.04 12:42:20.030,0.87732,0.87743,1.00,1.50
2017.08.04 12:42:20.541,0.8773,0.87741,1.50,1.00
2017.08.04 12:42:20.862,0.87727,0.87739,1.50,1.37
2017.08.04 12:42:21.172,0.87723,0.87736,1.75,1.12
2017.08.04 12:42:21.275,0.87723,0.87736,1.87,4.12
2017.08.04 12:42:21.814,0.87722,0.87736,3.37,1.37
2017.08.04 12:42:22.156,0.87721,0.87734,2.25,1.50
2017.08.04 12:42:22.851,0.87721,0.87733,1.87,1.12
2017.08.04 12:42:23.156,0.8772,0.87733,1.12,1.75
2017.08.04 12:42:23.739,0.87721,0.87733,1.00,1.75
2017.08.04 12:42:24.247,0.8772,0.87731,1.12,1.12
2017.08.04 12:42:24.576,0.87715,0.87726,2.25,3.75
2017.08.04 12:42:24.679,0.87713,0.87724,1.87,1.00
2017.08.04 12:42:24.832,0.87716,0.87724,1.00,1.00
2017.08.04 12:42:25.178,0.87719,0.87732,2.25,1.50
2017.08.04 12:42:25.689,0.87721,0.87732,1.12,1.50
2017.08.04 12:42:25.844,0.8772,0.87729,2.62,1.00
2017.08.04 12:42:26.032,0.8772,0.87731,3.37,1.12
2017.08.04 12:42:26.511,0.8772,0.87729,2.62,1.00
2017.08.04 12:42:26.902,0.8772,0.87731,2.25,1.00
2017.08.04 12:42:27.045,0.87719,0.87731,1.87,1.50
2017.08.04 12:42:27.204,0.8772,0.87732,1.37,2.62
2017.08.04 12:42:27.306,0.8772,0.87732,3.75,1.00
2017.08.04 12:42:27.510,0.87722,0.87732,2.25,1.50
2017.08.04 12:42:27.613,0.87719,0.87731,4.12,1.00
2017.08.04 12:42:27.905,0.87719,0.87728,2.25,1.12
2017.08.04 12:42:28.008,0.87717,0.87728,1.12,1.00
2017.08.04 12:42:28.110,0.87719,0.8773,1.00,3.00
2017.08.04 12:42:28.314,0.87721,0.87731,1.12,1.00
2017.08.04 12:42:28.417,0.87725,0.87731,1.00,1.00
2017.08.04 12:42:28.468,0.87723,0.87731,1.50,1.00
2017.08.04 12:42:28.573,0.87724,0.87734,2.25,2.25
2017.08.04 12:42:28.628,0.87724,0.87735,2.62,1.50
2017.08.04 12:42:28.782,0.87724,0.87734,1.12,1.00
2017.08.04 12:42:28.833,0.87723,0.87732,1.50,1.00
2017.08.04 12:42:28.885,0.87722,0.87734,2.62,1.00
2017.08.04 12:42:29.536,0.87721,0.87734,3.75,2.25
2017.08.04 12:42:29.641,0.87724,0.87734,1.37,1.50
2017.08.04 12:42:29.795,0.87726,0.87737,1.12,2.62
2017.08.04 12:42:29.899,0.87727,0.87739,1.12,1.50
2017.08.04 12:42:30.002,0.87727,0.87739,3.37,1.00
2017.08.04 12:42:30.518,0.87727,0.87739,1.12,1.50
2017.08.04 12:42:31.065,0.87727,0.87738,1.12,3.37
2017.08.04 12:42:31.221,0.87728,0.87739,1.00,1.50
2017.08.04 12:42:31.730,0.87726,0.87738,1.50,1.12
2017.08.04 12:42:32.140,0.87731,0.8774,1.00,3.37
2017.08.04 12:42:32.395,0.87733,0.87745,1.50,1.12
2017.08.04 12:42:32.498,0.87736,0.87747,1.00,2.62
2017.08.04 12:42:32.702,0.87736,0.87747,2.25,1.00
2017.08.04 12:42:32.887,0.87736,0.8775,4.12,4.12
2017.08.04 12:42:32.991,0.87736,0.87747,1.50,1.00
2017.08.04 12:42:33.298,0.87733,0.87747,2.25,3.37
2017.08.04 12:42:33.604,0.87733,0.87745,1.87,2.62
2017.08.04 12:42:33.912,0.87734,0.87743,2.62,1.00
2017.08.04 12:42:34.014,0.87732,0.87743,1.00,2.62
2017.08.04 12:42:34.117,0.87732,0.87745,1.50,1.50
2017.08.04 12:42:34.887,0.87734,0.87746,1.00,4.12
2017.08.04 12:42:35.396,0.87731,0.87745,3.37,2.25
2017.08.04 12:42:35.568,0.87731,0.87742,3.37,1.00
2017.08.04 12:42:35.797,0.87725,0.87739,4.50,1.87
2017.08.04 12:42:36.205,0.87725,0.87734,2.62,1.00
2017.08.04 12:42:36.308,0.87722,0.87734,2.62,1.37
2017.08.04 12:42:36.410,0.87719,0.87731,2.62,1.50
2017.08.04 12:42:36.462,0.87719,0.87727,2.62,1.00
2017.08.04 12:42:36.652,0.87716,0.87728,2.25,1.50
2017.08.04 12:42:36.704,0.87715,0.87727,1.37,1.12
2017.08.04 12:42:37.754,0.87714,0.87727,4.12,1.50
2017.08.04 12:42:37.806,0.87714,0.87727,2.25,2.62
2017.08.04 12:42:37.857,0.87716,0.87727,1.00,2.25
2017.08.04 12:42:38.013,0.87717,0.8773,3.37,2.62
2017.08.04 12:42:39.722,0.87717,0.8773,1.12,5.25
2017.08.04 12:42:40.204,0.87717,0.87727,1.00,1.50
2017.08.04 12:42:40.588,0.87726,0.87734,1.00,2.25
2017.08.04 12:42:40.640,0.87726,0.87739,1.50,3.37
2017.08.04 12:42:40.844,0.87727,0.87739,2.62,1.37
2017.08.04 12:42:41.828,0.87725,0.87739,1.87,4.12
2017.08.04 12:42:42.033,0.87726,0.87739,3.37,1.12
2017.08.04 12:42:42.683,0.87726,0.87737,3.37,1.00
2017.08.04 12:42:43.197,0.87725,0.87739,2.25,4.12
2017.08.04 12:42:44.679,0.87729,0.87739,1.00,3.37
2017.08.04 12:42:44.731,0.87727,0.87739,2.47,2.62
2017.08.04 12:42:44.834,0.87727,0.87739,1.50,1.12
2017.08.04 12:42:44.885,0.87727,0.87736,1.50,1.00
2017.08.04 12:42:45.395,0.87727,0.87736,1.00,1.12
2017.08.04 12:42:45.746,0.8772,0.87731,3.37,1.12
2017.08.04 12:42:46.103,0.8772,0.87729,2.25,1.12
2017.08.04 12:42:46.154,0.87718,0.87729,2.62,2.25
2017.08.04 12:42:46.256,0.87717,0.87728,1.00,1.12
2017.08.04 12:42:46.514,0.87715,0.87727,1.12,1.87
2017.08.04 12:42:46.971,0.87713,0.87725,2.62,2.25
2017.08.04 12:42:47.510,0.87712,0.87723,2.25,2.25
2017.08.04 12:42:47.562,0.8771,0.87722,2.25,1.50
2017.08.04 12:42:47.921,0.87714,0.87724,1.00,1.50
2017.08.04 12:42:48.178,0.87718,0.87731,3.75,1.50
2017.08.04 12:42:48.324,0.87718,0.87731,3.75,2.62
2017.08.04 12:42:48.427,0.87718,0.87729,1.00,1.00
2017.08.04 12:42:48.734,0.87719,0.8773,1.50,1.00
2017.08.04 12:42:49.353,0.87721,0.87733,1.12,1.87
2017.08.04 12:42:49.456,0.87721,0.87733,3.37,1.00
2017.08.04 12:42:50.065,0.87721,0.87733,1.12,1.37
2017.08.04 12:42:50.997,0.87719,0.87732,3.75,1.37
2017.08.04 12:42:51.150,0.87719,0.8773,3.37,1.50
2017.08.04 12:42:51.325,0.87717,0.87729,3.37,1.12
2017.08.04 12:42:51.427,0.87716,0.87728,1.37,3.75
2017.08.04 12:42:51.733,0.87712,0.87724,1.12,1.37
2017.08.04 12:42:52.272,0.87713,0.87724,1.37,1.37
2017.08.04 12:42:52.477,0.87721,0.87732,1.12,1.37
2017.08.04 12:42:52.580,0.87722,0.87735,1.87,4.12
2017.08.04 12:42:52.631,0.87723,0.87735,2.62,2.25
2017.08.04 12:42:53.339,0.87724,0.87737,3.37,2.25
2017.08.04 12:42:53.886,0.87724,0.87735,4.12,1.00
2017.08.04 12:42:54.900,0.87724,0.87737,4.12,1.87
2017.08.04 12:42:55.249,0.87727,0.87738,1.37,2.25
2017.08.04 12:42:55.301,0.87727,0.8774,1.75,1.37
2017.08.04 12:42:55.812,0.87727,0.87739,3.37,1.37
2017.08.04 12:42:57.002,0.87727,0.87737,2.62,1.12
2017.08.04 12:42:57.104,0.87725,0.87737,2.62,1.87
2017.08.04 12:42:57.155,0.87724,0.87736,2.62,2.25
2017.08.04 12:42:57.512,0.87723,0.87732,2.62,2.25
2017.08.04 12:42:57.614,0.87721,0.87732,2.62,2.62
2017.08.04 12:42:57.665,0.87721,0.87732,1.00,3.75
2017.08.04 12:42:58.260,0.8772,0.8773,1.00,1.37
2017.08.04 12:42:58.412,0.87716,0.87729,3.37,1.37
2017.08.04 12:42:58.697,0.87716,0.87726,1.00,1.00
2017.08.04 12:42:59.241,0.87718,0.87726,1.00,1.00
2017.08.04 12:42:59.448,0.87717,0.87729,3.37,1.37
2017.08.04 12:42:59.656,0.87718,0.8773,3.75,1.00
2017.08.04 12:42:59.911,0.87718,0.87729,2.62,1.75
2017.08.04 12:43:00.064,0.87716,0.87727,1.50,1.00
2017.08.04 12:43:00.575,0.87716,0.87727,1.00,1.12
2017.08.04 12:43:00.627,0.87719,0.87727,1.00,1.12
2017.08.04 12:43:00.933,0.87721,0.87734,1.12,3.00
2017.08.04 12:43:01.036,0.87723,0.87734,1.00,2.62
2017.08.04 12:43:01.139,0.87724,0.87736,1.00,3.37
2017.08.04 12:43:01.292,0.87725,0.87737,3.00,3.37
2017.08.04 12:43:01.810,0.87727,0.87737,1.50,1.37
2017.08.04 12:43:01.862,0.87728,0.87739,1.12,1.87
2017.08.04 12:43:02.270,0.87725,0.87738,3.37,3.37
2017.08.04 12:43:02.321,0.87725,0.87738,1.12,3.75
2017.08.04 12:43:02.372,0.87725,0.87737,3.00,1.00
2017.08.04 12:43:02.756,0.87725,0.87735,1.37,2.25
2017.08.04 12:43:02.860,0.87725,0.87736,1.12,1.50
2017.08.04 12:43:03.394,0.87726,0.87738,3.22,2.62
2017.08.04 12:43:03.547,0.87728,0.8774,2.47,2.62
2017.08.04 12:43:03.599,0.87728,0.87741,4.72,2.62
2017.08.04 12:43:03.651,0.8773,0.87741,1.00,1.00
2017.08.04 12:43:04.572,0.87728,0.87741,3.22,4.12
2017.08.04 12:43:04.624,0.87728,0.87741,1.30,4.12
2017.08.04 12:43:05.067,0.87729,0.87741,1.37,2.62
2017.08.04 12:43:05.272,0.87725,0.87738,1.12,3.37
2017.08.04 12:43:05.680,0.87724,0.87736,1.50,1.12
2017.08.04 12:43:06.222,0.87723,0.87735,1.50,3.00
2017.08.04 12:43:06.684,0.87724,0.87736,1.12,1.87
2017.08.04 12:43:06.735,0.87726,0.87736,1.00,1.37
2017.08.04 12:43:07.236,0.87725,0.87736,2.62,1.37
2017.08.04 12:43:07.943,0.87725,0.87734,3.37,1.00
2017.08.04 12:43:08.096,0.87725,0.87734,1.00,1.12
2017.08.04 12:43:08.606,0.87726,0.87736,1.00,1.50
2017.08.04 12:43:09.156,0.87725,0.87736,1.50,1.00
2017.08.04 12:43:09.640,0.87724,0.87733,3.37,1.00
2017.08.04 12:43:09.693,0.87724,0.87733,1.50,1.00
2017.08.04 12:43:09.999,0.87724,0.87735,1.50,1.87
2017.08.04 12:43:10.518,0.87725,0.87735,1.00,1.00
2017.08.04 12:43:11.046,0.87725,0.87737,1.50,1.87
2017.08.04 12:43:11.250,0.87724,0.87735,3.75,1.50
2017.08.04 12:43:11.301,0.87724,0.87734,1.50,1.00
2017.08.04 12:43:12.086,0.87723,0.87734,2.25,1.00
2017.08.04 12:43:12.377,0.87725,0.87734,1.00,1.00
2017.08.04 12:43:12.713,0.87715,0.87723,2.62,1.00
2017.08.04 12:43:12.816,0.87712,0.87723,3.37,1.12
2017.08.04 12:43:12.918,0.87712,0.87722,1.50,1.00
2017.08.04 12:43:13.296,0.87712,0.87725,3.37,1.87
2017.08.04 12:43:13.846,0.87712,0.87723,1.50,1.50
2017.08.04 12:43:14.367,0.87712,0.87723,3.37,1.12
2017.08.04 12:43:14.984,0.87713,0.87724,1.50,1.00
2017.08.04 12:43:15.782,0.87715,0.87725,1.00,1.87
2017.08.04 12:43:16.090,0.87723,0.87731,1.00,2.62
2017.08.04 12:43:16.193,0.87723,0.87732,1.75,1.00
2017.08.04 12:43:16.569,0.87723,0.87734,4.12,1.12
2017.08.04 12:43:16.722,0.87725,0.87734,2.62,1.12
2017.08.04 12:43:17.027,0.87727,0.87737,1.12,1.87
2017.08.04 12:43:17.078,0.87729,0.87737,1.00,1.37
2017.08.04 12:43:17.730,0.87727,0.87733,3.37,1.00
2017.08.04 12:43:17.832,0.87724,0.87731,2.62,1.00
2017.08.04 12:43:17.935,0.87721,0.8773,2.62,1.00
2017.08.04 12:43:18.039,0.8772,0.8773,1.50,1.12
2017.08.04 12:43:18.555,0.8772,0.87731,1.50,1.00
2017.08.04 12:43:18.606,0.87723,0.87732,1.00,1.00
2017.08.04 12:43:18.911,0.87723,0.87734,3.37,1.12
2017.08.04 12:43:19.475,0.87724,0.87735,1.50,1.12
2017.08.04 12:43:20.005,0.87728,0.87736,1.00,1.12
2017.08.04 12:43:20.354,0.87729,0.87733,1.00,1.00
2017.08.04 12:43:20.506,0.87724,0.87733,1.12,1.00
2017.08.04 12:43:20.608,0.87725,0.87733,1.50,1.00
2017.08.04 12:43:20.813,0.87722,0.87734,2.62,1.50
2017.08.04 12:43:21.115,0.8772,0.87732,3.37,2.25
2017.08.04 12:43:21.524,0.87721,0.87733,1.50,1.50
2017.08.04 12:43:21.627,0.87722,0.87734,2.25,3.00
2017.08.04 12:43:22.288,0.87722,0.87734,2.62,2.62
2017.08.04 12:43:22.543,0.87723,0.87734,1.50,1.50
2017.08.04 12:43:22.646,0.87726,0.87735,1.00,1.37
2017.08.04 12:43:22.799,0.87725,0.87737,1.75,1.12
2017.08.04 12:43:23.330,0.87726,0.87737,2.62,1.12
2017.08.04 12:43:23.819,0.87731,0.8774,1.00,1.50
2017.08.04 12:43:24.117,0.87734,0.87743,1.00,1.00
2017.08.04 12:43:24.422,0.87734,0.87745,1.50,1.12
2017.08.04 12:43:24.525,0.87736,0.87747,1.37,2.25
2017.08.04 12:43:24.866,0.87734,0.87744,2.62,1.75
2017.08.04 12:43:25.018,0.87732,0.87744,2.62,1.12
2017.08.04 12:43:25.561,0.87731,0.87744,1.75,2.62
2017.08.04 12:43:26.097,0.87731,0.87743,1.75,1.12
2017.08.04 12:43:26.989,0.87731,0.87741,1.75,1.00
2017.08.04 12:43:27.296,0.87729,0.87737,2.62,1.00
2017.08.04 12:43:27.551,0.87727,0.87735,2.62,1.00
2017.08.04 12:43:27.602,0.87725,0.87735,2.62,1.00
2017.08.04 12:43:28.110,0.87724,0.87735,3.37,1.12
2017.08.04 12:43:28.391,0.87725,0.87733,1.37,1.00
2017.08.04 12:43:28.748,0.87724,0.87733,1.00,1.00
2017.08.04 12:43:29.053,0.87722,0.87733,3.37,1.75
2017.08.04 12:43:29.368,0.87719,0.87729,2.62,1.50
2017.08.04 12:43:29.420,0.87716,0.87729,4.50,1.12
2017.08.04 12:43:29.638,0.87719,0.87729,3.00,1.00
2017.08.04 12:43:30.169,0.87721,0.8773,1.00,1.00
2017.08.04 12:43:30.717,0.87721,0.87731,1.50,1.00
2017.08.04 12:43:31.230,0.87722,0.87731,1.00,1.12
2017.08.04 12:43:31.637,0.87723,0.87733,2.25,1.37
2017.08.04 12:43:31.942,0.87722,0.87733,1.50,1.50
2017.08.04 12:43:32.237,0.87724,0.87733,1.37,1.00
2017.08.04 12:43:32.746,0.87723,0.87733,1.50,2.25
2017.08.04 12:43:33.002,0.87725,0.87735,1.50,1.00
2017.08.04 12:43:33.530,0.87724,0.87735,3.37,1.00
2017.08.04 12:43:34.083,0.87724,0.87736,3.37,1.12
2017.08.04 12:43:34.762,0.87725,0.87737,3.37,2.62
2017.08.04 12:43:34.957,0.87727,0.87738,1.50,1.87
2017.08.04 12:43:35.059,0.87728,0.87738,3.00,1.00
2017.08.04 12:43:35.364,0.87727,0.87736,2.25,1.12
2017.08.04 12:43:35.415,0.87724,0.87736,3.37,1.12
2017.08.04 12:43:35.518,0.87724,0.87736,1.12,1.50
2017.08.04 12:43:35.620,0.87726,0.87737,1.00,3.00
2017.08.04 12:43:35.969,0.87726,0.87733,1.00,1.00
2017.08.04 12:43:36.122,0.87721,0.87732,2.62,1.50
2017.08.04 12:43:36.276,0.87719,0.87732,2.62,4.50
2017.08.04 12:43:36.793,0.87723,0.87732,1.00,2.62
2017.08.04 12:43:36.845,0.87721,0.87733,1.12,2.62
2017.08.04 12:43:36.946,0.87722,0.87733,2.25,1.00
2017.08.04 12:43:37.447,0.87726,0.87735,1.00,2.62
2017.08.04 12:43:37.551,0.87726,0.87737,1.87,2.62
2017.08.04 12:43:37.604,0.87726,0.87738,4.50,1.12
2017.08.04 12:43:37.656,0.87729,0.8774,2.25,1.37
2017.08.04 12:43:37.876,0.87731,0.87741,1.00,1.87
2017.08.04 12:43:38.030,0.87731,0.87739,1.00,1.00
2017.08.04 12:43:38.364,0.87726,0.87738,1.75,1.12
2017.08.04 12:43:39.015,0.87725,0.87736,3.00,1.00
2017.08.04 12:43:39.208,0.87724,0.87734,1.50,1.00
2017.08.04 12:43:39.259,0.87724,0.87736,4.12,2.25
2017.08.04 12:43:39.310,0.87726,0.87737,1.12,1.87
2017.08.04 12:43:39.886,0.87724,0.87733,4.12,1.00
2017.08.04 12:43:39.988,0.87724,0.87736,2.62,1.12
2017.08.04 12:43:40.245,0.87725,0.87734,1.50,1.00
2017.08.04 12:43:40.297,0.87724,0.87736,3.37,1.00
2017.08.04 12:43:40.531,0.87727,0.87738,1.50,1.12
2017.08.04 12:43:40.887,0.87729,0.87739,1.37,1.00
2017.08.04 12:43:41.192,0.87733,0.87744,1.75,1.12
2017.08.04 12:43:41.868,0.87731,0.87742,3.37,1.00
2017.08.04 12:43:41.920,0.87731,0.87742,1.50,1.00
2017.08.04 12:43:42.220,0.87734,0.87743,1.00,1.00
2017.08.04 12:43:42.526,0.87735,0.87745,2.62,1.00
2017.08.04 12:43:43.037,0.87734,0.87745,2.62,1.00
2017.08.04 12:43:43.604,0.87735,0.87745,1.00,1.12
2017.08.04 12:43:43.911,0.87735,0.87744,2.62,1.00
2017.08.04 12:43:44.389,0.87738,0.87744,3.00,1.00
2017.08.04 12:43:44.443,0.87738,0.87749,2.62,1.87
2017.08.04 12:43:44.891,0.87741,0.87752,2.62,1.37
2017.08.04 12:43:45.283,0.87741,0.87753,3.75,2.62
2017.08.04 12:43:46.019,0.87744,0.87754,1.00,2.25
2017.08.04 12:43:46.070,0.87748,0.87756,1.00,2.62
2017.08.04 12:43:46.121,0.87748,0.87758,1.12,1.50
2017.08.04 12:43:46.470,0.87745,0.87757,1.50,1.12
2017.08.04 12:43:46.624,0.87744,0.87755,1.12,1.00
2017.08.04 12:43:46.830,0.87742,0.87754,3.00,1.00
2017.08.04 12:43:47.143,0.87747,0.87756,1.00,1.00
2017.08.04 12:43:47.552,0.87745,0.87756,1.12,1.00
2017.08.04 12:43:47.812,0.87744,0.87756,3.37,1.00
2017.08.04 12:43:47.965,0.87741,0.87754,3.37,1.87
2017.08.04 12:43:48.070,0.8774,0.87753,2.62,1.12
2017.08.04 12:43:48.122,0.8774,0.87753,4.50,1.00
2017.08.04 12:43:48.466,0.87742,0.87752,2.62,1.00
2017.08.04 12:43:48.703,0.87741,0.87753,1.50,1.00
2017.08.04 12:43:48.806,0.87742,0.87753,2.62,1.00
2017.08.04 12:43:49.015,0.87742,0.87755,2.62,1.50
2017.08.04 12:43:49.214,0.87744,0.87755,2.62,1.42
2017.08.04 12:43:49.299,0.87742,0.87755,3.37,2.17
2017.08.04 12:43:49.541,0.87747,0.87752,1.00,1.37
2017.08.04 12:43:49.648,0.87744,0.8775,1.00,2.25
2017.08.04 12:43:49.699,0.87741,0.8775,1.12,2.25
2017.08.04 12:43:49.853,0.8774,0.8775,1.00,1.00
2017.08.04 12:43:50.046,0.8774,0.87752,4.12,1.00
2017.08.04 12:43:50.518,0.8774,0.87754,2.62,1.50
2017.08.04 12:43:50.658,0.87746,0.87754,1.00,1.00
2017.08.04 12:43:50.710,0.87744,0.87755,1.00,2.62
2017.08.04 12:43:51.354,0.87742,0.87754,1.75,1.12
2017.08.04 12:43:51.462,0.87742,0.87754,1.12,3.00
2017.08.04 12:43:51.718,0.87742,0.87754,1.37,1.75
2017.08.04 12:43:51.821,0.87744,0.87755,1.00,3.00
2017.08.04 12:43:52.137,0.87745,0.87754,1.37,1.37
2017.08.04 12:43:52.444,0.8774,0.87747,2.62,2.25
2017.08.04 12:43:52.548,0.87735,0.87744,3.56,1.00
2017.08.04 12:43:52.599,0.87735,0.87746,3.56,1.12
2017.08.04 12:43:52.651,0.87735,0.87746,1.31,2.25
2017.08.04 12:43:52.830,0.87734,0.87743,2.62,1.75
2017.08.04 12:43:52.933,0.87733,0.87743,2.62,1.12
2017.08.04 12:43:52.984,0.87732,0.87744,1.69,1.50
2017.08.04 12:43:53.035,0.87735,0.87743,1.00,1.00
2017.08.04 12:43:53.485,0.87736,0.87748,1.00,3.37
2017.08.04 12:43:53.537,0.87739,0.87749,1.12,3.37
2017.08.04 12:43:53.588,0.87739,0.87749,1.50,1.50
2017.08.04 12:43:53.640,0.87739,0.87749,3.37,1.12
2017.08.04 12:43:53.996,0.87739,0.87746,2.62,1.00
2017.08.04 12:43:54.167,0.87736,0.87746,2.62,1.00
2017.08.04 12:43:54.218,0.87736,0.87748,3.37,1.87
2017.08.04 12:43:54.322,0.87736,0.87747,1.12,1.12
2017.08.04 12:43:54.375,0.87736,0.87745,3.37,1.00
2017.08.04 12:43:54.581,0.87733,0.87745,1.50,2.25
2017.08.04 12:43:54.735,0.87733,0.87745,1.50,3.75
2017.08.04 12:43:54.975,0.8773,0.87743,1.75,2.25
2017.08.04 12:43:55.496,0.8773,0.87742,1.50,1.12
2017.08.04 12:43:55.685,0.87736,0.87744,1.00,2.62
2017.08.04 12:43:55.789,0.87739,0.8775,1.00,3.75
2017.08.04 12:43:55.841,0.87739,0.8775,1.37,1.50
2017.08.04 12:43:56.393,0.87738,0.87749,2.62,1.00
2017.08.04 12:43:56.698,0.87735,0.87746,1.75,1.12
2017.08.04 12:43:56.902,0.87737,0.8775,3.37,2.25
2017.08.04 12:43:57.206,0.87736,0.87747,1.50,1.00
2017.08.04 12:43:57.257,0.87735,0.87746,1.00,1.00
2017.08.04 12:43:57.410,0.87735,0.87746,3.37,1.00
2017.08.04 12:43:57.717,0.87738,0.87751,3.37,3.00
2017.08.04 12:43:57.970,0.8774,0.87752,4.12,1.00
2017.08.04 12:43:58.478,0.87743,0.87756,3.37,1.50
2017.08.04 12:43:58.802,0.87747,0.87757,3.37,1.00
2017.08.04 12:43:59.008,0.87745,0.87756,1.00,3.37
2017.08.04 12:43:59.061,0.87745,0.87756,3.37,1.37
2017.08.04 12:43:59.216,0.87741,0.87753,2.62,1.37
2017.08.04 12:43:59.425,0.87739,0.87752,3.75,1.37
2017.08.04 12:43:59.476,0.87744,0.87752,1.00,1.50
2017.08.04 12:43:59.579,0.87745,0.87756,1.00,1.50
2017.08.04 12:43:59.687,0.87747,0.87756,1.00,1.00
2017.08.04 12:43:59.894,0.8775,0.8776,1.12,1.00
2017.08.04 12:44:00.235,0.87752,0.87763,1.12,2.62
2017.08.04 12:44:00.391,0.87755,0.87767,1.00,4.12
2017.08.04 12:44:00.446,0.87757,0.87766,1.12,1.00
2017.08.04 12:44:00.807,0.87755,0.87768,1.00,3.75
2017.08.04 12:44:01.011,0.87757,0.87767,1.12,1.00
2017.08.04 12:44:01.534,0.87755,0.87766,1.12,1.12
2017.08.04 12:44:01.586,0.87754,0.87765,2.25,2.62
2017.08.04 12:44:01.688,0.87756,0.87768,1.00,1.50
2017.08.04 12:44:01.886,0.87755,0.87766,1.12,2.62
2017.08.04 12:44:01.939,0.87751,0.87765,1.87,1.50
2017.08.04 12:44:02.092,0.8775,0.87761,3.37,1.12
2017.08.04 12:44:02.198,0.87748,0.8776,1.25,3.37
2017.08.04 12:44:02.356,0.87746,0.87759,1.00,1.50
2017.08.04 12:44:02.586,0.87744,0.87755,2.25,1.00
2017.08.04 12:44:03.148,0.87744,0.87755,1.87,1.00
2017.08.04 12:44:03.521,0.87745,0.87755,2.25,1.00
2017.08.04 12:44:03.574,0.87746,0.87758,1.00,1.12
2017.08.04 12:44:03.928,0.87745,0.87759,2.62,1.50
2017.08.04 12:44:03.987,0.87743,0.87758,1.50,3.37
2017.08.04 12:44:04.090,0.87742,0.87756,1.50,3.00
2017.08.04 12:44:04.447,0.87746,0.87758,1.50,2.62
2017.08.04 12:44:04.499,0.87745,0.87758,2.62,1.87
2017.08.04 12:44:04.550,0.87745,0.87755,2.62,1.00
2017.08.04 12:44:04.806,0.87749,0.87761,1.00,1.00
2017.08.04 12:44:04.909,0.87749,0.87761,1.50,2.62
2017.08.04 12:44:05.092,0.87749,0.87761,1.50,1.00
2017.08.04 12:44:05.194,0.87748,0.8776,1.00,2.62
2017.08.04 12:44:05.710,0.87747,0.8776,1.87,2.62
2017.08.04 12:44:06.235,0.87748,0.87759,1.00,1.00
2017.08.04 12:44:06.543,0.87754,0.87764,1.00,3.37
2017.08.04 12:44:06.702,0.87754,0.87767,2.62,1.87
2017.08.04 12:44:06.782,0.87753,0.87762,3.75,2.25
2017.08.04 12:44:06.834,0.87751,0.87762,1.12,2.62
2017.08.04 12:44:06.887,0.8775,0.87764,2.62,2.62
2017.08.04 12:44:07.093,0.87754,0.87766,1.12,1.50
2017.08.04 12:44:07.488,0.87759,0.8777,1.00,1.00
2017.08.04 12:44:07.897,0.87761,0.8777,1.00,1.00
2017.08.04 12:44:07.999,0.87761,0.87774,2.62,1.12
2017.08.04 12:44:08.344,0.87762,0.87772,1.50,1.00
2017.08.04 12:44:08.499,0.87757,0.87771,2.44,3.37
2017.08.04 12:44:08.604,0.87758,0.87769,1.00,2.62
2017.08.04 12:44:08.708,0.87759,0.87771,1.00,2.62
2017.08.04 12:44:08.761,0.87761,0.87771,1.12,2.62
2017.08.04 12:44:08.897,0.87763,0.87772,1.00,1.12
2017.08.04 12:44:09.112,0.87763,0.87776,2.62,1.00
2017.08.04 12:44:09.215,0.87761,0.87773,2.62,1.00
2017.08.04 12:44:09.319,0.87758,0.87771,1.12,3.37
2017.08.04 12:44:09.822,0.87758,0.87771,1.50,1.50
2017.08.04 12:44:10.484,0.87758,0.8777,1.37,3.00
2017.08.04 12:44:10.896,0.87755,0.87768,2.25,1.37
2017.08.04 12:44:11.411,0.87759,0.87769,1.00,1.50
2017.08.04 12:44:11.615,0.8776,0.87772,1.12,1.50
2017.08.04 12:44:11.955,0.87758,0.87772,2.25,3.37
2017.08.04 12:44:12.007,0.8776,0.87771,1.00,1.00
2017.08.04 12:44:12.605,0.87759,0.8777,1.12,1.00
2017.08.04 12:44:12.707,0.87755,0.8777,3.37,1.37
2017.08.04 12:44:12.809,0.87754,0.87769,3.37,1.75
2017.08.04 12:44:13.603,0.87753,0.87768,3.00,3.00
2017.08.04 12:44:14.633,0.87755,0.87768,3.75,3.37
2017.08.04 12:44:14.837,0.8776,0.87774,3.00,3.37
2017.08.04 12:44:15.040,0.87763,0.87775,1.50,1.50
2017.08.04 12:44:15.345,0.87761,0.87774,1.50,1.75
2017.08.04 12:44:15.549,0.87759,0.87773,1.50,3.37
2017.08.04 12:44:15.831,0.87758,0.87769,1.50,1.00
2017.08.04 12:44:16.138,0.87761,0.87772,2.25,1.00
2017.08.04 12:44:16.444,0.87758,0.87769,1.00,1.00
2017.08.04 12:44:16.768,0.87763,0.87775,1.50,2.25
2017.08.04 12:44:17.557,0.87761,0.87771,1.00,1.00
2017.08.04 12:44:17.915,0.87761,0.87773,2.62,1.00
2017.08.04 12:44:18.017,0.87757,0.87771,1.50,2.62
2017.08.04 12:44:18.119,0.87758,0.87773,2.62,4.12
2017.08.04 12:44:18.434,0.87756,0.87769,1.50,1.50
2017.08.04 12:44:18.637,0.8776,0.8777,1.00,3.37
2017.08.04 12:44:19.151,0.87759,0.87769,1.00,1.50
2017.08.04 12:44:19.457,0.8776,0.8777,1.00,1.12
2017.08.04 12:44:19.509,0.87758,0.87767,1.50,1.12
2017.08.04 12:44:19.662,0.87755,0.87767,2.62,1.37
2017.08.04 12:44:19.810,0.87754,0.87766,1.12,2.62
2017.08.04 12:44:19.862,0.87754,0.87763,1.12,1.00
2017.08.04 12:44:20.066,0.87747,0.87762,4.12,2.62
2017.08.04 12:44:20.167,0.87748,0.87763,3.75,2.62
2017.08.04 12:44:20.372,0.87752,0.87763,1.00,2.62
2017.08.04 12:44:20.424,0.87752,0.87764,1.50,1.00
2017.08.04 12:44:20.658,0.87748,0.87763,4.12,3.37
2017.08.04 12:44:23.544,0.8775,0.87764,1.75,3.37
2017.08.04 12:44:23.748,0.8775,0.87761,1.50,1.00
2017.08.04 12:44:24.197,0.8775,0.87759,1.00,1.00
2017.08.04 12:44:24.248,0.8775,0.87761,1.00,1.50
2017.08.04 12:44:24.350,0.87748,0.87761,1.50,3.37
2017.08.04 12:44:24.683,0.87753,0.87764,1.00,1.87
2017.08.04 12:44:24.991,0.8775,0.87763,1.87,2.62
2017.08.04 12:44:25.475,0.87751,0.87763,1.50,2.25
2017.08.04 12:44:25.781,0.87753,0.87767,1.50,2.62
2017.08.04 12:44:25.882,0.87756,0.87767,1.00,2.00
2017.08.04 12:44:25.985,0.87756,0.8777,1.50,2.25
2017.08.04 12:44:26.036,0.87758,0.8777,1.50,1.12
2017.08.04 12:44:27.166,0.87757,0.87769,1.12,1.50
2017.08.04 12:44:27.965,0.87754,0.87766,3.37,1.00
2017.08.04 12:44:28.274,0.87752,0.87766,2.25,2.25
2017.08.04 12:44:28.327,0.87752,0.87764,1.50,1.37
2017.08.04 12:44:28.583,0.87748,0.87759,1.50,1.00
2017.08.04 12:44:28.736,0.87752,0.87759,1.00,1.00
2017.08.04 12:44:28.890,0.87751,0.87765,1.87,3.37
2017.08.04 12:44:28.942,0.87751,0.87766,1.87,6.37
2017.08.04 12:44:29.133,0.87753,0.87766,1.50,1.87
2017.08.04 12:44:29.388,0.87754,0.87768,3.00,1.87
2017.08.04 12:44:29.848,0.87753,0.87766,2.25,1.12
2017.08.04 12:44:30.108,0.87762,0.87768,1.00,3.37
2017.08.04 12:44:30.263,0.87762,0.8777,1.12,1.00
2017.08.04 12:44:30.315,0.87759,0.8777,2.25,1.00
2017.08.04 12:44:30.469,0.87762,0.8777,1.00,1.00
2017.08.04 12:44:30.521,0.87759,0.8777,1.50,1.00
2017.08.04 12:44:30.658,0.87762,0.87773,1.00,1.87
2017.08.04 12:44:30.968,0.87754,0.87766,1.50,1.37
2017.08.04 12:44:31.072,0.87754,0.87767,1.12,3.37
2017.08.04 12:44:31.835,0.87755,0.87767,1.00,3.37
2017.08.04 12:44:31.938,0.8776,0.87766,1.00,1.50
2017.08.04 12:44:32.092,0.87758,0.87769,1.00,2.62
2017.08.04 12:44:32.305,0.87758,0.87767,1.00,2.62
2017.08.04 12:44:32.409,0.87758,0.87768,1.00,1.50
2017.08.04 12:44:33.251,0.87759,0.87767,1.00,1.12
2017.08.04 12:44:33.302,0.87756,0.87767,1.00,1.12
2017.08.04 12:44:33.613,0.87758,0.87767,1.00,1.12
2017.08.04 12:44:33.918,0.87755,0.87767,2.62,1.12
2017.08.04 12:44:34.116,0.87753,0.87767,4.12,3.37
2017.08.04 12:44:34.577,0.87753,0.87767,1.87,3.37
2017.08.04 12:44:34.701,0.87756,0.87767,1.00,3.37
2017.08.04 12:44:35.190,0.87755,0.87767,1.50,1.50
2017.08.04 12:44:35.242,0.87758,0.87769,1.00,4.12
2017.08.04 12:44:35.400,0.87758,0.87769,1.50,1.37
2017.08.04 12:44:35.604,0.87757,0.87768,1.00,1.50
2017.08.04 12:44:35.655,0.87757,0.87764,1.00,1.00
2017.08.04 12:44:35.856,0.87752,0.87765,1.00,3.37
2017.08.04 12:44:36.008,0.87754,0.87763,1.37,1.00
2017.08.04 12:44:36.315,0.87757,0.87768,1.12,1.00
2017.08.04 12:44:36.469,0.87755,0.87766,2.62,1.00
2017.08.04 12:44:36.522,0.87752,0.87765,4.12,1.12
2017.08.04 12:44:36.651,0.87755,0.87765,1.00,2.62
2017.08.04 12:44:36.704,0.87753,0.87765,1.00,2.62
2017.08.04 12:44:37.012,0.87752,0.87762,1.87,2.62
2017.08.04 12:44:37.363,0.87756,0.87762,1.87,2.62
2017.08.04 12:44:37.416,0.87757,0.87769,1.50,2.62
2017.08.04 12:44:37.520,0.87758,0.8777,1.50,1.87
2017.08.04 12:44:37.571,0.87758,0.8777,1.12,3.75
2017.08.04 12:44:37.877,0.87757,0.87766,1.00,1.00
2017.08.04 12:44:38.268,0.87759,0.87769,1.00,2.62
2017.08.04 12:44:38.421,0.87759,0.87771,1.00,2.62
2017.08.04 12:44:38.880,0.87761,0.87772,1.00,1.00
2017.08.04 12:44:39.099,0.8776,0.87772,1.50,1.75
2017.08.04 12:44:39.303,0.8776,0.87772,1.50,1.12
2017.08.04 12:44:39.405,0.8776,0.87772,1.12,1.75
2017.08.04 12:44:39.975,0.87757,0.87769,2.62,1.00
2017.08.04 12:44:40.026,0.87756,0.87769,3.75,1.12
2017.08.04 12:44:40.281,0.87755,0.87768,3.37,2.62
2017.08.04 12:44:41.026,0.8776,0.87768,1.12,3.00
2017.08.04 12:44:41.230,0.87757,0.87769,2.25,1.87
2017.08.04 12:44:41.433,0.87756,0.87767,1.12,1.37
2017.08.04 12:44:42.907,0.87758,0.87769,1.00,1.75
2017.08.04 12:44:43.437,0.87759,0.8777,1.12,2.62
2017.08.04 12:44:43.744,0.87761,0.87772,1.00,3.00
2017.08.04 12:44:44.346,0.87759,0.87772,1.12,2.62
2017.08.04 12:44:44.500,0.87762,0.87772,1.00,2.62
2017.08.04 12:44:44.602,0.87762,0.87772,1.00,1.00
2017.08.04 12:44:45.072,0.8776,0.87768,1.00,1.37
2017.08.04 12:44:45.124,0.87758,0.87768,1.00,1.00
2017.08.04 12:44:45.227,0.87756,0.87769,1.12,3.00
2017.08.04 12:44:45.431,0.87758,0.87769,1.00,1.87
2017.08.04 12:44:45.931,0.87761,0.87771,1.00,1.00
2017.08.04 12:44:46.237,0.87764,0.87773,1.00,1.87
2017.08.04 12:44:46.802,0.87765,0.87775,1.00,4.12
2017.08.04 12:44:46.854,0.87762,0.87775,2.62,2.62
2017.08.04 12:44:46.905,0.87763,0.87775,2.62,2.25
2017.08.04 12:44:46.956,0.87765,0.87776,1.00,1.50
2017.08.04 12:44:47.111,0.87763,0.87775,1.87,1.50
2017.08.04 12:44:47.614,0.87765,0.87778,1.12,3.37
2017.08.04 12:44:48.141,0.87762,0.87774,1.12,1.50
2017.08.04 12:44:48.450,0.87758,0.87771,3.00,1.12
2017.08.04 12:44:48.552,0.87758,0.87771,1.37,1.50
2017.08.04 12:44:49.736,0.8776,0.87772,1.00,2.62
2017.08.04 12:44:50.203,0.8776,0.87772,3.00,2.25
2017.08.04 12:44:50.254,0.87762,0.87775,1.50,2.25
2017.08.04 12:44:50.998,0.87764,0.87776,1.00,3.37
2017.08.04 12:44:51.508,0.87763,0.87775,2.62,1.87
2017.08.04 12:44:51.897,0.87763,0.87771,2.62,1.50
2017.08.04 12:44:51.948,0.87759,0.87771,2.62,2.25
2017.08.04 12:44:52.051,0.87757,0.87771,3.37,4.50
2017.08.04 12:44:52.483,0.87762,0.87771,1.00,2.62
2017.08.04 12:44:52.535,0.87762,0.87771,1.00,1.00
2017.08.04 12:44:52.817,0.8776,0.87771,1.50,1.12
2017.08.04 12:44:53.274,0.87758,0.87769,3.37,1.37
2017.08.04 12:44:53.376,0.87757,0.8777,1.12,4.12
2017.08.04 12:44:54.045,0.87759,0.87769,1.00,1.50
2017.08.04 12:44:54.577,0.87761,0.8777,1.00,4.12
2017.08.04 12:44:55.141,0.87763,0.8777,1.00,2.62
2017.08.04 12:44:55.243,0.87763,0.87774,1.00,5.85
2017.08.04 12:44:55.908,0.87764,0.87773,1.00,1.50
2017.08.04 12:44:55.959,0.87762,0.87774,1.00,5.47
2017.08.04 12:44:56.673,0.87763,0.87773,1.00,2.25
2017.08.04 12:44:57.209,0.87762,0.87773,1.00,1.50
2017.08.04 12:44:57.413,0.8776,0.8777,1.50,1.00
2017.08.04 12:44:57.963,0.8776,0.8777,1.00,1.87
2017.08.04 12:44:58.528,0.87761,0.87769,1.00,1.87
2017.08.04 12:44:59.072,0.8776,0.87769,1.00,1.87
2017.08.04 12:44:59.404,0.87759,0.87767,1.00,1.00
2017.08.04 12:44:59.456,0.87759,0.87769,1.00,1.12
2017.08.04 12:44:59.557,0.87761,0.8777,1.00,1.00
2017.08.04 12:45:00.091,0.8776,0.87771,1.12,1.12
2017.08.04 12:45:00.449,0.87758,0.87768,2.62,1.00
2017.08.04 12:45:00.602,0.87755,0.87767,2.62,1.50
2017.08.04 12:45:00.706,0.87757,0.87768,1.00,4.12
2017.08.04 12:45:01.644,0.87758,0.87767,1.00,1.50
2017.08.04 12:45:01.821,0.87756,0.87768,1.00,4.12
2017.08.04 12:45:03.263,0.87758,0.87768,1.00,3.37
2017.08.04 12:45:03.467,0.8776,0.87773,1.12,4.50
2017.08.04 12:45:04.459,0.87762,0.87772,1.00,1.50
2017.08.04 12:45:04.561,0.8776,0.87773,1.12,4.50
2017.08.04 12:45:05.065,0.87762,0.87772,1.00,1.50
2017.08.04 12:45:05.371,0.87763,0.87774,1.87,1.00
2017.08.04 12:45:05.879,0.87764,0.87775,1.12,1.12
2017.08.04 12:45:06.093,0.87766,0.87774,1.00,1.00
2017.08.04 12:45:06.606,0.87766,0.87777,1.00,3.37
2017.08.04 12:45:07.176,0.87764,0.87776,1.12,1.50
2017.08.04 12:45:08.050,0.87763,0.87774,1.50,1.00
2017.08.04 12:45:08.560,0.87765,0.87775,1.00,2.62
2017.08.04 12:45:08.663,0.87766,0.87777,2.62,3.37
2017.08.04 12:45:08.998,0.87771,0.8778,1.00,1.00
2017.08.04 12:45:09.524,0.8777,0.87782,1.00,3.37
2017.08.04 12:45:10.082,0.87769,0.87779,1.12,1.12
2017.08.04 12:45:10.490,0.87767,0.87779,2.25,2.25
2017.08.04 12:45:10.791,0.8777,0.87783,4.12,2.62
2017.08.04 12:45:10.894,0.87771,0.87784,1.37,1.50
2017.08.04 12:45:11.201,0.87769,0.87782,3.75,3.00
2017.08.04 12:45:11.507,0.87772,0.87782,4.50,2.25
2017.08.04 12:45:11.558,0.87772,0.87783,2.62,1.12
2017.08.04 12:45:11.609,0.8777,0.87781,3.37,1.00
2017.08.04 12:45:11.917,0.87769,0.87781,1.50,3.37
2017.08.04 12:45:12.724,0.87772,0.8778,1.37,1.37
2017.08.04 12:45:12.927,0.87773,0.87783,1.00,2.62
2017.08.04 12:45:12.979,0.87773,0.87785,1.00,3.37
2017.08.04 12:45:13.193,0.87771,0.87783,2.25,2.25
2017.08.04 12:45:14.032,0.87769,0.87781,2.25,1.87
2017.08.04 12:45:14.087,0.87767,0.87777,2.62,1.00
2017.08.04 12:45:14.290,0.87766,0.87777,1.00,1.12
2017.08.04 12:45:14.955,0.8777,0.87777,1.00,2.25
2017.08.04 12:45:15.108,0.87771,0.8778,1.12,2.62
2017.08.04 12:45:15.210,0.87771,0.87782,1.00,2.62
2017.08.04 12:45:15.414,0.87773,0.87783,1.12,1.12
2017.08.04 12:45:15.466,0.87774,0.87782,1.87,1.00
2017.08.04 12:45:15.613,0.87776,0.87786,1.12,3.37
2017.08.04 12:45:15.665,0.87775,0.87787,1.37,1.37
2017.08.04 12:45:15.716,0.87774,0.87787,4.50,2.62
2017.08.04 12:45:16.124,0.87778,0.87786,1.00,1.50
2017.08.04 12:45:16.308,0.87778,0.8779,1.50,3.37
2017.08.04 12:45:16.416,0.87783,0.8779,1.00,2.62
2017.08.04 12:45:16.519,0.87782,0.8779,2.25,1.00
2017.08.04 12:45:16.572,0.87781,0.8779,1.87,1.00
2017.08.04 12:45:16.624,0.87782,0.87792,2.62,1.00
2017.08.04 12:45:16.728,0.87779,0.87789,1.12,1.00
2017.08.04 12:45:16.830,0.87777,0.8779,1.12,1.50
2017.08.04 12:45:17.351,0.87778,0.8779,1.00,1.50
2017.08.04 12:45:17.758,0.87778,0.87789,2.62,1.37
2017.08.04 12:45:18.206,0.87778,0.87784,2.25,1.12
2017.08.04 12:45:18.257,0.87776,0.87784,2.62,1.12
2017.08.04 12:45:18.359,0.87771,0.87783,2.62,1.87
2017.08.04 12:45:18.411,0.87771,0.87781,2.25,1.00
2017.08.04 12:45:18.462,0.87769,0.87781,1.87,1.12
2017.08.04 12:45:18.513,0.87769,0.87781,1.50,3.37
2017.08.04 12:45:18.928,0.87768,0.87779,1.00,2.62
2017.08.04 12:45:19.440,0.87767,0.87779,1.87,2.62
2017.08.04 12:45:19.743,0.87769,0.87778,1.87,1.37
2017.08.04 12:45:19.845,0.87771,0.87782,1.00,3.37
2017.08.04 12:45:19.948,0.8777,0.87782,1.50,1.12
2017.08.04 12:45:20.000,0.8777,0.8778,1.50,1.00
2017.08.04 12:45:20.155,0.87768,0.8778,1.00,3.37
2017.08.04 12:45:20.508,0.8777,0.87779,1.00,1.50
2017.08.04 12:45:21.022,0.87769,0.8778,1.12,3.37
2017.08.04 12:45:21.074,0.87767,0.8778,1.00,3.37
2017.08.04 12:45:21.278,0.87765,0.87776,4.12,1.00
2017.08.04 12:45:21.445,0.87764,0.87776,1.50,3.37
2017.08.04 12:45:21.649,0.87763,0.87775,4.87,1.00
2017.08.04 12:45:21.955,0.87768,0.87776,1.00,1.12
2017.08.04 12:45:22.057,0.8777,0.87779,1.00,1.00
2017.08.04 12:45:22.248,0.8777,0.87781,1.75,1.00
2017.08.04 12:45:22.349,0.87768,0.87779,1.87,1.00
2017.08.04 12:45:22.553,0.87768,0.87777,1.50,1.00
2017.08.04 12:45:22.655,0.87766,0.87777,1.12,1.12
2017.08.04 12:45:23.071,0.87766,0.87777,1.00,2.62
2017.08.04 12:45:23.477,0.87767,0.87776,1.87,1.00
2017.08.04 12:45:23.727,0.8777,0.87781,2.25,4.12
2017.08.04 12:45:23.778,0.8777,0.87781,1.87,1.00
2017.08.04 12:45:23.931,0.8777,0.87781,3.37,1.00
2017.08.04 12:45:24.186,0.8777,0.87781,1.87,1.00
2017.08.04 12:45:24.389,0.87772,0.87781,1.12,1.00
2017.08.04 12:45:24.582,0.8777,0.8778,1.00,1.00
2017.08.04 12:45:24.889,0.87767,0.8778,1.87,2.62
2017.08.04 12:45:25.194,0.87771,0.8778,1.37,2.62
2017.08.04 12:45:25.365,0.87772,0.87784,1.50,1.12
2017.08.04 12:45:25.416,0.87771,0.87782,2.62,1.37
2017.08.04 12:45:25.467,0.8777,0.87781,2.44,1.50
2017.08.04 12:45:25.570,0.87769,0.87779,1.12,1.00
2017.08.04 12:45:25.825,0.87768,0.87777,1.12,1.00
2017.08.04 12:45:26.029,0.87768,0.87781,1.50,2.25
2017.08.04 12:45:26.182,0.87768,0.87779,1.00,3.00
2017.08.04 12:45:27.280,0.87768,0.87779,1.37,2.62
2017.08.04 12:45:27.382,0.87769,0.87779,1.50,1.00
2017.08.04 12:45:28.093,0.8777,0.8778,1.37,1.00
2017.08.04 12:45:28.856,0.87769,0.87779,2.62,1.00
2017.08.04 12:45:28.907,0.87765,0.87777,2.62,1.50
2017.08.04 12:45:29.110,0.87764,0.87775,2.25,3.37
2017.08.04 12:45:30.274,0.87762,0.87772,2.62,1.12
2017.08.04 12:45:30.377,0.8776,0.87772,2.62,1.50
2017.08.04 12:45:30.433,0.87758,0.87771,3.00,1.50
2017.08.04 12:45:30.687,0.87758,0.8777,1.12,2.25
2017.08.04 12:45:30.992,0.8776,0.87771,1.12,1.50
2017.08.04 12:45:31.313,0.87752,0.87764,3.37,1.12
2017.08.04 12:45:31.517,0.87752,0.87765,1.50,1.87
2017.08.04 12:45:31.825,0.87753,0.87765,2.62,1.37
2017.08.04 12:45:32.168,0.87752,0.87763,1.12,2.62
2017.08.04 12:45:32.524,0.87753,0.87766,2.62,2.25
2017.08.04 12:45:32.575,0.87753,0.87764,2.62,1.00
2017.08.04 12:45:32.626,0.87752,0.87765,1.50,1.50
2017.08.04 12:45:33.075,0.87756,0.87767,1.12,3.37
2017.08.04 12:45:33.432,0.87758,0.87769,2.62,1.87
2017.08.04 12:45:33.534,0.87757,0.8777,1.50,2.62
2017.08.04 12:45:33.636,0.87761,0.87769,1.00,1.50
2017.08.04 12:45:33.738,0.87762,0.8777,1.00,1.00
2017.08.04 12:45:33.840,0.8776,0.8777,1.50,1.00
2017.08.04 12:45:34.110,0.8776,0.8777,1.00,2.25
2017.08.04 12:45:34.161,0.87756,0.8777,5.25,2.62
2017.08.04 12:45:34.522,0.87756,0.87768,2.62,1.50
2017.08.04 12:45:35.084,0.87757,0.87769,1.00,3.75
2017.08.04 12:45:35.542,0.87759,0.87769,1.00,3.37
2017.08.04 12:45:36.002,0.87761,0.87769,1.12,2.62
2017.08.04 12:45:36.312,0.87765,0.87772,1.50,1.00
2017.08.04 12:45:36.658,0.8776,0.87771,1.87,2.62
2017.08.04 12:45:37.168,0.87762,0.87771,1.00,2.62
2017.08.04 12:45:37.270,0.87765,0.87771,1.00,2.62
2017.08.04 12:45:37.513,0.87767,0.87776,1.00,2.62
2017.08.04 12:45:37.564,0.87767,0.87777,1.00,2.62
2017.08.04 12:45:37.666,0.87767,0.87779,1.50,3.37
2017.08.04 12:45:38.125,0.87765,0.87777,3.75,3.00
2017.08.04 12:45:38.176,0.87765,0.87777,1.00,4.12
2017.08.04 12:45:38.755,0.87767,0.87777,1.00,2.62
2017.08.04 12:45:39.245,0.87766,0.87777,2.25,1.00
2017.08.04 12:45:39.354,0.87766,0.87774,1.50,1.00
2017.08.04 12:45:39.458,0.87763,0.87774,2.25,1.12
2017.08.04 12:45:39.663,0.87761,0.87773,1.62,4.50
2017.08.04 12:45:40.015,0.87763,0.87774,1.12,3.37
2017.08.04 12:45:40.381,0.87763,0.87775,1.37,2.62
2017.08.04 12:45:40.864,0.87767,0.87778,1.12,1.50
2017.08.04 12:45:40.916,0.87769,0.87778,1.12,1.50
2017.08.04 12:45:41.294,0.87766,0.87779,2.62,3.37
2017.08.04 12:45:41.551,0.87766,0.87777,2.25,1.75
2017.08.04 12:45:41.942,0.87774,0.87783,1.50,1.00
2017.08.04 12:45:42.300,0.87777,0.87786,1.00,2.62
2017.08.04 12:45:42.352,0.87776,0.87789,1.87,3.75
2017.08.04 12:45:42.403,0.87776,0.87785,1.12,1.00
2017.08.04 12:45:42.608,0.87771,0.87783,1.50,2.62
2017.08.04 12:45:42.865,0.87769,0.8778,1.69,1.50
2017.08.04 12:45:42.979,0.87769,0.87781,3.75,1.12
2017.08.04 12:45:43.133,0.87768,0.87779,1.87,1.37
2017.08.04 12:45:43.652,0.87768,0.8778,1.50,2.25
2017.08.04 12:45:44.273,0.87765,0.87776,2.81,2.62
2017.08.04 12:45:44.579,0.87768,0.87778,1.00,3.37
2017.08.04 12:45:44.886,0.87771,0.8778,1.37,2.62
2017.08.04 12:45:45.080,0.8777,0.8778,1.50,1.50
2017.08.04 12:45:45.182,0.8777,0.87782,1.50,1.12
2017.08.04 12:45:45.386,0.8777,0.8778,1.00,2.62
2017.08.04 12:45:45.744,0.87772,0.87781,1.00,2.62
2017.08.04 12:45:45.985,0.87772,0.87782,1.12,1.00
2017.08.04 12:45:46.592,0.87773,0.87782,1.37,1.00
2017.08.04 12:45:46.933,0.87775,0.87786,1.00,3.37
2017.08.04 12:45:46.984,0.87773,0.87786,3.37,1.87
2017.08.04 12:45:47.035,0.87773,0.87783,3.37,1.00
2017.08.04 12:45:47.087,0.87773,0.87784,1.12,1.87
2017.08.04 12:45:47.190,0.87772,0.87782,1.50,1.00
2017.08.04 12:45:47.241,0.87772,0.87784,2.62,1.12
2017.08.04 12:45:47.292,0.87772,0.87781,2.25,2.62
2017.08.04 12:45:47.344,0.87772,0.87783,2.62,2.62
2017.08.04 12:45:47.548,0.87773,0.87784,4.12,2.62
2017.08.04 12:45:47.765,0.87771,0.87784,1.50,1.50
2017.08.04 12:45:47.868,0.8777,0.87783,3.00,2.62
2017.08.04 12:45:48.276,0.87776,0.87783,1.00,1.50
2017.08.04 12:45:48.430,0.87773,0.87782,1.50,2.62
2017.08.04 12:45:48.481,0.87773,0.87783,1.50,1.00
2017.08.04 12:45:48.600,0.8777,0.87783,3.75,1.50
2017.08.04 12:45:48.663,0.8777,0.87782,1.50,2.62
2017.08.04 12:45:49.171,0.87767,0.8778,4.87,2.62
2017.08.04 12:45:50.040,0.8777,0.87778,1.00,1.12
2017.08.04 12:45:50.549,0.87771,0.8778,1.00,2.62
2017.08.04 12:45:50.789,0.87771,0.87781,1.00,1.87
2017.08.04 12:45:51.094,0.87769,0.87781,1.12,1.87
2017.08.04 12:45:51.195,0.87769,0.87779,1.12,2.62
2017.08.04 12:45:51.571,0.87773,0.87779,1.00,2.62
2017.08.04 12:45:51.674,0.87771,0.87779,1.00,2.62
2017.08.04 12:45:51.777,0.87771,0.87781,1.12,1.00
2017.08.04 12:45:52.280,0.87772,0.8778,1.00,1.12
2017.08.04 12:45:52.648,0.8777,0.87781,1.00,1.50
2017.08.04 12:45:53.193,0.87772,0.8778,1.00,1.12
2017.08.04 12:45:53.710,0.8777,0.87778,1.00,1.50
2017.08.04 12:45:54.218,0.87769,0.87778,1.00,1.50
2017.08.04 12:45:54.391,0.87766,0.87778,1.00,3.37
2017.08.04 12:45:54.443,0.87764,0.87777,1.12,2.25
2017.08.04 12:45:54.495,0.87764,0.87774,1.12,1.00
2017.08.04 12:45:54.597,0.87762,0.87774,1.50,1.50
2017.08.04 12:45:54.699,0.87762,0.87773,1.50,2.62
2017.08.04 12:45:54.955,0.87759,0.8777,1.50,1.87
2017.08.04 12:45:55.006,0.87759,0.87768,1.00,1.12
2017.08.04 12:45:55.140,0.87755,0.87766,2.06,1.00
2017.08.04 12:45:55.191,0.87754,0.87766,1.69,3.37
2017.08.04 12:45:55.497,0.87757,0.87765,1.00,3.37
2017.08.04 12:45:56.060,0.87758,0.87767,1.00,3.37
2017.08.04 12:45:56.314,0.87758,0.87769,1.50,1.00
2017.08.04 12:45:56.367,0.87758,0.87767,1.50,1.00
2017.08.04 12:45:56.673,0.87759,0.87766,1.00,1.50
2017.08.04 12:45:56.873,0.87756,0.87765,1.00,1.12
2017.08.04 12:45:56.924,0.87756,0.87765,1.00,3.37
2017.08.04 12:45:57.733,0.87755,0.87766,2.62,2.62
2017.08.04 12:45:58.146,0.87752,0.87764,1.87,1.50
2017.08.04 12:45:58.400,0.87751,0.87764,1.12,3.37
2017.08.04 12:45:59.733,0.87748,0.87762,4.87,1.87
2017.08.04 12:46:00.136,0.87748,0.87759,1.50,1.50
2017.08.04 12:46:00.650,0.87749,0.87761,1.87,3.37
2017.08.04 12:46:01.310,0.8775,0.87761,1.00,3.37
2017.08.04 12:46:01.612,0.87754,0.87761,1.00,2.62
2017.08.04 12:46:01.816,0.87754,0.87762,1.00,1.00
2017.08.04 12:46:01.969,0.87752,0.87762,1.50,1.00
2017.08.04 12:46:02.477,0.87753,0.87762,1.00,1.50
2017.08.04 12:46:02.732,0.87749,0.87762,1.50,1.50
2017.08.04 12:46:03.539,0.87748,0.87761,1.12,4.12
2017.08.04 12:46:03.894,0.87747,0.87757,1.50,1.00
2017.08.04 12:46:04.193,0.87742,0.87755,2.25,1.75
2017.08.04 12:46:04.523,0.87744,0.87756,1.50,1.50
2017.08.04 12:46:04.676,0.87746,0.87757,1.00,3.37
2017.08.04 12:46:04.829,0.87747,0.87758,1.00,1.50
2017.08.04 12:46:05.353,0.87749,0.87759,1.00,2.62
2017.08.04 12:46:05.455,0.87748,0.87761,3.75,1.12
2017.08.04 12:46:05.557,0.87748,0.87761,1.50,3.37
2017.08.04 12:46:06.633,0.87754,0.87761,1.00,2.62
2017.08.04 12:46:06.838,0.87758,0.87768,5.25,2.62
2017.08.04 12:46:06.940,0.87759,0.8777,1.50,1.31
2017.08.04 12:46:07.440,0.87759,0.87772,1.12,3.37
2017.08.04 12:46:07.643,0.87763,0.87775,1.00,1.75
2017.08.04 12:46:08.296,0.87761,0.87772,2.62,1.00
2017.08.04 12:46:08.523,0.87759,0.87769,1.00,1.00
2017.08.04 12:46:09.064,0.87759,0.87769,1.50,1.00
2017.08.04 12:46:09.910,0.87759,0.87769,1.00,1.00
2017.08.04 12:46:10.064,0.87757,0.87768,1.00,2.25
2017.08.04 12:46:10.268,0.87755,0.87767,1.00,1.50
2017.08.04 12:46:10.607,0.87759,0.87767,1.00,1.50
2017.08.04 12:46:10.761,0.87766,0.87776,4.50,1.50
2017.08.04 12:46:10.812,0.87766,0.87778,4.12,1.00
2017.08.04 12:46:10.863,0.87766,0.87775,4.87,2.62
2017.08.04 12:46:10.966,0.87766,0.87777,4.87,1.00
2017.08.04 12:46:11.271,0.87766,0.87776,4.12,1.50
2017.08.04 12:46:11.543,0.87763,0.87777,1.37,3.37
2017.08.04 12:46:11.899,0.87764,0.87777,1.87,3.37
2017.08.04 12:46:12.156,0.87766,0.87779,1.87,3.37
2017.08.04 12:46:12.411,0.87768,0.8778,1.00,1.12
2017.08.04 12:46:12.717,0.87766,0.87778,4.50,1.00
2017.08.04 12:46:13.226,0.87765,0.87778,3.00,1.12
2017.08.04 12:46:13.745,0.87768,0.87781,2.62,3.75
2017.08.04 12:46:14.239,0.87766,0.87778,1.12,1.75
2017.08.04 12:46:15.275,0.87764,0.87775,3.75,1.00
2017.08.04 12:46:15.378,0.87763,0.87773,1.12,1.00
2017.08.04 12:46:15.835,0.87761,0.87774,1.87,3.37
2017.08.04 12:46:16.303,0.87759,0.87769,1.00,1.00
2017.08.04 12:46:16.354,0.87757,0.87768,1.12,1.12
2017.08.04 12:46:16.456,0.87756,0.87767,1.37,2.62
2017.08.04 12:46:17.541,0.87753,0.87766,2.25,1.50
2017.08.04 12:46:17.845,0.87756,0.87767,1.50,2.62
2017.08.04 12:46:17.947,0.87757,0.8777,1.00,4.12
2017.08.04 12:46:18.792,0.87755,0.87767,4.87,1.00
2017.08.04 12:46:19.159,0.87752,0.87766,3.75,2.62
2017.08.04 12:46:19.260,0.87752,0.87765,1.50,2.62
2017.08.04 12:46:20.244,0.87751,0.87763,1.37,1.50
2017.08.04 12:46:20.752,0.8775,0.87763,1.37,4.12
2017.08.04 12:46:21.567,0.8775,0.8776,1.50,1.00
2017.08.04 12:46:21.895,0.87748,0.87759,1.50,1.37
2017.08.04 12:46:22.404,0.87748,0.8776,1.87,1.50
2017.08.04 12:46:22.796,0.87748,0.87759,1.00,2.62
2017.08.04 12:46:23.942,0.87748,0.87759,2.62,2.62
2017.08.04 12:46:24.095,0.8775,0.87763,3.37,3.37
2017.08.04 12:46:24.641,0.87752,0.87763,1.50,2.62
2017.08.04 12:46:24.693,0.87753,0.87763,1.00,1.00
2017.08.04 12:46:24.974,0.87751,0.87764,1.12,3.37
2017.08.04 12:46:25.381,0.87748,0.87762,2.25,4.12
2017.08.04 12:46:25.686,0.87753,0.87762,1.00,2.62
2017.08.04 12:46:25.788,0.87753,0.87765,1.12,1.50
2017.08.04 12:46:27.386,0.87751,0.87762,3.37,1.00
2017.08.04 12:46:27.488,0.87749,0.87761,3.37,1.12
2017.08.04 12:46:27.590,0.87749,0.87761,1.00,3.37
2017.08.04 12:46:27.896,0.87752,0.87762,1.00,1.00
2017.08.04 12:46:28.116,0.87752,0.87765,3.37,2.25
2017.08.04 12:46:29.494,0.87753,0.87764,1.50,1.00
2017.08.04 12:46:29.901,0.87752,0.87761,3.37,1.00
2017.08.04 12:46:29.952,0.87752,0.87763,3.37,1.00
2017.08.04 12:46:30.003,0.87754,0.87762,1.00,1.37
2017.08.04 12:46:30.192,0.87753,0.87764,1.12,1.37
2017.08.04 12:46:33.270,0.87751,0.87762,3.37,1.00
2017.08.04 12:46:33.322,0.87751,0.87761,1.00,2.62
2017.08.04 12:46:33.853,0.87752,0.87761,1.00,2.62
2017.08.04 12:46:34.412,0.87751,0.87761,1.00,2.62
2017.08.04 12:46:34.955,0.8775,0.87761,1.12,2.62
2017.08.04 12:46:35.381,0.87752,0.87761,1.00,2.62
2017.08.04 12:46:35.888,0.87751,0.87761,1.00,2.62
2017.08.04 12:46:36.480,0.87752,0.87761,1.00,2.62
2017.08.04 12:46:36.938,0.87752,0.87763,1.37,4.50
2017.08.04 12:46:37.406,0.87751,0.87762,1.12,4.12
2017.08.04 12:46:40.183,0.87751,0.87757,1.12,1.50
2017.08.04 12:46:40.415,0.87747,0.87755,1.00,2.62
2017.08.04 12:46:40.517,0.87746,0.87756,1.00,1.50
2017.08.04 12:46:40.721,0.87744,0.87755,1.12,1.12
2017.08.04 12:46:41.026,0.87745,0.87756,2.62,1.50
2017.08.04 12:46:41.206,0.87749,0.87758,1.00,1.00
2017.08.04 12:46:41.308,0.87746,0.87759,1.50,1.50
2017.08.04 12:46:42.110,0.87746,0.87755,1.50,1.00
2017.08.04 12:46:42.255,0.87743,0.87753,1.12,1.37
2017.08.04 12:46:42.459,0.87741,0.87753,1.12,1.75
2017.08.04 12:46:42.713,0.87739,0.8775,1.87,1.12
2017.08.04 12:46:42.815,0.87739,0.87748,1.50,1.00
2017.08.04 12:46:43.557,0.87739,0.87748,1.00,2.25
2017.08.04 12:46:44.075,0.87739,0.87749,1.00,1.87
2017.08.04 12:46:44.583,0.8774,0.87751,1.50,1.75
2017.08.04 12:46:44.888,0.87744,0.87754,1.00,3.37
2017.08.04 12:46:45.406,0.87745,0.87753,1.00,1.50
2017.08.04 12:46:45.719,0.87747,0.87757,1.00,2.25
2017.08.04 12:46:45.772,0.87747,0.87757,1.00,1.12
2017.08.04 12:46:45.878,0.87746,0.87755,1.12,1.00
2017.08.04 12:46:46.184,0.87744,0.87755,1.12,4.87
2017.08.04 12:46:47.036,0.87743,0.87752,1.37,1.00
2017.08.04 12:46:47.579,0.87745,0.87754,1.00,3.37
2017.08.04 12:46:47.889,0.87747,0.87754,1.00,2.62
2017.08.04 12:46:48.146,0.87751,0.8776,1.00,2.62
2017.08.04 12:46:48.250,0.87751,0.8776,1.00,1.12
2017.08.04 12:46:48.436,0.8775,0.8776,1.00,4.12
2017.08.04 12:46:49.315,0.87751,0.8776,1.00,4.87
2017.08.04 12:46:49.627,0.87748,0.87757,1.00,1.00
2017.08.04 12:46:49.780,0.87748,0.87755,1.00,1.12
2017.08.04 12:46:49.933,0.87745,0.87755,1.00,4.12
2017.08.04 12:46:50.444,0.87745,0.87754,1.00,3.37
2017.08.04 12:46:50.651,0.87747,0.87754,1.00,2.62
2017.08.04 12:46:51.158,0.87748,0.87756,1.00,3.37
2017.08.04 12:46:51.538,0.87746,0.87752,1.00,1.00
2017.08.04 12:46:51.692,0.87745,0.87752,1.87,2.62
2017.08.04 12:46:51.896,0.87748,0.87757,1.00,3.37
2017.08.04 12:46:52.452,0.87746,0.87755,1.00,1.12
2017.08.04 12:46:52.604,0.87746,0.87754,1.00,3.37
2017.08.04 12:46:53.160,0.87745,0.87754,1.00,2.62
2017.08.04 12:46:53.919,0.87746,0.87754,1.00,2.62
2017.08.04 12:46:54.433,0.87745,0.87752,1.00,1.12
2017.08.04 12:46:54.772,0.8774,0.87748,1.00,2.62
2017.08.04 12:46:54.874,0.87742,0.87751,1.00,3.37
2017.08.04 12:46:54.976,0.87743,0.87753,1.00,3.37
2017.08.04 12:46:55.180,0.87744,0.87754,1.00,2.25
2017.08.04 12:46:55.333,0.87746,0.87754,1.00,3.00
2017.08.04 12:46:55.856,0.87747,0.87754,1.00,1.50
2017.08.04 12:46:56.161,0.87749,0.87756,1.12,2.25
2017.08.04 12:46:56.212,0.87749,0.87759,1.12,1.75
2017.08.04 12:46:56.905,0.87749,0.87758,1.12,2.62
2017.08.04 12:46:57.791,0.8775,0.87758,1.00,3.37
2017.08.04 12:46:58.084,0.87751,0.87759,1.00,1.50
2017.08.04 12:46:58.634,0.87753,0.87759,1.00,1.00
2017.08.04 12:46:59.273,0.87752,0.87761,1.00,3.37
2017.08.04 12:46:59.426,0.87752,0.87762,2.25,1.50
2017.08.04 12:46:59.527,0.87754,0.87764,1.00,3.37
2017.08.04 12:46:59.833,0.87757,0.87766,1.00,1.75
2017.08.04 12:47:00.170,0.8776,0.87768,1.00,4.12
2017.08.04 12:47:00.373,0.8776,0.87768,1.00,1.12
2017.08.04 12:47:00.425,0.8776,0.87767,1.00,2.25
2017.08.04 12:47:00.732,0.87757,0.87763,1.50,1.00
2017.08.04 12:47:00.783,0.87757,0.87765,1.12,1.50
2017.08.04 12:47:00.835,0.87753,0.8776,1.37,1.12
2017.08.04 12:47:00.886,0.87753,0.8776,1.00,1.12
2017.08.04 12:47:01.060,0.87755,0.87762,1.00,3.37
2017.08.04 12:47:01.164,0.87756,0.87763,1.00,1.00
2017.08.04 12:47:01.673,0.87753,0.87763,1.00,1.50
2017.08.04 12:47:01.775,0.87755,0.87762,1.00,1.12
2017.08.04 12:47:02.112,0.87757,0.87766,1.00,2.62
2017.08.04 12:47:02.417,0.87756,0.87762,1.00,1.37
2017.08.04 12:47:02.468,0.87754,0.87763,1.00,3.37
2017.08.04 12:47:02.570,0.87757,0.87764,1.00,4.12
2017.08.04 12:47:02.773,0.87755,0.87764,1.00,1.12
2017.08.04 12:47:02.940,0.87754,0.87762,1.12,1.00
2017.08.04 12:47:03.145,0.87748,0.87758,1.12,1.12
2017.08.04 12:47:03.858,0.87751,0.87761,1.00,2.25
2017.08.04 12:47:04.085,0.87753,0.87763,1.00,1.12
2017.08.04 12:47:04.238,0.8775,0.8776,1.37,1.87
2017.08.04 12:47:04.340,0.87749,0.8776,1.50,1.12
2017.08.04 12:47:04.442,0.87753,0.8776,1.50,1.12
2017.08.04 12:47:04.595,0.87754,0.87763,1.12,1.50
2017.08.04 12:47:04.762,0.87752,0.8776,1.00,1.00
2017.08.04 12:47:04.965,0.8775,0.8776,1.00,1.00
2017.08.04 12:47:05.067,0.8775,0.8776,1.00,1.75
2017.08.04 12:47:05.615,0.87751,0.8776,1.00,1.75
2017.08.04 12:47:06.167,0.87749,0.87761,1.87,3.37
2017.08.04 12:47:07.647,0.87751,0.87761,1.00,3.37
2017.08.04 12:47:09.050,0.8775,0.87761,1.12,3.37
2017.08.04 12:47:09.389,0.87752,0.87761,1.00,2.62
2017.08.04 12:47:09.745,0.87752,0.87761,1.12,1.00
2017.08.04 12:47:09.949,0.87751,0.8776,1.00,1.87
2017.08.04 12:47:10.180,0.87749,0.87759,1.50,1.00
2017.08.04 12:47:10.691,0.87752,0.87761,1.00,1.75
2017.08.04 12:47:11.242,0.87751,0.8776,1.00,4.12
2017.08.04 12:47:11.293,0.87749,0.8776,1.12,4.87
2017.08.04 12:47:11.801,0.8775,0.8776,1.00,1.75
2017.08.04 12:47:12.303,0.87749,0.8776,1.00,3.75
2017.08.04 12:47:13.125,0.87748,0.8776,1.50,2.25
2017.08.04 12:47:13.177,0.87749,0.87758,1.00,2.25
2017.08.04 12:47:13.523,0.87753,0.87762,1.00,1.00
2017.08.04 12:47:13.981,0.8775,0.87759,1.00,1.00
2017.08.04 12:47:14.270,0.87748,0.87759,1.12,2.25
2017.08.04 12:47:16.074,0.87751,0.87759,1.00,1.50
2017.08.04 12:47:16.176,0.87749,0.8776,1.12,2.25
2017.08.04 12:47:16.703,0.87748,0.87758,1.00,1.00
2017.08.04 12:47:16.957,0.87747,0.87755,1.00,1.00
2017.08.04 12:47:17.110,0.87743,0.87753,1.00,1.12
2017.08.04 12:47:17.161,0.87743,0.87752,1.00,1.37
2017.08.04 12:47:17.515,0.87741,0.8775,1.00,3.37
2017.08.04 12:47:17.874,0.87739,0.87749,1.12,1.37
2017.08.04 12:47:17.926,0.87739,0.87746,1.12,1.00
2017.08.04 12:47:18.488,0.87741,0.8775,1.00,3.37
2017.08.04 12:47:18.590,0.87741,0.87752,1.12,3.37
2017.08.04 12:47:18.997,0.87741,0.87752,2.62,2.62
2017.08.04 12:47:19.461,0.87741,0.87752,1.00,3.37
2017.08.04 12:47:19.864,0.8774,0.87749,1.00,1.37
2017.08.04 12:47:20.168,0.87742,0.87749,1.00,1.50
2017.08.04 12:47:20.683,0.87741,0.8775,1.00,1.75
2017.08.04 12:47:21.226,0.8774,0.8775,1.00,1.75
2017.08.04 12:47:21.767,0.87739,0.8775,1.00,1.75
2017.08.04 12:47:22.174,0.87739,0.87748,1.00,2.25
2017.08.04 12:47:22.478,0.87743,0.87748,1.00,1.00
2017.08.04 12:47:23.070,0.8774,0.87751,1.12,2.62
2017.08.04 12:47:23.325,0.87739,0.87747,1.00,1.12
2017.08.04 12:47:23.427,0.87735,0.87744,1.00,1.87
2017.08.04 12:47:23.478,0.87733,0.87742,1.12,1.00
2017.08.04 12:47:23.784,0.87731,0.8774,1.00,3.00
2017.08.04 12:47:24.311,0.87729,0.87738,1.50,1.00
2017.08.04 12:47:24.413,0.87729,0.87739,1.50,2.62
2017.08.04 12:47:24.877,0.87727,0.87737,1.00,3.37
2017.08.04 12:47:24.979,0.87729,0.87737,1.00,3.37
2017.08.04 12:47:25.216,0.87732,0.87742,1.00,2.62
2017.08.04 12:47:25.571,0.8773,0.87741,1.00,1.50
2017.08.04 12:47:25.622,0.8773,0.8774,1.00,2.62
2017.08.04 12:47:25.927,0.8773,0.87741,1.12,1.50
2017.08.04 12:47:26.220,0.87732,0.8774,1.00,1.50
2017.08.04 12:47:26.322,0.87732,0.87742,1.50,1.50
2017.08.04 12:47:26.423,0.87736,0.87742,1.00,1.50
2017.08.04 12:47:26.729,0.87733,0.8774,1.00,1.00
2017.08.04 12:47:26.781,0.8773,0.8774,1.12,1.00
2017.08.04 12:47:26.883,0.87729,0.87739,1.12,2.25
2017.08.04 12:47:27.188,0.87724,0.87734,1.87,2.62
2017.08.04 12:47:27.400,0.87722,0.87731,1.87,1.00
2017.08.04 12:47:27.451,0.87722,0.87733,4.50,2.62
2017.08.04 12:47:27.604,0.87725,0.87736,1.50,2.25
2017.08.04 12:47:27.655,0.87725,0.87738,2.25,2.25
2017.08.04 12:47:27.706,0.87728,0.87738,1.00,1.50
2017.08.04 12:47:27.927,0.8773,0.87741,1.00,1.50
2017.08.04 12:47:28.132,0.8773,0.87738,1.00,1.00
2017.08.04 12:47:28.183,0.87728,0.87738,1.12,1.00
2017.08.04 12:47:29.402,0.87729,0.87738,1.00,1.00
2017.08.04 12:47:29.888,0.87728,0.87736,1.00,1.00
2017.08.04 12:47:30.092,0.87726,0.87737,1.00,3.37
2017.08.04 12:47:30.397,0.87728,0.87738,1.00,2.62
2017.08.04 12:47:30.550,0.87725,0.87736,1.12,1.50
2017.08.04 12:47:30.702,0.87727,0.87737,1.00,2.62
2017.08.04 12:47:30.855,0.87727,0.87738,1.00,1.50
2017.08.04 12:47:31.109,0.87729,0.87738,1.00,1.87
2017.08.04 12:47:31.379,0.87726,0.87737,1.87,1.50
2017.08.04 12:47:31.787,0.87724,0.87735,1.12,1.12
2017.08.04 12:47:31.990,0.87725,0.87733,1.00,1.00
2017.08.04 12:47:32.399,0.87722,0.87732,2.25,1.00
2017.08.04 12:47:32.653,0.87721,0.87732,1.87,3.37
2017.08.04 12:47:33.381,0.87722,0.87732,1.50,2.62
2017.08.04 12:47:33.535,0.87723,0.87735,2.25,2.62
2017.08.04 12:47:33.586,0.87724,0.87735,1.50,1.00
2017.08.04 12:47:33.944,0.87724,0.87732,1.00,1.00
2017.08.04 12:47:34.046,0.8772,0.8773,1.50,1.00
2017.08.04 12:47:34.249,0.87719,0.8773,1.00,1.75
2017.08.04 12:47:35.207,0.8772,0.8773,1.00,1.75
2017.08.04 12:47:35.708,0.87721,0.87731,1.00,3.37
2017.08.04 12:47:35.860,0.87722,0.87732,1.00,1.50
2017.08.04 12:47:36.013,0.87725,0.87734,1.50,2.62
2017.08.04 12:47:36.166,0.87725,0.87736,1.00,1.50
2017.08.04 12:47:36.682,0.87726,0.87735,1.50,1.12
2017.08.04 12:47:36.733,0.87726,0.87735,1.00,3.00
2017.08.04 12:47:36.987,0.87723,0.87732,1.00,1.00
2017.08.04 12:47:37.191,0.87721,0.87732,1.87,1.50
2017.08.04 12:47:37.243,0.87721,0.87731,1.87,2.25
2017.08.04 12:47:38.435,0.87721,0.87733,2.25,3.37
2017.08.04 12:47:38.869,0.87727,0.87734,1.00,1.75
2017.08.04 12:47:39.088,0.87727,0.87738,1.12,2.62
2017.08.04 12:47:39.139,0.87729,0.87737,1.00,1.00
2017.08.04 12:47:39.393,0.87729,0.87741,1.12,2.25
2017.08.04 12:47:39.547,0.87728,0.87739,1.00,2.25
2017.08.04 12:47:39.752,0.87728,0.87741,2.25,2.62
2017.08.04 12:47:40.209,0.87731,0.8774,1.00,1.00
2017.08.04 12:47:40.362,0.87732,0.87744,1.87,1.50
2017.08.04 12:47:40.768,0.87733,0.87746,3.75,3.37
2017.08.04 12:47:41.073,0.87732,0.87744,2.25,3.37
2017.08.04 12:47:41.481,0.87731,0.87744,2.25,3.37
2017.08.04 12:47:41.532,0.87733,0.87744,1.00,3.37
2017.08.04 12:47:41.703,0.87731,0.87744,2.25,3.37
2017.08.04 12:47:42.059,0.87731,0.87743,1.50,1.00
2017.08.04 12:47:42.161,0.87731,0.87744,1.50,3.37
2017.08.04 12:47:42.956,0.87732,0.87744,1.00,4.12
2017.08.04 12:47:43.160,0.87731,0.87742,1.50,1.37
2017.08.04 12:47:43.820,0.87734,0.87743,1.00,2.62
2017.08.04 12:47:43.871,0.87734,0.87742,1.00,1.00
2017.08.04 12:47:44.373,0.87733,0.87742,1.12,1.00
2017.08.04 12:47:44.576,0.8773,0.87741,1.87,1.12
2017.08.04 12:47:44.830,0.87732,0.87742,1.00,2.25
2017.08.04 12:47:45.368,0.87731,0.87742,1.00,2.25
2017.08.04 12:47:46.749,0.87729,0.87741,4.12,1.12
2017.08.04 12:47:47.257,0.87732,0.87743,1.00,3.37
2017.08.04 12:47:47.808,0.87731,0.87743,4.87,1.37
2017.08.04 12:47:49.381,0.8773,0.87741,1.50,1.00
2017.08.04 12:47:49.534,0.8773,0.87739,1.00,1.00
2017.08.04 12:47:49.863,0.87726,0.87736,2.62,1.12
2017.08.04 12:47:50.015,0.87725,0.87735,1.00,1.12
2017.08.04 12:47:50.169,0.87722,0.87733,1.12,1.37
2017.08.04 12:47:50.373,0.87716,0.87727,2.62,1.12
2017.08.04 12:47:50.424,0.87714,0.87724,2.62,1.00
2017.08.04 12:47:50.577,0.87712,0.87724,4.50,1.37
2017.08.04 12:47:50.681,0.87712,0.87724,1.87,3.37
2017.08.04 12:47:51.102,0.87714,0.87725,1.00,1.00
2017.08.04 12:47:51.669,0.87715,0.87725,1.00,1.50
2017.08.04 12:47:52.179,0.87714,0.87725,2.62,1.00
2017.08.04 12:47:52.433,0.87714,0.87725,2.25,1.00
2017.08.04 12:47:52.980,0.87715,0.87726,4.12,1.12
2017.08.04 12:47:53.540,0.87715,0.87725,3.37,1.00
2017.08.04 12:47:53.888,0.8772,0.87727,1.87,1.12
2017.08.04 12:47:54.041,0.87725,0.87733,1.87,2.62
2017.08.04 12:47:54.092,0.87725,0.87734,1.50,1.12
2017.08.04 12:47:54.296,0.87727,0.87736,1.00,1.37
2017.08.04 12:47:54.500,0.87729,0.8774,1.12,1.12
2017.08.04 12:47:54.551,0.87727,0.87738,3.75,1.00
2017.08.04 12:47:55.056,0.87726,0.87738,5.62,1.50
2017.08.04 12:47:55.527,0.87726,0.87736,2.62,1.00
2017.08.04 12:47:56.038,0.87727,0.87738,1.12,1.87
2017.08.04 12:47:56.090,0.87728,0.87738,1.00,3.00
2017.08.04 12:47:56.141,0.87726,0.87738,1.00,2.62
2017.08.04 12:47:56.194,0.87728,0.87739,2.25,3.00
2017.08.04 12:47:56.427,0.87724,0.87736,5.25,1.00
2017.08.04 12:47:57.286,0.87724,0.87736,1.75,1.12
2017.08.04 12:47:57.642,0.87723,0.87734,3.75,1.00
2017.08.04 12:47:58.173,0.87723,0.87734,1.50,1.12
2017.08.04 12:47:58.524,0.87727,0.87739,1.37,3.37
2017.08.04 12:47:59.060,0.87729,0.87739,1.00,3.30
2017.08.04 12:47:59.111,0.87729,0.8774,1.12,1.05
2017.08.04 12:47:59.853,0.87729,0.8774,1.00,1.05
2017.08.04 12:47:59.904,0.87729,0.87741,3.37,1.80
2017.08.04 12:48:00.475,0.8773,0.87739,1.50,1.00
2017.08.04 12:48:00.780,0.87731,0.87741,1.00,1.00
2017.08.04 12:48:01.305,0.87731,0.87742,1.00,1.12
2017.08.04 12:48:01.356,0.87731,0.8774,1.00,1.00
2017.08.04 12:48:01.568,0.87729,0.87743,3.37,2.25
2017.08.04 12:48:01.670,0.87729,0.8774,4.12,1.00
2017.08.04 12:48:01.722,0.87729,0.8774,2.25,1.50
2017.08.04 12:48:02.180,0.87729,0.87738,1.00,1.00
2017.08.04 12:48:02.231,0.87727,0.87738,1.12,1.12
2017.08.04 12:48:02.725,0.87731,0.87738,1.00,1.12
2017.08.04 12:48:02.929,0.87735,0.87745,1.00,1.12
2017.08.04 12:48:03.542,0.87733,0.87744,2.62,1.00
2017.08.04 12:48:03.644,0.87731,0.87741,1.37,1.00
2017.08.04 12:48:03.950,0.87735,0.87745,3.75,1.00
2017.08.04 12:48:04.672,0.87735,0.87746,3.75,1.12
2017.08.04 12:48:04.978,0.87735,0.87743,3.00,1.00
2017.08.04 12:48:05.519,0.87735,0.87744,3.00,1.00
2017.08.04 12:48:06.461,0.87733,0.87741,1.12,1.00
2017.08.04 12:48:07.004,0.87733,0.8774,1.12,1.00
2017.08.04 12:48:07.692,0.87735,0.8774,1.00,1.00
2017.08.04 12:48:07.794,0.87735,0.87743,1.00,1.12
2017.08.04 12:48:08.049,0.87737,0.87744,1.00,1.50
2017.08.04 12:48:08.396,0.87743,0.8775,1.12,2.62
2017.08.04 12:48:08.447,0.87743,0.87754,1.12,2.25
2017.08.04 12:48:08.752,0.87743,0.87754,1.12,3.37
2017.08.04 12:48:09.087,0.87745,0.87752,1.00,1.00
2017.08.04 12:48:09.392,0.87746,0.87754,1.00,1.87
2017.08.04 12:48:09.494,0.87744,0.87754,1.12,1.87
2017.08.04 12:48:09.597,0.87744,0.87751,1.00,1.00
2017.08.04 12:48:09.700,0.87739,0.8775,3.37,1.00
2017.08.04 12:48:09.751,0.87739,0.87748,1.00,1.00
2017.08.04 12:48:10.100,0.87738,0.87746,1.00,2.25
2017.08.04 12:48:10.609,0.87739,0.87748,1.12,1.50
2017.08.04 12:48:10.778,0.87738,0.87749,3.75,1.50
2017.08.04 12:48:11.139,0.87737,0.87748,1.50,1.37
2017.08.04 12:48:11.625,0.87736,0.87748,1.50,4.12
2017.08.04 12:48:12.241,0.87735,0.87746,1.87,3.00
2017.08.04 12:48:12.758,0.87735,0.87746,1.50,4.12
2017.08.04 12:48:13.257,0.87735,0.87746,2.25,1.12
2017.08.04 12:48:13.799,0.87735,0.87747,1.87,1.50
2017.08.04 12:48:14.176,0.87735,0.87746,1.87,3.37
2017.08.04 12:48:14.481,0.87737,0.87747,1.00,2.25
2017.08.04 12:48:14.737,0.87735,0.87747,1.12,1.50
2017.08.04 12:48:14.839,0.87733,0.87744,4.50,1.00
2017.08.04 12:48:15.142,0.87733,0.87743,1.50,1.37
2017.08.04 12:48:15.764,0.87734,0.87744,1.12,4.12
2017.08.04 12:48:16.312,0.87733,0.87742,1.00,1.50
2017.08.04 12:48:16.619,0.87736,0.87744,1.00,2.25
2017.08.04 12:48:17.379,0.87735,0.87744,1.00,2.25
2017.08.04 12:48:17.907,0.87736,0.87744,1.00,2.25
2017.08.04 12:48:18.359,0.87733,0.87743,1.50,2.25
2017.08.04 12:48:18.414,0.87729,0.87738,2.62,1.50
2017.08.04 12:48:18.466,0.87727,0.87736,1.12,1.37
2017.08.04 12:48:18.570,0.87724,0.87732,1.00,1.00
2017.08.04 12:48:19.083,0.87723,0.87732,1.12,1.50
2017.08.04 12:48:19.761,0.87723,0.87732,1.37,1.00
2017.08.04 12:48:21.766,0.87725,0.87733,1.00,1.50
2017.08.04 12:48:22.288,0.87727,0.87734,1.00,3.37
2017.08.04 12:48:22.391,0.87727,0.87734,1.00,1.12
2017.08.04 12:48:22.920,0.87728,0.87736,1.00,2.62
2017.08.04 12:48:23.022,0.87728,0.87738,1.00,1.50
2017.08.04 12:48:23.124,0.8773,0.87738,1.00,1.50
2017.08.04 12:48:23.226,0.8773,0.8774,1.50,1.50
2017.08.04 12:48:23.487,0.87728,0.8774,1.87,1.87
2017.08.04 12:48:23.994,0.87727,0.87738,1.50,1.37
2017.08.04 12:48:24.197,0.87725,0.87737,1.12,2.25
2017.08.04 12:48:24.299,0.87724,0.87734,1.12,1.12
2017.08.04 12:48:24.899,0.87723,0.87733,1.87,1.00
2017.08.04 12:48:25.393,0.87722,0.87731,1.12,1.50
2017.08.04 12:48:25.648,0.87719,0.8773,2.25,1.12
2017.08.04 12:48:26.181,0.8772,0.8773,1.00,1.50
2017.08.04 12:48:27.284,0.8772,0.87728,1.00,1.00
2017.08.04 12:48:27.487,0.87721,0.87731,1.12,1.50
2017.08.04 12:48:27.589,0.87724,0.87732,1.00,3.37
2017.08.04 12:48:27.640,0.87722,0.87732,1.00,3.37
2017.08.04 12:48:28.002,0.8772,0.87729,1.50,1.00
2017.08.04 12:48:28.300,0.8772,0.87727,1.00,1.00
2017.08.04 12:48:28.818,0.87718,0.87727,1.37,1.00
2017.08.04 12:48:29.305,0.87717,0.87728,1.00,3.75
2017.08.04 12:48:29.510,0.87717,0.87726,1.12,2.25
2017.08.04 12:48:29.612,0.87717,0.87727,1.50,1.50
2017.08.04 12:48:29.918,0.87719,0.87727,1.00,1.00
2017.08.04 12:48:30.125,0.87722,0.87731,1.00,1.50
2017.08.04 12:48:31.059,0.87723,0.87731,1.00,1.00
2017.08.04 12:48:31.517,0.87726,0.87732,1.00,1.12
2017.08.04 12:48:31.568,0.87724,0.87732,1.50,1.12
2017.08.04 12:48:31.619,0.87725,0.87736,1.50,1.50
2017.08.04 12:48:32.167,0.87726,0.87736,1.12,1.05
2017.08.04 12:48:32.685,0.87725,0.87736,1.87,1.05
2017.08.04 12:48:33.244,0.87725,0.87735,1.12,1.37
2017.08.04 12:48:33.397,0.87725,0.87732,1.00,1.00
2017.08.04 12:48:33.499,0.87723,0.87732,1.12,1.00
2017.08.04 12:48:34.043,0.87723,0.87731,2.62,1.00
2017.08.04 12:48:34.603,0.87724,0.87732,1.12,1.00
2017.08.04 12:48:35.246,0.87724,0.87732,1.37,1.00
2017.08.04 12:48:36.252,0.87726,0.87732,1.00,1.00
2017.08.04 12:48:36.354,0.87727,0.87734,1.00,1.00
2017.08.04 12:48:36.456,0.87727,0.87736,1.87,1.00
2017.08.04 12:48:37.644,0.87727,0.87736,1.12,1.00
2017.08.04 12:48:37.951,0.87728,0.87738,1.12,1.50
2017.08.04 12:48:38.461,0.87729,0.87737,1.00,1.00
2017.08.04 12:48:39.017,0.87728,0.87737,1.12,1.00
2017.08.04 12:48:39.526,0.87728,0.87736,1.12,1.00
2017.08.04 12:48:40.045,0.87726,0.87733,1.50,1.00
2017.08.04 12:48:40.351,0.87712,0.8772,1.87,1.00
2017.08.04 12:48:40.455,0.87712,0.87722,1.87,1.00
2017.08.04 12:48:40.767,0.87716,0.87727,1.12,1.42
2017.08.04 12:48:41.276,0.87717,0.87726,1.00,1.05
2017.08.04 12:48:41.584,0.87719,0.87726,1.00,1.12
2017.08.04 12:48:41.738,0.8772,0.8773,1.00,1.12
2017.08.04 12:48:42.575,0.87721,0.87731,1.00,2.25
2017.08.04 12:48:43.112,0.8772,0.87731,1.00,3.00
2017.08.04 12:48:43.805,0.87721,0.8773,1.00,1.12
2017.08.04 12:48:44.522,0.87719,0.8773,1.12,2.62
2017.08.04 12:48:44.725,0.87722,0.87729,1.00,1.00
2017.08.04 12:48:45.134,0.87726,0.87732,1.00,3.37
2017.08.04 12:48:45.237,0.87726,0.87733,1.00,1.12
2017.08.04 12:48:45.961,0.87723,0.87733,1.12,1.12
2017.08.04 12:48:46.460,0.87725,0.87732,1.00,1.00
2017.08.04 12:48:46.613,0.87725,0.87734,1.12,1.12
2017.08.04 12:48:46.765,0.87725,0.87736,1.12,1.87
2017.08.04 12:48:47.171,0.87728,0.87736,1.00,1.12
2017.08.04 12:48:47.415,0.87729,0.87738,1.00,1.50
2017.08.04 12:48:47.518,0.8773,0.8774,1.00,1.87
2017.08.04 12:48:47.619,0.87732,0.8774,1.00,1.00
2017.08.04 12:48:47.823,0.87732,0.87743,1.00,2.25
2017.08.04 12:48:47.925,0.87729,0.8774,1.50,1.00
2017.08.04 12:48:48.917,0.87732,0.87741,1.00,2.25
2017.08.04 12:48:49.223,0.8773,0.87741,1.00,1.87
2017.08.04 12:48:49.887,0.87729,0.8774,1.00,1.12
2017.08.04 12:48:50.243,0.87727,0.87739,1.12,1.00
2017.08.04 12:48:50.770,0.87728,0.87738,1.00,1.00
2017.08.04 12:48:51.283,0.87728,0.87737,1.00,1.87
2017.08.04 12:48:52.528,0.87726,0.87737,1.00,1.87
2017.08.04 12:48:52.580,0.87724,0.87734,1.12,1.00
2017.08.04 12:48:52.906,0.87722,0.87732,1.00,1.50
2017.08.04 12:48:53.180,0.8772,0.8773,1.00,1.50
2017.08.04 12:48:53.231,0.87718,0.87729,1.87,1.00
2017.08.04 12:48:53.333,0.87718,0.87727,1.12,1.00
2017.08.04 12:48:53.830,0.87714,0.8772,1.50,1.87
2017.08.04 12:48:53.881,0.87714,0.87723,1.50,1.00
2017.08.04 12:48:53.933,0.87714,0.8772,1.00,1.00
2017.08.04 12:48:54.453,0.87713,0.8772,1.00,1.00
2017.08.04 12:48:54.766,0.87718,0.87724,1.00,2.62
2017.08.04 12:48:54.817,0.87718,0.87726,1.00,4.12
2017.08.04 12:48:54.870,0.87718,0.87728,1.00,1.87
2017.08.04 12:48:55.283,0.8772,0.87726,1.00,1.50
2017.08.04 12:48:55.474,0.87721,0.87731,1.00,1.50
2017.08.04 12:48:55.982,0.87721,0.87731,1.00,1.00
2017.08.04 12:48:56.240,0.87721,0.87732,1.00,3.75
2017.08.04 12:48:56.776,0.8772,0.87729,1.50,1.12
2017.08.04 12:48:57.555,0.87721,0.8773,1.00,1.87
2017.08.04 12:48:58.508,0.87721,0.8773,1.00,3.00
2017.08.04 12:48:58.829,0.87722,0.87729,1.00,1.12
2017.08.04 12:48:58.881,0.87722,0.87732,1.00,1.50
2017.08.04 12:48:59.185,0.8772,0.8773,1.87,1.00
2017.08.04 12:48:59.439,0.8772,0.8773,1.00,1.87
2017.08.04 12:49:00.057,0.87717,0.87727,1.50,1.00
2017.08.04 12:49:00.414,0.87717,0.87727,1.00,1.37
2017.08.04 12:49:00.805,0.87716,0.87728,1.00,2.25
2017.08.04 12:49:01.515,0.87717,0.87728,1.00,2.25
2017.08.04 12:49:01.668,0.87719,0.8773,1.00,4.12
2017.08.04 12:49:01.871,0.8772,0.87729,1.00,1.12
2017.08.04 12:49:02.408,0.87717,0.87727,1.00,1.00
2017.08.04 12:49:02.510,0.87717,0.87726,1.00,1.50
2017.08.04 12:49:02.766,0.87715,0.87724,1.00,1.87
2017.08.04 12:49:02.818,0.87713,0.87723,1.50,1.50
2017.08.04 12:49:02.870,0.87713,0.87719,1.00,1.00
2017.08.04 12:49:02.923,0.87711,0.8772,1.00,1.37
2017.08.04 12:49:03.439,0.8771,0.87719,1.00,1.12
2017.08.04 12:49:03.541,0.87708,0.87718,1.50,1.50
2017.08.04 12:49:04.041,0.87709,0.87718,1.00,2.25
2017.08.04 12:49:05.114,0.87708,0.87716,1.00,1.12
2017.08.04 12:49:05.623,0.8771,0.87716,1.00,1.50
2017.08.04 12:49:05.928,0.87713,0.87721,1.00,1.50
2017.08.04 12:49:06.670,0.87712,0.87721,1.00,1.50
2017.08.04 12:49:06.937,0.87714,0.87722,1.00,2.25
2017.08.04 12:49:07.177,0.87712,0.87722,1.00,1.50
2017.08.04 12:49:07.583,0.87709,0.8772,1.00,1.00
2017.08.04 12:49:07.736,0.87708,0.87716,1.00,1.12
2017.08.04 12:49:08.156,0.87709,0.87717,1.00,2.62
2017.08.04 12:49:08.308,0.8771,0.87719,1.00,2.62
2017.08.04 12:49:08.716,0.87706,0.87717,1.00,2.25
2017.08.04 12:49:08.869,0.87706,0.87717,1.00,2.25
2017.08.04 12:49:09.180,0.87709,0.87721,1.50,1.87
2017.08.04 12:49:09.283,0.87712,0.87721,1.00,1.87
2017.08.04 12:49:10.594,0.87713,0.87721,1.00,1.37
2017.08.04 12:49:10.902,0.87714,0.87724,1.67,1.75
2017.08.04 12:49:11.055,0.87717,0.87725,1.00,1.00
2017.08.04 12:49:11.770,0.87715,0.87726,1.50,2.25
2017.08.04 12:49:11.873,0.87713,0.87724,1.00,1.00
2017.08.04 12:49:12.026,0.87715,0.87726,1.00,2.62
2017.08.04 12:49:12.559,0.87714,0.87725,1.00,1.50
2017.08.04 12:49:12.865,0.87704,0.87717,3.75,1.50
2017.08.04 12:49:13.007,0.87704,0.87716,1.50,1.37
2017.08.04 12:49:13.213,0.87706,0.87715,1.00,1.00
2017.08.04 12:49:13.264,0.87706,0.87717,1.50,1.12
2017.08.04 12:49:13.864,0.87709,0.87719,1.00,1.50
2017.08.04 12:49:14.067,0.87709,0.87722,1.12,1.87
2017.08.04 12:49:14.471,0.87711,0.87722,1.00,1.37
2017.08.04 12:49:14.573,0.8771,0.87722,1.00,1.00
2017.08.04 12:49:15.111,0.8771,0.87721,1.50,1.00
2017.08.04 12:49:15.790,0.87709,0.87719,1.00,1.00
2017.08.04 12:49:16.067,0.87705,0.87717,1.50,1.00
2017.08.04 12:49:16.270,0.87703,0.87716,1.12,1.12
2017.08.04 12:49:16.322,0.87703,0.87714,1.12,1.12
2017.08.04 12:49:16.628,0.87703,0.87714,1.00,2.62
2017.08.04 12:49:16.780,0.87703,0.87717,1.12,1.87
2017.08.04 12:49:17.273,0.87703,0.87717,2.62,1.12
2017.08.04 12:49:17.579,0.87702,0.87715,1.00,1.87
2017.08.04 12:49:17.883,0.87704,0.87713,1.00,1.00
2017.08.04 12:49:18.391,0.87703,0.87716,2.25,2.25
2017.08.04 12:49:18.912,0.87705,0.87715,1.00,1.50
2017.08.04 12:49:19.687,0.87706,0.87716,1.00,1.75
2017.08.04 12:49:19.943,0.87706,0.87717,1.00,1.12
2017.08.04 12:49:20.454,0.87703,0.87716,2.25,1.00
2017.08.04 12:49:20.507,0.87703,0.87717,1.12,5.62
2017.08.04 12:49:21.074,0.87704,0.87715,1.00,1.50
2017.08.04 12:49:21.378,0.87702,0.87716,1.87,1.87
2017.08.04 12:49:21.625,0.87704,0.87714,1.00,1.12
2017.08.04 12:49:21.727,0.87702,0.87714,1.12,1.50
2017.08.04 12:49:22.065,0.87701,0.87712,1.50,1.00
2017.08.04 12:49:23.281,0.877,0.87711,3.00,1.00
2017.08.04 12:49:23.536,0.877,0.87712,1.50,1.50
2017.08.04 12:49:23.832,0.87698,0.87707,1.00,1.00
2017.08.04 12:49:23.883,0.87696,0.87707,1.12,1.00
2017.08.04 12:49:24.391,0.87693,0.87704,1.87,1.12
2017.08.04 12:49:24.795,0.87688,0.87697,1.87,1.00
2017.08.04 12:49:24.847,0.87686,0.87697,1.00,1.37
2017.08.04 12:49:24.898,0.87684,0.87695,1.50,1.00
2017.08.04 12:49:25.000,0.87684,0.87693,1.00,1.37
2017.08.04 12:49:25.205,0.87679,0.87692,1.87,3.00
2017.08.04 12:49:25.747,0.8768,0.87691,1.00,1.00
2017.08.04 12:49:25.901,0.87681,0.87693,1.00,1.87
2017.08.04 12:49:26.258,0.87685,0.87694,1.00,3.37
2017.08.04 12:49:26.545,0.87687,0.87698,1.50,2.25
2017.08.04 12:49:26.596,0.87688,0.87699,1.50,1.87
2017.08.04 12:49:27.233,0.87687,0.87698,2.17,1.00
2017.08.04 12:49:27.739,0.87688,0.87697,1.42,1.00
2017.08.04 12:49:28.769,0.87687,0.87697,1.00,1.00
2017.08.04 12:49:29.176,0.87689,0.87698,1.00,1.50
2017.08.04 12:49:29.380,0.8769,0.877,1.00,1.00
2017.08.04 12:49:29.534,0.87689,0.87701,1.87,3.75
2017.08.04 12:49:29.646,0.8769,0.877,1.00,1.00
2017.08.04 12:49:29.699,0.87694,0.87704,1.00,2.62
2017.08.04 12:49:29.903,0.87696,0.87705,1.00,1.50
2017.08.04 12:49:30.005,0.87694,0.87705,1.00,1.12
2017.08.04 12:49:30.258,0.87694,0.87703,1.00,1.00
2017.08.04 12:49:30.412,0.87691,0.87702,1.00,1.50
2017.08.04 12:49:30.464,0.87691,0.877,1.00,1.50
2017.08.04 12:49:30.687,0.87686,0.87696,1.00,1.00
2017.08.04 12:49:30.738,0.87686,0.87696,1.00,3.00
2017.08.04 12:49:31.043,0.87686,0.87697,1.50,1.00
2017.08.04 12:49:31.196,0.87684,0.87696,1.50,3.37
2017.08.04 12:49:31.620,0.87686,0.87696,1.00,1.00
2017.08.04 12:49:31.977,0.87686,0.87694,1.00,1.75
2017.08.04 12:49:32.284,0.87676,0.87683,2.62,1.12
2017.08.04 12:49:32.428,0.87671,0.87683,1.00,2.62
2017.08.04 12:49:32.743,0.87671,0.87683,3.00,2.62
2017.08.04 12:49:32.947,0.87674,0.87685,1.50,3.00
2017.08.04 12:49:33.049,0.87674,0.87685,1.87,1.00
2017.08.04 12:49:33.385,0.87674,0.87687,1.12,1.50
2017.08.04 12:49:33.784,0.87673,0.87685,1.50,1.00
2017.08.04 12:49:34.091,0.87667,0.87679,1.50,1.50
2017.08.04 12:49:34.429,0.87666,0.87677,1.12,1.00
2017.08.04 12:49:34.887,0.87668,0.87677,1.00,1.00
2017.08.04 12:49:35.229,0.87672,0.87684,3.00,5.25
2017.08.04 12:49:35.331,0.87672,0.87684,1.37,1.37
2017.08.04 12:49:35.585,0.87673,0.87683,2.62,1.12
2017.08.04 12:49:35.789,0.87674,0.87685,1.12,1.00
2017.08.04 12:49:36.335,0.87674,0.87686,1.00,3.37
2017.08.04 12:49:36.438,0.87675,0.87688,1.00,6.00
2017.08.04 12:49:36.908,0.87673,0.87685,1.87,1.00
2017.08.04 12:49:37.061,0.87673,0.87685,1.00,1.87
2017.08.04 12:49:37.366,0.87677,0.87687,1.00,2.25
2017.08.04 12:49:37.419,0.87677,0.87689,1.00,2.25
2017.08.04 12:49:37.958,0.87674,0.87686,1.12,1.00
2017.08.04 12:49:38.161,0.87673,0.87686,1.50,4.87
2017.08.04 12:49:38.377,0.87673,0.87686,1.50,1.50
2017.08.04 12:49:38.480,0.87675,0.87686,1.37,1.12
2017.08.04 12:49:38.988,0.87674,0.87687,2.25,1.12
2017.08.04 12:49:39.399,0.87674,0.87686,1.12,1.00
2017.08.04 12:49:39.757,0.87673,0.87686,1.00,4.50
2017.08.04 12:49:41.582,0.87672,0.87685,1.50,2.25
2017.08.04 12:49:41.887,0.87669,0.8768,1.50,1.50
2017.08.04 12:49:42.229,0.87672,0.87682,1.50,2.62
2017.08.04 12:49:42.331,0.87674,0.87685,1.00,1.37
2017.08.04 12:49:43.347,0.87673,0.87685,1.50,1.50
2017.08.04 12:49:44.036,0.87674,0.87686,1.00,1.75
2017.08.04 12:49:44.749,0.87675,0.87687,1.87,1.87
2017.08.04 12:49:44.800,0.87675,0.87685,1.00,1.75
2017.08.04 12:49:45.105,0.87673,0.87682,1.00,1.50
2017.08.04 12:49:45.308,0.87674,0.87684,1.00,1.50
2017.08.04 12:49:45.761,0.87676,0.87686,1.00,3.37
2017.08.04 12:49:45.814,0.87677,0.87687,1.00,1.50
2017.08.04 12:49:45.968,0.87676,0.87685,1.00,1.37
2017.08.04 12:49:46.071,0.87674,0.87685,1.00,1.50
2017.08.04 12:49:46.538,0.87672,0.87683,1.00,1.00
2017.08.04 12:49:47.068,0.87673,0.87683,1.00,1.50
2017.08.04 12:49:47.603,0.87674,0.87683,1.00,1.50
2017.08.04 12:49:48.190,0.87676,0.87684,1.00,2.62
2017.08.04 12:49:48.445,0.87674,0.87687,2.25,1.87
2017.08.04 12:49:48.601,0.87674,0.87687,1.12,3.37
2017.08.04 12:49:49.183,0.87675,0.87686,1.00,1.37
2017.08.04 12:49:49.684,0.87674,0.87686,1.12,1.50
2017.08.04 12:49:49.989,0.87674,0.87686,1.00,4.50
2017.08.04 12:49:50.395,0.87674,0.87686,1.00,1.87
2017.08.04 12:49:50.599,0.87672,0.87683,1.50,1.00
2017.08.04 12:49:50.751,0.87669,0.87681,3.37,1.50
2017.08.04 12:49:50.853,0.87671,0.87681,1.00,1.50
2017.08.04 12:49:51.159,0.87673,0.87685,1.50,1.12
2017.08.04 12:49:51.681,0.87674,0.87686,1.00,2.62
2017.08.04 12:49:52.384,0.87677,0.87685,1.00,1.12
2017.08.04 12:49:52.537,0.87677,0.87687,1.00,1.12
2017.08.04 12:49:53.083,0.87678,0.87688,1.00,1.12
2017.08.04 12:49:53.586,0.87678,0.8769,1.00,1.87
2017.08.04 12:49:54.097,0.87678,0.87688,1.00,1.00
2017.08.04 12:49:54.647,0.87679,0.87689,1.00,1.50
2017.08.04 12:49:55.157,0.87678,0.8769,1.12,1.00
2017.08.04 12:49:56.144,0.87679,0.87691,1.00,1.87
2017.08.04 12:49:56.523,0.87683,0.8769,1.87,1.00
2017.08.04 12:49:56.625,0.87683,0.87694,1.50,3.37
2017.08.04 12:49:56.676,0.87683,0.87695,1.50,1.50
2017.08.04 12:49:57.190,0.8768,0.87688,3.37,1.00
2017.08.04 12:49:57.444,0.87673,0.87682,1.25,3.37
2017.08.04 12:49:57.496,0.8767,0.87681,1.37,1.50
2017.08.04 12:49:57.600,0.87669,0.87679,1.00,1.87
2017.08.04 12:49:57.753,0.87665,0.87675,1.12,1.50
2017.08.04 12:49:57.855,0.87662,0.87675,1.12,1.12
2017.08.04 12:49:58.358,0.87661,0.87674,1.50,1.50
2017.08.04 12:49:58.817,0.87664,0.87675,1.00,1.12
2017.08.04 12:49:59.149,0.87663,0.87673,1.50,1.00
2017.08.04 12:49:59.353,0.8766,0.87673,1.37,1.37
2017.08.04 12:49:59.860,0.8766,0.87671,1.37,1.00
2017.08.04 12:50:00.028,0.87658,0.87668,1.12,1.00
2017.08.04 12:50:00.080,0.87656,0.87668,1.00,1.00
2017.08.04 12:50:00.132,0.87657,0.87667,1.00,1.87
2017.08.04 12:50:00.389,0.87652,0.87664,1.00,1.12
2017.08.04 12:50:00.544,0.87654,0.87667,1.00,5.25
2017.08.04 12:50:00.646,0.87656,0.87667,1.50,1.00
2017.08.04 12:50:00.744,0.87656,0.8767,4.12,2.25
2017.08.04 12:50:00.795,0.8766,0.87673,1.87,1.12
2017.08.04 12:50:00.846,0.87661,0.87674,1.87,1.50
2017.08.04 12:50:01.355,0.87661,0.87674,1.50,2.25
2017.08.04 12:50:01.815,0.87659,0.87672,4.50,1.00
2017.08.04 12:50:02.070,0.87662,0.87674,1.00,2.25
2017.08.04 12:50:02.123,0.87662,0.87674,1.87,1.00
2017.08.04 12:50:02.569,0.87664,0.87678,2.25,1.87
2017.08.04 12:50:02.773,0.87667,0.87677,1.00,1.12
2017.08.04 12:50:02.875,0.87665,0.87677,1.00,1.87
2017.08.04 12:50:02.976,0.87667,0.8768,1.00,3.75
2017.08.04 12:50:03.373,0.87666,0.87677,1.00,1.50
2017.08.04 12:50:03.678,0.87664,0.87678,1.87,1.75
2017.08.04 12:50:03.780,0.87662,0.87673,4.12,1.12
2017.08.04 12:50:03.882,0.8766,0.87672,1.00,1.12
2017.08.04 12:50:03.933,0.87661,0.87674,1.37,2.25
2017.08.04 12:50:04.321,0.87661,0.87673,1.00,1.87
2017.08.04 12:50:04.628,0.8767,0.87677,1.12,2.25
2017.08.04 12:50:04.679,0.8767,0.87683,3.00,5.06
2017.08.04 12:50:04.785,0.87672,0.87683,1.12,1.00
2017.08.04 12:50:05.144,0.87671,0.87682,1.00,1.37
2017.08.04 12:50:05.449,0.87667,0.87677,1.50,1.00
2017.08.04 12:50:05.755,0.87672,0.87684,1.50,1.50
2017.08.04 12:50:06.158,0.87673,0.87687,2.25,3.37
2017.08.04 12:50:07.217,0.87676,0.87686,1.00,1.50
2017.08.04 12:50:07.936,0.87675,0.87686,1.00,1.50
2017.08.04 12:50:08.247,0.87677,0.87686,1.00,1.50
2017.08.04 12:50:08.502,0.87676,0.8769,3.37,4.87
2017.08.04 12:50:09.366,0.87675,0.87687,1.37,3.37
2017.08.04 12:50:09.547,0.87675,0.87687,1.87,1.00
2017.08.04 12:50:10.376,0.87675,0.87686,1.75,1.00
2017.08.04 12:50:10.571,0.87674,0.87684,2.62,1.00
2017.08.04 12:50:10.623,0.87672,0.87683,1.50,1.00
2017.08.04 12:50:10.725,0.87671,0.87681,2.62,1.00
2017.08.04 12:50:10.827,0.87671,0.87683,4.50,1.00
2017.08.04 12:50:10.878,0.87672,0.87683,1.00,2.62
2017.08.04 12:50:10.980,0.87672,0.87684,1.12,1.50
2017.08.04 12:50:11.357,0.8767,0.87682,1.50,1.37
2017.08.04 12:50:11.864,0.87668,0.87682,4.50,1.75
2017.08.04 12:50:12.172,0.87671,0.87684,1.50,1.87
2017.08.04 12:50:12.700,0.87672,0.87686,3.75,2.62
2017.08.04 12:50:13.403,0.87672,0.87683,1.00,1.00
2017.08.04 12:50:13.827,0.87673,0.87685,2.25,1.12
2017.08.04 12:50:14.223,0.87672,0.87684,1.50,1.50
2017.08.04 12:50:14.325,0.87671,0.87684,1.87,4.12
2017.08.04 12:50:15.260,0.87672,0.87684,1.00,4.12
2017.08.04 12:50:15.835,0.8767,0.87684,2.25,4.12
2017.08.04 12:50:17.216,0.8767,0.87682,1.00,3.37
2017.08.04 12:50:17.521,0.87666,0.87675,2.62,1.00
2017.08.04 12:50:17.623,0.87665,0.87675,1.00,3.37
2017.08.04 12:50:17.989,0.87665,0.87676,1.12,1.50
2017.08.04 12:50:18.137,0.87663,0.87675,1.50,2.62
2017.08.04 12:50:18.647,0.87662,0.87675,1.12,2.62
2017.08.04 12:50:18.989,0.87664,0.87674,1.00,1.50
2017.08.04 12:50:19.091,0.87665,0.87675,1.00,1.12
2017.08.04 12:50:19.194,0.87664,0.87675,1.00,3.75
2017.08.04 12:50:19.297,0.87662,0.87673,1.50,1.50
2017.08.04 12:50:19.943,0.87661,0.87673,1.12,1.50
2017.08.04 12:50:20.649,0.87663,0.87674,1.00,4.12
2017.08.04 12:50:20.863,0.87664,0.87677,1.00,5.25
2017.08.04 12:50:21.219,0.87669,0.87677,1.00,1.75
2017.08.04 12:50:21.321,0.87671,0.87679,1.87,1.00
2017.08.04 12:50:21.373,0.87671,0.87683,1.87,4.12
2017.08.04 12:50:21.981,0.87672,0.87682,1.00,1.50
2017.08.04 12:50:22.084,0.87674,0.87682,1.00,1.50
2017.08.04 12:50:22.411,0.87674,0.87682,1.75,1.50
2017.08.04 12:50:22.712,0.87679,0.87686,1.75,2.62
2017.08.04 12:50:22.814,0.87681,0.8769,1.50,4.12
2017.08.04 12:50:23.231,0.8768,0.87688,1.00,1.12
2017.08.04 12:50:23.384,0.87677,0.87688,2.25,1.87
2017.08.04 12:50:23.435,0.87677,0.87685,1.87,1.00
2017.08.04 12:50:23.780,0.8768,0.8769,1.50,1.50
2017.08.04 12:50:24.294,0.87678,0.8769,1.87,1.50
2017.08.04 12:50:25.087,0.87678,0.87688,5.62,1.00
2017.08.04 12:50:25.634,0.87679,0.87689,2.25,1.12
2017.08.04 12:50:25.984,0.87683,0.87692,1.75,2.62
2017.08.04 12:50:26.239,0.87683,0.87693,2.25,1.00
2017.08.04 12:50:26.341,0.87682,0.87693,1.75,3.37
2017.08.04 12:50:26.394,0.8768,0.87691,1.87,1.12
2017.08.04 12:50:26.547,0.8768,0.87688,1.37,1.00
2017.08.04 12:50:27.168,0.87678,0.87689,1.12,1.12
2017.08.04 12:50:27.473,0.87676,0.87689,5.62,3.37
2017.08.04 12:50:27.798,0.87679,0.8769,1.12,3.37
2017.08.04 12:50:28.336,0.87679,0.87689,1.12,1.37
2017.08.04 12:50:28.662,0.87681,0.87694,2.62,3.37
2017.08.04 12:50:28.830,0.87682,0.87694,1.12,1.50
2017.08.04 12:50:29.582,0.87682,0.87695,5.62,4.12
2017.08.04 12:50:29.740,0.87682,0.87693,1.87,1.12
2017.08.04 12:50:29.791,0.87682,0.87691,1.82,1.00
2017.08.04 12:50:30.105,0.87681,0.87688,1.00,1.00
2017.08.04 12:50:30.207,0.87679,0.87688,1.00,1.00
2017.08.04 12:50:30.258,0.87678,0.87688,1.00,3.37
2017.08.04 12:50:30.948,0.87676,0.87688,1.75,2.62
2017.08.04 12:50:31.456,0.87677,0.87687,3.00,1.00
2017.08.04 12:50:33.823,0.8768,0.87687,1.12,1.00
2017.08.04 12:50:34.078,0.87683,0.87692,1.12,1.50
2017.08.04 12:50:34.129,0.87685,0.87693,1.50,3.37
2017.08.04 12:50:34.395,0.87684,0.87694,1.75,1.50
2017.08.04 12:50:34.810,0.87685,0.87695,1.00,1.00
2017.08.04 12:50:34.912,0.87683,0.87694,1.87,1.50
2017.08.04 12:50:35.270,0.87683,0.87694,1.12,3.37
2017.08.04 12:50:35.473,0.87683,0.87692,1.82,3.37
2017.08.04 12:50:35.576,0.87685,0.87694,1.50,1.00
2017.08.04 12:50:35.992,0.87688,0.87694,1.00,1.00
2017.08.04 12:50:36.289,0.87691,0.877,1.50,1.00
2017.08.04 12:50:36.825,0.87691,0.87701,1.50,1.12
2017.08.04 12:50:37.360,0.87693,0.87701,1.00,1.12
2017.08.04 12:50:37.868,0.87692,0.87702,1.50,2.62
2017.08.04 12:50:38.819,0.8769,0.87698,1.87,1.00
2017.08.04 12:50:39.023,0.87688,0.87698,1.87,1.37
2017.08.04 12:50:39.533,0.87686,0.87698,2.25,3.37
2017.08.04 12:50:39.899,0.87687,0.87699,2.95,2.25
2017.08.04 12:50:40.001,0.87691,0.87699,1.50,1.50
2017.08.04 12:50:40.301,0.87693,0.87702,1.82,1.12
2017.08.04 12:50:40.809,0.87693,0.87703,1.12,4.12
2017.08.04 12:50:41.457,0.87692,0.87702,1.12,1.50
2017.08.04 12:50:41.661,0.87693,0.87703,3.00,3.37
2017.08.04 12:50:41.865,0.87696,0.87707,1.50,3.75
2017.08.04 12:50:41.916,0.87695,0.87703,1.50,1.00
2017.08.04 12:50:42.221,0.87695,0.87702,1.00,2.62
2017.08.04 12:50:42.423,0.87695,0.87703,1.00,1.50
2017.08.04 12:50:42.883,0.87697,0.87704,1.00,1.75
2017.08.04 12:50:43.126,0.87696,0.87704,1.12,1.87
2017.08.04 12:50:43.230,0.87694,0.87702,2.25,1.12
2017.08.04 12:50:43.535,0.87695,0.87704,1.75,1.75
2017.08.04 12:50:43.638,0.87696,0.87706,3.00,2.62
2017.08.04 12:50:43.741,0.87701,0.87705,1.87,1.00
2017.08.04 12:50:43.931,0.87703,0.87712,2.25,2.62
2017.08.04 12:50:44.034,0.87704,0.87714,1.00,1.00
2017.08.04 12:50:44.085,0.87704,0.87714,1.12,1.12
2017.08.04 12:50:44.637,0.87704,0.87711,1.50,1.00
2017.08.04 12:50:44.842,0.87701,0.8771,1.00,1.50
2017.08.04 12:50:45.147,0.87702,0.87712,1.12,1.00
2017.08.04 12:50:45.198,0.87702,0.87712,1.75,1.00
2017.08.04 12:50:45.495,0.877,0.8771,1.50,1.00
2017.08.04 12:50:45.598,0.877,0.87712,2.62,1.00
2017.08.04 12:50:46.057,0.877,0.8771,1.75,1.00
2017.08.04 12:50:46.388,0.87705,0.87713,1.00,1.37
2017.08.04 12:50:46.439,0.87705,0.87714,2.25,1.00
2017.08.04 12:50:46.642,0.87705,0.87716,5.25,1.00
2017.08.04 12:50:46.797,0.87704,0.87715,3.37,1.00
2017.08.04 12:50:47.339,0.87706,0.87718,1.37,1.37
2017.08.04 12:50:47.745,0.87706,0.87719,2.62,1.12
2017.08.04 12:50:48.036,0.87712,0.87721,1.00,3.37
2017.08.04 12:50:48.241,0.87715,0.87725,2.25,1.00
2017.08.04 12:50:48.770,0.87715,0.87723,2.62,1.00
2017.08.04 12:50:48.926,0.87712,0.87723,3.37,1.00
2017.08.04 12:50:49.431,0.87712,0.87723,1.50,1.00
2017.08.04 12:50:50.474,0.87711,0.87722,3.37,1.00
2017.08.04 12:50:50.576,0.87711,0.87718,2.62,1.00
2017.08.04 12:50:50.628,0.87711,0.87718,1.50,1.12
2017.08.04 12:50:50.679,0.8771,0.87716,2.62,1.50
2017.08.04 12:50:50.833,0.87704,0.87712,2.62,1.50
2017.08.04 12:50:51.029,0.87699,0.8771,1.50,1.00
2017.08.04 12:50:51.233,0.87701,0.87713,1.50,3.37
2017.08.04 12:50:51.762,0.87701,0.87712,1.87,1.50
2017.08.04 12:50:52.271,0.877,0.87711,1.50,1.00
2017.08.04 12:50:52.659,0.87703,0.87712,1.00,1.00
2017.08.04 12:50:52.916,0.87708,0.87722,1.87,4.12
2017.08.04 12:50:53.018,0.87708,0.87718,1.50,1.00
2017.08.04 12:50:53.121,0.87706,0.87717,1.50,1.50
2017.08.04 12:50:53.630,0.87706,0.87717,1.00,1.00
2017.08.04 12:50:53.833,0.87705,0.87716,1.37,1.37
2017.08.04 12:50:54.059,0.87704,0.87715,1.87,1.12
2017.08.04 12:50:54.585,0.87704,0.87716,1.87,1.50
2017.08.04 12:50:54.967,0.87703,0.87712,1.00,1.00
2017.08.04 12:50:55.426,0.87705,0.87715,1.00,2.62
2017.08.04 12:50:55.653,0.87704,0.87717,3.75,1.87
2017.08.04 12:50:55.755,0.87705,0.87717,1.12,1.75
2017.08.04 12:50:56.062,0.87709,0.8772,1.00,2.62
2017.08.04 12:50:56.164,0.87709,0.87721,1.37,1.50
2017.08.04 12:50:56.567,0.87709,0.87723,4.50,2.25
2017.08.04 12:50:56.723,0.87709,0.87721,3.37,1.37
2017.08.04 12:50:56.774,0.87709,0.87722,2.25,3.37
2017.08.04 12:50:56.825,0.8771,0.87722,1.37,4.12
2017.08.04 12:50:56.877,0.87711,0.87722,1.00,1.50
2017.08.04 12:50:57.369,0.8771,0.87722,1.00,4.12
2017.08.04 12:50:57.690,0.87712,0.87722,1.00,1.00
2017.08.04 12:50:58.522,0.8771,0.87722,2.62,1.50
2017.08.04 12:50:58.863,0.87709,0.8772,2.25,1.37
2017.08.04 12:51:00.062,0.87707,0.87719,1.87,1.37
2017.08.04 12:51:00.216,0.87706,0.87718,1.37,3.37
2017.08.04 12:51:00.267,0.87705,0.87717,1.00,2.62
2017.08.04 12:51:00.800,0.87702,0.87714,1.12,1.50
2017.08.04 12:51:00.954,0.87702,0.87712,1.00,1.50
2017.08.04 12:51:01.313,0.87701,0.87711,1.37,2.25
2017.08.04 12:51:01.495,0.87704,0.87715,1.37,2.25
2017.08.04 12:51:01.598,0.87704,0.87718,4.87,2.25
2017.08.04 12:51:02.213,0.87704,0.87716,2.25,1.37
2017.08.04 12:51:02.264,0.87703,0.87715,1.50,1.50
2017.08.04 12:51:02.478,0.877,0.87713,3.75,1.12
2017.08.04 12:51:02.580,0.877,0.87713,1.50,3.37
2017.08.04 12:51:02.888,0.87702,0.87714,1.00,1.50
2017.08.04 12:51:02.941,0.87702,0.87714,3.00,1.37
2017.08.04 12:51:03.096,0.87703,0.87715,2.62,1.87
2017.08.04 12:51:03.301,0.87703,0.87715,1.00,4.12
2017.08.04 12:51:03.609,0.87698,0.87713,3.75,3.37
2017.08.04 12:51:03.983,0.87701,0.87713,2.62,1.37
2017.08.04 12:51:04.495,0.877,0.87712,1.12,2.25
2017.08.04 12:51:04.703,0.87701,0.87714,1.50,2.62
2017.08.04 12:51:05.011,0.877,0.87711,2.25,1.00
2017.08.04 12:51:05.113,0.87699,0.8771,1.87,1.50
2017.08.04 12:51:05.238,0.87699,0.8771,4.12,1.12
2017.08.04 12:51:05.768,0.877,0.87711,1.50,1.50
2017.08.04 12:51:06.158,0.87702,0.87711,1.00,1.00
2017.08.04 12:51:06.468,0.87703,0.87714,1.37,3.37
2017.08.04 12:51:07.806,0.87704,0.87715,1.12,1.87
2017.08.04 12:51:08.216,0.87707,0.87717,1.00,2.25
2017.08.04 12:51:08.420,0.8771,0.8772,1.00,1.12
2017.08.04 12:51:08.722,0.8771,0.87719,1.50,2.25
2017.08.04 12:51:08.930,0.87712,0.87722,1.50,1.37
2017.08.04 12:51:09.350,0.8771,0.87719,4.12,3.22
2017.08.04 12:51:09.556,0.877,0.8771,2.25,1.00
2017.08.04 12:51:09.660,0.87697,0.8771,1.50,1.75
2017.08.04 12:51:09.967,0.877,0.87709,1.00,1.50
2017.08.04 12:51:10.134,0.87697,0.87709,1.87,1.12
2017.08.04 12:51:10.641,0.87699,0.8771,1.12,1.37
2017.08.04 12:51:10.744,0.87699,0.8771,4.12,1.12
2017.08.04 12:51:11.033,0.87699,0.87709,1.00,1.50
2017.08.04 12:51:11.541,0.87698,0.8771,4.87,1.00
2017.08.04 12:51:11.592,0.87698,0.87708,3.37,1.00
2017.08.04 12:51:11.744,0.87696,0.87708,3.37,1.87
2017.08.04 12:51:12.239,0.87699,0.87711,1.50,1.12
2017.08.04 12:51:12.633,0.87699,0.87709,1.37,1.12
2017.08.04 12:51:12.975,0.87702,0.8771,1.00,1.37
2017.08.04 12:51:13.027,0.87702,0.87712,1.50,3.37
2017.08.04 12:51:13.129,0.87704,0.87712,1.00,2.62
2017.08.04 12:51:13.333,0.87705,0.87714,1.00,2.62
2017.08.04 12:51:13.789,0.87707,0.87714,1.00,2.62
2017.08.04 12:51:13.942,0.8771,0.87719,1.00,1.50
2017.08.04 12:51:14.096,0.87712,0.8772,1.12,3.37
2017.08.04 12:51:14.242,0.87714,0.87724,1.00,2.62
2017.08.04 12:51:14.634,0.87715,0.87725,1.87,1.12
2017.08.04 12:51:14.837,0.87717,0.87727,1.00,1.75
2017.08.04 12:51:15.192,0.87721,0.87728,1.00,2.25
2017.08.04 12:51:15.244,0.87721,0.8773,1.00,1.37
2017.08.04 12:51:15.410,0.87722,0.87732,1.00,1.50
2017.08.04 12:51:15.717,0.87724,0.87732,1.00,2.25
2017.08.04 12:51:16.023,0.8772,0.87729,2.25,1.37
2017.08.04 12:51:16.144,0.87719,0.87729,1.12,1.12
2017.08.04 12:51:16.196,0.8772,0.87728,1.00,1.50
2017.08.04 12:51:16.348,0.8772,0.87731,1.37,1.37
2017.08.04 12:51:16.399,0.87723,0.87732,1.00,3.37
2017.08.04 12:51:16.450,0.87723,0.87732,1.12,1.12
2017.08.04 12:51:16.553,0.87723,0.87734,1.50,1.50
2017.08.04 12:51:17.088,0.87725,0.87735,1.00,1.12
2017.08.04 12:51:17.547,0.87726,0.87733,1.12,1.00
2017.08.04 12:51:18.076,0.87723,0.87734,1.50,1.87
2017.08.04 12:51:19.001,0.87726,0.87734,1.00,1.00
2017.08.04 12:51:19.510,0.87724,0.87735,4.12,1.00
2017.08.04 12:51:19.854,0.87727,0.87737,1.50,1.50
2017.08.04 12:51:20.160,0.87724,0.87735,2.25,1.00
2017.08.04 12:51:20.710,0.87725,0.87736,2.25,1.12
2017.08.04 12:51:21.034,0.87724,0.87734,1.50,1.50
2017.08.04 12:51:21.555,0.87724,0.87734,1.50,1.00
2017.08.04 12:51:22.013,0.87724,0.87731,1.87,1.00
2017.08.04 12:51:22.066,0.87724,0.87733,1.12,1.00
2017.08.04 12:51:22.117,0.87722,0.87731,3.75,1.00
2017.08.04 12:51:22.260,0.87725,0.87734,1.37,1.12
2017.08.04 12:51:22.669,0.87724,0.87734,1.00,1.00
2017.08.04 12:51:23.190,0.87724,0.87734,1.50,1.67
2017.08.04 12:51:23.394,0.87722,0.87728,2.25,1.00
2017.08.04 12:51:23.599,0.87717,0.87727,2.25,2.55
2017.08.04 12:51:23.786,0.87713,0.87724,1.50,1.05
2017.08.04 12:51:23.888,0.87714,0.87724,3.37,1.05
2017.08.04 12:51:24.041,0.87715,0.87726,2.62,1.50
2017.08.04 12:51:24.092,0.87715,0.87726,1.00,1.87
2017.08.04 12:51:24.245,0.87717,0.87726,1.00,1.50
2017.08.04 12:51:24.551,0.87719,0.8773,3.37,1.12
2017.08.04 12:51:24.877,0.87719,0.87728,3.37,1.00
2017.08.04 12:51:25.081,0.87719,0.87728,1.00,1.00
2017.08.04 12:51:25.439,0.87719,0.8773,1.50,1.87
2017.08.04 12:51:25.958,0.87719,0.87729,2.25,1.00
2017.08.04 12:51:26.466,0.87721,0.87729,1.12,1.00
2017.08.04 12:51:26.996,0.87719,0.8773,3.37,1.00
2017.08.04 12:51:27.687,0.87724,0.8773,1.00,1.00
2017.08.04 12:51:27.912,0.87726,0.87738,4.87,1.00
2017.08.04 12:51:28.457,0.87728,0.87739,1.12,1.87
2017.08.04 12:51:28.966,0.87729,0.8774,1.00,3.00
2017.08.04 12:51:29.118,0.87731,0.8774,1.00,1.50
2017.08.04 12:51:29.322,0.87734,0.87745,1.50,1.50
2017.08.04 12:51:29.941,0.87736,0.87745,1.00,1.50
2017.08.04 12:51:30.145,0.87734,0.87745,2.25,1.87
2017.08.04 12:51:30.664,0.87734,0.87744,1.00,1.00
2017.08.04 12:51:31.754,0.87734,0.87744,1.12,1.37
2017.08.04 12:51:31.944,0.87731,0.87738,2.25,1.00
2017.08.04 12:51:31.996,0.87728,0.87738,1.12,1.37
2017.08.04 12:51:32.316,0.87726,0.87735,2.62,1.00
2017.08.04 12:51:32.420,0.87726,0.87738,1.50,2.62
2017.08.04 12:51:32.601,0.87728,0.87738,2.62,1.00
2017.08.04 12:51:32.956,0.87728,0.87736,2.25,1.00
2017.08.04 12:51:33.109,0.87724,0.87734,1.50,1.12
2017.08.04 12:51:33.212,0.87724,0.87734,1.00,3.37
2017.08.04 12:51:33.330,0.87726,0.87737,1.50,1.00
2017.08.04 12:51:33.433,0.87726,0.87738,4.12,1.87
2017.08.04 12:51:33.841,0.87725,0.87737,1.50,1.12
2017.08.04 12:51:34.143,0.87728,0.87739,1.00,4.12
2017.08.04 12:51:34.245,0.87729,0.87741,2.62,3.37
2017.08.04 12:51:34.450,0.87732,0.87743,1.12,3.75
2017.08.04 12:51:34.603,0.87732,0.87743,1.37,2.62
2017.08.04 12:51:35.252,0.87731,0.87742,1.75,1.00
2017.08.04 12:51:35.507,0.87731,0.87741,1.50,1.87
2017.08.04 12:51:36.038,0.87731,0.87743,1.50,1.12
2017.08.04 12:51:36.252,0.87731,0.87741,1.50,1.00
2017.08.04 12:51:36.768,0.87731,0.87741,1.12,1.00
2017.08.04 12:51:37.125,0.87731,0.87743,1.37,1.50
2017.08.04 12:51:37.658,0.87734,0.87743,2.62,1.00
2017.08.04 12:51:37.760,0.87732,0.87743,1.12,1.87
2017.08.04 12:51:37.863,0.8773,0.8774,3.37,1.00
2017.08.04 12:51:37.965,0.87732,0.87744,1.12,1.50
2017.08.04 12:51:38.372,0.87734,0.87745,1.00,1.75
2017.08.04 12:51:38.671,0.87735,0.87747,1.50,2.25
2017.08.04 12:51:39.250,0.87734,0.87747,4.12,1.87
2017.08.04 12:51:40.216,0.87735,0.87745,1.50,1.00
2017.08.04 12:51:40.730,0.87734,0.87743,3.37,1.00
2017.08.04 12:51:40.884,0.87734,0.87744,1.00,1.00
2017.08.04 12:51:41.040,0.87734,0.87745,2.62,1.50
2017.08.04 12:51:41.348,0.87731,0.87743,2.62,1.37
2017.08.04 12:51:41.866,0.87731,0.8774,2.62,1.00
2017.08.04 12:51:41.969,0.87731,0.8774,1.00,1.00
2017.08.04 12:51:42.072,0.87728,0.8774,2.25,1.87
2017.08.04 12:51:43.385,0.8773,0.87742,1.00,4.87
2017.08.04 12:51:43.921,0.87729,0.87742,1.87,4.87
2017.08.04 12:51:44.643,0.87729,0.8774,4.50,1.00
2017.08.04 12:51:45.190,0.87729,0.87739,4.12,1.00
2017.08.04 12:51:45.503,0.87729,0.87741,4.12,1.00
2017.08.04 12:51:46.047,0.8773,0.87742,1.50,1.87
2017.08.04 12:51:46.579,0.87729,0.87741,4.87,1.00
2017.08.04 12:51:46.630,0.87729,0.87738,4.87,1.00
2017.08.04 12:51:46.885,0.87729,0.8774,2.25,1.12
2017.08.04 12:51:47.083,0.87731,0.87741,1.50,1.50
2017.08.04 12:51:47.591,0.87732,0.87742,1.00,4.12
2017.08.04 12:51:47.956,0.87728,0.8774,2.25,2.25
2017.08.04 12:51:48.060,0.8773,0.87741,1.00,1.50
2017.08.04 12:51:48.367,0.87731,0.87742,4.12,1.12
2017.08.04 12:51:48.888,0.8773,0.87742,2.25,2.25
2017.08.04 12:51:50.216,0.87732,0.87743,1.00,1.75
2017.08.04 12:51:50.268,0.87737,0.87745,1.00,2.62
2017.08.04 12:51:50.371,0.8774,0.87749,1.00,1.00
2017.08.04 12:51:50.473,0.8774,0.87749,2.62,1.50
2017.08.04 12:51:50.575,0.87735,0.87747,3.37,1.12
2017.08.04 12:51:50.678,0.87735,0.87745,1.50,1.00
2017.08.04 12:51:51.060,0.87734,0.87745,1.00,3.37
2017.08.04 12:51:51.213,0.87732,0.87745,3.37,1.12
2017.08.04 12:51:51.890,0.87732,0.87745,1.12,3.37
2017.08.04 12:51:52.210,0.87731,0.87741,1.00,1.50
2017.08.04 12:51:52.369,0.87729,0.87741,2.62,1.50
2017.08.04 12:51:52.728,0.87731,0.87742,1.00,2.62
2017.08.04 12:51:52.779,0.87731,0.87743,1.87,1.50
2017.08.04 12:51:52.978,0.87731,0.87741,1.00,2.62
2017.08.04 12:51:53.385,0.8773,0.87743,1.50,1.50
2017.08.04 12:51:53.487,0.8773,0.87742,1.00,2.62
2017.08.04 12:51:54.085,0.87729,0.87742,1.87,2.62
2017.08.04 12:51:54.510,0.87729,0.87738,1.12,1.00
2017.08.04 12:51:55.024,0.87728,0.8774,1.00,2.62
2017.08.04 12:51:55.401,0.8773,0.8774,1.00,2.62
2017.08.04 12:51:55.793,0.87732,0.87743,2.25,1.75
2017.08.04 12:51:55.901,0.87734,0.87743,1.00,1.75
2017.08.04 12:51:56.207,0.87732,0.87737,1.12,1.50
2017.08.04 12:51:56.310,0.87726,0.87735,1.00,1.50
2017.08.04 12:51:56.413,0.87724,0.87733,1.00,1.00
2017.08.04 12:51:56.730,0.87724,0.87733,1.00,3.37
2017.08.04 12:51:57.035,0.87726,0.87734,1.00,1.00
2017.08.04 12:51:57.087,0.87728,0.87736,1.00,2.25
2017.08.04 12:51:57.138,0.87728,0.87738,1.50,3.37
2017.08.04 12:51:57.665,0.87729,0.87739,1.00,4.12
2017.08.04 12:51:57.767,0.87731,0.87739,1.00,4.12
2017.08.04 12:51:58.073,0.87735,0.87742,1.00,2.62
2017.08.04 12:51:58.125,0.87735,0.87741,1.00,1.12
2017.08.04 12:51:58.277,0.87733,0.87741,1.00,1.12
2017.08.04 12:51:58.691,0.87737,0.87743,1.00,2.62
2017.08.04 12:51:58.743,0.87737,0.87745,1.00,1.12
2017.08.04 12:51:58.795,0.87737,0.87743,1.00,1.00
2017.08.04 12:51:59.102,0.87733,0.87739,1.00,1.12
2017.08.04 12:51:59.404,0.87737,0.87744,1.00,2.62
2017.08.04 12:51:59.912,0.87737,0.87743,1.00,2.62
2017.08.04 12:52:00.173,0.87734,0.87743,1.00,2.62
2017.08.04 12:52:00.425,0.87734,0.87741,1.00,2.62
2017.08.04 12:52:00.528,0.87735,0.87741,1.00,1.00
2017.08.04 12:52:00.579,0.87737,0.87741,1.00,1.00
2017.08.04 12:52:00.630,0.87737,0.87745,1.00,1.12
2017.08.04 12:52:00.681,0.87736,0.87742,1.00,1.00
2017.08.04 12:52:00.989,0.87742,0.87746,1.00,1.00
2017.08.04 12:52:01.152,0.87742,0.87748,1.00,1.50
2017.08.04 12:52:01.255,0.87743,0.87752,1.00,2.62
2017.08.04 12:52:01.513,0.87741,0.8775,1.00,1.37
2017.08.04 12:52:01.820,0.8774,0.87747,1.00,2.62
2017.08.04 12:52:02.033,0.87742,0.8775,1.00,3.37
2017.08.04 12:52:02.084,0.8774,0.8775,1.00,3.37
2017.08.04 12:52:02.289,0.87743,0.8775,1.00,2.62
2017.08.04 12:52:02.340,0.87743,0.8775,1.00,1.00
2017.08.04 12:52:02.697,0.87746,0.8775,1.00,1.00
2017.08.04 12:52:02.799,0.87744,0.8775,1.00,1.00
2017.08.04 12:52:02.919,0.87746,0.87752,1.00,2.25
2017.08.04 12:52:02.973,0.87746,0.87756,1.00,2.62
2017.08.04 12:52:03.024,0.87748,0.87756,1.00,2.62
2017.08.04 12:52:03.537,0.87749,0.87756,1.00,2.62
2017.08.04 12:52:03.892,0.87751,0.87755,1.00,1.00
2017.08.04 12:52:03.943,0.87751,0.87758,1.00,1.75
2017.08.04 12:52:04.349,0.87752,0.87761,1.00,3.37
2017.08.04 12:52:04.820,0.8775,0.87759,1.00,1.12
2017.08.04 12:52:04.872,0.8775,0.87757,1.00,1.00
2017.08.04 12:52:05.178,0.87754,0.87761,1.00,1.50
2017.08.04 12:52:05.592,0.87757,0.87761,1.00,1.00
2017.08.04 12:52:05.745,0.87757,0.87766,1.00,1.50
2017.08.04 12:52:06.270,0.87757,0.87765,1.00,2.62
2017.08.04 12:52:06.779,0.87756,0.87764,1.00,1.50
2017.08.04 12:52:07.199,0.87753,0.87761,1.00,1.00
2017.08.04 12:52:07.250,0.87753,0.8776,1.00,2.62
2017.08.04 12:52:07.557,0.87753,0.87762,1.00,3.37
2017.08.04 12:52:07.914,0.87756,0.87762,1.00,2.62
2017.08.04 12:52:08.103,0.87754,0.87764,1.00,1.00
2017.08.04 12:52:08.262,0.87754,0.87764,1.00,3.37
2017.08.04 12:52:08.777,0.87754,0.87761,1.00,1.00
2017.08.04 12:52:08.895,0.87752,0.87761,1.12,1.00
2017.08.04 12:52:08.947,0.87752,0.87757,1.00,1.00
2017.08.04 12:52:09.254,0.87751,0.87762,1.50,1.50
2017.08.04 12:52:09.559,0.87749,0.87759,1.00,1.12
2017.08.04 12:52:09.904,0.87749,0.87758,1.00,2.62
2017.08.04 12:52:10.364,0.87748,0.87756,1.00,2.62
2017.08.04 12:52:10.787,0.87747,0.87758,1.00,2.25
2017.08.04 12:52:10.890,0.87745,0.87756,1.12,2.62
2017.08.04 12:52:11.196,0.8775,0.87756,1.00,2.62
2017.08.04 12:52:11.298,0.8775,0.87759,1.00,2.62
2017.08.04 12:52:11.401,0.87749,0.8776,1.00,3.37
2017.08.04 12:52:11.800,0.87747,0.87758,1.12,1.12
2017.08.04 12:52:12.003,0.87747,0.87758,1.00,3.37
2017.08.04 12:52:12.308,0.87745,0.87753,1.00,1.00
2017.08.04 12:52:12.822,0.87747,0.87753,1.00,1.00
2017.08.04 12:52:13.360,0.87742,0.87753,2.92,1.00
2017.08.04 12:52:13.710,0.87742,0.87753,1.80,3.37
2017.08.04 12:52:14.206,0.87746,0.87753,1.00,2.62
2017.08.04 12:52:14.613,0.87743,0.87752,1.00,1.50
2017.08.04 12:52:14.813,0.8774,0.87751,1.12,2.25
2017.08.04 12:52:14.966,0.87741,0.87749,1.00,3.37
2017.08.04 12:52:15.524,0.8774,0.87749,1.00,1.50
2017.08.04 12:52:15.831,0.87742,0.8775,1.00,3.37
2017.08.04 12:52:16.088,0.87744,0.87751,1.00,1.00
2017.08.04 12:52:16.191,0.87744,0.87749,1.00,1.00
2017.08.04 12:52:16.384,0.87744,0.87751,1.00,1.00
2017.08.04 12:52:16.845,0.87746,0.87751,1.00,1.00
2017.08.04 12:52:17.911,0.87746,0.87754,1.00,3.37
2017.08.04 12:52:18.216,0.87747,0.87756,1.00,2.25
2017.08.04 12:52:18.537,0.87747,0.87754,1.00,3.00
2017.08.04 12:52:19.309,0.87746,0.87752,1.00,1.12
2017.08.04 12:52:19.411,0.87743,0.8775,1.00,1.00
2017.08.04 12:52:19.512,0.87743,0.8775,1.00,2.62
2017.08.04 12:52:19.940,0.87746,0.8775,1.00,2.62
2017.08.04 12:52:20.093,0.87749,0.87755,1.00,2.62
2017.08.04 12:52:20.195,0.87749,0.87756,1.00,1.87
2017.08.04 12:52:20.451,0.87747,0.87755,1.00,1.00
2017.08.04 12:52:20.502,0.87747,0.87755,1.00,3.37
2017.08.04 12:52:21.222,0.87746,0.87755,1.00,3.37
2017.08.04 12:52:21.527,0.87749,0.87755,1.00,2.62
2017.08.04 12:52:21.790,0.8775,0.87757,1.00,1.00
2017.08.04 12:52:23.370,0.8775,0.87756,1.00,2.10
2017.08.04 12:52:23.525,0.87739,0.87749,1.00,2.25
2017.08.04 12:52:23.637,0.87742,0.87747,1.00,1.12
2017.08.04 12:52:23.740,0.87739,0.87747,1.00,2.62
2017.08.04 12:52:24.250,0.87738,0.87747,1.00,3.37
2017.08.04 12:52:24.418,0.87741,0.87748,1.00,3.37
2017.08.04 12:52:24.521,0.87739,0.87748,1.00,3.37
2017.08.04 12:52:25.356,0.8774,0.87748,1.00,3.37
2017.08.04 12:52:26.740,0.87739,0.87746,1.00,3.37
2017.08.04 12:52:27.045,0.87737,0.87745,1.00,3.37
2017.08.04 12:52:27.760,0.87736,0.87745,1.00,3.37
2017.08.04 12:52:28.872,0.87737,0.87744,1.00,1.37
2017.08.04 12:52:29.127,0.87739,0.87745,1.00,3.37
2017.08.04 12:52:29.331,0.87737,0.87745,1.00,3.37
2017.08.04 12:52:29.930,0.87736,0.87745,1.00,3.37
2017.08.04 12:52:30.848,0.87737,0.87745,1.00,3.37
2017.08.04 12:52:31.552,0.87736,0.87744,1.00,1.37
2017.08.04 12:52:32.363,0.87737,0.87745,1.00,3.37
2017.08.04 12:52:32.871,0.87737,0.87745,1.00,1.50
2017.08.04 12:52:33.041,0.87737,0.87742,1.00,1.00
2017.08.04 12:52:33.195,0.87735,0.87741,1.00,1.00
2017.08.04 12:52:33.247,0.87732,0.87739,1.00,2.62
2017.08.04 12:52:33.349,0.87731,0.87739,1.00,2.62
2017.08.04 12:52:33.655,0.8773,0.87739,1.00,1.00
2017.08.04 12:52:33.858,0.8773,0.87739,1.00,1.75
2017.08.04 12:52:34.163,0.87734,0.87741,1.00,1.75
2017.08.04 12:52:34.468,0.87736,0.8774,1.00,1.00
2017.08.04 12:52:34.781,0.87736,0.87743,1.00,2.25
2017.08.04 12:52:34.933,0.87736,0.8774,1.00,1.00
2017.08.04 12:52:35.480,0.87734,0.8774,1.00,1.00
2017.08.04 12:52:35.735,0.87734,0.87742,1.00,1.00
2017.08.04 12:52:36.143,0.87734,0.87742,1.00,3.37
2017.08.04 12:52:36.346,0.87736,0.87745,1.00,2.62
2017.08.04 12:52:36.446,0.87736,0.87746,1.00,1.50
2017.08.04 12:52:36.853,0.87739,0.87747,1.00,4.12
2017.08.04 12:52:37.157,0.87741,0.87749,1.00,3.37
2017.08.04 12:52:37.447,0.87739,0.87749,1.00,2.25
2017.08.04 12:52:37.884,0.87738,0.87746,1.00,2.62
2017.08.04 12:52:38.471,0.87738,0.87743,1.00,1.00
2017.08.04 12:52:38.574,0.87733,0.87741,3.37,1.00
2017.08.04 12:52:38.773,0.87732,0.87742,1.00,1.75
2017.08.04 12:52:38.978,0.87734,0.87742,1.00,1.75
2017.08.04 12:52:39.080,0.87732,0.87742,1.00,1.75
2017.08.04 12:52:39.385,0.87734,0.87741,1.00,2.62
2017.08.04 12:52:39.581,0.87733,0.87742,1.00,2.62
2017.08.04 12:52:39.683,0.87735,0.87742,1.00,2.62
2017.08.04 12:52:40.221,0.87735,0.87743,1.00,1.75
2017.08.04 12:52:40.854,0.87736,0.87743,1.00,1.75
2017.08.04 12:52:41.041,0.87734,0.87743,1.00,1.75
2017.08.04 12:52:41.277,0.87736,0.87744,1.00,3.37
2017.08.04 12:52:41.380,0.87736,0.87744,1.00,1.12
2017.08.04 12:52:41.923,0.87735,0.87744,1.00,1.12
2017.08.04 12:52:42.178,0.87734,0.87743,1.00,2.62
2017.08.04 12:52:42.686,0.87735,0.87743,1.00,2.62
2017.08.04 12:52:43.223,0.87733,0.87743,1.67,2.62
2017.08.04 12:52:43.730,0.87734,0.87743,1.67,2.62
2017.08.04 12:52:44.248,0.87736,0.87743,1.00,2.62
2017.08.04 12:52:44.452,0.87733,0.87743,1.00,2.62
2017.08.04 12:52:44.503,0.87737,0.87743,1.50,2.62
2017.08.04 12:52:44.679,0.87739,0.87746,1.00,2.62
2017.08.04 12:52:44.782,0.87739,0.87749,1.00,2.25
2017.08.04 12:52:45.497,0.87739,0.87748,1.00,3.37
2017.08.04 12:52:46.200,0.87737,0.87747,1.00,2.25
2017.08.04 12:52:46.456,0.87735,0.87742,1.12,1.00
2017.08.04 12:52:46.761,0.87736,0.87742,1.00,2.25
2017.08.04 12:52:46.812,0.87738,0.87744,1.00,2.62
2017.08.04 12:52:46.914,0.8774,0.87746,1.00,1.12
2017.08.04 12:52:47.352,0.87738,0.87746,1.00,1.12
2017.08.04 12:52:47.899,0.87739,0.87745,1.00,1.00
2017.08.04 12:52:48.454,0.87739,0.87746,1.00,1.12
2017.08.04 12:52:48.708,0.87739,0.87744,1.00,1.50
2017.08.04 12:52:48.861,0.87735,0.87742,1.00,1.00
2017.08.04 12:52:49.014,0.87735,0.87742,1.00,3.37
2017.08.04 12:52:49.518,0.87735,0.87741,1.00,1.12
2017.08.04 12:52:50.233,0.87735,0.87742,1.00,3.37
2017.08.04 12:52:50.756,0.87734,0.87742,1.00,3.37
2017.08.04 12:52:51.061,0.87727,0.87733,2.62,1.00
2017.08.04 12:52:51.408,0.87726,0.87732,1.00,1.50
2017.08.04 12:52:51.764,0.87723,0.87732,1.00,2.25
2017.08.04 12:52:52.060,0.87725,0.87732,1.00,1.50
2017.08.04 12:52:52.366,0.87727,0.87731,1.00,1.12
2017.08.04 12:52:52.722,0.87728,0.87735,1.00,3.37
2017.08.04 12:52:53.152,0.8773,0.87737,1.00,3.37
2017.08.04 12:52:53.305,0.87728,0.87737,1.00,3.37
2017.08.04 12:52:53.858,0.87729,0.87737,1.00,3.37
2017.08.04 12:52:54.140,0.87727,0.87735,1.00,1.50
2017.08.04 12:52:54.191,0.87725,0.87735,1.00,1.50
2017.08.04 12:52:54.699,0.87726,0.87735,1.00,3.37
2017.08.04 12:52:55.236,0.87726,0.87736,1.00,3.37
2017.08.04 12:52:55.491,0.87729,0.87735,1.00,2.25
2017.08.04 12:52:55.542,0.87729,0.87737,1.00,2.62
2017.08.04 12:52:55.800,0.87728,0.87733,1.00,1.00
2017.08.04 12:52:55.902,0.87726,0.87732,1.00,1.00
2017.08.04 12:52:56.201,0.8773,0.87734,1.00,1.00
2017.08.04 12:52:56.405,0.87731,0.8774,1.00,1.50
2017.08.04 12:52:56.914,0.8773,0.8774,1.00,1.50
2017.08.04 12:52:58.611,0.87734,0.87741,1.00,4.12
2017.08.04 12:52:58.826,0.87736,0.87743,1.00,1.00
2017.08.04 12:52:58.877,0.87739,0.87745,1.00,1.50
2017.08.04 12:52:59.386,0.87738,0.87745,1.00,1.00
2017.08.04 12:52:59.590,0.87734,0.87743,1.50,1.00
2017.08.04 12:52:59.742,0.87734,0.87743,1.00,2.62
2017.08.04 12:53:00.047,0.87737,0.87745,1.00,1.50
2017.08.04 12:53:00.149,0.87737,0.87745,1.00,2.62
2017.08.04 12:53:00.353,0.87737,0.87745,1.00,1.00
2017.08.04 12:53:01.057,0.87736,0.87745,1.00,1.50
2017.08.04 12:53:01.110,0.87733,0.8774,1.00,1.00
2017.08.04 12:53:01.416,0.87731,0.87739,1.00,1.00
2017.08.04 12:53:01.721,0.8773,0.87737,1.00,1.00
2017.08.04 12:53:02.268,0.87729,0.87738,1.00,1.00
2017.08.04 12:53:02.573,0.87727,0.87734,1.00,1.00
2017.08.04 12:53:02.924,0.87728,0.87736,1.00,1.00
2017.08.04 12:53:03.027,0.87728,0.87736,1.00,3.37
2017.08.04 12:53:03.129,0.87726,0.87735,1.00,1.50
2017.08.04 12:53:03.486,0.87728,0.87735,1.00,1.50
2017.08.04 12:53:03.666,0.87728,0.87738,1.00,4.12
2017.08.04 12:53:04.179,0.87729,0.87736,1.00,1.12
2017.08.04 12:53:04.332,0.87729,0.87736,1.00,1.75
2017.08.04 12:53:04.877,0.8773,0.87737,1.00,2.62
2017.08.04 12:53:05.030,0.87729,0.87738,1.00,3.37
2017.08.04 12:53:05.560,0.87728,0.87738,1.00,3.37
2017.08.04 12:53:05.662,0.87727,0.87736,1.00,3.37
2017.08.04 12:53:05.919,0.87729,0.87737,1.00,1.00
2017.08.04 12:53:06.328,0.87731,0.87737,1.00,1.00
2017.08.04 12:53:06.690,0.87729,0.87737,1.00,1.00
2017.08.04 12:53:07.226,0.8773,0.87737,1.00,1.00
2017.08.04 12:53:07.914,0.87729,0.87737,1.00,1.50
2017.08.04 12:53:08.097,0.87726,0.87737,1.00,1.50
2017.08.04 12:53:08.149,0.87725,0.87734,1.00,1.00
2017.08.04 12:53:08.650,0.87725,0.87735,1.00,2.62
2017.08.04 12:53:08.831,0.87726,0.87735,1.00,1.12
2017.08.04 12:53:09.400,0.87723,0.87735,2.25,1.50
2017.08.04 12:53:09.556,0.87723,0.87734,1.87,3.37
2017.08.04 12:53:10.833,0.87725,0.87734,1.00,2.62
2017.08.04 12:53:11.420,0.87725,0.87731,1.00,1.00
2017.08.04 12:53:11.573,0.8772,0.87731,1.12,1.12
2017.08.04 12:53:11.726,0.87725,0.87733,1.00,3.37
2017.08.04 12:53:11.935,0.87728,0.87738,1.00,3.37
2017.08.04 12:53:12.240,0.87727,0.87731,1.12,1.00
2017.08.04 12:53:12.444,0.87723,0.87733,1.00,1.12
2017.08.04 12:53:12.546,0.87726,0.87732,1.50,2.62
2017.08.04 12:53:12.634,0.87727,0.87737,1.00,3.37
2017.08.04 12:53:12.686,0.87729,0.87737,1.00,2.62
2017.08.04 12:53:12.737,0.87728,0.8774,1.87,2.62
2017.08.04 12:53:12.942,0.87728,0.8774,1.00,2.62
2017.08.04 12:53:13.546,0.87729,0.87741,1.50,4.50
2017.08.04 12:53:13.852,0.87734,0.87743,1.12,1.00
2017.08.04 12:53:14.355,0.87733,0.87743,1.00,1.12
2017.08.04 12:53:14.663,0.8773,0.87741,1.00,3.37
2017.08.04 12:53:14.920,0.87726,0.87738,2.25,1.12
2017.08.04 12:53:15.075,0.87726,0.87738,1.00,3.37
2017.08.04 12:53:15.647,0.87727,0.87737,1.00,1.50
2017.08.04 12:53:15.971,0.87727,0.87738,2.25,1.00
2017.08.04 12:53:16.478,0.87728,0.87738,1.50,1.00
2017.08.04 12:53:16.631,0.8773,0.87738,1.00,1.00
2017.08.04 12:53:17.529,0.87731,0.87738,1.00,1.00
2017.08.04 12:53:17.654,0.87729,0.87738,1.00,1.00
2017.08.04 12:53:17.909,0.87731,0.87741,1.00,4.12
2017.08.04 12:53:18.062,0.8773,0.87741,2.25,1.12
2017.08.04 12:53:18.267,0.87728,0.8774,2.62,1.37
2017.08.04 12:53:18.573,0.87728,0.87738,1.00,1.00
2017.08.04 12:53:18.984,0.87729,0.8774,2.62,1.37
2017.08.04 12:53:19.719,0.87729,0.87738,2.62,1.00
2017.08.04 12:53:19.771,0.87726,0.87737,3.37,1.00
2017.08.04 12:53:20.272,0.87728,0.87736,1.00,1.12
2017.08.04 12:53:20.427,0.87731,0.87738,1.00,2.62
2017.08.04 12:53:20.531,0.87729,0.87738,1.00,2.62
2017.08.04 12:53:20.582,0.87729,0.87739,1.50,1.00
2017.08.04 12:53:20.786,0.87727,0.87738,1.00,1.50
2017.08.04 12:53:21.296,0.87725,0.87739,4.12,3.00
2017.08.04 12:53:22.316,0.8773,0.8774,1.50,3.37
2017.08.04 12:53:22.368,0.8773,0.87742,1.50,1.50
2017.08.04 12:53:22.521,0.87733,0.87744,1.00,2.62
2017.08.04 12:53:22.572,0.87732,0.87745,2.25,2.25
2017.08.04 12:53:22.674,0.87731,0.87743,1.50,3.00
2017.08.04 12:53:23.023,0.87729,0.87742,1.87,1.50
2017.08.04 12:53:23.553,0.8773,0.87737,1.12,1.00
2017.08.04 12:53:23.655,0.87728,0.87739,2.62,1.00
2017.08.04 12:53:23.706,0.87728,0.87736,2.62,1.00
2017.08.04 12:53:23.808,0.87727,0.87736,1.12,1.50
2017.08.04 12:53:23.942,0.87724,0.87735,1.12,1.12
2017.08.04 12:53:23.994,0.87724,0.87735,1.00,2.62
2017.08.04 12:53:24.321,0.87731,0.87735,1.00,2.62
2017.08.04 12:53:24.475,0.87732,0.87742,1.50,1.00
2017.08.04 12:53:25.013,0.87732,0.87743,1.00,4.12
2017.08.04 12:53:25.552,0.87731,0.87739,1.00,1.00
2017.08.04 12:53:25.750,0.87726,0.87738,1.12,4.12
2017.08.04 12:53:26.005,0.87725,0.87736,1.12,2.62
2017.08.04 12:53:27.771,0.87723,0.87732,2.62,1.00
2017.08.04 12:53:28.283,0.87721,0.87733,1.12,1.75
2017.08.04 12:53:28.540,0.87723,0.87733,1.00,1.75
2017.08.04 12:53:28.828,0.87723,0.87736,1.87,4.12
2017.08.04 12:53:28.930,0.87725,0.87736,1.00,3.37
2017.08.04 12:53:29.472,0.87724,0.87735,1.00,1.50
2017.08.04 12:53:29.997,0.87722,0.87735,3.00,2.25
2017.08.04 12:53:30.303,0.87724,0.87737,1.50,2.25
2017.08.04 12:53:31.899,0.87723,0.87734,4.12,1.00
2017.08.04 12:53:32.002,0.87723,0.87733,1.00,1.50
2017.08.04 12:53:32.105,0.87723,0.87735,4.12,1.00
2017.08.04 12:53:32.656,0.87724,0.87734,1.50,1.00
2017.08.04 12:53:32.971,0.87728,0.87734,1.00,1.00
2017.08.04 12:53:33.274,0.87725,0.87738,4.12,1.87
2017.08.04 12:53:33.427,0.87725,0.87737,1.50,2.62
2017.08.04 12:53:33.734,0.87728,0.8774,1.50,2.25
2017.08.04 12:53:34.055,0.8773,0.87741,1.00,1.00
2017.08.04 12:53:34.158,0.87734,0.87741,1.00,1.00
2017.08.04 12:53:34.209,0.87734,0.87744,1.12,1.37
2017.08.04 12:53:35.896,0.87734,0.87742,1.12,1.00
2017.08.04 12:53:35.948,0.87733,0.87741,1.37,1.50
2017.08.04 12:53:36.235,0.87726,0.87736,2.25,1.00
2017.08.04 12:53:36.337,0.87726,0.87736,1.00,2.62
2017.08.04 12:53:36.643,0.87724,0.87734,1.12,1.50
2017.08.04 12:53:37.049,0.87722,0.87733,1.87,2.62
2017.08.04 12:53:37.412,0.8772,0.87729,2.62,1.00
2017.08.04 12:53:37.514,0.87718,0.87729,2.62,1.50
2017.08.04 12:53:37.616,0.87717,0.87727,2.25,1.00
2017.08.04 12:53:37.975,0.87717,0.87724,1.00,1.00
2017.08.04 12:53:38.026,0.87713,0.87723,1.12,1.00
2017.08.04 12:53:38.426,0.87715,0.87726,1.00,2.62
2017.08.04 12:53:38.529,0.87717,0.87729,1.12,4.87
2017.08.04 12:53:38.580,0.87719,0.87729,1.00,4.12
2017.08.04 12:53:38.988,0.87717,0.87729,1.12,3.37
2017.08.04 12:53:39.500,0.87718,0.87729,1.00,3.37
2017.08.04 12:53:39.602,0.87719,0.87729,1.87,3.37
2017.08.04 12:53:39.756,0.87723,0.87734,1.00,6.37
2017.08.04 12:53:40.132,0.87722,0.87732,1.00,2.25
2017.08.04 12:53:40.489,0.8772,0.8773,1.12,1.12
2017.08.04 12:53:40.540,0.8772,0.87728,1.00,1.00
2017.08.04 12:53:40.693,0.87718,0.87728,1.50,1.00
2017.08.04 12:53:40.896,0.87717,0.87726,1.00,1.00
2017.08.04 12:53:41.202,0.87719,0.87726,1.00,3.37
2017.08.04 12:53:41.453,0.87724,0.87731,1.00,1.37
2017.08.04 12:53:41.555,0.87722,0.87732,1.00,3.37
2017.08.04 12:53:42.076,0.8772,0.87732,1.37,3.37
2017.08.04 12:53:42.625,0.8772,0.8773,1.00,1.50
2017.08.04 12:53:43.195,0.8772,0.8773,1.00,3.37
2017.08.04 12:53:43.449,0.8772,0.87731,1.87,1.37
2017.08.04 12:53:43.704,0.8772,0.87728,1.37,1.00
2017.08.04 12:53:43.857,0.87716,0.87724,1.00,1.00
2017.08.04 12:53:44.381,0.87715,0.87724,1.00,1.00
2017.08.04 12:53:44.687,0.87713,0.87724,2.25,1.00
2017.08.04 12:53:44.738,0.87714,0.87724,1.37,1.00
2017.08.04 12:53:45.044,0.87717,0.87728,1.37,1.50
2017.08.04 12:53:45.146,0.87716,0.87725,1.00,1.00
2017.08.04 12:53:45.616,0.87718,0.87725,1.00,1.00
2017.08.04 12:53:45.922,0.8772,0.87727,1.00,2.62
2017.08.04 12:53:45.973,0.8772,0.87729,1.00,3.37
2017.08.04 12:53:46.595,0.87719,0.87729,1.00,3.37
2017.08.04 12:53:46.798,0.87717,0.87728,1.00,3.00
2017.08.04 12:53:46.900,0.87715,0.87726,1.50,1.00
2017.08.04 12:53:47.052,0.87715,0.87724,1.00,1.00
2017.08.04 12:53:47.256,0.8771,0.87721,1.50,1.12
2017.08.04 12:53:47.307,0.87709,0.87718,2.62,1.00
2017.08.04 12:53:47.440,0.87708,0.87717,1.50,1.00
2017.08.04 12:53:47.593,0.87706,0.87718,1.12,3.37
2017.08.04 12:53:48.050,0.87708,0.87717,1.00,1.50
2017.08.04 12:53:48.403,0.87711,0.8772,1.12,2.62
2017.08.04 12:53:48.455,0.87711,0.8772,1.00,1.00
2017.08.04 12:53:48.970,0.87711,0.87724,1.50,4.50
2017.08.04 12:53:49.224,0.87715,0.87725,1.00,2.62
2017.08.04 12:53:49.461,0.87714,0.87727,2.25,2.62
2017.08.04 12:53:49.615,0.87715,0.87724,1.12,1.00
2017.08.04 12:53:49.768,0.87711,0.87722,1.50,1.00
2017.08.04 12:53:49.972,0.87714,0.87724,1.00,3.37
2017.08.04 12:53:50.378,0.87717,0.87724,1.00,2.62
2017.08.04 12:53:50.552,0.87717,0.87727,1.00,2.62
2017.08.04 12:53:50.605,0.87717,0.87728,1.50,1.50
2017.08.04 12:53:50.708,0.87719,0.87726,1.00,1.00
2017.08.04 12:53:50.811,0.87717,0.87726,1.00,1.00
2017.08.04 12:53:50.862,0.87715,0.87726,1.87,1.12
2017.08.04 12:53:51.167,0.87716,0.87726,1.50,1.00
2017.08.04 12:53:51.269,0.87715,0.87725,2.25,1.00
2017.08.04 12:53:51.371,0.87713,0.87723,1.12,1.37
2017.08.04 12:53:51.836,0.87711,0.87722,1.87,2.25
2017.08.04 12:53:51.988,0.87712,0.87722,1.12,1.12
2017.08.04 12:53:52.167,0.87714,0.87722,1.00,1.12
2017.08.04 12:53:52.269,0.87712,0.87723,1.12,1.87
2017.08.04 12:53:52.588,0.87711,0.8772,1.00,1.00
2017.08.04 12:53:52.892,0.87709,0.8772,1.12,3.37
2017.08.04 12:53:53.942,0.87707,0.87718,1.50,2.25
2017.08.04 12:53:54.248,0.87706,0.87714,2.25,1.00
2017.08.04 12:53:54.299,0.87707,0.87716,1.12,1.12
2017.08.04 12:53:54.452,0.87708,0.87715,1.00,2.62
2017.08.04 12:53:54.554,0.87707,0.87717,1.00,1.00
2017.08.04 12:53:54.687,0.8771,0.8772,1.00,2.62
2017.08.04 12:53:54.992,0.87715,0.87725,1.00,1.50
2017.08.04 12:53:55.577,0.87716,0.87726,1.50,3.37
2017.08.04 12:53:56.090,0.87716,0.87726,1.50,1.50
2017.08.04 12:53:56.596,0.87715,0.87726,1.87,1.50
2017.08.04 12:53:57.364,0.87714,0.87726,1.00,3.37
2017.08.04 12:53:58.064,0.87713,0.87725,1.87,1.50
2017.08.04 12:53:58.268,0.87714,0.87724,1.00,1.75
2017.08.04 12:53:58.772,0.87713,0.87722,1.00,1.50
2017.08.04 12:53:58.823,0.8771,0.87722,1.12,1.87
2017.08.04 12:53:59.078,0.87709,0.87721,1.12,3.75
2017.08.04 12:53:59.591,0.87707,0.87719,2.62,3.37
2017.08.04 12:53:59.853,0.87707,0.87718,1.87,3.00
2017.08.04 12:54:00.405,0.87708,0.87718,1.00,3.37
2017.08.04 12:54:00.802,0.87709,0.8772,1.50,1.50
2017.08.04 12:54:01.875,0.87709,0.87718,1.00,1.00
2017.08.04 12:54:02.386,0.87709,0.87721,1.12,2.25
2017.08.04 12:54:02.889,0.8771,0.87721,1.00,1.50
2017.08.04 12:54:03.430,0.87711,0.87721,1.00,2.25
2017.08.04 12:54:03.583,0.87711,0.87718,1.00,1.00
2017.08.04 12:54:03.634,0.87709,0.87718,1.12,1.00
2017.08.04 12:54:03.930,0.87707,0.87718,1.12,1.50
2017.08.04 12:54:04.286,0.87708,0.87719,1.37,1.37
2017.08.04 12:54:04.839,0.8771,0.8772,1.00,4.12
2017.08.04 12:54:05.565,0.8771,0.87717,1.00,1.00
2017.08.04 12:54:05.719,0.87706,0.87714,1.00,1.00
2017.08.04 12:54:05.908,0.87704,0.87714,1.50,1.00
2017.08.04 12:54:06.317,0.87706,0.87714,1.00,2.25
2017.08.04 12:54:06.419,0.87704,0.87714,1.00,1.50
2017.08.04 12:54:06.572,0.87703,0.87713,1.00,2.25
2017.08.04 12:54:06.906,0.87714,0.87719,1.00,1.00
2017.08.04 12:54:07.008,0.87714,0.87726,1.00,4.87
2017.08.04 12:54:07.213,0.87714,0.87722,1.00,1.00
2017.08.04 12:54:07.541,0.87712,0.87722,1.50,1.00
2017.08.04 12:54:08.205,0.87712,0.87722,1.87,1.00
2017.08.04 12:54:08.528,0.87714,0.87725,1.50,2.62
2017.08.04 12:54:09.069,0.87716,0.87725,1.00,3.37
2017.08.04 12:54:09.607,0.87718,0.87725,1.00,2.62
2017.08.04 12:54:09.718,0.87718,0.87729,1.00,4.87
2017.08.04 12:54:09.821,0.87716,0.87728,1.87,1.50
2017.08.04 12:54:10.026,0.87718,0.87729,1.50,4.12
2017.08.04 12:54:10.414,0.8772,0.87731,1.12,4.12
2017.08.04 12:54:11.566,0.87718,0.87728,3.37,1.00
2017.08.04 12:54:11.722,0.87714,0.87726,4.12,1.87
2017.08.04 12:54:12.029,0.87714,0.87726,1.87,2.25
2017.08.04 12:54:12.595,0.87714,0.87724,1.00,1.00
2017.08.04 12:54:13.234,0.87713,0.87724,2.25,1.00
2017.08.04 12:54:13.779,0.87713,0.8772,1.00,1.50
2017.08.04 12:54:14.034,0.87713,0.87725,1.00,3.37
2017.08.04 12:54:14.238,0.87715,0.87726,1.00,2.25
2017.08.04 12:54:14.544,0.87712,0.87723,2.62,1.00
2017.08.04 12:54:15.077,0.87712,0.87723,2.62,1.37
2017.08.04 12:54:15.389,0.8771,0.87721,1.87,3.37
2017.08.04 12:54:15.809,0.87714,0.8772,1.00,3.37
2017.08.04 12:54:15.962,0.87714,0.87722,1.00,1.12
2017.08.04 12:54:16.165,0.87712,0.87722,1.12,1.12
2017.08.04 12:54:16.629,0.8771,0.8772,1.00,1.50
2017.08.04 12:54:16.964,0.87707,0.87717,2.62,1.00
2017.08.04 12:54:17.066,0.87705,0.87717,3.37,1.00
2017.08.04 12:54:17.688,0.87705,0.87716,2.62,1.00
2017.08.04 12:54:17.841,0.87703,0.87715,4.12,1.12
2017.08.04 12:54:18.122,0.87703,0.87716,1.87,3.37
2017.08.04 12:54:18.224,0.87704,0.87716,1.50,1.87
2017.08.04 12:54:18.987,0.87708,0.87716,1.00,1.12
2017.08.04 12:54:19.087,0.87706,0.87716,1.12,1.12
2017.08.04 12:54:19.138,0.87707,0.87718,1.12,1.12
2017.08.04 12:54:20.668,0.87706,0.87717,2.25,1.00
2017.08.04 12:54:21.194,0.87706,0.87716,1.12,1.12
2017.08.04 12:54:21.697,0.87707,0.87715,1.00,1.00
2017.08.04 12:54:21.902,0.87709,0.87717,1.00,2.25
2017.08.04 12:54:22.157,0.8771,0.8772,1.50,1.12
2017.08.04 12:54:22.463,0.87709,0.8772,1.00,2.25
2017.08.04 12:54:22.644,0.87709,0.87718,1.00,1.00
2017.08.04 12:54:23.150,0.87709,0.87719,2.25,1.00
2017.08.04 12:54:23.688,0.87709,0.8772,1.50,2.25
2017.08.04 12:54:24.018,0.87707,0.87718,4.50,1.12
2017.08.04 12:54:24.069,0.87707,0.87718,2.25,1.12
2017.08.04 12:54:24.547,0.87707,0.87716,1.12,1.00
2017.08.04 12:54:24.853,0.87704,0.87714,2.25,1.12
2017.08.04 12:54:24.955,0.87705,0.87714,1.00,1.00
2017.08.04 12:54:25.158,0.87704,0.87712,1.37,1.00
2017.08.04 12:54:25.336,0.87703,0.87713,1.00,1.87
2017.08.04 12:54:25.539,0.87702,0.87709,1.37,1.00
2017.08.04 12:54:25.895,0.87699,0.87709,2.62,1.00
2017.08.04 12:54:25.947,0.87699,0.87707,1.87,1.00
2017.08.04 12:54:26.413,0.87698,0.87706,1.50,1.00
2017.08.04 12:54:27.527,0.87698,0.87707,1.50,1.00
2017.08.04 12:54:28.224,0.87699,0.87707,1.00,1.00
2017.08.04 12:54:28.753,0.87699,0.87709,1.50,2.25
2017.08.04 12:54:29.228,0.87698,0.87709,1.50,2.25
2017.08.04 12:54:29.731,0.87698,0.87707,2.25,1.00
2017.08.04 12:54:30.955,0.87697,0.87706,2.62,1.00
2017.08.04 12:54:31.465,0.87696,0.87704,2.62,1.00
2017.08.04 12:54:31.669,0.87691,0.87699,1.12,1.00
2017.08.04 12:54:31.720,0.87693,0.87699,1.00,1.00
2017.08.04 12:54:31.884,0.87693,0.87702,3.37,1.00
2017.08.04 12:54:32.140,0.87694,0.87704,1.12,1.50
2017.08.04 12:54:32.345,0.87694,0.87704,3.37,1.50
2017.08.04 12:54:34.076,0.87695,0.87704,1.00,1.87
2017.08.04 12:54:34.647,0.87695,0.87703,1.12,1.00
2017.08.04 12:54:35.054,0.87696,0.87703,2.25,1.00
2017.08.04 12:54:35.202,0.87693,0.877,1.00,2.25
2017.08.04 12:54:35.304,0.8769,0.87699,1.12,1.00
2017.08.04 12:54:35.813,0.8769,0.877,1.12,1.50
2017.08.04 12:54:36.183,0.87692,0.87698,1.00,1.00
2017.08.04 12:54:36.285,0.87692,0.877,1.00,1.50
2017.08.04 12:54:36.602,0.87694,0.87703,1.00,3.37
2017.08.04 12:54:36.704,0.87694,0.87703,1.12,1.12
2017.08.04 12:54:37.238,0.87694,0.87703,1.50,1.00
2017.08.04 12:54:39.358,0.87693,0.87699,2.62,1.00
2017.08.04 12:54:39.514,0.87691,0.87697,1.37,1.00
2017.08.04 12:54:39.565,0.87688,0.87697,2.25,1.87
2017.08.04 12:54:39.617,0.87687,0.87697,1.12,1.87
2017.08.04 12:54:39.820,0.87689,0.87697,1.12,1.12
2017.08.04 12:54:40.141,0.87691,0.87699,1.00,1.12
2017.08.04 12:54:40.449,0.87696,0.87705,1.12,1.00
2017.08.04 12:54:40.500,0.87698,0.87705,2.25,1.00
2017.08.04 12:54:40.602,0.87696,0.87705,1.50,1.00
2017.08.04 12:54:40.927,0.87696,0.87707,2.25,1.00
2017.08.04 12:54:41.443,0.87698,0.87707,1.00,1.50
2017.08.04 12:54:42.051,0.87696,0.87707,1.50,1.00
2017.08.04 12:54:42.720,0.87699,0.87707,1.00,1.00
2017.08.04 12:54:42.976,0.87696,0.87707,1.87,1.00
2017.08.04 12:54:43.272,0.87699,0.87708,1.12,1.00
2017.08.04 12:54:43.804,0.87699,0.87709,1.87,1.50
2017.08.04 12:54:44.331,0.87699,0.87708,1.87,1.00
2017.08.04 12:54:44.678,0.87702,0.87711,1.00,2.25
2017.08.04 12:54:44.832,0.87704,0.87713,1.00,1.00
2017.08.04 12:54:44.883,0.87704,0.87715,1.37,1.87
2017.08.04 12:54:44.985,0.87706,0.87717,3.00,1.12
2017.08.04 12:54:45.290,0.87711,0.87719,1.00,1.00
2017.08.04 12:54:45.838,0.8771,0.87717,1.00,1.00
2017.08.04 12:54:46.044,0.87706,0.87715,1.50,1.00
2017.08.04 12:54:46.248,0.87704,0.87714,1.12,1.00
2017.08.04 12:54:46.834,0.87704,0.87713,1.12,1.00
2017.08.04 12:54:46.987,0.87705,0.87714,1.37,1.00
2017.08.04 12:54:47.604,0.87706,0.87715,1.12,1.00
2017.08.04 12:54:48.908,0.87706,0.87713,1.12,1.00
2017.08.04 12:54:49.294,0.87702,0.8771,1.12,1.00
2017.08.04 12:54:49.905,0.87701,0.87711,1.37,1.12
2017.08.04 12:54:50.215,0.87704,0.87714,1.87,1.87
2017.08.04 12:54:50.565,0.87706,0.87715,1.50,1.00
2017.08.04 12:54:51.093,0.87706,0.87716,3.00,1.00
2017.08.04 12:54:51.398,0.87709,0.87716,1.00,1.00
2017.08.04 12:54:51.726,0.8771,0.87719,4.12,1.00
2017.08.04 12:54:52.236,0.87713,0.87719,1.00,1.00
2017.08.04 12:54:52.462,0.87713,0.87721,1.00,1.00
2017.08.04 12:54:54.019,0.87713,0.87719,1.00,1.00
2017.08.04 12:54:54.273,0.87709,0.87718,1.50,1.00
2017.08.04 12:54:54.324,0.87709,0.87718,3.75,1.00
2017.08.04 12:54:54.477,0.87711,0.8772,1.12,1.00
2017.08.04 12:54:54.879,0.87712,0.87722,1.12,1.12
2017.08.04 12:54:55.082,0.87712,0.87719,1.12,1.00
2017.08.04 12:54:55.286,0.8771,0.87721,3.75,1.50
2017.08.04 12:54:55.439,0.87711,0.87719,2.25,1.00
2017.08.04 12:54:55.676,0.87708,0.87718,1.12,1.87
2017.08.04 12:54:55.727,0.8771,0.87718,1.00,1.12
2017.08.04 12:54:55.778,0.87708,0.87717,1.12,1.00
2017.08.04 12:54:56.033,0.87708,0.87717,3.75,1.50
2017.08.04 12:54:56.689,0.87708,0.87716,3.37,1.00
2017.08.04 12:54:56.842,0.87706,0.87715,3.37,1.00
2017.08.04 12:54:56.893,0.87706,0.87713,2.62,1.00
2017.08.04 12:54:56.945,0.87704,0.87713,4.12,1.00
2017.08.04 12:54:57.047,0.87702,0.87712,1.50,1.00
2017.08.04 12:54:57.728,0.87702,0.87712,1.12,1.12
2017.08.04 12:54:57.933,0.87708,0.87713,1.00,1.50
2017.08.04 12:54:58.159,0.87709,0.87719,1.50,1.50
2017.08.04 12:54:58.221,0.87713,0.87721,1.37,1.12
2017.08.04 12:54:58.527,0.8771,0.87716,3.75,1.00
2017.08.04 12:54:58.833,0.87708,0.87716,4.12,1.00
2017.08.04 12:54:58.935,0.8771,0.87719,1.00,1.50
2017.08.04 12:54:59.239,0.87708,0.87719,1.12,1.87
2017.08.04 12:54:59.715,0.87711,0.87719,1.00,1.12
2017.08.04 12:54:59.768,0.87709,0.8772,1.12,2.25
2017.08.04 12:55:00.282,0.87708,0.87718,1.12,1.00
2017.08.04 12:55:00.551,0.8771,0.87719,1.00,1.00
2017.08.04 12:55:00.857,0.87708,0.87712,2.62,1.12
2017.08.04 12:55:01.062,0.87699,0.87707,1.00,1.50
2017.08.04 12:55:01.113,0.87699,0.87705,1.00,1.00
2017.08.04 12:55:01.286,0.87694,0.87705,2.62,1.00
2017.08.04 12:55:01.541,0.87694,0.87701,1.37,1.00
2017.08.04 12:55:01.594,0.87694,0.87704,1.00,1.50
2017.08.04 12:55:01.646,0.87694,0.87702,1.00,2.25
2017.08.04 12:55:01.748,0.87694,0.87704,1.50,3.37
2017.08.04 12:55:01.800,0.87694,0.87705,1.50,1.50
2017.08.04 12:55:02.043,0.87696,0.87706,1.87,1.50
2017.08.04 12:55:02.349,0.87699,0.87711,1.87,3.37
2017.08.04 12:55:02.655,0.87698,0.87705,1.12,1.00
2017.08.04 12:55:02.859,0.87696,0.87705,1.00,1.37
2017.08.04 12:55:02.911,0.87694,0.87705,1.50,2.25
2017.08.04 12:55:03.218,0.8769,0.877,2.25,1.00
2017.08.04 12:55:03.321,0.87691,0.87702,1.50,1.00
2017.08.04 12:55:04.172,0.87692,0.87701,1.00,1.00
2017.08.04 12:55:04.223,0.87689,0.877,1.12,1.00
2017.08.04 12:55:04.732,0.87687,0.87699,2.25,1.00
2017.08.04 12:55:05.210,0.87689,0.87699,1.00,2.25
2017.08.04 12:55:05.313,0.87686,0.87699,1.87,1.50
2017.08.04 12:55:05.466,0.87686,0.87698,1.50,2.25
2017.08.04 12:55:05.710,0.87684,0.87696,1.50,1.87
2017.08.04 12:55:05.812,0.87683,0.87693,1.50,1.00
2017.08.04 12:55:06.067,0.87682,0.87693,1.12,1.00
2017.08.04 12:55:06.118,0.87686,0.87695,1.00,1.50
2017.08.04 12:55:06.424,0.87682,0.87692,2.62,1.00
2017.08.04 12:55:06.678,0.8768,0.8769,1.50,1.00
2017.08.04 12:55:06.882,0.8768,0.8769,2.25,1.00
2017.08.04 12:55:06.985,0.8768,0.8769,1.87,1.00
2017.08.04 12:55:07.089,0.8768,0.8769,2.25,1.00
2017.08.04 12:55:07.244,0.87682,0.87692,1.12,1.00
2017.08.04 12:55:07.748,0.87679,0.87691,3.37,3.00
2017.08.04 12:55:07.901,0.87677,0.87688,2.62,1.12
2017.08.04 12:55:07.953,0.87677,0.87688,1.00,1.12
2017.08.04 12:55:08.208,0.87674,0.87685,2.62,1.00
2017.08.04 12:55:08.490,0.87668,0.87679,1.12,2.25
2017.08.04 12:55:08.542,0.87666,0.87674,2.62,1.50
2017.08.04 12:55:08.697,0.87657,0.87668,1.00,1.50
2017.08.04 12:55:08.749,0.87657,0.87665,1.00,1.00
2017.08.04 12:55:08.801,0.87655,0.87666,1.12,1.37
2017.08.04 12:55:09.209,0.87653,0.87663,5.25,1.00
2017.08.04 12:55:09.616,0.87655,0.87666,1.12,1.37
2017.08.04 12:55:09.668,0.87655,0.87666,3.00,1.00
2017.08.04 12:55:10.029,0.87656,0.87669,1.37,1.87
2017.08.04 12:55:10.081,0.87659,0.87669,1.37,1.50
2017.08.04 12:55:10.386,0.87659,0.87671,1.50,1.00
2017.08.04 12:55:10.692,0.87661,0.87674,1.12,1.42
2017.08.04 12:55:11.202,0.87663,0.87674,1.00,1.00
2017.08.04 12:55:11.602,0.87659,0.87673,3.37,1.80
2017.08.04 12:55:12.111,0.87659,0.87673,4.12,1.20
2017.08.04 12:55:12.932,0.87659,0.87673,1.00,1.75
2017.08.04 12:55:13.188,0.87659,0.87672,1.50,1.00
2017.08.04 12:55:13.730,0.87661,0.87671,1.12,1.00
2017.08.04 12:55:14.035,0.87658,0.87671,2.25,1.50
2017.08.04 12:55:14.088,0.87659,0.87667,1.12,1.00
2017.08.04 12:55:14.343,0.87654,0.87667,1.37,1.12
2017.08.04 12:55:14.526,0.87656,0.87669,1.37,2.62
2017.08.04 12:55:14.631,0.87657,0.87669,1.37,1.00
2017.08.04 12:55:14.937,0.87656,0.87669,1.50,1.12
2017.08.04 12:55:14.989,0.87656,0.87666,1.12,1.00
2017.08.04 12:55:15.316,0.87646,0.87657,1.12,1.00
2017.08.04 12:55:15.525,0.87652,0.8766,1.12,1.00
2017.08.04 12:55:15.730,0.87653,0.87666,3.37,1.87
2017.08.04 12:55:15.877,0.87652,0.87666,1.75,2.62
2017.08.04 12:55:16.031,0.87648,0.87659,1.00,1.50
2017.08.04 12:55:16.186,0.87649,0.87661,1.12,1.50
2017.08.04 12:55:16.632,0.87644,0.87658,1.50,1.87
2017.08.04 12:55:16.683,0.87644,0.87658,1.50,1.87
2017.08.04 12:55:17.091,0.87647,0.87656,1.00,1.00
2017.08.04 12:55:17.142,0.87647,0.8766,1.00,4.12
2017.08.04 12:55:17.280,0.87648,0.8766,1.37,1.87
2017.08.04 12:55:17.788,0.87648,0.87658,1.12,1.35
2017.08.04 12:55:18.132,0.8764,0.87654,2.62,1.87
2017.08.04 12:55:18.184,0.8764,0.87654,1.50,1.37
2017.08.04 12:55:18.287,0.8764,0.87654,1.37,1.50
2017.08.04 12:55:18.694,0.8764,0.87649,3.37,1.50
2017.08.04 12:55:18.985,0.87633,0.87644,1.00,1.12
2017.08.04 12:55:19.492,0.87635,0.87645,3.37,1.12
2017.08.04 12:55:19.646,0.87637,0.87648,1.00,1.50
2017.08.04 12:55:19.900,0.87639,0.87648,1.00,1.00
2017.08.04 12:55:20.111,0.8764,0.87652,1.12,3.37
2017.08.04 12:55:20.164,0.87639,0.87653,1.50,3.00
2017.08.04 12:55:20.216,0.8764,0.87653,2.25,2.62
2017.08.04 12:55:20.369,0.87638,0.87653,3.00,3.00
2017.08.04 12:55:20.881,0.8764,0.87651,1.00,3.37
2017.08.04 12:55:20.983,0.87639,0.87651,1.87,1.50
2017.08.04 12:55:21.955,0.87638,0.87649,3.00,1.00
2017.08.04 12:55:22.261,0.87633,0.87644,2.62,1.00
2017.08.04 12:55:22.451,0.87632,0.87645,4.50,1.87
2017.08.04 12:55:22.963,0.87633,0.87645,1.00,2.25
2017.08.04 12:55:23.268,0.87635,0.87645,1.00,1.50
2017.08.04 12:55:23.478,0.87637,0.87648,1.50,1.00
2017.08.04 12:55:23.529,0.87637,0.87649,2.25,1.12
2017.08.04 12:55:23.785,0.87641,0.87654,1.87,1.42
2017.08.04 12:55:23.887,0.87641,0.87654,3.75,1.05
2017.08.04 12:55:24.374,0.87638,0.87647,2.62,1.00
2017.08.04 12:55:24.528,0.87635,0.87646,2.62,1.00
2017.08.04 12:55:24.630,0.87634,0.87646,1.75,1.87
2017.08.04 12:55:25.144,0.87637,0.87648,1.00,1.50
2017.08.04 12:55:25.399,0.87639,0.87651,1.87,3.00
2017.08.04 12:55:25.556,0.87639,0.87652,1.87,1.12
2017.08.04 12:55:25.710,0.8764,0.87652,2.25,1.00
2017.08.04 12:55:25.962,0.87639,0.8765,1.00,1.00
2017.08.04 12:55:26.840,0.87638,0.8765,1.37,4.12
2017.08.04 12:55:27.096,0.8764,0.87651,1.00,1.50
2017.08.04 12:55:27.148,0.87639,0.87651,1.50,3.00
2017.08.04 12:55:27.396,0.87639,0.87653,1.50,4.12
2017.08.04 12:55:27.651,0.87638,0.87651,1.12,1.87
2017.08.04 12:55:27.805,0.87638,0.87652,5.62,3.37
2017.08.04 12:55:27.907,0.87638,0.87652,6.00,1.50
2017.08.04 12:55:28.060,0.87638,0.8765,5.25,1.00
2017.08.04 12:55:28.240,0.87638,0.87652,5.25,1.12
2017.08.04 12:55:28.342,0.87638,0.87652,3.37,3.00
2017.08.04 12:55:28.881,0.87639,0.8765,2.25,1.00
2017.08.04 12:55:29.339,0.87636,0.87649,4.12,1.87
2017.08.04 12:55:29.391,0.87637,0.87649,1.00,1.75
2017.08.04 12:55:29.493,0.87637,0.87649,1.50,1.00
2017.08.04 12:55:30.041,0.87641,0.8765,1.00,1.00
2017.08.04 12:55:30.384,0.87645,0.87654,2.62,1.00
2017.08.04 12:55:30.435,0.87645,0.87654,1.00,1.00
2017.08.04 12:55:30.896,0.87645,0.87652,1.00,1.00
2017.08.04 12:55:31.063,0.87643,0.87651,1.00,1.00
2017.08.04 12:55:31.165,0.87639,0.87651,2.62,1.00
2017.08.04 12:55:31.421,0.87642,0.87653,1.37,1.12
2017.08.04 12:55:31.777,0.87644,0.87656,1.50,1.72
2017.08.04 12:55:31.954,0.87647,0.87656,1.12,1.60
2017.08.04 12:55:32.261,0.87657,0.87665,1.00,2.25
2017.08.04 12:55:32.363,0.87657,0.87669,3.37,1.72
2017.08.04 12:55:32.567,0.87657,0.87665,1.12,1.00
2017.08.04 12:55:32.978,0.87655,0.87663,2.62,1.00
2017.08.04 12:55:33.182,0.87648,0.87658,4.12,1.00
2017.08.04 12:55:33.234,0.87648,0.8766,3.37,2.62
2017.08.04 12:55:33.336,0.87649,0.8766,1.12,2.25
2017.08.04 12:55:33.642,0.87652,0.87661,1.12,1.12
2017.08.04 12:55:33.950,0.87658,0.87667,1.50,2.25
2017.08.04 12:55:34.001,0.87658,0.87668,1.12,1.00
2017.08.04 12:55:34.053,0.87658,0.87669,3.37,1.37
2017.08.04 12:55:34.105,0.87658,0.87671,3.75,1.12
2017.08.04 12:55:34.359,0.87663,0.87672,1.00,2.25
2017.08.04 12:55:34.584,0.87664,0.87673,1.00,1.00
2017.08.04 12:55:34.991,0.87663,0.87671,2.62,1.00
2017.08.04 12:55:35.353,0.87664,0.87676,3.75,2.62
2017.08.04 12:55:35.404,0.87664,0.87675,3.37,1.12
2017.08.04 12:55:35.610,0.87661,0.87674,3.37,1.12
2017.08.04 12:55:35.661,0.87661,0.87674,1.87,2.25
2017.08.04 12:55:35.988,0.87664,0.87671,1.00,1.00
2017.08.04 12:55:36.091,0.87659,0.87671,3.37,1.12
2017.08.04 12:55:36.194,0.87659,0.87669,4.12,1.00
2017.08.04 12:55:36.299,0.8766,0.87671,1.50,1.12
2017.08.04 12:55:36.812,0.87659,0.8767,2.62,1.00
2017.08.04 12:55:36.914,0.87658,0.8767,1.50,1.50
2017.08.04 12:55:37.067,0.87657,0.87667,4.12,1.00
2017.08.04 12:55:37.525,0.87656,0.87665,2.62,1.00
2017.08.04 12:55:37.623,0.87654,0.87665,4.12,1.00
2017.08.04 12:55:37.674,0.87653,0.8766,2.62,1.00
2017.08.04 12:55:37.725,0.8765,0.8766,2.62,1.00
2017.08.04 12:55:37.828,0.87649,0.87661,4.12,1.87
2017.08.04 12:55:38.234,0.8765,0.87662,3.00,1.87
2017.08.04 12:55:38.286,0.87651,0.8766,1.50,1.00
2017.08.04 12:55:38.573,0.87651,0.87662,1.50,1.00
2017.08.04 12:55:38.675,0.8765,0.8766,2.62,1.00
2017.08.04 12:55:38.879,0.87653,0.87663,1.00,1.12
2017.08.04 12:55:38.930,0.87655,0.87663,1.12,1.00
2017.08.04 12:55:38.982,0.87655,0.87665,1.87,1.00
2017.08.04 12:55:39.034,0.87656,0.87665,1.37,1.00
2017.08.04 12:55:39.273,0.87657,0.87667,1.37,1.00
2017.08.04 12:55:39.477,0.87659,0.87668,2.25,1.00
2017.08.04 12:55:39.683,0.87656,0.87667,3.37,1.00
2017.08.04 12:55:39.785,0.87656,0.87665,2.62,1.00
2017.08.04 12:55:40.287,0.87657,0.87667,1.87,1.50
2017.08.04 12:55:40.490,0.87659,0.87668,2.62,1.00
2017.08.04 12:55:40.744,0.87662,0.8767,1.12,1.00
2017.08.04 12:55:41.255,0.87659,0.87669,5.25,1.00
2017.08.04 12:55:41.763,0.87661,0.87671,1.12,1.05
2017.08.04 12:55:41.968,0.87659,0.8767,3.37,1.67
2017.08.04 12:55:42.273,0.87661,0.8767,1.00,1.00
2017.08.04 12:55:43.741,0.87661,0.8767,1.50,1.00
2017.08.04 12:55:43.995,0.87662,0.87672,2.25,1.00
2017.08.04 12:55:44.047,0.87662,0.87672,4.12,1.00
2017.08.04 12:55:44.252,0.87664,0.87674,3.37,1.00
2017.08.04 12:55:44.656,0.87666,0.87677,3.00,1.00
2017.08.04 12:55:45.064,0.87665,0.87678,3.37,3.37
2017.08.04 12:55:45.166,0.87666,0.87678,1.50,2.25
2017.08.04 12:55:46.041,0.87669,0.87679,1.00,3.00
2017.08.04 12:55:46.093,0.87669,0.87681,1.00,2.62
2017.08.04 12:55:46.194,0.87669,0.8768,1.75,1.00
2017.08.04 12:55:46.509,0.87666,0.87675,2.62,1.00
2017.08.04 12:55:46.561,0.87666,0.87677,2.62,1.00
2017.08.04 12:55:46.612,0.87671,0.87676,1.00,1.00
2017.08.04 12:55:46.766,0.87674,0.87683,1.12,1.00
2017.08.04 12:55:46.818,0.87674,0.87685,4.87,1.12
2017.08.04 12:55:47.168,0.8768,0.87691,3.37,1.00
2017.08.04 12:55:47.473,0.87677,0.87686,2.62,1.00
2017.08.04 12:55:47.982,0.87677,0.87685,2.62,1.00
2017.08.04 12:55:48.201,0.87677,0.87685,1.12,1.00
2017.08.04 12:55:48.353,0.87677,0.87687,3.37,1.37
2017.08.04 12:55:48.506,0.87679,0.87688,1.00,1.00
2017.08.04 12:55:48.913,0.8768,0.87688,3.37,1.00
2017.08.04 12:55:49.583,0.8768,0.87687,2.62,1.00
2017.08.04 12:55:49.685,0.87678,0.87687,2.62,1.00
2017.08.04 12:55:49.890,0.87678,0.87689,3.37,1.65
2017.08.04 12:55:50.184,0.87675,0.87685,2.62,1.20
2017.08.04 12:55:50.387,0.87675,0.87684,2.62,1.52
2017.08.04 12:55:50.699,0.87672,0.87683,1.00,1.90
2017.08.04 12:55:51.005,0.87669,0.87676,3.37,1.00
2017.08.04 12:55:51.107,0.87667,0.87676,3.37,1.00
2017.08.04 12:55:51.311,0.87664,0.87674,2.62,1.00
2017.08.04 12:55:51.413,0.87663,0.87674,1.50,1.00
2017.08.04 12:55:51.600,0.87666,0.87674,1.12,1.00
2017.08.04 12:55:52.118,0.87663,0.87674,4.12,1.50
2017.08.04 12:55:52.513,0.8766,0.8767,1.37,1.12
2017.08.04 12:55:52.716,0.87664,0.87675,1.50,1.12
2017.08.04 12:55:53.224,0.87664,0.87675,4.12,1.00
2017.08.04 12:55:53.731,0.87665,0.87676,1.50,1.00
2017.08.04 12:55:54.008,0.87668,0.87677,1.12,1.12
2017.08.04 12:55:54.212,0.8767,0.8768,1.12,1.00
2017.08.04 12:55:54.752,0.87668,0.87679,3.37,1.00
2017.08.04 12:55:54.803,0.87668,0.87677,2.62,1.00
2017.08.04 12:55:54.905,0.87667,0.87675,1.12,1.00
2017.08.04 12:55:54.957,0.87668,0.87675,3.37,1.00
2017.08.04 12:55:55.009,0.8767,0.87679,1.50,1.00
2017.08.04 12:55:55.592,0.8767,0.87678,1.00,1.00
2017.08.04 12:55:55.795,0.8767,0.87675,1.00,1.00
2017.08.04 12:55:55.948,0.87666,0.87675,3.37,1.00
2017.08.04 12:55:56.102,0.87666,0.87673,2.62,1.00
2017.08.04 12:55:56.357,0.87663,0.87673,2.62,3.97
2017.08.04 12:55:56.408,0.87664,0.87668,1.00,1.00
2017.08.04 12:55:56.561,0.87659,0.87668,1.75,1.00
2017.08.04 12:55:56.714,0.87658,0.87666,2.62,1.00
2017.08.04 12:55:56.867,0.87656,0.87667,3.37,1.00
2017.08.04 12:55:57.254,0.87657,0.87663,1.00,1.00
2017.08.04 12:55:57.498,0.87657,0.87665,1.00,1.00
2017.08.04 12:55:58.012,0.87657,0.87664,1.00,1.00
2017.08.04 12:55:58.323,0.87657,0.87661,1.00,1.00
2017.08.04 12:55:58.526,0.87657,0.87663,1.00,1.00
2017.08.04 12:55:58.796,0.87657,0.87661,1.00,1.00
2017.08.04 12:55:58.847,0.87653,0.87661,4.12,1.00
2017.08.04 12:55:58.898,0.87653,0.87659,3.37,1.00
2017.08.04 12:55:58.949,0.87652,0.87659,1.50,1.00
2017.08.04 12:55:59.051,0.87649,0.87658,3.37,1.00
2017.08.04 12:55:59.596,0.8765,0.8766,1.50,1.00
2017.08.04 12:55:59.749,0.87651,0.8766,2.62,1.00
2017.08.04 12:56:00.082,0.8765,0.87657,1.12,1.00
2017.08.04 12:56:00.360,0.87648,0.87656,1.00,1.00
2017.08.04 12:56:00.463,0.87652,0.87656,1.00,1.00
2017.08.04 12:56:00.616,0.87657,0.87662,1.00,1.12
2017.08.04 12:56:00.718,0.87657,0.87664,1.50,1.00
2017.08.04 12:56:01.057,0.87652,0.87663,2.62,1.50
2017.08.04 12:56:01.109,0.87655,0.87663,1.00,1.00
2017.08.04 12:56:01.621,0.87654,0.87663,2.62,1.00
2017.08.04 12:56:01.672,0.87653,0.87663,1.50,1.12
2017.08.04 12:56:01.825,0.87652,0.8766,2.62,1.00
2017.08.04 12:56:01.983,0.87649,0.87658,3.37,1.00
2017.08.04 12:56:02.322,0.87649,0.8766,3.37,1.12
2017.08.04 12:56:02.907,0.87649,0.87658,3.37,1.00
2017.08.04 12:56:03.602,0.87649,0.87658,1.00,1.00
2017.08.04 12:56:03.754,0.87649,0.8766,2.25,1.12
2017.08.04 12:56:03.907,0.87651,0.87662,1.50,1.50
2017.08.04 12:56:03.959,0.87654,0.87662,1.00,1.00
2017.08.04 12:56:04.235,0.87654,0.87664,1.00,1.50
2017.08.04 12:56:04.784,0.87654,0.87664,2.25,1.00
2017.08.04 12:56:04.837,0.87657,0.87665,1.00,1.00
2017.08.04 12:56:04.994,0.87657,0.87667,1.50,1.00
2017.08.04 12:56:05.813,0.87659,0.87667,1.00,1.00
2017.08.04 12:56:06.322,0.87659,0.8767,2.25,1.50
2017.08.04 12:56:06.373,0.87662,0.8767,1.00,1.00
2017.08.04 12:56:06.425,0.87661,0.87672,2.62,1.12
2017.08.04 12:56:06.578,0.87664,0.87674,1.00,1.50
2017.08.04 12:56:06.926,0.87664,0.87673,3.37,1.00
2017.08.04 12:56:06.977,0.87664,0.87673,1.00,1.00
2017.08.04 12:56:07.231,0.87662,0.87671,1.50,1.00
2017.08.04 12:56:07.688,0.87661,0.8767,1.00,1.00
2017.08.04 12:56:08.268,0.8766,0.8767,1.12,1.00
2017.08.04 12:56:08.826,0.87659,0.87671,3.37,1.87
2017.08.04 12:56:09.443,0.87658,0.8767,4.12,1.67
2017.08.04 12:56:09.596,0.87656,0.87666,1.12,1.00
2017.08.04 12:56:09.699,0.87657,0.87667,2.62,1.00
2017.08.04 12:56:10.103,0.87656,0.87665,1.00,1.37
2017.08.04 12:56:10.207,0.87651,0.87662,1.87,1.50
2017.08.04 12:56:10.411,0.87649,0.8766,1.37,3.37
2017.08.04 12:56:10.614,0.87648,0.87658,1.12,1.12
2017.08.04 12:56:11.122,0.87645,0.87655,3.37,1.00
2017.08.04 12:56:11.428,0.87648,0.87657,1.00,1.00
2017.08.04 12:56:11.530,0.87648,0.87654,1.00,1.00
2017.08.04 12:56:11.632,0.87643,0.87652,3.37,1.00
2017.08.04 12:56:12.169,0.87642,0.87653,3.00,1.12
2017.08.04 12:56:12.728,0.87642,0.87652,3.37,1.00
2017.08.04 12:56:12.898,0.87647,0.87652,1.00,1.00
2017.08.04 12:56:13.001,0.87647,0.87656,1.12,1.50
2017.08.04 12:56:13.103,0.87648,0.87659,2.62,1.00
2017.08.04 12:56:13.256,0.87648,0.87657,3.75,1.00
2017.08.04 12:56:13.792,0.87648,0.87655,2.25,1.00
2017.08.04 12:56:13.946,0.87639,0.87649,2.62,1.50
2017.08.04 12:56:14.151,0.8764,0.87651,1.12,2.25
2017.08.04 12:56:14.355,0.8764,0.87649,1.12,1.00
2017.08.04 12:56:14.845,0.87645,0.87649,1.00,1.00
2017.08.04 12:56:14.948,0.87645,0.87655,1.00,4.12
2017.08.04 12:56:15.152,0.87646,0.87657,1.00,1.50
2017.08.04 12:56:15.406,0.87646,0.87655,1.00,2.62
2017.08.04 12:56:15.909,0.87642,0.87653,3.37,1.12
2017.08.04 12:56:16.010,0.87642,0.87651,1.00,1.00
2017.08.04 12:56:16.163,0.87641,0.87649,1.12,1.00
2017.08.04 12:56:16.711,0.8764,0.87649,1.12,1.12
2017.08.04 12:56:17.259,0.87639,0.8765,1.87,3.37
2017.08.04 12:56:17.564,0.87636,0.87647,1.87,1.12
2017.08.04 12:56:18.109,0.87636,0.87647,1.12,1.30
2017.08.04 12:56:18.644,0.8764,0.87648,1.00,1.72
2017.08.04 12:56:18.962,0.87643,0.87652,1.00,1.57
2017.08.04 12:56:19.166,0.87642,0.87653,1.50,1.27
2017.08.04 12:56:19.683,0.87643,0.87653,1.00,1.27
2017.08.04 12:56:20.171,0.87642,0.87651,1.50,1.00
2017.08.04 12:56:21.291,0.87643,0.87651,1.00,1.12
2017.08.04 12:56:22.641,0.87642,0.87651,1.00,1.12
2017.08.04 12:56:22.996,0.8764,0.87651,1.87,1.12
2017.08.04 12:56:23.149,0.8764,0.8765,1.00,3.37
2017.08.04 12:56:23.352,0.8764,0.8765,1.00,1.12
2017.08.04 12:56:23.555,0.8764,0.87649,1.00,2.25
2017.08.04 12:56:23.854,0.8764,0.87651,1.12,1.12
2017.08.04 12:56:23.905,0.8764,0.87651,1.12,4.12
2017.08.04 12:56:24.210,0.8764,0.87648,1.00,1.50
2017.08.04 12:56:24.451,0.87638,0.87648,1.00,1.50
2017.08.04 12:56:24.654,0.87635,0.87647,2.25,1.37
2017.08.04 12:56:24.858,0.87634,0.87645,1.00,2.25
2017.08.04 12:56:25.264,0.87632,0.87643,1.50,1.50
2017.08.04 12:56:25.764,0.8763,0.8764,1.50,1.00
2017.08.04 12:56:26.298,0.8763,0.87641,1.87,3.37
2017.08.04 12:56:27.399,0.87626,0.87639,4.12,2.62
2017.08.04 12:56:28.158,0.8763,0.87639,1.00,1.50
2017.08.04 12:56:28.562,0.87627,0.87638,1.00,3.37
2017.08.04 12:56:29.077,0.87626,0.87638,1.12,4.12
2017.08.04 12:56:29.387,0.87628,0.87639,1.50,1.37
2017.08.04 12:56:29.896,0.87626,0.87638,3.37,1.87
2017.08.04 12:56:30.240,0.87635,0.87643,1.37,2.25
2017.08.04 12:56:30.292,0.87637,0.87646,1.00,1.50
2017.08.04 12:56:30.395,0.87638,0.87648,1.12,1.50
2017.08.04 12:56:30.550,0.87641,0.87651,1.00,4.12
2017.08.04 12:56:30.703,0.87641,0.87653,3.00,3.37
2017.08.04 12:56:30.805,0.87641,0.87653,5.25,1.00
2017.08.04 12:56:31.352,0.87642,0.87654,2.25,1.87
2017.08.04 12:56:31.709,0.87646,0.87654,1.00,1.12
2017.08.04 12:56:32.012,0.87648,0.87656,1.00,1.00
2017.08.04 12:56:32.218,0.87648,0.87659,1.12,2.62
2017.08.04 12:56:32.726,0.87647,0.87657,1.50,1.00
2017.08.04 12:56:32.978,0.87645,0.87655,2.62,1.50
2017.08.04 12:56:33.089,0.87642,0.87653,4.12,1.00
2017.08.04 12:56:33.191,0.87642,0.87652,1.37,1.37
2017.08.04 12:56:33.506,0.8765,0.87653,1.00,2.25
2017.08.04 12:56:33.557,0.87653,0.87659,1.00,1.50
2017.08.04 12:56:33.609,0.87651,0.87661,2.62,1.00
2017.08.04 12:56:33.894,0.87651,0.87661,1.00,1.00
2017.08.04 12:56:33.945,0.87653,0.87661,1.00,1.00
2017.08.04 12:56:34.251,0.87653,0.87661,1.00,2.25
2017.08.04 12:56:34.404,0.8765,0.87658,1.00,1.00
2017.08.04 12:56:34.550,0.87645,0.87656,3.00,1.12
2017.08.04 12:56:34.602,0.87644,0.87656,1.12,1.50
2017.08.04 12:56:35.215,0.87647,0.87657,1.00,4.12
2017.08.04 12:56:35.382,0.8765,0.8766,1.00,1.50
2017.08.04 12:56:35.484,0.87649,0.87661,1.75,1.12
2017.08.04 12:56:35.841,0.87648,0.87659,2.25,1.50
2017.08.04 12:56:35.893,0.87647,0.87657,1.50,1.00
2017.08.04 12:56:36.431,0.87645,0.87658,3.75,2.25
2017.08.04 12:56:37.208,0.87645,0.87656,2.62,1.00
2017.08.04 12:56:37.514,0.87649,0.87659,1.87,3.37
2017.08.04 12:56:37.718,0.87649,0.87661,4.12,1.37
2017.08.04 12:56:37.769,0.87649,0.87658,2.62,1.00
2017.08.04 12:56:38.006,0.87644,0.87655,1.50,1.00
2017.08.04 12:56:38.210,0.87642,0.87655,4.87,3.37
2017.08.04 12:56:38.515,0.87644,0.87655,2.62,1.00
2017.08.04 12:56:39.034,0.87644,0.87654,2.62,1.00
2017.08.04 12:56:39.238,0.87641,0.87653,2.25,2.25
2017.08.04 12:56:39.289,0.87641,0.87652,1.87,1.50
2017.08.04 12:56:39.760,0.87642,0.87653,1.87,1.37
2017.08.04 12:56:40.268,0.87641,0.87652,1.37,1.00
2017.08.04 12:56:40.479,0.87641,0.8765,1.37,1.00
2017.08.04 12:56:40.581,0.87643,0.87653,1.50,1.12
2017.08.04 12:56:40.734,0.87644,0.87651,1.00,1.12
2017.08.04 12:56:40.892,0.87639,0.87651,1.87,3.37
2017.08.04 12:56:41.181,0.87637,0.87649,1.50,1.50
2017.08.04 12:56:41.384,0.87635,0.87646,2.25,1.12
2017.08.04 12:56:41.435,0.87634,0.87646,1.12,1.50
2017.08.04 12:56:41.946,0.87635,0.87647,2.62,1.87
2017.08.04 12:56:42.590,0.87637,0.87649,1.00,3.37
2017.08.04 12:56:42.896,0.87637,0.87649,2.25,2.85
2017.08.04 12:56:43.009,0.87635,0.87649,2.62,4.12
2017.08.04 12:56:43.263,0.87636,0.87649,3.00,4.12
2017.08.04 12:56:43.416,0.87636,0.87648,1.00,1.50
2017.08.04 12:56:43.518,0.87634,0.87645,1.87,1.00
2017.08.04 12:56:44.050,0.87636,0.87646,1.50,2.25
2017.08.04 12:56:44.152,0.87635,0.87648,3.37,1.12
2017.08.04 12:56:44.708,0.87636,0.87649,1.00,3.37
2017.08.04 12:56:45.169,0.87638,0.87648,1.50,1.50
2017.08.04 12:56:45.519,0.8764,0.87651,1.37,1.12
2017.08.04 12:56:45.934,0.87639,0.87649,1.87,1.00
2017.08.04 12:56:46.291,0.87643,0.87654,1.50,3.00
2017.08.04 12:56:46.597,0.87648,0.87658,1.75,1.00
2017.08.04 12:56:46.958,0.87653,0.87661,1.00,2.25
2017.08.04 12:56:47.061,0.87653,0.87663,1.12,1.37
2017.08.04 12:56:47.318,0.8765,0.8766,3.37,1.00
2017.08.04 12:56:47.370,0.87649,0.8766,4.12,1.12
2017.08.04 12:56:47.423,0.87649,0.8766,2.25,1.00
2017.08.04 12:56:47.985,0.87649,0.87659,1.00,1.00
2017.08.04 12:56:48.189,0.87649,0.87658,1.00,1.50
2017.08.04 12:56:48.488,0.87644,0.87655,1.37,1.87
2017.08.04 12:56:48.998,0.87647,0.87656,1.00,2.62
2017.08.04 12:56:49.050,0.87644,0.87657,3.75,1.50
2017.08.04 12:56:49.401,0.87644,0.87653,3.37,1.00
2017.08.04 12:56:49.707,0.87642,0.87653,1.50,1.00
2017.08.04 12:56:50.209,0.87641,0.87651,1.12,1.00
2017.08.04 12:56:50.681,0.87639,0.87647,4.12,1.00
2017.08.04 12:56:50.884,0.87633,0.87647,4.87,3.00
2017.08.04 12:56:50.935,0.87634,0.87644,1.75,1.00
2017.08.04 12:56:51.264,0.87632,0.87642,1.37,1.87
2017.08.04 12:56:51.538,0.87634,0.87643,1.00,1.12
2017.08.04 12:56:51.741,0.87632,0.87642,1.00,1.00
2017.08.04 12:56:51.843,0.87629,0.87641,1.12,1.12
2017.08.04 12:56:52.385,0.87629,0.8764,3.00,1.00
2017.08.04 12:56:52.487,0.87629,0.8764,4.87,1.00
2017.08.04 12:56:52.995,0.87632,0.87644,2.25,2.25
2017.08.04 12:56:53.046,0.87633,0.87645,1.50,1.50
2017.08.04 12:56:53.402,0.87635,0.87645,2.62,1.00
2017.08.04 12:56:53.556,0.87638,0.87649,1.12,3.00
2017.08.04 12:56:53.608,0.87638,0.8765,1.37,1.12
2017.08.04 12:56:53.883,0.87641,0.87651,2.62,1.12
2017.08.04 12:56:54.188,0.87643,0.87655,4.87,2.25
2017.08.04 12:56:54.392,0.87643,0.87655,1.12,1.50
2017.08.04 12:56:54.905,0.87643,0.87655,1.50,3.37
2017.08.04 12:56:55.058,0.87644,0.87654,1.50,1.00
2017.08.04 12:56:55.566,0.87643,0.87654,1.50,1.37
2017.08.04 12:56:56.119,0.87645,0.87655,1.00,1.12
2017.08.04 12:56:56.728,0.87644,0.87656,2.62,2.25
2017.08.04 12:56:57.550,0.87643,0.87654,1.50,1.00
2017.08.04 12:56:57.652,0.87646,0.87655,1.00,1.12
2017.08.04 12:56:57.957,0.8765,0.87658,1.12,2.62
2017.08.04 12:56:58.152,0.8765,0.87661,1.50,3.37
2017.08.04 12:56:58.892,0.8765,0.87662,4.12,1.00
2017.08.04 12:56:59.510,0.87651,0.87661,1.50,1.00
2017.08.04 12:56:59.724,0.87651,0.87663,1.50,1.87
2017.08.04 12:56:59.933,0.87651,0.87661,1.87,1.00
2017.08.04 12:57:00.483,0.87649,0.8766,2.62,2.62
2017.08.04 12:57:00.991,0.87651,0.8766,2.25,1.00
2017.08.04 12:57:01.520,0.8765,0.87661,3.75,1.00
2017.08.04 12:57:01.622,0.8765,0.87661,1.12,1.87
2017.08.04 12:57:02.089,0.87649,0.87659,1.87,1.00
2017.08.04 12:57:02.191,0.87651,0.87661,1.00,1.12
2017.08.04 12:57:02.700,0.87652,0.87663,1.00,2.62
2017.08.04 12:57:03.020,0.87647,0.8766,2.62,1.87
2017.08.04 12:57:03.072,0.87647,0.87658,3.37,1.00
2017.08.04 12:57:03.382,0.87641,0.87651,2.62,1.50
2017.08.04 12:57:03.536,0.87638,0.87649,1.69,1.00
2017.08.04 12:57:03.639,0.87636,0.87649,2.25,3.37
2017.08.04 12:57:04.423,0.87638,0.87648,1.00,1.50
2017.08.04 12:57:05.305,0.87635,0.87644,1.50,1.00
2017.08.04 12:57:05.655,0.87629,0.8764,1.50,1.50
2017.08.04 12:57:06.163,0.87626,0.87638,3.37,1.00
2017.08.04 12:57:06.215,0.87624,0.87635,3.37,1.00
2017.08.04 12:57:06.564,0.87624,0.87633,1.00,1.12
2017.08.04 12:57:07.075,0.87625,0.87633,1.00,1.12
2017.08.04 12:57:07.126,0.87623,0.87632,1.87,1.00
2017.08.04 12:57:07.359,0.87621,0.87631,1.50,1.50
2017.08.04 12:57:07.411,0.87624,0.87631,1.00,1.50
2017.08.04 12:57:07.566,0.87624,0.87636,1.50,4.12
2017.08.04 12:57:07.617,0.87624,0.87636,4.12,1.50
2017.08.04 12:57:08.127,0.87629,0.87639,1.00,1.00
2017.08.04 12:57:08.663,0.87628,0.87638,1.50,1.00
2017.08.04 12:57:09.123,0.87625,0.87636,1.00,1.00
2017.08.04 12:57:09.368,0.87622,0.87633,2.62,1.12
2017.08.04 12:57:09.572,0.87621,0.87633,2.25,3.37
2017.08.04 12:57:09.826,0.87623,0.87633,1.00,3.37
2017.08.04 12:57:10.274,0.87623,0.87633,1.00,1.00
2017.08.04 12:57:10.377,0.87621,0.87633,2.62,3.37
2017.08.04 12:57:10.686,0.87629,0.87637,1.00,2.62
2017.08.04 12:57:10.737,0.8763,0.8764,1.00,2.62
2017.08.04 12:57:10.839,0.87629,0.8764,1.00,1.00
2017.08.04 12:57:11.361,0.87629,0.87641,1.75,1.12
2017.08.04 12:57:11.668,0.87627,0.87638,1.12,1.50
2017.08.04 12:57:12.207,0.87626,0.87636,1.12,1.00
2017.08.04 12:57:12.818,0.87625,0.87636,1.87,1.00
2017.08.04 12:57:13.129,0.87627,0.87636,1.00,1.50
2017.08.04 12:57:13.662,0.87626,0.87636,1.00,4.12
2017.08.04 12:57:14.045,0.8763,0.87636,1.00,2.62
2017.08.04 12:57:14.147,0.8763,0.87639,1.00,3.37
2017.08.04 12:57:14.284,0.8763,0.87639,1.00,1.12
2017.08.04 12:57:14.641,0.87632,0.87641,1.00,1.50
2017.08.04 12:57:14.845,0.8763,0.87643,1.50,3.37
2017.08.04 12:57:15.049,0.87629,0.8764,1.37,1.37
2017.08.04 12:57:16.163,0.87631,0.8764,1.00,1.37
2017.08.04 12:57:16.469,0.87635,0.87644,2.62,1.50
2017.08.04 12:57:16.571,0.87632,0.87642,1.50,1.00
2017.08.04 12:57:16.673,0.8763,0.8764,1.37,1.37
2017.08.04 12:57:16.826,0.87631,0.87641,1.00,1.87
2017.08.04 12:57:16.980,0.87633,0.87642,1.00,1.50
2017.08.04 12:57:17.032,0.8763,0.87642,2.62,1.37
2017.08.04 12:57:17.431,0.87633,0.87641,1.00,1.12
2017.08.04 12:57:17.584,0.87631,0.87643,3.37,1.12
2017.08.04 12:57:17.788,0.8763,0.87643,1.50,4.87
2017.08.04 12:57:18.094,0.87632,0.87643,1.50,1.00
2017.08.04 12:57:19.388,0.87632,0.87641,1.50,1.00
2017.08.04 12:57:19.694,0.87631,0.87639,2.62,1.00
2017.08.04 12:57:20.231,0.8763,0.87638,2.62,1.00
2017.08.04 12:57:20.384,0.87627,0.87638,1.37,1.00
2017.08.04 12:57:20.436,0.87632,0.8764,1.00,4.12
2017.08.04 12:57:20.625,0.87635,0.87643,1.00,1.00
2017.08.04 12:57:20.781,0.87636,0.87647,1.00,1.50
2017.08.04 12:57:20.934,0.87639,0.87647,1.00,1.50
2017.08.04 12:57:21.190,0.87639,0.87648,1.50,1.00
2017.08.04 12:57:21.705,0.87638,0.87648,1.50,1.00
2017.08.04 12:57:22.687,0.87636,0.87647,1.50,1.00
2017.08.04 12:57:22.789,0.87635,0.87645,3.37,1.00
2017.08.04 12:57:23.293,0.87636,0.87646,1.50,1.50
2017.08.04 12:57:23.801,0.87636,0.87645,1.50,1.00
2017.08.04 12:57:24.303,0.87636,0.87644,1.00,1.00
2017.08.04 12:57:24.405,0.87633,0.87644,1.50,1.00
2017.08.04 12:57:24.712,0.87634,0.87643,1.00,3.37
2017.08.04 12:57:24.815,0.87634,0.87643,1.00,1.00
2017.08.04 12:57:25.362,0.87634,0.87643,2.25,1.00
2017.08.04 12:57:25.861,0.87633,0.87643,1.00,1.00
2017.08.04 12:57:25.912,0.87635,0.87643,1.00,1.00
2017.08.04 12:57:26.240,0.87635,0.87646,3.37,1.87
2017.08.04 12:57:26.883,0.87636,0.87647,2.25,1.87
2017.08.04 12:57:26.934,0.87636,0.87647,4.12,1.87
2017.08.04 12:57:27.442,0.87642,0.87646,1.00,1.00
2017.08.04 12:57:27.595,0.87642,0.87648,1.50,1.12
2017.08.04 12:57:27.689,0.87644,0.87648,1.00,1.12
2017.08.04 12:57:27.893,0.87636,0.87648,4.12,2.62
2017.08.04 12:57:28.046,0.87636,0.87646,3.37,1.00
2017.08.04 12:57:28.382,0.87621,0.87625,1.00,1.00
2017.08.04 12:57:28.434,0.8761,0.87616,1.50,1.00
2017.08.04 12:57:28.486,0.8761,0.87615,1.37,1.00
2017.08.04 12:57:28.588,0.8761,0.87616,2.25,1.12
2017.08.04 12:57:28.639,0.87604,0.87616,3.37,2.25
2017.08.04 12:57:28.741,0.87604,0.87616,1.00,3.00
2017.08.04 12:57:28.792,0.87603,0.87616,3.56,3.00
2017.08.04 12:57:29.140,0.87602,0.87614,1.50,1.12
2017.08.04 12:57:29.344,0.87605,0.87614,1.00,1.12
2017.08.04 12:57:29.598,0.87606,0.87618,1.12,1.87
2017.08.04 12:57:30.075,0.87609,0.8762,1.00,3.37
2017.08.04 12:57:30.383,0.87617,0.87627,1.00,2.62
2017.08.04 12:57:30.535,0.87616,0.87629,4.12,1.00
2017.08.04 12:57:30.586,0.87616,0.87627,3.37,1.12
2017.08.04 12:57:30.838,0.87613,0.87626,3.00,1.00
2017.08.04 12:57:30.994,0.87613,0.87624,1.37,1.12
2017.08.04 12:57:31.045,0.87613,0.87624,1.00,1.50
2017.08.04 12:57:31.712,0.87621,0.87628,1.00,2.62
2017.08.04 12:57:31.814,0.87619,0.87631,2.25,3.37
2017.08.04 12:57:31.916,0.87621,0.87633,2.25,1.50
2017.08.04 12:57:32.018,0.87621,0.87633,4.12,1.00
2017.08.04 12:57:32.424,0.87619,0.8763,4.12,1.00
2017.08.04 12:57:32.677,0.87616,0.87629,3.37,2.25
2017.08.04 12:57:33.209,0.87619,0.87629,1.12,1.50
2017.08.04 12:57:33.413,0.8762,0.87634,1.12,4.12
2017.08.04 12:57:33.743,0.87618,0.8763,1.00,1.00
2017.08.04 12:57:34.316,0.87618,0.87632,2.25,1.50
2017.08.04 12:57:34.580,0.87623,0.87633,1.00,2.62
2017.08.04 12:57:34.733,0.87622,0.87635,1.50,3.37
2017.08.04 12:57:35.139,0.87622,0.87631,1.50,1.00
2017.08.04 12:57:35.241,0.87621,0.87631,1.00,1.50
2017.08.04 12:57:35.454,0.87621,0.8763,1.87,2.62
2017.08.04 12:57:35.556,0.87623,0.87634,1.00,1.12
2017.08.04 12:57:35.711,0.87623,0.87636,3.75,1.37
2017.08.04 12:57:36.018,0.8762,0.87629,2.25,1.00
2017.08.04 12:57:36.173,0.87618,0.87629,1.50,1.12
2017.08.04 12:57:36.224,0.8762,0.87631,1.00,1.50
2017.08.04 12:57:37.138,0.87619,0.87631,1.50,1.50
2017.08.04 12:57:37.189,0.87618,0.8763,1.87,1.00
2017.08.04 12:57:37.696,0.87618,0.87629,1.87,1.00
2017.08.04 12:57:37.799,0.87618,0.8763,2.62,1.50
2017.08.04 12:57:38.016,0.87618,0.8763,1.87,1.00
2017.08.04 12:57:38.067,0.87617,0.87629,4.12,1.87
2017.08.04 12:57:38.118,0.87617,0.87629,1.87,1.87
2017.08.04 12:57:38.322,0.87616,0.87627,1.50,1.00
2017.08.04 12:57:38.629,0.87623,0.87627,1.50,2.25
2017.08.04 12:57:38.680,0.87623,0.87629,1.12,2.62
2017.08.04 12:57:38.731,0.87627,0.87632,1.50,2.25
2017.08.04 12:57:38.884,0.8763,0.87638,4.12,2.62
2017.08.04 12:57:38.935,0.87633,0.87638,1.12,2.25
2017.08.04 12:57:38.986,0.87633,0.87641,1.50,2.25
2017.08.04 12:57:39.088,0.87635,0.87643,1.00,1.00
2017.08.04 12:57:39.295,0.87635,0.87644,1.75,1.00
2017.08.04 12:57:39.499,0.87637,0.87646,1.00,1.00
2017.08.04 12:57:39.708,0.87637,0.87651,2.62,4.12
2017.08.04 12:57:39.811,0.87639,0.87648,1.37,1.00
2017.08.04 12:57:40.014,0.87641,0.87652,1.12,1.37
2017.08.04 12:57:40.065,0.87641,0.87645,1.00,1.00
2017.08.04 12:57:40.167,0.87641,0.87648,1.00,1.87
2017.08.04 12:57:40.218,0.87638,0.87643,2.25,1.00
2017.08.04 12:57:40.270,0.87634,0.87643,3.56,1.00
2017.08.04 12:57:40.526,0.87636,0.87647,1.37,1.12
2017.08.04 12:57:40.784,0.87637,0.87649,4.12,1.12
2017.08.04 12:57:41.140,0.87639,0.8765,3.00,1.12
2017.08.04 12:57:41.191,0.87642,0.87652,1.00,1.00
2017.08.04 12:57:41.295,0.87642,0.87654,1.50,1.00
2017.08.04 12:57:41.398,0.87644,0.87656,1.00,2.25
2017.08.04 12:57:41.747,0.87644,0.87653,1.00,1.00
2017.08.04 12:57:41.900,0.87639,0.8765,1.31,1.00
2017.08.04 12:57:42.521,0.87637,0.8765,2.62,1.87
2017.08.04 12:57:42.572,0.87638,0.87646,1.00,1.12
2017.08.04 12:57:42.726,0.87635,0.87648,1.50,2.62
2017.08.04 12:57:42.777,0.87635,0.87649,3.75,3.37
2017.08.04 12:57:42.828,0.87635,0.87648,2.62,1.50
2017.08.04 12:57:42.880,0.87637,0.87647,2.25,1.00
2017.08.04 12:57:43.034,0.87631,0.87644,3.37,1.00
2017.08.04 12:57:43.154,0.87632,0.87644,1.00,1.50
2017.08.04 12:57:43.206,0.87629,0.87642,1.87,1.00
2017.08.04 12:57:43.410,0.87625,0.87639,3.56,1.12
2017.08.04 12:57:43.462,0.87626,0.87637,1.00,1.00
2017.08.04 12:57:43.616,0.87624,0.87639,1.12,3.37
2017.08.04 12:57:43.667,0.87625,0.87637,2.25,1.00
2017.08.04 12:57:43.973,0.87631,0.87642,2.25,2.25
2017.08.04 12:57:44.026,0.87631,0.87646,3.37,1.12
2017.08.04 12:57:44.182,0.87634,0.87646,2.25,1.00
2017.08.04 12:57:44.335,0.87633,0.87644,1.00,1.00
2017.08.04 12:57:44.831,0.8763,0.87642,3.37,1.12
2017.08.04 12:57:45.140,0.87633,0.87644,1.37,2.25
2017.08.04 12:57:45.191,0.87634,0.87646,1.00,1.00
2017.08.04 12:57:45.496,0.87633,0.87646,1.00,2.62
2017.08.04 12:57:46.031,0.8763,0.87643,3.37,1.00
2017.08.04 12:57:46.339,0.8763,0.8764,1.00,1.50
2017.08.04 12:57:46.680,0.87635,0.87646,2.62,1.00
2017.08.04 12:57:46.993,0.87636,0.87646,1.87,1.75
2017.08.04 12:57:47.197,0.87638,0.87649,1.00,1.00
2017.08.04 12:57:47.534,0.87644,0.87652,1.00,2.62
2017.08.04 12:57:47.587,0.87644,0.87654,1.00,2.62
2017.08.04 12:57:47.689,0.87642,0.87656,2.62,1.50
2017.08.04 12:57:47.893,0.87642,0.87656,1.12,3.37
2017.08.04 12:57:48.097,0.87641,0.87654,1.12,1.75
2017.08.04 12:57:48.427,0.87641,0.87652,1.12,2.62
2017.08.04 12:57:48.785,0.8764,0.87648,1.00,1.37
2017.08.04 12:57:48.836,0.87635,0.87646,1.12,1.12
2017.08.04 12:57:48.888,0.87635,0.87646,1.00,3.00
2017.08.04 12:57:48.989,0.87634,0.87648,4.50,2.62
2017.08.04 12:57:49.539,0.87635,0.87648,1.87,2.62
2017.08.04 12:57:49.692,0.87636,0.87644,1.00,1.12
2017.08.04 12:57:49.743,0.87633,0.87642,1.00,1.00
2017.08.04 12:57:49.904,0.87631,0.87642,1.00,1.00
2017.08.04 12:57:50.007,0.87632,0.87645,1.87,4.12
2017.08.04 12:57:50.059,0.87634,0.87644,1.00,1.00
2017.08.04 12:57:50.130,0.87632,0.87644,1.00,3.37
2017.08.04 12:57:50.232,0.87631,0.87646,3.37,2.25
2017.08.04 12:57:50.386,0.87632,0.87644,1.12,1.37
2017.08.04 12:57:50.742,0.87629,0.87642,1.50,1.50
2017.08.04 12:57:50.895,0.87629,0.87641,1.12,2.25
2017.08.04 12:57:51.231,0.87629,0.87641,1.12,1.00
2017.08.04 12:57:51.396,0.87633,0.87643,1.00,1.37
2017.08.04 12:57:51.549,0.87629,0.87641,1.87,1.37
2017.08.04 12:57:51.600,0.87629,0.8764,1.37,2.25
2017.08.04 12:57:51.753,0.87633,0.87644,1.12,1.12
2017.08.04 12:57:51.857,0.87631,0.87641,3.37,1.00
2017.08.04 12:57:52.288,0.87635,0.87645,1.00,2.62
2017.08.04 12:57:52.339,0.87635,0.87648,1.12,2.62
2017.08.04 12:57:52.645,0.87636,0.87648,1.12,2.25
2017.08.04 12:57:52.899,0.87636,0.87648,3.75,1.00
2017.08.04 12:57:53.896,0.87636,0.87646,3.37,1.00
2017.08.04 12:57:54.169,0.87637,0.87648,1.00,1.00
2017.08.04 12:57:54.423,0.87637,0.87645,1.00,1.87
2017.08.04 12:57:54.576,0.87629,0.8764,1.00,3.37
2017.08.04 12:57:54.678,0.87629,0.8764,1.87,3.37
2017.08.04 12:57:54.780,0.87631,0.87644,1.87,2.62
2017.08.04 12:57:54.925,0.87634,0.87645,3.00,1.12
2017.08.04 12:57:54.977,0.87635,0.87647,1.50,1.12
2017.08.04 12:57:55.232,0.87636,0.87649,4.12,1.50
2017.08.04 12:57:55.691,0.8764,0.87649,1.00,1.00
2017.08.04 12:57:55.853,0.87639,0.87652,1.50,1.50
2017.08.04 12:57:55.956,0.8764,0.87653,1.12,3.37
2017.08.04 12:57:56.058,0.87643,0.87654,1.00,1.00
2017.08.04 12:57:56.211,0.87642,0.87654,1.37,2.62
2017.08.04 12:57:56.603,0.87641,0.87654,1.50,2.62
2017.08.04 12:57:56.858,0.87643,0.87654,1.00,3.37
2017.08.04 12:57:56.961,0.87645,0.87656,1.12,1.50
2017.08.04 12:57:57.165,0.87642,0.87655,3.37,4.12
2017.08.04 12:57:57.534,0.87643,0.87654,3.37,1.12
2017.08.04 12:57:57.687,0.87642,0.87655,3.75,1.12
2017.08.04 12:57:58.044,0.87645,0.87657,3.00,1.37
2017.08.04 12:57:58.573,0.87645,0.87655,2.62,1.00
2017.08.04 12:57:58.676,0.87644,0.87655,1.50,1.12
2017.08.04 12:57:59.209,0.87643,0.87654,4.12,1.00
2017.08.04 12:57:59.463,0.87645,0.87656,3.37,1.12
2017.08.04 12:58:00.146,0.87649,0.87659,1.37,2.62
2017.08.04 12:58:00.197,0.87649,0.8766,1.37,1.87
2017.08.04 12:58:00.248,0.87647,0.87659,2.62,2.25
2017.08.04 12:58:00.452,0.87645,0.87658,3.37,1.87
2017.08.04 12:58:00.792,0.87649,0.87659,1.12,1.35
2017.08.04 12:58:01.098,0.87647,0.87658,1.12,2.62
2017.08.04 12:58:01.408,0.87656,0.87662,1.12,3.00
2017.08.04 12:58:01.459,0.87657,0.87667,1.37,1.31
2017.08.04 12:58:01.562,0.87658,0.87671,1.87,2.62
2017.08.04 12:58:01.715,0.87662,0.87674,1.50,1.50
2017.08.04 12:58:01.770,0.87664,0.87674,1.50,1.00
2017.08.04 12:58:02.089,0.87664,0.87676,3.37,1.00
2017.08.04 12:58:02.348,0.87661,0.87673,1.50,1.12
2017.08.04 12:58:02.555,0.87665,0.87675,1.00,2.62
2017.08.04 12:58:02.709,0.87666,0.87678,1.00,3.37
2017.08.04 12:58:02.963,0.87664,0.87675,1.50,1.37
2017.08.04 12:58:03.542,0.8766,0.87673,3.75,1.37
2017.08.04 12:58:03.593,0.8766,0.8767,1.12,1.12
2017.08.04 12:58:03.747,0.87658,0.87669,1.50,1.50
2017.08.04 12:58:04.408,0.87658,0.87669,1.50,1.00
2017.08.04 12:58:04.765,0.87658,0.87668,1.37,3.00
2017.08.04 12:58:04.892,0.87656,0.87666,1.12,1.00
2017.08.04 12:58:04.995,0.87654,0.87663,1.00,1.00
2017.08.04 12:58:05.251,0.87651,0.87662,1.50,1.00
2017.08.04 12:58:05.660,0.87649,0.87661,1.12,1.50
2017.08.04 12:58:06.726,0.87649,0.87659,1.12,1.00
2017.08.04 12:58:07.036,0.87645,0.87654,2.25,1.00
2017.08.04 12:58:07.087,0.87643,0.87654,1.75,1.00
2017.08.04 12:58:07.189,0.87643,0.87654,1.12,3.37
2017.08.04 12:58:07.937,0.87644,0.87654,1.12,2.25
2017.08.04 12:58:07.988,0.87644,0.87657,1.50,4.87
2017.08.04 12:58:08.502,0.87645,0.87656,1.00,2.25
2017.08.04 12:58:08.606,0.87645,0.87656,1.00,1.12
2017.08.04 12:58:08.658,0.87647,0.87658,1.00,2.62
2017.08.04 12:58:08.761,0.87647,0.87658,1.00,1.50
2017.08.04 12:58:08.864,0.87645,0.87657,2.25,1.50
2017.08.04 12:58:09.190,0.87638,0.87649,1.62,1.50
2017.08.04 12:58:10.791,0.87637,0.87646,2.62,1.00
2017.08.04 12:58:10.893,0.87634,0.87646,2.62,1.00
2017.08.04 12:58:11.004,0.87633,0.87646,1.50,1.75
2017.08.04 12:58:12.179,0.87631,0.87644,3.37,3.00
2017.08.04 12:58:12.231,0.87631,0.87644,1.12,3.37
2017.08.04 12:58:12.637,0.8763,0.87642,1.87,2.62
2017.08.04 12:58:12.892,0.87629,0.8764,1.00,1.50
2017.08.04 12:58:12.943,0.87629,0.87638,1.00,1.00
2017.08.04 12:58:13.295,0.87632,0.87644,1.12,1.75
2017.08.04 12:58:13.397,0.87633,0.87645,1.12,1.50
2017.08.04 12:58:13.550,0.87631,0.87641,3.37,1.00
2017.08.04 12:58:13.918,0.87627,0.87634,2.25,3.00
2017.08.04 12:58:13.973,0.8762,0.87633,1.50,4.12
2017.08.04 12:58:14.077,0.87621,0.87633,2.62,2.62
2017.08.04 12:58:14.180,0.87624,0.87637,1.12,3.37
2017.08.04 12:58:14.630,0.87625,0.87637,1.50,2.62
2017.08.04 12:58:14.682,0.87626,0.87637,1.00,1.00
2017.08.04 12:58:14.785,0.87626,0.87638,2.62,1.00
2017.08.04 12:58:14.989,0.87624,0.87636,2.25,1.12
2017.08.04 12:58:15.769,0.87623,0.87637,3.00,5.25
2017.08.04 12:58:15.820,0.87623,0.87636,1.12,2.62
2017.08.04 12:58:16.084,0.87624,0.87635,3.75,1.00
2017.08.04 12:58:16.391,0.8763,0.87641,1.87,2.62
2017.08.04 12:58:16.493,0.87631,0.87642,1.12,1.50
2017.08.04 12:58:17.684,0.87632,0.87644,1.00,3.37
2017.08.04 12:58:17.786,0.87632,0.87643,1.12,1.00
2017.08.04 12:58:18.032,0.87629,0.87639,1.37,1.12
2017.08.04 12:58:18.184,0.87628,0.87639,1.12,1.50
2017.08.04 12:58:18.338,0.87628,0.87639,1.50,1.50
2017.08.04 12:58:18.492,0.87633,0.87643,2.62,1.00
2017.08.04 12:58:18.594,0.8763,0.87643,2.25,1.75
2017.08.04 12:58:18.734,0.87633,0.87644,1.00,2.62
2017.08.04 12:58:18.791,0.87633,0.87645,1.12,3.37
2017.08.04 12:58:19.046,0.87632,0.87643,1.37,2.62
2017.08.04 12:58:19.098,0.87631,0.87641,1.00,1.00
2017.08.04 12:58:19.459,0.87628,0.87639,2.25,1.00
2017.08.04 12:58:19.602,0.87626,0.87639,3.37,1.12
2017.08.04 12:58:19.704,0.87627,0.87639,1.50,2.62
2017.08.04 12:58:19.807,0.87627,0.87639,3.00,1.12
2017.08.04 12:58:20.061,0.87627,0.87638,1.37,1.37
2017.08.04 12:58:20.163,0.87626,0.87637,1.12,1.50
2017.08.04 12:58:20.265,0.87628,0.87639,1.00,2.62
2017.08.04 12:58:20.521,0.87628,0.87639,1.12,1.12
2017.08.04 12:58:20.623,0.87627,0.87638,1.12,2.62
2017.08.04 12:58:20.979,0.87629,0.87638,1.00,2.25
2017.08.04 12:58:21.030,0.87629,0.87639,1.00,1.12
2017.08.04 12:58:21.231,0.87626,0.87636,1.00,2.62
2017.08.04 12:58:21.435,0.87627,0.87638,1.12,2.62
2017.08.04 12:58:22.321,0.87624,0.87635,2.62,1.12
2017.08.04 12:58:22.424,0.87624,0.87635,1.00,3.37
2017.08.04 12:58:23.027,0.87625,0.87637,1.00,3.37
2017.08.04 12:58:23.332,0.87621,0.8763,1.00,2.62
2017.08.04 12:58:23.383,0.87619,0.8763,1.50,2.62
2017.08.04 12:58:23.987,0.87618,0.8763,1.50,2.62
2017.08.04 12:58:24.501,0.87618,0.87627,1.00,1.00
2017.08.04 12:58:25.012,0.87618,0.87628,1.50,3.37
2017.08.04 12:58:25.369,0.87621,0.87628,1.00,2.62
2017.08.04 12:58:25.522,0.87621,0.87633,2.62,3.37
2017.08.04 12:58:26.093,0.87622,0.87632,1.00,3.37
2017.08.04 12:58:27.603,0.87621,0.87632,1.50,3.37
2017.08.04 12:58:28.507,0.87629,0.87632,1.00,3.00
2017.08.04 12:58:28.659,0.87627,0.87634,1.00,1.00
2017.08.04 12:58:28.711,0.87627,0.87638,2.25,1.00
2017.08.04 12:58:28.892,0.87625,0.87638,2.25,3.00
2017.08.04 12:58:29.200,0.87623,0.87633,1.50,3.37
2017.08.04 12:58:29.624,0.8762,0.87631,1.12,1.12
2017.08.04 12:58:29.765,0.87619,0.87629,1.00,1.50
2017.08.04 12:58:30.071,0.8762,0.87632,1.50,3.37
2017.08.04 12:58:30.611,0.8762,0.8763,1.50,1.00
2017.08.04 12:58:31.133,0.87618,0.87629,1.00,1.50
2017.08.04 12:58:31.465,0.87621,0.8763,1.00,1.00
2017.08.04 12:58:32.519,0.87623,0.8763,1.00,1.00
2017.08.04 12:58:32.774,0.87625,0.87635,1.12,2.25
2017.08.04 12:58:32.980,0.87625,0.87637,2.62,2.25
2017.08.04 12:58:33.186,0.87624,0.87635,1.12,1.50
2017.08.04 12:58:33.288,0.87624,0.87636,3.75,2.25
2017.08.04 12:58:33.392,0.87625,0.87637,2.62,2.25
2017.08.04 12:58:34.286,0.87625,0.87633,2.62,1.00
2017.08.04 12:58:34.584,0.87622,0.87633,1.00,1.50
2017.08.04 12:58:35.114,0.87624,0.87632,1.00,1.12
2017.08.04 12:58:35.266,0.87624,0.87636,1.12,3.37
2017.08.04 12:58:35.369,0.87624,0.87636,1.87,1.12
2017.08.04 12:58:35.602,0.87624,0.87635,1.87,1.37
2017.08.04 12:58:35.898,0.87623,0.87635,1.50,3.37
2017.08.04 12:58:35.949,0.87623,0.8763,1.00,1.00
2017.08.04 12:58:36.153,0.87617,0.87629,1.12,3.37
2017.08.04 12:58:36.357,0.87618,0.87629,1.00,1.00
2017.08.04 12:58:37.491,0.87619,0.87629,1.00,1.00
2017.08.04 12:58:37.740,0.87623,0.87629,1.00,1.00
2017.08.04 12:58:37.842,0.87621,0.87631,1.12,2.25
2017.08.04 12:58:37.894,0.87622,0.87633,1.00,1.37
2017.08.04 12:58:37.996,0.87622,0.87629,2.25,1.00
2017.08.04 12:58:38.098,0.87618,0.87627,2.25,1.12
2017.08.04 12:58:38.199,0.87617,0.87627,1.00,1.50
2017.08.04 12:58:38.700,0.8762,0.87627,1.00,1.00
2017.08.04 12:58:38.954,0.8762,0.87631,1.50,1.75
2017.08.04 12:58:39.056,0.8762,0.87631,1.50,1.00
2017.08.04 12:58:39.305,0.87623,0.87634,1.00,2.62
2017.08.04 12:58:39.610,0.87622,0.87635,4.87,2.62
2017.08.04 12:58:40.143,0.87623,0.87636,1.75,1.50
2017.08.04 12:58:40.400,0.87623,0.87635,1.00,3.00
2017.08.04 12:58:40.705,0.87623,0.87635,1.75,1.50
2017.08.04 12:58:41.222,0.87624,0.87636,1.50,1.12
2017.08.04 12:58:41.821,0.87626,0.87637,1.00,2.25
2017.08.04 12:58:42.332,0.87625,0.87637,1.12,2.25
2017.08.04 12:58:42.683,0.8763,0.8764,1.00,1.00
2017.08.04 12:58:43.202,0.87629,0.87639,1.50,1.00
2017.08.04 12:58:43.534,0.87621,0.87634,2.62,2.62
2017.08.04 12:58:43.585,0.87621,0.87633,1.50,1.12
2017.08.04 12:58:43.840,0.87623,0.87635,1.37,2.25
2017.08.04 12:58:43.891,0.87623,0.87636,3.37,1.12
2017.08.04 12:58:44.208,0.87626,0.87637,2.62,2.25
2017.08.04 12:58:44.514,0.87624,0.87636,2.25,1.12
2017.08.04 12:58:44.769,0.87623,0.87635,2.62,1.75
2017.08.04 12:58:45.067,0.87622,0.87633,1.00,1.75
2017.08.04 12:58:45.223,0.87622,0.87635,1.87,4.12
2017.08.04 12:58:45.427,0.87622,0.87634,4.87,1.87
2017.08.04 12:58:45.631,0.87624,0.87635,1.50,1.50
2017.08.04 12:58:46.134,0.87625,0.87635,1.00,1.00
2017.08.04 12:58:46.677,0.87624,0.87635,1.00,1.00
2017.08.04 12:58:47.185,0.87625,0.87633,2.62,1.00
2017.08.04 12:58:47.287,0.87622,0.87635,2.62,1.00
2017.08.04 12:58:47.338,0.87622,0.87633,2.62,1.00
2017.08.04 12:58:47.390,0.87622,0.87635,2.25,3.97
2017.08.04 12:58:47.695,0.87624,0.87635,1.50,1.12
2017.08.04 12:58:48.299,0.87623,0.87633,1.75,1.00
2017.08.04 12:58:48.451,0.8762,0.87632,3.37,1.72
2017.08.04 12:58:48.503,0.8762,0.87629,3.37,1.00
2017.08.04 12:58:48.618,0.8762,0.87629,1.00,1.00
2017.08.04 12:58:48.721,0.87618,0.87628,1.00,1.50
2017.08.04 12:58:49.271,0.87616,0.87629,1.50,4.12
2017.08.04 12:58:49.612,0.87619,0.8763,4.12,1.50
2017.08.04 12:58:50.121,0.87618,0.87631,3.37,2.25
2017.08.04 12:58:50.457,0.87619,0.87626,2.25,1.00
2017.08.04 12:58:50.509,0.87615,0.87626,2.62,1.00
2017.08.04 12:58:50.814,0.87614,0.87626,4.12,1.87
2017.08.04 12:58:51.120,0.87614,0.87625,1.12,1.87
2017.08.04 12:58:51.431,0.87614,0.87627,4.87,1.37
2017.08.04 12:58:51.838,0.87614,0.87624,2.62,1.00
2017.08.04 12:58:52.371,0.87614,0.87626,3.37,1.50
2017.08.04 12:58:53.072,0.87618,0.87627,1.00,1.00
2017.08.04 12:58:53.327,0.87618,0.87629,1.50,1.87
2017.08.04 12:58:53.683,0.87621,0.87632,1.00,1.75
2017.08.04 12:58:54.230,0.87618,0.87628,2.62,2.25
2017.08.04 12:58:54.434,0.87613,0.87626,4.87,1.00
2017.08.04 12:58:54.638,0.87616,0.87625,1.00,2.62
2017.08.04 12:58:54.828,0.87615,0.87626,3.37,1.87
2017.08.04 12:58:55.031,0.87615,0.87626,1.00,4.12
2017.08.04 12:58:55.083,0.87613,0.87624,2.62,1.12
2017.08.04 12:58:55.186,0.87614,0.87624,2.25,1.12
2017.08.04 12:58:55.338,0.87612,0.87624,2.25,1.50
2017.08.04 12:58:55.700,0.87616,0.87625,1.00,1.00
2017.08.04 12:58:55.904,0.87614,0.87625,1.12,1.37
2017.08.04 12:58:56.498,0.87612,0.87624,2.25,1.37
2017.08.04 12:58:56.557,0.87616,0.87625,1.00,2.62
2017.08.04 12:58:56.711,0.87616,0.87627,1.12,2.62
2017.08.04 12:58:57.669,0.87619,0.87627,1.50,2.25
2017.08.04 12:58:57.720,0.87619,0.87629,1.50,1.75
2017.08.04 12:58:57.822,0.87622,0.87634,1.00,2.62
2017.08.04 12:58:58.026,0.8762,0.87632,1.12,1.50
2017.08.04 12:58:58.954,0.87618,0.87628,3.37,1.00
2017.08.04 12:58:59.310,0.87622,0.8763,1.00,4.12
2017.08.04 12:58:59.537,0.87623,0.87634,3.37,1.00
2017.08.04 12:58:59.792,0.87623,0.87636,3.37,1.87
2017.08.04 12:59:00.148,0.87627,0.87638,1.37,2.62
2017.08.04 12:59:00.250,0.87628,0.87639,1.00,1.00
2017.08.04 12:59:00.759,0.87629,0.87639,1.50,1.00
2017.08.04 12:59:00.862,0.87629,0.87641,2.62,2.62
2017.08.04 12:59:01.167,0.87633,0.87644,1.00,1.37
2017.08.04 12:59:01.636,0.8763,0.87642,3.37,1.50
2017.08.04 12:59:01.739,0.87629,0.87642,1.50,2.62
2017.08.04 12:59:02.249,0.87631,0.87642,1.12,2.25
2017.08.04 12:59:02.555,0.87641,0.87644,1.87,1.12
2017.08.04 12:59:02.657,0.87645,0.87655,1.12,1.00
2017.08.04 12:59:02.708,0.87645,0.87655,1.12,2.25
2017.08.04 12:59:02.862,0.87647,0.87658,2.25,2.25
2017.08.04 12:59:03.155,0.87648,0.87658,3.00,1.00
2017.08.04 12:59:03.309,0.87649,0.87661,2.62,1.50
2017.08.04 12:59:03.514,0.87649,0.87659,2.62,1.00
2017.08.04 12:59:03.761,0.87649,0.87659,1.12,1.00
2017.08.04 12:59:03.964,0.87649,0.87661,2.62,2.25
2017.08.04 12:59:04.271,0.87649,0.87658,1.00,1.00
2017.08.04 12:59:04.785,0.87649,0.87659,1.50,1.00
2017.08.04 12:59:05.093,0.87651,0.8766,1.00,1.00
2017.08.04 12:59:05.195,0.87651,0.87663,1.87,1.50
2017.08.04 12:59:05.337,0.87652,0.87663,2.62,1.12
2017.08.04 12:59:05.693,0.87651,0.87663,1.87,2.25
2017.08.04 12:59:06.194,0.8765,0.87662,2.25,1.87
2017.08.04 12:59:06.256,0.87649,0.87659,2.62,1.00
2017.08.04 12:59:06.358,0.87649,0.87659,1.00,1.00
2017.08.04 12:59:06.512,0.87651,0.8766,1.00,2.62
2017.08.04 12:59:06.564,0.87651,0.87661,1.00,1.12
2017.08.04 12:59:06.666,0.87651,0.87661,3.37,1.00
2017.08.04 12:59:07.187,0.87651,0.87662,4.87,1.00
2017.08.04 12:59:07.698,0.87651,0.87663,1.12,1.75
2017.08.04 12:59:08.002,0.87651,0.87663,1.50,1.12
2017.08.04 12:59:08.546,0.87653,0.87662,1.00,1.00
2017.08.04 12:59:08.750,0.87651,0.87662,2.25,1.00
2017.08.04 12:59:09.103,0.87651,0.87662,4.12,1.00
2017.08.04 12:59:09.462,0.87651,0.87659,2.25,1.00
2017.08.04 12:59:09.514,0.8765,0.87659,1.00,1.00
2017.08.04 12:59:09.779,0.87649,0.87659,1.00,3.37
2017.08.04 12:59:10.089,0.87653,0.87663,1.12,1.37
2017.08.04 12:59:10.242,0.87653,0.87663,1.50,1.37
2017.08.04 12:59:10.344,0.87655,0.87665,1.00,1.00
2017.08.04 12:59:10.592,0.87655,0.87666,3.37,1.37
2017.08.04 12:59:10.899,0.87656,0.87667,1.50,1.87
2017.08.04 12:59:11.002,0.87655,0.87665,3.37,1.00
2017.08.04 12:59:11.206,0.87652,0.87663,1.12,4.12
2017.08.04 12:59:11.257,0.87658,0.87663,1.87,3.75
2017.08.04 12:59:11.309,0.87655,0.87663,1.00,3.37
2017.08.04 12:59:11.361,0.87664,0.87668,1.00,1.00
2017.08.04 12:59:11.466,0.87664,0.87669,1.00,1.00
2017.08.04 12:59:11.518,0.87668,0.87672,1.00,1.00
2017.08.04 12:59:11.621,0.87671,0.8768,1.00,2.62
2017.08.04 12:59:11.723,0.8767,0.87682,3.37,2.25
2017.08.04 12:59:11.927,0.8767,0.87681,1.12,1.00
2017.08.04 12:59:12.030,0.87668,0.8768,3.37,2.25
2017.08.04 12:59:12.348,0.87666,0.87678,1.75,2.25
2017.08.04 12:59:12.399,0.87667,0.8768,1.50,2.62
2017.08.04 12:59:12.603,0.87668,0.87681,4.12,1.50
2017.08.04 12:59:12.809,0.87667,0.8768,1.87,3.37
2017.08.04 12:59:12.913,0.87667,0.87677,2.62,1.12
2017.08.04 12:59:13.121,0.87665,0.87676,1.37,1.37
2017.08.04 12:59:13.275,0.87668,0.87677,1.00,2.25
2017.08.04 12:59:13.327,0.87668,0.8768,1.12,2.62
2017.08.04 12:59:13.685,0.87667,0.87677,1.50,1.00
2017.08.04 12:59:13.908,0.87666,0.87677,1.12,1.12
2017.08.04 12:59:14.887,0.87669,0.87679,1.00,2.62
2017.08.04 12:59:15.039,0.8767,0.87682,1.87,1.50
2017.08.04 12:59:15.345,0.87672,0.87683,1.87,1.50
2017.08.04 12:59:15.548,0.87672,0.87684,2.25,1.50
2017.08.04 12:59:15.651,0.8767,0.87683,4.87,1.12
2017.08.04 12:59:15.774,0.8767,0.87683,4.12,3.00
2017.08.04 12:59:16.029,0.87665,0.87678,2.62,3.37
2017.08.04 12:59:16.234,0.87664,0.87677,4.50,3.37
2017.08.04 12:59:16.541,0.8767,0.87681,3.37,1.00
2017.08.04 12:59:16.746,0.87668,0.8768,1.50,2.25
2017.08.04 12:59:16.798,0.87667,0.87678,2.25,1.12
2017.08.04 12:59:17.103,0.87666,0.87676,2.25,1.37
2017.08.04 12:59:17.154,0.87663,0.87675,2.25,1.00
2017.08.04 12:59:17.714,0.87666,0.87677,1.00,1.12
2017.08.04 12:59:18.021,0.87675,0.87686,2.25,1.25
2017.08.04 12:59:18.225,0.87678,0.8769,1.87,1.87
2017.08.04 12:59:18.276,0.87676,0.87687,3.37,1.00
2017.08.04 12:59:18.535,0.87675,0.87686,1.12,1.00
2017.08.04 12:59:18.740,0.87673,0.87686,4.87,1.12
2017.08.04 12:59:19.046,0.87675,0.87687,4.87,1.50
2017.08.04 12:59:19.554,0.87674,0.87686,1.75,1.50
2017.08.04 12:59:20.013,0.87674,0.87684,1.75,1.12
2017.08.04 12:59:20.328,0.87672,0.87683,2.62,1.12
2017.08.04 12:59:20.837,0.87674,0.87686,1.50,3.00
2017.08.04 12:59:21.345,0.87676,0.87686,1.12,1.00
2017.08.04 12:59:21.466,0.87676,0.87686,1.75,1.00
2017.08.04 12:59:22.101,0.87676,0.87687,1.75,1.00
2017.08.04 12:59:22.632,0.87676,0.87686,2.25,1.00
2017.08.04 12:59:22.966,0.87681,0.87687,1.00,1.00
2017.08.04 12:59:23.273,0.87679,0.87687,1.50,1.00
2017.08.04 12:59:23.784,0.87679,0.87689,2.25,1.00
2017.08.04 12:59:24.039,0.8768,0.87689,3.37,1.00
2017.08.04 12:59:24.141,0.8768,0.87689,1.12,1.00
2017.08.04 12:59:24.660,0.87678,0.87688,4.12,1.00
2017.08.04 12:59:25.171,0.87679,0.87689,1.00,1.50
2017.08.04 12:59:25.703,0.87678,0.8769,4.12,1.12
2017.08.04 12:59:25.908,0.87678,0.87687,2.25,1.00
2017.08.04 12:59:25.959,0.87676,0.87687,4.12,1.00
2017.08.04 12:59:26.213,0.8768,0.87687,1.12,1.00
2017.08.04 12:59:26.367,0.87684,0.87694,1.37,1.50
2017.08.04 12:59:26.469,0.87685,0.87696,1.00,1.12
2017.08.04 12:59:26.672,0.87685,0.87697,3.00,2.25
2017.08.04 12:59:26.987,0.87682,0.87691,2.25,3.37
2017.08.04 12:59:27.090,0.87677,0.87687,2.25,1.00
2017.08.04 12:59:27.194,0.87674,0.87685,3.00,1.00
2017.08.04 12:59:27.347,0.87674,0.87684,1.12,1.00
2017.08.04 12:59:27.893,0.87674,0.87684,1.50,1.00
2017.08.04 12:59:27.996,0.87674,0.87682,1.50,1.72
2017.08.04 12:59:28.279,0.87671,0.87682,1.00,1.50
2017.08.04 12:59:28.686,0.87676,0.87682,1.00,2.25
2017.08.04 12:59:29.032,0.87684,0.8769,1.00,1.37
2017.08.04 12:59:29.083,0.87684,0.87695,1.12,1.87
2017.08.04 12:59:29.663,0.87682,0.87691,2.62,1.00
2017.08.04 12:59:29.766,0.87681,0.87691,1.50,1.00
2017.08.04 12:59:29.955,0.87678,0.8769,4.12,1.50
2017.08.04 12:59:30.108,0.87677,0.87689,1.87,1.50
2017.08.04 12:59:30.357,0.87679,0.87689,1.00,1.50
2017.08.04 12:59:30.677,0.87682,0.87692,1.00,3.00
2017.08.04 12:59:30.730,0.87682,0.87692,1.00,1.50
2017.08.04 12:59:30.782,0.87682,0.8769,1.00,1.00
2017.08.04 12:59:31.036,0.87675,0.87686,1.12,3.37
2017.08.04 12:59:31.598,0.87674,0.87684,1.37,1.87
2017.08.04 12:59:31.906,0.87673,0.87683,1.00,1.50
2017.08.04 12:59:32.110,0.87669,0.87681,4.12,1.00
2017.08.04 12:59:32.212,0.8767,0.87681,1.12,2.62
2017.08.04 12:59:32.515,0.87672,0.87683,1.87,1.00
2017.08.04 12:59:33.023,0.87674,0.87684,1.12,1.12
2017.08.04 12:59:33.476,0.87674,0.87685,1.37,1.12
2017.08.04 12:59:33.783,0.87674,0.87683,1.50,1.00
2017.08.04 12:59:33.834,0.87674,0.87686,2.25,1.50
2017.08.04 12:59:33.993,0.87673,0.87683,3.00,1.00
2017.08.04 12:59:34.146,0.87671,0.87682,1.50,1.12
2017.08.04 12:59:34.197,0.87671,0.87681,1.50,1.37
2017.08.04 12:59:35.130,0.87669,0.87678,2.25,1.00
2017.08.04 12:59:35.183,0.87667,0.87678,1.87,1.37
2017.08.04 12:59:35.745,0.87669,0.87679,1.00,3.37
2017.08.04 12:59:35.942,0.87669,0.8768,1.00,1.00
2017.08.04 12:59:36.302,0.87671,0.8768,1.00,1.00
2017.08.04 12:59:36.608,0.87668,0.87678,1.00,3.37
2017.08.04 12:59:36.929,0.87666,0.87676,1.00,1.12
2017.08.04 12:59:37.452,0.87667,0.87677,1.00,1.50
2017.08.04 12:59:37.605,0.87667,0.87678,2.25,1.00
2017.08.04 12:59:38.132,0.87669,0.87679,1.00,1.87
2017.08.04 12:59:38.551,0.87667,0.87679,1.12,1.87
2017.08.04 12:59:38.809,0.87669,0.87678,1.00,1.50
2017.08.04 12:59:39.118,0.87671,0.87681,1.00,4.50
2017.08.04 12:59:40.035,0.87671,0.87679,1.00,1.50
2017.08.04 12:59:40.548,0.8767,0.87679,1.00,1.12
2017.08.04 12:59:40.855,0.87674,0.87681,1.00,2.25
2017.08.04 12:59:40.906,0.87674,0.87684,1.00,1.37
2017.08.04 12:59:41.110,0.87671,0.87682,1.12,1.50
2017.08.04 12:59:41.459,0.87673,0.87683,1.00,2.25
2017.08.04 12:59:41.797,0.87675,0.87685,1.00,5.25
2017.08.04 12:59:42.311,0.87674,0.87684,1.00,1.50
2017.08.04 12:59:42.644,0.87677,0.87688,1.12,4.50
2017.08.04 12:59:43.050,0.87675,0.87685,3.00,1.50
2017.08.04 12:59:43.153,0.87675,0.87685,1.12,3.75
2017.08.04 12:59:43.531,0.87675,0.87683,1.00,2.62
2017.08.04 12:59:43.836,0.87675,0.87685,1.00,4.12
2017.08.04 12:59:43.939,0.87672,0.87682,1.37,1.12
2017.08.04 12:59:44.477,0.87673,0.87683,1.00,4.12
2017.08.04 12:59:45.015,0.87672,0.87683,1.12,1.50
2017.08.04 12:59:45.436,0.8767,0.87679,1.12,1.50
2017.08.04 12:59:45.744,0.87666,0.87676,1.00,1.12
2017.08.04 12:59:46.253,0.87667,0.87678,1.00,2.62
2017.08.04 12:59:46.920,0.87668,0.87678,1.00,2.62
2017.08.04 12:59:47.447,0.87667,0.87678,1.00,3.37
2017.08.04 12:59:47.622,0.87665,0.87677,1.12,1.50
2017.08.04 12:59:47.724,0.87663,0.87674,1.50,1.12
2017.08.04 12:59:48.031,0.87662,0.87673,1.05,3.37
2017.08.04 12:59:48.384,0.87661,0.87669,1.05,1.37
2017.08.04 12:59:48.436,0.87657,0.87668,1.80,2.62
2017.08.04 12:59:48.793,0.87656,0.87667,1.05,2.62
2017.08.04 12:59:48.844,0.87654,0.87664,2.17,1.00
2017.08.04 12:59:49.231,0.87653,0.87664,1.00,1.50
2017.08.04 12:59:49.436,0.87656,0.87664,1.00,1.50
2017.08.04 12:59:49.538,0.87653,0.87664,1.00,1.50
2017.08.04 12:59:50.064,0.87653,0.87664,1.05,1.37
2017.08.04 12:59:50.472,0.87653,0.87666,4.42,1.12
2017.08.04 12:59:50.644,0.87658,0.87669,1.37,4.12
2017.08.04 12:59:50.851,0.8766,0.87671,1.42,1.12
2017.08.04 12:59:50.954,0.87661,0.87672,1.50,1.37
2017.08.04 12:59:51.057,0.87663,0.87675,1.12,1.50
2017.08.04 12:59:51.338,0.87663,0.87674,1.00,2.62
2017.08.04 12:59:51.390,0.87663,0.87675,2.62,1.37
2017.08.04 12:59:51.442,0.87664,0.87676,3.37,1.37
2017.08.04 12:59:51.647,0.87667,0.87678,1.12,1.12
2017.08.04 12:59:52.341,0.87666,0.87676,1.50,1.00
2017.08.04 12:59:52.495,0.87664,0.87675,1.50,1.12
2017.08.04 12:59:53.045,0.87665,0.87676,1.50,1.00
2017.08.04 12:59:53.198,0.87665,0.87674,1.12,1.00
2017.08.04 12:59:53.741,0.87667,0.87675,1.00,2.25
2017.08.04 12:59:53.796,0.87667,0.87677,1.00,1.12
2017.08.04 12:59:54.102,0.87668,0.87681,3.00,2.62
2017.08.04 12:59:56.379,0.8767,0.87681,3.00,1.00
2017.08.04 12:59:56.889,0.87671,0.87682,1.50,1.12
2017.08.04 12:59:57.856,0.87674,0.87683,1.00,1.50
2017.08.04 12:59:57.910,0.87674,0.87685,1.50,1.50
2017.08.04 12:59:59.389,0.87674,0.87683,1.00,1.00
2017.08.04 12:59:59.491,0.87672,0.87683,1.12,1.12
2017.08.04 12:59:59.644,0.87671,0.87681,1.87,1.00
2017.08.04 12:59:59.780,0.87671,0.87683,1.37,1.87
