2008.12.29 20:00:00.068,0.74555,0.74605,1.20,1.40
2008.12.29 20:00:00.588,0.74555,0.7461,1.20,1.40
2008.12.29 20:00:01.128,0.7456,0.74615,1.20,1.40
2008.12.29 20:00:02.787,0.74565,0.74615,1.20,1.40
2008.12.29 20:00:03.167,0.7456,0.74615,1.20,1.40
2008.12.29 20:00:03.957,0.74565,0.74615,1.20,1.40
2008.12.29 20:00:04.357,0.7456,0.74615,1.20,1.40
2008.12.29 20:00:06.756,0.74565,0.74615,1.20,1.40
2008.12.29 20:00:07.566,0.7456,0.74615,1.20,1.40
2008.12.29 20:00:07.906,0.74565,0.74615,1.20,1.40
2008.12.29 20:00:08.376,0.7456,0.74615,1.20,1.40
2008.12.29 20:00:08.616,0.74565,0.74615,1.20,1.40
2008.12.29 20:00:09.016,0.7456,0.74615,1.20,1.40
2008.12.29 20:00:10.546,0.74565,0.74615,1.20,1.40
2008.12.29 20:00:10.945,0.7456,0.74615,1.20,1.40
2008.12.29 20:00:12.289,0.74565,0.7461,1.20,1.40
2008.12.29 20:00:12.645,0.74565,0.74605,1.20,1.40
2008.12.29 20:00:12.975,0.74565,0.7461,1.20,1.40
2008.12.29 20:00:14.695,0.7457,0.7461,1.20,1.40
2008.12.29 20:00:14.974,0.74565,0.7461,1.20,1.40
2008.12.29 20:00:16.654,0.7457,0.7461,1.20,1.40
2008.12.29 20:00:29.321,0.7457,0.74615,1.20,1.40
2008.12.29 20:00:29.851,0.74575,0.7462,1.20,1.40
2008.12.29 20:00:33.680,0.7457,0.74615,1.20,1.40
2008.12.29 20:00:34.140,0.7458,0.7462,1.20,1.40
2008.12.29 20:00:35.160,0.7457,0.74615,1.20,1.40
2008.12.29 20:00:35.569,0.7458,0.7462,1.20,1.40
2008.12.29 20:00:35.899,0.7457,0.74615,1.20,1.40
2008.12.29 20:00:36.749,0.7458,0.7462,1.20,1.40
2008.12.29 20:00:37.229,0.7457,0.74615,1.20,1.40
2008.12.29 20:00:37.569,0.74575,0.7462,1.20,1.40
2008.12.29 20:00:37.739,0.7457,0.74615,1.20,1.40
2008.12.29 20:00:39.668,0.74575,0.7462,1.20,1.40
2008.12.29 20:00:40.278,0.7457,0.74615,1.20,1.40
2008.12.29 20:00:40.798,0.74575,0.7462,1.20,1.40
2008.12.29 20:00:41.498,0.7457,0.74615,1.20,1.40
2008.12.29 20:00:41.728,0.74575,0.7462,1.20,1.40
2008.12.29 20:00:42.468,0.7457,0.74615,1.20,1.40
2008.12.29 20:00:43.048,0.74575,0.7462,1.20,1.40
2008.12.29 20:00:43.487,0.7457,0.74615,1.20,1.40
2008.12.29 20:00:44.577,0.7457,0.7462,1.20,1.40
2008.12.29 20:00:45.077,0.7458,0.74625,1.20,1.40
2008.12.29 20:00:47.387,0.7457,0.7461,1.20,1.40
2008.12.29 20:00:47.896,0.7456,0.74595,1.20,1.40
2008.12.29 20:00:48.007,0.74565,0.7461,1.20,1.40
2008.12.29 20:00:48.676,0.74565,0.7462,1.20,1.40
2008.12.29 20:00:49.676,0.7456,0.74615,1.20,1.40
2008.12.29 20:00:49.846,0.7456,0.7461,1.20,1.40
2008.12.29 20:00:51.145,0.74565,0.74615,1.20,1.40
2008.12.29 20:00:51.385,0.74565,0.74605,1.20,1.40
2008.12.29 20:00:51.736,0.74565,0.74615,1.20,1.40
2008.12.29 20:00:52.535,0.7457,0.74615,1.20,1.40
2008.12.29 20:00:52.815,0.7457,0.7462,1.20,1.40
2008.12.29 20:00:53.395,0.74575,0.7463,1.20,1.40
2008.12.29 20:00:54.885,0.7458,0.7463,1.20,1.40
2008.12.29 20:00:55.975,0.74575,0.7462,1.20,1.40
2008.12.29 20:01:15.770,0.7458,0.74625,1.20,1.40
2008.12.29 20:01:25.157,0.7458,0.74615,1.20,1.40
2008.12.29 20:01:26.747,0.7458,0.74625,1.20,1.40
2008.12.29 20:01:27.267,0.7458,0.74615,1.20,1.40
2008.12.29 20:01:28.187,0.7458,0.74625,1.20,1.40
2008.12.29 20:01:30.726,0.7458,0.74615,1.20,1.40
2008.12.29 20:01:31.126,0.7458,0.74625,1.20,1.40
2008.12.29 20:01:41.263,0.7458,0.74615,1.20,1.40
2008.12.29 20:01:42.004,0.7458,0.74625,1.20,1.40
2008.12.29 20:01:42.283,0.7458,0.74615,1.20,1.40
2008.12.29 20:01:42.963,0.7458,0.74625,1.20,1.40
2008.12.29 20:01:43.593,0.7458,0.74615,1.20,1.40
2008.12.29 20:01:43.993,0.7458,0.74625,1.20,1.40
2008.12.29 20:01:44.593,0.7458,0.74615,1.20,1.40
2008.12.29 20:01:45.553,0.7458,0.74625,1.20,1.40
2008.12.29 20:01:45.673,0.7458,0.74615,1.20,1.40
2008.12.29 20:01:45.852,0.7458,0.74625,1.20,1.40
2008.12.29 20:01:47.942,0.74575,0.7461,1.20,1.40
2008.12.29 20:01:48.122,0.7458,0.74625,1.20,1.40
2008.12.29 20:01:48.292,0.7458,0.74615,1.20,1.40
2008.12.29 20:01:48.931,0.7458,0.74625,1.20,1.40
2008.12.29 20:01:53.700,0.7458,0.74615,1.20,1.40
2008.12.29 20:01:54.160,0.7458,0.74625,1.20,1.40
2008.12.29 20:01:56.270,0.7458,0.74615,1.20,1.40
2008.12.29 20:01:56.570,0.7458,0.74625,1.20,1.40
2008.12.29 20:01:57.370,0.7458,0.7462,1.20,1.40
2008.12.29 20:01:58.400,0.74575,0.74615,1.20,1.40
2008.12.29 20:01:59.160,0.7458,0.7462,1.20,1.40
2008.12.29 20:02:10.616,0.74575,0.74615,1.20,1.40
2008.12.29 20:02:14.156,0.7458,0.74615,1.20,1.40
2008.12.29 20:02:14.275,0.7458,0.7462,1.20,1.40
2008.12.29 20:02:19.394,0.74575,0.74615,1.20,1.40
2008.12.29 20:02:19.784,0.7458,0.7462,1.20,1.40
2008.12.29 20:02:22.224,0.7458,0.74625,1.20,1.40
2008.12.29 20:02:22.674,0.74585,0.74625,1.20,1.40
2008.12.29 20:02:22.844,0.74585,0.7463,1.20,1.40
2008.12.29 20:02:37.360,0.7458,0.7463,1.20,1.40
2008.12.29 20:02:38.320,0.74575,0.7463,1.20,1.40
2008.12.29 20:03:03.394,0.7457,0.7463,1.20,1.40
2008.12.29 20:03:09.242,0.74565,0.74605,1.20,1.40
2008.12.29 20:03:11.262,0.7456,0.74605,1.20,1.40
2008.12.29 20:03:14.211,0.74565,0.74605,1.20,1.40
2008.12.29 20:03:16.800,0.7457,0.7462,1.20,1.40
2008.12.29 20:03:21.279,0.7457,0.7463,1.20,1.40
2008.12.29 20:03:21.690,0.7457,0.7464,1.20,1.20
2008.12.29 20:03:23.939,0.7457,0.7464,4.00,1.20
2008.12.29 20:03:24.708,0.7458,0.7464,1.20,1.20
2008.12.29 20:03:25.378,0.7458,0.7464,1.20,2.60
2008.12.29 20:03:25.778,0.7457,0.74635,1.20,1.40
2008.12.29 20:03:37.556,0.7457,0.7464,1.20,1.20
2008.12.29 20:03:38.345,0.7457,0.74635,1.20,1.40
2008.12.29 20:03:38.845,0.74575,0.74635,1.20,1.40
2008.12.29 20:03:39.545,0.7458,0.7464,1.20,1.20
2008.12.29 20:03:41.465,0.7458,0.7464,3.20,1.20
2008.12.29 20:03:41.585,0.7458,0.7464,1.20,1.20
2008.12.29 20:03:42.574,0.74575,0.7464,1.20,2.60
2008.12.29 20:03:47.973,0.74595,0.7464,1.20,1.20
2008.12.29 20:03:49.333,0.74575,0.7464,1.20,2.60
2008.12.29 20:03:53.102,0.7458,0.74635,1.20,1.40
2008.12.29 20:03:55.511,0.7459,0.7464,1.20,2.60
2008.12.29 20:03:56.201,0.746,0.74635,1.20,1.40
2008.12.29 20:03:57.001,0.746,0.7464,1.20,2.60
2008.12.29 20:03:58.271,0.74615,0.7464,1.20,1.20
2008.12.29 20:04:01.210,0.7462,0.7464,1.20,1.20
2008.12.29 20:04:05.259,0.7462,0.74655,1.20,1.40
2008.12.29 20:04:05.499,0.7462,0.7466,1.20,1.40
2008.12.29 20:04:08.548,0.74625,0.74665,1.20,1.40
2008.12.29 20:04:11.737,0.7462,0.74665,1.20,1.40
2008.12.29 20:04:13.617,0.7461,0.74665,1.20,1.40
2008.12.29 20:04:15.466,0.74605,0.74665,3.20,1.40
2008.12.29 20:04:16.116,0.74605,0.7466,2.40,1.40
2008.12.29 20:04:21.465,0.74605,0.74655,2.40,1.40
2008.12.29 20:04:41.560,0.74605,0.7466,2.40,1.40
2008.12.29 20:04:43.350,0.74605,0.74655,2.40,1.40
2008.12.29 20:04:44.879,0.746,0.74655,2.40,1.40
2008.12.29 20:04:44.989,0.746,0.7465,2.40,1.40
2008.12.29 20:04:47.299,0.74595,0.7465,2.40,1.40
2008.12.29 20:04:47.868,0.746,0.7465,2.40,1.40
2008.12.29 20:05:02.975,0.74595,0.7465,3.20,1.40
2008.12.29 20:05:03.395,0.74595,0.7464,3.20,1.40
2008.12.29 20:05:03.515,0.7459,0.7464,4.00,1.40
2008.12.29 20:05:05.944,0.74605,0.74645,1.20,1.40
2008.12.29 20:05:11.063,0.74615,0.74655,1.20,1.40
2008.12.29 20:05:11.173,0.7461,0.7465,1.20,1.40
2008.12.29 20:05:17.082,0.7461,0.74645,1.20,1.40
2008.12.29 20:05:17.311,0.7461,0.74655,1.20,1.40
2008.12.29 20:05:17.941,0.74605,0.74645,1.20,1.40
2008.12.29 20:05:19.451,0.74605,0.74635,1.20,1.40
2008.12.29 20:05:19.911,0.74605,0.74645,1.20,1.40
2008.12.29 20:05:23.310,0.74565,0.74635,4.00,1.40
2008.12.29 20:05:23.480,0.7459,0.7464,1.20,1.40
2008.12.29 20:05:23.870,0.7459,0.74635,3.20,1.40
2008.12.29 20:05:24.090,0.74565,0.74635,4.00,1.40
2008.12.29 20:05:24.980,0.7457,0.74635,3.20,1.40
2008.12.29 20:05:26.949,0.7458,0.7463,3.20,1.40
2008.12.29 20:05:27.179,0.7452,0.7463,4.00,1.40
2008.12.29 20:05:27.869,0.7452,0.7463,2.40,1.40
2008.12.29 20:05:27.929,0.74565,0.7464,1.20,2.20
2008.12.29 20:05:28.269,0.74565,0.7464,1.20,1.40
2008.12.29 20:05:30.178,0.74595,0.74635,1.20,1.40
2008.12.29 20:05:30.358,0.74595,0.7463,1.20,1.40
2008.12.29 20:05:31.458,0.74575,0.74625,1.20,1.40
2008.12.29 20:05:33.328,0.74575,0.7462,1.20,1.40
2008.12.29 20:05:33.888,0.7457,0.74615,1.20,1.40
2008.12.29 20:05:34.398,0.74575,0.74625,1.20,1.40
2008.12.29 20:05:34.677,0.7457,0.7463,1.20,1.40
2008.12.29 20:05:35.417,0.74575,0.74635,1.20,1.40
2008.12.29 20:05:36.347,0.7458,0.7464,1.20,1.40
2008.12.29 20:05:38.477,0.74585,0.7464,3.20,1.40
2008.12.29 20:05:42.606,0.74585,0.7463,3.20,1.40
2008.12.29 20:05:45.095,0.74575,0.7463,3.20,1.40
2008.12.29 20:05:49.214,0.74575,0.7463,4.00,1.40
2008.12.29 20:05:49.334,0.7458,0.7463,3.20,1.40
2008.12.29 20:05:53.273,0.7458,0.74625,3.20,1.40
2008.12.29 20:05:54.132,0.7458,0.7463,3.20,1.40
2008.12.29 20:05:54.343,0.7458,0.74625,3.20,1.40
2008.12.29 20:05:54.932,0.7458,0.7463,3.20,1.40
2008.12.29 20:05:55.383,0.7458,0.7463,4.00,1.40
2008.12.29 20:05:56.472,0.7458,0.7463,1.20,1.40
2008.12.29 20:05:56.932,0.7458,0.74635,1.20,1.40
2008.12.29 20:06:01.531,0.74575,0.7463,1.20,1.40
2008.12.29 20:06:04.790,0.74575,0.74625,1.20,1.40
2008.12.29 20:06:05.670,0.74585,0.7463,1.20,1.40
2008.12.29 20:06:09.749,0.74575,0.74615,1.20,1.40
2008.12.29 20:06:11.619,0.74585,0.7462,1.20,1.40
2008.12.29 20:06:12.088,0.74575,0.74615,1.20,1.40
2008.12.29 20:06:12.478,0.74585,0.7462,1.20,1.40
2008.12.29 20:06:12.888,0.74575,0.74615,1.20,1.40
2008.12.29 20:06:13.228,0.7454,0.74605,1.20,1.40
2008.12.29 20:06:18.097,0.7455,0.7459,1.20,1.40
2008.12.29 20:06:19.027,0.7455,0.7463,1.20,2.20
2008.12.29 20:06:19.146,0.7455,0.7463,1.20,1.40
2008.12.29 20:06:19.647,0.7455,0.7463,6.40,1.40
2008.12.29 20:06:21.426,0.74565,0.7462,3.20,1.40
2008.12.29 20:06:21.536,0.7457,0.7462,1.20,1.40
2008.12.29 20:06:26.545,0.7456,0.74605,1.20,1.40
2008.12.29 20:06:29.234,0.7454,0.7459,1.20,1.40
2008.12.29 20:06:34.983,0.7455,0.7459,1.20,1.40
2008.12.29 20:06:44.050,0.7455,0.74605,1.20,1.40
2008.12.29 20:06:45.580,0.74555,0.74605,1.20,1.40
2008.12.29 20:06:46.600,0.7455,0.74605,1.20,1.40
2008.12.29 20:06:47.050,0.7455,0.7459,1.20,1.40
2008.12.29 20:06:51.629,0.74545,0.74595,1.20,1.40
2008.12.29 20:06:52.099,0.74545,0.74605,1.20,1.40
2008.12.29 20:06:52.628,0.7455,0.74605,1.20,1.40
2008.12.29 20:06:53.048,0.7455,0.746,1.20,1.40
2008.12.29 20:06:53.648,0.74545,0.74595,1.20,1.40
2008.12.29 20:07:00.876,0.7454,0.74585,1.20,1.40
2008.12.29 20:07:04.276,0.7454,0.7459,1.20,1.40
2008.12.29 20:07:04.676,0.74545,0.74595,1.20,1.40
2008.12.29 20:07:05.135,0.7454,0.7459,1.20,1.40
2008.12.29 20:07:05.586,0.74545,0.74595,1.20,1.40
2008.12.29 20:07:07.285,0.7454,0.7459,1.20,1.40
2008.12.29 20:07:07.745,0.74545,0.7461,1.20,2.20
2008.12.29 20:07:08.215,0.74545,0.7461,1.20,1.40
2008.12.29 20:07:09.804,0.74545,0.7461,1.20,2.20
2008.12.29 20:07:09.974,0.7454,0.7459,1.20,1.40
2008.12.29 20:07:12.864,0.7455,0.7459,1.20,1.40
2008.12.29 20:07:13.443,0.7455,0.74595,1.20,1.40
2008.12.29 20:07:14.703,0.74495,0.7459,1.20,1.40
2008.12.29 20:07:16.793,0.7451,0.7459,3.20,1.40
2008.12.29 20:07:17.083,0.74525,0.74595,1.20,1.40
2008.12.29 20:07:19.562,0.74535,0.746,1.20,1.40
2008.12.29 20:07:21.402,0.7455,0.74605,1.20,1.40
2008.12.29 20:07:26.950,0.74515,0.746,3.20,1.40
2008.12.29 20:07:27.230,0.74515,0.746,1.20,1.40
2008.12.29 20:07:27.670,0.74525,0.74605,1.20,1.40
2008.12.29 20:07:42.096,0.7453,0.746,3.20,1.40
2008.12.29 20:07:42.266,0.74525,0.746,1.20,1.40
2008.12.29 20:07:44.266,0.74525,0.7461,1.20,1.40
2008.12.29 20:07:45.196,0.7452,0.74595,1.20,1.40
2008.12.29 20:07:51.986,0.7453,0.7461,1.20,1.40
2008.12.29 20:07:53.674,0.7453,0.7461,3.20,1.40
2008.12.29 20:07:54.254,0.7454,0.7461,1.20,1.40
2008.12.29 20:07:55.893,0.7454,0.74605,1.20,1.40
2008.12.29 20:07:56.453,0.74545,0.74605,1.20,1.40
2008.12.29 20:07:57.103,0.74545,0.7462,1.20,1.40
2008.12.29 20:07:57.333,0.74545,0.74615,1.20,1.40
2008.12.29 20:07:57.863,0.74565,0.74625,1.20,1.40
2008.12.29 20:07:58.083,0.7456,0.7462,3.20,1.40
2008.12.29 20:07:58.353,0.7455,0.7461,4.00,1.40
2008.12.29 20:07:58.532,0.74545,0.7461,4.00,1.40
2008.12.29 20:07:59.032,0.7455,0.7462,1.20,1.40
2008.12.29 20:07:59.882,0.7455,0.746,1.20,1.40
2008.12.29 20:08:00.212,0.7455,0.7459,1.20,1.40
2008.12.29 20:08:00.452,0.7455,0.746,1.20,1.40
2008.12.29 20:08:01.202,0.7454,0.74595,4.00,1.40
2008.12.29 20:08:01.612,0.7454,0.74595,1.20,1.40
2008.12.29 20:08:01.892,0.7454,0.7459,1.20,1.40
2008.12.29 20:08:02.052,0.7454,0.74595,1.20,1.40
2008.12.29 20:08:02.831,0.7454,0.7459,1.20,1.40
2008.12.29 20:08:03.462,0.7454,0.74595,1.20,1.40
2008.12.29 20:08:04.071,0.7454,0.7459,1.20,1.40
2008.12.29 20:08:05.201,0.7454,0.74595,1.20,1.40
2008.12.29 20:08:06.101,0.7455,0.7463,1.20,1.40
2008.12.29 20:08:06.511,0.7455,0.74635,1.20,1.40
2008.12.29 20:08:06.981,0.7455,0.7463,1.20,1.40
2008.12.29 20:08:07.961,0.74555,0.7462,1.20,1.40
2008.12.29 20:08:08.301,0.74555,0.74625,1.20,1.40
2008.12.29 20:08:13.419,0.7456,0.74615,1.20,1.40
2008.12.29 20:08:16.518,0.74565,0.74635,1.20,2.20
2008.12.29 20:08:17.108,0.7458,0.7464,1.20,1.40
2008.12.29 20:08:18.488,0.74585,0.74635,1.20,1.40
2008.12.29 20:08:18.718,0.7458,0.7463,1.20,1.40
2008.12.29 20:08:19.128,0.74575,0.74625,1.20,1.40
2008.12.29 20:08:19.538,0.7457,0.7462,1.20,1.40
2008.12.29 20:08:20.158,0.74565,0.7462,1.20,1.40
2008.12.29 20:08:20.677,0.74525,0.7461,4.00,1.40
2008.12.29 20:08:21.067,0.74525,0.7461,1.20,1.40
2008.12.29 20:08:21.407,0.74525,0.74605,1.20,1.40
2008.12.29 20:08:21.797,0.74535,0.7462,1.20,1.00
2008.12.29 20:08:22.117,0.7454,0.7463,1.20,1.40
2008.12.29 20:08:22.347,0.74545,0.74635,1.20,2.20
2008.12.29 20:08:22.747,0.7456,0.74635,1.20,2.20
2008.12.29 20:08:23.027,0.7456,0.74635,1.20,1.40
2008.12.29 20:08:23.767,0.7456,0.7463,1.20,1.40
2008.12.29 20:08:24.007,0.7454,0.74625,5.60,1.40
2008.12.29 20:08:24.116,0.74535,0.74625,3.20,1.40
2008.12.29 20:08:24.557,0.74535,0.74625,1.20,1.40
2008.12.29 20:08:24.846,0.74545,0.74625,1.20,1.40
2008.12.29 20:08:25.076,0.74545,0.7462,1.20,1.40
2008.12.29 20:08:27.616,0.7455,0.7462,1.20,1.40
2008.12.29 20:08:29.015,0.7455,0.74625,1.20,1.40
2008.12.29 20:08:29.605,0.74545,0.74625,1.20,1.40
2008.12.29 20:08:30.105,0.7454,0.74615,1.20,1.40
2008.12.29 20:08:31.586,0.74545,0.74625,1.20,1.40
2008.12.29 20:08:32.335,0.74545,0.7462,1.20,1.40
2008.12.29 20:08:33.814,0.74545,0.74625,1.20,1.40
2008.12.29 20:08:34.584,0.7455,0.74625,1.20,1.40
2008.12.29 20:08:35.384,0.74555,0.74635,1.20,1.40
2008.12.29 20:08:35.974,0.7456,0.74635,1.20,1.40
2008.12.29 20:08:37.053,0.74555,0.74635,1.20,1.40
2008.12.29 20:08:38.143,0.7455,0.74625,1.20,1.40
2008.12.29 20:08:39.863,0.74555,0.74635,1.20,2.20
2008.12.29 20:08:40.032,0.74555,0.74635,1.20,1.40
2008.12.29 20:08:40.303,0.74545,0.7463,2.40,1.40
2008.12.29 20:08:40.862,0.7454,0.7463,1.20,1.40
2008.12.29 20:08:41.372,0.7454,0.7463,1.20,2.20
2008.12.29 20:08:41.832,0.7454,0.7463,1.20,1.40
2008.12.29 20:08:43.672,0.74545,0.7463,1.20,1.00
2008.12.29 20:08:43.792,0.74545,0.74635,10.60,1.40
2008.12.29 20:08:44.062,0.74545,0.74635,8.80,1.40
2008.12.29 20:08:44.222,0.74545,0.74635,1.20,1.40
2008.12.29 20:08:44.722,0.7454,0.7463,3.20,1.40
2008.12.29 20:08:45.182,0.7454,0.7463,1.20,1.40
2008.12.29 20:08:47.431,0.7454,0.7463,1.20,2.20
2008.12.29 20:08:48.290,0.7454,0.7463,1.20,1.40
2008.12.29 20:08:48.640,0.74545,0.7463,1.20,1.00
2008.12.29 20:08:49.330,0.74545,0.74635,1.20,1.40
2008.12.29 20:08:49.782,0.7455,0.7462,1.20,1.40
2008.12.29 20:08:50.240,0.7454,0.74625,2.40,1.40
2008.12.29 20:08:50.450,0.74535,0.74625,1.20,1.40
2008.12.29 20:08:51.220,0.74545,0.74625,1.20,1.40
2008.12.29 20:08:54.089,0.7454,0.74625,2.40,1.40
2008.12.29 20:08:54.539,0.74535,0.74625,1.20,1.40
2008.12.29 20:08:55.939,0.74545,0.74625,1.20,1.40
2008.12.29 20:08:56.439,0.7455,0.74625,1.20,1.40
2008.12.29 20:08:57.078,0.74535,0.74625,3.20,1.40
2008.12.29 20:08:57.598,0.74535,0.74625,1.20,1.40
2008.12.29 20:09:00.747,0.74545,0.74625,1.20,1.40
2008.12.29 20:09:01.147,0.7455,0.74625,1.20,1.40
2008.12.29 20:09:08.898,0.7453,0.74625,5.60,1.40
2008.12.29 20:09:09.346,0.74525,0.74625,3.20,1.40
2008.12.29 20:09:12.965,0.7454,0.74625,1.20,1.40
2008.12.29 20:09:13.795,0.7455,0.74625,1.20,1.40
2008.12.29 20:09:29.751,0.74545,0.7462,1.20,1.40
2008.12.29 20:09:30.630,0.7454,0.7462,4.00,1.40
2008.12.29 20:09:30.811,0.74535,0.74615,1.20,1.40
2008.12.29 20:09:32.080,0.7454,0.7462,1.20,1.40
2008.12.29 20:09:34.030,0.74535,0.74615,1.20,1.40
2008.12.29 20:09:34.909,0.74535,0.7461,2.40,1.40
2008.12.29 20:09:40.608,0.74535,0.7463,3.20,1.40
2008.12.29 20:09:40.718,0.74535,0.7461,2.40,1.40
2008.12.29 20:09:42.778,0.7454,0.7461,4.00,1.40
2008.12.29 20:09:43.417,0.7454,0.7461,3.20,1.40
2008.12.29 20:09:43.797,0.7454,0.7463,3.20,1.40
2008.12.29 20:09:44.257,0.7455,0.7463,2.40,1.40
2008.12.29 20:09:44.837,0.7455,0.7463,5.60,1.40
2008.12.29 20:09:47.816,0.7455,0.7463,2.40,1.40
2008.12.29 20:09:48.286,0.74545,0.7463,5.60,1.40
2008.12.29 20:09:49.146,0.7456,0.7463,3.20,1.40
2008.12.29 20:09:49.436,0.7455,0.7463,5.60,1.40
2008.12.29 20:09:50.816,0.7456,0.7463,3.20,1.40
2008.12.29 20:09:51.145,0.7456,0.7462,3.20,1.40
2008.12.29 20:09:51.815,0.7456,0.74625,4.00,1.40
2008.12.29 20:10:13.860,0.7456,0.7462,3.20,1.40
2008.12.29 20:10:14.200,0.74555,0.7462,3.20,1.40
2008.12.29 20:10:17.069,0.74545,0.7462,5.60,1.40
2008.12.29 20:10:17.519,0.7456,0.7462,3.20,1.40
2008.12.29 20:10:18.149,0.7456,0.7461,3.20,1.40
2008.12.29 20:10:18.389,0.74545,0.7461,5.60,1.40
2008.12.29 20:10:18.839,0.74555,0.7461,3.20,1.40
2008.12.29 20:10:19.989,0.74555,0.74605,3.20,1.40
2008.12.29 20:10:20.279,0.7454,0.74605,4.00,1.40
2008.12.29 20:10:20.569,0.7455,0.746,3.20,1.40
2008.12.29 20:10:20.858,0.7456,0.74605,1.20,1.40
2008.12.29 20:10:21.198,0.7457,0.7461,1.20,1.40
2008.12.29 20:10:21.888,0.7458,0.74615,1.20,1.40
2008.12.29 20:10:27.997,0.74565,0.74605,1.20,1.40
2008.12.29 20:10:30.066,0.7458,0.74615,1.20,1.40
2008.12.29 20:10:34.365,0.74565,0.74605,1.20,1.40
2008.12.29 20:10:36.754,0.74565,0.7462,1.20,1.40
2008.12.29 20:10:38.125,0.74575,0.7463,1.20,1.40
2008.12.29 20:10:38.244,0.7458,0.7464,1.20,1.40
2008.12.29 20:10:39.124,0.74585,0.7464,1.20,1.40
2008.12.29 20:10:45.622,0.7459,0.74645,1.20,1.40
2008.12.29 20:10:46.442,0.74595,0.74645,1.20,1.40
2008.12.29 20:10:46.562,0.7459,0.74645,4.00,1.40
2008.12.29 20:10:46.782,0.7459,0.74645,1.20,1.40
2008.12.29 20:10:51.321,0.74595,0.7465,1.20,1.40
2008.12.29 20:10:51.431,0.74595,0.7465,4.00,1.40
2008.12.29 20:10:57.069,0.746,0.7466,1.20,1.40
2008.12.29 20:10:59.759,0.74595,0.7465,4.00,1.40
2008.12.29 20:11:11.446,0.74595,0.7465,1.20,1.40
2008.12.29 20:11:14.195,0.74595,0.7465,4.00,1.40
2008.12.29 20:11:14.526,0.74595,0.7465,1.20,1.40
2008.12.29 20:11:16.825,0.746,0.7466,1.20,1.40
2008.12.29 20:11:16.935,0.7459,0.74655,4.00,1.40
2008.12.29 20:11:17.115,0.7459,0.74655,1.20,1.40
2008.12.29 20:11:17.455,0.7459,0.7466,1.20,1.40
2008.12.29 20:11:26.013,0.7459,0.74655,1.20,1.40
2008.12.29 20:11:27.472,0.7459,0.74645,1.20,1.40
2008.12.29 20:11:29.372,0.746,0.74645,1.20,1.40
2008.12.29 20:11:29.822,0.7459,0.74625,1.20,1.40
2008.12.29 20:11:30.231,0.7459,0.7464,1.20,1.40
2008.12.29 20:11:30.742,0.74595,0.7464,1.20,1.40
2008.12.29 20:11:32.411,0.74595,0.74635,1.20,1.40
2008.12.29 20:11:33.511,0.74585,0.74635,1.20,1.40
2008.12.29 20:11:33.631,0.74595,0.74635,1.20,1.40
2008.12.29 20:11:34.031,0.74585,0.7463,1.20,1.40
2008.12.29 20:11:40.279,0.74595,0.74635,1.20,1.40
2008.12.29 20:11:44.198,0.7456,0.7461,1.20,1.40
2008.12.29 20:11:44.948,0.7457,0.7461,1.20,1.40
2008.12.29 20:11:45.308,0.7456,0.7461,1.20,1.40
2008.12.29 20:11:45.528,0.7457,0.7461,1.20,1.40
2008.12.29 20:11:46.048,0.7456,0.7461,1.20,1.40
2008.12.29 20:11:47.037,0.7457,0.7461,1.20,1.40
2008.12.29 20:11:47.547,0.7456,0.7461,1.20,1.40
2008.12.29 20:11:47.877,0.7457,0.7461,1.20,1.40
2008.12.29 20:11:48.407,0.7456,0.7461,1.20,1.40
2008.12.29 20:11:48.687,0.7457,0.7461,1.20,1.40
2008.12.29 20:11:49.367,0.7457,0.74615,1.20,1.40
2008.12.29 20:11:49.547,0.7456,0.74615,1.20,1.40
2008.12.29 20:11:51.087,0.7456,0.7461,1.20,1.40
2008.12.29 20:11:51.256,0.74565,0.74605,1.20,1.40
2008.12.29 20:11:51.776,0.7456,0.746,1.20,1.40
2008.12.29 20:11:51.946,0.7456,0.74595,1.20,1.40
2008.12.29 20:11:54.126,0.74555,0.7459,1.20,1.40
2008.12.29 20:11:55.325,0.7456,0.74595,1.20,1.40
2008.12.29 20:11:59.814,0.7455,0.74595,1.20,1.40
2008.12.29 20:12:10.402,0.7455,0.74585,1.20,1.40
2008.12.29 20:12:17.061,0.74545,0.74575,1.20,1.40
2008.12.29 20:12:17.400,0.7455,0.74585,1.20,1.40
2008.12.29 20:12:18.630,0.74515,0.74575,3.20,1.40
2008.12.29 20:12:18.860,0.745,0.7458,4.00,1.40
2008.12.29 20:12:19.320,0.7449,0.74565,3.20,1.40
2008.12.29 20:12:19.500,0.74485,0.74565,4.00,1.40
2008.12.29 20:12:20.189,0.74505,0.74565,2.40,1.40
2008.12.29 20:12:20.300,0.7454,0.74595,1.20,9.40
2008.12.29 20:12:20.639,0.7454,0.746,1.20,1.40
2008.12.29 20:12:21.269,0.7455,0.74585,1.20,1.40
2008.12.29 20:12:24.109,0.7455,0.74595,1.20,1.40
2008.12.29 20:12:28.757,0.7455,0.74585,1.20,1.40
2008.12.29 20:12:30.857,0.7454,0.7458,1.20,1.40
2008.12.29 20:12:31.667,0.74545,0.7458,1.20,1.40
2008.12.29 20:12:32.247,0.7455,0.7458,1.20,1.40
2008.12.29 20:12:34.716,0.7455,0.7459,1.20,1.40
2008.12.29 20:12:36.566,0.7453,0.74585,1.20,1.40
2008.12.29 20:12:36.906,0.74525,0.74585,2.40,1.40
2008.12.29 20:12:37.316,0.7452,0.74585,4.00,1.40
2008.12.29 20:12:37.665,0.7453,0.74585,1.20,1.40
2008.12.29 20:12:38.865,0.74545,0.7459,1.20,1.40
2008.12.29 20:12:39.515,0.7455,0.74595,1.20,1.40
2008.12.29 20:12:42.984,0.7455,0.7459,1.20,1.40
2008.12.29 20:12:45.313,0.7455,0.74595,1.20,1.40
2008.12.29 20:12:46.973,0.74555,0.74595,1.20,1.40
2008.12.29 20:12:47.543,0.7455,0.74595,1.20,1.40
2008.12.29 20:12:53.271,0.74555,0.74595,1.20,1.40
2008.12.29 20:12:56.061,0.7455,0.74595,1.20,1.40
2008.12.29 20:13:02.040,0.7455,0.7459,1.20,1.40
2008.12.29 20:13:11.287,0.74555,0.7459,1.20,1.40
2008.12.29 20:13:19.615,0.7456,0.74595,1.20,1.40
2008.12.29 20:13:24.024,0.74555,0.7459,1.20,1.40
2008.12.29 20:13:24.244,0.74555,0.74595,1.20,1.40
2008.12.29 20:13:29.513,0.7456,0.74595,1.20,1.40
2008.12.29 20:13:30.213,0.7456,0.7461,1.20,1.40
2008.12.29 20:13:30.393,0.7457,0.7463,1.20,2.20
2008.12.29 20:13:30.683,0.7457,0.74625,1.20,1.40
2008.12.29 20:13:30.963,0.74575,0.74645,1.20,1.40
2008.12.29 20:13:31.362,0.74575,0.7464,1.20,1.40
2008.12.29 20:13:31.713,0.7458,0.74645,1.20,1.40
2008.12.29 20:13:32.002,0.7459,0.74655,1.20,1.40
2008.12.29 20:13:32.292,0.74575,0.74635,3.20,1.40
2008.12.29 20:13:32.802,0.74575,0.74645,1.20,1.40
2008.12.29 20:13:33.152,0.7458,0.74655,1.20,1.40
2008.12.29 20:13:33.842,0.74575,0.74645,1.20,1.40
2008.12.29 20:13:34.132,0.7458,0.74655,6.40,1.40
2008.12.29 20:13:34.312,0.7458,0.74645,5.60,1.40
2008.12.29 20:13:34.661,0.7458,0.74655,4.00,1.40
2008.12.29 20:13:34.772,0.7458,0.74645,5.60,1.40
2008.12.29 20:13:36.081,0.7458,0.7465,1.20,1.40
2008.12.29 20:13:36.261,0.7458,0.74645,1.20,1.40
2008.12.29 20:13:37.111,0.7459,0.7465,1.20,1.40
2008.12.29 20:13:39.900,0.7459,0.74645,1.20,1.40
2008.12.29 20:13:40.341,0.74595,0.74655,1.20,1.40
2008.12.29 20:13:40.670,0.74585,0.7463,1.20,1.40
2008.12.29 20:13:40.840,0.74595,0.74645,1.20,1.40
2008.12.29 20:13:41.230,0.74595,0.74655,1.20,1.40
2008.12.29 20:13:41.340,0.74595,0.7466,1.20,1.40
2008.12.29 20:13:46.389,0.74595,0.7464,1.20,1.40
2008.12.29 20:13:47.469,0.74595,0.74645,1.20,1.40
2008.12.29 20:13:49.508,0.7458,0.74645,4.00,1.40
2008.12.29 20:13:49.728,0.7458,0.74645,1.20,1.40
2008.12.29 20:13:57.596,0.7458,0.74635,1.20,1.40
2008.12.29 20:14:00.325,0.74585,0.74635,1.20,1.40
2008.12.29 20:14:00.765,0.7455,0.74615,3.20,1.40
2008.12.29 20:14:00.935,0.74555,0.74615,3.20,1.40
2008.12.29 20:14:01.105,0.74535,0.74615,3.20,1.40
2008.12.29 20:14:01.385,0.74525,0.74595,4.00,1.40
2008.12.29 20:14:01.605,0.74525,0.7459,4.00,1.40
2008.12.29 20:14:02.455,0.74525,0.7458,1.20,1.40
2008.12.29 20:14:03.836,0.7453,0.74615,1.20,1.00
2008.12.29 20:14:04.544,0.7453,0.74625,1.20,1.40
2008.12.29 20:14:06.764,0.7453,0.74625,1.20,1.40
2008.12.29 20:14:06.934,0.7453,0.74605,1.20,1.40
2008.12.29 20:14:18.151,0.74535,0.74625,3.20,9.40
2008.12.29 20:14:18.791,0.74535,0.7464,3.20,2.20
2008.12.29 20:14:19.191,0.7453,0.74625,1.20,1.40
2008.12.29 20:14:19.371,0.7454,0.74625,1.20,1.40
2008.12.29 20:14:19.890,0.7453,0.74625,1.20,1.40
2008.12.29 20:14:26.049,0.7454,0.74615,1.20,1.40
2008.12.29 20:14:30.568,0.74545,0.74615,1.20,1.40
2008.12.29 20:14:32.318,0.74565,0.7462,1.20,1.40
2008.12.29 20:14:32.708,0.7457,0.74655,1.20,2.20
2008.12.29 20:14:32.927,0.7457,0.74655,1.20,1.40
2008.12.29 20:14:33.148,0.7457,0.7464,1.20,1.40
2008.12.29 20:14:35.707,0.7455,0.74645,4.00,2.20
2008.12.29 20:14:35.867,0.7455,0.74645,3.20,1.40
2008.12.29 20:14:36.157,0.7455,0.74645,4.00,1.40
2008.12.29 20:14:36.207,0.7455,0.7462,3.20,1.40
2008.12.29 20:14:36.317,0.74545,0.7462,4.00,1.40
2008.12.29 20:14:36.737,0.74545,0.7462,3.20,1.40
2008.12.29 20:14:37.007,0.7457,0.7463,1.20,1.40
2008.12.29 20:14:37.297,0.74575,0.7466,1.20,1.40
2008.12.29 20:14:37.816,0.74575,0.7465,1.20,1.40
2008.12.29 20:14:38.496,0.74575,0.74625,3.20,1.40
2008.12.29 20:14:38.676,0.74535,0.74625,4.00,1.40
2008.12.29 20:14:38.846,0.7454,0.74625,3.20,1.40
2008.12.29 20:14:39.356,0.7453,0.7461,4.00,1.40
2008.12.29 20:14:43.405,0.7456,0.74645,2.40,9.40
2008.12.29 20:14:43.865,0.7457,0.74645,2.40,1.40
2008.12.29 20:14:44.205,0.7457,0.7467,2.40,1.20
2008.12.29 20:14:44.835,0.7459,0.7467,3.20,1.20
2008.12.29 20:14:45.235,0.74545,0.7465,2.40,1.40
2008.12.29 20:14:45.405,0.74545,0.74645,2.40,1.40
2008.12.29 20:14:45.795,0.7454,0.7465,3.20,1.40
2008.12.29 20:14:45.904,0.7455,0.7466,1.20,3.40
2008.12.29 20:14:46.584,0.74555,0.7465,3.20,1.40
2008.12.29 20:14:47.194,0.7456,0.7465,2.40,1.40
2008.12.29 20:14:47.314,0.7456,0.7466,3.20,2.60
2008.12.29 20:14:47.594,0.7456,0.74655,3.20,1.40
2008.12.29 20:14:47.704,0.7456,0.7465,2.40,1.40
2008.12.29 20:14:49.383,0.7456,0.74645,2.40,1.40
2008.12.29 20:14:49.844,0.7457,0.74645,1.20,1.40
2008.12.29 20:14:50.063,0.74575,0.74655,1.20,1.40
2008.12.29 20:14:51.333,0.7456,0.7465,2.40,1.40
2008.12.29 20:14:53.842,0.74575,0.7465,1.20,1.40
2008.12.29 20:14:54.352,0.7458,0.74655,1.20,1.40
2008.12.29 20:14:54.572,0.7457,0.7464,1.20,1.40
2008.12.29 20:14:55.252,0.7459,0.7464,1.20,1.40
2008.12.29 20:15:00.041,0.7459,0.74635,1.20,1.40
2008.12.29 20:15:01.201,0.74595,0.7464,1.20,1.40
2008.12.29 20:15:02.271,0.7459,0.74635,1.20,1.40
2008.12.29 20:15:02.560,0.74585,0.7463,1.20,1.40
2008.12.29 20:15:10.738,0.7459,0.74635,1.20,1.40
2008.12.29 20:15:10.859,0.74585,0.7463,1.20,1.40
2008.12.29 20:15:12.548,0.7458,0.7463,1.20,1.40
2008.12.29 20:15:12.718,0.7458,0.74625,1.20,1.40
2008.12.29 20:15:13.868,0.74575,0.7462,1.20,1.40
2008.12.29 20:15:22.555,0.7458,0.74625,1.20,1.40
2008.12.29 20:15:24.525,0.74585,0.7463,1.20,1.40
2008.12.29 20:15:33.803,0.74575,0.7462,1.20,1.40
2008.12.29 20:15:36.852,0.74565,0.7461,1.20,1.40
2008.12.29 20:15:40.581,0.7456,0.74605,1.20,1.40
2008.12.29 20:15:59.576,0.74565,0.7461,1.20,1.40
2008.12.29 20:16:00.646,0.7456,0.74605,1.20,1.40
2008.12.29 20:16:02.636,0.74565,0.7461,1.20,1.40
2008.12.29 20:16:06.695,0.7456,0.74605,1.20,1.40
2008.12.29 20:16:13.903,0.7456,0.7461,1.20,1.40
2008.12.29 20:16:17.322,0.74565,0.74615,1.20,1.40
2008.12.29 20:16:19.982,0.7457,0.7462,1.20,1.40
2008.12.29 20:16:27.840,0.74565,0.74615,1.20,1.40
2008.12.29 20:16:37.668,0.7456,0.7461,1.20,1.40
2008.12.29 20:16:59.392,0.7456,0.7461,4.00,1.40
2008.12.29 20:16:59.802,0.74565,0.74625,1.20,1.40
2008.12.29 20:17:18.298,0.74565,0.7464,1.20,1.40
2008.12.29 20:17:18.748,0.74575,0.7464,1.20,1.40
2008.12.29 20:17:19.157,0.74565,0.7464,4.00,1.40
2008.12.29 20:17:19.317,0.74565,0.7464,1.20,1.40
2008.12.29 20:17:20.977,0.7458,0.74645,1.20,1.40
2008.12.29 20:17:21.277,0.74575,0.7464,3.20,1.40
2008.12.29 20:17:21.567,0.74575,0.7464,1.20,1.40
2008.12.29 20:17:37.403,0.7458,0.74645,1.20,1.40
2008.12.29 20:17:37.804,0.74575,0.7464,1.20,1.40
2008.12.29 20:17:45.341,0.74565,0.7464,4.00,1.40
2008.12.29 20:17:45.511,0.74565,0.7464,1.20,1.40
2008.12.29 20:18:43.327,0.74565,0.7462,1.20,1.40
2008.12.29 20:19:06.402,0.7456,0.746,1.20,1.40
2008.12.29 20:19:08.601,0.74555,0.746,1.20,1.40
2008.12.29 20:19:08.771,0.7456,0.746,1.20,1.40
2008.12.29 20:19:09.281,0.74555,0.746,1.20,1.40
2008.12.29 20:19:09.761,0.74545,0.74595,1.20,1.40
2008.12.29 20:19:13.860,0.74565,0.74605,1.20,1.40
2008.12.29 20:19:17.319,0.74555,0.74605,1.20,1.40
2008.12.29 20:19:19.448,0.74565,0.74605,1.20,1.40
2008.12.29 20:19:20.018,0.74555,0.74605,1.20,1.40
2008.12.29 20:19:20.628,0.74565,0.74605,1.20,1.40
2008.12.29 20:19:23.787,0.74555,0.74605,1.20,1.40
2008.12.29 20:19:24.577,0.74565,0.74605,1.20,1.40
2008.12.29 20:19:28.366,0.7457,0.74615,1.20,1.40
2008.12.29 20:19:29.806,0.74565,0.74615,1.20,1.40
2008.12.29 20:19:39.984,0.74555,0.74615,1.20,1.40
2008.12.29 20:19:40.563,0.7455,0.7461,1.20,1.40
2008.12.29 20:19:40.913,0.74555,0.74615,1.20,1.40
2008.12.29 20:19:41.493,0.7455,0.7461,4.00,1.40
2008.12.29 20:19:41.773,0.7455,0.7461,1.20,1.40
2008.12.29 20:19:44.203,0.7453,0.7461,5.60,1.40
2008.12.29 20:19:44.323,0.7452,0.7461,3.20,1.40
2008.12.29 20:19:45.352,0.7453,0.7461,1.20,1.40
2008.12.29 20:19:45.532,0.7453,0.7461,4.00,1.40
2008.12.29 20:19:45.872,0.74525,0.7461,2.40,1.40
2008.12.29 20:19:45.992,0.7453,0.7461,1.20,1.40
2008.12.29 20:19:46.172,0.7452,0.7461,3.20,1.40
2008.12.29 20:19:46.292,0.7452,0.7461,6.40,1.40
2008.12.29 20:19:46.512,0.7453,0.7461,4.00,1.40
2008.12.29 20:19:46.622,0.7453,0.7461,1.20,1.40
2008.12.29 20:19:46.732,0.7452,0.7461,3.20,1.40
2008.12.29 20:19:46.792,0.74525,0.7461,2.40,1.40
2008.12.29 20:19:47.252,0.7453,0.7461,1.20,1.40
2008.12.29 20:19:48.062,0.74545,0.7461,1.20,1.40
2008.12.29 20:19:48.291,0.7454,0.7461,1.20,1.40
2008.12.29 20:19:48.461,0.74545,0.7461,1.20,1.40
2008.12.29 20:19:49.041,0.7454,0.7461,1.20,1.40
2008.12.29 20:19:49.442,0.74545,0.7461,1.20,1.40
2008.12.29 20:19:53.060,0.7455,0.7461,3.20,1.40
2008.12.29 20:19:54.450,0.74545,0.74605,4.00,1.40
2008.12.29 20:19:54.560,0.7454,0.74605,3.20,1.40
2008.12.29 20:19:56.120,0.7454,0.7459,3.20,1.40
2008.12.29 20:19:56.340,0.74525,0.7459,1.20,1.40
2008.12.29 20:19:56.790,0.74535,0.7459,1.20,1.40
2008.12.29 20:19:57.479,0.74525,0.7457,3.20,1.40
2008.12.29 20:19:58.069,0.7452,0.7457,1.20,1.40
2008.12.29 20:19:58.249,0.74525,0.74575,1.20,1.40
2008.12.29 20:19:58.719,0.7452,0.7457,1.20,1.40
2008.12.29 20:19:59.169,0.74525,0.74575,1.20,1.40
2008.12.29 20:19:59.819,0.7452,0.7457,1.20,1.40
2008.12.29 20:20:00.049,0.74525,0.74575,1.20,1.40
2008.12.29 20:20:00.619,0.7452,0.7457,1.20,1.40
2008.12.29 20:20:01.008,0.74525,0.74575,1.20,1.40
2008.12.29 20:20:01.578,0.7452,0.7457,1.20,1.40
2008.12.29 20:20:02.488,0.74525,0.74575,1.20,1.40
2008.12.29 20:20:02.708,0.7452,0.7457,1.20,1.40
2008.12.29 20:20:03.338,0.74525,0.74575,1.20,1.40
2008.12.29 20:20:03.728,0.7452,0.7457,1.20,1.40
2008.12.29 20:20:04.058,0.74525,0.74575,1.20,1.40
2008.12.29 20:20:04.808,0.7452,0.7457,1.20,1.40
2008.12.29 20:20:05.227,0.74525,0.74575,1.20,1.40
2008.12.29 20:20:05.807,0.7452,0.7457,1.20,1.40
2008.12.29 20:20:07.407,0.74525,0.74575,1.20,1.40
2008.12.29 20:20:15.825,0.7453,0.74575,1.20,1.40
2008.12.29 20:20:17.974,0.74535,0.7458,1.20,1.40
2008.12.29 20:20:18.554,0.74525,0.7458,4.00,1.40
2008.12.29 20:20:21.104,0.7452,0.7457,1.20,1.40
2008.12.29 20:20:29.881,0.74525,0.7458,1.20,1.40
2008.12.29 20:20:30.052,0.74525,0.7458,4.00,1.40
2008.12.29 20:20:42.109,0.7453,0.7458,3.20,1.40
2008.12.29 20:20:42.448,0.7455,0.74595,1.20,1.40
2008.12.29 20:20:44.298,0.74545,0.7459,1.20,1.40
2008.12.29 20:20:54.396,0.7454,0.7459,1.20,1.40
2008.12.29 20:20:58.254,0.7454,0.74575,1.20,2.20
2008.12.29 20:20:58.365,0.7452,0.7455,3.20,1.00
2008.12.29 20:20:58.595,0.745,0.7455,1.20,1.00
2008.12.29 20:20:58.874,0.74515,0.7458,1.20,1.00
2008.12.29 20:20:59.375,0.74515,0.74585,1.20,1.40
2008.12.29 20:21:02.623,0.7453,0.74575,1.20,1.40
2008.12.29 20:21:04.393,0.74535,0.74575,1.20,1.40
2008.12.29 20:21:16.240,0.74535,0.7457,1.20,1.40
2008.12.29 20:21:17.790,0.74495,0.74555,1.20,1.40
2008.12.29 20:21:17.961,0.745,0.7456,1.20,1.40
2008.12.29 20:21:18.400,0.745,0.74555,1.20,1.40
2008.12.29 20:21:18.570,0.745,0.7456,1.20,1.40
2008.12.29 20:21:19.140,0.7451,0.7457,1.20,1.40
2008.12.29 20:21:19.539,0.7451,0.74555,1.20,1.40
2008.12.29 20:21:19.899,0.7451,0.7457,1.20,1.40
2008.12.29 20:21:22.449,0.7453,0.7457,1.20,1.40
2008.12.29 20:21:34.916,0.74525,0.74565,1.20,1.40
2008.12.29 20:21:44.793,0.74525,0.7456,1.20,1.40
2008.12.29 20:21:52.971,0.7452,0.7456,1.20,1.40
2008.12.29 20:21:57.460,0.74505,0.7456,1.20,1.40
2008.12.29 20:22:08.018,0.7451,0.7458,1.20,1.40
2008.12.29 20:22:11.007,0.74505,0.74555,1.20,1.40
2008.12.29 20:22:21.025,0.74505,0.74555,1.20,1.40
2008.12.29 20:22:21.435,0.7451,0.7459,1.20,1.40
2008.12.29 20:22:24.384,0.74505,0.7456,4.00,1.40
2008.12.29 20:22:24.504,0.74505,0.7456,1.20,1.40
2008.12.29 20:22:29.283,0.745,0.7453,3.20,1.40
2008.12.29 20:22:29.523,0.7448,0.7457,1.20,1.40
2008.12.29 20:22:29.693,0.7447,0.7452,3.20,1.40
2008.12.29 20:22:30.152,0.7447,0.7452,1.20,1.40
2008.12.29 20:22:30.263,0.74475,0.7454,1.20,1.40
2008.12.29 20:22:35.571,0.74485,0.74525,1.20,1.40
2008.12.29 20:22:40.450,0.74475,0.74525,1.20,1.40
2008.12.29 20:22:40.680,0.74495,0.7453,1.20,1.40
2008.12.29 20:22:42.040,0.74495,0.7453,1.20,2.20
2008.12.29 20:22:42.090,0.74475,0.74525,3.20,1.00
2008.12.29 20:22:42.559,0.74415,0.7453,2.40,1.00
2008.12.29 20:22:42.840,0.74435,0.7454,2.40,9.40
2008.12.29 20:22:43.119,0.74465,0.74525,1.20,1.40
2008.12.29 20:22:45.079,0.7447,0.7452,1.20,1.40
2008.12.29 20:22:55.246,0.7448,0.74565,1.20,1.00
2008.12.29 20:22:55.706,0.7448,0.7457,3.20,9.40
2008.12.29 20:22:55.946,0.7448,0.74585,3.20,1.40
2008.12.29 20:22:56.526,0.74475,0.74565,3.20,1.40
2008.12.29 20:22:57.686,0.7448,0.74565,2.40,1.40
2008.12.29 20:22:58.266,0.74475,0.74565,3.20,1.40
2008.12.29 20:22:58.725,0.7448,0.74565,2.40,1.40
2008.12.29 20:22:58.936,0.7448,0.74575,3.20,1.40
2008.12.29 20:22:59.455,0.7447,0.74545,12.00,1.40
2008.12.29 20:22:59.685,0.7447,0.74545,4.00,1.40
2008.12.29 20:23:00.915,0.7449,0.74535,1.20,1.40
2008.12.29 20:23:01.835,0.74505,0.7458,1.20,1.40
2008.12.29 20:23:02.345,0.74505,0.7459,1.20,4.00
2008.12.29 20:23:02.565,0.74505,0.7459,1.20,2.60
2008.12.29 20:23:03.435,0.745,0.74555,1.20,1.40
2008.12.29 20:23:04.874,0.7449,0.74515,3.20,1.40
2008.12.29 20:23:05.034,0.74455,0.74515,1.20,1.40
2008.12.29 20:23:05.384,0.7446,0.74555,1.20,2.20
2008.12.29 20:23:05.504,0.7446,0.74555,1.20,1.40
2008.12.29 20:23:14.412,0.74465,0.7453,4.00,1.40
2008.12.29 20:23:14.652,0.7447,0.7453,1.20,1.40
2008.12.29 20:23:15.122,0.7447,0.7453,4.00,1.40
2008.12.29 20:23:15.541,0.7446,0.7453,4.00,1.40
2008.12.29 20:23:21.160,0.7446,0.7451,1.20,1.40
2008.12.29 20:23:21.330,0.74465,0.74515,1.20,1.40
2008.12.29 20:23:35.617,0.7446,0.74505,1.20,1.40
2008.12.29 20:23:45.234,0.7442,0.74525,2.40,1.40
2008.12.29 20:23:45.524,0.7442,0.7452,2.40,1.40
2008.12.29 20:23:46.504,0.7443,0.74515,2.40,1.40
2008.12.29 20:23:48.494,0.7443,0.7453,2.40,1.00
2008.12.29 20:23:48.654,0.74415,0.7452,2.40,1.00
2008.12.29 20:23:51.213,0.7442,0.74525,2.40,10.20
2008.12.29 20:23:51.563,0.74415,0.7452,2.40,1.00
2008.12.29 20:23:52.553,0.7442,0.74525,2.40,2.20
2008.12.29 20:23:52.723,0.7442,0.74525,2.40,1.00
2008.12.29 20:23:55.622,0.7441,0.74515,2.40,1.00
2008.12.29 20:23:55.852,0.74415,0.7452,2.40,1.00
2008.12.29 20:23:58.931,0.7442,0.74525,2.40,1.00
2008.12.29 20:23:59.231,0.74415,0.7452,2.40,1.00
2008.12.29 20:24:00.531,0.7442,0.7452,2.40,1.00
2008.12.29 20:24:00.751,0.7444,0.745,1.20,1.40
2008.12.29 20:24:02.420,0.7444,0.74485,1.20,1.40
2008.12.29 20:24:06.039,0.74395,0.7446,2.40,1.40
2008.12.29 20:24:06.379,0.7439,0.7446,1.20,1.40
2008.12.29 20:24:06.549,0.74395,0.74495,1.20,1.40
2008.12.29 20:24:10.678,0.74405,0.7447,1.20,1.40
2008.12.29 20:24:12.818,0.7441,0.74475,1.20,1.40
2008.12.29 20:24:18.626,0.74405,0.7447,1.20,1.40
2008.12.29 20:24:21.276,0.7441,0.74475,1.20,1.40
2008.12.29 20:24:27.894,0.74425,0.74475,1.20,1.40
2008.12.29 20:24:41.221,0.7443,0.74475,1.20,1.40
2008.12.29 20:24:42.970,0.74435,0.74485,1.20,1.40
2008.12.29 20:24:47.050,0.7443,0.74475,1.20,1.40
2008.12.29 20:24:59.266,0.74445,0.74485,1.20,1.40
2008.12.29 20:25:02.326,0.7443,0.74475,1.20,1.40
2008.12.29 20:25:03.386,0.7442,0.7446,1.20,1.40
2008.12.29 20:25:04.056,0.7441,0.7445,1.20,1.40
2008.12.29 20:25:04.975,0.74415,0.74455,1.20,1.40
2008.12.29 20:25:12.973,0.7441,0.7445,1.20,1.40
2008.12.29 20:25:15.363,0.74405,0.7445,1.20,1.40
2008.12.29 20:25:21.621,0.7441,0.74455,1.20,1.40
2008.12.29 20:25:21.901,0.74415,0.74465,1.20,1.40
2008.12.29 20:25:22.321,0.74415,0.7447,1.20,1.40
2008.12.29 20:25:23.541,0.74395,0.7451,2.40,1.00
2008.12.29 20:25:23.841,0.74395,0.74505,1.60,1.00
2008.12.29 20:25:23.960,0.74395,0.7451,4.00,1.00
2008.12.29 20:25:24.820,0.744,0.745,1.60,1.00
2008.12.29 20:25:25.470,0.74405,0.74505,1.60,1.00
2008.12.29 20:25:28.380,0.74465,0.7454,2.40,1.00
2008.12.29 20:25:31.109,0.7448,0.7453,2.40,1.00
2008.12.29 20:25:35.158,0.7447,0.7453,9.60,1.00
2008.12.29 20:25:35.628,0.7447,0.7453,8.00,1.00
2008.12.29 20:25:35.748,0.7445,0.7453,2.40,1.00
2008.12.29 20:25:42.386,0.7441,0.7452,2.40,1.00
2008.12.29 20:25:48.215,0.74435,0.7453,2.40,10.20
2008.12.29 20:25:48.435,0.74435,0.7453,2.40,8.80
2008.12.29 20:25:48.675,0.74435,0.7453,2.40,1.00
2008.12.29 20:25:54.463,0.7445,0.7453,2.40,1.00
2008.12.29 20:25:57.003,0.7444,0.74525,9.60,1.00
2008.12.29 20:25:57.183,0.7444,0.74525,8.00,1.00
2008.12.29 20:25:57.243,0.74425,0.74525,2.40,1.00
2008.12.29 20:26:01.393,0.7441,0.7451,2.40,1.00
2008.12.29 20:26:01.841,0.7441,0.74515,2.40,1.00
2008.12.29 20:26:03.011,0.74425,0.7449,1.20,1.40
2008.12.29 20:26:04.601,0.7443,0.74515,1.20,1.40
2008.12.29 20:26:06.021,0.74435,0.74505,1.20,1.40
2008.12.29 20:26:09.630,0.74435,0.7451,1.20,1.40
2008.12.29 20:27:15.084,0.74435,0.74515,1.20,1.40
2008.12.29 20:27:15.534,0.7443,0.74515,3.20,1.40
2008.12.29 20:27:15.873,0.74435,0.74515,1.20,1.40
2008.12.29 20:27:16.785,0.74445,0.74515,1.20,1.40
2008.12.29 20:27:16.894,0.7445,0.74525,1.20,1.40
2008.12.29 20:27:17.643,0.74445,0.7453,1.20,2.20
2008.12.29 20:27:18.133,0.7444,0.7453,3.20,2.20
2008.12.29 20:27:26.081,0.7444,0.7452,3.20,1.40
2008.12.29 20:27:26.361,0.74445,0.7452,1.20,1.40
2008.12.29 20:27:30.990,0.74445,0.74515,1.20,1.40
2008.12.29 20:27:31.979,0.7444,0.74515,1.20,1.40
2008.12.29 20:27:34.259,0.74435,0.7451,1.20,1.40
2008.12.29 20:27:35.219,0.7443,0.74505,1.20,1.40
2008.12.29 20:27:53.514,0.74425,0.74505,1.20,1.40
2008.12.29 20:28:07.131,0.74425,0.74515,1.20,1.40
2008.12.29 20:28:11.291,0.7443,0.74515,1.20,1.40
2008.12.29 20:28:17.169,0.74425,0.74515,1.20,1.40
2008.12.29 20:28:20.788,0.74425,0.7451,1.20,1.40
2008.12.29 20:28:25.858,0.7443,0.7451,1.20,1.40
2008.12.29 20:28:30.446,0.74435,0.74515,1.20,1.40
2008.12.29 20:28:33.725,0.7444,0.74525,1.20,2.20
2008.12.29 20:28:34.465,0.7444,0.74525,1.20,1.40
2008.12.29 20:28:37.004,0.74435,0.7452,1.20,1.40
2008.12.29 20:29:07.677,0.74435,0.74505,1.20,1.40
2008.12.29 20:29:10.366,0.744,0.74495,10.60,1.40
2008.12.29 20:29:10.536,0.744,0.74495,1.20,1.40
2008.12.29 20:29:19.564,0.74405,0.74475,1.20,1.40
2008.12.29 20:29:24.043,0.74405,0.7446,1.20,1.40
2008.12.29 20:29:25.182,0.744,0.74455,1.20,1.40
2008.12.29 20:29:28.482,0.74405,0.7446,1.20,1.40
2008.12.29 20:29:34.370,0.744,0.7445,1.20,1.40
2008.12.29 20:29:35.390,0.74405,0.74455,1.20,1.40
2008.12.29 20:29:35.560,0.7442,0.7447,1.20,1.40
2008.12.29 20:29:36.080,0.74415,0.7447,1.20,1.40
2008.12.29 20:29:37.749,0.74415,0.7451,1.20,1.40
2008.12.29 20:29:38.799,0.74425,0.74505,1.20,1.40
2008.12.29 20:29:39.659,0.7442,0.74505,1.20,1.40
2008.12.29 20:29:40.189,0.74425,0.74505,1.20,1.40
2008.12.29 20:29:48.647,0.7442,0.7452,2.40,1.00
2008.12.29 20:29:48.697,0.74455,0.7453,2.40,10.20
2008.12.29 20:29:49.167,0.74455,0.7453,2.40,1.00
2008.12.29 20:29:49.457,0.74445,0.7453,9.60,1.00
2008.12.29 20:29:49.576,0.74425,0.7453,2.40,1.00
2008.12.29 20:29:53.146,0.74445,0.7453,2.40,1.00
2008.12.29 20:29:53.776,0.7444,0.7453,2.40,1.00
2008.12.29 20:29:56.045,0.74435,0.7453,2.40,1.00
2008.12.29 20:29:56.505,0.7443,0.7453,2.40,1.40
2008.12.29 20:29:57.937,0.7443,0.7453,2.40,1.00
2008.12.29 20:29:58.765,0.7443,0.7453,2.40,1.40
2008.12.29 20:29:59.065,0.7443,0.7453,2.40,1.00
2008.12.29 20:30:00.364,0.74435,0.7453,2.40,1.00
2008.12.29 20:30:00.784,0.74425,0.7453,2.40,1.40
2008.12.29 20:30:01.444,0.7443,0.7453,2.40,1.40
2008.12.29 20:30:02.244,0.74435,0.7453,2.40,1.00
2008.12.29 20:30:02.993,0.7444,0.7453,2.40,1.00
2008.12.29 20:30:03.343,0.74435,0.7453,2.40,1.00
2008.12.29 20:30:03.993,0.7444,0.7453,2.40,1.00
2008.12.29 20:30:05.213,0.7444,0.74525,2.40,1.40
2008.12.29 20:30:05.543,0.7443,0.74525,13.00,1.40
2008.12.29 20:30:05.992,0.74435,0.74525,2.40,1.40
2008.12.29 20:30:06.812,0.74435,0.74525,3.20,1.40
2008.12.29 20:30:07.322,0.74435,0.74525,2.40,1.40
2008.12.29 20:30:07.612,0.7444,0.74525,2.40,1.40
2008.12.29 20:30:08.203,0.7445,0.7454,2.40,1.40
2008.12.29 20:30:08.712,0.74455,0.7454,2.40,1.40
2008.12.29 20:30:10.861,0.7445,0.7454,3.20,1.40
2008.12.29 20:30:11.312,0.74455,0.74545,3.20,1.40
2008.12.29 20:30:11.601,0.7446,0.74555,1.20,1.40
2008.12.29 20:30:12.171,0.74465,0.74565,2.40,1.40
2008.12.29 20:30:12.701,0.7447,0.7456,2.40,1.40
2008.12.29 20:30:13.341,0.7446,0.74545,2.40,1.40
2008.12.29 20:30:13.741,0.7445,0.74545,3.20,1.40
2008.12.29 20:30:15.690,0.74455,0.7453,3.20,1.40
2008.12.29 20:30:16.170,0.7447,0.74535,1.20,1.40
2008.12.29 20:30:17.840,0.74475,0.74535,1.20,1.40
2008.12.29 20:30:18.290,0.7447,0.74535,1.20,1.40
2008.12.29 20:30:18.800,0.74455,0.7452,2.40,1.40
2008.12.29 20:30:19.379,0.74465,0.74525,1.20,1.40
2008.12.29 20:30:21.679,0.7447,0.74515,1.20,1.40
2008.12.29 20:30:22.319,0.7446,0.7451,1.20,1.40
2008.12.29 20:30:30.177,0.74465,0.74515,1.20,1.40
2008.12.29 20:30:31.166,0.7443,0.74505,2.40,1.40
2008.12.29 20:30:31.636,0.7441,0.745,1.60,1.40
2008.12.29 20:30:31.746,0.7441,0.7449,1.60,1.40
2008.12.29 20:30:36.505,0.7442,0.74485,1.60,1.40
2008.12.29 20:30:37.595,0.7442,0.7449,1.60,2.20
2008.12.29 20:30:39.045,0.7442,0.74485,1.60,1.40
2008.12.29 20:30:39.504,0.7442,0.74495,1.60,10.80
2008.12.29 20:30:39.945,0.7442,0.74495,1.60,2.80
2008.12.29 20:30:40.294,0.7442,0.74495,1.60,1.40
2008.12.29 20:30:51.652,0.7442,0.74475,1.60,1.40
2008.12.29 20:30:55.851,0.7442,0.7446,1.60,1.40
2008.12.29 20:30:57.760,0.7442,0.7449,1.60,1.00
2008.12.29 20:30:58.450,0.7442,0.745,1.60,9.40
2008.12.29 20:30:58.950,0.7442,0.74495,1.60,1.40
2008.12.29 20:31:06.628,0.7444,0.745,1.20,1.40
2008.12.29 20:31:08.228,0.74445,0.74505,1.20,1.40
2008.12.29 20:31:10.627,0.7441,0.745,1.60,1.40
2008.12.29 20:31:23.124,0.7442,0.7449,1.60,1.40
2008.12.29 20:31:27.003,0.7442,0.745,1.60,1.40
2008.12.29 20:31:37.331,0.7442,0.7449,1.60,1.40
2008.12.29 20:31:38.130,0.7442,0.745,1.60,1.40
2008.12.29 20:31:45.239,0.7442,0.7449,1.60,1.40
2008.12.29 20:31:45.649,0.7442,0.74525,4.00,1.40
2008.12.29 20:31:45.949,0.7442,0.7452,4.00,1.40
2008.12.29 20:31:47.678,0.7442,0.7452,4.00,1.40
2008.12.29 20:31:48.088,0.74425,0.7452,2.40,1.40
2008.12.29 20:31:55.026,0.7442,0.7452,1.60,2.20
2008.12.29 20:31:55.416,0.7442,0.74505,1.60,1.40
2008.12.29 20:31:59.365,0.74435,0.74515,1.20,1.40
2008.12.29 20:32:01.005,0.74435,0.745,1.20,1.40
2008.12.29 20:32:01.735,0.7444,0.74505,1.20,1.40
2008.12.29 20:32:02.085,0.7444,0.7451,1.20,1.40
2008.12.29 20:32:02.794,0.74445,0.74515,1.20,1.40
2008.12.29 20:32:13.622,0.7444,0.7451,1.20,1.40
2008.12.29 20:32:14.182,0.74455,0.74515,1.20,1.40
2008.12.29 20:32:18.091,0.7445,0.7451,1.20,1.40
2008.12.29 20:32:18.561,0.7445,0.74505,1.20,1.40
2008.12.29 20:32:20.990,0.74455,0.74515,1.20,1.40
2008.12.29 20:32:23.470,0.7444,0.7451,1.20,1.40
2008.12.29 20:32:24.619,0.74445,0.74515,1.20,1.00
2008.12.29 20:32:25.129,0.7443,0.74515,1.20,1.00
2008.12.29 20:32:25.929,0.74435,0.74515,1.20,1.00
2008.12.29 20:32:26.699,0.7443,0.74515,1.20,1.00
2008.12.29 20:32:27.099,0.7443,0.7452,1.20,1.00
2008.12.29 20:32:27.558,0.7443,0.74515,1.20,1.00
2008.12.29 20:32:27.898,0.74455,0.74525,1.20,9.40
2008.12.29 20:32:28.128,0.74455,0.74525,1.20,1.40
2008.12.29 20:32:28.738,0.7445,0.74525,1.20,1.40
2008.12.29 20:32:29.088,0.7446,0.7453,1.20,1.40
2008.12.29 20:32:29.438,0.7446,0.7453,1.20,1.00
2008.12.29 20:32:32.277,0.7446,0.74525,1.20,1.00
2008.12.29 20:32:34.287,0.7446,0.7453,1.20,1.00
2008.12.29 20:32:35.537,0.74455,0.74525,1.20,1.40
2008.12.29 20:32:35.817,0.7447,0.7453,1.20,2.20
2008.12.29 20:32:36.046,0.7448,0.7453,1.20,2.20
2008.12.29 20:32:37.196,0.7448,0.7453,1.20,1.00
2008.12.29 20:32:37.417,0.74485,0.7453,1.20,1.00
2008.12.29 20:32:38.176,0.74495,0.7453,1.20,1.00
2008.12.29 20:32:40.385,0.7448,0.7453,1.20,1.00
2008.12.29 20:32:47.524,0.74485,0.7453,1.20,1.00
2008.12.29 20:32:48.284,0.7449,0.7453,1.20,1.00
2008.12.29 20:32:55.792,0.7448,0.7453,1.20,1.00
2008.12.29 20:32:58.761,0.7448,0.7453,1.20,2.20
2008.12.29 20:33:05.069,0.74445,0.74515,1.20,1.40
2008.12.29 20:33:05.579,0.74445,0.7451,1.20,1.40
2008.12.29 20:33:05.629,0.7445,0.74515,1.20,1.40
2008.12.29 20:33:06.089,0.74455,0.7451,1.20,1.40
2008.12.29 20:33:06.669,0.7446,0.74515,1.20,1.40
2008.12.29 20:33:07.039,0.74455,0.7451,1.20,1.40
2008.12.29 20:33:07.559,0.7446,0.74515,1.20,1.40
2008.12.29 20:33:08.189,0.74455,0.7451,1.20,1.40
2008.12.29 20:33:09.268,0.7446,0.74515,1.20,1.40
2008.12.29 20:33:09.668,0.74455,0.7451,1.20,1.40
2008.12.29 20:33:10.128,0.7446,0.74515,1.20,1.40
2008.12.29 20:33:10.528,0.74455,0.7451,1.20,1.40
2008.12.29 20:33:10.928,0.7446,0.74515,1.20,1.40
2008.12.29 20:33:11.388,0.74455,0.7451,1.20,1.40
2008.12.29 20:33:11.808,0.7446,0.74515,1.20,1.40
2008.12.29 20:33:12.468,0.74455,0.7451,1.20,1.40
2008.12.29 20:33:13.157,0.7446,0.74515,1.20,1.40
2008.12.29 20:33:13.617,0.74455,0.7451,1.20,1.40
2008.12.29 20:33:13.727,0.7446,0.74515,1.20,1.40
2008.12.29 20:33:14.237,0.74455,0.7451,1.20,1.40
2008.12.29 20:33:15.117,0.7446,0.74515,1.20,1.40
2008.12.29 20:33:15.997,0.7445,0.745,1.20,1.40
2008.12.29 20:33:16.377,0.74415,0.74505,2.40,1.40
2008.12.29 20:33:16.607,0.74415,0.7451,2.40,1.40
2008.12.29 20:33:16.907,0.7441,0.7451,4.80,1.40
2008.12.29 20:33:17.327,0.7442,0.74505,4.00,1.40
2008.12.29 20:33:17.506,0.7442,0.7451,4.80,1.40
2008.12.29 20:33:18.057,0.74425,0.74505,2.40,1.40
2008.12.29 20:33:18.416,0.7442,0.74505,4.00,1.40
2008.12.29 20:33:18.646,0.7442,0.7451,4.80,1.40
2008.12.29 20:33:18.876,0.74425,0.7451,2.40,1.40
2008.12.29 20:33:19.166,0.74425,0.74505,2.40,1.40
2008.12.29 20:33:19.736,0.7442,0.74505,4.00,1.40
2008.12.29 20:33:21.456,0.74425,0.74505,2.40,1.40
2008.12.29 20:33:22.145,0.7442,0.74505,4.00,1.40
2008.12.29 20:33:23.055,0.7442,0.74515,4.00,1.40
2008.12.29 20:33:23.515,0.74425,0.74515,2.40,1.40
2008.12.29 20:33:23.695,0.7443,0.7453,2.40,2.20
2008.12.29 20:33:24.095,0.7444,0.7453,2.40,2.20
2008.12.29 20:33:24.505,0.7444,0.7453,2.40,1.00
2008.12.29 20:33:25.495,0.74445,0.7453,2.40,1.00
2008.12.29 20:33:26.344,0.7444,0.7453,2.40,1.00
2008.12.29 20:33:26.564,0.7444,0.74515,2.40,1.40
2008.12.29 20:33:26.974,0.7443,0.74515,2.40,1.40
2008.12.29 20:33:27.424,0.74425,0.74515,2.40,1.40
2008.12.29 20:33:28.284,0.7443,0.74515,2.40,1.40
2008.12.29 20:33:33.943,0.74435,0.74515,2.40,1.40
2008.12.29 20:33:34.482,0.74455,0.7451,1.20,1.40
2008.12.29 20:33:35.052,0.7447,0.74525,1.20,1.40
2008.12.29 20:33:35.642,0.74455,0.7452,1.20,1.40
2008.12.29 20:33:36.322,0.74465,0.7452,1.20,1.40
2008.12.29 20:33:36.602,0.74455,0.7452,1.20,1.40
2008.12.29 20:33:37.062,0.74465,0.7452,1.20,1.40
2008.12.29 20:33:37.641,0.74455,0.7452,1.20,1.40
2008.12.29 20:33:40.091,0.7442,0.74515,2.40,1.40
2008.12.29 20:33:40.731,0.7442,0.74505,2.40,1.40
2008.12.29 20:33:41.260,0.7442,0.745,4.00,1.40
2008.12.29 20:33:42.111,0.7442,0.74505,4.00,1.40
2008.12.29 20:33:47.009,0.74445,0.7451,1.20,1.40
2008.12.29 20:33:48.549,0.74445,0.74505,1.20,1.40
2008.12.29 20:33:50.568,0.74455,0.74505,1.20,1.40
2008.12.29 20:33:54.427,0.7447,0.74525,1.20,1.40
2008.12.29 20:34:09.384,0.74475,0.7452,1.20,1.40
2008.12.29 20:34:23.780,0.74415,0.745,1.20,1.40
2008.12.29 20:34:25.030,0.7443,0.74495,1.20,1.40
2008.12.29 20:34:25.830,0.7444,0.7451,1.20,1.40
2008.12.29 20:34:26.290,0.74445,0.7452,1.20,1.40
2008.12.29 20:34:26.580,0.74445,0.7452,3.20,1.40
2008.12.29 20:34:26.760,0.74445,0.74515,3.20,1.40
2008.12.29 20:34:27.060,0.74445,0.74515,1.20,1.40
2008.12.29 20:34:27.340,0.74445,0.7452,1.20,1.40
2008.12.29 20:34:27.980,0.74445,0.74515,1.20,1.40
2008.12.29 20:34:28.449,0.74445,0.7452,1.20,1.40
2008.12.29 20:34:28.669,0.74445,0.74515,1.20,1.40
2008.12.29 20:34:29.589,0.7446,0.74525,1.20,1.40
2008.12.29 20:34:29.829,0.7446,0.7452,1.20,1.40
2008.12.29 20:34:30.559,0.7446,0.74525,1.20,1.40
2008.12.29 20:34:30.789,0.74455,0.74515,1.20,1.40
2008.12.29 20:34:31.789,0.7445,0.7451,1.20,1.40
2008.12.29 20:34:32.079,0.7445,0.74505,1.20,1.40
2008.12.29 20:34:32.778,0.7445,0.7451,1.20,1.40
2008.12.29 20:34:36.408,0.7445,0.74515,1.20,1.40
2008.12.29 20:34:36.698,0.74455,0.74525,1.20,1.40
2008.12.29 20:34:37.777,0.74465,0.7453,1.20,2.20
2008.12.29 20:34:42.426,0.74465,0.7452,1.20,1.40
2008.12.29 20:34:42.786,0.7447,0.74525,1.20,1.40
2008.12.29 20:34:43.146,0.74455,0.7452,2.40,1.40
2008.12.29 20:34:43.656,0.7445,0.7452,1.20,1.40
2008.12.29 20:34:44.725,0.7445,0.74505,1.20,1.40
2008.12.29 20:34:46.955,0.7445,0.745,1.20,1.40
2008.12.29 20:34:47.435,0.7445,0.7452,1.20,1.40
2008.12.29 20:34:49.954,0.7444,0.7452,2.40,1.40
2008.12.29 20:34:56.622,0.74445,0.7452,2.40,1.40
2008.12.29 20:35:33.174,0.74435,0.7452,3.20,1.40
2008.12.29 20:35:33.714,0.7444,0.74515,2.40,1.40
2008.12.29 20:35:34.123,0.7444,0.74505,2.40,1.40
2008.12.29 20:35:34.533,0.74435,0.74505,2.40,1.40
2008.12.29 20:35:37.823,0.7444,0.74515,2.40,1.40
2008.12.29 20:35:38.462,0.74435,0.74515,2.40,1.40
2008.12.29 20:35:38.702,0.7443,0.74515,2.40,1.40
2008.12.29 20:35:38.822,0.74435,0.74515,2.40,1.40
2008.12.29 20:35:39.392,0.74435,0.7451,2.40,1.40
2008.12.29 20:35:39.502,0.74435,0.74515,2.40,1.40
2008.12.29 20:35:39.832,0.7444,0.7452,2.40,1.40
2008.12.29 20:35:40.182,0.74445,0.7452,2.40,1.40
2008.12.29 20:35:41.422,0.7444,0.7452,2.40,1.40
2008.12.29 20:35:41.592,0.74445,0.7452,2.40,1.40
2008.12.29 20:35:41.952,0.74445,0.74515,2.40,1.40
2008.12.29 20:35:42.172,0.7444,0.74515,2.40,1.40
2008.12.29 20:35:45.021,0.74435,0.74515,2.40,1.40
2008.12.29 20:35:46.651,0.74435,0.7452,2.40,1.40
2008.12.29 20:35:46.830,0.7444,0.7452,2.40,1.40
2008.12.29 20:35:57.078,0.7445,0.7452,2.40,1.40
2008.12.29 20:35:57.448,0.7444,0.7452,2.40,1.40
2008.12.29 20:35:58.028,0.74445,0.7453,2.40,2.20
2008.12.29 20:35:58.438,0.74455,0.7453,2.40,2.20
2008.12.29 20:35:58.767,0.7445,0.7453,2.40,2.20
2008.12.29 20:36:00.757,0.7444,0.7453,2.40,2.20
2008.12.29 20:36:01.107,0.7445,0.7453,2.40,2.20
2008.12.29 20:36:08.635,0.74445,0.7453,2.40,2.20
2008.12.29 20:36:10.775,0.74455,0.7453,2.40,2.20
2008.12.29 20:36:11.304,0.74445,0.7453,2.40,2.20
2008.12.29 20:36:16.344,0.7445,0.7453,2.40,2.20
2008.12.29 20:36:16.463,0.74445,0.7453,2.40,2.20
2008.12.29 20:36:16.683,0.74445,0.7453,2.40,1.00
2008.12.29 20:36:16.793,0.7445,0.7453,2.40,1.00
2008.12.29 20:36:17.583,0.7445,0.7453,2.40,2.20
2008.12.29 20:36:17.803,0.74445,0.7453,2.40,1.00
2008.12.29 20:36:18.093,0.7445,0.7453,2.40,2.20
2008.12.29 20:36:18.573,0.7445,0.7453,2.40,1.00
2008.12.29 20:36:19.043,0.74445,0.7453,2.40,2.20
2008.12.29 20:36:19.613,0.74445,0.7453,2.40,1.00
2008.12.29 20:36:20.282,0.7445,0.7453,2.40,1.00
2008.12.29 20:36:20.732,0.74445,0.7453,2.40,2.20
2008.12.29 20:36:21.192,0.7445,0.7453,2.40,1.00
2008.12.29 20:36:21.782,0.74455,0.7453,2.40,1.00
2008.12.29 20:36:22.242,0.74455,0.7453,2.40,2.20
2008.12.29 20:36:22.592,0.7445,0.7453,2.40,1.00
2008.12.29 20:36:24.071,0.7445,0.7453,3.20,1.00
2008.12.29 20:36:25.761,0.7445,0.7453,1.20,2.20
2008.12.29 20:36:26.221,0.7445,0.7453,1.20,1.00
2008.12.29 20:36:26.331,0.7445,0.7453,3.20,1.00
2008.12.29 20:36:27.361,0.7445,0.7453,1.20,2.20
2008.12.29 20:36:27.770,0.7445,0.7453,1.20,1.00
2008.12.29 20:36:28.290,0.7445,0.7453,3.20,2.20
2008.12.29 20:36:28.790,0.7445,0.7453,3.20,1.00
2008.12.29 20:36:29.360,0.7445,0.7453,1.20,2.20
2008.12.29 20:36:30.280,0.74455,0.7453,1.20,1.00
2008.12.29 20:36:30.750,0.74465,0.7453,1.20,1.00
2008.12.29 20:36:31.610,0.7447,0.7453,1.20,1.00
2008.12.29 20:36:32.650,0.74435,0.74505,10.60,1.40
2008.12.29 20:36:33.219,0.74435,0.74505,1.20,1.40
2008.12.29 20:36:34.899,0.7445,0.74495,1.20,1.40
2008.12.29 20:36:35.859,0.74455,0.74495,1.20,1.40
2008.12.29 20:36:36.778,0.74445,0.7449,1.20,1.40
2008.12.29 20:36:37.298,0.7443,0.7449,1.20,1.40
2008.12.29 20:36:37.758,0.74445,0.7449,1.20,1.40
2008.12.29 20:36:39.208,0.7441,0.74475,1.60,1.40
2008.12.29 20:36:39.608,0.7441,0.7448,1.60,1.40
2008.12.29 20:36:42.427,0.7442,0.7448,1.60,1.40
2008.12.29 20:36:42.897,0.74425,0.7448,1.20,1.40
2008.12.29 20:36:43.297,0.74435,0.74515,1.20,8.60
2008.12.29 20:36:43.567,0.74435,0.74515,1.20,10.20
2008.12.29 20:36:43.687,0.74435,0.74515,3.20,8.00
2008.12.29 20:36:44.027,0.74435,0.7452,3.20,8.00
2008.12.29 20:36:44.957,0.7443,0.7453,2.40,1.00
2008.12.29 20:36:45.356,0.7442,0.7452,1.60,1.00
2008.12.29 20:36:47.036,0.7442,0.7451,1.60,1.00
2008.12.29 20:36:48.026,0.7442,0.74515,1.60,1.00
2008.12.29 20:36:48.686,0.7443,0.7453,2.40,8.80
2008.12.29 20:36:49.385,0.7442,0.7451,1.60,2.20
2008.12.29 20:36:49.875,0.7442,0.74515,1.60,2.20
2008.12.29 20:36:50.285,0.7442,0.74515,1.60,1.00
2008.12.29 20:36:51.305,0.7442,0.7451,1.60,1.00
2008.12.29 20:36:51.705,0.7442,0.74495,1.60,1.40
2008.12.29 20:36:54.234,0.7442,0.7448,1.60,1.40
2008.12.29 20:36:55.374,0.7442,0.74485,1.60,2.20
2008.12.29 20:36:56.004,0.7442,0.74485,1.60,1.40
2008.12.29 20:37:02.692,0.7442,0.7449,1.60,1.00
2008.12.29 20:37:03.042,0.74425,0.7449,1.20,1.00
2008.12.29 20:37:03.562,0.74425,0.74495,1.20,1.40
2008.12.29 20:37:03.952,0.7442,0.74495,2.40,1.40
2008.12.29 20:37:06.811,0.74425,0.74495,1.20,1.40
2008.12.29 20:37:10.950,0.74425,0.745,1.20,1.40
2008.12.29 20:37:11.630,0.7443,0.745,1.20,1.40
2008.12.29 20:37:12.920,0.74445,0.74515,1.20,1.40
2008.12.29 20:37:13.590,0.74425,0.74515,1.20,1.40
2008.12.29 20:37:13.700,0.74445,0.74515,1.20,1.40
2008.12.29 20:37:14.329,0.7442,0.7453,2.40,1.00
2008.12.29 20:37:14.659,0.7441,0.7452,4.00,1.00
2008.12.29 20:37:15.229,0.74415,0.745,1.20,1.40
2008.12.29 20:37:15.339,0.7443,0.7451,1.20,1.40
2008.12.29 20:37:15.799,0.7444,0.7451,1.20,1.40
2008.12.29 20:37:16.479,0.7443,0.745,1.20,1.40
2008.12.29 20:37:20.178,0.74435,0.7451,1.20,1.00
2008.12.29 20:37:20.408,0.74435,0.74505,1.20,1.40
2008.12.29 20:37:20.638,0.74435,0.74515,1.20,1.40
2008.12.29 20:37:24.857,0.74435,0.7451,1.20,1.00
2008.12.29 20:37:25.267,0.74435,0.74515,1.20,10.80
2008.12.29 20:37:25.497,0.74435,0.74515,1.20,1.40
2008.12.29 20:37:25.967,0.74435,0.74505,1.20,1.40
2008.12.29 20:37:29.816,0.7444,0.74505,1.20,1.40
2008.12.29 20:37:30.806,0.7444,0.74515,1.20,1.40
2008.12.29 20:37:32.145,0.7446,0.74525,1.20,2.20
2008.12.29 20:37:32.735,0.7443,0.74515,3.20,1.40
2008.12.29 20:37:33.195,0.7443,0.74515,1.20,1.40
2008.12.29 20:37:33.875,0.7444,0.74505,1.20,1.40
2008.12.29 20:37:35.874,0.74445,0.7451,1.20,1.40
2008.12.29 20:37:36.404,0.7444,0.74505,1.20,1.40
2008.12.29 20:37:36.805,0.74445,0.7451,1.20,1.40
2008.12.29 20:37:38.634,0.7445,0.74495,1.20,1.40
2008.12.29 20:37:42.503,0.74445,0.7449,1.20,1.40
2008.12.29 20:37:46.305,0.7444,0.7449,1.20,1.40
2008.12.29 20:37:49.811,0.74445,0.74495,1.20,1.40
2008.12.29 20:37:50.331,0.7445,0.74495,1.20,1.40
2008.12.29 20:37:50.731,0.74445,0.74495,1.20,1.40
2008.12.29 20:37:53.350,0.7444,0.7449,1.20,1.40
2008.12.29 20:37:53.750,0.74445,0.74495,1.20,1.40
2008.12.29 20:37:55.659,0.7445,0.74495,1.20,1.40
2008.12.29 20:37:56.469,0.74445,0.74495,1.20,1.40
2008.12.29 20:37:56.699,0.7445,0.74495,1.20,1.40
2008.12.29 20:37:57.049,0.74445,0.74495,1.20,1.40
2008.12.29 20:37:58.429,0.7445,0.74495,1.20,1.40
2008.12.29 20:37:58.989,0.74445,0.74495,1.20,1.40
2008.12.29 20:38:03.177,0.7445,0.74495,1.20,1.40
2008.12.29 20:38:03.398,0.74445,0.74495,1.20,1.40
2008.12.29 20:38:06.707,0.7444,0.7449,1.20,1.40
2008.12.29 20:38:12.595,0.7444,0.745,1.20,1.40
2008.12.29 20:38:17.494,0.7445,0.745,1.20,1.40
2008.12.29 20:38:26.242,0.7445,0.74495,1.20,1.40
2008.12.29 20:38:31.861,0.7446,0.74505,1.20,1.40
2008.12.29 20:38:32.101,0.7447,0.74515,1.20,1.40
2008.12.29 20:38:32.491,0.74465,0.74515,1.20,1.40
2008.12.29 20:38:33.980,0.74465,0.7451,1.20,1.40
2008.12.29 20:38:34.620,0.7447,0.74515,1.20,1.40
2008.12.29 20:38:35.550,0.74475,0.74515,1.20,1.40
2008.12.29 20:38:38.149,0.74465,0.7451,1.20,1.40
2008.12.29 20:38:38.549,0.74475,0.74515,1.20,1.40
2008.12.29 20:38:48.177,0.7447,0.74515,1.20,1.40
2008.12.29 20:39:03.243,0.7448,0.74525,1.20,1.40
2008.12.29 20:39:04.693,0.7447,0.74515,1.20,1.40
2008.12.29 20:39:05.783,0.74465,0.7451,1.20,1.40
2008.12.29 20:39:06.682,0.7447,0.74515,1.20,1.40
2008.12.29 20:39:23.608,0.74475,0.7452,1.20,1.40
2008.12.29 20:39:24.678,0.74475,0.74515,1.20,1.40
2008.12.29 20:39:25.548,0.7447,0.74515,1.20,1.40
2008.12.29 20:39:25.888,0.74475,0.74515,1.20,1.40
2008.12.29 20:39:26.288,0.7448,0.7452,1.20,1.40
2008.12.29 20:39:27.117,0.74475,0.74535,1.20,1.40
2008.12.29 20:39:30.027,0.7453,0.7457,1.20,1.00
2008.12.29 20:39:30.267,0.7453,0.7459,1.20,9.40
2008.12.29 20:39:30.717,0.74515,0.74575,1.20,1.40
2008.12.29 20:39:31.066,0.7454,0.7459,1.20,1.00
2008.12.29 20:39:31.367,0.7454,0.74595,1.20,1.40
2008.12.29 20:39:31.816,0.74545,0.746,1.20,1.40
2008.12.29 20:39:32.266,0.7455,0.74595,1.20,1.40
2008.12.29 20:39:33.176,0.7454,0.74595,1.20,1.40
2008.12.29 20:39:33.466,0.74535,0.74595,1.20,1.40
2008.12.29 20:39:33.746,0.74525,0.74585,1.20,1.40
2008.12.29 20:39:35.085,0.7453,0.74595,1.20,2.20
2008.12.29 20:39:35.305,0.74525,0.74585,1.20,1.40
2008.12.29 20:39:35.595,0.7453,0.74595,1.20,2.20
2008.12.29 20:39:35.765,0.74525,0.74585,1.20,1.40
2008.12.29 20:39:38.864,0.7452,0.74585,1.20,1.40
2008.12.29 20:39:41.194,0.74505,0.74565,1.20,1.40
2008.12.29 20:39:41.584,0.7449,0.74565,1.20,1.40
2008.12.29 20:39:42.034,0.7447,0.74555,2.40,1.40
2008.12.29 20:39:42.384,0.7447,0.74555,1.20,1.00
2008.12.29 20:39:42.884,0.7447,0.74555,1.20,2.20
2008.12.29 20:39:44.093,0.7446,0.74545,1.20,1.40
2008.12.29 20:39:44.503,0.7446,0.74525,1.20,1.00
2008.12.29 20:39:44.564,0.74455,0.74525,1.20,1.40
2008.12.29 20:39:45.003,0.74455,0.7452,1.20,1.40
2008.12.29 20:39:45.123,0.74455,0.74515,1.20,1.40
2008.12.29 20:39:45.633,0.74455,0.7451,1.20,1.40
2008.12.29 20:39:46.733,0.7446,0.74545,1.20,1.40
2008.12.29 20:39:47.142,0.7446,0.7455,1.20,1.40
2008.12.29 20:39:49.252,0.7445,0.74525,1.20,1.40
2008.12.29 20:39:49.802,0.7446,0.7453,1.20,1.40
2008.12.29 20:39:50.202,0.7446,0.7454,1.20,2.20
2008.12.29 20:39:50.562,0.7445,0.74515,1.20,1.40
2008.12.29 20:39:50.782,0.7446,0.7452,1.20,1.40
2008.12.29 20:39:53.191,0.7445,0.74515,1.20,1.40
2008.12.29 20:39:53.781,0.7447,0.74535,1.20,1.40
2008.12.29 20:39:54.231,0.74455,0.74535,1.20,1.40
2008.12.29 20:39:54.461,0.7446,0.7454,1.20,1.40
2008.12.29 20:39:54.641,0.74445,0.7453,1.20,1.40
2008.12.29 20:39:54.881,0.7446,0.7454,1.20,1.40
2008.12.29 20:39:55.181,0.7447,0.7454,1.20,1.40
2008.12.29 20:39:56.060,0.74465,0.74535,1.20,1.40
2008.12.29 20:39:56.241,0.7447,0.7454,1.20,1.40
2008.12.29 20:39:59.150,0.74475,0.7454,1.20,1.40
2008.12.29 20:39:59.609,0.74465,0.74535,1.20,1.40
2008.12.29 20:39:59.779,0.74465,0.7452,1.20,1.40
2008.12.29 20:40:00.289,0.7447,0.7452,1.20,1.40
2008.12.29 20:40:00.809,0.74465,0.7452,1.20,1.40
2008.12.29 20:40:01.279,0.7447,0.7452,1.20,1.40
2008.12.29 20:40:02.659,0.74465,0.7452,1.20,1.40
2008.12.29 20:40:02.999,0.7448,0.7454,1.20,1.40
2008.12.29 20:40:04.258,0.74485,0.74545,1.20,1.40
2008.12.29 20:40:04.768,0.7448,0.7454,1.20,1.40
2008.12.29 20:40:05.178,0.74485,0.74545,1.20,1.40
2008.12.29 20:40:05.648,0.7449,0.74565,1.20,2.20
2008.12.29 20:40:05.818,0.7449,0.74565,1.20,1.40
2008.12.29 20:40:06.788,0.7448,0.7455,1.20,1.40
2008.12.29 20:40:08.407,0.7449,0.74555,1.20,1.40
2008.12.29 20:40:08.757,0.74455,0.74555,3.20,1.40
2008.12.29 20:40:09.687,0.74465,0.74555,1.20,1.40
2008.12.29 20:40:10.097,0.74465,0.74545,1.20,1.40
2008.12.29 20:40:10.667,0.74475,0.7455,1.20,1.40
2008.12.29 20:40:12.946,0.74465,0.74545,1.20,1.40
2008.12.29 20:40:13.456,0.74475,0.7455,1.20,1.40
2008.12.29 20:40:13.576,0.7446,0.74545,3.20,1.40
2008.12.29 20:40:14.156,0.74465,0.74545,1.20,1.40
2008.12.29 20:40:15.516,0.74475,0.7455,1.20,1.40
2008.12.29 20:40:23.164,0.74515,0.74575,1.20,1.40
2008.12.29 20:40:23.574,0.74525,0.7459,1.20,1.40
2008.12.29 20:40:24.213,0.7454,0.746,1.20,2.20
2008.12.29 20:40:24.663,0.74545,0.74595,1.20,1.40
2008.12.29 20:40:24.953,0.74555,0.74605,1.20,1.40
2008.12.29 20:40:25.353,0.74565,0.74605,1.20,1.40
2008.12.29 20:40:29.013,0.74555,0.74605,1.20,1.40
2008.12.29 20:40:30.862,0.74535,0.7459,1.20,1.40
2008.12.29 20:40:31.262,0.74555,0.746,1.20,1.40
2008.12.29 20:40:32.182,0.74575,0.7462,1.20,1.40
2008.12.29 20:40:33.651,0.74565,0.74605,1.20,1.40
2008.12.29 20:40:34.641,0.74585,0.74645,1.20,1.40
2008.12.29 20:40:34.881,0.7457,0.7464,1.20,1.40
2008.12.29 20:40:35.721,0.7458,0.74625,1.20,1.40
2008.12.29 20:40:37.040,0.74585,0.7463,1.20,1.40
2008.12.29 20:40:39.010,0.7459,0.7463,1.20,1.40
2008.12.29 20:40:39.590,0.746,0.74645,1.20,1.40
2008.12.29 20:40:40.580,0.746,0.7465,1.20,1.40
2008.12.29 20:40:41.949,0.74605,0.7465,1.20,1.40
2008.12.29 20:40:42.579,0.7461,0.74715,1.20,5.00
2008.12.29 20:40:43.409,0.7461,0.74715,1.20,2.80
2008.12.29 20:40:43.950,0.7462,0.747,1.20,1.40
2008.12.29 20:40:45.928,0.74635,0.74695,1.20,1.40
2008.12.29 20:40:46.268,0.7462,0.74685,1.20,1.40
2008.12.29 20:40:46.668,0.74625,0.7469,1.20,1.40
2008.12.29 20:40:47.178,0.7462,0.74685,1.20,1.40
2008.12.29 20:40:48.398,0.7462,0.74695,1.20,2.20
2008.12.29 20:40:49.327,0.74605,0.7468,1.20,1.40
2008.12.29 20:40:54.156,0.74605,0.74665,1.20,1.40
2008.12.29 20:40:54.606,0.7461,0.74675,1.20,1.00
2008.12.29 20:40:55.256,0.7461,0.74685,1.20,8.00
2008.12.29 20:40:55.316,0.7462,0.74695,1.20,2.20
2008.12.29 20:40:56.536,0.7462,0.74695,1.20,1.00
2008.12.29 20:40:57.405,0.74615,0.74685,1.20,1.40
2008.12.29 20:40:57.576,0.7461,0.74685,1.20,1.40
2008.12.29 20:40:58.205,0.7461,0.74685,1.20,2.20
2008.12.29 20:40:58.445,0.7461,0.74695,1.20,10.20
2008.12.29 20:40:58.785,0.7461,0.74695,1.20,2.20
2008.12.29 20:40:58.895,0.7461,0.7469,1.20,1.00
2008.12.29 20:40:59.365,0.7461,0.74695,1.20,2.20
2008.12.29 20:40:59.535,0.7461,0.74685,1.20,1.40
2008.12.29 20:41:00.045,0.7461,0.7468,1.20,1.40
2008.12.29 20:41:02.034,0.74605,0.7467,1.20,1.40
2008.12.29 20:41:02.145,0.746,0.7466,1.20,1.40
2008.12.29 20:41:04.174,0.74595,0.7465,1.20,1.40
2008.12.29 20:41:06.503,0.746,0.7466,1.20,1.40
2008.12.29 20:41:11.142,0.746,0.74655,1.20,1.40
2008.12.29 20:41:18.470,0.74595,0.7465,1.20,1.40
2008.12.29 20:41:21.650,0.746,0.74655,1.20,1.40
2008.12.29 20:41:24.609,0.74605,0.74655,1.20,1.40
2008.12.29 20:41:25.939,0.74595,0.74655,1.20,1.40
2008.12.29 20:41:35.056,0.74595,0.7465,1.20,1.40
2008.12.29 20:41:35.966,0.746,0.74655,1.20,1.40
2008.12.29 20:41:37.566,0.74605,0.74655,1.20,1.40
2008.12.29 20:42:04.189,0.74565,0.7465,9.60,1.40
2008.12.29 20:42:04.360,0.74545,0.7465,3.20,1.40
2008.12.29 20:42:06.079,0.7456,0.7466,1.20,1.00
2008.12.29 20:42:06.309,0.74565,0.7467,2.40,2.20
2008.12.29 20:42:06.989,0.7455,0.74655,5.00,1.40
2008.12.29 20:42:07.269,0.7456,0.74665,2.60,1.00
2008.12.29 20:42:07.499,0.74565,0.7468,2.40,2.20
2008.12.29 20:42:08.329,0.7456,0.74665,3.20,2.20
2008.12.29 20:42:08.499,0.7456,0.74665,3.20,1.00
2008.12.29 20:42:09.138,0.74565,0.7467,2.40,2.20
2008.12.29 20:42:10.298,0.74565,0.74655,2.40,1.40
2008.12.29 20:42:10.408,0.7456,0.74655,2.40,1.40
2008.12.29 20:42:12.388,0.74555,0.74655,3.20,2.20
2008.12.29 20:42:13.097,0.7458,0.7466,1.20,1.40
2008.12.29 20:42:14.717,0.74595,0.74665,1.20,1.40
2008.12.29 20:42:15.157,0.74595,0.74665,1.20,2.20
2008.12.29 20:42:15.327,0.74595,0.74665,1.20,1.40
2008.12.29 20:42:20.216,0.7459,0.7466,1.20,1.40
2008.12.29 20:42:20.856,0.74585,0.7465,1.20,1.00
2008.12.29 20:42:21.195,0.74585,0.74655,1.20,1.40
2008.12.29 20:42:23.755,0.7459,0.74675,1.20,9.40
2008.12.29 20:42:23.875,0.7459,0.74675,1.20,1.40
2008.12.29 20:42:31.943,0.7459,0.7467,1.20,1.40
2008.12.29 20:42:32.173,0.7459,0.74675,1.20,1.40
2008.12.29 20:42:32.863,0.74575,0.7465,10.60,1.40
2008.12.29 20:42:33.043,0.74575,0.7465,1.20,1.40
2008.12.29 20:42:33.622,0.7459,0.7469,1.20,2.80
2008.12.29 20:42:33.852,0.7459,0.7469,1.20,1.40
2008.12.29 20:42:34.143,0.7459,0.74685,1.20,1.40
2008.12.29 20:42:35.292,0.7459,0.74675,1.20,1.40
2008.12.29 20:42:38.071,0.74595,0.74685,1.20,2.20
2008.12.29 20:42:38.351,0.74595,0.74685,1.20,1.40
2008.12.29 20:42:40.031,0.7459,0.7468,1.20,1.40
2008.12.29 20:42:45.950,0.7459,0.7468,1.20,2.20
2008.12.29 20:42:48.379,0.74595,0.7468,1.20,1.00
2008.12.29 20:42:48.669,0.74595,0.74685,1.20,2.20
2008.12.29 20:42:56.287,0.74595,0.74675,1.20,1.00
2008.12.29 20:42:56.507,0.7459,0.74665,1.20,1.40
2008.12.29 20:43:01.406,0.7459,0.7467,1.20,1.40
2008.12.29 20:43:01.886,0.746,0.7468,1.20,2.20
2008.12.29 20:43:02.065,0.74605,0.7469,1.20,1.40
2008.12.29 20:43:03.655,0.746,0.7468,1.20,1.40
2008.12.29 20:43:04.385,0.7459,0.7467,1.20,1.40
2008.12.29 20:43:05.025,0.7459,0.74665,1.20,1.40
2008.12.29 20:43:05.375,0.74615,0.7467,1.20,1.40
2008.12.29 20:43:05.655,0.74585,0.74685,2.40,9.40
2008.12.29 20:43:05.885,0.7457,0.7468,12.00,1.40
2008.12.29 20:43:06.105,0.74565,0.74655,9.60,1.00
2008.12.29 20:43:06.284,0.7454,0.74655,1.60,1.00
2008.12.29 20:43:06.574,0.74575,0.74665,2.40,9.40
2008.12.29 20:43:06.984,0.7455,0.74625,2.40,1.40
2008.12.29 20:43:07.334,0.7454,0.74625,1.20,1.40
2008.12.29 20:43:07.864,0.74545,0.74625,1.20,1.40
2008.12.29 20:43:08.314,0.7455,0.7461,1.20,1.40
2008.12.29 20:43:08.844,0.7454,0.7459,1.20,1.40
2008.12.29 20:43:09.414,0.7455,0.7461,1.20,1.40
2008.12.29 20:43:09.984,0.74555,0.7461,1.20,1.40
2008.12.29 20:43:10.444,0.7455,0.746,1.20,1.40
2008.12.29 20:43:10.794,0.7456,0.74615,1.20,1.40
2008.12.29 20:43:12.263,0.7456,0.7461,1.20,1.40
2008.12.29 20:43:12.503,0.7455,0.746,1.20,1.40
2008.12.29 20:43:13.043,0.74545,0.74595,1.20,1.40
2008.12.29 20:43:13.623,0.7455,0.746,1.20,1.40
2008.12.29 20:43:14.063,0.74545,0.746,1.20,1.40
2008.12.29 20:43:14.732,0.7456,0.7461,1.20,1.40
2008.12.29 20:43:16.472,0.7455,0.74595,1.20,1.40
2008.12.29 20:43:16.872,0.7454,0.7459,1.20,1.40
2008.12.29 20:43:18.741,0.74505,0.7463,3.20,1.00
2008.12.29 20:43:18.972,0.7452,0.74645,2.40,8.60
2008.12.29 20:43:19.142,0.7452,0.74645,2.40,1.00
2008.12.29 20:43:19.202,0.7452,0.74645,2.40,8.60
2008.12.29 20:43:19.431,0.74515,0.7464,2.40,1.00
2008.12.29 20:43:21.701,0.7454,0.74605,1.20,1.40
2008.12.29 20:43:22.671,0.74545,0.74615,1.20,1.40
2008.12.29 20:43:22.891,0.7454,0.7459,1.20,1.40
2008.12.29 20:43:25.180,0.7455,0.746,1.20,1.40
2008.12.29 20:43:25.420,0.74555,0.74605,1.20,1.40
2008.12.29 20:43:26.350,0.7455,0.746,1.20,1.40
2008.12.29 20:43:29.869,0.7454,0.7459,1.20,1.40
2008.12.29 20:43:30.269,0.74535,0.74585,1.20,1.40
2008.12.29 20:43:30.739,0.7454,0.7459,1.20,1.40
2008.12.29 20:43:31.078,0.74555,0.746,1.20,1.40
2008.12.29 20:43:31.488,0.74535,0.74585,3.20,1.40
2008.12.29 20:43:31.718,0.74535,0.74585,1.20,1.40
2008.12.29 20:43:32.388,0.7453,0.7458,1.20,1.40
2008.12.29 20:43:35.627,0.7454,0.7459,1.20,1.40
2008.12.29 20:43:36.477,0.74535,0.74585,1.20,1.40
2008.12.29 20:43:38.667,0.7453,0.7458,1.20,1.40
2008.12.29 20:43:38.847,0.7453,0.74575,1.20,1.40
2008.12.29 20:43:39.577,0.74535,0.74585,1.20,1.40
2008.12.29 20:43:41.366,0.74535,0.7458,1.20,1.40
2008.12.29 20:43:41.546,0.7454,0.74585,1.20,1.40
2008.12.29 20:43:43.845,0.74535,0.7458,1.20,1.40
2008.12.29 20:43:45.525,0.7453,0.74575,1.20,1.40
2008.12.29 20:43:46.465,0.74535,0.7458,1.20,1.40
2008.12.29 20:43:47.705,0.74535,0.74585,1.20,1.40
2008.12.29 20:43:52.543,0.7454,0.74585,1.20,1.40
2008.12.29 20:43:56.123,0.74535,0.74585,1.20,1.40
2008.12.29 20:43:56.873,0.7454,0.74585,1.20,1.40
2008.12.29 20:44:02.381,0.7454,0.7459,1.20,1.40
2008.12.29 20:44:03.221,0.7454,0.746,1.20,1.40
2008.12.29 20:44:18.287,0.7452,0.74585,8.80,1.40
2008.12.29 20:44:18.467,0.7452,0.74585,1.20,1.40
2008.12.29 20:44:19.367,0.74515,0.7456,1.20,1.40
2008.12.29 20:44:19.827,0.7452,0.74565,1.20,1.40
2008.12.29 20:44:20.397,0.7453,0.7461,1.20,1.00
2008.12.29 20:44:20.567,0.7453,0.7462,3.20,9.40
2008.12.29 20:44:20.977,0.7452,0.7458,1.20,1.40
2008.12.29 20:44:21.437,0.7452,0.7458,10.60,1.40
2008.12.29 20:44:21.886,0.7452,0.7458,1.20,1.40
2008.12.29 20:44:24.356,0.74485,0.74545,3.20,1.40
2008.12.29 20:44:24.586,0.74485,0.74545,1.20,1.40
2008.12.29 20:44:26.255,0.74505,0.74555,1.20,1.40
2008.12.29 20:44:27.105,0.745,0.74555,1.20,1.40
2008.12.29 20:44:28.795,0.745,0.7455,1.20,1.40
2008.12.29 20:44:30.304,0.745,0.74555,1.20,1.40
2008.12.29 20:44:33.454,0.74495,0.74545,1.20,1.40
2008.12.29 20:44:34.653,0.74505,0.7455,1.20,1.40
2008.12.29 20:44:35.033,0.74525,0.74595,1.20,1.00
2008.12.29 20:44:35.323,0.7453,0.7461,2.40,14.20
2008.12.29 20:44:35.493,0.7453,0.7463,2.40,1.40
2008.12.29 20:44:35.653,0.7452,0.7456,9.60,1.40
2008.12.29 20:44:35.983,0.74525,0.746,1.20,1.00
2008.12.29 20:44:36.223,0.7453,0.74605,2.40,8.00
2008.12.29 20:44:36.453,0.7453,0.74635,2.40,1.40
2008.12.29 20:44:37.683,0.74535,0.7462,2.40,1.40
2008.12.29 20:44:37.903,0.7454,0.7463,2.40,1.40
2008.12.29 20:44:39.332,0.7454,0.74585,2.40,1.40
2008.12.29 20:44:39.562,0.745,0.74585,1.20,1.40
2008.12.29 20:44:40.082,0.745,0.7457,1.20,1.40
2008.12.29 20:44:53.669,0.7451,0.7456,1.20,1.40
2008.12.29 20:44:53.779,0.7451,0.7457,1.20,1.40
2008.12.29 20:45:03.136,0.7451,0.7456,1.20,1.40
2008.12.29 20:45:06.656,0.745,0.7455,1.20,1.40
2008.12.29 20:45:07.055,0.7451,0.7456,1.20,1.40
2008.12.29 20:45:13.074,0.7451,0.7457,1.20,1.40
2008.12.29 20:45:15.423,0.74525,0.7459,1.20,1.40
2008.12.29 20:45:21.312,0.74525,0.74585,1.20,1.40
2008.12.29 20:45:23.222,0.7452,0.74575,1.20,1.40
2008.12.29 20:45:24.501,0.74525,0.74585,1.20,1.40
2008.12.29 20:45:26.681,0.74525,0.74575,1.20,1.40
2008.12.29 20:45:27.030,0.74525,0.74585,1.20,1.40
2008.12.29 20:45:28.230,0.7452,0.7458,1.20,1.40
2008.12.29 20:45:30.050,0.74525,0.74585,1.20,1.40
2008.12.29 20:45:31.449,0.7452,0.7458,1.20,1.40
2008.12.29 20:45:32.339,0.7452,0.74575,1.20,1.40
2008.12.29 20:45:39.388,0.7452,0.7457,1.20,1.40
2008.12.29 20:45:39.967,0.74525,0.74575,1.20,1.40
2008.12.29 20:45:43.467,0.7453,0.74575,1.20,1.40
2008.12.29 20:45:44.276,0.74525,0.7458,1.20,1.40
2008.12.29 20:45:44.446,0.74525,0.74575,1.20,1.40
2008.12.29 20:45:44.807,0.74525,0.7458,1.20,1.40
2008.12.29 20:45:45.136,0.74525,0.74575,1.20,1.40
2008.12.29 20:45:45.666,0.74525,0.7458,1.20,1.40
2008.12.29 20:45:46.126,0.74525,0.74575,1.20,1.40
2008.12.29 20:45:46.916,0.74525,0.7458,1.20,1.40
2008.12.29 20:45:47.096,0.74525,0.74575,1.20,1.40
2008.12.29 20:45:47.626,0.74525,0.7458,1.20,1.40
2008.12.29 20:45:48.545,0.74525,0.74575,1.20,1.40
2008.12.29 20:45:49.065,0.74525,0.7458,1.20,1.40
2008.12.29 20:45:49.535,0.74525,0.74575,1.20,1.40
2008.12.29 20:45:49.765,0.74525,0.7458,1.20,1.40
2008.12.29 20:45:49.935,0.74525,0.74575,1.20,1.40
2008.12.29 20:45:50.615,0.74525,0.7458,1.20,1.40
2008.12.29 20:45:51.396,0.74525,0.74575,1.20,1.40
2008.12.29 20:45:51.695,0.74525,0.7458,1.20,1.40
2008.12.29 20:45:51.975,0.74525,0.74575,1.20,1.40
2008.12.29 20:45:52.265,0.7453,0.7458,1.20,1.40
2008.12.29 20:45:52.895,0.7453,0.74585,1.20,1.40
2008.12.29 20:45:53.124,0.7453,0.7458,1.20,1.40
2008.12.29 20:45:53.624,0.7453,0.74585,1.20,1.40
2008.12.29 20:45:54.394,0.7453,0.7458,1.20,1.40
2008.12.29 20:45:54.954,0.7453,0.74585,1.20,1.40
2008.12.29 20:45:55.224,0.7453,0.7458,1.20,1.40
2008.12.29 20:45:55.454,0.7453,0.74585,1.20,1.40
2008.12.29 20:45:56.264,0.7453,0.7458,1.20,1.40
2008.12.29 20:45:56.773,0.7453,0.74585,1.20,1.40
2008.12.29 20:45:57.063,0.7453,0.74575,1.20,1.40
2008.12.29 20:45:57.603,0.7452,0.7457,1.20,1.40
2008.12.29 20:45:57.883,0.7453,0.7458,1.20,1.40
2008.12.29 20:45:58.743,0.74525,0.74575,1.20,1.40
2008.12.29 20:45:59.373,0.74525,0.7457,1.20,1.40
2008.12.29 20:46:03.702,0.74525,0.74575,1.20,1.40
2008.12.29 20:46:07.311,0.74525,0.7457,1.20,1.40
2008.12.29 20:46:08.501,0.74525,0.74575,1.20,1.40
2008.12.29 20:46:08.621,0.74525,0.7457,1.20,1.40
2008.12.29 20:46:09.790,0.7449,0.7456,2.40,1.40
2008.12.29 20:46:09.960,0.74515,0.74575,1.20,1.40
2008.12.29 20:46:13.939,0.7453,0.74575,1.20,1.40
2008.12.29 20:46:34.724,0.7451,0.74555,2.40,1.40
2008.12.29 20:46:35.354,0.7449,0.74555,1.20,1.40
2008.12.29 20:46:44.202,0.74495,0.7456,1.20,1.40
2008.12.29 20:46:45.542,0.7449,0.74545,1.20,1.40
2008.12.29 20:47:08.356,0.7447,0.74525,2.40,1.40
2008.12.29 20:47:08.526,0.7443,0.74525,1.60,1.40
2008.12.29 20:47:08.746,0.74425,0.74525,1.60,1.40
2008.12.29 20:47:12.105,0.7443,0.74525,4.00,1.40
2008.12.29 20:47:12.785,0.74425,0.7452,2.40,1.40
2008.12.29 20:47:13.005,0.74425,0.7451,2.40,1.40
2008.12.29 20:47:13.405,0.7442,0.7451,2.40,1.40
2008.12.29 20:47:20.183,0.7442,0.74505,2.40,1.40
2008.12.29 20:47:20.303,0.7442,0.7449,2.40,1.40
2008.12.29 20:47:20.703,0.7441,0.7449,1.20,1.40
2008.12.29 20:47:28.251,0.74425,0.74495,1.20,1.40
2008.12.29 20:47:34.110,0.74435,0.7449,1.20,1.40
2008.12.29 20:47:39.509,0.7444,0.745,1.20,1.40
2008.12.29 20:47:59.094,0.74435,0.74495,1.20,1.40
2008.12.29 20:48:16.150,0.7444,0.745,1.20,1.40
2008.12.29 20:48:18.209,0.7444,0.74505,1.20,1.40
2008.12.29 20:48:56.650,0.7444,0.74495,1.20,1.40
2008.12.29 20:49:50.137,0.74435,0.74485,1.20,1.40
2008.12.29 20:49:51.497,0.7444,0.7449,1.20,1.40
2008.12.29 20:49:51.677,0.74445,0.7449,1.20,1.40
2008.12.29 20:49:52.297,0.7444,0.7449,1.20,1.40
2008.12.29 20:49:59.765,0.7444,0.74495,1.20,1.40
2008.12.29 20:50:02.344,0.7444,0.7449,1.20,1.40
2008.12.29 20:50:03.554,0.744,0.7447,1.20,1.40
2008.12.29 20:50:03.724,0.74405,0.74485,1.20,1.40
2008.12.29 20:50:44.574,0.74415,0.7449,1.20,1.40
2008.12.29 20:50:59.250,0.74415,0.74485,1.20,1.40
2008.12.29 20:50:59.530,0.74415,0.7449,1.20,1.40
2008.12.29 20:51:02.290,0.74425,0.74495,1.20,1.40
2008.12.29 20:51:06.749,0.74415,0.7449,1.20,1.40
2008.12.29 20:51:09.098,0.7441,0.74485,1.20,1.40
2008.12.29 20:51:09.608,0.74415,0.7449,1.20,1.40
2008.12.29 20:51:13.307,0.7441,0.74485,1.20,1.40
2008.12.29 20:51:17.196,0.7441,0.7448,1.20,1.40
2008.12.29 20:51:19.616,0.7441,0.74485,1.20,1.40
2008.12.29 20:51:22.515,0.7441,0.7448,1.20,1.40
2008.12.29 20:51:26.804,0.7441,0.74485,1.20,1.40
2008.12.29 20:51:40.201,0.7441,0.7447,1.20,1.40
2008.12.29 20:51:41.120,0.74405,0.74465,1.20,1.40
2008.12.29 20:51:46.109,0.7442,0.74465,1.20,1.40
2008.12.29 20:51:48.839,0.74405,0.74465,1.20,1.40
2008.12.29 20:51:54.667,0.74395,0.7447,1.20,1.40
2008.12.29 20:51:57.377,0.74395,0.7445,1.20,1.40
2008.12.29 20:51:59.756,0.74385,0.7443,1.20,1.40
2008.12.29 20:52:04.495,0.74345,0.74415,2.40,1.40
2008.12.29 20:52:04.775,0.74335,0.74415,9.60,1.40
2008.12.29 20:52:05.475,0.7432,0.74415,1.20,1.40
2008.12.29 20:52:06.224,0.74365,0.74425,1.20,1.40
2008.12.29 20:52:06.624,0.74375,0.7446,1.20,1.40
2008.12.29 20:52:08.014,0.7439,0.74455,1.20,1.40
2008.12.29 20:52:08.494,0.7439,0.7445,1.20,1.40
2008.12.29 20:52:09.014,0.7439,0.74455,1.20,1.40
2008.12.29 20:52:10.013,0.7439,0.7445,1.20,1.40
2008.12.29 20:52:10.423,0.7439,0.74455,1.20,1.40
2008.12.29 20:52:10.713,0.744,0.74465,1.20,1.40
2008.12.29 20:52:11.923,0.7438,0.7446,3.20,1.40
2008.12.29 20:52:12.163,0.7438,0.7446,1.20,1.40
2008.12.29 20:52:13.193,0.7437,0.74455,3.20,1.40
2008.12.29 20:52:13.523,0.7438,0.7446,1.20,2.20
2008.12.29 20:52:14.402,0.7438,0.7446,1.20,1.40
2008.12.29 20:52:16.532,0.74385,0.7447,1.20,1.40
2008.12.29 20:52:16.822,0.74385,0.74465,1.20,1.40
2008.12.29 20:52:21.041,0.7439,0.74465,1.20,1.40
2008.12.29 20:52:23.650,0.74385,0.74465,1.20,1.40
2008.12.29 20:52:30.229,0.7438,0.7446,1.20,1.40
2008.12.29 20:52:35.957,0.74385,0.7446,1.20,1.40
2008.12.29 20:52:50.784,0.7439,0.7446,1.20,1.40
2008.12.29 20:52:59.872,0.74385,0.7446,1.20,1.40
2008.12.29 20:53:05.940,0.7439,0.7446,1.20,1.40
2008.12.29 20:53:14.248,0.7439,0.74475,1.20,1.00
2008.12.29 20:53:14.368,0.7439,0.7448,1.20,1.40
2008.12.29 20:53:15.178,0.74385,0.74475,2.40,1.40
2008.12.29 20:53:15.238,0.7438,0.74475,1.20,1.40
2008.12.29 20:53:19.507,0.7438,0.7446,1.20,1.40
2008.12.29 20:53:25.945,0.74385,0.74465,1.20,1.40
2008.12.29 20:53:30.664,0.7438,0.7446,1.20,1.40
2008.12.29 20:53:31.714,0.74385,0.74465,1.20,1.40
2008.12.29 20:53:34.693,0.744,0.74465,1.20,1.40
2008.12.29 20:53:36.043,0.7442,0.7447,1.20,1.40
2008.12.29 20:53:37.643,0.74415,0.74465,1.20,1.40
2008.12.29 20:53:41.962,0.7442,0.7448,1.20,1.40
2008.12.29 20:53:42.931,0.74385,0.7448,1.20,1.40
2008.12.29 20:53:47.770,0.74415,0.7448,1.20,1.40
2008.12.29 20:53:49.619,0.7443,0.74485,1.20,1.40
2008.12.29 20:53:53.878,0.7443,0.7449,1.20,1.40
2008.12.29 20:53:58.278,0.7443,0.74475,1.20,1.40
2008.12.29 20:54:01.107,0.74395,0.7447,1.20,1.40
2008.12.29 20:54:03.586,0.74405,0.74475,1.20,1.40
2008.12.29 20:54:22.312,0.744,0.7446,1.20,1.40
2008.12.29 20:54:26.350,0.7436,0.74455,9.60,2.20
2008.12.29 20:54:26.710,0.7436,0.74455,1.60,2.20
2008.12.29 20:54:26.761,0.74345,0.74455,1.20,2.20
2008.12.29 20:54:36.638,0.7435,0.7445,3.20,1.40
2008.12.29 20:54:37.028,0.7435,0.7445,1.20,2.20
2008.12.29 20:54:51.445,0.7435,0.74445,1.20,1.00
2008.12.29 20:54:51.834,0.7435,0.7445,1.20,2.20
2008.12.29 20:54:53.634,0.74345,0.74445,3.20,1.40
2008.12.29 20:54:53.814,0.74345,0.74445,1.20,2.20
2008.12.29 20:54:55.194,0.7435,0.74445,1.20,1.00
2008.12.29 20:54:55.614,0.74345,0.74445,3.20,1.40
2008.12.29 20:54:55.774,0.74345,0.74445,1.20,2.20
2008.12.29 20:55:10.750,0.74345,0.74445,3.20,1.40
2008.12.29 20:55:12.350,0.74345,0.7444,2.40,1.40
2008.12.29 20:55:12.570,0.74345,0.74445,1.20,2.20
2008.12.29 20:55:18.338,0.7434,0.7444,3.20,1.40
2008.12.29 20:55:18.918,0.74345,0.74445,1.20,2.20
2008.12.29 20:55:19.378,0.7435,0.7445,1.20,2.20
2008.12.29 20:55:22.847,0.74345,0.74445,3.20,1.40
2008.12.29 20:55:22.907,0.74345,0.74445,1.20,2.20
2008.12.29 20:56:14.885,0.7435,0.74445,1.20,1.00
2008.12.29 20:56:15.345,0.74345,0.74445,1.20,2.20
2008.12.29 20:56:16.084,0.74345,0.74445,3.20,1.40
2008.12.29 20:56:16.254,0.74345,0.74445,1.20,1.00
2008.12.29 20:56:16.834,0.74345,0.74445,3.20,1.40
2008.12.29 20:56:17.064,0.74345,0.74445,1.20,2.20
2008.12.29 20:56:17.334,0.74345,0.74445,1.20,1.00
2008.12.29 20:56:17.494,0.74345,0.7445,3.20,1.00
2008.12.29 20:56:17.844,0.74345,0.74445,3.20,1.40
2008.12.29 20:56:18.524,0.74345,0.74445,1.20,2.20
2008.12.29 20:56:18.823,0.74345,0.74445,3.20,1.40
2008.12.29 20:56:19.604,0.74345,0.7445,3.20,1.00
2008.12.29 20:56:19.893,0.74345,0.74445,3.20,1.40
2008.12.29 20:56:20.134,0.74345,0.74445,1.20,2.20
2008.12.29 20:56:20.486,0.74345,0.74445,1.20,1.00
2008.12.29 20:56:20.713,0.74345,0.7445,3.20,1.00
2008.12.29 20:56:21.063,0.74345,0.74445,1.20,2.20
2008.12.29 20:56:21.363,0.74345,0.74445,1.20,1.00
2008.12.29 20:56:21.593,0.74345,0.7445,3.20,1.00
2008.12.29 20:56:22.063,0.74345,0.74445,3.20,1.40
2008.12.29 20:56:22.332,0.74345,0.74445,1.20,1.00
2008.12.29 20:56:22.512,0.74345,0.7445,3.20,1.00
2008.12.29 20:56:23.273,0.74345,0.74445,1.20,1.00
2008.12.29 20:56:23.632,0.74345,0.7445,3.20,1.00
2008.12.29 20:56:23.872,0.74345,0.74445,3.20,1.40
2008.12.29 20:56:23.932,0.74345,0.74445,1.20,2.20
2008.12.29 20:56:24.252,0.74345,0.74445,1.20,1.00
2008.12.29 20:56:24.602,0.74345,0.7445,3.20,1.00
2008.12.29 20:56:24.942,0.74345,0.74445,1.20,2.20
2008.12.29 20:56:25.642,0.74345,0.7445,3.20,1.00
2008.12.29 20:56:25.982,0.74345,0.74445,1.20,2.20
2008.12.29 20:56:26.622,0.74345,0.74445,1.20,1.00
2008.12.29 20:56:26.792,0.74345,0.74445,3.20,1.40
2008.12.29 20:56:27.012,0.74345,0.74445,1.20,2.20
2008.12.29 20:56:27.071,0.74345,0.74445,1.20,1.00
2008.12.29 20:56:27.471,0.74345,0.7445,3.20,1.00
2008.12.29 20:56:27.861,0.74345,0.74445,3.20,1.40
2008.12.29 20:56:28.141,0.74345,0.74445,1.20,2.20
2008.12.29 20:56:28.491,0.74345,0.7445,3.20,1.00
2008.12.29 20:56:29.181,0.74345,0.74445,1.20,1.00
2008.12.29 20:56:29.361,0.74345,0.7445,3.20,1.00
2008.12.29 20:56:29.801,0.74345,0.74445,3.20,1.40
2008.12.29 20:56:29.971,0.74345,0.74445,1.20,2.20
2008.12.29 20:56:30.261,0.74345,0.74445,1.20,1.00
2008.12.29 20:56:30.710,0.74345,0.7445,3.20,1.00
2008.12.29 20:56:31.860,0.74345,0.74445,1.20,1.00
2008.12.29 20:56:31.910,0.74345,0.74445,1.20,2.20
2008.12.29 20:56:32.361,0.74345,0.74445,1.20,1.00
2008.12.29 20:56:32.711,0.74345,0.7445,3.20,1.00
2008.12.29 20:56:32.950,0.74345,0.74445,1.20,2.20
2008.12.29 20:56:33.400,0.74345,0.7445,3.20,1.00
2008.12.29 20:56:33.750,0.74345,0.74445,3.20,1.40
2008.12.29 20:56:34.050,0.74345,0.74445,1.20,2.20
2008.12.29 20:56:34.402,0.74345,0.74445,1.20,1.00
2008.12.29 20:56:34.920,0.74345,0.7445,3.20,1.00
2008.12.29 20:56:35.150,0.74345,0.74445,1.20,2.20
2008.12.29 20:56:35.550,0.74345,0.7445,3.20,1.00
2008.12.29 20:56:35.719,0.74345,0.74445,3.20,1.40
2008.12.29 20:56:35.899,0.74345,0.74445,1.20,2.20
2008.12.29 20:56:36.499,0.74345,0.74445,1.20,1.00
2008.12.29 20:56:36.659,0.74345,0.7445,3.20,1.00
2008.12.29 20:56:37.009,0.74345,0.7444,1.20,1.00
2008.12.29 20:56:37.179,0.74345,0.74445,1.20,2.20
2008.12.29 20:56:37.529,0.74345,0.74445,1.20,1.00
2008.12.29 20:56:37.699,0.74345,0.7445,3.20,1.00
2008.12.29 20:56:37.939,0.74345,0.74445,1.20,2.20
2008.12.29 20:56:38.479,0.74345,0.74445,1.20,1.00
2008.12.29 20:56:38.719,0.74345,0.7445,3.20,1.00
2008.12.29 20:56:39.129,0.74345,0.74445,1.20,2.20
2008.12.29 20:56:39.358,0.74345,0.74445,1.20,1.00
2008.12.29 20:56:39.758,0.74345,0.7445,3.20,1.00
2008.12.29 20:56:39.998,0.74345,0.74445,1.20,2.20
2008.12.29 20:56:40.758,0.74345,0.7445,3.20,1.00
2008.12.29 20:56:40.998,0.74345,0.74445,1.20,2.20
2008.12.29 20:56:41.500,0.74345,0.74445,1.20,1.00
2008.12.29 20:56:41.608,0.74345,0.7445,3.20,1.00
2008.12.29 20:56:41.778,0.74345,0.74445,3.20,1.40
2008.12.29 20:56:42.138,0.74345,0.74445,1.20,2.20
2008.12.29 20:56:42.308,0.74345,0.74445,1.20,1.00
2008.12.29 20:56:42.878,0.74345,0.7445,3.20,1.00
2008.12.29 20:56:43.118,0.74345,0.74445,1.20,2.20
2008.12.29 20:56:43.397,0.74345,0.74445,1.20,1.00
2008.12.29 20:56:43.628,0.74345,0.7445,3.20,1.00
2008.12.29 20:56:43.848,0.74345,0.74445,3.20,1.40
2008.12.29 20:56:44.027,0.74345,0.74445,1.20,2.20
2008.12.29 20:56:44.497,0.74345,0.74445,1.20,1.00
2008.12.29 20:56:44.677,0.74345,0.7445,3.20,1.00
2008.12.29 20:56:44.737,0.74345,0.74445,3.20,1.40
2008.12.29 20:56:45.188,0.74345,0.74445,1.20,2.20
2008.12.29 20:56:45.307,0.74345,0.74445,1.20,1.00
2008.12.29 20:56:45.367,0.74345,0.7445,3.20,1.00
2008.12.29 20:56:46.007,0.74345,0.74445,1.20,2.20
2008.12.29 20:56:46.307,0.74345,0.74445,1.20,1.00
2008.12.29 20:56:46.827,0.74345,0.7445,3.20,1.00
2008.12.29 20:56:46.937,0.74345,0.74445,1.20,2.20
2008.12.29 20:56:47.287,0.74345,0.74445,1.20,1.00
2008.12.29 20:56:47.347,0.74345,0.7445,3.20,1.00
2008.12.29 20:56:47.986,0.74345,0.74445,1.20,1.00
2008.12.29 20:56:48.516,0.74345,0.7445,3.20,1.00
2008.12.29 20:56:49.161,0.74345,0.74445,3.20,1.40
2008.12.29 20:56:49.386,0.74345,0.7445,3.20,1.00
2008.12.29 20:56:49.896,0.74345,0.74445,1.20,2.20
2008.12.29 20:56:50.246,0.74345,0.74445,1.20,1.00
2008.12.29 20:56:50.696,0.74345,0.7445,3.20,1.00
2008.12.29 20:56:51.176,0.74345,0.74445,1.20,2.20
2008.12.29 20:56:51.296,0.74345,0.74445,1.20,1.00
2008.12.29 20:56:51.676,0.74345,0.7445,3.20,1.00
2008.12.29 20:56:51.796,0.74345,0.74445,3.20,1.40
2008.12.29 20:56:52.035,0.74345,0.74445,1.20,2.20
2008.12.29 20:56:56.275,0.74375,0.74455,1.20,10.80
2008.12.29 20:56:56.454,0.7437,0.7445,1.20,1.40
2008.12.29 20:57:29.387,0.74385,0.74445,1.20,1.40
2008.12.29 20:57:29.846,0.74385,0.7445,1.20,1.40
2008.12.29 20:57:46.382,0.7437,0.7445,2.40,1.40
2008.12.29 20:57:46.612,0.74365,0.7445,1.20,1.40
2008.12.29 20:57:49.881,0.74365,0.74445,1.20,1.40
2008.12.29 20:57:50.172,0.7436,0.7444,1.20,1.40
2008.12.29 20:57:50.821,0.7437,0.7445,1.20,1.40
2008.12.29 20:57:52.361,0.74365,0.7444,1.20,1.40
2008.12.29 20:58:00.909,0.7438,0.74445,1.20,1.40
2008.12.29 20:58:06.317,0.7438,0.74445,1.20,2.20
2008.12.29 20:58:07.008,0.7437,0.74425,1.20,1.40
2008.12.29 20:58:07.527,0.74325,0.74405,2.40,1.40
2008.12.29 20:58:07.887,0.7432,0.74405,1.20,1.40
2008.12.29 20:58:08.577,0.7435,0.74395,1.20,1.40
2008.12.29 20:58:09.027,0.7433,0.74395,1.20,1.40
2008.12.29 20:58:19.764,0.7433,0.74385,1.20,1.40
2008.12.29 20:58:22.224,0.7432,0.74375,1.20,1.40
2008.12.29 20:58:22.634,0.74325,0.7438,1.20,1.40
2008.12.29 20:58:23.033,0.74325,0.7437,1.20,1.40
2008.12.29 20:58:24.913,0.74325,0.7438,1.20,1.40
2008.12.29 20:58:25.483,0.74325,0.7439,1.20,1.40
2008.12.29 20:58:25.663,0.74325,0.7438,1.20,1.40
2008.12.29 20:58:26.023,0.74325,0.7439,1.20,1.40
2008.12.29 20:58:41.759,0.7432,0.74395,1.20,1.40
2008.12.29 20:58:44.199,0.7432,0.74385,1.20,1.40
2008.12.29 20:58:45.258,0.74325,0.7439,1.20,1.40
2008.12.29 20:58:45.728,0.7434,0.7439,1.20,1.40
2008.12.29 20:58:48.757,0.74345,0.74395,1.20,1.40
2008.12.29 20:58:50.127,0.74345,0.7439,1.20,1.40
2008.12.29 20:58:57.005,0.7435,0.7439,1.20,1.40
2008.12.29 20:59:05.523,0.7435,0.744,1.20,1.40
2008.12.29 20:59:07.263,0.74345,0.7439,1.20,1.40
2008.12.29 20:59:10.222,0.7434,0.74385,1.20,1.40
2008.12.29 20:59:12.003,0.74335,0.7438,1.20,1.40
2008.12.29 20:59:13.102,0.74325,0.74375,1.20,1.40
2008.12.29 20:59:15.001,0.74325,0.7439,1.20,1.40
2008.12.29 20:59:17.110,0.74325,0.7438,1.20,1.40
2008.12.29 20:59:19.130,0.7434,0.74385,1.20,1.40
2008.12.29 20:59:19.360,0.74325,0.7438,1.20,1.40
2008.12.29 20:59:21.229,0.74325,0.7437,1.20,1.40
2008.12.29 20:59:21.510,0.74325,0.74365,1.20,1.40
2008.12.29 20:59:22.650,0.74325,0.74375,1.20,1.40
2008.12.29 20:59:23.009,0.74325,0.7438,1.20,1.40
2008.12.29 20:59:23.989,0.74325,0.74365,1.20,1.40
2008.12.29 20:59:30.657,0.7432,0.74365,1.20,1.40
2008.12.29 20:59:32.007,0.7431,0.7435,1.20,1.40
2008.12.29 20:59:33.327,0.74325,0.7437,1.20,1.40
2008.12.29 20:59:34.316,0.7432,0.74365,1.20,1.40
2008.12.29 20:59:35.956,0.74315,0.74365,1.20,1.40
2008.12.29 20:59:36.936,0.7432,0.74365,1.20,1.40
2008.12.29 20:59:37.906,0.74315,0.7436,1.20,1.40
2008.12.29 20:59:39.855,0.74315,0.74355,1.20,1.40
2008.12.29 20:59:47.113,0.7432,0.74365,1.20,1.40
2008.12.29 20:59:51.022,0.7432,0.7436,1.20,1.40
2008.12.29 20:59:54.022,0.74315,0.74355,1.20,1.40
2008.12.29 20:59:55.201,0.7432,0.74365,1.20,1.40
2008.12.29 20:59:56.941,0.7434,0.7438,1.20,1.40
2008.12.29 20:59:57.341,0.7434,0.74385,1.20,1.40
