2018.02.07 11:00:00.493,0.87115,0.87126,2.62,1.50
2018.02.07 11:00:00.864,0.87114,0.87125,3.00,1.50
2018.02.07 11:00:00.968,0.87114,0.87124,4.87,1.50
2018.02.07 11:00:01.071,0.87113,0.87125,4.12,4.87
2018.02.07 11:00:01.599,0.87113,0.87123,1.00,1.75
2018.02.07 11:00:01.890,0.87111,0.87122,1.12,2.25
2018.02.07 11:00:04.300,0.8711,0.87121,4.87,1.50
2018.02.07 11:00:05.898,0.8711,0.87121,4.87,1.12
2018.02.07 11:00:05.949,0.8711,0.87121,4.12,1.50
2018.02.07 11:00:06.783,0.8711,0.87121,2.25,1.87
2018.02.07 11:00:07.683,0.8711,0.87121,2.25,1.87
2018.02.07 11:00:08.582,0.87112,0.87121,1.00,1.37
2018.02.07 11:00:09.086,0.87111,0.87122,2.25,1.12
2018.02.07 11:00:10.214,0.87115,0.87123,1.00,1.00
2018.02.07 11:00:10.756,0.87114,0.87124,1.00,1.50
2018.02.07 11:00:11.066,0.87116,0.87125,1.00,2.62
2018.02.07 11:00:11.118,0.87114,0.87123,1.87,1.00
2018.02.07 11:00:11.661,0.87116,0.87126,1.00,1.87
2018.02.07 11:00:12.204,0.87116,0.87126,3.37,2.25
2018.02.07 11:00:13.063,0.87116,0.87126,3.37,1.87
2018.02.07 11:00:13.114,0.87115,0.87124,1.00,1.12
2018.02.07 11:00:13.358,0.87114,0.87122,1.87,1.00
2018.02.07 11:00:13.565,0.87111,0.87121,1.00,2.25
2018.02.07 11:00:13.617,0.87111,0.87121,3.37,1.87
2018.02.07 11:00:14.143,0.87111,0.87122,3.37,2.25
2018.02.07 11:00:14.968,0.87111,0.87122,2.25,2.62
2018.02.07 11:00:16.192,0.87111,0.87122,2.25,2.25
2018.02.07 11:00:16.723,0.87111,0.8712,1.50,1.12
2018.02.07 11:00:17.033,0.8711,0.87118,1.12,1.37
2018.02.07 11:00:18.123,0.87109,0.87118,1.37,2.25
2018.02.07 11:00:20.766,0.8711,0.87118,1.37,1.00
2018.02.07 11:00:20.819,0.87111,0.87121,1.12,1.50
2018.02.07 11:00:20.924,0.8711,0.87119,1.50,1.12
2018.02.07 11:00:21.482,0.87109,0.87119,4.87,1.87
2018.02.07 11:00:21.636,0.87113,0.87122,1.12,1.00
2018.02.07 11:00:24.434,0.87112,0.87121,1.50,1.50
2018.02.07 11:00:24.868,0.87112,0.87123,3.00,1.87
2018.02.07 11:00:26.726,0.87113,0.87123,2.62,3.75
2018.02.07 11:00:27.235,0.87112,0.87123,3.00,2.62
2018.02.07 11:00:27.490,0.87113,0.87123,2.25,1.50
2018.02.07 11:00:30.628,0.87113,0.87123,1.00,1.87
2018.02.07 11:00:31.139,0.87112,0.87122,3.75,1.00
2018.02.07 11:00:31.689,0.87112,0.87122,1.00,1.50
2018.02.07 11:00:31.946,0.8711,0.8712,4.87,1.12
2018.02.07 11:00:32.049,0.8711,0.8712,2.62,1.00
2018.02.07 11:00:32.464,0.8711,0.87119,1.50,1.37
2018.02.07 11:00:32.974,0.87109,0.87119,1.87,1.50
2018.02.07 11:00:33.431,0.87107,0.87117,1.00,1.12
2018.02.07 11:00:33.534,0.87106,0.87115,2.62,1.12
2018.02.07 11:00:33.637,0.87105,0.87115,1.87,1.12
2018.02.07 11:00:34.719,0.87105,0.87114,1.87,1.00
2018.02.07 11:00:35.231,0.87105,0.87114,1.12,1.87
2018.02.07 11:00:39.021,0.87104,0.87113,1.12,1.12
2018.02.07 11:00:39.730,0.87103,0.87113,4.12,1.87
2018.02.07 11:00:39.833,0.87103,0.87113,1.50,1.87
2018.02.07 11:00:41.161,0.87104,0.87113,1.50,4.50
2018.02.07 11:00:41.212,0.87106,0.87113,1.00,2.62
2018.02.07 11:00:41.264,0.87106,0.87115,1.50,1.00
2018.02.07 11:00:41.315,0.8711,0.87117,1.00,1.50
2018.02.07 11:00:42.827,0.8711,0.87118,1.00,2.25
2018.02.07 11:00:43.168,0.87113,0.8712,1.00,2.25
2018.02.07 11:00:43.271,0.87112,0.87122,4.12,1.12
2018.02.07 11:00:43.323,0.87112,0.87122,3.37,1.50
2018.02.07 11:00:43.917,0.87113,0.8712,1.00,1.12
2018.02.07 11:00:44.508,0.87114,0.87121,1.00,1.37
2018.02.07 11:00:45.270,0.87114,0.87121,1.00,1.00
2018.02.07 11:00:47.349,0.87113,0.87122,2.25,1.12
2018.02.07 11:00:49.711,0.87112,0.87122,3.00,1.87
2018.02.07 11:00:53.633,0.87115,0.87122,1.00,1.00
2018.02.07 11:00:53.787,0.87115,0.87124,1.00,1.87
2018.02.07 11:00:54.333,0.87116,0.87125,1.00,1.50
2018.02.07 11:00:55.253,0.87115,0.87124,1.00,1.50
2018.02.07 11:00:55.797,0.87114,0.87124,1.50,3.37
2018.02.07 11:00:56.104,0.87118,0.87124,1.00,3.00
2018.02.07 11:00:56.208,0.87119,0.87126,1.00,2.62
2018.02.07 11:00:56.426,0.87119,0.87128,1.00,1.12
2018.02.07 11:00:56.948,0.87121,0.8713,1.00,2.25
2018.02.07 11:00:57.686,0.8712,0.8713,1.00,2.25
2018.02.07 11:00:58.331,0.8712,0.8713,1.50,2.25
2018.02.07 11:01:00.039,0.8712,0.87129,1.00,1.12
2018.02.07 11:01:00.378,0.87119,0.87127,1.00,1.00
2018.02.07 11:01:00.584,0.87113,0.87124,1.50,2.25
2018.02.07 11:01:01.266,0.87113,0.87124,1.50,2.62
2018.02.07 11:01:01.871,0.87112,0.87122,1.75,1.00
2018.02.07 11:01:04.450,0.87113,0.87122,1.12,1.87
2018.02.07 11:01:05.426,0.87111,0.87122,4.12,1.50
2018.02.07 11:01:06.084,0.87111,0.87121,3.00,1.50
2018.02.07 11:01:07.703,0.87111,0.87121,1.50,2.62
2018.02.07 11:01:07.964,0.87107,0.87116,3.37,1.00
2018.02.07 11:01:08.016,0.87107,0.87116,1.00,1.12
2018.02.07 11:01:08.558,0.87106,0.87116,1.50,2.25
2018.02.07 11:01:09.077,0.87104,0.87114,1.50,1.00
2018.02.07 11:01:09.129,0.87107,0.87115,1.00,1.87
2018.02.07 11:01:10.120,0.87107,0.87115,1.00,1.87
2018.02.07 11:01:11.140,0.87105,0.87116,4.12,2.25
2018.02.07 11:01:11.471,0.87102,0.87111,1.50,1.37
2018.02.07 11:01:12.455,0.87101,0.8711,1.50,1.00
2018.02.07 11:01:12.966,0.87102,0.87111,1.00,1.37
2018.02.07 11:01:13.503,0.87101,0.8711,1.50,1.00
2018.02.07 11:01:14.382,0.87099,0.87108,1.00,1.50
2018.02.07 11:01:14.484,0.87097,0.87107,1.00,1.50
2018.02.07 11:01:15.069,0.87095,0.87105,2.62,1.50
2018.02.07 11:01:15.174,0.87094,0.87102,1.00,1.00
2018.02.07 11:01:15.226,0.87096,0.87103,1.00,1.00
2018.02.07 11:01:15.734,0.87096,0.87105,1.00,1.50
2018.02.07 11:01:16.246,0.87095,0.87106,1.87,2.62
2018.02.07 11:01:16.620,0.87093,0.87103,1.87,2.62
2018.02.07 11:01:16.721,0.87093,0.87103,1.00,2.25
2018.02.07 11:01:17.455,0.87093,0.87102,1.00,1.00
2018.02.07 11:01:18.006,0.87094,0.87104,1.00,2.25
2018.02.07 11:01:19.096,0.87094,0.87104,1.00,2.25
2018.02.07 11:01:19.657,0.87093,0.87103,1.00,1.87
2018.02.07 11:01:20.183,0.87092,0.87103,1.87,1.87
2018.02.07 11:01:20.827,0.87094,0.87102,1.00,1.12
2018.02.07 11:01:20.985,0.87095,0.87105,1.50,1.00
2018.02.07 11:01:21.523,0.87095,0.87106,2.62,1.00
2018.02.07 11:01:22.032,0.87096,0.87106,1.00,3.00
2018.02.07 11:01:22.083,0.87096,0.87106,1.00,5.25
2018.02.07 11:01:22.749,0.87096,0.87107,1.12,6.37
2018.02.07 11:01:23.261,0.87097,0.87106,1.00,2.25
2018.02.07 11:01:23.782,0.87096,0.87104,1.00,1.00
2018.02.07 11:01:24.316,0.87096,0.87106,1.12,2.25
2018.02.07 11:01:25.670,0.87096,0.87105,1.00,2.25
2018.02.07 11:01:27.779,0.87095,0.87104,1.00,1.12
2018.02.07 11:01:28.221,0.87095,0.87102,1.00,1.00
2018.02.07 11:01:28.273,0.87093,0.87103,1.00,1.12
2018.02.07 11:01:28.427,0.87093,0.87102,1.12,1.37
2018.02.07 11:01:28.582,0.87094,0.87104,1.50,1.12
2018.02.07 11:01:29.075,0.87097,0.87106,1.00,3.37
2018.02.07 11:01:29.178,0.87094,0.87104,1.00,1.50
2018.02.07 11:01:29.230,0.87093,0.87102,1.50,1.00
2018.02.07 11:01:29.891,0.87094,0.87103,1.50,1.00
2018.02.07 11:01:30.399,0.87094,0.87104,1.50,1.50
2018.02.07 11:01:30.796,0.87096,0.87106,1.00,2.25
2018.02.07 11:01:31.411,0.87097,0.87106,1.00,1.50
2018.02.07 11:01:32.300,0.87097,0.87107,1.50,1.12
2018.02.07 11:01:33.297,0.87096,0.87106,1.87,1.87
2018.02.07 11:01:34.131,0.87095,0.87105,1.50,2.62
2018.02.07 11:01:34.641,0.87095,0.87103,2.25,1.50
2018.02.07 11:01:34.964,0.87095,0.87105,2.25,1.87
2018.02.07 11:01:35.902,0.87097,0.87106,1.12,1.50
2018.02.07 11:01:36.500,0.87096,0.87106,1.50,1.12
2018.02.07 11:01:36.916,0.87098,0.87106,1.00,1.12
2018.02.07 11:01:37.352,0.87096,0.87106,1.50,1.12
2018.02.07 11:01:37.904,0.87095,0.87106,2.25,2.62
2018.02.07 11:01:38.778,0.87096,0.87104,1.00,1.00
2018.02.07 11:01:39.557,0.87096,0.87106,1.00,1.50
2018.02.07 11:01:40.064,0.87094,0.87105,2.62,1.12
2018.02.07 11:01:40.116,0.87096,0.87105,1.00,1.50
2018.02.07 11:01:41.590,0.87094,0.87105,1.12,1.50
2018.02.07 11:01:41.965,0.87093,0.87103,2.25,1.37
2018.02.07 11:01:42.484,0.87092,0.87101,1.00,2.25
2018.02.07 11:01:42.689,0.8709,0.87101,3.00,2.25
2018.02.07 11:01:43.007,0.87092,0.87101,1.12,1.50
2018.02.07 11:01:43.109,0.87092,0.87103,1.12,2.25
2018.02.07 11:01:43.160,0.87094,0.87103,1.00,1.87
2018.02.07 11:01:43.211,0.87092,0.87103,1.00,2.62
2018.02.07 11:01:43.715,0.87092,0.87103,2.25,3.00
2018.02.07 11:01:43.872,0.87093,0.87101,1.12,1.00
2018.02.07 11:01:43.925,0.87094,0.87104,1.12,1.87
2018.02.07 11:01:44.454,0.87094,0.87105,1.87,3.37
2018.02.07 11:01:45.004,0.87094,0.87103,1.50,1.87
2018.02.07 11:01:45.516,0.87093,0.87103,1.12,1.87
2018.02.07 11:01:48.076,0.87092,0.87101,1.87,1.00
2018.02.07 11:01:48.604,0.8709,0.871,2.25,1.00
2018.02.07 11:01:49.147,0.8709,0.87099,4.12,1.00
2018.02.07 11:01:49.357,0.8709,0.87099,2.25,1.50
2018.02.07 11:01:51.689,0.8709,0.871,1.50,3.75
2018.02.07 11:01:53.210,0.87089,0.871,1.50,3.00
2018.02.07 11:01:57.830,0.8709,0.87099,1.37,1.12
2018.02.07 11:01:58.240,0.87091,0.87102,1.50,2.62
2018.02.07 11:01:58.464,0.8709,0.871,2.62,1.50
2018.02.07 11:01:59.015,0.8709,0.87099,1.87,1.00
2018.02.07 11:02:00.240,0.8709,0.87099,1.87,1.12
2018.02.07 11:02:00.450,0.87088,0.87098,3.37,1.50
2018.02.07 11:02:00.863,0.87087,0.87097,1.37,2.62
2018.02.07 11:02:01.392,0.87087,0.87097,1.12,2.62
2018.02.07 11:02:01.758,0.87087,0.87095,1.12,1.12
2018.02.07 11:02:02.697,0.87087,0.87097,1.12,3.37
2018.02.07 11:02:03.793,0.87086,0.87097,2.25,3.00
2018.02.07 11:02:04.236,0.87085,0.87094,4.12,1.00
2018.02.07 11:02:04.340,0.87083,0.87094,3.37,1.50
2018.02.07 11:02:04.548,0.87082,0.87093,3.00,1.87
2018.02.07 11:02:04.652,0.87081,0.87091,2.62,1.50
2018.02.07 11:02:04.879,0.87076,0.87086,1.00,1.87
2018.02.07 11:02:05.390,0.87075,0.87086,1.87,2.62
2018.02.07 11:02:05.945,0.87076,0.87086,1.00,1.87
2018.02.07 11:02:06.474,0.87077,0.87085,1.00,1.00
2018.02.07 11:02:06.981,0.87076,0.87085,1.12,1.00
2018.02.07 11:02:07.135,0.87078,0.87086,1.00,1.50
2018.02.07 11:02:07.527,0.87075,0.87083,3.37,1.00
2018.02.07 11:02:07.630,0.87074,0.87083,1.00,4.50
2018.02.07 11:02:07.732,0.87073,0.87083,2.62,1.00
2018.02.07 11:02:08.275,0.87072,0.87083,4.87,1.87
2018.02.07 11:02:08.334,0.87073,0.87081,1.00,1.00
2018.02.07 11:02:08.525,0.87075,0.87084,1.00,1.00
2018.02.07 11:02:08.577,0.87079,0.87086,1.00,1.50
2018.02.07 11:02:08.735,0.87084,0.87091,1.00,1.00
2018.02.07 11:02:08.839,0.87082,0.87091,1.12,1.00
2018.02.07 11:02:09.354,0.87082,0.8709,1.12,1.50
2018.02.07 11:02:10.469,0.8708,0.8709,3.00,2.25
2018.02.07 11:02:11.037,0.87079,0.8709,3.00,1.50
2018.02.07 11:02:12.414,0.87079,0.87089,3.00,1.00
2018.02.07 11:02:13.021,0.87079,0.8709,3.00,1.50
2018.02.07 11:02:14.144,0.87078,0.87088,3.00,2.25
2018.02.07 11:02:14.249,0.87076,0.87085,1.00,1.50
2018.02.07 11:02:14.449,0.87079,0.87086,1.00,1.00
2018.02.07 11:02:14.501,0.87079,0.87088,1.50,1.00
2018.02.07 11:02:14.554,0.87081,0.8709,1.12,1.00
2018.02.07 11:02:14.606,0.87082,0.87092,1.00,1.12
2018.02.07 11:02:14.815,0.87084,0.87093,1.00,2.62
2018.02.07 11:02:14.867,0.87084,0.87094,2.62,1.50
2018.02.07 11:02:15.392,0.87084,0.87095,1.12,1.50
2018.02.07 11:02:15.905,0.87085,0.87095,2.62,1.00
2018.02.07 11:02:17.880,0.87086,0.87095,1.12,1.50
2018.02.07 11:02:17.931,0.87091,0.87095,1.00,1.00
2018.02.07 11:02:17.982,0.87091,0.87099,1.12,1.00
2018.02.07 11:02:18.034,0.87092,0.87101,1.00,1.87
2018.02.07 11:02:20.739,0.87092,0.87102,1.50,2.25
2018.02.07 11:02:21.259,0.87092,0.87102,4.87,1.12
2018.02.07 11:02:21.606,0.87092,0.87102,1.12,1.87
2018.02.07 11:02:22.119,0.87091,0.87101,1.50,2.62
2018.02.07 11:02:24.816,0.87091,0.871,1.12,1.00
2018.02.07 11:02:25.309,0.87089,0.87099,2.25,1.12
2018.02.07 11:02:25.414,0.87089,0.87098,1.00,2.25
2018.02.07 11:02:26.034,0.87087,0.87097,1.50,1.00
2018.02.07 11:02:29.063,0.87087,0.87097,4.12,1.00
2018.02.07 11:02:33.949,0.87087,0.87098,4.12,1.87
2018.02.07 11:02:34.508,0.87087,0.87097,2.25,1.00
2018.02.07 11:02:35.045,0.87087,0.87097,1.87,1.00
2018.02.07 11:02:37.378,0.87087,0.87098,1.50,2.25
2018.02.07 11:02:38.259,0.87087,0.87098,1.50,1.87
2018.02.07 11:02:38.760,0.87087,0.87098,1.12,1.87
2018.02.07 11:02:40.864,0.87088,0.87098,1.00,1.12
2018.02.07 11:02:41.732,0.8709,0.87098,1.37,1.00
2018.02.07 11:02:41.784,0.87091,0.87101,1.87,1.50
2018.02.07 11:02:41.836,0.87092,0.87103,1.50,3.37
2018.02.07 11:02:42.143,0.87094,0.87105,1.50,3.00
2018.02.07 11:02:42.682,0.87094,0.87105,4.12,1.12
2018.02.07 11:02:45.305,0.87094,0.87105,4.12,3.00
2018.02.07 11:02:46.725,0.87094,0.87105,3.37,2.62
2018.02.07 11:02:48.337,0.87094,0.87104,3.37,1.00
2018.02.07 11:02:48.687,0.87093,0.87103,3.00,1.50
2018.02.07 11:02:48.842,0.87092,0.87101,1.50,1.12
2018.02.07 11:02:49.179,0.87085,0.87096,1.87,3.75
2018.02.07 11:02:49.991,0.87085,0.87095,2.25,2.62
2018.02.07 11:02:50.585,0.87085,0.87095,2.25,1.87
2018.02.07 11:02:51.316,0.87085,0.87096,2.25,1.87
2018.02.07 11:02:53.135,0.87085,0.87096,2.25,1.87
2018.02.07 11:02:55.835,0.87086,0.87096,1.50,1.87
2018.02.07 11:02:58.133,0.87085,0.87093,1.12,1.00
2018.02.07 11:02:58.236,0.87083,0.87092,1.00,1.12
2018.02.07 11:02:58.786,0.87082,0.87092,1.00,2.25
2018.02.07 11:03:00.342,0.87083,0.87092,1.12,1.12
2018.02.07 11:03:00.395,0.87084,0.87094,1.00,1.87
2018.02.07 11:03:00.504,0.87084,0.87094,1.00,4.50
2018.02.07 11:03:01.024,0.87083,0.87093,1.50,1.37
2018.02.07 11:03:04.856,0.87082,0.87092,1.50,1.87
2018.02.07 11:03:06.729,0.87084,0.87091,2.25,1.00
2018.02.07 11:03:06.781,0.87084,0.87094,2.25,1.00
2018.02.07 11:03:07.323,0.87084,0.87093,1.12,1.00
2018.02.07 11:03:07.959,0.87084,0.87092,1.00,1.00
2018.02.07 11:03:08.480,0.87083,0.87091,1.00,1.12
2018.02.07 11:03:11.008,0.87082,0.87093,1.50,4.12
2018.02.07 11:03:11.528,0.87082,0.87091,1.00,2.62
2018.02.07 11:03:13.860,0.87081,0.87091,1.50,1.50
2018.02.07 11:03:14.242,0.87081,0.8709,1.00,3.75
2018.02.07 11:03:14.294,0.87079,0.87089,1.12,2.25
2018.02.07 11:03:14.634,0.87077,0.87087,1.50,2.25
2018.02.07 11:03:20.075,0.87077,0.87087,1.00,2.62
2018.02.07 11:03:20.592,0.87077,0.87087,1.37,1.50
2018.02.07 11:03:20.950,0.8708,0.87089,1.00,1.00
2018.02.07 11:03:21.468,0.87081,0.87091,2.25,1.37
2018.02.07 11:03:21.702,0.87081,0.87092,3.00,1.00
2018.02.07 11:03:22.175,0.87083,0.87091,1.37,1.00
2018.02.07 11:03:25.545,0.87083,0.87091,1.00,1.12
2018.02.07 11:03:26.048,0.87082,0.87091,1.00,1.00
2018.02.07 11:03:27.133,0.87082,0.87091,1.00,1.37
2018.02.07 11:03:27.653,0.87082,0.87091,1.00,1.12
2018.02.07 11:03:29.241,0.87082,0.87091,1.00,2.25
2018.02.07 11:03:29.551,0.87086,0.87095,1.00,1.12
2018.02.07 11:03:30.531,0.87085,0.87094,1.50,1.00
2018.02.07 11:03:30.930,0.87085,0.87094,1.50,2.62
2018.02.07 11:03:31.032,0.87085,0.87094,1.00,1.00
2018.02.07 11:03:33.282,0.87085,0.87095,1.12,1.50
2018.02.07 11:03:33.808,0.87088,0.87097,1.00,1.37
2018.02.07 11:03:34.016,0.87088,0.87098,1.50,1.50
2018.02.07 11:03:37.395,0.87089,0.87098,1.00,1.12
2018.02.07 11:03:37.548,0.87091,0.871,1.50,1.12
2018.02.07 11:03:37.600,0.87092,0.87102,1.87,1.12
2018.02.07 11:03:38.254,0.87093,0.87101,1.00,1.00
2018.02.07 11:03:41.813,0.87092,0.87102,1.00,2.25
2018.02.07 11:03:41.917,0.87091,0.87101,1.00,1.50
2018.02.07 11:03:42.124,0.87088,0.87098,1.50,1.87
2018.02.07 11:03:44.817,0.87088,0.87097,1.12,1.00
2018.02.07 11:03:45.331,0.87087,0.87097,1.50,1.12
2018.02.07 11:03:45.934,0.87087,0.87096,1.00,1.87
2018.02.07 11:03:45.986,0.87082,0.87092,3.00,1.00
2018.02.07 11:03:46.191,0.87081,0.8709,2.25,1.00
2018.02.07 11:03:46.730,0.87083,0.87091,1.00,1.00
2018.02.07 11:03:46.832,0.87081,0.87091,3.00,1.00
2018.02.07 11:03:47.388,0.87082,0.87091,1.00,1.00
2018.02.07 11:03:47.490,0.8708,0.87091,2.62,4.12
2018.02.07 11:03:47.795,0.87087,0.87096,1.50,1.87
2018.02.07 11:03:48.559,0.87086,0.87095,1.37,1.87
2018.02.07 11:03:49.176,0.87086,0.87096,1.37,1.50
2018.02.07 11:03:49.745,0.87086,0.87095,1.50,1.00
2018.02.07 11:03:53.972,0.87085,0.87096,2.62,2.25
2018.02.07 11:03:54.498,0.87085,0.87095,1.12,1.37
2018.02.07 11:03:56.747,0.87085,0.87093,1.00,1.00
2018.02.07 11:03:58.034,0.87085,0.87094,1.50,1.12
2018.02.07 11:04:01.189,0.87086,0.87095,1.00,2.25
2018.02.07 11:04:01.704,0.87085,0.87095,1.87,1.12
2018.02.07 11:04:02.371,0.87085,0.87096,2.62,2.25
2018.02.07 11:04:03.694,0.87085,0.87094,1.87,1.00
2018.02.07 11:04:04.003,0.87083,0.87093,1.87,1.37
2018.02.07 11:04:05.292,0.87084,0.87093,1.12,1.00
2018.02.07 11:04:05.823,0.87084,0.87094,1.12,3.37
2018.02.07 11:04:06.504,0.87084,0.87094,1.00,3.37
2018.02.07 11:04:07.027,0.87083,0.87093,1.50,1.87
2018.02.07 11:04:07.883,0.87081,0.87092,2.62,1.50
2018.02.07 11:04:08.190,0.87081,0.87089,1.00,1.50
2018.02.07 11:04:08.497,0.87078,0.87088,1.87,3.37
2018.02.07 11:04:09.991,0.87078,0.87088,1.50,1.50
2018.02.07 11:04:10.844,0.87078,0.87088,1.00,1.87
2018.02.07 11:04:16.140,0.87077,0.87087,1.12,1.00
2018.02.07 11:04:16.595,0.87079,0.87087,1.00,1.12
2018.02.07 11:04:18.302,0.87079,0.87088,1.00,3.00
2018.02.07 11:04:20.679,0.87078,0.87088,1.00,2.25
2018.02.07 11:04:25.016,0.87078,0.87088,1.00,3.00
2018.02.07 11:04:25.070,0.87075,0.87086,1.87,2.62
2018.02.07 11:04:25.122,0.87075,0.87085,1.50,1.50
2018.02.07 11:04:25.635,0.87075,0.87085,1.00,3.37
2018.02.07 11:04:26.185,0.87075,0.87086,1.12,7.12
2018.02.07 11:04:26.953,0.87078,0.87087,1.00,2.62
2018.02.07 11:04:27.501,0.87077,0.87086,1.50,1.12
2018.02.07 11:04:27.843,0.87075,0.87084,1.00,1.87
2018.02.07 11:04:28.492,0.87076,0.87084,1.00,1.12
2018.02.07 11:04:29.031,0.87075,0.87083,1.00,1.00
2018.02.07 11:04:29.566,0.87074,0.87083,1.50,1.00
2018.02.07 11:04:29.916,0.87073,0.87084,2.62,3.37
2018.02.07 11:04:30.516,0.87073,0.87083,1.87,2.25
2018.02.07 11:04:30.668,0.87071,0.87081,1.00,3.37
2018.02.07 11:04:30.720,0.87071,0.87081,1.00,6.00
2018.02.07 11:04:30.822,0.87072,0.87082,1.00,1.87
2018.02.07 11:04:31.372,0.87073,0.87083,1.00,1.87
2018.02.07 11:04:31.424,0.87073,0.87083,1.00,4.12
2018.02.07 11:04:33.195,0.87074,0.87083,1.00,3.37
2018.02.07 11:04:34.660,0.87072,0.87083,2.62,3.75
2018.02.07 11:04:38.007,0.87072,0.87082,2.62,1.00
2018.02.07 11:04:40.104,0.87073,0.87082,1.00,1.00
2018.02.07 11:04:40.686,0.87074,0.87082,1.00,1.00
2018.02.07 11:04:41.264,0.87074,0.87083,1.00,1.87
2018.02.07 11:04:41.773,0.87074,0.87084,1.50,3.75
2018.02.07 11:04:42.320,0.87074,0.87081,1.00,1.00
2018.02.07 11:04:43.140,0.87074,0.87082,1.00,1.00
2018.02.07 11:04:43.897,0.87074,0.87084,1.50,1.50
2018.02.07 11:04:44.625,0.87074,0.87083,1.50,1.50
2018.02.07 11:04:44.882,0.87074,0.87084,1.50,1.12
2018.02.07 11:04:46.103,0.87078,0.87085,1.00,1.37
2018.02.07 11:04:46.208,0.8708,0.87088,1.00,1.00
2018.02.07 11:04:46.518,0.87079,0.8709,1.87,3.00
2018.02.07 11:04:46.621,0.87079,0.87088,1.12,1.12
2018.02.07 11:04:47.185,0.8708,0.8709,1.00,4.12
2018.02.07 11:04:47.720,0.87079,0.87088,1.00,3.00
2018.02.07 11:04:47.822,0.87076,0.87087,1.87,4.50
2018.02.07 11:04:48.213,0.87076,0.87087,2.25,1.00
2018.02.07 11:04:48.821,0.87076,0.87087,1.87,1.00
2018.02.07 11:04:49.831,0.87076,0.87087,2.25,1.12
2018.02.07 11:04:50.035,0.87078,0.87085,1.00,1.00
2018.02.07 11:04:50.086,0.87076,0.87085,1.00,1.12
2018.02.07 11:04:51.473,0.87076,0.87086,1.00,1.12
2018.02.07 11:04:51.998,0.87078,0.87087,1.00,2.25
2018.02.07 11:04:52.304,0.8708,0.87089,1.12,1.00
2018.02.07 11:04:52.907,0.87079,0.87089,1.87,1.00
2018.02.07 11:04:53.218,0.87077,0.87085,1.12,1.00
2018.02.07 11:04:53.269,0.87077,0.87087,1.00,3.75
2018.02.07 11:04:53.849,0.87077,0.87087,3.75,1.50
2018.02.07 11:04:54.511,0.87078,0.87089,1.12,2.25
2018.02.07 11:04:56.124,0.87077,0.87088,2.25,1.00
2018.02.07 11:04:56.642,0.87077,0.87087,1.50,1.00
2018.02.07 11:04:58.232,0.87077,0.87086,1.00,1.12
2018.02.07 11:04:58.696,0.87074,0.87084,1.00,1.12
2018.02.07 11:04:59.286,0.87074,0.87083,1.00,1.00
2018.02.07 11:04:59.883,0.87075,0.87085,1.00,1.50
2018.02.07 11:05:00.042,0.87076,0.87087,1.50,3.00
2018.02.07 11:05:00.297,0.87075,0.87086,1.12,1.50
2018.02.07 11:05:01.240,0.87076,0.87086,1.00,1.50
2018.02.07 11:05:01.946,0.87077,0.87085,1.00,1.12
2018.02.07 11:05:02.049,0.87076,0.87087,1.50,3.75
2018.02.07 11:05:02.550,0.87076,0.87087,1.12,3.75
2018.02.07 11:05:02.795,0.87076,0.87086,2.25,1.00
2018.02.07 11:05:03.022,0.87075,0.87087,1.87,4.50
2018.02.07 11:05:03.654,0.87075,0.87085,1.87,1.00
2018.02.07 11:05:04.831,0.87074,0.87084,3.00,1.00
2018.02.07 11:05:05.357,0.87075,0.87083,1.00,1.00
2018.02.07 11:05:07.095,0.87073,0.87083,1.87,1.00
2018.02.07 11:05:07.794,0.87073,0.87084,1.12,1.12
2018.02.07 11:05:08.344,0.87073,0.87083,1.12,1.00
2018.02.07 11:05:10.529,0.87073,0.87083,3.37,1.00
2018.02.07 11:05:11.066,0.87074,0.87084,2.62,1.87
2018.02.07 11:05:11.118,0.87073,0.87083,1.12,1.12
2018.02.07 11:05:11.719,0.87073,0.87082,1.87,1.00
2018.02.07 11:05:11.770,0.87073,0.87082,4.12,1.00
2018.02.07 11:05:11.872,0.87073,0.87083,1.87,1.12
2018.02.07 11:05:11.923,0.87072,0.87082,2.25,1.50
2018.02.07 11:05:12.026,0.87072,0.87083,1.12,3.37
2018.02.07 11:05:12.620,0.87073,0.87082,1.00,1.00
2018.02.07 11:05:13.435,0.87073,0.87084,1.12,3.75
2018.02.07 11:05:16.360,0.87073,0.87083,1.37,1.50
2018.02.07 11:05:17.510,0.87074,0.87083,1.37,1.00
2018.02.07 11:05:18.052,0.87074,0.87084,1.37,1.87
2018.02.07 11:05:20.680,0.87074,0.87085,1.50,4.12
2018.02.07 11:05:21.800,0.87074,0.87085,1.50,3.37
2018.02.07 11:05:23.373,0.87074,0.87085,1.50,3.00
2018.02.07 11:05:24.982,0.87074,0.87085,1.37,4.87
2018.02.07 11:05:25.712,0.87074,0.87085,1.87,3.75
2018.02.07 11:05:26.440,0.87078,0.87087,1.00,1.37
2018.02.07 11:05:26.775,0.87079,0.8709,2.25,1.50
2018.02.07 11:05:27.333,0.87079,0.8709,2.62,1.87
2018.02.07 11:05:27.880,0.87079,0.8709,3.75,2.25
2018.02.07 11:05:28.024,0.87079,0.87087,1.50,1.00
2018.02.07 11:05:28.181,0.8708,0.8709,1.00,2.62
2018.02.07 11:05:28.686,0.8708,0.87091,1.00,2.25
2018.02.07 11:05:32.887,0.87079,0.8709,1.87,1.12
2018.02.07 11:05:33.276,0.87082,0.87091,1.00,1.37
2018.02.07 11:05:33.484,0.87083,0.87093,1.37,1.00
2018.02.07 11:05:33.769,0.87082,0.87093,2.62,1.00
2018.02.07 11:05:33.974,0.87085,0.87094,1.00,1.50
2018.02.07 11:05:34.488,0.87086,0.87095,1.00,1.12
2018.02.07 11:05:35.939,0.87086,0.87096,1.00,2.25
2018.02.07 11:05:36.283,0.87089,0.871,2.25,2.62
2018.02.07 11:05:36.591,0.87091,0.871,1.00,1.87
2018.02.07 11:05:37.774,0.8709,0.87097,1.00,1.00
2018.02.07 11:05:37.825,0.87087,0.87098,2.25,1.00
2018.02.07 11:05:37.877,0.87087,0.87095,1.00,1.00
2018.02.07 11:05:38.030,0.87086,0.87097,2.25,1.87
2018.02.07 11:05:38.596,0.87086,0.87096,1.00,1.50
2018.02.07 11:05:39.637,0.87086,0.87096,1.00,1.87
2018.02.07 11:05:44.449,0.87085,0.87095,1.00,4.87
2018.02.07 11:05:46.298,0.87087,0.87096,1.00,3.75
2018.02.07 11:05:46.350,0.87085,0.87096,3.37,3.75
2018.02.07 11:05:46.402,0.87085,0.87096,3.75,1.50
2018.02.07 11:05:47.307,0.87086,0.87094,1.00,1.00
2018.02.07 11:05:50.184,0.87085,0.87096,2.25,1.50
2018.02.07 11:05:51.037,0.87085,0.87096,2.25,1.00
2018.02.07 11:05:51.549,0.87085,0.87095,1.37,1.87
2018.02.07 11:05:52.129,0.87085,0.87095,1.12,1.50
2018.02.07 11:05:52.667,0.87085,0.87095,1.12,1.87
2018.02.07 11:05:54.378,0.87085,0.87095,1.12,1.50
2018.02.07 11:05:56.418,0.87084,0.87093,1.37,1.00
2018.02.07 11:05:56.968,0.87084,0.87094,1.00,1.12
2018.02.07 11:05:57.486,0.87084,0.87095,3.00,1.50
2018.02.07 11:05:58.011,0.87084,0.87095,3.00,1.12
2018.02.07 11:05:58.584,0.87084,0.87094,1.50,1.87
2018.02.07 11:05:59.120,0.87084,0.87093,1.50,1.00
2018.02.07 11:05:59.589,0.87083,0.87091,1.50,1.00
2018.02.07 11:05:59.758,0.87081,0.87089,1.50,1.00
2018.02.07 11:05:59.809,0.87079,0.8709,1.87,3.37
2018.02.07 11:05:59.861,0.87079,0.87088,1.50,1.00
2018.02.07 11:06:00.170,0.87077,0.87085,1.50,1.00
2018.02.07 11:06:00.274,0.87076,0.87084,1.12,1.00
2018.02.07 11:06:00.797,0.87074,0.87084,2.62,1.00
2018.02.07 11:06:02.264,0.87075,0.87084,1.00,1.00
2018.02.07 11:06:03.920,0.87074,0.87084,1.87,1.00
2018.02.07 11:06:04.441,0.87075,0.87084,1.00,1.00
2018.02.07 11:06:05.110,0.87074,0.87084,1.12,1.50
2018.02.07 11:06:06.582,0.87074,0.87083,1.12,1.00
2018.02.07 11:06:06.839,0.87075,0.87085,1.00,2.25
2018.02.07 11:06:07.632,0.87074,0.87085,1.87,3.75
2018.02.07 11:06:08.140,0.87074,0.87085,1.87,1.87
2018.02.07 11:06:08.549,0.87076,0.87085,1.00,1.00
2018.02.07 11:06:09.271,0.87078,0.87085,1.00,1.00
2018.02.07 11:06:09.376,0.8708,0.8709,1.12,2.25
2018.02.07 11:06:09.906,0.87081,0.87091,1.12,1.00
2018.02.07 11:06:10.110,0.8708,0.87088,1.50,1.00
2018.02.07 11:06:10.415,0.8708,0.8709,1.87,1.50
2018.02.07 11:06:10.517,0.8708,0.87089,2.62,1.50
2018.02.07 11:06:10.675,0.87077,0.87088,3.37,1.00
2018.02.07 11:06:10.980,0.87078,0.87089,4.12,2.25
2018.02.07 11:06:11.289,0.87078,0.87086,6.00,1.00
2018.02.07 11:06:11.392,0.87076,0.87086,2.25,1.00
2018.02.07 11:06:11.526,0.87076,0.87087,4.12,2.62
2018.02.07 11:06:11.577,0.87076,0.87086,2.62,1.00
2018.02.07 11:06:11.680,0.87076,0.87086,4.87,1.00
2018.02.07 11:06:12.223,0.87077,0.87087,3.37,1.87
2018.02.07 11:06:13.334,0.87076,0.87086,4.12,1.00
2018.02.07 11:06:13.835,0.87076,0.87085,2.62,1.00
2018.02.07 11:06:14.693,0.87078,0.87087,1.37,1.00
2018.02.07 11:06:15.145,0.8708,0.87089,1.00,1.00
2018.02.07 11:06:15.197,0.87082,0.87089,1.00,1.00
2018.02.07 11:06:15.300,0.87081,0.87092,1.75,3.00
2018.02.07 11:06:15.789,0.87081,0.87092,1.87,2.25
2018.02.07 11:06:16.012,0.87082,0.8709,1.00,1.00
2018.02.07 11:06:16.859,0.8708,0.87088,1.50,1.00
2018.02.07 11:06:16.963,0.87077,0.87085,1.00,1.00
2018.02.07 11:06:18.553,0.87075,0.87085,1.87,1.50
2018.02.07 11:06:18.947,0.87075,0.87085,1.00,5.25
2018.02.07 11:06:19.001,0.87075,0.87085,1.12,1.87
2018.02.07 11:06:19.516,0.87075,0.87084,1.12,1.00
2018.02.07 11:06:20.107,0.87073,0.87083,5.25,1.00
2018.02.07 11:06:20.530,0.87073,0.87083,1.87,1.50
2018.02.07 11:06:20.582,0.87076,0.87083,1.00,1.50
2018.02.07 11:06:21.109,0.87074,0.87083,1.50,1.00
2018.02.07 11:06:21.459,0.87073,0.87081,1.00,1.00
2018.02.07 11:06:25.567,0.87072,0.87082,1.87,1.00
2018.02.07 11:06:26.831,0.87073,0.87081,1.12,1.00
2018.02.07 11:06:27.381,0.87073,0.87081,1.50,1.00
2018.02.07 11:06:27.436,0.87072,0.87083,5.62,1.50
2018.02.07 11:06:27.642,0.87077,0.87085,1.00,1.00
2018.02.07 11:06:27.744,0.87077,0.87087,1.12,1.00
2018.02.07 11:06:28.276,0.87077,0.87088,3.00,2.62
2018.02.07 11:06:28.484,0.87079,0.87089,1.37,1.87
2018.02.07 11:06:28.741,0.8708,0.8709,1.00,1.12
2018.02.07 11:06:28.936,0.87082,0.8709,1.00,1.00
2018.02.07 11:06:31.173,0.87083,0.87093,1.12,1.12
2018.02.07 11:06:31.366,0.87084,0.87095,5.25,1.50
2018.02.07 11:06:32.281,0.87085,0.87094,1.00,1.00
2018.02.07 11:06:32.650,0.87086,0.87094,1.37,1.00
2018.02.07 11:06:34.685,0.87086,0.87094,1.12,1.00
2018.02.07 11:06:34.859,0.87086,0.87097,1.50,1.87
2018.02.07 11:06:35.290,0.87087,0.87095,1.00,1.50
2018.02.07 11:06:35.498,0.87087,0.87097,1.00,1.12
2018.02.07 11:06:36.512,0.87086,0.87097,4.87,2.25
2018.02.07 11:06:36.564,0.87086,0.87095,4.50,1.00
2018.02.07 11:06:36.616,0.87086,0.87095,2.25,1.00
2018.02.07 11:06:37.118,0.87086,0.87094,1.50,1.00
2018.02.07 11:06:37.275,0.87084,0.87092,1.37,1.00
2018.02.07 11:06:37.327,0.87083,0.87092,1.12,1.00
2018.02.07 11:06:38.061,0.87083,0.87091,1.12,1.00
2018.02.07 11:06:38.348,0.87083,0.87093,1.00,1.12
2018.02.07 11:06:38.639,0.87081,0.87091,3.37,1.12
2018.02.07 11:06:38.743,0.8708,0.8709,1.50,1.12
2018.02.07 11:06:39.307,0.87081,0.8709,1.12,1.00
2018.02.07 11:06:39.361,0.87083,0.8709,1.00,1.00
2018.02.07 11:06:39.414,0.87083,0.87092,1.00,1.00
2018.02.07 11:06:39.915,0.87082,0.8709,1.50,1.00
2018.02.07 11:06:40.017,0.87081,0.87092,5.25,1.87
2018.02.07 11:06:40.118,0.87081,0.8709,4.50,1.00
2018.02.07 11:06:40.809,0.87082,0.87091,2.62,1.12
2018.02.07 11:06:41.364,0.87082,0.87092,1.12,1.50
2018.02.07 11:06:44.346,0.87081,0.87091,3.75,1.00
2018.02.07 11:06:44.935,0.87082,0.87092,1.00,1.50
2018.02.07 11:06:45.485,0.87083,0.87092,1.50,1.50
2018.02.07 11:06:45.587,0.87081,0.87092,3.00,1.50
2018.02.07 11:06:47.258,0.87082,0.87092,3.37,1.87
2018.02.07 11:06:48.882,0.87082,0.87093,3.37,1.00
2018.02.07 11:06:49.431,0.87082,0.87092,3.37,1.00
2018.02.07 11:06:49.911,0.87081,0.87091,3.75,1.00
2018.02.07 11:06:51.095,0.87082,0.87092,1.00,1.87
2018.02.07 11:06:51.614,0.87082,0.87091,1.50,1.00
2018.02.07 11:06:52.751,0.87082,0.87092,1.50,1.00
2018.02.07 11:06:53.471,0.87082,0.87093,1.50,1.87
2018.02.07 11:06:53.765,0.87085,0.87095,1.50,2.62
2018.02.07 11:06:53.818,0.87087,0.87097,1.12,1.12
2018.02.07 11:06:54.360,0.87088,0.87098,1.00,2.25
2018.02.07 11:06:54.884,0.87089,0.87098,1.12,1.12
2018.02.07 11:06:55.387,0.87089,0.87099,1.87,1.50
2018.02.07 11:06:55.564,0.8709,0.871,4.12,1.12
2018.02.07 11:06:55.667,0.8709,0.871,2.25,1.00
2018.02.07 11:06:56.129,0.87092,0.871,1.00,1.00
2018.02.07 11:06:56.264,0.87093,0.87102,1.00,1.00
2018.02.07 11:06:56.803,0.87092,0.87102,2.62,1.12
2018.02.07 11:06:57.222,0.87094,0.87103,1.00,1.00
2018.02.07 11:06:57.962,0.87094,0.87104,2.25,1.50
2018.02.07 11:06:58.465,0.87094,0.87103,1.00,1.00
2018.02.07 11:06:58.999,0.87092,0.87103,4.12,1.12
2018.02.07 11:06:59.522,0.87092,0.87103,3.75,1.12
2018.02.07 11:07:00.664,0.87092,0.87103,4.50,1.12
2018.02.07 11:07:01.202,0.87092,0.87103,3.37,1.37
2018.02.07 11:07:01.713,0.87092,0.87101,1.87,1.00
2018.02.07 11:07:02.216,0.87092,0.87101,1.87,1.00
2018.02.07 11:07:02.866,0.87094,0.87102,1.00,1.12
2018.02.07 11:07:03.752,0.87094,0.87102,1.00,1.37
2018.02.07 11:07:04.777,0.87097,0.87105,1.00,4.12
2018.02.07 11:07:04.878,0.87097,0.87106,1.00,2.62
2018.02.07 11:07:05.447,0.87098,0.87106,1.00,1.87
2018.02.07 11:07:07.793,0.87096,0.87101,1.00,1.00
2018.02.07 11:07:07.845,0.87093,0.87101,1.00,1.12
2018.02.07 11:07:08.159,0.87095,0.87103,1.00,4.12
2018.02.07 11:07:08.211,0.87097,0.87105,1.00,1.00
2018.02.07 11:07:08.697,0.87098,0.87107,1.00,1.50
2018.02.07 11:07:10.302,0.87098,0.87106,1.00,1.00
2018.02.07 11:07:10.508,0.87101,0.87109,1.00,2.25
2018.02.07 11:07:10.611,0.87101,0.87111,1.87,1.87
2018.02.07 11:07:11.177,0.87103,0.87112,1.00,1.87
2018.02.07 11:07:11.798,0.87103,0.87112,1.00,1.50
2018.02.07 11:07:14.078,0.87103,0.87113,1.00,1.50
2018.02.07 11:07:14.817,0.87104,0.87113,1.00,1.00
2018.02.07 11:07:15.343,0.87105,0.87113,1.00,1.00
2018.02.07 11:07:15.908,0.87104,0.87113,1.00,1.12
2018.02.07 11:07:16.012,0.87103,0.87111,1.00,1.00
2018.02.07 11:07:16.520,0.871,0.87108,1.12,1.12
2018.02.07 11:07:16.827,0.87098,0.87107,1.00,1.37
2018.02.07 11:07:17.185,0.87101,0.87108,1.50,2.62
2018.02.07 11:07:17.236,0.87101,0.87109,1.50,1.00
2018.02.07 11:07:17.339,0.87103,0.87111,1.50,1.00
2018.02.07 11:07:17.894,0.87104,0.87111,1.00,1.00
2018.02.07 11:07:18.739,0.87105,0.87112,1.00,1.00
2018.02.07 11:07:19.265,0.87105,0.87113,1.00,1.12
2018.02.07 11:07:19.968,0.87104,0.87113,1.00,1.12
2018.02.07 11:07:20.479,0.87103,0.87112,1.00,1.12
2018.02.07 11:07:21.003,0.87104,0.87112,1.00,1.12
2018.02.07 11:07:22.108,0.87103,0.87112,1.00,1.12
2018.02.07 11:07:22.316,0.87098,0.87109,2.25,1.87
2018.02.07 11:07:22.898,0.87098,0.87108,1.00,1.50
2018.02.07 11:07:23.202,0.87098,0.87108,1.00,4.12
2018.02.07 11:07:24.734,0.87098,0.87107,1.00,1.87
2018.02.07 11:07:25.468,0.87098,0.87107,1.00,1.50
2018.02.07 11:07:26.038,0.87097,0.87107,1.00,2.25
2018.02.07 11:07:28.914,0.87099,0.87106,1.00,1.50
2018.02.07 11:07:30.738,0.87099,0.87107,1.00,1.12
2018.02.07 11:07:35.845,0.87099,0.87106,1.00,1.00
2018.02.07 11:07:35.898,0.87096,0.87104,1.00,1.00
2018.02.07 11:07:35.950,0.87094,0.87104,2.25,1.00
2018.02.07 11:07:36.489,0.87093,0.87104,1.12,1.12
2018.02.07 11:07:37.470,0.87093,0.87104,1.00,1.37
2018.02.07 11:07:38.006,0.87094,0.87104,1.00,2.25
2018.02.07 11:07:39.624,0.87093,0.87103,1.87,1.12
2018.02.07 11:07:40.169,0.87093,0.87104,1.87,2.62
2018.02.07 11:07:41.171,0.87093,0.87104,1.50,3.37
2018.02.07 11:07:45.376,0.87095,0.87103,1.00,1.12
2018.02.07 11:07:47.104,0.87095,0.87104,1.00,1.00
2018.02.07 11:07:48.193,0.87097,0.87105,1.00,1.12
2018.02.07 11:07:48.244,0.87095,0.87106,1.12,2.62
2018.02.07 11:07:52.221,0.87098,0.87106,1.00,1.87
2018.02.07 11:07:52.898,0.87097,0.87108,1.50,1.87
2018.02.07 11:07:54.165,0.87099,0.87108,1.00,1.50
2018.02.07 11:07:54.674,0.87097,0.87108,3.75,2.25
2018.02.07 11:07:55.418,0.87096,0.87105,1.50,1.00
2018.02.07 11:07:55.571,0.87095,0.87105,1.87,1.00
2018.02.07 11:07:56.119,0.87094,0.87104,1.00,1.87
2018.02.07 11:07:56.677,0.87093,0.87104,1.00,2.25
2018.02.07 11:07:57.025,0.87092,0.87101,1.37,1.00
2018.02.07 11:07:57.211,0.8709,0.871,1.12,1.50
2018.02.07 11:07:57.808,0.87089,0.871,1.87,1.87
2018.02.07 11:07:58.144,0.87096,0.87101,1.00,2.62
2018.02.07 11:07:58.248,0.87096,0.87105,1.12,1.00
2018.02.07 11:07:58.455,0.87094,0.87104,1.50,1.12
2018.02.07 11:07:58.956,0.87095,0.87104,1.00,1.00
2018.02.07 11:07:59.706,0.87096,0.87104,1.00,1.00
2018.02.07 11:08:01.493,0.87095,0.87104,1.12,1.12
2018.02.07 11:08:02.042,0.87095,0.87104,1.00,3.00
2018.02.07 11:08:02.632,0.87095,0.87104,1.00,1.50
2018.02.07 11:08:03.797,0.87094,0.87104,1.00,1.50
2018.02.07 11:08:04.997,0.87095,0.87104,1.00,1.37
2018.02.07 11:08:05.149,0.87096,0.87105,1.00,1.00
2018.02.07 11:08:05.654,0.87096,0.87104,1.00,1.00
2018.02.07 11:08:05.862,0.87094,0.87104,2.25,1.00
2018.02.07 11:08:07.102,0.87097,0.87106,1.50,1.50
2018.02.07 11:08:07.210,0.87098,0.87108,1.00,1.50
2018.02.07 11:08:08.621,0.87098,0.87109,2.62,2.25
2018.02.07 11:08:09.467,0.87099,0.87109,2.62,1.50
2018.02.07 11:08:09.866,0.87101,0.87111,1.12,1.00
2018.02.07 11:08:10.071,0.87103,0.87112,1.00,1.50
2018.02.07 11:08:10.632,0.87103,0.87112,1.12,1.00
2018.02.07 11:08:12.524,0.87103,0.87112,1.00,1.37
2018.02.07 11:08:12.577,0.871,0.8711,1.87,1.00
2018.02.07 11:08:12.629,0.87099,0.87109,1.87,1.12
2018.02.07 11:08:13.153,0.87099,0.87109,1.12,1.50
2018.02.07 11:08:13.950,0.87099,0.87109,1.37,1.50
2018.02.07 11:08:15.521,0.87099,0.87109,2.25,1.50
2018.02.07 11:08:16.063,0.871,0.87109,1.50,1.37
2018.02.07 11:08:16.649,0.87099,0.87109,1.12,1.12
2018.02.07 11:08:17.072,0.87101,0.8711,1.00,1.12
2018.02.07 11:08:17.628,0.87101,0.87109,1.00,1.12
2018.02.07 11:08:17.934,0.87101,0.87109,1.00,3.37
2018.02.07 11:08:18.137,0.87101,0.87109,1.00,1.12
2018.02.07 11:08:18.650,0.87102,0.87112,2.25,1.12
2018.02.07 11:08:19.377,0.87103,0.87113,1.50,1.12
2018.02.07 11:08:19.939,0.87104,0.87113,1.00,1.12
2018.02.07 11:08:21.523,0.87104,0.87113,1.50,1.50
2018.02.07 11:08:22.258,0.87104,0.87113,1.50,1.12
2018.02.07 11:08:23.688,0.87104,0.87112,1.00,1.00
2018.02.07 11:08:25.797,0.87102,0.87111,1.12,1.00
2018.02.07 11:08:26.330,0.87101,0.8711,1.00,1.12
2018.02.07 11:08:26.853,0.87101,0.87109,1.00,1.00
2018.02.07 11:08:27.379,0.87101,0.87111,1.00,1.50
2018.02.07 11:08:27.729,0.87103,0.87113,1.50,3.37
2018.02.07 11:08:27.995,0.87105,0.87116,1.87,1.87
2018.02.07 11:08:28.101,0.87108,0.87116,1.50,1.12
2018.02.07 11:08:28.757,0.87107,0.87116,1.50,1.87
2018.02.07 11:08:29.296,0.87107,0.87114,1.00,1.00
2018.02.07 11:08:29.799,0.87106,0.87116,1.00,1.50
2018.02.07 11:08:30.371,0.87107,0.87117,1.00,3.37
2018.02.07 11:08:30.476,0.87109,0.87119,1.00,1.12
2018.02.07 11:08:31.037,0.8711,0.87118,1.00,1.00
2018.02.07 11:08:32.123,0.8711,0.8712,1.00,3.75
2018.02.07 11:08:32.177,0.87113,0.87121,1.00,1.50
2018.02.07 11:08:32.868,0.87114,0.87122,1.00,1.50
2018.02.07 11:08:33.389,0.87113,0.87122,1.00,4.12
2018.02.07 11:08:33.729,0.87111,0.87117,1.00,3.00
2018.02.07 11:08:34.958,0.87111,0.87119,1.00,3.75
2018.02.07 11:08:37.525,0.87107,0.87117,1.00,1.50
2018.02.07 11:08:37.731,0.87106,0.87116,1.50,1.87
2018.02.07 11:08:38.164,0.87105,0.87115,1.50,3.37
2018.02.07 11:08:40.951,0.87105,0.87114,1.50,1.00
2018.02.07 11:08:41.484,0.87105,0.87113,1.00,1.50
2018.02.07 11:08:44.104,0.87106,0.87113,1.00,1.50
2018.02.07 11:08:44.279,0.87108,0.87116,1.00,1.00
2018.02.07 11:08:44.786,0.87109,0.87117,1.00,1.12
2018.02.07 11:08:45.367,0.87109,0.87115,1.00,1.00
2018.02.07 11:08:45.454,0.87107,0.87115,1.00,1.00
2018.02.07 11:08:45.507,0.87109,0.87116,1.00,1.37
2018.02.07 11:08:46.070,0.87109,0.87118,1.00,3.75
2018.02.07 11:08:46.125,0.87109,0.87118,1.00,1.87
2018.02.07 11:08:50.210,0.87111,0.87118,1.00,1.00
2018.02.07 11:08:50.744,0.87111,0.87119,1.00,2.25
2018.02.07 11:08:53.899,0.87111,0.87117,1.00,1.00
2018.02.07 11:08:54.207,0.87109,0.87116,1.00,1.00
2018.02.07 11:08:54.801,0.87109,0.87119,1.00,4.12
2018.02.07 11:08:55.089,0.8711,0.87119,1.00,1.12
2018.02.07 11:08:55.324,0.87112,0.87119,1.00,1.00
2018.02.07 11:08:55.826,0.87113,0.8712,1.00,1.12
2018.02.07 11:08:57.372,0.87111,0.87118,1.00,1.00
2018.02.07 11:08:57.424,0.87111,0.8712,1.00,1.00
2018.02.07 11:08:57.578,0.87113,0.8712,1.00,1.00
2018.02.07 11:08:57.630,0.87111,0.8712,1.00,1.50
2018.02.07 11:08:57.902,0.87113,0.8712,1.00,1.00
2018.02.07 11:08:58.129,0.87111,0.87119,1.00,1.00
2018.02.07 11:08:58.668,0.87111,0.8712,1.00,1.12
2018.02.07 11:09:00.669,0.87111,0.87119,1.00,1.00
2018.02.07 11:09:01.194,0.8711,0.87118,1.00,1.50
2018.02.07 11:09:02.181,0.8711,0.87117,1.00,1.12
2018.02.07 11:09:08.241,0.8711,0.87118,1.00,1.00
2018.02.07 11:09:08.651,0.87107,0.87115,1.00,1.00
2018.02.07 11:09:08.754,0.87108,0.87117,1.87,1.12
2018.02.07 11:09:08.806,0.8711,0.87118,1.00,1.37
2018.02.07 11:09:08.960,0.8711,0.87119,1.00,1.87
2018.02.07 11:09:09.535,0.8711,0.87117,1.00,1.00
2018.02.07 11:09:09.646,0.87108,0.87116,1.12,1.00
2018.02.07 11:09:10.005,0.8711,0.87118,1.00,1.50
2018.02.07 11:09:10.527,0.8711,0.87119,1.12,1.12
2018.02.07 11:09:10.878,0.87109,0.87117,1.50,1.00
2018.02.07 11:09:11.805,0.8711,0.87118,1.00,1.12
2018.02.07 11:09:12.399,0.8711,0.87119,1.12,1.87
2018.02.07 11:09:13.241,0.8711,0.87117,1.00,1.00
2018.02.07 11:09:14.533,0.87111,0.87117,1.00,1.00
2018.02.07 11:09:14.831,0.87111,0.87119,1.00,2.25
2018.02.07 11:09:16.742,0.87111,0.87118,1.00,1.00
2018.02.07 11:09:22.438,0.8711,0.87118,1.00,1.00
2018.02.07 11:09:23.057,0.87112,0.87118,1.00,1.00
2018.02.07 11:09:23.160,0.87112,0.8712,1.87,1.12
2018.02.07 11:09:23.715,0.87113,0.87121,1.00,1.12
2018.02.07 11:09:24.407,0.87112,0.87121,1.00,1.12
2018.02.07 11:09:24.967,0.87113,0.87121,1.00,1.00
2018.02.07 11:09:25.019,0.87111,0.87119,1.12,1.00
2018.02.07 11:09:25.631,0.8711,0.87118,1.00,1.00
2018.02.07 11:09:26.288,0.87109,0.87118,1.87,1.00
2018.02.07 11:09:26.789,0.87109,0.87117,1.12,1.00
2018.02.07 11:09:27.439,0.87109,0.87116,1.00,1.00
2018.02.07 11:09:28.949,0.87109,0.87117,1.00,1.00
2018.02.07 11:09:32.109,0.87109,0.87118,1.12,1.00
2018.02.07 11:09:32.472,0.87112,0.87119,1.00,1.00
2018.02.07 11:09:32.575,0.87114,0.87124,1.12,1.12
2018.02.07 11:09:33.085,0.87115,0.87123,1.50,1.00
2018.02.07 11:09:35.738,0.87113,0.87123,1.00,1.12
2018.02.07 11:09:36.581,0.87113,0.87122,1.00,1.12
2018.02.07 11:09:36.634,0.87112,0.8712,1.00,1.00
2018.02.07 11:09:36.791,0.87109,0.87119,1.50,1.00
2018.02.07 11:09:37.373,0.8711,0.87119,1.12,1.00
2018.02.07 11:09:37.904,0.8711,0.87117,1.12,1.00
2018.02.07 11:09:38.513,0.8711,0.87117,1.37,1.00
2018.02.07 11:09:38.751,0.8711,0.87119,1.37,1.00
2018.02.07 11:09:41.518,0.87111,0.8712,1.00,1.00
2018.02.07 11:09:42.074,0.8711,0.87119,1.12,1.00
2018.02.07 11:09:44.335,0.87112,0.87121,1.00,1.00
2018.02.07 11:09:44.644,0.87115,0.87124,1.00,1.87
2018.02.07 11:09:44.799,0.87117,0.87127,1.00,1.50
2018.02.07 11:09:44.902,0.87117,0.87128,4.87,1.00
2018.02.07 11:09:45.276,0.87119,0.87126,1.00,1.12
2018.02.07 11:09:45.377,0.87117,0.87126,1.50,1.12
2018.02.07 11:09:46.612,0.87116,0.87126,1.50,1.87
2018.02.07 11:09:47.161,0.87116,0.87124,1.00,1.12
2018.02.07 11:09:48.967,0.87115,0.87124,1.50,1.00
2018.02.07 11:09:53.031,0.87115,0.87123,1.00,1.00
2018.02.07 11:09:53.134,0.87112,0.8712,1.50,1.00
2018.02.07 11:09:55.953,0.87112,0.87121,1.00,1.12
2018.02.07 11:09:56.484,0.87113,0.87122,1.87,1.00
2018.02.07 11:09:57.333,0.87113,0.87122,1.50,1.50
2018.02.07 11:09:58.385,0.87113,0.87122,1.50,1.00
2018.02.07 11:09:59.054,0.87113,0.87121,1.50,1.00
2018.02.07 11:09:59.229,0.87111,0.87121,1.00,2.25
2018.02.07 11:09:59.281,0.87111,0.87119,1.00,1.12
2018.02.07 11:09:59.700,0.87109,0.87119,1.87,1.12
2018.02.07 11:10:00.373,0.87109,0.87119,1.12,1.50
2018.02.07 11:10:01.135,0.87108,0.87118,1.12,1.00
2018.02.07 11:10:01.187,0.87106,0.87116,1.87,1.37
2018.02.07 11:10:01.825,0.87107,0.87116,1.00,1.12
2018.02.07 11:10:02.173,0.87107,0.87116,1.00,4.12
2018.02.07 11:10:02.871,0.87106,0.87115,1.50,2.25
2018.02.07 11:10:03.394,0.87105,0.87115,1.50,2.62
2018.02.07 11:10:04.619,0.87104,0.87115,1.00,2.62
2018.02.07 11:10:05.138,0.87103,0.87114,2.62,1.50
2018.02.07 11:10:07.773,0.87104,0.87113,1.00,1.12
2018.02.07 11:10:07.931,0.87106,0.87116,1.50,1.12
2018.02.07 11:10:08.845,0.87107,0.87116,1.00,1.00
2018.02.07 11:10:09.106,0.87105,0.87115,1.00,1.87
2018.02.07 11:10:09.638,0.87106,0.87114,1.00,1.00
2018.02.07 11:10:10.103,0.87108,0.87117,1.00,1.50
2018.02.07 11:10:10.623,0.87109,0.87117,1.00,1.00
2018.02.07 11:10:10.933,0.87108,0.87115,1.00,1.00
2018.02.07 11:10:11.607,0.87108,0.87117,1.50,1.50
2018.02.07 11:10:11.945,0.87107,0.87118,1.87,1.00
2018.02.07 11:10:12.702,0.87108,0.87119,1.50,1.37
2018.02.07 11:10:12.806,0.87111,0.87121,1.50,1.87
2018.02.07 11:10:13.184,0.8711,0.87118,1.50,1.12
2018.02.07 11:10:13.490,0.87109,0.8712,4.87,1.50
2018.02.07 11:10:14.012,0.87109,0.8712,3.00,1.50
2018.02.07 11:10:15.399,0.87109,0.87119,1.12,1.50
2018.02.07 11:10:15.902,0.8711,0.8712,1.12,1.00
2018.02.07 11:10:16.426,0.8711,0.87121,1.87,2.25
2018.02.07 11:10:17.025,0.87111,0.87121,1.50,1.12
2018.02.07 11:10:18.507,0.87116,0.87124,1.00,3.00
2018.02.07 11:10:18.560,0.87117,0.87125,1.37,1.00
2018.02.07 11:10:19.153,0.87117,0.87126,1.37,1.00
2018.02.07 11:10:19.683,0.87117,0.87126,1.12,1.37
2018.02.07 11:10:19.735,0.87117,0.87127,1.12,1.12
2018.02.07 11:10:20.046,0.8712,0.87129,1.12,1.00
2018.02.07 11:10:20.348,0.87121,0.87133,4.12,3.37
2018.02.07 11:10:21.077,0.87121,0.87131,4.87,1.00
2018.02.07 11:10:21.720,0.87122,0.87133,5.62,1.87
2018.02.07 11:10:22.255,0.87122,0.87133,5.62,1.50
2018.02.07 11:10:23.296,0.87122,0.87133,6.75,1.12
2018.02.07 11:10:24.514,0.87122,0.87133,4.87,1.50
2018.02.07 11:10:25.083,0.87121,0.87132,3.00,1.12
2018.02.07 11:10:25.464,0.8712,0.87131,2.62,1.12
2018.02.07 11:10:25.516,0.8712,0.87129,2.62,1.00
2018.02.07 11:10:26.078,0.87119,0.87131,3.00,2.25
2018.02.07 11:10:26.592,0.87119,0.8713,3.00,1.87
2018.02.07 11:10:26.695,0.87119,0.8713,1.50,3.00
2018.02.07 11:10:26.815,0.87118,0.87129,3.75,1.50
2018.02.07 11:10:26.918,0.87118,0.87129,3.00,1.87
2018.02.07 11:10:27.021,0.87118,0.87128,1.00,1.12
2018.02.07 11:10:29.238,0.87117,0.87129,3.75,3.00
2018.02.07 11:10:29.790,0.87117,0.87129,5.62,3.00
2018.02.07 11:10:31.313,0.87117,0.87129,3.75,3.00
2018.02.07 11:10:32.680,0.87119,0.87129,1.00,1.50
2018.02.07 11:10:33.187,0.87118,0.87129,1.87,1.50
2018.02.07 11:10:33.800,0.87118,0.87129,1.87,1.87
2018.02.07 11:10:35.211,0.87118,0.87129,1.50,3.37
2018.02.07 11:10:36.316,0.87118,0.87129,1.50,2.62
2018.02.07 11:10:36.419,0.8712,0.8713,1.50,1.50
2018.02.07 11:10:36.949,0.87121,0.8713,1.00,3.37
2018.02.07 11:10:37.152,0.8712,0.87131,2.25,1.00
2018.02.07 11:10:38.305,0.8712,0.87131,2.25,1.87
2018.02.07 11:10:39.741,0.87122,0.87131,1.00,1.75
2018.02.07 11:10:39.792,0.87122,0.87132,1.00,3.00
2018.02.07 11:10:40.568,0.87121,0.87132,1.00,2.62
2018.02.07 11:10:41.161,0.87121,0.87133,2.62,3.00
2018.02.07 11:10:43.189,0.87122,0.87133,1.00,2.62
2018.02.07 11:10:43.753,0.87123,0.87132,1.00,1.12
2018.02.07 11:10:44.293,0.87123,0.87133,1.50,1.50
2018.02.07 11:10:45.642,0.87123,0.87133,1.50,1.37
2018.02.07 11:10:49.807,0.87123,0.87133,1.87,1.37
2018.02.07 11:10:49.913,0.87126,0.87136,1.00,1.87
2018.02.07 11:10:50.017,0.87127,0.87136,1.00,1.50
2018.02.07 11:10:52.293,0.87126,0.87136,1.12,1.12
2018.02.07 11:10:52.528,0.87125,0.87136,1.87,3.75
2018.02.07 11:10:52.580,0.87125,0.87136,1.87,1.87
2018.02.07 11:10:54.231,0.87125,0.87136,2.25,1.12
2018.02.07 11:10:54.759,0.87126,0.87137,1.87,2.25
2018.02.07 11:10:54.811,0.87127,0.87137,2.25,2.25
2018.02.07 11:10:56.448,0.87127,0.87137,2.25,1.87
2018.02.07 11:10:56.610,0.87126,0.87135,1.00,1.00
2018.02.07 11:10:57.133,0.87125,0.87136,2.25,1.00
2018.02.07 11:10:57.445,0.87125,0.87135,1.12,1.50
2018.02.07 11:10:57.937,0.87125,0.87132,1.12,1.00
2018.02.07 11:10:57.990,0.87123,0.87132,1.12,1.87
2018.02.07 11:10:58.150,0.87121,0.87129,1.12,1.00
2018.02.07 11:10:58.691,0.87119,0.87128,1.50,1.00
2018.02.07 11:11:00.538,0.87119,0.87128,1.50,1.00
2018.02.07 11:11:00.943,0.87117,0.87126,3.00,1.00
2018.02.07 11:11:01.456,0.87117,0.87128,4.87,3.37
2018.02.07 11:11:02.060,0.87117,0.87128,3.00,2.25
2018.02.07 11:11:02.597,0.87117,0.87128,4.87,1.50
2018.02.07 11:11:04.307,0.87118,0.87128,1.50,1.87
2018.02.07 11:11:05.473,0.87117,0.87127,1.87,1.00
2018.02.07 11:11:05.981,0.87117,0.87126,1.12,1.00
2018.02.07 11:11:07.471,0.87116,0.87125,2.25,1.12
2018.02.07 11:11:07.575,0.87114,0.87124,1.50,1.00
2018.02.07 11:11:08.109,0.87115,0.87126,1.50,2.25
2018.02.07 11:11:08.213,0.87116,0.87126,2.62,1.00
2018.02.07 11:11:08.487,0.87115,0.87126,2.25,1.00
2018.02.07 11:11:09.405,0.87116,0.87127,1.50,1.87
2018.02.07 11:11:09.986,0.87115,0.87126,3.00,1.00
2018.02.07 11:11:11.035,0.87115,0.87126,4.12,1.00
2018.02.07 11:11:12.605,0.87116,0.87124,1.00,1.00
2018.02.07 11:11:13.003,0.87115,0.87122,1.00,1.00
2018.02.07 11:11:13.346,0.87112,0.87122,2.25,1.00
2018.02.07 11:11:14.008,0.87112,0.87122,1.12,2.25
2018.02.07 11:11:14.520,0.87112,0.87122,1.50,1.50
2018.02.07 11:11:15.096,0.87114,0.87123,1.50,1.50
2018.02.07 11:11:15.631,0.87114,0.87124,2.62,1.12
2018.02.07 11:11:15.937,0.87117,0.87129,4.87,1.87
2018.02.07 11:11:16.154,0.87118,0.8713,4.87,1.50
2018.02.07 11:11:16.822,0.87119,0.87129,4.12,1.00
2018.02.07 11:11:17.367,0.87119,0.87128,3.75,1.00
2018.02.07 11:11:17.980,0.87119,0.87128,2.25,1.00
2018.02.07 11:11:18.243,0.87121,0.87131,1.00,1.50
2018.02.07 11:11:18.346,0.87121,0.87133,5.62,1.12
2018.02.07 11:11:18.919,0.87122,0.87132,1.50,1.00
2018.02.07 11:11:21.892,0.87121,0.87132,4.87,1.37
2018.02.07 11:11:23.561,0.87122,0.87133,1.00,3.00
2018.02.07 11:11:23.789,0.8712,0.87129,3.00,1.00
2018.02.07 11:11:23.893,0.87119,0.87129,1.00,1.12
2018.02.07 11:11:25.153,0.87118,0.87129,3.00,1.37
2018.02.07 11:11:27.147,0.87118,0.87128,1.50,1.37
2018.02.07 11:11:28.597,0.87118,0.87128,1.50,1.12
2018.02.07 11:11:29.431,0.8712,0.87129,1.00,1.00
2018.02.07 11:11:29.541,0.87121,0.87132,5.62,1.87
2018.02.07 11:11:30.976,0.87121,0.87132,6.00,1.00
2018.02.07 11:11:31.308,0.87121,0.87129,3.37,1.00
2018.02.07 11:11:31.525,0.87121,0.87129,1.00,1.00
2018.02.07 11:11:32.031,0.87121,0.87129,1.50,1.00
2018.02.07 11:11:32.479,0.87119,0.87129,1.37,1.87
2018.02.07 11:11:32.581,0.87118,0.87127,1.00,1.12
2018.02.07 11:11:32.684,0.87117,0.87125,1.00,1.00
2018.02.07 11:11:33.308,0.87115,0.87126,3.37,1.50
2018.02.07 11:11:33.826,0.87115,0.87126,4.87,2.25
2018.02.07 11:11:35.045,0.87116,0.87125,1.50,1.00
2018.02.07 11:11:35.494,0.87116,0.87123,1.00,1.00
2018.02.07 11:11:35.871,0.87116,0.87125,1.00,1.50
2018.02.07 11:11:36.452,0.87115,0.87126,4.50,1.00
2018.02.07 11:11:36.781,0.87116,0.87124,2.62,1.00
2018.02.07 11:11:37.322,0.87116,0.87124,1.00,1.50
2018.02.07 11:11:39.282,0.87115,0.87124,1.12,1.50
2018.02.07 11:11:42.817,0.87116,0.87125,1.00,1.00
2018.02.07 11:11:43.174,0.87114,0.87124,1.50,1.50
2018.02.07 11:11:43.708,0.87115,0.87124,2.62,1.00
2018.02.07 11:11:43.919,0.87115,0.87126,2.62,1.50
2018.02.07 11:11:44.547,0.87117,0.87126,1.50,1.50
2018.02.07 11:11:46.764,0.87118,0.87126,1.50,1.00
2018.02.07 11:11:47.374,0.87118,0.87128,1.50,1.87
2018.02.07 11:11:48.083,0.87118,0.87128,1.12,1.87
2018.02.07 11:11:48.634,0.87116,0.87126,2.62,1.00
2018.02.07 11:11:49.316,0.87116,0.87126,4.50,1.00
2018.02.07 11:11:49.869,0.87116,0.87126,3.00,1.50
2018.02.07 11:11:50.078,0.87119,0.8713,2.62,2.25
2018.02.07 11:11:50.750,0.8712,0.87129,1.37,1.00
2018.02.07 11:11:51.595,0.8712,0.87129,1.00,1.50
2018.02.07 11:11:52.222,0.8712,0.87129,1.87,1.50
2018.02.07 11:11:57.187,0.8712,0.87131,4.50,1.50
2018.02.07 11:11:57.497,0.87125,0.87133,1.00,1.12
2018.02.07 11:11:57.821,0.87126,0.87134,1.50,1.00
2018.02.07 11:11:58.421,0.87128,0.87136,1.00,1.00
2018.02.07 11:11:59.161,0.87126,0.87136,1.50,1.00
2018.02.07 11:11:59.816,0.87126,0.87136,1.87,1.37
2018.02.07 11:12:00.356,0.87126,0.87136,4.12,1.00
2018.02.07 11:12:01.651,0.87126,0.87136,1.87,1.00
2018.02.07 11:12:06.177,0.87125,0.87135,1.87,1.00
2018.02.07 11:12:06.522,0.87125,0.87132,2.62,1.00
2018.02.07 11:12:06.573,0.87123,0.87132,1.37,1.00
2018.02.07 11:12:06.958,0.87122,0.8713,1.37,1.00
2018.02.07 11:12:07.221,0.8712,0.87129,1.87,1.00
2018.02.07 11:12:07.737,0.8712,0.87129,1.00,1.00
2018.02.07 11:12:08.400,0.87118,0.87128,4.12,1.00
2018.02.07 11:12:09.052,0.87118,0.87128,1.87,1.00
2018.02.07 11:12:10.022,0.87118,0.87128,3.75,1.00
2018.02.07 11:12:10.856,0.87118,0.87128,1.12,1.50
2018.02.07 11:12:10.960,0.87119,0.87127,2.62,1.00
2018.02.07 11:12:11.312,0.87119,0.87127,1.00,1.00
2018.02.07 11:12:12.003,0.87118,0.87126,1.50,1.00
2018.02.07 11:12:12.553,0.87118,0.87126,2.25,1.00
2018.02.07 11:12:12.669,0.87118,0.87128,3.37,1.50
2018.02.07 11:12:16.306,0.87117,0.87128,6.00,1.50
2018.02.07 11:12:16.986,0.87118,0.87128,1.00,1.50
2018.02.07 11:12:18.301,0.87117,0.87127,3.37,1.12
2018.02.07 11:12:19.035,0.87118,0.87128,1.50,1.12
2018.02.07 11:12:19.569,0.87118,0.87127,1.50,1.00
2018.02.07 11:12:20.085,0.87121,0.87127,1.12,1.00
2018.02.07 11:12:20.137,0.87121,0.87131,1.87,1.50
2018.02.07 11:12:20.190,0.87122,0.87131,1.87,1.00
2018.02.07 11:12:20.550,0.87123,0.87133,1.00,1.00
2018.02.07 11:12:21.069,0.87123,0.87133,1.37,1.00
2018.02.07 11:12:21.611,0.87123,0.87134,1.87,2.25
2018.02.07 11:12:21.662,0.87123,0.87134,1.37,4.12
2018.02.07 11:12:22.248,0.87123,0.87134,1.12,5.62
2018.02.07 11:12:29.359,0.87122,0.87132,2.62,1.00
2018.02.07 11:12:29.861,0.87123,0.87132,1.00,1.12
2018.02.07 11:12:32.455,0.87123,0.87133,1.12,1.50
2018.02.07 11:12:33.025,0.87122,0.87132,1.50,1.50
2018.02.07 11:12:35.339,0.87121,0.8713,2.25,1.00
2018.02.07 11:12:35.861,0.87122,0.87132,1.12,1.50
2018.02.07 11:12:36.662,0.87123,0.87132,1.00,1.50
2018.02.07 11:12:36.830,0.87121,0.87131,2.62,1.50
2018.02.07 11:12:36.934,0.87119,0.87129,1.50,3.37
2018.02.07 11:12:40.174,0.87117,0.87127,1.12,3.37
2018.02.07 11:12:40.744,0.87117,0.87127,2.25,1.00
2018.02.07 11:12:41.618,0.87117,0.87128,3.00,1.50
2018.02.07 11:12:42.160,0.87118,0.87128,2.25,1.00
2018.02.07 11:12:42.956,0.8712,0.87129,1.00,1.50
2018.02.07 11:12:43.058,0.8712,0.87126,1.00,1.00
2018.02.07 11:12:43.110,0.87119,0.87129,1.00,1.12
2018.02.07 11:12:43.268,0.8712,0.87131,2.62,1.87
2018.02.07 11:12:43.590,0.87119,0.87129,1.12,1.00
2018.02.07 11:12:44.093,0.8712,0.8713,2.25,1.00
2018.02.07 11:12:44.648,0.87121,0.8713,1.50,1.00
2018.02.07 11:12:45.502,0.87122,0.8713,1.00,1.00
2018.02.07 11:12:46.469,0.87121,0.87131,1.87,1.00
2018.02.07 11:12:46.783,0.87121,0.8713,1.00,1.50
2018.02.07 11:12:48.092,0.87121,0.8713,1.50,1.00
2018.02.07 11:12:51.088,0.87122,0.8713,1.00,1.00
2018.02.07 11:12:51.963,0.87122,0.87131,1.00,1.87
2018.02.07 11:12:52.226,0.87118,0.87128,1.00,1.12
2018.02.07 11:12:52.913,0.87118,0.87126,1.00,1.00
2018.02.07 11:12:53.570,0.87118,0.87126,2.25,1.00
2018.02.07 11:12:54.907,0.87117,0.87125,1.12,1.00
2018.02.07 11:12:57.139,0.87117,0.87124,1.00,1.00
2018.02.07 11:12:57.192,0.87117,0.87122,1.00,1.00
2018.02.07 11:12:57.314,0.87116,0.87125,1.00,1.50
2018.02.07 11:12:58.692,0.87116,0.87126,1.00,1.12
2018.02.07 11:12:59.203,0.87117,0.87127,1.50,1.87
2018.02.07 11:13:00.530,0.87117,0.87128,1.50,1.87
2018.02.07 11:13:00.582,0.87117,0.87123,1.00,1.00
2018.02.07 11:13:00.635,0.87114,0.87123,1.12,1.37
2018.02.07 11:13:01.316,0.87112,0.87122,3.00,1.12
2018.02.07 11:13:03.239,0.87112,0.87121,1.00,1.00
2018.02.07 11:13:04.107,0.87113,0.87122,2.25,1.00
2018.02.07 11:13:04.160,0.87115,0.87124,1.87,1.12
2018.02.07 11:13:04.511,0.87116,0.87126,1.37,1.12
2018.02.07 11:13:05.003,0.87114,0.87123,3.37,1.12
2018.02.07 11:13:05.056,0.87112,0.87122,1.50,1.12
2018.02.07 11:13:05.965,0.8711,0.87121,4.50,1.00
2018.02.07 11:13:06.223,0.87109,0.87119,4.87,1.00
2018.02.07 11:13:06.761,0.87111,0.8712,1.12,1.12
2018.02.07 11:13:07.441,0.87112,0.87121,1.00,1.50
2018.02.07 11:13:08.892,0.8711,0.8712,2.62,1.00
2018.02.07 11:13:08.995,0.87109,0.87118,2.25,1.00
2018.02.07 11:13:09.355,0.87111,0.8712,1.00,1.50
2018.02.07 11:13:09.939,0.87111,0.8712,1.00,1.00
2018.02.07 11:13:13.006,0.87109,0.8712,3.75,1.00
2018.02.07 11:13:13.948,0.8711,0.8712,1.50,1.00
2018.02.07 11:13:14.489,0.8711,0.8712,1.12,1.00
2018.02.07 11:13:14.806,0.87112,0.87122,1.12,1.12
2018.02.07 11:13:15.141,0.87112,0.87122,4.87,1.00
2018.02.07 11:13:15.864,0.87115,0.87122,1.00,1.00
2018.02.07 11:13:16.404,0.87115,0.87123,1.00,1.50
2018.02.07 11:13:16.924,0.87116,0.87123,1.00,1.12
2018.02.07 11:13:18.647,0.87116,0.87124,1.00,1.12
2018.02.07 11:13:19.193,0.87116,0.87124,1.00,1.37
2018.02.07 11:13:19.811,0.87116,0.87124,1.00,1.00
2018.02.07 11:13:20.517,0.87116,0.87124,1.37,1.00
2018.02.07 11:13:24.518,0.87117,0.87123,1.00,1.00
2018.02.07 11:13:24.960,0.87116,0.8712,1.00,1.00
2018.02.07 11:13:25.011,0.87114,0.8712,1.00,1.00
2018.02.07 11:13:25.574,0.87114,0.87119,1.00,1.00
2018.02.07 11:13:25.626,0.87114,0.87121,1.00,1.00
2018.02.07 11:13:28.377,0.87114,0.87123,1.50,1.87
2018.02.07 11:13:28.905,0.87115,0.87122,1.00,1.00
2018.02.07 11:13:29.472,0.87115,0.87123,1.12,1.00
2018.02.07 11:13:36.160,0.87115,0.87122,1.00,1.00
2018.02.07 11:13:36.608,0.87115,0.87126,2.25,2.25
2018.02.07 11:13:36.661,0.87118,0.87126,1.00,1.50
2018.02.07 11:13:37.958,0.87118,0.87127,1.00,1.00
2018.02.07 11:13:40.131,0.87118,0.87126,1.00,1.37
2018.02.07 11:13:40.656,0.87118,0.87126,1.00,1.00
2018.02.07 11:13:41.951,0.87118,0.87125,1.00,1.00
2018.02.07 11:13:43.382,0.87118,0.87122,1.00,1.00
2018.02.07 11:13:43.486,0.87115,0.87122,1.00,1.00
2018.02.07 11:13:44.159,0.87115,0.87123,1.00,1.00
2018.02.07 11:13:44.503,0.87114,0.87121,1.12,1.00
2018.02.07 11:13:45.142,0.87114,0.8712,1.00,1.00
2018.02.07 11:13:47.302,0.87114,0.87121,1.00,2.25
2018.02.07 11:13:48.400,0.87114,0.87122,1.00,1.12
2018.02.07 11:13:48.925,0.87115,0.87123,1.12,1.00
2018.02.07 11:13:49.731,0.87116,0.87124,1.00,1.50
2018.02.07 11:13:50.236,0.87116,0.87123,1.00,1.00
2018.02.07 11:13:50.919,0.87116,0.87124,1.00,1.50
2018.02.07 11:13:59.747,0.87116,0.87123,1.00,1.00
2018.02.07 11:14:00.275,0.87116,0.87122,1.00,1.00
2018.02.07 11:14:00.910,0.87116,0.87123,1.00,1.00
2018.02.07 11:14:02.281,0.87116,0.87124,1.00,1.12
2018.02.07 11:14:05.663,0.87116,0.87126,1.37,2.25
2018.02.07 11:14:06.189,0.87118,0.87127,1.00,2.25
2018.02.07 11:14:06.710,0.87118,0.87127,1.50,1.12
2018.02.07 11:14:09.315,0.8712,0.87127,1.00,1.12
2018.02.07 11:14:09.865,0.8712,0.87128,1.00,1.00
2018.02.07 11:14:11.458,0.8712,0.87128,1.00,1.50
2018.02.07 11:14:12.777,0.87123,0.8713,1.00,2.62
2018.02.07 11:14:13.880,0.87123,0.87131,1.00,1.00
2018.02.07 11:14:14.189,0.87125,0.87132,1.50,1.00
2018.02.07 11:14:14.504,0.87123,0.8713,1.00,1.00
2018.02.07 11:14:15.661,0.87123,0.87131,1.00,1.87
2018.02.07 11:14:16.048,0.87128,0.87133,1.00,1.00
2018.02.07 11:14:16.576,0.87128,0.87134,1.00,1.12
2018.02.07 11:14:17.146,0.87128,0.87134,1.00,1.50
2018.02.07 11:14:17.956,0.87128,0.87135,1.00,1.12
2018.02.07 11:14:18.493,0.87128,0.87137,1.00,2.62
2018.02.07 11:14:19.018,0.87128,0.87134,1.00,1.00
2018.02.07 11:14:19.563,0.87127,0.87134,1.00,1.00
2018.02.07 11:14:20.377,0.87127,0.87135,1.00,1.00
2018.02.07 11:14:20.717,0.87129,0.87136,1.00,1.00
2018.02.07 11:14:21.264,0.87129,0.87137,1.00,1.00
2018.02.07 11:14:21.981,0.87129,0.87138,1.00,1.12
2018.02.07 11:14:22.637,0.8713,0.87138,1.00,1.00
2018.02.07 11:14:23.690,0.8713,0.87139,1.00,1.50
2018.02.07 11:14:27.363,0.87128,0.87138,1.50,1.12
2018.02.07 11:14:30.511,0.8713,0.87136,1.00,1.12
2018.02.07 11:14:33.649,0.8713,0.87137,1.00,1.00
2018.02.07 11:14:34.847,0.8713,0.87134,1.00,1.00
2018.02.07 11:14:35.002,0.87127,0.87134,1.00,1.00
2018.02.07 11:14:35.410,0.87128,0.87137,1.00,1.12
2018.02.07 11:14:35.565,0.8713,0.87139,1.00,1.37
2018.02.07 11:14:35.618,0.87131,0.8714,1.12,1.50
2018.02.07 11:14:35.723,0.87133,0.87141,1.00,1.00
2018.02.07 11:14:39.347,0.87133,0.87142,1.00,1.12
2018.02.07 11:14:39.688,0.87133,0.87141,1.00,1.87
2018.02.07 11:14:40.196,0.87133,0.87141,1.00,1.50
2018.02.07 11:14:40.946,0.87133,0.8714,1.00,1.00
2018.02.07 11:14:45.198,0.87133,0.87141,1.00,1.87
2018.02.07 11:14:49.006,0.87136,0.87142,1.00,1.12
2018.02.07 11:14:49.210,0.87137,0.87145,1.00,1.50
2018.02.07 11:14:49.737,0.87138,0.87146,1.00,1.12
2018.02.07 11:14:50.269,0.87138,0.87145,1.00,1.12
2018.02.07 11:14:51.088,0.87138,0.87146,1.00,1.12
2018.02.07 11:14:52.452,0.87138,0.87147,1.37,1.87
2018.02.07 11:14:52.962,0.87138,0.87147,1.37,1.50
2018.02.07 11:14:54.286,0.87138,0.87148,1.37,1.12
2018.02.07 11:14:54.390,0.87141,0.87149,1.00,1.50
2018.02.07 11:14:55.005,0.87141,0.87148,1.00,1.00
2018.02.07 11:14:55.556,0.87141,0.87149,1.00,1.00
2018.02.07 11:14:55.890,0.87143,0.87149,1.00,1.00
2018.02.07 11:14:56.406,0.87143,0.8715,1.00,1.00
2018.02.07 11:14:58.073,0.87143,0.87149,1.00,1.00
2018.02.07 11:14:58.686,0.87143,0.87148,1.00,1.00
2018.02.07 11:15:00.237,0.87143,0.87147,1.00,1.00
2018.02.07 11:15:00.341,0.8714,0.87145,1.00,1.00
2018.02.07 11:15:00.957,0.8714,0.87144,1.00,1.00
2018.02.07 11:15:01.061,0.87137,0.87144,1.00,1.00
2018.02.07 11:15:01.522,0.87137,0.87146,1.12,1.50
2018.02.07 11:15:02.032,0.87138,0.87146,1.00,1.00
2018.02.07 11:15:02.301,0.87137,0.87142,1.12,1.00
2018.02.07 11:15:02.608,0.87134,0.87142,1.00,1.00
2018.02.07 11:15:02.661,0.87136,0.87143,1.00,1.00
2018.02.07 11:15:03.301,0.87136,0.87144,1.00,1.00
2018.02.07 11:15:09.444,0.87136,0.87145,1.12,1.00
2018.02.07 11:15:10.142,0.87137,0.87146,1.12,1.00
2018.02.07 11:15:10.715,0.87137,0.87146,1.50,1.00
2018.02.07 11:15:11.250,0.87138,0.87147,1.12,1.00
2018.02.07 11:15:12.527,0.87141,0.87147,1.00,1.00
2018.02.07 11:15:13.267,0.87141,0.87145,1.00,1.00
2018.02.07 11:15:13.369,0.87137,0.87145,1.00,1.00
2018.02.07 11:15:17.481,0.87137,0.87144,1.00,1.00
2018.02.07 11:15:19.019,0.87137,0.87146,1.00,1.00
2018.02.07 11:15:19.072,0.8714,0.87147,1.00,1.00
2018.02.07 11:15:19.204,0.8714,0.87149,1.00,2.25
2018.02.07 11:15:19.957,0.8714,0.87149,1.00,2.25
2018.02.07 11:15:20.565,0.8714,0.87147,1.00,1.00
2018.02.07 11:15:21.096,0.87139,0.87147,1.00,1.00
2018.02.07 11:15:22.276,0.87139,0.87144,1.00,1.00
2018.02.07 11:15:22.328,0.87137,0.87144,1.50,1.00
2018.02.07 11:15:22.588,0.87136,0.87142,1.00,1.00
2018.02.07 11:15:22.726,0.8713,0.87137,1.00,1.00
2018.02.07 11:15:24.063,0.8713,0.87138,1.00,1.00
2018.02.07 11:15:24.674,0.8713,0.87139,1.00,1.12
2018.02.07 11:15:26.765,0.8713,0.87138,1.00,1.00
2018.02.07 11:15:30.225,0.87132,0.8714,1.12,1.00
2018.02.07 11:15:30.728,0.87132,0.87141,1.12,1.12
2018.02.07 11:15:31.231,0.87132,0.8714,1.12,1.00
2018.02.07 11:15:31.761,0.87132,0.87139,1.00,1.00
2018.02.07 11:15:35.375,0.87131,0.87139,1.00,1.12
2018.02.07 11:15:35.929,0.87132,0.87139,1.00,1.12
2018.02.07 11:15:38.350,0.8713,0.87138,1.50,1.00
2018.02.07 11:15:38.889,0.8713,0.87139,1.00,1.12
2018.02.07 11:15:41.213,0.8713,0.87137,1.00,1.00
2018.02.07 11:15:41.460,0.8713,0.87139,1.00,1.00
2018.02.07 11:15:44.603,0.87133,0.87141,1.00,1.50
2018.02.07 11:15:45.108,0.87136,0.87143,1.00,1.00
2018.02.07 11:15:50.646,0.87136,0.87144,1.00,1.12
2018.02.07 11:15:51.160,0.87136,0.87145,1.50,2.25
2018.02.07 11:15:51.777,0.87137,0.87145,1.00,1.50
2018.02.07 11:15:52.404,0.87138,0.87145,1.00,1.00
2018.02.07 11:15:56.029,0.8714,0.87146,1.00,1.00
2018.02.07 11:15:58.455,0.8714,0.87145,1.00,1.50
2018.02.07 11:15:58.558,0.87135,0.87141,1.00,1.00
2018.02.07 11:15:59.713,0.87134,0.8714,1.00,1.00
2018.02.07 11:16:00.874,0.87134,0.87141,1.00,1.50
2018.02.07 11:16:01.992,0.87134,0.8714,1.00,1.50
2018.02.07 11:16:02.146,0.87133,0.87142,1.00,1.50
2018.02.07 11:16:02.458,0.87135,0.87142,1.00,1.00
2018.02.07 11:16:02.977,0.87134,0.87141,1.12,1.00
2018.02.07 11:16:03.343,0.87132,0.87141,2.25,1.00
2018.02.07 11:16:03.930,0.87132,0.87139,1.12,1.00
2018.02.07 11:16:06.197,0.87132,0.87139,1.37,1.00
2018.02.07 11:16:06.834,0.87132,0.8714,1.37,1.50
2018.02.07 11:16:06.962,0.87129,0.87138,1.87,1.87
2018.02.07 11:16:07.512,0.87129,0.87137,1.00,1.00
2018.02.07 11:16:08.798,0.87129,0.87136,1.00,1.00
2018.02.07 11:16:08.850,0.87131,0.87138,1.00,1.00
2018.02.07 11:16:09.473,0.87131,0.87139,1.50,1.50
2018.02.07 11:16:12.565,0.8713,0.87138,1.00,1.00
2018.02.07 11:16:12.668,0.87128,0.87137,1.87,1.00
2018.02.07 11:16:12.720,0.87127,0.87135,1.87,1.00
2018.02.07 11:16:12.773,0.87126,0.87134,1.12,1.00
2018.02.07 11:16:12.901,0.87124,0.87133,1.87,1.50
2018.02.07 11:16:13.624,0.87123,0.87132,1.50,1.50
2018.02.07 11:16:14.169,0.87123,0.87131,1.37,1.00
2018.02.07 11:16:17.910,0.87123,0.87132,1.87,1.00
2018.02.07 11:16:18.919,0.87126,0.87134,2.25,1.00
2018.02.07 11:16:19.051,0.87127,0.87137,4.87,1.87
2018.02.07 11:16:21.930,0.87128,0.87136,1.00,1.50
2018.02.07 11:16:22.035,0.87125,0.87133,2.25,1.00
2018.02.07 11:16:22.575,0.87125,0.87134,1.50,1.12
2018.02.07 11:16:22.627,0.87124,0.87134,1.12,1.12
2018.02.07 11:16:22.679,0.87123,0.87133,1.87,1.50
2018.02.07 11:16:23.212,0.87123,0.87131,1.00,1.12
2018.02.07 11:16:24.869,0.87122,0.87133,6.00,1.87
2018.02.07 11:16:25.460,0.87123,0.87133,1.87,1.50
2018.02.07 11:16:25.963,0.87123,0.87131,1.12,1.00
2018.02.07 11:16:27.848,0.87123,0.87132,1.00,1.12
2018.02.07 11:16:29.266,0.87122,0.87132,2.62,1.00
2018.02.07 11:16:29.935,0.87122,0.87131,1.12,1.00
2018.02.07 11:16:32.055,0.87124,0.87133,1.00,1.50
2018.02.07 11:16:32.363,0.87127,0.87136,1.00,1.50
2018.02.07 11:16:32.717,0.8713,0.87139,1.50,1.00
2018.02.07 11:16:33.574,0.87131,0.8714,1.12,1.00
2018.02.07 11:16:34.004,0.87129,0.87138,2.25,1.50
2018.02.07 11:16:36.627,0.8713,0.87139,1.87,1.12
2018.02.07 11:16:37.142,0.8713,0.87139,5.62,1.00
2018.02.07 11:16:37.331,0.87131,0.87141,1.50,1.50
2018.02.07 11:16:37.999,0.87132,0.87142,2.25,1.00
2018.02.07 11:16:38.463,0.87133,0.87143,1.50,1.50
2018.02.07 11:16:38.786,0.87138,0.87147,1.00,1.87
2018.02.07 11:16:39.730,0.87138,0.87147,1.37,1.87
2018.02.07 11:16:42.909,0.87138,0.87147,1.12,1.87
2018.02.07 11:16:44.865,0.87138,0.87147,1.87,4.12
2018.02.07 11:16:46.952,0.87136,0.87145,1.87,1.12
2018.02.07 11:16:48.462,0.87136,0.87145,1.87,1.50
2018.02.07 11:16:49.990,0.87136,0.87145,1.12,1.50
2018.02.07 11:16:50.541,0.87136,0.87144,1.12,1.12
2018.02.07 11:16:51.557,0.87133,0.87143,3.00,1.87
2018.02.07 11:16:51.882,0.87132,0.87142,1.87,1.37
2018.02.07 11:16:53.277,0.87133,0.87143,1.50,3.37
2018.02.07 11:16:54.298,0.87133,0.87142,1.12,1.50
2018.02.07 11:17:00.486,0.87132,0.87141,2.25,1.12
2018.02.07 11:17:01.230,0.87131,0.87139,2.25,1.00
2018.02.07 11:17:05.067,0.87131,0.87141,1.00,1.50
2018.02.07 11:17:05.299,0.87132,0.87142,1.50,3.00
2018.02.07 11:17:06.981,0.87132,0.87142,2.62,1.12
2018.02.07 11:17:07.802,0.87132,0.87142,4.12,1.12
2018.02.07 11:17:07.871,0.87134,0.87142,1.00,1.12
2018.02.07 11:17:08.388,0.87133,0.87142,1.00,1.12
2018.02.07 11:17:08.734,0.87131,0.87141,1.87,1.50
2018.02.07 11:17:09.056,0.87133,0.87142,2.25,1.00
2018.02.07 11:17:11.177,0.87136,0.87145,1.50,3.37
2018.02.07 11:17:11.228,0.87136,0.87145,1.50,1.00
2018.02.07 11:17:11.757,0.87136,0.87146,1.50,1.00
2018.02.07 11:17:14.905,0.87137,0.87146,1.00,1.00
2018.02.07 11:17:15.293,0.87134,0.87144,3.00,1.00
2018.02.07 11:17:15.802,0.87135,0.87144,1.00,1.87
2018.02.07 11:17:16.308,0.87134,0.87143,1.12,1.00
2018.02.07 11:17:16.411,0.87133,0.87141,1.00,1.00
2018.02.07 11:17:17.884,0.87131,0.87141,2.25,1.12
2018.02.07 11:17:19.219,0.87134,0.87142,1.87,1.00
2018.02.07 11:17:19.272,0.87135,0.87144,1.00,1.12
2018.02.07 11:17:19.878,0.87135,0.87145,1.00,3.37
2018.02.07 11:17:20.804,0.87135,0.87144,1.12,1.00
2018.02.07 11:17:21.345,0.87135,0.87145,2.62,2.62
2018.02.07 11:17:22.582,0.87135,0.87145,3.37,1.00
2018.02.07 11:17:23.104,0.87137,0.87146,1.00,1.00
2018.02.07 11:17:25.158,0.87137,0.87147,1.00,1.00
2018.02.07 11:17:25.817,0.87136,0.87147,4.50,1.00
2018.02.07 11:17:27.759,0.87137,0.87146,1.87,1.00
2018.02.07 11:17:28.279,0.87137,0.87147,1.37,1.12
2018.02.07 11:17:29.245,0.87137,0.87145,1.50,1.00
2018.02.07 11:17:29.775,0.87137,0.87146,1.00,1.00
2018.02.07 11:17:30.211,0.87137,0.87146,1.00,3.37
2018.02.07 11:17:31.425,0.87138,0.87148,1.37,2.25
2018.02.07 11:17:31.528,0.8714,0.87149,1.12,1.12
2018.02.07 11:17:32.475,0.87139,0.87148,1.50,1.12
2018.02.07 11:17:33.081,0.87139,0.87148,1.00,1.87
2018.02.07 11:17:33.693,0.8714,0.8715,2.25,1.00
2018.02.07 11:17:34.208,0.87141,0.8715,1.50,1.00
2018.02.07 11:17:35.712,0.87141,0.87151,2.25,1.87
2018.02.07 11:17:37.026,0.87142,0.87151,1.00,1.00
2018.02.07 11:17:38.768,0.87142,0.87152,1.12,1.12
2018.02.07 11:17:39.914,0.87142,0.8715,1.00,1.00
2018.02.07 11:17:41.403,0.8714,0.87149,1.00,1.00
2018.02.07 11:17:42.023,0.87139,0.87149,1.12,1.50
2018.02.07 11:17:46.335,0.87139,0.87147,1.87,1.00
2018.02.07 11:17:47.493,0.8714,0.87149,1.00,1.00
2018.02.07 11:17:48.041,0.87141,0.8715,3.00,1.00
2018.02.07 11:17:54.791,0.87141,0.87151,2.62,1.00
2018.02.07 11:17:56.187,0.87142,0.87152,3.75,1.50
2018.02.07 11:17:56.340,0.87144,0.87154,1.12,1.50
2018.02.07 11:18:06.085,0.87144,0.87152,1.12,1.12
2018.02.07 11:18:08.125,0.87142,0.87151,2.62,1.00
2018.02.07 11:18:08.508,0.87145,0.87153,1.00,1.00
2018.02.07 11:18:09.240,0.87144,0.87153,2.25,1.12
2018.02.07 11:18:09.478,0.87142,0.87152,2.25,1.00
2018.02.07 11:18:09.982,0.87142,0.87152,1.50,1.37
2018.02.07 11:18:10.613,0.87143,0.87151,1.12,1.00
2018.02.07 11:18:13.636,0.87142,0.8715,1.87,1.00
2018.02.07 11:18:13.792,0.8714,0.87148,1.50,1.00
2018.02.07 11:18:13.844,0.8714,0.87148,1.00,1.12
2018.02.07 11:18:14.312,0.87139,0.8715,2.25,1.12
2018.02.07 11:18:14.489,0.87142,0.87151,1.00,1.12
2018.02.07 11:18:15.089,0.8714,0.8715,1.75,1.50
2018.02.07 11:18:15.602,0.87141,0.87151,1.00,1.50
2018.02.07 11:18:16.116,0.87141,0.8715,1.00,1.00
2018.02.07 11:18:16.658,0.8714,0.87151,3.75,1.00
2018.02.07 11:18:17.615,0.87143,0.87153,1.87,1.12
2018.02.07 11:18:18.203,0.87144,0.87153,1.37,1.12
2018.02.07 11:18:19.063,0.87144,0.87154,1.87,1.00
2018.02.07 11:18:19.595,0.87145,0.87155,3.00,1.00
2018.02.07 11:18:24.247,0.87145,0.87155,3.75,1.00
2018.02.07 11:18:25.181,0.87145,0.87155,1.87,1.12
2018.02.07 11:18:27.017,0.87144,0.87154,3.00,1.00
2018.02.07 11:18:27.476,0.87145,0.87156,2.25,2.25
2018.02.07 11:18:28.025,0.87145,0.87156,3.75,1.12
2018.02.07 11:18:29.547,0.87146,0.87155,1.12,3.00
2018.02.07 11:18:30.078,0.87146,0.87155,1.50,1.87
2018.02.07 11:18:30.508,0.87144,0.87152,2.62,1.50
2018.02.07 11:18:30.613,0.87141,0.8715,1.50,1.00
2018.02.07 11:18:30.800,0.87143,0.87152,1.00,1.50
2018.02.07 11:18:30.853,0.87142,0.8715,2.62,1.00
2018.02.07 11:18:31.361,0.87142,0.8715,2.62,1.00
2018.02.07 11:18:31.722,0.87142,0.87152,1.87,2.25
2018.02.07 11:18:31.876,0.87142,0.87152,3.37,1.50
2018.02.07 11:18:33.294,0.87142,0.87152,3.75,1.50
2018.02.07 11:18:34.098,0.87142,0.87151,2.62,1.12
2018.02.07 11:18:34.750,0.87142,0.87151,2.62,1.12
2018.02.07 11:18:35.267,0.87141,0.8715,1.50,1.37
2018.02.07 11:18:35.319,0.87141,0.8715,1.12,1.37
2018.02.07 11:18:35.529,0.87144,0.87153,1.00,2.62
2018.02.07 11:18:35.632,0.87144,0.87154,2.25,1.00
2018.02.07 11:18:36.952,0.87144,0.87154,4.12,1.00
2018.02.07 11:18:37.466,0.87147,0.87155,1.00,1.00
2018.02.07 11:18:40.388,0.87146,0.87157,2.25,2.62
2018.02.07 11:18:41.166,0.87147,0.87157,1.12,3.00
2018.02.07 11:18:41.690,0.87147,0.87157,1.12,2.62
2018.02.07 11:18:43.219,0.87149,0.87157,1.12,1.00
2018.02.07 11:18:43.771,0.87147,0.87158,5.25,1.12
2018.02.07 11:18:44.389,0.87148,0.87159,1.12,3.00
2018.02.07 11:18:44.738,0.8715,0.8716,2.62,3.37
2018.02.07 11:18:44.840,0.87153,0.87162,1.50,1.00
2018.02.07 11:18:45.381,0.87153,0.87163,1.00,1.00
2018.02.07 11:18:48.009,0.87151,0.87158,1.00,1.00
2018.02.07 11:18:48.656,0.87149,0.87158,3.37,1.00
2018.02.07 11:18:49.401,0.87149,0.87157,3.37,1.00
2018.02.07 11:18:49.701,0.87145,0.87154,1.50,1.00
2018.02.07 11:18:50.225,0.87145,0.87154,1.12,1.50
2018.02.07 11:18:50.899,0.87145,0.87155,3.75,2.25
2018.02.07 11:18:51.358,0.87147,0.87157,1.12,2.62
2018.02.07 11:18:51.897,0.87147,0.87157,1.12,2.62
2018.02.07 11:18:52.433,0.87146,0.87157,1.87,2.62
2018.02.07 11:18:53.006,0.87146,0.87154,1.87,1.00
2018.02.07 11:18:53.475,0.87146,0.87156,1.50,3.37
2018.02.07 11:18:53.999,0.87145,0.87155,4.50,1.00
2018.02.07 11:18:54.657,0.87145,0.87156,4.50,1.50
2018.02.07 11:18:55.572,0.87146,0.87156,1.75,1.12
2018.02.07 11:18:57.428,0.87146,0.87156,1.37,1.50
2018.02.07 11:18:57.734,0.87147,0.87156,1.50,1.50
2018.02.07 11:19:00.136,0.87147,0.87157,1.50,2.62
2018.02.07 11:19:00.708,0.87146,0.87156,3.37,3.75
2018.02.07 11:19:00.760,0.87147,0.87155,1.00,1.12
2018.02.07 11:19:01.396,0.87145,0.87155,2.25,1.12
2018.02.07 11:19:01.914,0.87145,0.87155,2.25,1.00
2018.02.07 11:19:09.788,0.87145,0.87155,2.62,1.00
2018.02.07 11:19:10.295,0.87145,0.87156,2.62,2.62
2018.02.07 11:19:10.636,0.87148,0.87156,1.00,2.62
2018.02.07 11:19:11.708,0.87148,0.87157,1.37,2.25
2018.02.07 11:19:11.812,0.87149,0.87159,1.12,1.00
2018.02.07 11:19:12.124,0.87147,0.87157,2.25,1.00
2018.02.07 11:19:12.530,0.87146,0.87155,1.12,1.00
2018.02.07 11:19:19.212,0.87145,0.87154,1.50,1.12
2018.02.07 11:19:20.161,0.87143,0.87153,1.37,1.12
2018.02.07 11:19:20.662,0.87143,0.87152,1.12,1.87
2018.02.07 11:19:21.344,0.87142,0.87151,2.25,1.00
2018.02.07 11:19:26.934,0.87144,0.87151,1.50,1.00
2018.02.07 11:19:26.986,0.87144,0.87153,1.50,1.00
2018.02.07 11:19:27.301,0.87143,0.87153,1.12,1.00
2018.02.07 11:19:27.851,0.87143,0.87152,1.50,1.50
2018.02.07 11:19:28.638,0.87142,0.87151,3.00,1.00
2018.02.07 11:19:29.835,0.87142,0.87151,3.37,1.00
2018.02.07 11:19:31.227,0.87143,0.87152,1.12,1.00
2018.02.07 11:19:31.871,0.87144,0.87153,1.12,1.00
2018.02.07 11:19:32.523,0.87145,0.87153,1.12,1.00
2018.02.07 11:19:33.674,0.87143,0.87153,1.37,1.50
2018.02.07 11:19:34.521,0.87143,0.87152,1.50,1.00
2018.02.07 11:19:35.171,0.87143,0.87152,1.00,1.12
2018.02.07 11:19:35.406,0.87143,0.8715,1.00,1.00
2018.02.07 11:19:41.522,0.87142,0.8715,3.00,1.00
2018.02.07 11:19:42.047,0.8714,0.8715,1.87,1.12
2018.02.07 11:19:43.021,0.87141,0.87151,2.25,1.12
2018.02.07 11:19:43.865,0.87142,0.8715,1.00,1.87
2018.02.07 11:19:44.207,0.87139,0.87147,1.50,1.00
2018.02.07 11:19:46.047,0.87139,0.87146,1.00,1.00
2018.02.07 11:19:46.842,0.87139,0.87148,1.00,1.50
2018.02.07 11:19:51.314,0.87139,0.87148,1.00,1.50
2018.02.07 11:19:52.301,0.87141,0.87149,1.00,3.37
2018.02.07 11:19:52.404,0.87141,0.8715,1.87,1.12
2018.02.07 11:19:53.051,0.87142,0.8715,1.00,1.00
2018.02.07 11:19:54.272,0.87143,0.87151,1.00,1.00
2018.02.07 11:19:54.375,0.87143,0.87153,3.00,1.12
2018.02.07 11:19:54.478,0.87145,0.87153,1.00,1.12
2018.02.07 11:19:55.474,0.87143,0.87153,1.12,3.75
2018.02.07 11:19:55.987,0.87142,0.87153,2.25,1.50
2018.02.07 11:19:56.195,0.87144,0.87154,2.25,1.12
2018.02.07 11:19:56.754,0.87145,0.87154,1.00,1.00
2018.02.07 11:19:58.809,0.87144,0.87154,1.87,1.00
2018.02.07 11:19:59.412,0.87145,0.87155,1.00,2.62
2018.02.07 11:20:01.167,0.87146,0.87154,1.12,1.00
2018.02.07 11:20:01.220,0.87146,0.87154,1.00,1.50
2018.02.07 11:20:01.272,0.87146,0.87154,1.00,1.00
2018.02.07 11:20:03.398,0.87145,0.87153,1.12,1.12
2018.02.07 11:20:03.924,0.87145,0.87154,1.37,1.50
2018.02.07 11:20:04.340,0.87144,0.87154,1.87,1.50
2018.02.07 11:20:05.014,0.87144,0.87154,1.87,1.50
2018.02.07 11:20:06.641,0.87145,0.87155,1.12,1.12
2018.02.07 11:20:08.069,0.87145,0.87154,1.12,1.00
2018.02.07 11:20:12.719,0.87145,0.87155,1.87,1.00
2018.02.07 11:20:20.232,0.87148,0.87157,1.87,1.12
2018.02.07 11:20:20.925,0.87147,0.87156,1.87,1.00
2018.02.07 11:20:21.360,0.87145,0.87156,3.37,2.25
2018.02.07 11:20:22.472,0.87146,0.87156,1.00,2.25
2018.02.07 11:20:22.574,0.87145,0.87155,2.25,1.87
2018.02.07 11:20:23.147,0.87145,0.87156,2.62,2.62
2018.02.07 11:20:23.651,0.87149,0.87157,1.12,1.00
2018.02.07 11:20:23.706,0.87149,0.87159,1.87,1.50
2018.02.07 11:20:24.496,0.87148,0.87159,3.00,1.37
2018.02.07 11:20:25.041,0.87148,0.87158,3.00,1.00
2018.02.07 11:20:25.584,0.8715,0.8716,1.00,1.50
2018.02.07 11:20:25.917,0.87153,0.87164,6.00,2.25
2018.02.07 11:20:26.750,0.87154,0.87163,1.37,1.12
2018.02.07 11:20:27.175,0.87155,0.87165,1.87,1.50
2018.02.07 11:20:29.552,0.87155,0.87165,5.25,1.00
2018.02.07 11:20:30.543,0.87156,0.87167,3.00,1.12
2018.02.07 11:20:30.647,0.87155,0.87165,4.50,1.00
2018.02.07 11:20:31.334,0.87155,0.87165,1.50,1.00
2018.02.07 11:20:31.672,0.87155,0.87166,4.12,2.62
2018.02.07 11:20:31.774,0.87156,0.87166,1.00,3.00
2018.02.07 11:20:32.349,0.87155,0.87166,2.25,2.25
2018.02.07 11:20:32.849,0.87154,0.87164,4.87,1.00
2018.02.07 11:20:33.508,0.87153,0.87163,2.62,1.00
2018.02.07 11:20:33.716,0.8715,0.87161,2.25,1.12
2018.02.07 11:20:34.228,0.87151,0.8716,1.12,1.00
2018.02.07 11:20:35.159,0.87151,0.8716,1.50,1.00
2018.02.07 11:20:35.772,0.87152,0.87162,1.87,1.00
2018.02.07 11:20:36.435,0.87152,0.87163,1.87,2.25
2018.02.07 11:20:36.537,0.87151,0.87161,2.62,1.00
2018.02.07 11:20:37.096,0.87151,0.87161,1.00,1.50
2018.02.07 11:20:37.632,0.8715,0.87159,4.87,1.12
2018.02.07 11:20:38.403,0.8715,0.87159,1.12,1.87
2018.02.07 11:20:38.916,0.87149,0.87159,1.50,2.25
2018.02.07 11:20:41.673,0.87151,0.8716,1.87,1.50
2018.02.07 11:20:42.189,0.87151,0.87162,1.50,3.00
2018.02.07 11:20:42.964,0.87151,0.87162,1.50,2.62
2018.02.07 11:20:43.919,0.87151,0.87162,3.37,2.62
2018.02.07 11:20:44.437,0.87153,0.87162,1.12,1.87
2018.02.07 11:20:44.974,0.87153,0.87163,1.87,1.87
2018.02.07 11:20:45.450,0.87157,0.87164,1.00,1.00
2018.02.07 11:20:45.553,0.87158,0.87169,1.87,3.37
2018.02.07 11:20:45.679,0.87159,0.87169,2.62,2.62
2018.02.07 11:20:46.397,0.87159,0.87169,3.37,1.50
2018.02.07 11:20:47.132,0.87161,0.87169,1.00,1.00
2018.02.07 11:20:47.236,0.87164,0.87173,1.87,1.00
2018.02.07 11:20:47.829,0.87164,0.87174,2.62,1.87
2018.02.07 11:20:48.256,0.87166,0.87175,1.00,1.00
2018.02.07 11:20:48.808,0.87165,0.87174,3.37,1.00
2018.02.07 11:20:49.112,0.87165,0.87175,3.75,1.00
2018.02.07 11:20:49.613,0.87165,0.87175,3.75,1.87
2018.02.07 11:20:51.291,0.87165,0.87176,3.37,1.87
2018.02.07 11:20:52.843,0.87165,0.87175,2.25,1.50
2018.02.07 11:20:53.505,0.87165,0.87175,2.25,1.12
2018.02.07 11:20:53.609,0.87166,0.87176,1.37,2.25
2018.02.07 11:20:54.140,0.87167,0.87175,1.12,1.00
2018.02.07 11:20:54.449,0.8717,0.87178,1.87,1.50
2018.02.07 11:20:54.961,0.8717,0.87179,1.50,1.00
2018.02.07 11:20:55.598,0.87172,0.87181,1.00,1.50
2018.02.07 11:20:55.721,0.87172,0.87182,1.87,2.62
2018.02.07 11:20:55.773,0.87174,0.87182,1.00,1.12
2018.02.07 11:20:55.927,0.87175,0.87185,1.00,1.12
2018.02.07 11:20:57.088,0.87177,0.87186,1.00,2.25
2018.02.07 11:20:57.596,0.87177,0.87186,1.12,1.50
2018.02.07 11:20:57.904,0.87175,0.87182,1.37,1.00
2018.02.07 11:20:58.007,0.87176,0.87185,1.00,2.25
2018.02.07 11:21:00.654,0.87177,0.87186,1.00,1.87
2018.02.07 11:21:01.259,0.87177,0.87186,3.00,1.00
2018.02.07 11:21:01.361,0.8718,0.8719,1.50,3.37
2018.02.07 11:21:01.464,0.8718,0.87191,3.00,1.12
2018.02.07 11:21:01.997,0.8718,0.87189,1.50,1.50
2018.02.07 11:21:02.308,0.87183,0.87192,1.12,1.00
2018.02.07 11:21:02.838,0.87182,0.87192,3.75,1.00
2018.02.07 11:21:03.093,0.87183,0.87194,2.25,2.25
2018.02.07 11:21:04.108,0.87183,0.87194,1.50,2.62
2018.02.07 11:21:04.650,0.87185,0.87196,1.87,2.62
2018.02.07 11:21:05.194,0.87186,0.87197,1.87,1.87
2018.02.07 11:21:05.347,0.87186,0.87197,2.25,1.12
2018.02.07 11:21:06.641,0.87187,0.87195,1.12,1.00
2018.02.07 11:21:07.030,0.87187,0.87197,1.87,1.12
2018.02.07 11:21:07.471,0.87186,0.87195,1.87,1.00
2018.02.07 11:21:08.496,0.87186,0.87195,1.50,1.50
2018.02.07 11:21:09.011,0.87186,0.87196,1.50,1.37
2018.02.07 11:21:09.331,0.87186,0.87197,2.62,3.00
2018.02.07 11:21:09.844,0.87186,0.87197,3.37,1.87
2018.02.07 11:21:10.496,0.87187,0.87197,1.12,1.00
2018.02.07 11:21:13.799,0.87187,0.87198,2.25,1.12
2018.02.07 11:21:14.642,0.87188,0.87198,1.00,1.12
2018.02.07 11:21:15.171,0.87191,0.87201,1.00,2.62
2018.02.07 11:21:15.479,0.8719,0.87197,1.87,1.12
2018.02.07 11:21:15.532,0.87187,0.87196,1.00,1.12
2018.02.07 11:21:15.871,0.87185,0.87194,1.87,1.00
2018.02.07 11:21:17.285,0.87185,0.87194,1.87,1.50
2018.02.07 11:21:18.731,0.87184,0.87194,1.50,2.25
2018.02.07 11:21:19.246,0.87183,0.87193,1.87,1.50
2018.02.07 11:21:19.801,0.87183,0.87193,1.87,1.75
2018.02.07 11:21:20.134,0.87183,0.87194,2.62,2.62
2018.02.07 11:21:21.136,0.87183,0.87194,3.00,2.25
2018.02.07 11:21:21.708,0.87186,0.87195,1.50,2.25
2018.02.07 11:21:22.344,0.87187,0.87195,1.50,1.50
2018.02.07 11:21:23.440,0.87188,0.87196,1.00,1.50
2018.02.07 11:21:24.022,0.87188,0.87197,1.00,1.37
2018.02.07 11:21:25.937,0.87189,0.87198,1.00,2.25
2018.02.07 11:21:26.354,0.8719,0.87198,1.50,1.12
2018.02.07 11:21:26.509,0.87189,0.87196,1.00,1.00
2018.02.07 11:21:26.860,0.87188,0.87197,2.62,2.62
2018.02.07 11:21:27.411,0.87191,0.87198,1.00,1.50
2018.02.07 11:21:27.514,0.87191,0.87201,1.12,2.25
2018.02.07 11:21:28.112,0.87192,0.872,1.00,1.12
2018.02.07 11:21:28.573,0.87194,0.872,1.00,1.12
2018.02.07 11:21:28.727,0.87194,0.87203,1.00,2.25
2018.02.07 11:21:30.418,0.87194,0.87203,1.00,1.50
2018.02.07 11:21:33.047,0.87193,0.872,1.00,1.50
2018.02.07 11:21:33.205,0.87189,0.87198,1.00,1.50
2018.02.07 11:21:33.737,0.87187,0.87197,1.50,2.25
2018.02.07 11:21:34.678,0.87188,0.87196,1.00,1.50
2018.02.07 11:21:36.269,0.87187,0.87196,2.62,2.62
2018.02.07 11:21:36.786,0.87188,0.87196,1.00,2.62
2018.02.07 11:21:37.115,0.87189,0.87199,1.00,3.75
2018.02.07 11:21:37.220,0.87187,0.87195,1.00,1.12
2018.02.07 11:21:37.777,0.87186,0.87195,2.62,1.12
2018.02.07 11:21:39.100,0.87186,0.87194,1.50,1.00
2018.02.07 11:21:39.627,0.87185,0.87195,2.25,2.25
2018.02.07 11:21:40.296,0.87185,0.87195,1.12,2.62
2018.02.07 11:21:40.726,0.87184,0.87195,2.25,2.25
2018.02.07 11:21:41.258,0.87185,0.87196,1.75,3.75
2018.02.07 11:21:42.184,0.87185,0.87196,2.62,2.25
2018.02.07 11:21:46.209,0.87186,0.87196,1.37,1.50
2018.02.07 11:21:49.346,0.87185,0.87196,3.37,1.50
2018.02.07 11:21:49.749,0.87189,0.87198,1.00,1.50
2018.02.07 11:21:49.801,0.87187,0.87198,2.62,1.87
2018.02.07 11:21:50.317,0.87187,0.87196,1.00,1.87
2018.02.07 11:21:50.881,0.87188,0.87196,1.00,1.87
2018.02.07 11:21:51.431,0.87186,0.87197,3.37,1.50
2018.02.07 11:21:51.484,0.87186,0.87196,2.25,1.12
2018.02.07 11:21:52.402,0.87184,0.87194,1.50,1.12
2018.02.07 11:21:52.712,0.87184,0.87193,1.00,1.50
2018.02.07 11:21:54.403,0.87183,0.87193,1.50,1.37
2018.02.07 11:21:54.708,0.87186,0.87194,1.00,1.00
2018.02.07 11:21:55.826,0.87186,0.87195,1.00,2.62
2018.02.07 11:21:56.184,0.87184,0.87193,1.00,1.50
2018.02.07 11:21:56.802,0.87186,0.87195,1.00,1.12
2018.02.07 11:21:58.110,0.87185,0.87195,1.50,2.62
2018.02.07 11:21:58.651,0.87185,0.87194,1.87,1.00
2018.02.07 11:21:59.967,0.87185,0.87193,1.00,1.87
2018.02.07 11:22:00.019,0.87183,0.87193,1.50,1.50
2018.02.07 11:22:00.070,0.87183,0.87192,1.00,1.37
2018.02.07 11:22:00.606,0.87182,0.87192,1.87,1.37
2018.02.07 11:22:01.184,0.87182,0.87191,1.87,1.00
2018.02.07 11:22:03.089,0.87182,0.87192,2.25,1.12
2018.02.07 11:22:04.841,0.87185,0.87192,1.00,1.00
2018.02.07 11:22:04.946,0.87186,0.87195,1.00,1.87
2018.02.07 11:22:05.049,0.87184,0.87195,1.87,3.37
2018.02.07 11:22:05.578,0.87185,0.87194,1.00,1.00
2018.02.07 11:22:06.746,0.87184,0.87195,1.50,2.62
2018.02.07 11:22:09.107,0.87184,0.87194,1.50,2.25
2018.02.07 11:22:09.638,0.87183,0.87192,2.25,1.00
2018.02.07 11:22:10.099,0.87184,0.87194,1.12,1.12
2018.02.07 11:22:10.609,0.87185,0.87194,1.12,1.37
2018.02.07 11:22:10.662,0.87182,0.87191,1.50,1.00
2018.02.07 11:22:10.869,0.87181,0.8719,1.50,1.00
2018.02.07 11:22:11.421,0.87181,0.87189,1.87,1.00
2018.02.07 11:22:12.138,0.87181,0.87189,1.50,1.00
2018.02.07 11:22:12.670,0.8718,0.8719,1.00,1.12
2018.02.07 11:22:12.874,0.87177,0.87186,2.25,1.00
2018.02.07 11:22:12.927,0.87176,0.87186,1.00,1.50
2018.02.07 11:22:13.228,0.87177,0.87187,1.00,3.00
2018.02.07 11:22:13.787,0.87178,0.87187,1.00,3.00
2018.02.07 11:22:14.794,0.87177,0.87187,1.00,2.62
2018.02.07 11:22:15.813,0.87177,0.87187,1.50,1.50
2018.02.07 11:22:18.272,0.87176,0.87187,2.25,2.25
2018.02.07 11:22:19.174,0.87176,0.87186,2.25,1.00
2018.02.07 11:22:20.157,0.87176,0.87187,2.25,3.00
2018.02.07 11:22:21.280,0.87177,0.87187,1.00,3.00
2018.02.07 11:22:24.318,0.87178,0.87187,1.00,1.87
2018.02.07 11:22:25.374,0.87178,0.87186,1.00,1.00
2018.02.07 11:22:25.425,0.87175,0.87186,2.25,3.37
2018.02.07 11:22:25.629,0.87177,0.87185,1.00,2.62
2018.02.07 11:22:26.687,0.87177,0.87185,1.00,1.12
2018.02.07 11:22:31.840,0.87177,0.87187,1.87,3.00
2018.02.07 11:22:32.145,0.8718,0.8719,2.25,1.37
2018.02.07 11:22:32.456,0.87177,0.87187,1.50,1.00
2018.02.07 11:22:33.593,0.87178,0.87188,1.00,2.25
2018.02.07 11:22:34.135,0.87179,0.87189,1.50,4.87
2018.02.07 11:22:35.425,0.87177,0.87188,3.00,1.75
2018.02.07 11:22:36.548,0.87177,0.87187,2.25,1.50
2018.02.07 11:22:38.522,0.87178,0.87188,1.50,1.50
2018.02.07 11:22:39.046,0.87179,0.87189,1.12,3.37
2018.02.07 11:22:39.574,0.8718,0.87189,1.00,1.50
2018.02.07 11:22:42.585,0.87181,0.8719,1.00,3.00
2018.02.07 11:22:42.637,0.87181,0.8719,1.00,1.50
2018.02.07 11:22:42.688,0.87179,0.87189,1.50,1.00
2018.02.07 11:22:43.195,0.87179,0.87189,1.50,1.37
2018.02.07 11:22:45.757,0.87178,0.87187,2.25,1.37
2018.02.07 11:22:46.132,0.87177,0.87187,1.00,3.75
2018.02.07 11:22:46.643,0.87177,0.87186,1.00,1.37
2018.02.07 11:22:51.365,0.87176,0.87185,1.00,1.00
2018.02.07 11:22:51.885,0.87175,0.87185,1.87,1.00
2018.02.07 11:22:53.723,0.87175,0.87185,2.25,1.00
2018.02.07 11:22:54.506,0.87175,0.87186,3.00,2.25
2018.02.07 11:22:55.159,0.87175,0.87186,3.00,1.87
2018.02.07 11:22:55.817,0.87175,0.87186,3.00,2.25
2018.02.07 11:22:56.658,0.87176,0.87187,1.00,5.25
2018.02.07 11:22:56.863,0.8718,0.87191,1.87,4.12
2018.02.07 11:22:57.036,0.87183,0.87191,1.00,1.12
2018.02.07 11:22:57.580,0.87181,0.87191,1.87,1.50
2018.02.07 11:22:58.998,0.87183,0.87192,1.00,1.37
2018.02.07 11:22:59.049,0.87184,0.87193,1.12,1.12
2018.02.07 11:22:59.573,0.87185,0.87195,1.00,2.62
2018.02.07 11:23:00.087,0.87186,0.87194,1.00,1.87
2018.02.07 11:23:00.190,0.87186,0.87196,1.00,1.87
2018.02.07 11:23:00.572,0.87184,0.87194,2.62,1.00
2018.02.07 11:23:00.728,0.87183,0.87192,1.00,1.12
2018.02.07 11:23:01.033,0.8718,0.87189,1.12,1.37
2018.02.07 11:23:01.136,0.8718,0.8719,1.50,1.87
2018.02.07 11:23:03.702,0.87181,0.8719,1.50,2.25
2018.02.07 11:23:07.424,0.87181,0.87191,1.37,2.25
2018.02.07 11:23:09.945,0.87181,0.87191,1.87,1.12
2018.02.07 11:23:10.503,0.87181,0.8719,2.25,1.12
2018.02.07 11:23:11.108,0.87181,0.8719,2.25,1.00
2018.02.07 11:23:12.680,0.87181,0.8719,1.87,1.00
2018.02.07 11:23:15.021,0.87181,0.87191,1.00,1.50
2018.02.07 11:23:17.445,0.87184,0.87192,1.00,1.12
2018.02.07 11:23:17.649,0.87182,0.87192,2.25,1.00
2018.02.07 11:23:18.390,0.87182,0.87192,1.00,1.50
2018.02.07 11:23:18.548,0.87181,0.8719,1.12,1.87
2018.02.07 11:23:20.204,0.8718,0.87191,3.00,1.12
2018.02.07 11:23:22.069,0.87181,0.87191,1.00,1.50
2018.02.07 11:23:22.239,0.87179,0.87189,3.00,1.87
2018.02.07 11:23:22.796,0.8718,0.8719,1.87,1.50
2018.02.07 11:23:24.505,0.87185,0.87192,1.12,1.50
2018.02.07 11:23:24.558,0.87188,0.87197,1.00,3.37
2018.02.07 11:23:25.073,0.87187,0.87197,1.12,3.00
2018.02.07 11:23:25.502,0.87185,0.87195,3.00,1.12
2018.02.07 11:23:26.452,0.87185,0.87195,2.62,1.12
2018.02.07 11:23:26.984,0.87185,0.87195,2.25,2.25
2018.02.07 11:23:28.227,0.87185,0.87195,2.25,2.25
2018.02.07 11:23:30.550,0.87185,0.87196,2.62,3.37
2018.02.07 11:23:31.103,0.87186,0.87196,1.00,3.37
2018.02.07 11:23:35.193,0.87186,0.87195,1.00,1.50
2018.02.07 11:23:35.605,0.87183,0.87193,2.25,1.12
2018.02.07 11:23:35.657,0.87183,0.87191,2.25,1.00
2018.02.07 11:23:36.036,0.87182,0.87191,1.12,1.12
2018.02.07 11:23:38.656,0.87182,0.8719,1.12,1.00
2018.02.07 11:23:40.896,0.87181,0.87189,1.00,1.00
2018.02.07 11:23:41.743,0.8718,0.8719,1.50,1.12
2018.02.07 11:23:42.058,0.87182,0.8719,1.00,1.50
2018.02.07 11:23:44.944,0.8718,0.8719,1.87,1.00
2018.02.07 11:23:45.546,0.87181,0.8719,1.00,1.00
2018.02.07 11:23:46.172,0.87182,0.87191,1.00,1.87
2018.02.07 11:23:49.896,0.87181,0.87191,1.00,2.62
2018.02.07 11:23:50.422,0.87181,0.8719,1.00,1.37
2018.02.07 11:23:51.790,0.87179,0.87188,1.00,1.50
2018.02.07 11:23:52.235,0.87177,0.87188,2.62,1.50
2018.02.07 11:23:52.917,0.87177,0.87188,3.37,1.50
2018.02.07 11:23:53.579,0.87177,0.87188,2.62,2.62
2018.02.07 11:23:56.969,0.87179,0.87188,1.00,1.87
2018.02.07 11:23:57.438,0.8718,0.8719,1.00,1.50
2018.02.07 11:23:59.035,0.8718,0.8719,1.50,1.37
2018.02.07 11:23:59.139,0.87179,0.87189,1.12,1.12
2018.02.07 11:23:59.850,0.87179,0.87188,1.12,1.00
2018.02.07 11:24:01.893,0.87179,0.87189,1.12,1.12
2018.02.07 11:24:01.944,0.87181,0.87189,1.00,1.00
2018.02.07 11:24:02.549,0.87179,0.87189,1.87,1.87
2018.02.07 11:24:03.157,0.87179,0.87189,1.87,2.25
2018.02.07 11:24:07.742,0.87179,0.87188,1.00,1.87
2018.02.07 11:24:07.794,0.87177,0.87188,2.62,1.87
2018.02.07 11:24:08.441,0.87177,0.87186,1.00,1.00
2018.02.07 11:24:09.181,0.87176,0.87186,1.50,1.12
2018.02.07 11:24:14.080,0.87176,0.87186,1.50,1.50
2018.02.07 11:24:14.183,0.87174,0.87184,1.50,1.00
2018.02.07 11:24:14.698,0.87174,0.87184,2.62,1.00
2018.02.07 11:24:20.013,0.87174,0.87184,2.25,1.50
2018.02.07 11:24:20.389,0.8717,0.87181,4.50,2.25
2018.02.07 11:24:20.441,0.8717,0.87179,2.25,1.87
2018.02.07 11:24:20.596,0.87168,0.87178,1.12,1.12
2018.02.07 11:24:20.802,0.87169,0.8718,4.12,1.37
2018.02.07 11:24:21.815,0.8717,0.8718,1.50,1.12
2018.02.07 11:24:22.348,0.8717,0.87179,1.50,1.00
2018.02.07 11:24:24.362,0.8717,0.87178,1.12,1.00
2018.02.07 11:24:25.971,0.87169,0.87177,1.00,1.50
2018.02.07 11:24:26.179,0.87168,0.87179,1.87,2.25
2018.02.07 11:24:26.283,0.87169,0.87177,1.00,1.00
2018.02.07 11:24:26.784,0.87166,0.87177,3.37,1.50
2018.02.07 11:24:26.836,0.87165,0.87175,1.12,1.87
2018.02.07 11:24:26.940,0.87163,0.87174,2.25,3.37
2018.02.07 11:24:27.471,0.87163,0.87174,2.62,1.50
2018.02.07 11:24:27.925,0.87162,0.87172,2.25,1.12
2018.02.07 11:24:28.440,0.87162,0.87171,1.00,1.50
2018.02.07 11:24:28.952,0.87161,0.87171,1.00,1.50
2018.02.07 11:24:29.600,0.8716,0.87171,1.87,1.87
2018.02.07 11:24:31.253,0.8716,0.87171,1.87,1.44
2018.02.07 11:24:31.952,0.87161,0.87171,1.00,1.12
2018.02.07 11:24:32.004,0.87161,0.87172,4.12,1.12
2018.02.07 11:24:32.829,0.87162,0.87172,1.00,1.87
2018.02.07 11:24:35.176,0.87161,0.87171,1.87,1.50
2018.02.07 11:24:35.492,0.87159,0.87168,1.12,1.37
2018.02.07 11:24:36.011,0.87159,0.87169,1.00,1.50
2018.02.07 11:24:36.647,0.87159,0.87169,1.00,1.87
2018.02.07 11:24:36.749,0.87159,0.87169,1.87,1.00
2018.02.07 11:24:39.339,0.87159,0.87169,2.25,1.00
2018.02.07 11:24:40.813,0.8716,0.87171,1.00,3.37
2018.02.07 11:24:43.437,0.87163,0.87171,1.00,1.12
2018.02.07 11:24:43.941,0.87164,0.87173,1.00,3.37
2018.02.07 11:24:50.090,0.87162,0.87173,2.62,3.37
2018.02.07 11:24:51.325,0.87162,0.87173,3.00,1.12
2018.02.07 11:24:52.073,0.87164,0.87172,1.00,1.00
2018.02.07 11:24:52.508,0.87166,0.87175,1.12,1.50
2018.02.07 11:24:52.805,0.87168,0.87176,1.12,1.00
2018.02.07 11:24:53.354,0.87167,0.87177,1.00,1.87
2018.02.07 11:24:53.889,0.87167,0.87177,1.00,3.37
2018.02.07 11:24:54.034,0.87167,0.87177,1.00,1.12
2018.02.07 11:24:54.242,0.87173,0.87181,1.12,1.12
2018.02.07 11:24:54.399,0.87177,0.87186,1.00,1.00
2018.02.07 11:24:54.912,0.87177,0.87185,1.00,1.00
2018.02.07 11:24:55.494,0.87176,0.87185,1.87,1.00
2018.02.07 11:24:56.259,0.87176,0.87186,1.12,2.25
2018.02.07 11:24:57.203,0.87175,0.87185,3.00,1.00
2018.02.07 11:24:57.771,0.87176,0.87185,1.00,1.12
2018.02.07 11:24:58.730,0.87176,0.87186,1.12,1.00
2018.02.07 11:24:59.696,0.87176,0.87187,1.00,4.50
2018.02.07 11:25:01.775,0.87176,0.87186,1.00,2.62
2018.02.07 11:25:02.284,0.87176,0.87185,1.12,1.00
2018.02.07 11:25:02.396,0.87174,0.87183,1.87,1.00
2018.02.07 11:25:02.747,0.87172,0.87182,1.00,1.50
2018.02.07 11:25:03.257,0.87172,0.87183,1.87,2.25
2018.02.07 11:25:03.802,0.87171,0.87181,4.12,1.00
2018.02.07 11:25:04.315,0.87171,0.87181,2.25,1.37
2018.02.07 11:25:09.617,0.8717,0.87181,2.62,1.50
2018.02.07 11:25:10.126,0.87171,0.87179,1.00,1.00
2018.02.07 11:25:11.948,0.8717,0.87178,1.50,1.00
2018.02.07 11:25:12.256,0.87168,0.87178,1.87,3.37
2018.02.07 11:25:13.545,0.87165,0.87175,3.37,1.37
2018.02.07 11:25:14.791,0.87165,0.87175,1.00,2.25
2018.02.07 11:25:15.067,0.87165,0.87173,1.50,1.00
2018.02.07 11:25:15.393,0.87165,0.87175,1.12,2.25
2018.02.07 11:25:16.209,0.87166,0.87176,2.62,1.00
2018.02.07 11:25:16.415,0.87171,0.87182,1.50,2.62
2018.02.07 11:25:17.033,0.87172,0.87181,1.00,1.00
2018.02.07 11:25:17.702,0.87172,0.87181,1.00,1.87
2018.02.07 11:25:18.290,0.87171,0.87181,1.12,4.87
2018.02.07 11:25:19.272,0.8717,0.8718,2.62,1.50
2018.02.07 11:25:20.359,0.8717,0.87181,2.62,4.87
2018.02.07 11:25:21.987,0.8717,0.8718,1.87,2.62
2018.02.07 11:25:22.623,0.87169,0.87179,3.37,1.87
2018.02.07 11:25:29.989,0.87169,0.8718,4.12,1.87
2018.02.07 11:25:30.914,0.87169,0.8718,4.50,1.50
2018.02.07 11:25:31.697,0.87169,0.87178,2.25,1.00
2018.02.07 11:25:32.009,0.87163,0.87174,2.62,4.12
2018.02.07 11:25:32.370,0.87163,0.87172,1.87,1.50
2018.02.07 11:25:32.990,0.87163,0.87172,1.87,1.00
2018.02.07 11:25:33.587,0.87163,0.87172,1.37,2.62
2018.02.07 11:25:34.091,0.87163,0.87173,1.00,5.25
2018.02.07 11:25:34.680,0.87162,0.87172,1.87,1.75
2018.02.07 11:25:36.377,0.87162,0.87173,1.12,3.37
2018.02.07 11:25:37.432,0.87163,0.87173,1.00,1.50
2018.02.07 11:25:37.977,0.87163,0.87173,2.25,1.50
2018.02.07 11:25:38.529,0.87163,0.87172,1.87,2.62
2018.02.07 11:25:39.042,0.87163,0.87172,1.12,2.62
2018.02.07 11:25:45.502,0.87163,0.87172,2.62,1.00
2018.02.07 11:25:46.238,0.87165,0.87173,1.00,1.12
2018.02.07 11:25:46.444,0.87166,0.87175,1.00,2.25
2018.02.07 11:25:46.982,0.87167,0.87175,1.00,1.50
2018.02.07 11:25:47.511,0.87167,0.87175,1.00,1.50
2018.02.07 11:25:48.238,0.87165,0.87175,4.12,2.25
2018.02.07 11:25:50.113,0.87165,0.87175,2.62,2.25
2018.02.07 11:25:50.218,0.87167,0.87175,1.12,1.00
2018.02.07 11:25:51.881,0.87165,0.87176,2.25,1.87
2018.02.07 11:25:53.651,0.87165,0.87176,3.75,2.62
2018.02.07 11:25:54.214,0.87166,0.87176,1.87,1.00
2018.02.07 11:25:54.855,0.87166,0.87177,1.87,2.62
2018.02.07 11:25:55.893,0.87167,0.87177,1.00,2.62
2018.02.07 11:25:57.261,0.87168,0.87176,1.00,1.00
2018.02.07 11:26:00.248,0.8717,0.87179,1.12,1.37
2018.02.07 11:26:00.357,0.87173,0.87182,1.50,1.50
2018.02.07 11:26:00.462,0.87173,0.87183,3.00,1.87
2018.02.07 11:26:00.984,0.87174,0.87184,1.00,2.25
2018.02.07 11:26:01.348,0.87175,0.87184,1.50,1.12
2018.02.07 11:26:02.425,0.87176,0.87186,1.12,2.62
2018.02.07 11:26:03.114,0.87175,0.87186,1.87,1.87
2018.02.07 11:26:03.547,0.87176,0.87184,1.12,1.00
2018.02.07 11:26:04.165,0.87176,0.87186,2.25,1.12
2018.02.07 11:26:06.075,0.87176,0.87186,6.75,1.00
2018.02.07 11:26:06.900,0.87178,0.87188,1.37,1.87
2018.02.07 11:26:06.951,0.87176,0.87187,3.37,1.50
2018.02.07 11:26:07.476,0.87176,0.87186,1.50,1.50
2018.02.07 11:26:07.775,0.87177,0.87188,1.00,4.12
2018.02.07 11:26:08.403,0.87177,0.87188,1.87,3.75
2018.02.07 11:26:09.030,0.87177,0.87187,1.50,1.00
2018.02.07 11:26:10.528,0.87178,0.87187,1.00,1.12
2018.02.07 11:26:12.024,0.87178,0.87188,1.12,1.87
2018.02.07 11:26:14.548,0.87177,0.87186,1.00,1.00
2018.02.07 11:26:15.060,0.87176,0.87186,1.00,2.62
2018.02.07 11:26:15.696,0.87176,0.87187,3.37,1.87
2018.02.07 11:26:16.443,0.87176,0.87186,3.00,1.50
2018.02.07 11:26:16.548,0.87176,0.87183,1.50,1.00
2018.02.07 11:26:16.651,0.87173,0.87183,3.37,1.50
2018.02.07 11:26:17.184,0.87173,0.87183,2.25,1.37
2018.02.07 11:26:17.235,0.87175,0.87184,1.00,1.50
2018.02.07 11:26:17.375,0.87175,0.87184,1.00,1.00
2018.02.07 11:26:17.614,0.87174,0.8718,1.00,1.00
2018.02.07 11:26:17.717,0.87171,0.8718,1.12,1.00
2018.02.07 11:26:18.244,0.87171,0.87181,1.12,1.87
2018.02.07 11:26:26.782,0.87171,0.87181,2.62,1.50
2018.02.07 11:26:29.990,0.87171,0.87182,2.25,3.37
2018.02.07 11:26:30.992,0.87171,0.87179,1.12,1.12
2018.02.07 11:26:31.440,0.87171,0.87182,1.50,3.75
2018.02.07 11:26:31.960,0.87171,0.8718,1.12,1.87
2018.02.07 11:26:32.538,0.8717,0.8718,2.62,2.25
2018.02.07 11:26:33.725,0.87171,0.8718,1.50,1.12
2018.02.07 11:26:33.776,0.87173,0.8718,1.00,1.00
2018.02.07 11:26:33.828,0.87171,0.8718,1.87,1.00
2018.02.07 11:26:34.258,0.87171,0.87181,4.12,1.37
2018.02.07 11:26:35.496,0.87171,0.8718,1.87,1.00
2018.02.07 11:26:36.000,0.87172,0.87181,1.00,1.50
2018.02.07 11:26:36.513,0.87171,0.87181,1.50,1.50
2018.02.07 11:26:37.108,0.87171,0.8718,1.00,1.00
2018.02.07 11:26:37.635,0.8717,0.87179,1.12,1.12
2018.02.07 11:26:38.184,0.87169,0.87178,1.12,1.87
2018.02.07 11:26:38.492,0.87167,0.87176,1.37,1.00
2018.02.07 11:26:39.063,0.87167,0.87178,1.37,3.00
2018.02.07 11:26:39.626,0.87167,0.87178,1.12,3.00
2018.02.07 11:26:40.748,0.87167,0.87177,1.00,1.87
2018.02.07 11:26:41.058,0.87169,0.87178,1.12,1.50
2018.02.07 11:26:41.629,0.87168,0.87177,1.00,1.12
2018.02.07 11:26:42.695,0.87167,0.87177,1.00,1.50
2018.02.07 11:26:43.164,0.87167,0.87176,1.00,2.25
2018.02.07 11:26:43.216,0.87167,0.87176,1.00,1.87
2018.02.07 11:26:43.370,0.87166,0.87176,1.87,3.37
2018.02.07 11:26:45.127,0.87165,0.87175,2.62,4.12
2018.02.07 11:26:45.681,0.87165,0.87174,1.00,1.50
2018.02.07 11:26:49.134,0.87165,0.87174,1.12,1.12
2018.02.07 11:26:50.023,0.87165,0.87175,1.12,2.25
2018.02.07 11:26:50.414,0.87162,0.87171,1.00,1.87
2018.02.07 11:26:50.967,0.87161,0.8717,1.50,1.12
2018.02.07 11:26:51.503,0.87161,0.87171,1.00,3.00
2018.02.07 11:26:52.152,0.8716,0.87171,2.62,3.00
2018.02.07 11:26:52.485,0.87159,0.87168,1.50,1.00
2018.02.07 11:26:52.994,0.87159,0.87169,1.00,4.50
2018.02.07 11:26:55.782,0.87159,0.87169,1.00,2.62
2018.02.07 11:26:56.324,0.87158,0.87169,2.25,2.62
2018.02.07 11:26:56.376,0.8716,0.87168,1.00,1.00
2018.02.07 11:26:56.908,0.87159,0.87168,1.50,1.00
2018.02.07 11:26:58.395,0.87158,0.87168,1.50,1.12
2018.02.07 11:26:59.168,0.87158,0.87168,1.00,4.12
2018.02.07 11:27:00.377,0.87156,0.87165,1.00,1.12
2018.02.07 11:27:00.652,0.87154,0.87164,3.75,1.50
2018.02.07 11:27:01.336,0.87155,0.87164,1.00,1.50
2018.02.07 11:27:01.849,0.87154,0.87164,3.75,1.50
2018.02.07 11:27:02.487,0.87155,0.87164,1.00,1.50
2018.02.07 11:27:04.069,0.87155,0.87165,1.00,5.25
2018.02.07 11:27:04.122,0.87154,0.87162,1.00,1.37
2018.02.07 11:27:04.421,0.8715,0.87159,2.25,1.00
2018.02.07 11:27:04.575,0.8715,0.87159,1.00,3.00
2018.02.07 11:27:05.055,0.8715,0.87159,1.00,1.50
2018.02.07 11:27:05.569,0.8715,0.87159,1.00,1.87
2018.02.07 11:27:08.592,0.87151,0.87159,1.00,1.12
2018.02.07 11:27:08.645,0.87153,0.8716,1.00,1.00
2018.02.07 11:27:08.697,0.87153,0.87163,1.00,2.25
2018.02.07 11:27:09.601,0.87153,0.87163,1.00,1.50
2018.02.07 11:27:10.358,0.87153,0.87163,1.00,1.50
2018.02.07 11:27:12.745,0.87153,0.87163,1.12,1.37
2018.02.07 11:27:15.536,0.87153,0.87163,1.50,1.50
2018.02.07 11:27:16.474,0.87153,0.87163,3.00,1.12
2018.02.07 11:27:16.992,0.87156,0.87165,1.50,1.37
2018.02.07 11:27:17.545,0.87156,0.87164,1.12,1.12
2018.02.07 11:27:18.328,0.87155,0.87166,1.50,3.00
2018.02.07 11:27:18.813,0.87158,0.87167,1.00,1.00
2018.02.07 11:27:18.968,0.87159,0.87169,2.62,1.50
2018.02.07 11:27:19.471,0.8716,0.87168,1.12,1.00
2018.02.07 11:27:20.412,0.87158,0.87166,1.50,1.12
2018.02.07 11:27:20.516,0.87155,0.87166,1.87,2.25
2018.02.07 11:27:21.073,0.87156,0.87164,1.00,1.00
2018.02.07 11:27:24.593,0.87156,0.87165,1.00,1.12
2018.02.07 11:27:24.697,0.87158,0.87166,1.00,2.62
2018.02.07 11:27:25.719,0.87156,0.87167,4.50,1.87
2018.02.07 11:27:25.822,0.87156,0.87165,1.50,1.00
2018.02.07 11:27:26.382,0.87157,0.87165,1.00,1.12
2018.02.07 11:27:26.988,0.87155,0.87165,1.37,1.00
2018.02.07 11:27:29.849,0.87154,0.87161,2.62,1.12
2018.02.07 11:27:29.902,0.87153,0.87161,1.00,1.12
2018.02.07 11:27:30.436,0.87152,0.87161,1.50,1.12
2018.02.07 11:27:31.040,0.87152,0.8716,1.50,1.00
2018.02.07 11:27:31.703,0.87152,0.87162,1.00,1.50
2018.02.07 11:27:34.217,0.87152,0.87162,1.00,1.50
2018.02.07 11:27:37.641,0.87152,0.87161,2.25,1.00
2018.02.07 11:27:40.416,0.87154,0.87164,1.00,3.37
2018.02.07 11:27:40.674,0.87157,0.87165,1.12,1.37
2018.02.07 11:27:41.191,0.87158,0.87167,1.12,1.50
2018.02.07 11:27:41.457,0.87157,0.87167,2.25,1.00
2018.02.07 11:27:41.986,0.87157,0.87167,2.25,1.00
2018.02.07 11:27:45.895,0.87158,0.87168,1.50,2.25
2018.02.07 11:27:46.528,0.87159,0.87169,1.37,2.62
2018.02.07 11:27:47.111,0.87158,0.87169,1.87,1.50
2018.02.07 11:27:48.330,0.8716,0.87169,1.00,1.12
2018.02.07 11:27:49.091,0.87159,0.87169,2.25,1.00
2018.02.07 11:27:49.992,0.87159,0.8717,1.87,4.50
2018.02.07 11:27:51.318,0.87159,0.87169,2.25,1.00
2018.02.07 11:27:54.914,0.87161,0.8717,1.00,1.87
2018.02.07 11:27:55.065,0.8716,0.8717,1.50,1.50
2018.02.07 11:27:55.570,0.8716,0.8717,2.25,1.50
2018.02.07 11:27:56.630,0.87161,0.87172,1.50,2.62
2018.02.07 11:27:57.255,0.87161,0.87172,1.87,2.25
2018.02.07 11:27:58.250,0.87161,0.87172,3.75,1.37
2018.02.07 11:27:58.522,0.87162,0.87173,1.50,2.62
2018.02.07 11:27:59.302,0.87163,0.87173,3.37,1.00
2018.02.07 11:27:59.840,0.87165,0.87174,1.00,2.62
2018.02.07 11:28:00.331,0.87165,0.87174,2.62,2.25
2018.02.07 11:28:00.486,0.87164,0.87174,3.37,1.50
2018.02.07 11:28:01.046,0.87167,0.87175,1.12,1.00
2018.02.07 11:28:01.611,0.87167,0.87176,1.87,1.50
2018.02.07 11:28:03.969,0.87167,0.87177,1.12,1.12
2018.02.07 11:28:06.435,0.87167,0.87176,1.12,1.50
2018.02.07 11:28:06.941,0.87167,0.87175,1.00,2.25
2018.02.07 11:28:07.464,0.87165,0.87175,3.00,2.25
2018.02.07 11:28:09.335,0.87163,0.87173,2.25,1.12
2018.02.07 11:28:09.927,0.87164,0.87174,1.12,1.50
2018.02.07 11:28:11.342,0.87163,0.87169,1.00,1.00
2018.02.07 11:28:11.446,0.8716,0.87168,1.00,1.00
2018.02.07 11:28:12.076,0.87161,0.87169,1.50,1.00
2018.02.07 11:28:12.178,0.87162,0.8717,3.75,1.00
2018.02.07 11:28:12.280,0.87162,0.87171,1.12,1.50
2018.02.07 11:28:12.795,0.87162,0.87172,2.25,1.12
2018.02.07 11:28:13.500,0.87162,0.87172,1.00,1.50
2018.02.07 11:28:14.113,0.87162,0.87168,1.00,1.00
2018.02.07 11:28:14.322,0.87153,0.87163,1.12,1.50
2018.02.07 11:28:15.413,0.87153,0.87164,1.87,2.25
2018.02.07 11:28:16.043,0.87153,0.87164,1.87,4.12
2018.02.07 11:28:18.403,0.87155,0.87165,1.37,2.62
2018.02.07 11:28:18.693,0.87154,0.87165,3.00,2.25
2018.02.07 11:28:19.345,0.87155,0.87165,1.00,2.25
2018.02.07 11:28:19.895,0.87156,0.87166,1.87,1.50
2018.02.07 11:28:20.619,0.87158,0.87166,1.00,2.25
2018.02.07 11:28:20.784,0.87157,0.87168,1.12,3.75
2018.02.07 11:28:22.597,0.87157,0.87167,1.87,1.50
2018.02.07 11:28:23.178,0.87157,0.87167,1.50,1.12
2018.02.07 11:28:25.439,0.87156,0.87165,1.00,2.25
2018.02.07 11:28:25.950,0.87155,0.87165,1.00,6.00
2018.02.07 11:28:26.853,0.87154,0.87164,1.00,1.50
2018.02.07 11:28:27.441,0.87154,0.87163,1.00,1.50
2018.02.07 11:28:27.981,0.87153,0.87162,1.87,1.00
2018.02.07 11:28:29.298,0.87152,0.87162,1.50,1.00
2018.02.07 11:28:29.908,0.87152,0.87163,1.50,5.25
2018.02.07 11:28:30.263,0.87151,0.8716,1.00,1.50
2018.02.07 11:28:30.941,0.8715,0.8716,1.50,3.00
2018.02.07 11:28:36.539,0.8715,0.8716,1.12,4.50
2018.02.07 11:28:37.107,0.87149,0.87159,2.25,1.87
2018.02.07 11:28:37.454,0.87145,0.87155,1.50,4.50
2018.02.07 11:28:41.173,0.87146,0.87155,1.00,4.12
2018.02.07 11:28:41.224,0.87147,0.87155,1.00,1.12
2018.02.07 11:28:41.377,0.87149,0.87156,1.00,1.00
2018.02.07 11:28:41.428,0.87147,0.87157,1.00,3.75
2018.02.07 11:28:41.985,0.87148,0.87157,1.00,2.62
2018.02.07 11:28:42.890,0.87147,0.87157,1.50,6.00
2018.02.07 11:28:42.942,0.87145,0.87155,2.25,1.87
2018.02.07 11:28:42.994,0.87145,0.87155,2.25,3.37
2018.02.07 11:28:43.543,0.87147,0.87155,1.00,3.75
2018.02.07 11:28:44.103,0.87145,0.87155,1.87,3.75
2018.02.07 11:28:44.692,0.87145,0.87155,1.12,4.50
2018.02.07 11:28:45.198,0.87144,0.87155,2.25,5.25
2018.02.07 11:28:46.266,0.87145,0.87154,1.00,2.62
2018.02.07 11:28:48.646,0.87147,0.87154,1.00,1.00
2018.02.07 11:28:48.699,0.87146,0.87157,2.62,1.50
2018.02.07 11:28:48.751,0.87146,0.87156,1.87,3.37
2018.02.07 11:28:49.063,0.87147,0.87156,1.00,1.00
2018.02.07 11:28:49.628,0.87148,0.87156,1.00,1.50
2018.02.07 11:28:50.224,0.87147,0.87156,1.50,1.00
2018.02.07 11:28:50.820,0.87147,0.87156,1.87,1.00
2018.02.07 11:28:51.108,0.87151,0.87158,1.00,1.12
2018.02.07 11:28:51.160,0.87149,0.8716,1.12,4.12
2018.02.07 11:28:51.211,0.87149,0.8716,1.50,2.62
2018.02.07 11:28:51.263,0.87149,0.87159,1.87,2.25
2018.02.07 11:28:51.826,0.87149,0.87157,1.00,1.00
2018.02.07 11:28:52.293,0.87149,0.87157,1.00,2.62
2018.02.07 11:28:52.877,0.87149,0.87157,1.00,1.00
2018.02.07 11:28:52.929,0.87146,0.87156,1.12,1.50
2018.02.07 11:28:53.476,0.87145,0.87154,1.12,1.00
2018.02.07 11:28:53.784,0.87147,0.87157,1.00,4.87
2018.02.07 11:28:54.974,0.87147,0.87157,2.25,4.87
2018.02.07 11:28:56.237,0.87147,0.87157,1.87,4.12
2018.02.07 11:28:57.790,0.87147,0.87157,2.25,2.62
2018.02.07 11:28:58.423,0.87147,0.87157,2.62,2.62
2018.02.07 11:28:58.940,0.87149,0.87157,1.00,2.25
2018.02.07 11:29:00.726,0.87147,0.87155,1.12,1.00
2018.02.07 11:29:01.488,0.87146,0.87155,1.00,1.00
2018.02.07 11:29:01.995,0.87146,0.87156,1.00,2.25
2018.02.07 11:29:02.818,0.87146,0.87156,2.62,1.00
2018.02.07 11:29:03.065,0.87148,0.87159,1.50,4.12
2018.02.07 11:29:03.797,0.87149,0.87159,1.00,4.12
2018.02.07 11:29:09.009,0.87149,0.87157,1.00,1.00
2018.02.07 11:29:10.156,0.87146,0.87155,1.12,1.87
2018.02.07 11:29:10.790,0.87145,0.87155,2.62,2.25
2018.02.07 11:29:10.843,0.87146,0.87155,1.50,1.00
2018.02.07 11:29:11.101,0.87148,0.87157,1.00,1.00
2018.02.07 11:29:11.782,0.87149,0.87157,1.12,1.00
2018.02.07 11:29:12.198,0.87151,0.8716,1.00,1.50
2018.02.07 11:29:12.771,0.87152,0.87162,1.12,2.62
2018.02.07 11:29:13.389,0.87152,0.87163,1.12,4.12
2018.02.07 11:29:13.914,0.87152,0.87163,1.37,3.00
2018.02.07 11:29:18.030,0.87151,0.8716,1.00,1.12
2018.02.07 11:29:18.134,0.87149,0.87159,2.62,2.25
2018.02.07 11:29:19.289,0.87151,0.8716,1.00,1.12
2018.02.07 11:29:19.672,0.87149,0.8716,3.00,2.62
2018.02.07 11:29:20.633,0.87149,0.8716,3.00,2.25
2018.02.07 11:29:24.307,0.8715,0.87159,1.00,1.00
2018.02.07 11:29:25.255,0.8715,0.87159,2.25,1.12
2018.02.07 11:29:28.044,0.8715,0.87157,1.50,1.00
2018.02.07 11:29:28.573,0.87148,0.87157,1.00,1.00
2018.02.07 11:29:31.371,0.87152,0.87159,1.00,2.62
2018.02.07 11:29:31.423,0.87153,0.87162,3.37,1.87
2018.02.07 11:29:31.526,0.87155,0.87165,1.87,1.12
2018.02.07 11:29:31.578,0.87158,0.87166,1.00,1.50
2018.02.07 11:29:31.629,0.87158,0.87167,1.12,1.12
2018.02.07 11:29:32.109,0.87157,0.87165,1.00,1.87
2018.02.07 11:29:32.436,0.87154,0.87163,1.00,1.37
2018.02.07 11:29:33.146,0.87154,0.87163,1.00,1.12
2018.02.07 11:29:33.734,0.87154,0.87164,1.00,2.62
2018.02.07 11:29:35.637,0.87157,0.87166,1.12,2.25
2018.02.07 11:29:35.740,0.87157,0.87166,1.00,2.25
2018.02.07 11:29:37.077,0.87156,0.87165,1.00,1.00
2018.02.07 11:29:37.129,0.87156,0.87164,1.00,1.87
2018.02.07 11:29:37.232,0.87154,0.87164,1.12,1.50
2018.02.07 11:29:37.948,0.87154,0.87163,1.37,1.00
2018.02.07 11:29:38.394,0.87153,0.87164,1.87,3.00
2018.02.07 11:29:38.898,0.87154,0.87164,1.00,2.25
2018.02.07 11:29:41.201,0.87154,0.87163,1.12,1.12
2018.02.07 11:29:42.264,0.87154,0.87162,1.00,1.00
2018.02.07 11:29:42.784,0.87154,0.87163,1.00,1.00
2018.02.07 11:29:43.755,0.87154,0.87164,1.00,3.00
2018.02.07 11:29:44.160,0.87152,0.87162,1.87,1.87
2018.02.07 11:29:44.484,0.87145,0.87155,1.50,2.25
2018.02.07 11:29:44.989,0.87146,0.87155,1.00,1.87
2018.02.07 11:29:51.185,0.87145,0.87155,1.00,3.00
2018.02.07 11:29:51.694,0.87146,0.87154,1.00,1.00
2018.02.07 11:29:52.356,0.87146,0.87155,1.00,1.12
2018.02.07 11:29:53.317,0.87146,0.87155,1.00,1.37
2018.02.07 11:29:54.085,0.87145,0.87155,2.25,1.37
2018.02.07 11:29:58.482,0.87143,0.87154,3.00,2.25
2018.02.07 11:29:58.637,0.87142,0.87152,3.37,1.50
2018.02.07 11:29:59.214,0.87144,0.87153,1.00,1.87
2018.02.07 11:30:02.919,0.87142,0.87153,3.37,1.87
2018.02.07 11:30:03.523,0.87142,0.87153,3.37,1.87
2018.02.07 11:30:05.358,0.87144,0.87153,1.00,1.12
2018.02.07 11:30:05.896,0.87143,0.87154,1.87,2.62
2018.02.07 11:30:06.477,0.87144,0.87154,2.25,1.87
2018.02.07 11:30:06.829,0.87144,0.87149,1.00,1.00
2018.02.07 11:30:06.934,0.8714,0.8715,2.25,1.12
2018.02.07 11:30:07.479,0.87142,0.87151,1.00,1.37
2018.02.07 11:30:08.047,0.8714,0.87151,2.25,1.37
2018.02.07 11:30:08.343,0.87143,0.87152,1.12,1.12
2018.02.07 11:30:08.655,0.87145,0.87154,1.00,1.12
2018.02.07 11:30:09.241,0.87143,0.87154,5.25,1.12
2018.02.07 11:30:09.773,0.87144,0.87155,2.25,1.87
2018.02.07 11:30:10.736,0.87143,0.87154,4.50,3.37
2018.02.07 11:30:10.787,0.87143,0.87154,6.00,1.12
2018.02.07 11:30:11.301,0.87144,0.87154,1.12,2.62
2018.02.07 11:30:11.819,0.87144,0.87153,1.12,1.00
2018.02.07 11:30:14.626,0.87144,0.87151,1.00,1.12
2018.02.07 11:30:14.679,0.87142,0.87151,1.00,1.50
2018.02.07 11:30:14.834,0.8714,0.8715,1.00,1.50
2018.02.07 11:30:15.644,0.8714,0.8715,1.50,1.87
2018.02.07 11:30:16.175,0.87138,0.87149,2.25,1.87
2018.02.07 11:30:16.690,0.87139,0.87149,1.00,2.62
2018.02.07 11:30:20.091,0.87137,0.87146,2.62,1.00
2018.02.07 11:30:20.603,0.87138,0.87146,1.00,1.00
2018.02.07 11:30:22.564,0.87138,0.87148,1.12,1.00
2018.02.07 11:30:22.670,0.8714,0.87149,2.25,1.12
2018.02.07 11:30:22.980,0.87143,0.87151,1.12,1.87
2018.02.07 11:30:23.185,0.87141,0.87152,2.25,2.62
2018.02.07 11:30:23.783,0.87143,0.87152,1.12,1.12
2018.02.07 11:30:24.296,0.87143,0.87154,1.50,2.62
2018.02.07 11:30:28.269,0.87143,0.87153,1.12,1.00
2018.02.07 11:30:28.653,0.87142,0.87151,1.00,1.37
2018.02.07 11:30:29.192,0.8714,0.87149,1.50,1.00
2018.02.07 11:30:29.815,0.8714,0.87149,1.12,1.00
2018.02.07 11:30:31.312,0.87139,0.87149,1.12,1.12
2018.02.07 11:30:31.820,0.87139,0.87149,1.37,1.50
2018.02.07 11:30:32.473,0.87139,0.87149,1.00,1.50
2018.02.07 11:30:35.851,0.87139,0.87148,1.37,1.00
2018.02.07 11:30:37.655,0.87139,0.87149,1.37,3.00
2018.02.07 11:30:37.868,0.87138,0.87147,1.00,1.12
2018.02.07 11:30:38.187,0.87142,0.8715,1.12,1.00
2018.02.07 11:30:38.493,0.87139,0.87149,1.12,1.50
2018.02.07 11:30:39.015,0.87139,0.87149,1.12,1.87
2018.02.07 11:30:39.720,0.87139,0.87149,1.12,1.87
2018.02.07 11:30:40.050,0.8714,0.87148,2.25,1.00
2018.02.07 11:30:40.387,0.87142,0.8715,2.62,1.12
2018.02.07 11:30:41.432,0.87142,0.87149,2.62,1.00
2018.02.07 11:30:42.021,0.87141,0.87151,3.37,1.50
2018.02.07 11:30:44.146,0.87144,0.8715,1.00,1.00
2018.02.07 11:30:45.165,0.87141,0.8715,2.62,1.12
2018.02.07 11:30:46.035,0.87142,0.8715,2.62,1.12
2018.02.07 11:30:46.781,0.87142,0.87151,2.62,1.12
2018.02.07 11:30:49.786,0.87142,0.87152,3.37,1.87
2018.02.07 11:30:50.341,0.87144,0.87153,2.62,1.87
2018.02.07 11:30:50.936,0.87144,0.87153,2.62,1.87
2018.02.07 11:30:52.575,0.87144,0.87154,3.37,1.87
2018.02.07 11:30:53.661,0.87145,0.87155,2.62,1.37
2018.02.07 11:30:56.956,0.87146,0.87156,4.12,1.87
2018.02.07 11:30:57.948,0.87147,0.87156,2.62,1.87
2018.02.07 11:30:58.585,0.87147,0.87156,2.62,1.37
2018.02.07 11:30:58.689,0.87149,0.87157,3.37,1.37
2018.02.07 11:30:59.838,0.87151,0.87158,1.00,1.50
2018.02.07 11:31:00.422,0.8715,0.87159,2.62,1.87
2018.02.07 11:31:00.957,0.8715,0.8716,3.37,1.87
2018.02.07 11:31:01.120,0.8715,0.8716,1.37,1.87
2018.02.07 11:31:01.686,0.8715,0.8716,1.87,2.62
2018.02.07 11:31:02.498,0.87152,0.87161,1.12,1.00
2018.02.07 11:31:02.675,0.87152,0.87161,2.62,1.12
2018.02.07 11:31:03.231,0.87152,0.87161,2.62,1.87
2018.02.07 11:31:03.895,0.87152,0.8716,2.25,1.00
2018.02.07 11:31:04.403,0.87152,0.87161,1.50,1.12
2018.02.07 11:31:04.562,0.87152,0.87163,3.37,2.62
2018.02.07 11:31:04.717,0.87154,0.87163,2.62,1.12
2018.02.07 11:31:05.040,0.87152,0.8716,4.12,1.12
2018.02.07 11:31:05.145,0.8715,0.8716,4.50,1.87
2018.02.07 11:31:05.802,0.8715,0.87159,4.50,1.00
2018.02.07 11:31:06.305,0.8715,0.87158,1.50,1.00
2018.02.07 11:31:06.845,0.8715,0.8716,3.37,2.62
2018.02.07 11:31:08.113,0.87152,0.87161,4.12,1.12
2018.02.07 11:31:08.422,0.87154,0.87159,1.00,1.00
2018.02.07 11:31:08.474,0.8715,0.87158,4.12,1.12
2018.02.07 11:31:08.578,0.87149,0.87157,1.50,1.00
2018.02.07 11:31:10.031,0.87151,0.87159,2.62,1.12
2018.02.07 11:31:10.376,0.87155,0.87162,1.00,1.12
2018.02.07 11:31:12.227,0.87155,0.87162,2.62,1.00
2018.02.07 11:31:12.547,0.87156,0.87164,1.12,1.12
2018.02.07 11:31:12.599,0.87158,0.87164,1.00,1.00
2018.02.07 11:31:12.651,0.87158,0.87166,1.00,1.00
2018.02.07 11:31:12.702,0.8716,0.87168,1.00,3.37
2018.02.07 11:31:13.237,0.87158,0.87168,3.37,1.37
2018.02.07 11:31:13.762,0.87159,0.87168,1.75,1.12
2018.02.07 11:31:14.079,0.87161,0.8717,1.00,1.87
2018.02.07 11:31:14.184,0.87161,0.8717,3.37,1.00
2018.02.07 11:31:14.676,0.87165,0.87173,2.62,1.00
2018.02.07 11:31:15.216,0.87165,0.87174,2.62,1.12
2018.02.07 11:31:15.427,0.87168,0.87176,1.00,1.00
2018.02.07 11:31:15.479,0.8717,0.87176,1.00,1.00
2018.02.07 11:31:15.810,0.87171,0.87177,2.25,1.87
2018.02.07 11:31:15.914,0.87169,0.87178,3.37,1.00
2018.02.07 11:31:16.490,0.8717,0.87179,2.62,1.00
2018.02.07 11:31:17.387,0.87172,0.8718,1.00,1.50
2018.02.07 11:31:17.439,0.87174,0.87181,1.75,1.00
2018.02.07 11:31:17.490,0.87174,0.87184,2.62,1.50
2018.02.07 11:31:17.658,0.87178,0.87185,1.50,1.87
2018.02.07 11:31:18.327,0.87178,0.87186,1.50,1.87
2018.02.07 11:31:18.831,0.87177,0.87186,1.75,1.87
2018.02.07 11:31:19.337,0.87177,0.87187,1.87,1.87
2018.02.07 11:31:19.843,0.87178,0.87187,1.75,1.87
2018.02.07 11:31:20.932,0.87179,0.87188,2.25,1.00
2018.02.07 11:31:21.438,0.8718,0.87189,2.25,1.00
2018.02.07 11:31:22.105,0.8718,0.87189,4.50,1.12
2018.02.07 11:31:22.466,0.87181,0.87187,1.12,1.00
2018.02.07 11:31:23.059,0.8718,0.87188,1.50,1.12
2018.02.07 11:31:23.376,0.8718,0.87186,1.50,1.00
2018.02.07 11:31:23.726,0.87178,0.87186,1.50,1.87
2018.02.07 11:31:24.352,0.87178,0.87186,1.50,1.12
2018.02.07 11:31:25.091,0.87176,0.87186,4.50,1.00
2018.02.07 11:31:25.410,0.87178,0.87186,2.62,1.00
2018.02.07 11:31:25.566,0.87179,0.87189,3.75,1.12
2018.02.07 11:31:25.619,0.8718,0.8719,2.62,2.25
2018.02.07 11:31:25.876,0.87178,0.87187,2.62,1.12
2018.02.07 11:31:26.275,0.87182,0.8719,1.50,1.37
2018.02.07 11:31:26.378,0.87182,0.8719,1.12,1.37
2018.02.07 11:31:26.901,0.87182,0.87191,1.75,1.12
2018.02.07 11:31:27.948,0.87182,0.87192,1.75,2.62
2018.02.07 11:31:28.492,0.87181,0.8719,3.37,1.00
2018.02.07 11:31:28.544,0.87181,0.8719,1.50,1.50
2018.02.07 11:31:28.906,0.87181,0.87188,1.50,1.00
2018.02.07 11:31:29.417,0.87179,0.87189,1.75,2.62
2018.02.07 11:31:29.955,0.8718,0.87189,1.37,1.87
2018.02.07 11:31:30.460,0.8718,0.8719,1.87,2.25
2018.02.07 11:31:30.786,0.8718,0.8719,3.00,1.37
2018.02.07 11:31:31.306,0.8718,0.8719,2.62,1.12
2018.02.07 11:31:31.812,0.87181,0.8719,2.25,1.12
2018.02.07 11:31:32.587,0.87183,0.8719,1.37,1.00
2018.02.07 11:31:32.639,0.87183,0.87192,1.87,1.12
2018.02.07 11:31:32.691,0.87183,0.87192,1.87,1.12
2018.02.07 11:31:32.794,0.87182,0.87191,2.25,1.00
2018.02.07 11:31:36.110,0.8718,0.87191,6.37,1.12
2018.02.07 11:31:36.624,0.87182,0.8719,1.50,1.50
2018.02.07 11:31:37.289,0.8718,0.8719,2.25,1.87
2018.02.07 11:31:38.405,0.8718,0.8719,4.12,1.12
2018.02.07 11:31:39.833,0.87181,0.87191,2.62,1.12
2018.02.07 11:31:39.885,0.87182,0.87191,1.75,1.50
2018.02.07 11:31:40.456,0.8718,0.87189,6.37,1.12
2018.02.07 11:31:41.391,0.8718,0.87191,6.75,1.37
2018.02.07 11:31:41.979,0.87182,0.87191,2.62,1.37
2018.02.07 11:31:42.583,0.87182,0.87191,2.62,1.37
2018.02.07 11:31:43.488,0.87182,0.87191,2.62,1.37
2018.02.07 11:31:44.609,0.87181,0.87191,2.62,2.62
2018.02.07 11:31:45.000,0.8718,0.8719,3.00,1.37
2018.02.07 11:31:46.825,0.8718,0.8719,4.12,1.37
2018.02.07 11:31:50.336,0.8718,0.87191,4.87,1.82
2018.02.07 11:31:51.367,0.87182,0.87192,1.50,1.50
2018.02.07 11:31:51.421,0.87184,0.87193,2.25,1.00
2018.02.07 11:31:51.681,0.87186,0.87196,1.50,2.62
2018.02.07 11:31:51.835,0.87186,0.87196,3.37,1.12
2018.02.07 11:31:52.209,0.87188,0.87198,2.62,1.87
2018.02.07 11:31:53.190,0.87188,0.87198,2.62,1.12
2018.02.07 11:31:53.495,0.87191,0.87199,3.37,1.12
2018.02.07 11:31:54.030,0.87191,0.872,1.50,1.37
2018.02.07 11:31:54.668,0.8719,0.87199,1.75,1.37
2018.02.07 11:31:55.220,0.8719,0.87199,3.37,1.87
2018.02.07 11:31:55.839,0.87192,0.87199,1.75,1.37
2018.02.07 11:31:55.993,0.87193,0.87201,1.75,1.37
2018.02.07 11:31:56.265,0.87193,0.87202,1.75,1.87
2018.02.07 11:31:58.181,0.87196,0.87203,1.00,1.12
2018.02.07 11:31:58.233,0.87196,0.87206,1.87,1.50
2018.02.07 11:31:58.285,0.87203,0.87208,1.50,1.50
2018.02.07 11:31:58.439,0.87209,0.87216,1.87,1.00
2018.02.07 11:31:58.492,0.87211,0.87217,3.37,1.00
2018.02.07 11:31:58.651,0.87215,0.87222,2.62,1.00
2018.02.07 11:31:58.754,0.87215,0.87226,1.12,1.00
2018.02.07 11:31:58.806,0.87215,0.87226,2.62,1.00
2018.02.07 11:31:59.122,0.87212,0.87223,1.75,2.25
2018.02.07 11:31:59.425,0.87215,0.87224,1.75,1.00
2018.02.07 11:31:59.856,0.87213,0.87223,1.37,1.00
2018.02.07 11:32:00.389,0.87212,0.87222,1.50,1.00
2018.02.07 11:32:00.711,0.87211,0.87222,1.50,2.25
2018.02.07 11:32:00.762,0.87211,0.87222,1.50,3.00
2018.02.07 11:32:00.881,0.87213,0.87222,1.00,1.00
2018.02.07 11:32:00.932,0.87213,0.87223,1.50,4.12
2018.02.07 11:32:00.985,0.87213,0.87223,1.50,2.25
2018.02.07 11:32:01.240,0.87211,0.87221,1.50,2.25
2018.02.07 11:32:01.657,0.87209,0.87218,1.37,1.00
2018.02.07 11:32:02.199,0.87209,0.87218,1.12,1.12
2018.02.07 11:32:02.861,0.87208,0.87218,1.75,1.12
2018.02.07 11:32:03.362,0.87208,0.87218,3.37,1.12
2018.02.07 11:32:04.125,0.87211,0.87218,1.50,1.12
2018.02.07 11:32:04.176,0.87211,0.87221,1.37,1.37
2018.02.07 11:32:04.690,0.87211,0.87222,2.62,2.25
2018.02.07 11:32:05.098,0.8721,0.87218,2.25,1.00
2018.02.07 11:32:05.807,0.87208,0.87218,2.25,1.37
2018.02.07 11:32:06.514,0.87209,0.87219,3.37,2.25
2018.02.07 11:32:06.839,0.87214,0.87219,1.00,1.00
2018.02.07 11:32:07.174,0.87212,0.87221,1.75,1.12
2018.02.07 11:32:07.800,0.87212,0.8722,1.75,1.00
2018.02.07 11:32:07.852,0.87212,0.8722,1.50,1.12
2018.02.07 11:32:08.377,0.8721,0.8722,1.75,1.37
2018.02.07 11:32:08.731,0.87212,0.87222,2.25,1.12
2018.02.07 11:32:09.133,0.87212,0.87222,4.12,1.12
2018.02.07 11:32:11.354,0.87214,0.87223,1.75,1.12
2018.02.07 11:32:12.019,0.87214,0.87223,1.75,1.37
2018.02.07 11:32:12.224,0.87214,0.87225,7.87,1.87
2018.02.07 11:32:12.691,0.87216,0.87225,1.75,1.37
2018.02.07 11:32:13.003,0.87217,0.87225,1.50,1.37
2018.02.07 11:32:13.720,0.87217,0.87224,1.50,1.00
2018.02.07 11:32:14.743,0.87223,0.87229,2.62,1.37
2018.02.07 11:32:14.795,0.87223,0.87231,2.62,1.00
2018.02.07 11:32:14.932,0.87223,0.87233,2.62,1.87
2018.02.07 11:32:14.987,0.87224,0.87231,1.00,1.12
2018.02.07 11:32:15.515,0.87223,0.8723,1.12,1.12
2018.02.07 11:32:15.878,0.87222,0.87228,1.00,1.37
2018.02.07 11:32:16.797,0.87222,0.87228,1.00,1.12
2018.02.07 11:32:17.778,0.87222,0.87229,1.00,1.12
2018.02.07 11:32:18.167,0.87221,0.87227,1.00,1.00
2018.02.07 11:32:18.272,0.87217,0.87226,1.87,1.12
2018.02.07 11:32:19.453,0.87216,0.87225,2.25,1.12
2018.02.07 11:32:19.960,0.87216,0.87225,1.50,1.12
2018.02.07 11:32:20.622,0.87215,0.87224,1.75,1.00
2018.02.07 11:32:21.125,0.87215,0.87224,3.37,1.00
2018.02.07 11:32:21.283,0.87215,0.8722,2.25,1.00
2018.02.07 11:32:21.459,0.87213,0.8722,1.87,1.12
2018.02.07 11:32:21.511,0.87209,0.87219,4.12,1.00
2018.02.07 11:32:22.380,0.87209,0.87219,2.25,1.50
2018.02.07 11:32:22.900,0.8721,0.87219,1.00,1.37
2018.02.07 11:32:23.495,0.8721,0.8722,2.25,1.87
2018.02.07 11:32:23.752,0.87212,0.87222,1.50,3.00
2018.02.07 11:32:24.061,0.87215,0.87225,1.75,2.25
2018.02.07 11:32:24.438,0.87217,0.87225,1.37,1.12
2018.02.07 11:32:25.132,0.87218,0.87227,1.50,2.25
2018.02.07 11:32:25.788,0.87218,0.87227,1.50,1.12
2018.02.07 11:32:25.993,0.87218,0.87227,1.12,1.50
2018.02.07 11:32:26.940,0.87218,0.87227,1.37,1.50
2018.02.07 11:32:27.519,0.87216,0.87227,4.87,1.50
2018.02.07 11:32:28.079,0.87217,0.87227,1.50,1.50
2018.02.07 11:32:29.015,0.8722,0.87227,1.00,1.00
2018.02.07 11:32:29.340,0.87221,0.87229,1.75,1.00
2018.02.07 11:32:29.648,0.87221,0.87231,1.75,1.12
2018.02.07 11:32:30.010,0.87222,0.87231,3.37,1.00
2018.02.07 11:32:31.013,0.87223,0.87231,1.50,1.12
2018.02.07 11:32:31.328,0.8722,0.87226,1.00,1.50
2018.02.07 11:32:32.286,0.8722,0.87227,1.00,1.87
2018.02.07 11:32:32.796,0.8722,0.87226,1.00,1.00
2018.02.07 11:32:33.394,0.87218,0.87222,1.00,1.00
2018.02.07 11:32:33.557,0.87214,0.87222,1.75,1.00
2018.02.07 11:32:33.867,0.87217,0.87226,1.50,2.25
2018.02.07 11:32:34.494,0.87216,0.87227,4.87,1.75
2018.02.07 11:32:34.597,0.87215,0.87225,3.75,1.50
2018.02.07 11:32:35.110,0.87215,0.87225,4.87,1.50
2018.02.07 11:32:35.678,0.87217,0.87226,1.50,1.37
2018.02.07 11:32:36.123,0.87217,0.87228,4.12,2.62
2018.02.07 11:32:36.175,0.87221,0.87227,1.00,1.12
2018.02.07 11:32:37.283,0.87221,0.87228,1.50,1.12
2018.02.07 11:32:37.817,0.87221,0.87229,1.75,1.37
2018.02.07 11:32:37.994,0.87223,0.87231,1.50,1.87
2018.02.07 11:32:39.366,0.87224,0.87231,2.62,1.00
2018.02.07 11:32:39.418,0.87224,0.87233,3.75,1.12
2018.02.07 11:32:40.106,0.87224,0.87232,3.37,1.00
2018.02.07 11:32:40.621,0.87224,0.8723,1.12,1.00
2018.02.07 11:32:41.448,0.87222,0.87231,3.37,1.50
2018.02.07 11:32:41.893,0.87222,0.87232,3.37,1.87
2018.02.07 11:32:42.436,0.87222,0.87231,1.75,1.12
2018.02.07 11:32:43.625,0.87222,0.87232,1.75,2.62
2018.02.07 11:32:43.805,0.87224,0.87232,1.00,3.37
2018.02.07 11:32:43.908,0.87227,0.87232,1.00,1.12
2018.02.07 11:32:44.424,0.87227,0.87234,1.50,1.12
2018.02.07 11:32:44.476,0.87227,0.87236,4.12,1.12
2018.02.07 11:32:45.006,0.87227,0.87237,6.37,1.50
2018.02.07 11:32:45.553,0.87229,0.87238,1.87,1.00
2018.02.07 11:32:48.346,0.87231,0.8724,1.50,1.50
2018.02.07 11:32:48.551,0.87231,0.87242,3.00,1.00
2018.02.07 11:32:48.603,0.87233,0.87242,1.75,1.50
2018.02.07 11:32:48.811,0.87235,0.87245,2.62,1.00
2018.02.07 11:32:49.338,0.87236,0.87245,1.75,1.00
2018.02.07 11:32:49.870,0.87237,0.87246,1.12,1.00
2018.02.07 11:32:50.391,0.87237,0.87247,1.12,1.12
2018.02.07 11:32:52.896,0.87237,0.87245,1.75,1.00
2018.02.07 11:32:53.155,0.87238,0.87247,1.75,1.00
2018.02.07 11:32:53.413,0.87237,0.87245,1.50,1.00
2018.02.07 11:32:53.922,0.87235,0.87245,1.75,1.00
2018.02.07 11:32:54.792,0.87235,0.87245,4.50,1.00
2018.02.07 11:32:54.997,0.87239,0.87247,1.50,1.00
2018.02.07 11:32:55.513,0.8724,0.87248,1.00,1.12
2018.02.07 11:32:56.047,0.87239,0.87248,1.87,1.12
2018.02.07 11:32:56.591,0.87239,0.87249,1.50,1.50
2018.02.07 11:32:59.816,0.87239,0.87244,1.12,1.00
2018.02.07 11:32:59.951,0.87235,0.87244,2.25,1.00
2018.02.07 11:33:00.487,0.87235,0.87243,2.25,1.00
2018.02.07 11:33:01.044,0.87235,0.87244,1.75,1.00
2018.02.07 11:33:01.941,0.87236,0.87243,2.62,1.00
2018.02.07 11:33:01.992,0.87237,0.87248,1.87,2.25
2018.02.07 11:33:02.614,0.87238,0.87248,1.75,1.00
2018.02.07 11:33:05.109,0.87238,0.87245,1.50,1.12
2018.02.07 11:33:05.212,0.87235,0.87243,1.50,1.00
2018.02.07 11:33:06.286,0.87237,0.87243,1.00,1.00
2018.02.07 11:33:06.832,0.87237,0.87244,1.00,1.00
2018.02.07 11:33:07.417,0.87237,0.87245,1.00,1.12
2018.02.07 11:33:08.524,0.87236,0.87245,1.00,1.50
2018.02.07 11:33:09.107,0.87236,0.87244,1.00,1.00
2018.02.07 11:33:09.908,0.87236,0.87243,1.00,1.00
2018.02.07 11:33:11.351,0.87235,0.87245,1.87,1.00
2018.02.07 11:33:11.455,0.87236,0.87246,1.75,1.87
2018.02.07 11:33:12.015,0.87239,0.87247,1.50,1.87
2018.02.07 11:33:13.284,0.87243,0.87249,1.12,1.00
2018.02.07 11:33:13.442,0.87251,0.87261,2.62,1.00
2018.02.07 11:33:13.739,0.87256,0.87264,1.87,1.00
2018.02.07 11:33:13.870,0.87259,0.87267,1.12,1.00
2018.02.07 11:33:13.973,0.87257,0.87264,1.12,1.00
2018.02.07 11:33:14.075,0.87255,0.87264,2.25,1.00
2018.02.07 11:33:14.231,0.87256,0.87265,1.50,1.00
2018.02.07 11:33:14.608,0.87259,0.87269,1.37,1.50
2018.02.07 11:33:14.913,0.87259,0.87266,2.25,1.00
2018.02.07 11:33:15.456,0.87256,0.87266,2.25,1.87
2018.02.07 11:33:15.558,0.87254,0.87264,4.87,1.00
2018.02.07 11:33:15.762,0.87253,0.87262,1.50,1.00
2018.02.07 11:33:16.075,0.87252,0.87262,3.37,1.50
2018.02.07 11:33:16.399,0.87255,0.87265,1.75,1.50
2018.02.07 11:33:16.661,0.87256,0.87267,3.00,2.62
2018.02.07 11:33:16.714,0.87256,0.87267,3.37,2.25
2018.02.07 11:33:17.180,0.87259,0.87267,1.12,1.00
2018.02.07 11:33:17.675,0.87262,0.8727,1.12,1.00
2018.02.07 11:33:17.728,0.87261,0.87271,1.87,2.25
2018.02.07 11:33:17.832,0.87262,0.87273,1.37,4.87
2018.02.07 11:33:18.129,0.87263,0.87273,1.37,2.25
2018.02.07 11:33:18.231,0.87263,0.87271,1.12,1.50
2018.02.07 11:33:18.691,0.87261,0.87269,2.62,1.00
2018.02.07 11:33:18.743,0.87259,0.87268,4.12,1.00
2018.02.07 11:33:19.410,0.87259,0.87268,1.87,1.00
2018.02.07 11:33:19.930,0.87257,0.87267,2.25,1.00
2018.02.07 11:33:19.983,0.87257,0.87265,2.62,1.00
2018.02.07 11:33:20.034,0.87257,0.87268,2.62,2.62
2018.02.07 11:33:20.137,0.87258,0.87268,1.87,1.87
2018.02.07 11:33:20.376,0.8726,0.8727,1.37,1.00
2018.02.07 11:33:20.429,0.87264,0.87273,1.12,1.87
2018.02.07 11:33:20.956,0.87264,0.87271,1.00,1.00
2018.02.07 11:33:21.232,0.8726,0.87269,1.00,1.50
2018.02.07 11:33:22.347,0.87257,0.87265,1.12,1.00
2018.02.07 11:33:22.400,0.87255,0.87265,2.62,1.00
2018.02.07 11:33:23.383,0.87257,0.87267,1.00,1.50
2018.02.07 11:33:23.545,0.87256,0.87266,1.87,1.37
2018.02.07 11:33:23.915,0.87257,0.87268,1.12,1.50
2018.02.07 11:33:24.393,0.87256,0.87265,2.25,1.00
2018.02.07 11:33:24.996,0.87256,0.87266,2.25,1.00
2018.02.07 11:33:25.323,0.87257,0.87268,1.12,1.50
2018.02.07 11:33:25.697,0.87256,0.87266,1.87,1.00
2018.02.07 11:33:26.522,0.87259,0.87268,1.12,1.00
2018.02.07 11:33:27.097,0.8726,0.87269,1.00,1.37
2018.02.07 11:33:27.637,0.87258,0.87268,1.00,1.12
2018.02.07 11:33:28.187,0.87258,0.87268,1.37,1.12
2018.02.07 11:33:28.416,0.87258,0.87266,1.12,1.00
2018.02.07 11:33:30.010,0.87257,0.87267,1.37,1.87
2018.02.07 11:33:30.548,0.87258,0.87268,1.37,1.12
2018.02.07 11:33:31.487,0.87258,0.87269,2.62,1.87
2018.02.07 11:33:32.121,0.87259,0.87269,1.37,1.12
2018.02.07 11:33:33.042,0.8726,0.87268,1.00,1.00
2018.02.07 11:33:34.644,0.87258,0.87268,1.37,1.00
2018.02.07 11:33:35.696,0.87257,0.87267,1.50,1.12
2018.02.07 11:33:36.665,0.87257,0.87268,2.62,2.62
2018.02.07 11:33:37.183,0.8726,0.8727,1.00,1.37
2018.02.07 11:33:37.699,0.87259,0.87268,1.00,1.00
2018.02.07 11:33:38.290,0.87258,0.87268,1.00,1.12
2018.02.07 11:33:38.799,0.87258,0.87269,1.87,1.87
2018.02.07 11:33:39.261,0.87259,0.8727,1.37,1.87
2018.02.07 11:33:39.867,0.87259,0.87269,1.87,1.00
2018.02.07 11:33:40.436,0.87261,0.87271,2.62,1.37
2018.02.07 11:33:40.682,0.87261,0.87271,1.87,1.00
2018.02.07 11:33:41.073,0.87262,0.87272,1.00,3.37
2018.02.07 11:33:41.584,0.87263,0.87272,1.00,2.62
2018.02.07 11:33:41.686,0.87262,0.87272,1.37,2.25
2018.02.07 11:33:42.326,0.87261,0.87269,1.50,1.00
2018.02.07 11:33:42.430,0.87259,0.87268,2.62,1.12
2018.02.07 11:33:42.936,0.87258,0.87268,1.50,1.00
2018.02.07 11:33:44.496,0.87258,0.87268,1.50,1.37
2018.02.07 11:33:45.199,0.87258,0.87268,1.87,1.50
2018.02.07 11:33:45.301,0.87258,0.87268,1.50,1.37
2018.02.07 11:33:45.813,0.87259,0.87268,1.00,1.37
2018.02.07 11:33:47.019,0.87259,0.87268,1.00,1.12
2018.02.07 11:33:47.543,0.8726,0.87268,1.00,1.12
2018.02.07 11:33:47.953,0.87257,0.87267,1.50,1.12
2018.02.07 11:33:48.005,0.87256,0.87265,1.75,1.00
2018.02.07 11:33:48.564,0.87257,0.87267,1.50,1.37
2018.02.07 11:33:49.121,0.87257,0.87267,1.50,1.12
2018.02.07 11:33:49.693,0.87257,0.87267,1.50,1.00
2018.02.07 11:33:49.998,0.87256,0.87264,1.00,1.00
2018.02.07 11:33:52.966,0.87258,0.87267,1.00,1.50
2018.02.07 11:33:53.068,0.87259,0.87269,1.12,1.00
2018.02.07 11:33:53.221,0.87262,0.8727,1.00,1.00
2018.02.07 11:33:53.684,0.87263,0.87272,1.87,1.00
2018.02.07 11:33:54.022,0.87265,0.87272,1.12,1.00
2018.02.07 11:33:54.125,0.87264,0.87274,1.50,1.00
2018.02.07 11:33:54.734,0.87264,0.87273,1.87,1.00
2018.02.07 11:33:55.700,0.87263,0.87273,1.12,1.00
2018.02.07 11:33:55.948,0.87265,0.87273,1.00,1.12
2018.02.07 11:33:56.674,0.87264,0.87273,1.12,1.12
2018.02.07 11:33:57.088,0.87266,0.87274,1.00,1.00
2018.02.07 11:33:58.489,0.87263,0.87273,4.12,1.37
2018.02.07 11:33:58.541,0.87263,0.87273,1.50,1.12
2018.02.07 11:33:59.076,0.87262,0.87272,2.62,1.50
2018.02.07 11:33:59.861,0.87263,0.87271,1.50,1.00
2018.02.07 11:34:00.434,0.87264,0.87272,1.12,1.00
2018.02.07 11:34:01.237,0.87264,0.87273,1.12,1.00
2018.02.07 11:34:03.928,0.87263,0.87272,2.62,1.00
2018.02.07 11:34:04.539,0.87263,0.87272,2.25,1.00
2018.02.07 11:34:05.147,0.87263,0.87272,2.25,1.00
2018.02.07 11:34:05.680,0.87263,0.87272,1.87,1.00
2018.02.07 11:34:06.061,0.87261,0.87271,1.87,1.00
2018.02.07 11:34:06.113,0.87261,0.87269,2.25,1.00
2018.02.07 11:34:07.300,0.8726,0.87269,1.12,1.00
2018.02.07 11:34:08.114,0.87261,0.8727,1.00,1.12
2018.02.07 11:34:08.652,0.8726,0.87269,1.00,1.37
2018.02.07 11:34:09.198,0.87261,0.87268,1.12,1.00
2018.02.07 11:34:09.918,0.8726,0.87269,1.37,1.12
2018.02.07 11:34:10.431,0.8726,0.87269,1.00,1.00
2018.02.07 11:34:11.134,0.8726,0.87268,1.00,1.12
2018.02.07 11:34:11.647,0.87259,0.87267,1.00,1.00
2018.02.07 11:34:14.077,0.87258,0.87267,1.50,1.12
2018.02.07 11:34:14.769,0.87259,0.87267,1.00,1.00
2018.02.07 11:34:16.492,0.87261,0.87269,1.00,1.00
2018.02.07 11:34:16.802,0.87263,0.8727,1.00,1.00
2018.02.07 11:34:17.271,0.87261,0.87271,1.00,1.50
2018.02.07 11:34:17.322,0.8726,0.87268,2.25,1.00
2018.02.07 11:34:17.424,0.87258,0.87268,2.25,1.00
2018.02.07 11:34:20.161,0.87258,0.87267,1.87,1.00
2018.02.07 11:34:21.018,0.87257,0.87267,1.00,1.87
2018.02.07 11:34:21.445,0.87256,0.87264,2.25,1.00
2018.02.07 11:34:22.058,0.87256,0.87265,1.00,1.12
2018.02.07 11:34:22.760,0.87259,0.87266,1.00,1.50
2018.02.07 11:34:22.865,0.87259,0.87269,1.00,3.00
2018.02.07 11:34:23.223,0.87261,0.87268,1.00,1.00
2018.02.07 11:34:23.327,0.8726,0.8727,1.12,1.12
2018.02.07 11:34:23.432,0.87262,0.87272,1.87,1.50
2018.02.07 11:34:24.039,0.87262,0.87272,1.87,1.12
2018.02.07 11:34:24.902,0.87263,0.87273,1.00,3.37
2018.02.07 11:34:25.290,0.87262,0.8727,1.50,1.00
2018.02.07 11:34:25.836,0.87261,0.87271,2.62,1.50
2018.02.07 11:34:26.181,0.87262,0.87272,1.87,1.12
2018.02.07 11:34:26.754,0.87263,0.8727,1.12,1.00
2018.02.07 11:34:27.203,0.87261,0.8727,1.12,1.00
2018.02.07 11:34:27.751,0.8726,0.87269,1.12,1.00
2018.02.07 11:34:29.089,0.87259,0.87269,3.00,1.00
2018.02.07 11:34:29.490,0.87262,0.8727,1.50,1.00
2018.02.07 11:34:29.542,0.87262,0.87273,1.87,2.62
2018.02.07 11:34:29.594,0.87265,0.87272,1.00,1.00
2018.02.07 11:34:29.821,0.87265,0.87274,1.50,1.12
2018.02.07 11:34:31.127,0.87263,0.87273,1.87,1.00
2018.02.07 11:34:32.152,0.87263,0.87273,2.25,1.00
2018.02.07 11:34:32.358,0.87267,0.87275,1.12,1.87
2018.02.07 11:34:32.782,0.87265,0.87274,1.00,1.50
2018.02.07 11:34:33.087,0.87264,0.87272,1.00,1.00
2018.02.07 11:34:33.924,0.87262,0.87271,1.00,1.50
2018.02.07 11:34:34.437,0.87263,0.87271,1.00,1.00
2018.02.07 11:34:35.806,0.87262,0.87269,1.12,1.00
2018.02.07 11:34:36.340,0.87261,0.8727,1.00,1.12
2018.02.07 11:34:36.939,0.87259,0.87269,1.50,1.37
2018.02.07 11:34:37.763,0.8726,0.87269,1.12,1.12
2018.02.07 11:34:38.863,0.8726,0.87268,1.00,1.00
2018.02.07 11:34:38.966,0.87258,0.87268,1.87,1.12
2018.02.07 11:34:40.136,0.87258,0.87267,1.12,1.12
2018.02.07 11:34:40.341,0.87256,0.87266,1.87,1.87
2018.02.07 11:34:40.880,0.87256,0.87265,1.87,1.00
2018.02.07 11:34:41.412,0.87257,0.87264,1.00,1.00
2018.02.07 11:34:42.043,0.87256,0.87265,1.00,2.25
2018.02.07 11:34:42.589,0.87255,0.87264,1.00,2.25
2018.02.07 11:34:43.191,0.87254,0.87264,1.12,2.25
2018.02.07 11:34:44.666,0.87254,0.87263,1.00,1.37
2018.02.07 11:34:45.177,0.87253,0.87262,1.00,2.25
2018.02.07 11:34:45.706,0.87254,0.87262,1.00,1.12
2018.02.07 11:34:48.565,0.87258,0.87265,1.00,3.00
2018.02.07 11:34:48.695,0.87259,0.87268,1.00,3.00
2018.02.07 11:34:49.471,0.87259,0.87266,1.00,1.00
2018.02.07 11:34:49.996,0.87257,0.87266,1.00,1.75
2018.02.07 11:34:50.099,0.87258,0.87267,1.00,3.00
2018.02.07 11:34:50.203,0.87255,0.87265,1.00,1.75
2018.02.07 11:34:50.724,0.87254,0.87264,1.00,1.50
2018.02.07 11:34:51.226,0.87253,0.87262,1.87,1.00
2018.02.07 11:34:51.765,0.87254,0.87262,1.00,1.00
2018.02.07 11:34:52.250,0.87255,0.87264,1.00,1.00
2018.02.07 11:34:52.457,0.87257,0.87265,1.00,3.37
2018.02.07 11:34:53.078,0.87257,0.87266,1.00,1.50
2018.02.07 11:34:53.589,0.87257,0.87266,1.12,1.12
2018.02.07 11:34:54.498,0.87256,0.87265,1.50,1.00
2018.02.07 11:34:54.808,0.87255,0.87263,1.50,1.00
2018.02.07 11:34:55.366,0.87254,0.87264,1.00,1.87
2018.02.07 11:34:55.881,0.87253,0.87263,2.25,1.50
2018.02.07 11:34:56.189,0.87255,0.87264,1.00,1.50
2018.02.07 11:34:56.781,0.87256,0.87263,1.00,1.12
2018.02.07 11:34:57.205,0.87255,0.87265,1.12,1.12
2018.02.07 11:34:57.706,0.87254,0.87264,2.25,1.12
2018.02.07 11:34:58.320,0.87254,0.87264,1.87,1.50
2018.02.07 11:34:58.679,0.87254,0.87262,1.12,1.00
2018.02.07 11:34:59.215,0.87253,0.87263,1.87,1.37
2018.02.07 11:35:00.463,0.87252,0.87261,1.12,1.00
2018.02.07 11:35:00.998,0.87251,0.8726,1.00,1.37
2018.02.07 11:35:01.604,0.87249,0.87259,1.12,1.12
2018.02.07 11:35:01.855,0.87248,0.87257,1.12,1.50
2018.02.07 11:35:01.958,0.87246,0.87255,1.12,1.00
2018.02.07 11:35:02.827,0.87245,0.87255,1.00,2.62
2018.02.07 11:35:03.355,0.87246,0.87255,1.00,1.50
2018.02.07 11:35:03.887,0.87246,0.87255,1.50,1.00
2018.02.07 11:35:04.412,0.87247,0.87255,1.00,1.12
2018.02.07 11:35:05.189,0.87247,0.87257,1.00,2.25
2018.02.07 11:35:05.733,0.87247,0.87257,1.00,2.25
2018.02.07 11:35:06.129,0.87249,0.87257,1.00,2.25
2018.02.07 11:35:06.979,0.87248,0.87257,1.12,1.50
2018.02.07 11:35:08.344,0.87249,0.87259,1.00,3.75
2018.02.07 11:35:09.409,0.87247,0.87256,2.62,1.12
2018.02.07 11:35:09.821,0.87245,0.87254,1.50,1.00
2018.02.07 11:35:10.216,0.87248,0.87256,1.00,2.25
2018.02.07 11:35:10.425,0.87248,0.87258,1.12,2.25
2018.02.07 11:35:10.733,0.87248,0.87255,1.00,1.00
2018.02.07 11:35:11.265,0.87246,0.87254,1.37,1.00
2018.02.07 11:35:11.762,0.87247,0.87256,1.00,1.12
2018.02.07 11:35:12.315,0.87247,0.87255,1.00,1.00
2018.02.07 11:35:12.874,0.87246,0.87255,1.00,2.25
2018.02.07 11:35:13.477,0.87245,0.87255,2.25,2.25
2018.02.07 11:35:14.065,0.87245,0.87254,1.87,1.00
2018.02.07 11:35:15.059,0.87246,0.87255,1.00,2.62
2018.02.07 11:35:15.199,0.87246,0.87253,1.00,1.00
2018.02.07 11:35:15.744,0.87245,0.87253,1.50,1.00
2018.02.07 11:35:17.522,0.87245,0.87253,1.50,1.37
2018.02.07 11:35:18.193,0.87245,0.87253,1.50,1.12
2018.02.07 11:35:23.335,0.87246,0.87253,1.00,1.12
2018.02.07 11:35:23.980,0.87245,0.87253,1.00,1.12
2018.02.07 11:35:24.082,0.87243,0.87253,1.00,2.25
2018.02.07 11:35:25.234,0.87243,0.87253,1.87,3.37
2018.02.07 11:35:26.618,0.87243,0.87252,1.00,1.12
2018.02.07 11:35:27.150,0.87243,0.87252,1.50,1.12
2018.02.07 11:35:28.091,0.87242,0.87251,1.00,1.50
2018.02.07 11:35:28.143,0.87241,0.87249,1.87,1.00
2018.02.07 11:35:28.621,0.87242,0.87252,1.50,1.87
2018.02.07 11:35:32.296,0.87241,0.8725,1.50,1.12
2018.02.07 11:35:32.674,0.87241,0.87248,1.12,1.00
2018.02.07 11:35:34.077,0.87239,0.87248,3.37,1.00
2018.02.07 11:35:34.334,0.87243,0.87252,1.00,1.87
2018.02.07 11:35:34.899,0.87244,0.87253,1.00,2.62
2018.02.07 11:35:35.402,0.87243,0.87252,1.00,1.00
2018.02.07 11:35:35.914,0.87244,0.87253,1.00,2.25
2018.02.07 11:35:36.449,0.87244,0.87253,1.00,1.00
2018.02.07 11:35:37.202,0.87243,0.87252,1.00,1.87
2018.02.07 11:35:37.253,0.87242,0.8725,1.50,1.00
2018.02.07 11:35:37.671,0.87243,0.87252,1.00,1.50
2018.02.07 11:35:39.689,0.87243,0.87253,1.00,3.00
2018.02.07 11:35:41.625,0.87243,0.87253,1.00,4.87
2018.02.07 11:35:44.239,0.87243,0.87252,1.00,2.25
2018.02.07 11:35:44.395,0.87242,0.87251,1.50,1.75
2018.02.07 11:35:44.448,0.8724,0.8725,1.50,1.50
2018.02.07 11:35:44.552,0.87243,0.87248,1.00,1.00
2018.02.07 11:35:44.912,0.87242,0.87252,1.00,3.37
2018.02.07 11:35:45.544,0.87242,0.87252,1.00,2.62
2018.02.07 11:35:45.596,0.87244,0.87251,1.00,1.50
2018.02.07 11:35:47.827,0.87244,0.87252,1.00,1.87
2018.02.07 11:35:49.378,0.87242,0.87252,1.87,2.25
2018.02.07 11:35:50.014,0.87241,0.8725,1.87,1.00
2018.02.07 11:35:52.629,0.8724,0.87249,1.87,1.37
2018.02.07 11:35:53.262,0.8724,0.87249,1.00,1.00
2018.02.07 11:35:54.185,0.8724,0.87249,1.00,1.87
2018.02.07 11:35:54.686,0.8724,0.87249,1.00,1.50
2018.02.07 11:35:55.414,0.87239,0.87248,1.00,1.12
2018.02.07 11:35:55.978,0.8724,0.87247,1.00,1.00
2018.02.07 11:35:56.907,0.87238,0.87248,2.62,1.87
2018.02.07 11:35:56.959,0.87239,0.87246,1.00,1.00
2018.02.07 11:35:57.750,0.87239,0.87248,1.00,1.50
2018.02.07 11:35:58.266,0.87239,0.87247,1.00,1.00
2018.02.07 11:35:58.677,0.87238,0.87246,1.00,1.37
2018.02.07 11:35:59.222,0.87238,0.87246,1.00,2.25
2018.02.07 11:35:59.960,0.87237,0.87246,1.00,1.12
2018.02.07 11:36:00.475,0.87236,0.87246,1.00,1.12
2018.02.07 11:36:00.783,0.87238,0.87247,1.12,1.12
2018.02.07 11:36:01.394,0.87236,0.87246,1.87,1.00
2018.02.07 11:36:01.860,0.87239,0.87247,1.00,1.12
2018.02.07 11:36:02.163,0.87237,0.87245,1.00,1.00
2018.02.07 11:36:02.944,0.87236,0.87245,1.87,1.00
2018.02.07 11:36:04.032,0.87235,0.87244,1.50,1.00
2018.02.07 11:36:04.548,0.87235,0.87245,2.25,1.50
2018.02.07 11:36:05.354,0.87237,0.87245,1.00,1.00
2018.02.07 11:36:05.913,0.87236,0.87245,1.12,1.00
2018.02.07 11:36:06.640,0.87235,0.87244,2.25,1.00
2018.02.07 11:36:06.970,0.87235,0.87241,1.50,1.00
2018.02.07 11:36:07.499,0.87236,0.87241,1.00,1.00
2018.02.07 11:36:08.671,0.87236,0.87242,1.00,1.00
2018.02.07 11:36:08.997,0.87237,0.87244,1.50,1.00
2018.02.07 11:36:09.049,0.87239,0.87244,1.00,1.00
2018.02.07 11:36:09.662,0.87239,0.87246,1.00,1.00
2018.02.07 11:36:10.102,0.87242,0.87246,1.00,1.00
2018.02.07 11:36:11.923,0.8724,0.87246,1.12,1.00
2018.02.07 11:36:13.999,0.8724,0.87246,1.37,1.00
2018.02.07 11:36:14.904,0.87242,0.87246,1.00,1.00
2018.02.07 11:36:14.956,0.87242,0.87248,1.00,1.00
2018.02.07 11:36:15.219,0.87241,0.87246,1.00,1.00
2018.02.07 11:36:15.756,0.8724,0.87246,1.50,1.00
2018.02.07 11:36:16.396,0.8724,0.87245,1.00,1.00
2018.02.07 11:36:17.154,0.8724,0.87246,2.25,1.00
2018.02.07 11:36:18.216,0.8724,0.87247,1.87,1.00
2018.02.07 11:36:19.604,0.87241,0.87247,1.00,1.00
2018.02.07 11:36:20.045,0.87243,0.87249,1.50,1.00
2018.02.07 11:36:20.571,0.87243,0.8725,1.87,1.00
2018.02.07 11:36:21.111,0.87243,0.87251,1.87,1.50
2018.02.07 11:36:21.163,0.87241,0.8725,1.50,1.00
2018.02.07 11:36:21.679,0.87241,0.87249,1.00,1.00
2018.02.07 11:36:22.771,0.8724,0.87249,2.62,1.00
2018.02.07 11:36:24.430,0.8724,0.87249,2.62,1.00
2018.02.07 11:36:25.552,0.8724,0.87247,2.25,1.00
2018.02.07 11:36:26.285,0.8724,0.87246,1.12,1.00
2018.02.07 11:36:26.435,0.87237,0.87244,1.87,1.00
2018.02.07 11:36:26.538,0.87235,0.87241,2.25,1.00
2018.02.07 11:36:26.589,0.87235,0.87241,1.00,1.00
2018.02.07 11:36:27.293,0.87235,0.8724,1.00,1.00
2018.02.07 11:36:28.332,0.87233,0.87239,1.12,1.00
2018.02.07 11:36:28.383,0.87233,0.87241,1.12,1.00
2018.02.07 11:36:28.854,0.87235,0.87241,1.00,1.00
2018.02.07 11:36:31.474,0.87234,0.87241,1.00,1.00
2018.02.07 11:36:33.353,0.87232,0.87239,1.50,1.00
2018.02.07 11:36:33.716,0.87231,0.87236,1.00,1.00
2018.02.07 11:36:34.131,0.87232,0.8724,1.12,1.00
2018.02.07 11:36:34.674,0.87232,0.87239,1.12,1.00
2018.02.07 11:36:35.211,0.87231,0.87238,1.87,1.00
2018.02.07 11:36:35.732,0.87232,0.87238,1.00,1.00
2018.02.07 11:36:36.252,0.87231,0.87237,1.12,1.00
2018.02.07 11:36:36.869,0.8723,0.87237,1.12,1.00
2018.02.07 11:36:38.324,0.8723,0.87236,1.50,1.00
2018.02.07 11:36:39.562,0.87227,0.87235,2.25,1.00
2018.02.07 11:36:40.093,0.87226,0.87233,1.12,1.00
2018.02.07 11:36:40.721,0.87226,0.87233,1.37,1.00
2018.02.07 11:36:41.041,0.87227,0.87235,1.50,1.12
2018.02.07 11:36:41.410,0.87227,0.87232,1.12,1.00
2018.02.07 11:36:41.512,0.87227,0.87235,1.12,1.00
2018.02.07 11:36:41.665,0.87229,0.87236,1.00,1.00
2018.02.07 11:36:42.748,0.8723,0.87237,1.00,1.00
2018.02.07 11:36:43.208,0.87232,0.87237,1.00,1.00
2018.02.07 11:36:43.311,0.87232,0.87239,1.00,1.00
2018.02.07 11:36:43.425,0.8723,0.87236,1.00,1.00
2018.02.07 11:36:43.938,0.8723,0.87237,1.00,1.00
2018.02.07 11:36:45.485,0.8723,0.87236,1.00,1.00
2018.02.07 11:36:45.718,0.8723,0.87238,1.00,1.00
2018.02.07 11:36:46.152,0.8723,0.8724,1.12,2.25
2018.02.07 11:36:46.690,0.87229,0.87239,2.25,1.12
2018.02.07 11:36:48.095,0.87231,0.87239,1.00,1.12
2018.02.07 11:36:49.516,0.8723,0.87238,1.00,1.00
2018.02.07 11:36:55.585,0.8723,0.87238,1.50,1.00
2018.02.07 11:36:56.107,0.8723,0.87238,1.12,1.00
2018.02.07 11:36:56.624,0.8723,0.87241,1.37,1.50
2018.02.07 11:36:57.261,0.87231,0.87241,1.87,1.50
2018.02.07 11:36:57.810,0.87231,0.87241,1.50,2.25
2018.02.07 11:36:59.339,0.87231,0.87241,1.50,2.25
2018.02.07 11:37:00.174,0.87231,0.87241,1.50,1.50
2018.02.07 11:37:00.687,0.87231,0.87241,1.50,1.12
2018.02.07 11:37:01.389,0.87231,0.87241,1.50,1.87
2018.02.07 11:37:02.028,0.87231,0.87241,1.12,1.87
2018.02.07 11:37:02.081,0.87229,0.87238,2.62,1.00
2018.02.07 11:37:02.708,0.87228,0.87238,3.00,1.50
2018.02.07 11:37:03.243,0.87228,0.87237,1.12,1.00
2018.02.07 11:37:03.450,0.87227,0.87235,1.00,1.00
2018.02.07 11:37:04.091,0.87226,0.87235,1.00,1.00
2018.02.07 11:37:05.073,0.87224,0.87234,3.75,1.00
2018.02.07 11:37:09.070,0.87226,0.87235,1.12,1.00
2018.02.07 11:37:09.579,0.87226,0.87234,1.12,1.00
2018.02.07 11:37:09.765,0.87227,0.87236,1.12,1.00
2018.02.07 11:37:10.930,0.87229,0.87237,1.00,1.00
2018.02.07 11:37:12.029,0.87229,0.87239,3.00,2.25
2018.02.07 11:37:12.616,0.87229,0.87238,3.00,1.00
2018.02.07 11:37:13.384,0.87229,0.87238,2.25,1.00
2018.02.07 11:37:16.453,0.87229,0.87238,1.87,1.00
2018.02.07 11:37:17.992,0.87228,0.87238,1.87,1.50
2018.02.07 11:37:18.148,0.87228,0.87238,1.12,3.00
2018.02.07 11:37:18.653,0.87227,0.87237,1.50,1.50
2018.02.07 11:37:19.373,0.87227,0.87237,1.50,1.50
2018.02.07 11:37:20.761,0.87227,0.87237,1.50,1.50
2018.02.07 11:37:21.560,0.87227,0.87237,1.50,1.50
2018.02.07 11:37:22.176,0.87227,0.87237,3.00,1.00
2018.02.07 11:37:23.057,0.87227,0.87237,2.25,1.00
2018.02.07 11:37:23.368,0.87225,0.87235,1.12,2.25
2018.02.07 11:37:23.741,0.87222,0.87231,2.25,1.50
2018.02.07 11:37:23.844,0.87219,0.8723,2.62,1.87
2018.02.07 11:37:24.355,0.87219,0.8723,2.25,2.62
2018.02.07 11:37:25.722,0.87219,0.87229,1.37,2.62
2018.02.07 11:37:33.817,0.8722,0.8723,2.25,1.12
2018.02.07 11:37:34.428,0.87221,0.8723,1.00,1.12
2018.02.07 11:37:35.353,0.8722,0.87229,3.00,1.37
2018.02.07 11:37:44.200,0.8722,0.87231,2.25,3.75
2018.02.07 11:37:44.405,0.87223,0.87232,1.12,1.12
2018.02.07 11:37:45.820,0.87223,0.87233,1.50,4.12
2018.02.07 11:37:50.358,0.87223,0.87231,1.00,1.00
2018.02.07 11:37:51.693,0.87223,0.87232,1.00,1.12
2018.02.07 11:37:52.855,0.87223,0.8723,1.00,1.00
2018.02.07 11:37:53.082,0.87219,0.87227,1.00,1.00
2018.02.07 11:37:53.238,0.87217,0.87226,1.87,1.12
2018.02.07 11:37:53.635,0.87218,0.87228,1.50,1.12
2018.02.07 11:37:54.195,0.87219,0.87228,1.00,1.12
2018.02.07 11:37:54.765,0.8722,0.87228,1.00,1.00
2018.02.07 11:37:56.126,0.8722,0.8723,1.50,1.50
2018.02.07 11:37:56.628,0.8722,0.8723,1.87,2.25
2018.02.07 11:37:58.728,0.8722,0.87229,1.50,3.37
2018.02.07 11:37:59.384,0.8722,0.87227,1.00,1.00
2018.02.07 11:38:00.036,0.8722,0.87229,1.12,1.12
2018.02.07 11:38:00.567,0.87221,0.8723,1.87,1.50
2018.02.07 11:38:01.162,0.87221,0.8723,1.87,1.50
2018.02.07 11:38:02.486,0.87221,0.8723,1.87,1.50
2018.02.07 11:38:03.331,0.87221,0.8723,3.00,1.50
2018.02.07 11:38:03.383,0.87222,0.87231,1.87,1.12
2018.02.07 11:38:04.003,0.87223,0.87233,1.00,2.25
2018.02.07 11:38:04.157,0.87225,0.87234,1.37,3.37
2018.02.07 11:38:04.208,0.87225,0.87234,1.37,1.50
2018.02.07 11:38:04.991,0.87225,0.87234,1.12,1.50
2018.02.07 11:38:05.821,0.87224,0.87235,2.62,1.50
2018.02.07 11:38:06.620,0.87226,0.87235,2.62,1.12
2018.02.07 11:38:06.999,0.87227,0.87237,3.00,1.00
2018.02.07 11:38:07.203,0.87229,0.87239,1.87,1.00
2018.02.07 11:38:07.730,0.87232,0.8724,1.00,1.50
2018.02.07 11:38:07.946,0.8723,0.8724,1.12,1.50
2018.02.07 11:38:08.187,0.87229,0.87238,1.12,1.00
2018.02.07 11:38:08.290,0.87227,0.87238,2.25,2.62
2018.02.07 11:38:08.482,0.87228,0.87238,3.37,1.00
2018.02.07 11:38:09.648,0.87231,0.8724,1.50,1.00
2018.02.07 11:38:09.949,0.87231,0.8724,2.62,1.00
2018.02.07 11:38:10.500,0.87231,0.87239,1.12,1.00
2018.02.07 11:38:10.555,0.87228,0.87238,2.25,2.25
2018.02.07 11:38:11.744,0.87228,0.87238,1.50,3.00
2018.02.07 11:38:12.677,0.87228,0.87238,3.75,1.87
2018.02.07 11:38:13.109,0.87232,0.8724,1.00,1.12
2018.02.07 11:38:17.970,0.87231,0.8724,1.37,2.25
2018.02.07 11:38:18.021,0.8723,0.87239,2.62,1.12
2018.02.07 11:38:18.073,0.8723,0.87237,1.12,1.00
2018.02.07 11:38:19.484,0.8723,0.87239,1.87,1.50
2018.02.07 11:38:20.193,0.8723,0.87241,3.00,1.75
2018.02.07 11:38:20.657,0.87231,0.87241,1.50,1.75
2018.02.07 11:38:21.215,0.87231,0.87241,1.50,1.75
2018.02.07 11:38:22.178,0.87231,0.87241,1.50,1.50
2018.02.07 11:38:22.229,0.87231,0.87241,1.12,1.50
2018.02.07 11:38:22.867,0.87231,0.87241,1.12,1.75
2018.02.07 11:38:23.487,0.8723,0.87241,2.62,3.37
2018.02.07 11:38:23.658,0.8723,0.87241,1.87,1.50
2018.02.07 11:38:24.076,0.87233,0.87242,1.00,2.25
2018.02.07 11:38:24.827,0.87233,0.87242,1.00,3.00
2018.02.07 11:38:25.444,0.87233,0.87242,1.87,1.87
2018.02.07 11:38:25.821,0.87232,0.8724,1.00,1.12
2018.02.07 11:38:25.926,0.87228,0.87239,1.12,2.25
2018.02.07 11:38:26.077,0.87229,0.87239,1.50,1.12
2018.02.07 11:38:26.592,0.87231,0.87239,1.12,1.00
2018.02.07 11:38:26.799,0.87236,0.87246,1.12,3.90
2018.02.07 11:38:27.316,0.87236,0.87246,2.25,1.00
2018.02.07 11:38:27.539,0.87238,0.87246,1.00,1.00
2018.02.07 11:38:28.269,0.87236,0.87246,2.25,1.00
2018.02.07 11:38:28.808,0.87236,0.87246,1.87,1.00
2018.02.07 11:38:28.912,0.87237,0.87246,1.12,2.25
2018.02.07 11:38:29.741,0.87237,0.87248,1.87,2.25
2018.02.07 11:38:30.248,0.87238,0.87247,1.12,3.37
2018.02.07 11:38:30.589,0.87237,0.87248,1.87,3.00
2018.02.07 11:38:31.114,0.87238,0.87247,1.12,1.12
2018.02.07 11:38:31.641,0.87238,0.87247,1.12,1.37
2018.02.07 11:38:32.670,0.87238,0.87247,2.25,1.37
2018.02.07 11:38:33.676,0.87239,0.87249,1.37,2.62
2018.02.07 11:38:34.480,0.8724,0.87246,1.50,1.00
2018.02.07 11:38:34.582,0.8724,0.87249,1.50,1.87
2018.02.07 11:38:35.104,0.8724,0.87249,1.37,2.25
2018.02.07 11:38:36.315,0.8724,0.87249,1.12,1.50
2018.02.07 11:38:37.397,0.8724,0.87249,1.00,3.37
2018.02.07 11:38:37.609,0.87237,0.87246,1.12,1.50
2018.02.07 11:38:37.661,0.87237,0.87246,1.12,1.75
2018.02.07 11:38:38.045,0.87235,0.87245,3.75,1.50
2018.02.07 11:38:38.811,0.87234,0.87243,1.12,1.50
2018.02.07 11:38:39.185,0.87232,0.87241,3.00,1.50
2018.02.07 11:38:39.237,0.87232,0.87242,2.25,1.00
2018.02.07 11:38:39.860,0.87234,0.87242,1.00,1.12
2018.02.07 11:38:40.395,0.87235,0.87245,1.12,2.25
2018.02.07 11:38:41.321,0.87234,0.87244,2.62,2.25
2018.02.07 11:38:41.844,0.87234,0.87244,1.87,2.25
2018.02.07 11:38:42.590,0.87234,0.87244,2.25,2.25
2018.02.07 11:38:43.098,0.87236,0.87245,1.12,2.25
2018.02.07 11:38:44.552,0.87235,0.87245,1.37,2.25
2018.02.07 11:38:47.139,0.87235,0.87245,1.12,2.25
2018.02.07 11:38:47.663,0.87234,0.87243,1.12,1.12
2018.02.07 11:38:48.831,0.87234,0.87243,1.50,1.12
2018.02.07 11:38:49.344,0.87234,0.87243,1.00,1.87
2018.02.07 11:38:50.249,0.87235,0.87243,1.00,1.12
2018.02.07 11:38:50.794,0.87234,0.87242,2.62,1.00
2018.02.07 11:38:51.107,0.87234,0.87244,4.12,1.00
2018.02.07 11:38:53.064,0.87235,0.87244,1.50,1.00
2018.02.07 11:38:57.154,0.87235,0.87244,3.00,1.00
2018.02.07 11:38:57.364,0.87237,0.87246,1.00,1.12
2018.02.07 11:38:57.912,0.87237,0.87247,2.25,1.12
2018.02.07 11:38:58.065,0.87238,0.87247,1.37,1.12
2018.02.07 11:38:58.701,0.8724,0.87248,1.00,1.00
2018.02.07 11:39:03.229,0.8724,0.87247,1.00,1.00
2018.02.07 11:39:03.437,0.87236,0.87244,1.50,1.00
2018.02.07 11:39:03.977,0.87235,0.87244,1.12,1.00
2018.02.07 11:39:04.439,0.87235,0.87244,1.50,1.00
2018.02.07 11:39:04.890,0.87235,0.87244,1.12,1.00
2018.02.07 11:39:06.187,0.87235,0.87244,1.12,1.12
2018.02.07 11:39:07.175,0.87235,0.87244,1.87,1.12
2018.02.07 11:39:07.698,0.87235,0.87245,1.87,1.37
2018.02.07 11:39:11.013,0.87235,0.87245,2.25,1.12
2018.02.07 11:39:11.579,0.87235,0.87245,1.87,1.12
2018.02.07 11:39:11.934,0.87235,0.87243,1.37,1.00
2018.02.07 11:39:12.480,0.87235,0.87244,1.87,1.00
2018.02.07 11:39:13.349,0.87235,0.87244,1.12,1.00
2018.02.07 11:39:14.467,0.87235,0.87244,1.37,1.00
2018.02.07 11:39:17.216,0.87235,0.87244,1.12,1.00
2018.02.07 11:39:17.765,0.87235,0.87245,1.50,1.87
2018.02.07 11:39:18.113,0.87236,0.87247,2.62,4.12
2018.02.07 11:39:19.361,0.87238,0.87247,2.62,1.12
2018.02.07 11:39:22.574,0.87238,0.87247,1.12,1.00
2018.02.07 11:39:23.843,0.87238,0.87246,1.12,1.00
2018.02.07 11:39:24.548,0.87238,0.87247,1.12,1.00
2018.02.07 11:39:25.170,0.87238,0.87247,1.37,1.00
2018.02.07 11:39:25.850,0.87239,0.87248,1.50,1.00
2018.02.07 11:39:26.252,0.87242,0.8725,1.00,1.37
2018.02.07 11:39:26.873,0.87242,0.8725,1.00,1.12
2018.02.07 11:39:27.918,0.87242,0.8725,1.12,1.50
2018.02.07 11:39:28.469,0.8724,0.87248,1.37,1.00
2018.02.07 11:39:30.043,0.8724,0.87249,1.50,1.12
2018.02.07 11:39:30.803,0.8724,0.87249,1.12,1.12
2018.02.07 11:39:31.434,0.8724,0.87247,1.12,1.00
2018.02.07 11:39:31.971,0.87239,0.87248,1.12,1.12
2018.02.07 11:39:32.886,0.87239,0.87249,1.12,1.12
2018.02.07 11:39:33.475,0.87239,0.87249,1.37,1.87
2018.02.07 11:39:33.850,0.87241,0.87249,1.00,1.87
2018.02.07 11:39:34.018,0.8724,0.87249,1.12,1.87
2018.02.07 11:39:36.485,0.8724,0.87249,2.25,1.00
2018.02.07 11:39:36.748,0.8724,0.87251,2.25,3.00
2018.02.07 11:39:36.850,0.87242,0.87253,2.25,2.62
2018.02.07 11:39:37.408,0.87243,0.87253,1.87,1.37
2018.02.07 11:39:38.069,0.87241,0.87252,3.37,1.87
2018.02.07 11:39:38.576,0.87241,0.87251,2.62,1.00
2018.02.07 11:39:39.968,0.87243,0.87252,1.00,2.25
2018.02.07 11:39:40.618,0.87243,0.87254,2.62,2.25
2018.02.07 11:39:41.578,0.87243,0.87254,3.75,1.50
2018.02.07 11:39:42.107,0.87245,0.87254,1.00,2.62
2018.02.07 11:39:42.799,0.87243,0.87252,1.87,1.00
2018.02.07 11:39:43.441,0.87244,0.87253,1.50,1.00
2018.02.07 11:39:44.121,0.87244,0.87253,1.50,1.00
2018.02.07 11:39:45.863,0.87244,0.87253,2.62,1.00
2018.02.07 11:39:46.430,0.87244,0.87254,2.25,1.00
2018.02.07 11:39:46.969,0.87245,0.87255,1.12,1.00
2018.02.07 11:39:49.491,0.87244,0.87255,2.25,1.00
2018.02.07 11:39:50.058,0.87246,0.87255,1.00,1.37
2018.02.07 11:39:51.312,0.87244,0.87255,2.25,1.12
2018.02.07 11:39:51.960,0.87244,0.87253,1.87,1.00
2018.02.07 11:39:55.284,0.87245,0.87253,1.87,1.00
2018.02.07 11:39:55.335,0.87244,0.87253,2.25,1.00
2018.02.07 11:39:56.643,0.87243,0.87253,1.50,1.12
2018.02.07 11:39:57.171,0.87243,0.87252,1.50,1.00
2018.02.07 11:39:57.713,0.87244,0.87251,1.00,1.00
2018.02.07 11:40:00.032,0.87243,0.87253,1.00,1.12
2018.02.07 11:40:00.083,0.87242,0.8725,2.25,1.00
2018.02.07 11:40:00.237,0.87243,0.87252,1.00,1.12
2018.02.07 11:40:00.808,0.87243,0.87253,2.25,1.00
2018.02.07 11:40:01.329,0.87243,0.87253,2.62,1.00
2018.02.07 11:40:02.001,0.87243,0.87252,1.50,1.00
2018.02.07 11:40:02.653,0.87242,0.87251,1.87,1.00
2018.02.07 11:40:03.288,0.87241,0.87251,4.87,1.00
2018.02.07 11:40:04.032,0.87242,0.87251,1.12,1.00
2018.02.07 11:40:06.219,0.87243,0.87252,1.87,1.00
2018.02.07 11:40:07.193,0.87243,0.87252,2.62,1.00
2018.02.07 11:40:08.940,0.87244,0.87253,1.00,1.00
2018.02.07 11:40:10.010,0.87244,0.87253,1.37,1.00
2018.02.07 11:40:10.172,0.87246,0.87256,3.37,1.50
2018.02.07 11:40:10.336,0.87249,0.87258,3.75,1.00
2018.02.07 11:40:10.994,0.87249,0.87258,2.62,1.00
2018.02.07 11:40:12.512,0.8725,0.87259,1.00,1.12
2018.02.07 11:40:14.990,0.87254,0.87261,1.00,1.50
2018.02.07 11:40:15.093,0.87254,0.87263,1.50,1.00
2018.02.07 11:40:15.297,0.87253,0.8726,1.00,1.00
2018.02.07 11:40:15.401,0.8725,0.8726,1.00,1.50
2018.02.07 11:40:15.906,0.8725,0.8726,2.25,2.25
2018.02.07 11:40:16.203,0.8725,0.8726,1.50,1.12
2018.02.07 11:40:16.732,0.87251,0.8726,1.00,1.50
2018.02.07 11:40:17.074,0.87251,0.87262,2.62,1.87
2018.02.07 11:40:17.131,0.87253,0.87263,2.62,3.00
2018.02.07 11:40:18.940,0.87253,0.87263,3.37,1.50
2018.02.07 11:40:19.603,0.87253,0.87263,3.75,1.50
2018.02.07 11:40:23.599,0.87254,0.87263,1.00,1.00
2018.02.07 11:40:24.101,0.87255,0.87263,1.00,1.00
2018.02.07 11:40:26.873,0.87255,0.87265,2.62,3.00
2018.02.07 11:40:28.785,0.87257,0.87267,2.62,1.12
2018.02.07 11:40:30.710,0.87261,0.87268,1.00,1.12
2018.02.07 11:40:31.239,0.87261,0.87269,1.00,1.00
2018.02.07 11:40:38.814,0.87262,0.87269,1.00,1.00
2018.02.07 11:40:39.032,0.8726,0.87269,1.12,1.50
2018.02.07 11:40:39.239,0.87261,0.87271,1.50,1.12
2018.02.07 11:40:39.548,0.87264,0.87273,1.00,1.12
2018.02.07 11:40:40.078,0.87263,0.87273,1.75,1.12
2018.02.07 11:40:40.741,0.87265,0.87272,1.00,1.00
2018.02.07 11:40:41.345,0.87264,0.87272,1.12,1.12
2018.02.07 11:40:42.196,0.87265,0.87272,1.00,1.00
2018.02.07 11:40:42.713,0.87265,0.87274,1.00,1.37
2018.02.07 11:40:43.263,0.87264,0.87272,1.37,1.00
2018.02.07 11:40:44.873,0.87265,0.87274,1.12,1.50
2018.02.07 11:40:48.046,0.87265,0.87274,1.37,1.50
2018.02.07 11:40:50.945,0.87265,0.87274,1.00,1.50
2018.02.07 11:40:51.495,0.87265,0.87274,1.00,1.12
2018.02.07 11:40:52.233,0.87265,0.87274,1.37,1.12
2018.02.07 11:40:56.171,0.87264,0.87274,1.37,1.12
2018.02.07 11:40:56.488,0.87262,0.87271,1.50,1.50
2018.02.07 11:40:57.000,0.87261,0.87271,2.62,2.62
2018.02.07 11:40:57.398,0.87262,0.87271,2.25,1.00
2018.02.07 11:40:57.449,0.87263,0.87274,2.62,1.87
2018.02.07 11:40:58.187,0.87263,0.87272,1.37,1.00
2018.02.07 11:40:58.724,0.87263,0.87272,1.37,1.50
2018.02.07 11:40:59.000,0.87261,0.8727,1.50,1.00
2018.02.07 11:40:59.153,0.87262,0.87271,2.62,1.12
2018.02.07 11:40:59.255,0.87263,0.87274,1.50,3.00
2018.02.07 11:40:59.588,0.87262,0.8727,1.50,1.00
2018.02.07 11:40:59.916,0.87264,0.87272,1.37,2.25
2018.02.07 11:41:00.222,0.87264,0.87274,1.50,2.62
2018.02.07 11:41:00.602,0.87262,0.87268,1.12,1.00
2018.02.07 11:41:00.706,0.87257,0.87265,1.12,1.00
2018.02.07 11:41:01.247,0.87255,0.87266,2.62,2.62
2018.02.07 11:41:01.737,0.87255,0.87265,1.12,1.12
2018.02.07 11:41:01.956,0.87255,0.87264,1.00,1.87
2018.02.07 11:41:02.059,0.87254,0.87264,1.50,1.87
2018.02.07 11:41:02.111,0.87254,0.87262,1.00,1.00
2018.02.07 11:41:02.660,0.87253,0.87262,1.00,1.50
2018.02.07 11:41:03.091,0.87251,0.87262,1.50,1.50
2018.02.07 11:41:03.605,0.87251,0.87262,1.87,2.25
2018.02.07 11:41:04.417,0.8725,0.87261,2.25,1.00
2018.02.07 11:41:04.525,0.87253,0.87262,1.00,1.87
2018.02.07 11:41:05.112,0.87252,0.87262,1.00,2.62
2018.02.07 11:41:05.652,0.87252,0.87261,1.50,1.00
2018.02.07 11:41:05.780,0.8725,0.8726,1.87,1.12
2018.02.07 11:41:06.474,0.8725,0.87259,1.00,1.50
2018.02.07 11:41:07.638,0.8725,0.87258,1.00,1.00
2018.02.07 11:41:08.140,0.8725,0.87259,1.50,1.12
2018.02.07 11:41:08.678,0.87251,0.8726,1.50,1.00
2018.02.07 11:41:09.747,0.87251,0.87261,1.50,2.25
2018.02.07 11:41:11.209,0.87251,0.8726,1.50,1.12
2018.02.07 11:41:11.262,0.87249,0.87258,2.25,1.00
2018.02.07 11:41:11.817,0.87248,0.87257,1.50,1.00
2018.02.07 11:41:12.858,0.87249,0.87257,1.00,1.50
2018.02.07 11:41:14.306,0.87248,0.87257,1.50,1.00
2018.02.07 11:41:14.840,0.87249,0.87257,1.00,1.00
2018.02.07 11:41:15.382,0.87248,0.87258,1.50,3.37
2018.02.07 11:41:16.024,0.87248,0.87258,1.00,3.37
2018.02.07 11:41:16.565,0.87248,0.87258,1.50,2.62
2018.02.07 11:41:17.112,0.87247,0.87258,2.62,3.37
2018.02.07 11:41:17.661,0.87247,0.87257,2.62,1.00
2018.02.07 11:41:19.843,0.87247,0.87258,2.62,3.37
2018.02.07 11:41:21.833,0.87249,0.87258,1.00,3.00
2018.02.07 11:41:22.397,0.8725,0.87258,1.00,3.00
2018.02.07 11:41:22.934,0.8725,0.87258,1.00,2.25
2018.02.07 11:41:23.487,0.8725,0.87257,1.00,1.12
2018.02.07 11:41:23.767,0.87248,0.87256,1.00,1.00
2018.02.07 11:41:25.019,0.87248,0.87257,1.00,2.25
2018.02.07 11:41:25.460,0.87251,0.87257,1.00,2.25
2018.02.07 11:41:25.512,0.87248,0.87257,1.00,2.25
2018.02.07 11:41:26.061,0.87248,0.87257,1.00,2.62
2018.02.07 11:41:26.612,0.87247,0.87257,1.00,3.75
2018.02.07 11:41:30.572,0.87248,0.87255,1.00,1.37
2018.02.07 11:41:31.162,0.87248,0.87257,1.00,3.00
2018.02.07 11:41:31.718,0.87248,0.87256,1.00,3.00
2018.02.07 11:41:31.872,0.87246,0.87256,1.00,3.00
2018.02.07 11:41:38.840,0.87246,0.87254,1.00,1.37
2018.02.07 11:41:39.511,0.87246,0.87254,1.00,1.00
2018.02.07 11:41:41.486,0.87246,0.87255,2.25,1.00
2018.02.07 11:41:41.538,0.87249,0.87255,1.00,1.00
2018.02.07 11:41:42.063,0.87248,0.87256,1.00,1.50
2018.02.07 11:41:42.805,0.87247,0.87256,1.00,1.50
2018.02.07 11:41:43.135,0.8725,0.87256,1.00,1.00
2018.02.07 11:41:43.693,0.87251,0.87256,1.00,1.00
2018.02.07 11:41:44.731,0.87251,0.87257,1.00,1.12
2018.02.07 11:41:45.202,0.87249,0.87256,1.00,1.12
2018.02.07 11:41:45.785,0.87248,0.87256,1.00,1.12
2018.02.07 11:41:48.021,0.87248,0.87256,1.00,2.25
2018.02.07 11:41:48.525,0.87247,0.87256,1.87,1.87
2018.02.07 11:41:50.261,0.87247,0.87256,1.50,1.87
2018.02.07 11:41:50.410,0.87249,0.87256,1.00,1.87
2018.02.07 11:41:51.583,0.87249,0.87257,1.00,1.00
2018.02.07 11:41:52.126,0.87248,0.87256,1.50,1.00
2018.02.07 11:41:53.716,0.87248,0.87255,1.50,1.00
2018.02.07 11:41:54.705,0.87248,0.87256,1.00,1.00
2018.02.07 11:41:55.014,0.87248,0.87256,1.00,1.37
2018.02.07 11:41:55.731,0.87248,0.87256,1.00,1.87
2018.02.07 11:41:56.339,0.87249,0.87257,1.00,1.87
2018.02.07 11:41:56.872,0.87248,0.87257,1.00,3.75
2018.02.07 11:41:57.406,0.87248,0.87256,1.00,1.00
2018.02.07 11:41:57.973,0.87249,0.87258,1.00,2.25
2018.02.07 11:41:58.649,0.87249,0.87258,1.00,2.25
2018.02.07 11:41:59.264,0.8725,0.87257,1.50,1.00
2018.02.07 11:41:59.891,0.8725,0.87258,1.50,2.25
2018.02.07 11:42:00.457,0.87252,0.87258,1.00,1.00
2018.02.07 11:42:00.736,0.8725,0.87259,1.50,1.50
2018.02.07 11:42:00.939,0.87252,0.87259,1.00,1.50
2018.02.07 11:42:01.608,0.87251,0.87259,1.00,1.50
2018.02.07 11:42:03.419,0.8725,0.87259,1.50,1.37
2018.02.07 11:42:03.966,0.87251,0.87259,1.00,1.37
2018.02.07 11:42:04.265,0.87251,0.8726,1.87,1.50
2018.02.07 11:42:04.610,0.87253,0.87262,1.50,1.87
2018.02.07 11:42:04.821,0.87254,0.87263,1.50,1.50
2018.02.07 11:42:05.840,0.87255,0.87263,1.00,1.00
2018.02.07 11:42:06.342,0.87255,0.87264,1.00,1.12
2018.02.07 11:42:08.272,0.87256,0.87265,1.00,1.12
2018.02.07 11:42:08.632,0.87258,0.87266,1.00,1.87
2018.02.07 11:42:11.465,0.87258,0.87265,1.00,1.00
2018.02.07 11:42:12.681,0.87256,0.87265,1.50,1.50
2018.02.07 11:42:12.986,0.87256,0.87263,1.00,1.50
2018.02.07 11:42:13.088,0.87254,0.87262,1.00,1.00
2018.02.07 11:42:13.632,0.87253,0.87261,1.00,1.50
2018.02.07 11:42:14.226,0.87252,0.8726,1.00,1.12
2018.02.07 11:42:16.583,0.87251,0.87259,1.00,1.12
2018.02.07 11:42:16.685,0.87248,0.87257,1.50,1.00
2018.02.07 11:42:17.248,0.87247,0.87257,1.50,1.50
2018.02.07 11:42:18.165,0.87247,0.87257,1.50,1.50
2018.02.07 11:42:18.544,0.87248,0.87258,1.50,2.25
2018.02.07 11:42:18.649,0.87248,0.87259,2.62,1.12
2018.02.07 11:42:19.160,0.87248,0.87258,2.25,1.12
2018.02.07 11:42:19.279,0.87248,0.87256,1.00,1.00
2018.02.07 11:42:19.831,0.87247,0.87255,1.00,1.00
2018.02.07 11:42:19.984,0.87245,0.87255,1.00,2.25
2018.02.07 11:42:21.522,0.87244,0.87255,2.62,2.25
2018.02.07 11:42:22.028,0.87244,0.87254,2.25,1.50
2018.02.07 11:42:25.725,0.87244,0.87254,1.12,1.50
2018.02.07 11:42:26.262,0.87243,0.87254,1.87,1.50
2018.02.07 11:42:27.308,0.87244,0.87254,1.00,1.50
2018.02.07 11:42:27.844,0.87245,0.87254,1.00,1.37
2018.02.07 11:42:29.441,0.87245,0.87254,1.00,1.50
2018.02.07 11:42:30.042,0.87245,0.87254,1.00,1.50
2018.02.07 11:42:32.785,0.87245,0.87254,1.00,1.12
2018.02.07 11:42:35.390,0.87244,0.87254,1.00,1.50
2018.02.07 11:42:36.130,0.87245,0.87254,1.00,1.50
2018.02.07 11:42:36.459,0.87245,0.87254,1.00,1.87
2018.02.07 11:42:38.562,0.87243,0.87254,1.50,3.37
2018.02.07 11:42:41.760,0.87243,0.87254,1.50,5.25
2018.02.07 11:42:43.135,0.87244,0.87253,1.00,3.37
2018.02.07 11:42:43.341,0.87242,0.87253,2.62,2.62
2018.02.07 11:42:43.872,0.87243,0.87253,1.50,1.87
2018.02.07 11:42:45.991,0.87241,0.87249,1.12,2.25
2018.02.07 11:42:46.042,0.87239,0.87249,2.25,2.62
2018.02.07 11:42:46.093,0.87239,0.87247,1.00,1.12
2018.02.07 11:42:46.145,0.87237,0.87247,1.50,1.37
2018.02.07 11:42:46.755,0.87238,0.87248,1.00,3.37
2018.02.07 11:42:48.248,0.87238,0.87247,1.00,1.75
2018.02.07 11:42:48.584,0.8724,0.87247,1.00,1.00
2018.02.07 11:42:48.747,0.8724,0.87251,1.50,4.12
2018.02.07 11:42:48.903,0.8724,0.87248,1.00,2.25
2018.02.07 11:42:49.006,0.87238,0.87247,1.00,1.37
2018.02.07 11:42:49.530,0.87237,0.87245,1.00,1.00
2018.02.07 11:42:50.562,0.87237,0.87246,1.00,1.12
2018.02.07 11:42:50.665,0.87239,0.87246,1.00,1.00
2018.02.07 11:42:50.793,0.8724,0.87249,1.50,1.00
2018.02.07 11:42:51.684,0.87241,0.87251,1.00,3.00
2018.02.07 11:42:53.035,0.87239,0.87246,1.00,1.00
2018.02.07 11:42:53.189,0.87236,0.87246,1.00,3.00
2018.02.07 11:42:53.771,0.87236,0.87246,1.50,1.37
2018.02.07 11:42:54.285,0.87236,0.87246,1.87,1.12
2018.02.07 11:42:55.484,0.87237,0.87247,1.00,2.25
2018.02.07 11:42:56.052,0.87238,0.87247,1.00,1.87
2018.02.07 11:42:56.787,0.87238,0.87247,1.00,1.50
2018.02.07 11:42:57.828,0.87237,0.87247,1.87,1.12
2018.02.07 11:43:00.296,0.87236,0.87246,3.00,1.00
2018.02.07 11:43:00.881,0.87237,0.87247,1.50,1.37
2018.02.07 11:43:00.985,0.8724,0.87246,1.00,1.00
2018.02.07 11:43:01.039,0.8724,0.87248,1.00,1.12
2018.02.07 11:43:01.559,0.8724,0.87249,1.00,3.00
2018.02.07 11:43:02.093,0.8724,0.87248,1.00,1.87
2018.02.07 11:43:02.197,0.87238,0.87246,1.00,1.00
2018.02.07 11:43:03.171,0.87239,0.87248,1.00,2.25
2018.02.07 11:43:03.222,0.87239,0.87248,1.50,1.87
2018.02.07 11:43:03.743,0.8724,0.87248,1.00,1.87
2018.02.07 11:43:03.854,0.87242,0.8725,1.00,1.12
2018.02.07 11:43:04.424,0.87243,0.8725,1.00,1.12
2018.02.07 11:43:07.828,0.87243,0.87251,1.00,1.87
2018.02.07 11:43:10.507,0.87242,0.87251,1.00,1.87
2018.02.07 11:43:11.044,0.87241,0.87251,2.25,1.87
2018.02.07 11:43:11.724,0.87241,0.8725,2.25,1.00
2018.02.07 11:43:13.295,0.87246,0.8725,1.00,1.00
2018.02.07 11:43:23.461,0.87243,0.87248,1.00,1.00
2018.02.07 11:43:23.513,0.87242,0.87246,1.00,1.00
2018.02.07 11:43:25.681,0.87242,0.87248,1.00,3.00
2018.02.07 11:43:28.236,0.87242,0.87247,1.00,1.00
2018.02.07 11:43:28.774,0.87243,0.87247,1.00,1.12
2018.02.07 11:43:29.323,0.87246,0.8725,1.00,1.12
2018.02.07 11:43:31.151,0.87247,0.87251,1.00,1.87
2018.02.07 11:43:32.173,0.87247,0.87251,1.00,1.50
2018.02.07 11:43:34.913,0.87247,0.87253,1.00,3.37
2018.02.07 11:43:35.328,0.87249,0.87254,1.00,1.00
2018.02.07 11:43:35.385,0.8725,0.87254,1.00,1.00
2018.02.07 11:43:36.017,0.87251,0.87257,1.00,1.50
2018.02.07 11:43:37.555,0.8725,0.87256,1.00,1.50
2018.02.07 11:43:37.606,0.87249,0.87256,1.00,1.50
2018.02.07 11:43:37.657,0.87251,0.87256,1.00,1.50
2018.02.07 11:43:38.658,0.87251,0.87256,1.00,1.12
2018.02.07 11:43:39.371,0.87251,0.87257,1.00,1.87
2018.02.07 11:43:41.951,0.8725,0.87254,1.00,1.00
2018.02.07 11:43:42.302,0.87249,0.87253,1.00,1.00
2018.02.07 11:43:42.831,0.87249,0.87253,1.00,1.00
2018.02.07 11:43:45.040,0.87248,0.87253,1.00,1.12
2018.02.07 11:43:46.231,0.87248,0.87253,1.00,1.87
2018.02.07 11:43:46.402,0.87245,0.87251,1.00,1.00
2018.02.07 11:43:46.453,0.87246,0.87251,1.00,1.50
2018.02.07 11:43:46.505,0.87245,0.87251,1.00,1.50
2018.02.07 11:43:46.891,0.87244,0.87248,1.00,1.00
2018.02.07 11:43:47.403,0.87243,0.87248,1.00,1.50
2018.02.07 11:43:48.398,0.87239,0.87248,1.00,1.37
2018.02.07 11:43:48.916,0.87238,0.87249,1.87,1.87
2018.02.07 11:43:49.043,0.8724,0.87249,1.00,1.50
2018.02.07 11:43:51.059,0.87239,0.87248,1.00,1.00
2018.02.07 11:43:53.124,0.87238,0.87247,1.37,1.00
2018.02.07 11:43:53.535,0.87237,0.87247,1.87,1.50
2018.02.07 11:43:53.638,0.87237,0.87244,1.00,1.00
2018.02.07 11:43:53.741,0.87233,0.87243,2.25,1.00
2018.02.07 11:43:53.844,0.87233,0.87243,1.12,1.00
2018.02.07 11:43:54.205,0.87234,0.87245,1.12,2.62
2018.02.07 11:43:54.716,0.87234,0.87245,2.25,1.50
2018.02.07 11:43:55.915,0.87236,0.87245,1.00,1.50
2018.02.07 11:43:56.506,0.87238,0.87248,1.00,1.87
2018.02.07 11:43:57.030,0.87237,0.87248,3.75,2.25
2018.02.07 11:43:58.202,0.87239,0.87249,1.50,1.37
2018.02.07 11:43:58.538,0.87241,0.8725,1.00,1.50
2018.02.07 11:43:59.117,0.8724,0.8725,1.50,1.87
2018.02.07 11:43:59.622,0.8724,0.8725,1.00,1.87
2018.02.07 11:44:00.172,0.8724,0.87251,2.25,2.62
2018.02.07 11:44:00.843,0.8724,0.87251,2.62,2.25
2018.02.07 11:44:01.614,0.87241,0.87251,1.00,1.87
2018.02.07 11:44:02.197,0.87241,0.87251,1.00,2.62
2018.02.07 11:44:03.433,0.8724,0.8725,2.62,1.00
2018.02.07 11:44:03.808,0.87242,0.8725,1.00,1.12
2018.02.07 11:44:04.930,0.8724,0.8725,2.25,1.12
2018.02.07 11:44:05.589,0.8724,0.87249,1.50,1.00
2018.02.07 11:44:06.737,0.87238,0.87245,1.00,1.00
2018.02.07 11:44:06.946,0.87236,0.87245,3.37,1.00
2018.02.07 11:44:08.052,0.87238,0.87245,1.00,1.00
2018.02.07 11:44:08.155,0.87239,0.87248,1.00,1.87
2018.02.07 11:44:08.670,0.87238,0.87247,1.00,1.00
2018.02.07 11:44:09.298,0.87239,0.87248,2.25,1.50
2018.02.07 11:44:09.504,0.8724,0.8725,1.37,1.12
2018.02.07 11:44:10.224,0.87239,0.87248,1.87,1.12
2018.02.07 11:44:10.759,0.87238,0.87248,1.87,1.37
2018.02.07 11:44:12.633,0.87239,0.87248,2.25,1.50
2018.02.07 11:44:12.941,0.87241,0.87248,1.00,1.00
2018.02.07 11:44:13.414,0.87238,0.87249,2.62,1.50
2018.02.07 11:44:13.925,0.87238,0.87249,1.87,3.37
2018.02.07 11:44:14.924,0.87238,0.87249,1.50,3.37
2018.02.07 11:44:15.470,0.87238,0.87249,2.25,2.25
2018.02.07 11:44:15.974,0.87239,0.8725,2.25,1.00
2018.02.07 11:44:16.827,0.87239,0.87251,3.00,2.25
2018.02.07 11:44:17.331,0.87239,0.8725,3.00,1.00
2018.02.07 11:44:17.882,0.87239,0.8725,3.00,1.37
2018.02.07 11:44:18.001,0.87238,0.87248,1.00,1.00
2018.02.07 11:44:18.650,0.87237,0.87247,1.12,1.12
2018.02.07 11:44:21.728,0.87237,0.87248,3.00,1.12
2018.02.07 11:44:22.109,0.8724,0.87249,1.00,1.50
2018.02.07 11:44:22.161,0.87241,0.87251,1.00,1.50
2018.02.07 11:44:22.802,0.87241,0.87253,1.87,6.75
2018.02.07 11:44:23.486,0.87241,0.87252,1.50,3.37
2018.02.07 11:44:25.453,0.87241,0.87252,1.87,3.00
2018.02.07 11:44:25.943,0.87243,0.87253,1.00,1.50
2018.02.07 11:44:26.189,0.87243,0.87254,2.25,1.12
2018.02.07 11:44:27.947,0.87243,0.87252,2.25,1.00
2018.02.07 11:44:28.921,0.87243,0.87254,1.50,1.87
2018.02.07 11:44:29.268,0.87246,0.87257,1.00,3.00
2018.02.07 11:44:29.773,0.87246,0.87257,2.25,1.50
2018.02.07 11:44:30.297,0.87246,0.87257,3.00,1.00
2018.02.07 11:44:30.836,0.87246,0.87257,1.87,1.50
2018.02.07 11:44:30.999,0.87246,0.87255,1.00,1.37
2018.02.07 11:44:31.803,0.87246,0.87256,1.00,1.00
2018.02.07 11:44:32.316,0.87244,0.87254,1.00,1.50
2018.02.07 11:44:32.917,0.87243,0.87254,3.00,1.50
2018.02.07 11:44:33.233,0.87243,0.87252,1.00,1.00
2018.02.07 11:44:33.907,0.87241,0.87252,3.00,1.37
2018.02.07 11:44:34.746,0.87243,0.87253,1.00,1.12
2018.02.07 11:44:35.718,0.87244,0.87255,1.12,3.00
2018.02.07 11:44:35.770,0.87246,0.87255,1.00,1.87
2018.02.07 11:44:36.440,0.87247,0.87257,1.12,1.37
2018.02.07 11:44:36.696,0.87247,0.87258,1.87,3.00
2018.02.07 11:44:36.748,0.87247,0.87256,1.87,1.00
2018.02.07 11:44:37.549,0.87247,0.87256,2.25,1.00
2018.02.07 11:44:37.652,0.87245,0.87255,3.00,1.00
2018.02.07 11:44:38.079,0.87243,0.87253,3.75,1.00
2018.02.07 11:44:38.130,0.87243,0.87254,1.50,2.62
2018.02.07 11:44:39.145,0.87243,0.87252,1.12,1.00
2018.02.07 11:44:39.652,0.87243,0.87253,1.12,1.12
2018.02.07 11:44:40.474,0.87242,0.87253,3.00,1.37
2018.02.07 11:44:41.224,0.87244,0.87255,1.12,4.50
2018.02.07 11:44:41.275,0.87246,0.87255,1.00,1.00
2018.02.07 11:44:42.320,0.87246,0.87256,1.87,1.50
2018.02.07 11:44:42.575,0.87246,0.87257,2.25,1.12
2018.02.07 11:44:42.829,0.87247,0.87258,1.50,2.62
2018.02.07 11:44:42.982,0.87248,0.87259,2.25,1.87
2018.02.07 11:44:43.033,0.87248,0.87259,2.25,1.00
2018.02.07 11:44:43.540,0.8725,0.8726,1.37,1.00
2018.02.07 11:44:44.252,0.87249,0.8726,2.62,1.50
2018.02.07 11:44:44.492,0.87251,0.87261,1.00,1.50
2018.02.07 11:44:44.595,0.87253,0.87263,1.50,1.87
2018.02.07 11:44:44.816,0.87257,0.87266,1.50,1.75
2018.02.07 11:44:44.868,0.87258,0.87269,1.50,1.12
2018.02.07 11:44:47.143,0.8726,0.87269,1.00,1.12
2018.02.07 11:44:47.457,0.87259,0.87268,1.00,1.50
2018.02.07 11:44:47.992,0.8726,0.8727,1.12,2.62
2018.02.07 11:44:48.776,0.87261,0.8727,1.00,1.50
2018.02.07 11:44:50.041,0.87261,0.8727,1.50,1.12
2018.02.07 11:44:51.192,0.87261,0.87271,2.25,1.50
2018.02.07 11:44:51.396,0.87261,0.87269,1.00,1.00
2018.02.07 11:44:51.511,0.87259,0.87268,1.12,1.00
2018.02.07 11:44:51.614,0.87257,0.87267,1.00,1.50
2018.02.07 11:44:52.145,0.87256,0.87267,1.00,1.50
2018.02.07 11:44:52.702,0.87257,0.87267,1.00,1.37
2018.02.07 11:44:53.058,0.87255,0.87266,2.25,2.25
2018.02.07 11:44:53.216,0.87257,0.87266,1.50,1.12
2018.02.07 11:44:53.792,0.87256,0.87267,2.62,1.50
2018.02.07 11:44:54.104,0.87251,0.87261,2.25,1.50
2018.02.07 11:44:54.316,0.87251,0.87261,1.00,1.50
2018.02.07 11:44:54.688,0.87251,0.87261,2.25,1.00
2018.02.07 11:44:55.397,0.87253,0.87262,1.12,1.00
2018.02.07 11:44:55.988,0.87253,0.87264,1.87,2.62
2018.02.07 11:44:56.410,0.87254,0.87265,2.25,1.12
2018.02.07 11:44:56.923,0.87254,0.87263,1.00,1.00
2018.02.07 11:44:58.622,0.87253,0.87261,1.37,1.00
2018.02.07 11:44:59.422,0.87253,0.87262,1.00,1.00
2018.02.07 11:44:59.753,0.87251,0.87262,1.87,1.12
2018.02.07 11:45:00.261,0.87251,0.87261,2.62,1.00
2018.02.07 11:45:01.551,0.87252,0.87261,1.00,2.25
2018.02.07 11:45:03.531,0.87253,0.87261,1.00,1.50
2018.02.07 11:45:03.783,0.87249,0.87258,4.87,1.00
2018.02.07 11:45:03.837,0.87248,0.87258,1.87,1.00
2018.02.07 11:45:04.042,0.8725,0.8726,1.00,3.00
2018.02.07 11:45:04.451,0.87252,0.87261,1.00,1.87
2018.02.07 11:45:04.960,0.87252,0.87261,1.00,1.50
2018.02.07 11:45:05.584,0.87251,0.87261,1.50,1.50
2018.02.07 11:45:06.293,0.87252,0.87261,2.25,1.00
2018.02.07 11:45:06.929,0.87253,0.87263,1.00,3.37
2018.02.07 11:45:08.098,0.87253,0.87263,1.50,2.62
2018.02.07 11:45:08.657,0.87253,0.87264,1.87,2.62
2018.02.07 11:45:09.017,0.87253,0.87263,1.12,1.50
2018.02.07 11:45:09.119,0.87252,0.87263,1.87,1.12
2018.02.07 11:45:09.671,0.87252,0.87263,1.50,1.87
2018.02.07 11:45:09.722,0.87251,0.87262,1.50,1.87
2018.02.07 11:45:10.227,0.87251,0.87261,1.00,1.12
2018.02.07 11:45:10.535,0.87248,0.87256,1.00,1.00
2018.02.07 11:45:10.967,0.87248,0.87258,1.00,1.12
2018.02.07 11:45:11.172,0.87249,0.8726,1.12,3.00
2018.02.07 11:45:11.324,0.87248,0.87259,1.87,1.50
2018.02.07 11:45:12.363,0.87247,0.87258,2.62,3.37
2018.02.07 11:45:13.998,0.87247,0.87258,1.12,1.87
2018.02.07 11:45:14.481,0.8725,0.87258,1.00,1.00
2018.02.07 11:45:17.139,0.87251,0.87259,1.50,1.00
2018.02.07 11:45:17.482,0.87255,0.87263,1.00,1.00
2018.02.07 11:45:18.608,0.87255,0.87265,1.12,1.50
2018.02.07 11:45:19.147,0.87252,0.87262,2.25,1.00
2018.02.07 11:45:19.252,0.8725,0.87261,2.25,1.00
2018.02.07 11:45:19.407,0.87249,0.8726,2.25,1.50
2018.02.07 11:45:19.562,0.87249,0.8726,2.62,1.50
2018.02.07 11:45:20.426,0.87251,0.87261,1.50,1.00
2018.02.07 11:45:20.934,0.87251,0.87262,1.50,2.25
2018.02.07 11:45:21.245,0.87254,0.87263,1.00,1.00
2018.02.07 11:45:23.470,0.87255,0.87263,1.00,1.00
2018.02.07 11:45:24.066,0.87254,0.87263,1.50,1.00
2018.02.07 11:45:25.174,0.87255,0.87263,1.00,1.00
2018.02.07 11:45:26.280,0.87255,0.87262,1.00,1.00
2018.02.07 11:45:26.561,0.87253,0.87264,1.87,3.75
2018.02.07 11:45:27.067,0.87255,0.87264,2.25,1.00
2018.02.07 11:45:27.225,0.87257,0.87267,1.12,1.87
2018.02.07 11:45:27.696,0.87259,0.87267,1.00,1.50
2018.02.07 11:45:30.169,0.87258,0.87267,1.87,1.50
2018.02.07 11:45:30.968,0.87258,0.87269,2.62,2.62
2018.02.07 11:45:31.274,0.8726,0.87269,1.50,1.50
2018.02.07 11:45:32.103,0.8726,0.87269,1.50,1.12
2018.02.07 11:45:32.899,0.8726,0.87269,1.50,1.12
2018.02.07 11:45:32.951,0.87259,0.87269,1.12,1.12
2018.02.07 11:45:34.729,0.87259,0.87269,1.00,1.87
2018.02.07 11:45:37.690,0.87258,0.87268,1.00,1.50
2018.02.07 11:45:45.880,0.87257,0.87268,2.25,1.12
2018.02.07 11:45:46.222,0.87256,0.87266,1.00,1.00
2018.02.07 11:45:46.739,0.87257,0.87267,1.00,3.00
2018.02.07 11:45:47.584,0.87256,0.87267,3.00,3.00
2018.02.07 11:45:47.926,0.87256,0.87265,1.50,1.37
2018.02.07 11:45:48.387,0.87256,0.87266,1.37,1.12
2018.02.07 11:45:49.043,0.87257,0.87267,1.12,1.87
2018.02.07 11:45:50.293,0.87257,0.87268,1.12,2.25
2018.02.07 11:45:51.714,0.87259,0.87268,1.00,1.12
2018.02.07 11:45:52.066,0.87261,0.87268,1.00,1.00
2018.02.07 11:45:52.453,0.87259,0.87268,1.00,1.00
2018.02.07 11:45:53.992,0.87259,0.87267,1.12,1.87
2018.02.07 11:45:54.045,0.87255,0.87263,1.12,1.00
2018.02.07 11:45:54.457,0.87257,0.87267,1.00,2.25
2018.02.07 11:45:54.963,0.87257,0.87267,2.62,1.00
2018.02.07 11:45:55.509,0.8726,0.87268,1.12,1.00
2018.02.07 11:45:55.698,0.87261,0.8727,1.12,2.25
2018.02.07 11:45:55.803,0.87261,0.87271,1.00,2.62
2018.02.07 11:45:56.109,0.87257,0.87265,1.00,1.12
2018.02.07 11:45:56.519,0.87259,0.87267,1.00,1.50
2018.02.07 11:45:56.570,0.8726,0.87269,1.37,1.50
2018.02.07 11:45:57.099,0.87259,0.87268,2.25,1.37
2018.02.07 11:45:57.260,0.87258,0.87266,1.12,1.00
2018.02.07 11:45:57.788,0.87257,0.87266,1.12,1.37
2018.02.07 11:45:58.347,0.87258,0.87267,1.00,2.25
2018.02.07 11:45:58.923,0.87258,0.87268,1.12,2.62
2018.02.07 11:46:00.115,0.87258,0.87268,1.50,2.62
2018.02.07 11:46:00.219,0.87256,0.87266,1.12,1.37
2018.02.07 11:46:00.668,0.87253,0.87263,2.25,1.12
2018.02.07 11:46:01.080,0.87253,0.87263,1.12,2.25
2018.02.07 11:46:01.425,0.87249,0.87259,1.75,2.25
2018.02.07 11:46:01.476,0.87249,0.87259,1.50,1.50
2018.02.07 11:46:01.832,0.87247,0.87258,1.87,2.62
2018.02.07 11:46:03.033,0.87247,0.87258,1.87,3.00
2018.02.07 11:46:03.608,0.87248,0.87258,1.87,3.00
2018.02.07 11:46:07.291,0.87248,0.87258,1.12,3.00
2018.02.07 11:46:08.517,0.87248,0.87258,1.87,2.62
2018.02.07 11:46:08.705,0.87251,0.8726,1.00,3.37
2018.02.07 11:46:08.999,0.87249,0.87257,1.12,1.00
2018.02.07 11:46:09.603,0.8725,0.87257,1.00,1.00
2018.02.07 11:46:09.810,0.87251,0.87259,1.00,1.00
2018.02.07 11:46:09.936,0.87253,0.87259,1.00,1.00
2018.02.07 11:46:10.567,0.87252,0.87259,1.00,2.62
2018.02.07 11:46:11.069,0.87252,0.87257,1.00,1.00
2018.02.07 11:46:11.584,0.87251,0.87258,1.00,1.00
2018.02.07 11:46:12.436,0.87253,0.87259,1.00,1.00
2018.02.07 11:46:12.602,0.87253,0.87261,1.00,1.50
2018.02.07 11:46:12.704,0.87257,0.87263,1.00,2.25
2018.02.07 11:46:12.859,0.87257,0.87264,1.00,1.50
2018.02.07 11:46:13.738,0.87257,0.87263,1.00,1.00
2018.02.07 11:46:14.247,0.87256,0.87263,1.00,1.87
2018.02.07 11:46:15.120,0.87254,0.87262,1.00,1.12
2018.02.07 11:46:15.334,0.87256,0.87262,1.00,1.50
2018.02.07 11:46:16.767,0.87256,0.87262,1.00,1.37
2018.02.07 11:46:17.134,0.87256,0.87263,1.00,1.12
2018.02.07 11:46:21.205,0.87257,0.87265,1.00,2.25
2018.02.07 11:46:21.748,0.87258,0.87265,1.00,1.00
2018.02.07 11:46:22.257,0.87259,0.87266,1.00,1.87
2018.02.07 11:46:22.971,0.87259,0.87267,1.00,1.87
2018.02.07 11:46:23.072,0.87259,0.87268,1.50,2.25
2018.02.07 11:46:23.123,0.87263,0.87268,1.00,1.50
2018.02.07 11:46:23.680,0.87262,0.87268,1.00,1.50
2018.02.07 11:46:23.894,0.8726,0.87268,1.00,1.50
2018.02.07 11:46:24.101,0.87262,0.87267,1.00,1.00
2018.02.07 11:46:26.005,0.87261,0.87268,1.00,3.00
2018.02.07 11:46:27.911,0.87258,0.87265,1.00,1.00
2018.02.07 11:46:28.288,0.87258,0.87265,1.00,2.62
2018.02.07 11:46:28.442,0.87256,0.87262,1.00,1.00
2018.02.07 11:46:28.783,0.87251,0.87262,3.00,1.50
2018.02.07 11:46:29.497,0.87251,0.87261,2.62,1.00
2018.02.07 11:46:29.600,0.87251,0.87259,1.00,1.00
2018.02.07 11:46:29.775,0.87248,0.87259,3.37,1.50
2018.02.07 11:46:31.032,0.87249,0.87259,1.12,2.25
2018.02.07 11:46:31.577,0.87251,0.87261,1.00,1.50
2018.02.07 11:46:31.681,0.87252,0.87262,1.50,1.00
2018.02.07 11:46:31.785,0.87253,0.87263,2.25,1.00
2018.02.07 11:46:32.348,0.87254,0.87264,1.87,1.50
2018.02.07 11:46:33.255,0.87254,0.87264,1.50,1.50
2018.02.07 11:46:34.701,0.87255,0.87264,1.00,1.50
2018.02.07 11:46:36.761,0.87255,0.87263,1.00,1.00
2018.02.07 11:46:37.532,0.87254,0.87263,1.00,1.00
2018.02.07 11:46:37.850,0.87253,0.87262,1.00,2.25
2018.02.07 11:46:38.168,0.87256,0.87263,1.00,1.87
2018.02.07 11:46:38.687,0.87255,0.87263,1.00,1.50
2018.02.07 11:46:38.790,0.87256,0.87264,1.00,2.25
2018.02.07 11:46:39.941,0.87256,0.87264,1.00,2.62
2018.02.07 11:46:40.334,0.87257,0.87265,1.00,1.00
2018.02.07 11:46:40.875,0.87256,0.87264,1.00,1.00
2018.02.07 11:46:41.952,0.87256,0.87264,1.00,1.37
2018.02.07 11:46:43.019,0.87256,0.87264,1.00,1.00
2018.02.07 11:46:44.751,0.87256,0.87263,1.00,1.12
2018.02.07 11:46:44.804,0.87254,0.87262,1.00,1.12
2018.02.07 11:46:45.167,0.87256,0.87263,1.00,1.87
2018.02.07 11:46:47.093,0.87254,0.87264,1.50,1.00
2018.02.07 11:46:47.145,0.87255,0.87263,1.00,1.37
2018.02.07 11:46:47.198,0.87253,0.87263,1.12,1.87
2018.02.07 11:46:47.701,0.87254,0.87261,1.00,1.00
2018.02.07 11:46:48.989,0.87254,0.87262,1.00,1.00
2018.02.07 11:46:49.524,0.87254,0.87261,1.00,1.00
2018.02.07 11:46:50.073,0.87253,0.87261,1.00,1.12
2018.02.07 11:46:51.218,0.87253,0.87262,1.00,1.50
2018.02.07 11:46:53.017,0.87253,0.87262,1.00,1.87
2018.02.07 11:46:54.238,0.87254,0.87262,1.00,1.00
2018.02.07 11:46:54.520,0.87257,0.87262,1.00,1.00
2018.02.07 11:46:54.572,0.87255,0.87263,1.00,1.12
2018.02.07 11:46:55.082,0.87255,0.87264,1.00,1.12
2018.02.07 11:46:55.289,0.87259,0.87265,1.00,1.00
2018.02.07 11:46:55.345,0.87259,0.87267,1.00,1.12
2018.02.07 11:46:57.365,0.87261,0.87267,1.00,1.00
2018.02.07 11:46:58.222,0.87261,0.87268,1.00,1.00
2018.02.07 11:46:59.872,0.87257,0.87266,1.87,1.12
2018.02.07 11:46:59.980,0.87257,0.87263,1.00,1.00
2018.02.07 11:47:00.538,0.87256,0.87263,1.87,1.00
2018.02.07 11:47:01.069,0.87256,0.87263,2.25,1.00
2018.02.07 11:47:02.574,0.87256,0.87263,1.00,1.12
2018.02.07 11:47:03.095,0.87256,0.87264,1.00,1.00
2018.02.07 11:47:03.434,0.87255,0.87262,1.00,1.00
2018.02.07 11:47:07.883,0.87255,0.87262,1.50,1.00
2018.02.07 11:47:09.636,0.87255,0.87263,1.50,1.00
2018.02.07 11:47:10.150,0.87255,0.87263,1.50,1.00
2018.02.07 11:47:10.594,0.87254,0.87262,1.87,1.00
2018.02.07 11:47:10.698,0.87253,0.8726,1.37,1.00
2018.02.07 11:47:12.684,0.87252,0.8726,3.00,1.00
2018.02.07 11:47:14.946,0.87253,0.8726,1.50,1.00
2018.02.07 11:47:15.223,0.87255,0.87262,1.12,1.00
2018.02.07 11:47:15.276,0.87256,0.87263,1.50,1.00
2018.02.07 11:47:15.792,0.87254,0.87264,1.50,1.00
2018.02.07 11:47:16.010,0.87257,0.87266,1.12,1.37
2018.02.07 11:47:16.351,0.87257,0.87266,2.25,1.37
2018.02.07 11:47:17.008,0.87257,0.87266,2.25,1.00
2018.02.07 11:47:20.151,0.87256,0.87263,1.12,1.00
2018.02.07 11:47:21.639,0.87256,0.87265,1.12,1.00
2018.02.07 11:47:22.792,0.87255,0.87265,2.25,1.12
2018.02.07 11:47:23.791,0.87256,0.87265,1.00,1.00
2018.02.07 11:47:24.334,0.87255,0.87264,2.25,1.00
2018.02.07 11:47:24.490,0.87257,0.87266,1.50,1.12
2018.02.07 11:47:24.914,0.87255,0.87261,1.12,1.00
2018.02.07 11:47:25.016,0.87253,0.87261,1.12,1.00
2018.02.07 11:47:25.843,0.87252,0.87259,1.12,1.00
2018.02.07 11:47:26.241,0.87252,0.87261,4.12,1.00
2018.02.07 11:47:27.611,0.87253,0.87262,2.25,1.12
2018.02.07 11:47:28.330,0.87253,0.87261,1.75,1.00
2018.02.07 11:47:29.922,0.87252,0.87261,3.00,1.00
2018.02.07 11:47:31.875,0.87254,0.87261,1.00,1.00
2018.02.07 11:47:33.929,0.87253,0.87262,1.50,1.00
2018.02.07 11:47:34.220,0.87257,0.87267,1.50,2.62
2018.02.07 11:47:36.281,0.87259,0.87267,1.00,1.00
2018.02.07 11:47:36.889,0.87258,0.87267,1.00,1.00
2018.02.07 11:47:38.029,0.87257,0.87265,1.87,1.00
2018.02.07 11:47:38.131,0.87257,0.87267,1.50,1.50
2018.02.07 11:47:38.641,0.87257,0.87266,2.25,1.00
2018.02.07 11:47:39.712,0.87257,0.87266,2.25,1.00
2018.02.07 11:47:44.428,0.87257,0.87266,1.50,1.00
2018.02.07 11:47:44.967,0.87257,0.87265,1.50,1.00
2018.02.07 11:47:46.976,0.87257,0.87264,1.00,1.00
2018.02.07 11:47:47.357,0.87254,0.87262,1.75,1.00
2018.02.07 11:47:47.461,0.87252,0.87262,2.25,1.12
2018.02.07 11:47:48.165,0.87252,0.87262,1.37,1.50
2018.02.07 11:47:48.715,0.87252,0.87262,1.12,1.50
2018.02.07 11:47:50.621,0.87251,0.8726,1.37,1.00
2018.02.07 11:47:51.141,0.87249,0.87258,2.25,1.00
2018.02.07 11:47:51.194,0.87249,0.87257,1.12,1.00
2018.02.07 11:47:51.732,0.87248,0.87257,3.00,1.00
2018.02.07 11:47:52.134,0.87248,0.87255,1.87,1.00
2018.02.07 11:47:52.780,0.87247,0.87254,1.00,1.00
2018.02.07 11:47:52.884,0.87247,0.87256,1.12,1.00
2018.02.07 11:47:53.423,0.87245,0.87255,3.37,1.00
2018.02.07 11:47:53.526,0.87245,0.87255,3.37,1.00
2018.02.07 11:47:54.045,0.87245,0.87255,3.00,1.00
2018.02.07 11:47:54.537,0.87249,0.87256,1.00,1.00
2018.02.07 11:47:55.729,0.87248,0.87258,1.50,1.00
2018.02.07 11:47:56.227,0.87248,0.87256,1.50,1.00
2018.02.07 11:47:56.425,0.87247,0.87255,1.00,1.00
2018.02.07 11:47:56.477,0.87245,0.87255,1.12,1.00
2018.02.07 11:47:56.987,0.87245,0.87254,1.50,1.00
2018.02.07 11:47:57.090,0.87245,0.87254,1.12,1.00
2018.02.07 11:47:57.653,0.87245,0.87255,1.50,1.12
2018.02.07 11:47:58.272,0.87245,0.87255,1.50,1.12
2018.02.07 11:47:58.803,0.87245,0.87255,1.50,1.37
2018.02.07 11:47:59.674,0.87245,0.87254,1.50,1.00
2018.02.07 11:48:00.764,0.87245,0.87255,1.50,1.00
2018.02.07 11:48:01.022,0.87251,0.87261,1.50,2.25
2018.02.07 11:48:01.125,0.87253,0.87262,1.75,1.00
2018.02.07 11:48:01.302,0.87253,0.87261,1.12,1.12
2018.02.07 11:48:01.455,0.87251,0.87261,1.00,1.50
2018.02.07 11:48:01.507,0.87251,0.87261,1.75,1.00
2018.02.07 11:48:01.814,0.87251,0.87259,1.12,1.00
2018.02.07 11:48:02.314,0.87252,0.87259,1.50,1.00
2018.02.07 11:48:02.703,0.87251,0.87259,1.12,1.00
2018.02.07 11:48:03.411,0.87249,0.87258,3.00,1.00
2018.02.07 11:48:03.698,0.87249,0.87256,1.50,1.00
2018.02.07 11:48:04.225,0.87248,0.87256,1.50,1.00
2018.02.07 11:48:04.441,0.87247,0.87256,1.50,1.00
2018.02.07 11:48:05.328,0.87245,0.87255,2.25,1.00
2018.02.07 11:48:06.354,0.87246,0.87254,1.87,1.00
2018.02.07 11:48:06.406,0.87246,0.87254,1.50,1.00
2018.02.07 11:48:06.613,0.87245,0.87254,1.12,1.00
2018.02.07 11:48:06.923,0.87245,0.87253,1.50,1.00
2018.02.07 11:48:07.472,0.87245,0.87253,1.50,1.00
2018.02.07 11:48:07.576,0.87245,0.87255,1.50,1.00
2018.02.07 11:48:07.820,0.87247,0.87256,1.37,1.12
2018.02.07 11:48:08.209,0.87249,0.87256,1.50,1.00
2018.02.07 11:48:08.311,0.87249,0.87256,1.00,1.00
2018.02.07 11:48:08.918,0.87248,0.87256,1.50,1.00
2018.02.07 11:48:10.089,0.87247,0.87256,1.50,1.00
2018.02.07 11:48:11.364,0.87246,0.87255,1.50,1.00
2018.02.07 11:48:11.856,0.87246,0.87253,1.00,1.00
2018.02.07 11:48:11.960,0.87244,0.87252,1.00,1.00
2018.02.07 11:48:15.370,0.87242,0.87252,3.00,1.00
2018.02.07 11:48:16.153,0.87242,0.87251,2.25,1.00
2018.02.07 11:48:16.258,0.87243,0.87253,1.12,1.12
2018.02.07 11:48:16.361,0.87245,0.87254,1.00,1.00
2018.02.07 11:48:16.897,0.87245,0.87253,1.12,1.00
2018.02.07 11:48:18.099,0.87243,0.87253,3.37,1.00
2018.02.07 11:48:18.600,0.87245,0.87253,1.00,1.00
2018.02.07 11:48:18.806,0.87245,0.87255,1.12,1.50
2018.02.07 11:48:18.859,0.87246,0.87256,1.50,1.00
2018.02.07 11:48:19.368,0.87246,0.87256,2.25,1.00
2018.02.07 11:48:21.194,0.87247,0.87256,1.50,1.00
2018.02.07 11:48:21.803,0.87247,0.87255,2.25,1.00
2018.02.07 11:48:22.775,0.87246,0.87255,3.00,1.00
2018.02.07 11:48:24.958,0.87246,0.87255,1.50,1.00
2018.02.07 11:48:25.478,0.87246,0.87256,1.50,1.50
2018.02.07 11:48:26.014,0.87246,0.87256,1.75,1.00
2018.02.07 11:48:26.775,0.87246,0.87256,1.50,1.00
2018.02.07 11:48:28.401,0.87246,0.87255,1.50,1.00
2018.02.07 11:48:29.057,0.87247,0.87256,2.25,1.12
2018.02.07 11:48:31.313,0.87248,0.87256,1.00,1.00
2018.02.07 11:48:31.842,0.87247,0.87256,3.00,1.00
2018.02.07 11:48:32.163,0.87247,0.87254,1.00,1.00
2018.02.07 11:48:32.826,0.87244,0.87252,2.62,1.00
2018.02.07 11:48:33.397,0.87244,0.87252,1.00,1.00
2018.02.07 11:48:33.741,0.87246,0.87253,1.00,1.00
2018.02.07 11:48:34.129,0.87243,0.87251,1.75,1.00
2018.02.07 11:48:34.632,0.87243,0.87252,1.50,1.00
2018.02.07 11:48:38.396,0.87242,0.87251,3.37,1.00
2018.02.07 11:48:38.448,0.87241,0.87251,2.25,1.12
2018.02.07 11:48:45.239,0.87244,0.87251,1.00,1.00
2018.02.07 11:48:45.858,0.87244,0.87252,1.50,1.00
2018.02.07 11:48:47.975,0.87244,0.87253,1.00,1.87
2018.02.07 11:48:49.537,0.87245,0.87252,1.00,1.00
2018.02.07 11:48:50.041,0.87246,0.87254,1.00,1.37
2018.02.07 11:48:50.754,0.87246,0.87254,1.00,1.00
2018.02.07 11:48:52.030,0.87246,0.87254,1.50,1.00
2018.02.07 11:48:52.766,0.87244,0.87254,3.00,1.50
2018.02.07 11:48:52.818,0.87244,0.87252,1.87,1.00
2018.02.07 11:48:52.921,0.87242,0.87252,1.00,2.25
2018.02.07 11:48:53.473,0.87242,0.87252,1.00,1.50
2018.02.07 11:48:53.647,0.87242,0.87252,1.12,1.87
2018.02.07 11:48:53.784,0.87242,0.87252,1.00,1.87
2018.02.07 11:48:54.234,0.87241,0.87251,2.25,1.37
2018.02.07 11:48:54.459,0.87239,0.87248,1.87,1.00
2018.02.07 11:48:54.614,0.87239,0.87248,2.25,1.00
2018.02.07 11:48:56.279,0.8724,0.87249,1.87,1.00
2018.02.07 11:48:56.798,0.87241,0.8725,2.25,1.00
2018.02.07 11:48:58.512,0.87241,0.87251,2.25,1.00
2018.02.07 11:49:00.056,0.87244,0.87253,1.00,2.62
2018.02.07 11:49:00.365,0.87244,0.87253,1.75,1.00
2018.02.07 11:49:00.701,0.87244,0.87252,1.00,1.00
2018.02.07 11:49:00.805,0.87241,0.87251,2.62,1.37
2018.02.07 11:49:01.063,0.8724,0.87249,2.25,1.00
2018.02.07 11:49:03.044,0.87241,0.8725,1.00,1.50
2018.02.07 11:49:04.309,0.8724,0.87249,1.50,1.00
2018.02.07 11:49:05.390,0.8724,0.87249,1.00,1.50
2018.02.07 11:49:05.927,0.87239,0.87249,1.87,1.50
2018.02.07 11:49:06.653,0.87239,0.87248,1.50,1.37
2018.02.07 11:49:08.569,0.87239,0.87248,1.50,1.12
2018.02.07 11:49:10.054,0.87241,0.87248,1.00,1.00
2018.02.07 11:49:10.210,0.87243,0.87253,1.87,1.00
2018.02.07 11:49:10.838,0.87244,0.87254,1.12,1.50
2018.02.07 11:49:11.472,0.87245,0.87254,1.00,1.50
2018.02.07 11:49:11.841,0.87245,0.87252,1.50,1.00
2018.02.07 11:49:12.074,0.87243,0.87252,1.00,1.00
2018.02.07 11:49:13.666,0.87243,0.8725,1.00,1.00
2018.02.07 11:49:13.718,0.87241,0.8725,1.12,1.12
2018.02.07 11:49:14.901,0.87242,0.87251,1.00,1.00
2018.02.07 11:49:15.384,0.87244,0.87252,1.00,1.00
2018.02.07 11:49:15.488,0.87245,0.87254,1.00,1.00
2018.02.07 11:49:21.136,0.87246,0.87255,1.00,1.50
2018.02.07 11:49:22.149,0.87246,0.87256,1.50,1.00
2018.02.07 11:49:25.413,0.87246,0.87255,1.00,1.00
2018.02.07 11:49:27.387,0.87245,0.87255,1.50,1.12
2018.02.07 11:49:27.438,0.87245,0.87254,1.00,1.50
2018.02.07 11:49:27.963,0.87244,0.87252,1.00,1.00
2018.02.07 11:49:29.272,0.87245,0.87253,1.00,1.50
2018.02.07 11:49:30.455,0.87244,0.87253,1.00,2.25
2018.02.07 11:49:30.663,0.87242,0.87252,3.75,1.00
2018.02.07 11:49:31.362,0.87242,0.8725,3.00,1.00
2018.02.07 11:49:31.567,0.87237,0.87247,3.00,1.00
2018.02.07 11:49:32.104,0.87239,0.87247,1.00,1.00
2018.02.07 11:49:33.163,0.87238,0.87248,1.87,1.87
2018.02.07 11:49:33.911,0.87239,0.87249,1.00,1.50
2018.02.07 11:49:34.984,0.87237,0.87247,1.50,1.00
2018.02.07 11:49:35.189,0.87236,0.87247,1.50,3.37
2018.02.07 11:49:38.493,0.87236,0.87247,1.12,3.37
2018.02.07 11:49:38.879,0.87236,0.87247,1.12,3.00
2018.02.07 11:49:43.551,0.87236,0.87246,1.12,1.00
2018.02.07 11:49:44.327,0.87236,0.87247,1.12,3.00
2018.02.07 11:49:45.391,0.87237,0.87247,1.00,2.25
2018.02.07 11:49:45.447,0.8724,0.87248,1.00,3.00
2018.02.07 11:49:45.549,0.8724,0.87249,1.12,1.12
2018.02.07 11:49:46.477,0.8724,0.87249,1.12,1.37
2018.02.07 11:49:47.624,0.8724,0.87249,1.12,1.00
2018.02.07 11:49:49.189,0.87239,0.87249,1.37,1.87
2018.02.07 11:49:49.240,0.8724,0.87249,1.00,1.12
2018.02.07 11:49:49.343,0.87238,0.87249,2.62,2.25
2018.02.07 11:49:49.466,0.87238,0.87249,1.87,3.37
2018.02.07 11:49:50.918,0.87238,0.87248,1.87,1.50
2018.02.07 11:49:51.505,0.87237,0.87246,1.12,1.00
2018.02.07 11:49:51.815,0.87231,0.8724,1.50,1.12
2018.02.07 11:49:52.097,0.87233,0.87243,1.87,1.87
2018.02.07 11:49:52.251,0.87235,0.87244,1.00,1.87
2018.02.07 11:49:52.846,0.87235,0.87245,1.00,1.50
2018.02.07 11:49:53.363,0.87236,0.87245,1.12,1.50
2018.02.07 11:49:55.546,0.87237,0.87246,1.00,1.37
2018.02.07 11:49:56.135,0.87237,0.87246,1.87,1.87
2018.02.07 11:49:56.708,0.87235,0.87246,2.62,1.87
2018.02.07 11:49:57.418,0.87235,0.87245,1.12,1.87
2018.02.07 11:49:58.295,0.87235,0.87245,1.87,1.50
2018.02.07 11:49:58.836,0.87236,0.87244,1.50,1.00
2018.02.07 11:49:59.872,0.87236,0.87244,1.50,1.00
2018.02.07 11:50:00.432,0.87235,0.87243,1.87,1.00
2018.02.07 11:50:00.975,0.87236,0.87244,1.12,1.00
2018.02.07 11:50:01.487,0.87235,0.87244,2.62,1.50
2018.02.07 11:50:02.037,0.87236,0.87244,1.12,1.00
2018.02.07 11:50:02.937,0.87236,0.87245,1.12,1.12
2018.02.07 11:50:05.990,0.87236,0.87244,1.12,1.00
2018.02.07 11:50:06.569,0.87235,0.87245,1.50,1.00
2018.02.07 11:50:08.269,0.87237,0.87246,1.50,1.50
2018.02.07 11:50:08.527,0.87235,0.87245,1.87,1.00
2018.02.07 11:50:08.579,0.87235,0.87243,1.12,1.00
2018.02.07 11:50:09.626,0.87235,0.87245,1.12,1.50
2018.02.07 11:50:09.677,0.87237,0.87245,1.00,1.12
2018.02.07 11:50:10.272,0.87236,0.87245,1.00,1.12
2018.02.07 11:50:10.581,0.87235,0.87243,1.00,1.00
2018.02.07 11:50:11.182,0.87233,0.87243,1.12,1.00
2018.02.07 11:50:11.580,0.87235,0.87243,1.00,1.00
2018.02.07 11:50:13.429,0.87234,0.87243,1.87,1.00
2018.02.07 11:50:18.230,0.87235,0.87243,1.12,1.12
2018.02.07 11:50:18.811,0.87235,0.87242,1.00,1.00
2018.02.07 11:50:19.402,0.87234,0.87242,1.12,1.00
2018.02.07 11:50:20.207,0.87233,0.87241,2.25,1.00
2018.02.07 11:50:20.720,0.8723,0.8724,2.25,1.50
2018.02.07 11:50:20.875,0.8723,0.87238,2.25,1.00
2018.02.07 11:50:22.203,0.87231,0.8724,1.00,1.00
2018.02.07 11:50:22.806,0.8723,0.87239,1.87,1.87
2018.02.07 11:50:24.141,0.87229,0.87237,1.00,1.00
2018.02.07 11:50:24.684,0.87227,0.87238,4.12,1.00
2018.02.07 11:50:25.233,0.87227,0.87238,3.00,1.12
2018.02.07 11:50:29.227,0.87226,0.87235,2.25,1.00
2018.02.07 11:50:29.414,0.87224,0.87235,3.75,1.00
2018.02.07 11:50:30.044,0.87224,0.87234,2.25,1.12
2018.02.07 11:50:30.955,0.87225,0.87234,1.00,1.00
2018.02.07 11:50:31.059,0.87225,0.87236,1.87,1.87
2018.02.07 11:50:31.110,0.87227,0.87237,1.00,3.00
2018.02.07 11:50:31.626,0.87227,0.87237,2.62,1.12
2018.02.07 11:50:32.156,0.87228,0.87238,1.00,1.50
2018.02.07 11:50:32.544,0.87228,0.87239,1.12,3.75
2018.02.07 11:50:32.596,0.87228,0.87239,1.12,3.37
2018.02.07 11:50:32.852,0.87225,0.87234,1.50,1.00
2018.02.07 11:50:33.005,0.87223,0.87233,1.12,1.00
2018.02.07 11:50:33.530,0.87224,0.87232,1.00,1.00
2018.02.07 11:50:35.844,0.87222,0.87232,1.00,2.62
2018.02.07 11:50:36.392,0.87221,0.87232,1.00,3.00
2018.02.07 11:50:37.063,0.87222,0.8723,1.00,1.00
2018.02.07 11:50:38.201,0.8722,0.8723,2.62,1.00
2018.02.07 11:50:38.714,0.87219,0.87229,1.50,1.12
2018.02.07 11:50:39.303,0.87219,0.87229,1.50,1.00
2018.02.07 11:50:41.096,0.8722,0.87229,1.00,1.12
2018.02.07 11:50:41.683,0.8722,0.8723,1.00,1.12
2018.02.07 11:50:44.803,0.87221,0.87231,1.00,2.25
2018.02.07 11:50:45.420,0.8722,0.8723,1.50,1.12
2018.02.07 11:50:53.169,0.8722,0.8723,1.87,1.00
2018.02.07 11:50:53.699,0.8722,0.87231,3.00,1.50
2018.02.07 11:50:56.656,0.8722,0.87229,1.87,1.00
2018.02.07 11:50:57.947,0.87219,0.87228,3.37,1.50
2018.02.07 11:50:58.052,0.87218,0.87226,1.00,1.00
2018.02.07 11:50:58.292,0.87216,0.87226,2.25,1.12
2018.02.07 11:50:58.866,0.87216,0.87226,1.50,1.00
2018.02.07 11:50:59.536,0.87215,0.87226,3.00,1.87
2018.02.07 11:51:00.034,0.87215,0.87224,2.25,1.00
2018.02.07 11:51:00.455,0.87214,0.87224,1.12,1.50
2018.02.07 11:51:01.979,0.87216,0.87224,1.00,1.00
2018.02.07 11:51:02.528,0.87216,0.87225,1.00,1.00
2018.02.07 11:51:04.651,0.87214,0.87223,1.50,1.00
2018.02.07 11:51:04.757,0.87211,0.8722,2.25,1.00
2018.02.07 11:51:04.810,0.87211,0.87218,1.00,1.00
2018.02.07 11:51:04.968,0.87207,0.87216,1.00,1.00
2018.02.07 11:51:05.122,0.87208,0.87218,1.50,1.00
2018.02.07 11:51:05.672,0.87209,0.87219,1.37,1.12
2018.02.07 11:51:06.278,0.87209,0.8722,2.25,1.50
2018.02.07 11:51:06.832,0.87211,0.8722,1.00,1.50
2018.02.07 11:51:07.542,0.87212,0.87222,1.12,1.87
2018.02.07 11:51:07.593,0.87214,0.87222,1.00,1.00
2018.02.07 11:51:08.106,0.87214,0.87223,1.87,1.00
2018.02.07 11:51:08.902,0.87215,0.87224,1.00,1.12
2018.02.07 11:51:10.451,0.87213,0.87222,1.00,1.00
2018.02.07 11:51:10.973,0.87212,0.87223,4.12,1.50
2018.02.07 11:51:11.530,0.87213,0.87223,1.12,1.12
2018.02.07 11:51:13.109,0.87213,0.87222,1.87,1.00
2018.02.07 11:51:13.793,0.87211,0.87221,1.50,1.00
2018.02.07 11:51:14.819,0.87211,0.8722,1.00,1.87
2018.02.07 11:51:15.128,0.87207,0.87216,3.37,1.00
2018.02.07 11:51:16.203,0.87207,0.87215,1.37,1.00
2018.02.07 11:51:16.514,0.87205,0.87214,3.37,1.87
2018.02.07 11:51:20.784,0.87204,0.87215,2.25,2.62
2018.02.07 11:51:21.023,0.87206,0.87216,1.50,1.00
2018.02.07 11:51:21.534,0.87208,0.87217,1.12,1.12
2018.02.07 11:51:22.071,0.87209,0.87217,1.00,1.12
2018.02.07 11:51:22.475,0.87209,0.87219,1.00,3.00
2018.02.07 11:51:23.568,0.87209,0.87219,1.50,1.00
2018.02.07 11:51:24.102,0.87208,0.87217,2.25,1.00
2018.02.07 11:51:24.618,0.87208,0.87218,2.25,1.00
2018.02.07 11:51:25.120,0.87209,0.87219,1.50,1.50
2018.02.07 11:51:25.776,0.8721,0.87219,1.50,1.50
2018.02.07 11:51:26.343,0.87209,0.87218,2.62,1.00
2018.02.07 11:51:26.395,0.87207,0.87218,6.37,1.00
2018.02.07 11:51:26.732,0.87207,0.87216,1.12,1.00
2018.02.07 11:51:28.137,0.87207,0.87216,2.62,1.50
2018.02.07 11:51:28.783,0.87207,0.87214,2.62,1.00
2018.02.07 11:51:29.759,0.87206,0.87214,1.50,1.00
2018.02.07 11:51:33.089,0.87206,0.87216,2.25,1.50
2018.02.07 11:51:33.842,0.87206,0.87216,2.25,1.00
2018.02.07 11:51:34.414,0.87206,0.87215,1.12,1.00
2018.02.07 11:51:35.441,0.87205,0.87215,1.87,1.00
2018.02.07 11:51:35.958,0.87205,0.87214,1.87,1.50
2018.02.07 11:51:37.581,0.87204,0.87213,1.87,1.00
2018.02.07 11:51:38.232,0.87203,0.87212,4.87,1.00
2018.02.07 11:51:38.613,0.87203,0.87213,1.87,1.12
2018.02.07 11:51:39.237,0.87203,0.87212,2.62,1.50
2018.02.07 11:51:40.534,0.87203,0.87212,4.12,1.00
2018.02.07 11:51:40.788,0.87203,0.87214,4.87,1.50
2018.02.07 11:51:44.531,0.87204,0.87214,1.12,1.00
2018.02.07 11:51:45.155,0.87203,0.87213,3.37,1.00
2018.02.07 11:51:45.661,0.87204,0.87212,1.00,1.00
2018.02.07 11:51:46.175,0.87205,0.87214,1.50,1.87
2018.02.07 11:51:46.279,0.87204,0.87213,1.12,1.00
2018.02.07 11:51:47.419,0.87204,0.87214,1.12,2.25
2018.02.07 11:51:47.862,0.87204,0.87212,1.00,1.00
2018.02.07 11:51:48.379,0.87203,0.87212,1.12,1.00
2018.02.07 11:51:49.010,0.87203,0.87213,1.87,1.00
2018.02.07 11:51:51.256,0.87204,0.87213,1.00,1.00
2018.02.07 11:51:51.792,0.87204,0.87214,1.00,1.87
2018.02.07 11:51:52.323,0.87204,0.87214,1.50,1.37
2018.02.07 11:51:52.949,0.87204,0.87214,2.25,1.12
2018.02.07 11:51:53.470,0.87206,0.87214,1.00,1.12
2018.02.07 11:51:53.989,0.87205,0.87215,1.87,1.87
2018.02.07 11:51:55.292,0.87205,0.87214,1.12,1.00
2018.02.07 11:51:58.694,0.87205,0.87213,1.37,1.12
2018.02.07 11:51:58.798,0.87203,0.87212,1.12,1.50
2018.02.07 11:51:59.004,0.87201,0.87212,2.62,2.62
2018.02.07 11:51:59.159,0.87205,0.87212,1.00,1.50
2018.02.07 11:51:59.291,0.87205,0.87213,1.12,1.00
2018.02.07 11:52:00.670,0.87203,0.87213,4.50,1.00
2018.02.07 11:52:00.824,0.87203,0.87213,1.12,3.37
2018.02.07 11:52:02.139,0.87203,0.87213,1.87,1.50
2018.02.07 11:52:02.487,0.87205,0.87215,1.12,2.25
2018.02.07 11:52:03.384,0.87205,0.87215,1.12,1.87
2018.02.07 11:52:04.595,0.87205,0.87215,1.12,2.25
2018.02.07 11:52:04.701,0.87202,0.87213,4.12,2.62
2018.02.07 11:52:05.279,0.87202,0.87212,1.00,1.87
2018.02.07 11:52:06.088,0.87202,0.87212,1.00,1.50
2018.02.07 11:52:07.278,0.87203,0.87212,1.00,1.50
2018.02.07 11:52:07.543,0.87205,0.87211,1.00,1.12
2018.02.07 11:52:07.594,0.87206,0.87215,1.00,1.75
2018.02.07 11:52:07.645,0.87207,0.87216,2.62,1.12
2018.02.07 11:52:07.962,0.87205,0.87215,1.00,1.50
2018.02.07 11:52:08.064,0.87206,0.87215,2.62,2.25
2018.02.07 11:52:08.960,0.87206,0.87215,2.62,1.37
2018.02.07 11:52:11.337,0.87205,0.87216,4.50,3.37
2018.02.07 11:52:13.185,0.87206,0.87217,1.50,2.25
2018.02.07 11:52:13.723,0.87209,0.87217,1.00,1.87
2018.02.07 11:52:14.252,0.87207,0.87218,6.00,2.25
2018.02.07 11:52:14.949,0.87207,0.87218,3.75,1.87
2018.02.07 11:52:15.513,0.87207,0.87217,3.00,1.50
2018.02.07 11:52:16.089,0.87207,0.87217,2.62,3.00
2018.02.07 11:52:16.645,0.87207,0.87215,1.87,1.00
2018.02.07 11:52:17.148,0.87207,0.87215,1.87,1.50
2018.02.07 11:52:18.631,0.87207,0.87215,1.87,1.12
2018.02.07 11:52:19.222,0.87207,0.87216,1.87,1.12
2018.02.07 11:52:21.824,0.87207,0.87215,1.87,1.00
2018.02.07 11:52:26.270,0.87206,0.87214,3.37,1.12
2018.02.07 11:52:26.372,0.87205,0.87214,1.12,1.12
2018.02.07 11:52:27.481,0.87205,0.87214,1.12,1.37
2018.02.07 11:52:28.949,0.87205,0.87215,3.37,1.50
2018.02.07 11:52:29.991,0.87205,0.87215,2.25,2.25
2018.02.07 11:52:30.497,0.87205,0.87215,2.25,2.25
2018.02.07 11:52:37.945,0.87205,0.87215,2.25,1.50
2018.02.07 11:52:38.185,0.87205,0.87215,2.25,1.12
2018.02.07 11:52:39.040,0.87205,0.87216,1.50,2.62
2018.02.07 11:52:48.491,0.87205,0.87215,1.87,1.87
2018.02.07 11:52:48.639,0.87204,0.87212,2.62,1.50
2018.02.07 11:52:48.692,0.87201,0.87211,1.50,1.87
2018.02.07 11:52:49.241,0.872,0.87211,1.50,3.00
2018.02.07 11:52:49.569,0.872,0.8721,1.12,1.50
2018.02.07 11:52:50.093,0.87199,0.8721,4.12,1.37
2018.02.07 11:52:51.969,0.872,0.87208,1.50,1.00
2018.02.07 11:52:53.057,0.872,0.87208,1.50,1.00
2018.02.07 11:52:53.409,0.872,0.87208,3.37,1.00
2018.02.07 11:52:53.788,0.87203,0.87211,1.00,2.62
2018.02.07 11:52:54.338,0.87203,0.87212,1.50,1.00
2018.02.07 11:52:54.390,0.87204,0.87214,1.50,1.12
2018.02.07 11:52:54.495,0.87205,0.87216,2.25,2.62
2018.02.07 11:52:54.856,0.87208,0.87216,1.50,1.00
2018.02.07 11:52:54.967,0.87208,0.87218,2.25,1.50
2018.02.07 11:52:56.244,0.87208,0.87219,2.25,1.12
2018.02.07 11:52:56.786,0.8721,0.8722,1.00,1.50
2018.02.07 11:52:57.316,0.8721,0.8722,1.50,1.12
2018.02.07 11:53:01.760,0.8721,0.87219,2.25,1.00
2018.02.07 11:53:01.966,0.87208,0.87218,2.25,1.12
2018.02.07 11:53:02.869,0.87208,0.87218,1.50,2.25
2018.02.07 11:53:03.700,0.87208,0.87218,1.50,3.37
2018.02.07 11:53:04.002,0.87207,0.87217,3.37,1.12
2018.02.07 11:53:04.601,0.87207,0.87217,3.37,1.37
2018.02.07 11:53:05.335,0.87208,0.87218,1.00,3.00
2018.02.07 11:53:05.491,0.8721,0.87219,1.00,1.00
2018.02.07 11:53:05.544,0.87211,0.8722,1.50,1.00
2018.02.07 11:53:06.339,0.87211,0.87221,1.12,1.12
2018.02.07 11:53:08.225,0.87211,0.87222,3.00,2.25
2018.02.07 11:53:08.622,0.87213,0.87222,1.12,1.87
2018.02.07 11:53:09.123,0.87211,0.87222,2.62,1.12
2018.02.07 11:53:11.033,0.87211,0.87221,1.12,1.12
2018.02.07 11:53:11.541,0.8721,0.8722,1.50,1.00
2018.02.07 11:53:12.072,0.87209,0.87219,4.12,1.00
2018.02.07 11:53:14.021,0.87209,0.8722,3.37,3.00
2018.02.07 11:53:16.744,0.87209,0.87219,3.37,1.00
2018.02.07 11:53:17.600,0.87209,0.87218,3.75,1.00
2018.02.07 11:53:20.528,0.87209,0.87218,1.37,1.12
2018.02.07 11:53:21.720,0.87209,0.87218,1.00,1.12
2018.02.07 11:53:21.947,0.87206,0.87216,1.50,2.25
2018.02.07 11:53:22.599,0.87206,0.87217,2.25,1.87
2018.02.07 11:53:24.811,0.87206,0.87217,1.87,2.25
2018.02.07 11:53:25.324,0.87205,0.87216,2.62,3.00
2018.02.07 11:53:25.478,0.87206,0.87214,1.00,1.00
2018.02.07 11:53:26.915,0.87206,0.87216,1.00,1.87
2018.02.07 11:53:28.388,0.87206,0.87216,1.00,1.87
2018.02.07 11:53:28.926,0.87205,0.87216,3.00,3.37
2018.02.07 11:53:29.566,0.87207,0.87215,1.00,1.12
2018.02.07 11:53:30.195,0.87205,0.87215,1.50,1.12
2018.02.07 11:53:30.350,0.87207,0.87215,1.00,1.00
2018.02.07 11:53:30.796,0.8721,0.87218,1.37,1.50
2018.02.07 11:53:31.053,0.8721,0.8722,3.00,1.12
2018.02.07 11:53:32.094,0.87211,0.87221,1.12,1.12
2018.02.07 11:53:32.726,0.87212,0.87222,2.62,1.87
2018.02.07 11:53:33.484,0.87212,0.87222,3.00,1.50
2018.02.07 11:53:34.749,0.87213,0.87223,1.87,1.37
2018.02.07 11:53:35.797,0.87213,0.87221,1.37,1.00
2018.02.07 11:53:36.629,0.87215,0.87223,1.00,2.25
2018.02.07 11:53:37.174,0.87215,0.87223,1.00,2.62
2018.02.07 11:53:37.497,0.87215,0.87224,1.00,3.00
2018.02.07 11:53:39.698,0.87216,0.87224,1.00,1.12
2018.02.07 11:53:40.205,0.87215,0.87225,1.50,2.62
2018.02.07 11:53:45.893,0.87215,0.87224,1.00,1.50
2018.02.07 11:53:47.158,0.87215,0.87224,1.00,1.12
2018.02.07 11:53:47.667,0.87216,0.87224,1.50,1.00
2018.02.07 11:53:48.559,0.87216,0.87225,1.00,1.12
2018.02.07 11:53:50.178,0.87216,0.87226,1.00,3.37
2018.02.07 11:53:52.976,0.87215,0.87225,1.12,1.37
2018.02.07 11:53:53.667,0.87215,0.87225,1.12,2.25
2018.02.07 11:53:54.490,0.87214,0.87224,1.12,1.37
2018.02.07 11:53:55.049,0.87215,0.87224,1.00,1.87
2018.02.07 11:53:55.979,0.87215,0.87224,1.00,2.25
2018.02.07 11:53:57.424,0.87214,0.87223,1.12,1.37
2018.02.07 11:53:57.476,0.87216,0.87223,1.50,1.37
2018.02.07 11:53:58.020,0.87215,0.87224,2.25,1.37
2018.02.07 11:53:58.636,0.87216,0.87224,1.12,1.12
2018.02.07 11:53:59.342,0.87216,0.87225,1.50,1.37
2018.02.07 11:53:59.955,0.87216,0.87224,1.87,1.12
2018.02.07 11:54:00.292,0.87212,0.87223,1.50,3.37
2018.02.07 11:54:00.850,0.8721,0.87219,2.25,1.12
2018.02.07 11:54:01.979,0.87211,0.8722,2.25,2.25
2018.02.07 11:54:02.519,0.87211,0.8722,1.50,2.25
2018.02.07 11:54:03.304,0.87211,0.8722,1.50,2.25
2018.02.07 11:54:04.964,0.87211,0.8722,1.50,1.87
2018.02.07 11:54:05.729,0.87212,0.8722,1.00,1.87
2018.02.07 11:54:06.238,0.87213,0.87221,1.00,1.50
2018.02.07 11:54:07.135,0.87213,0.87222,1.00,1.87
2018.02.07 11:54:08.128,0.87213,0.87222,1.00,1.87
2018.02.07 11:54:09.744,0.87213,0.8722,1.00,1.00
2018.02.07 11:54:10.404,0.87212,0.8722,1.00,1.12
2018.02.07 11:54:10.972,0.8721,0.87219,2.25,1.00
2018.02.07 11:54:11.488,0.8721,0.8722,2.25,1.12
2018.02.07 11:54:12.028,0.8721,0.87219,2.25,1.00
2018.02.07 11:54:12.275,0.87209,0.87219,1.87,1.50
2018.02.07 11:54:12.934,0.87209,0.87217,1.00,1.00
2018.02.07 11:54:13.039,0.87207,0.87216,1.50,1.00
2018.02.07 11:54:13.762,0.87205,0.87214,1.12,1.37
2018.02.07 11:54:13.915,0.87203,0.87213,1.87,1.50
2018.02.07 11:54:17.301,0.87202,0.87212,1.87,2.25
2018.02.07 11:54:17.892,0.87202,0.87213,1.50,3.75
2018.02.07 11:54:18.818,0.87202,0.87213,1.50,3.75
2018.02.07 11:54:19.361,0.872,0.87212,3.75,3.37
2018.02.07 11:54:19.919,0.872,0.87212,4.12,3.00
2018.02.07 11:54:20.484,0.87201,0.87211,2.25,1.00
2018.02.07 11:54:21.126,0.87201,0.87213,2.25,3.37
2018.02.07 11:54:21.675,0.87203,0.87212,1.00,1.87
2018.02.07 11:54:22.176,0.87202,0.87213,3.37,1.50
2018.02.07 11:54:26.774,0.87202,0.87212,1.12,1.00
2018.02.07 11:54:27.340,0.87201,0.87212,4.50,1.37
2018.02.07 11:54:27.988,0.87201,0.87212,2.25,1.50
2018.02.07 11:54:28.553,0.87201,0.87212,1.87,1.50
2018.02.07 11:54:30.213,0.87202,0.87211,1.00,1.12
2018.02.07 11:54:30.369,0.872,0.87211,3.75,1.50
2018.02.07 11:54:30.472,0.87203,0.87211,1.00,1.00
2018.02.07 11:54:31.262,0.87201,0.87211,1.87,1.00
2018.02.07 11:54:31.919,0.87201,0.87212,3.37,1.12
2018.02.07 11:54:33.458,0.87201,0.87212,3.75,1.50
2018.02.07 11:54:33.996,0.87202,0.87212,1.00,2.25
2018.02.07 11:54:34.100,0.87203,0.87214,1.50,3.00
2018.02.07 11:54:34.622,0.87203,0.87213,1.37,1.12
2018.02.07 11:54:36.288,0.87205,0.87213,1.00,1.12
2018.02.07 11:54:36.799,0.87204,0.87215,3.37,1.87
2018.02.07 11:54:37.350,0.87204,0.87215,4.87,1.50
2018.02.07 11:54:38.063,0.87204,0.87215,4.50,1.50
2018.02.07 11:54:38.166,0.87208,0.87216,1.12,1.50
2018.02.07 11:54:38.217,0.87209,0.87218,1.12,1.12
2018.02.07 11:54:38.269,0.87211,0.87219,1.00,1.00
2018.02.07 11:54:38.320,0.87211,0.87221,3.00,1.87
2018.02.07 11:54:38.372,0.87213,0.87222,1.00,1.50
2018.02.07 11:54:39.093,0.87213,0.87223,1.00,1.37
2018.02.07 11:54:39.402,0.87218,0.87229,3.75,2.25
2018.02.07 11:54:40.301,0.87218,0.87229,3.00,1.37
2018.02.07 11:54:40.845,0.87218,0.87229,3.00,1.12
2018.02.07 11:54:41.868,0.87218,0.87228,3.00,1.00
2018.02.07 11:54:43.092,0.87218,0.87228,3.00,1.00
2018.02.07 11:54:43.831,0.87218,0.87228,2.25,1.12
2018.02.07 11:54:44.790,0.87218,0.87226,1.37,1.00
2018.02.07 11:54:45.106,0.87217,0.87226,2.25,1.00
2018.02.07 11:54:45.283,0.87218,0.87227,1.87,1.00
2018.02.07 11:54:45.806,0.87218,0.87228,2.62,1.00
2018.02.07 11:54:47.181,0.87219,0.87229,1.50,1.12
2018.02.07 11:54:50.490,0.8722,0.87231,4.12,1.37
2018.02.07 11:54:50.660,0.87222,0.87233,2.62,1.12
2018.02.07 11:54:51.320,0.87223,0.87233,1.12,2.62
2018.02.07 11:54:51.709,0.87221,0.8723,1.00,1.00
2018.02.07 11:54:52.016,0.87218,0.87227,1.50,1.37
2018.02.07 11:54:52.067,0.87218,0.87227,1.12,1.50
2018.02.07 11:54:52.959,0.87218,0.87227,1.12,1.12
2018.02.07 11:54:53.523,0.87219,0.87227,1.00,1.00
2018.02.07 11:54:54.359,0.87218,0.87228,2.25,1.12
2018.02.07 11:54:54.667,0.87217,0.87228,2.25,3.37
2018.02.07 11:54:55.210,0.87218,0.87227,1.00,1.12
2018.02.07 11:54:55.828,0.87218,0.87226,1.00,1.12
2018.02.07 11:54:56.562,0.87216,0.87225,1.00,1.12
2018.02.07 11:54:57.097,0.87216,0.87225,1.37,2.62
2018.02.07 11:54:57.683,0.87216,0.87226,1.50,1.37
2018.02.07 11:54:57.889,0.87217,0.87228,3.75,2.25
2018.02.07 11:54:57.992,0.87217,0.87228,2.62,2.62
2018.02.07 11:54:59.396,0.87217,0.87228,3.37,1.50
2018.02.07 11:55:00.195,0.87218,0.87228,2.25,1.50
2018.02.07 11:55:00.299,0.87218,0.87228,1.00,3.00
2018.02.07 11:55:00.433,0.87217,0.87227,3.75,1.50
2018.02.07 11:55:00.989,0.87218,0.87228,1.00,1.50
2018.02.07 11:55:01.290,0.8722,0.87228,1.00,2.25
2018.02.07 11:55:01.650,0.8722,0.87227,1.00,1.37
2018.02.07 11:55:01.881,0.87219,0.87229,1.00,3.37
2018.02.07 11:55:02.319,0.87217,0.87227,4.12,1.00
2018.02.07 11:55:02.854,0.87218,0.87227,1.00,1.87
2018.02.07 11:55:04.040,0.87218,0.87227,1.75,1.12
2018.02.07 11:55:04.143,0.87217,0.87227,1.50,2.25
2018.02.07 11:55:04.247,0.87216,0.87225,1.50,1.87
2018.02.07 11:55:04.807,0.87216,0.87225,1.50,1.87
2018.02.07 11:55:05.403,0.87216,0.87225,1.50,1.87
2018.02.07 11:55:06.129,0.87214,0.87223,3.75,1.00
2018.02.07 11:55:07.530,0.87214,0.87224,3.00,1.00
2018.02.07 11:55:08.417,0.87214,0.87225,3.00,2.62
2018.02.07 11:55:09.579,0.87215,0.87225,1.12,1.87
2018.02.07 11:55:10.135,0.87217,0.87225,2.62,1.12
2018.02.07 11:55:10.344,0.87218,0.87227,1.12,1.12
2018.02.07 11:55:13.928,0.87219,0.87229,3.00,1.00
2018.02.07 11:55:13.980,0.87219,0.87229,3.75,1.00
2018.02.07 11:55:14.865,0.87223,0.87231,1.00,1.87
2018.02.07 11:55:15.020,0.87224,0.87233,1.12,2.25
2018.02.07 11:55:15.176,0.87225,0.87234,1.50,1.50
2018.02.07 11:55:15.683,0.87224,0.87234,2.25,1.50
2018.02.07 11:55:16.046,0.87227,0.87236,1.00,2.62
2018.02.07 11:55:16.375,0.87229,0.87236,1.00,1.12
2018.02.07 11:55:16.477,0.8723,0.87238,1.12,1.12
2018.02.07 11:55:16.631,0.87232,0.87241,1.00,1.50
2018.02.07 11:55:16.786,0.87229,0.87238,1.00,1.12
2018.02.07 11:55:17.393,0.8723,0.87238,1.00,1.87
2018.02.07 11:55:17.804,0.87233,0.87237,1.00,1.00
2018.02.07 11:55:17.930,0.87233,0.87241,1.00,1.87
2018.02.07 11:55:18.447,0.87232,0.87241,2.25,1.12
2018.02.07 11:55:18.965,0.87232,0.8724,2.25,1.12
2018.02.07 11:55:19.386,0.87232,0.87242,1.00,3.00
2018.02.07 11:55:19.969,0.87231,0.8724,1.00,1.87
2018.02.07 11:55:20.594,0.87231,0.87238,1.00,1.00
2018.02.07 11:55:21.452,0.87232,0.8724,1.00,1.12
2018.02.07 11:55:21.966,0.8723,0.8724,1.50,1.50
2018.02.07 11:55:22.473,0.87231,0.8724,1.00,2.62
2018.02.07 11:55:23.586,0.87231,0.8724,1.00,2.25
2018.02.07 11:55:26.093,0.87231,0.8724,1.50,2.25
2018.02.07 11:55:26.699,0.87232,0.8724,1.00,1.12
2018.02.07 11:55:27.267,0.87231,0.8724,1.50,1.12
2018.02.07 11:55:27.663,0.87233,0.87241,1.00,1.50
2018.02.07 11:55:28.359,0.87234,0.87241,1.00,1.12
2018.02.07 11:55:29.013,0.87233,0.87241,1.12,1.12
2018.02.07 11:55:29.532,0.87234,0.87241,1.00,1.12
2018.02.07 11:55:30.066,0.87234,0.87242,1.00,1.87
2018.02.07 11:55:33.204,0.87234,0.87241,1.12,1.00
2018.02.07 11:55:33.547,0.87231,0.87239,1.00,1.87
2018.02.07 11:55:34.556,0.87231,0.8724,1.00,2.25
2018.02.07 11:55:36.462,0.87232,0.87241,1.12,1.12
2018.02.07 11:55:36.513,0.87234,0.87242,1.50,1.50
2018.02.07 11:55:36.565,0.87234,0.87243,1.50,2.25
2018.02.07 11:55:37.079,0.87234,0.87243,1.50,2.25
2018.02.07 11:55:38.496,0.87236,0.87243,1.00,1.87
2018.02.07 11:55:38.854,0.87233,0.8724,1.50,1.00
2018.02.07 11:55:40.615,0.87231,0.8724,1.12,1.87
2018.02.07 11:55:41.124,0.8723,0.87239,1.12,1.87
2018.02.07 11:55:41.618,0.87229,0.87237,1.12,1.37
2018.02.07 11:55:42.442,0.87228,0.87237,1.50,1.12
2018.02.07 11:55:43.034,0.87228,0.87237,1.50,1.87
2018.02.07 11:55:52.146,0.87227,0.87236,1.00,1.12
2018.02.07 11:55:53.264,0.87226,0.87235,1.87,1.50
2018.02.07 11:55:53.654,0.87222,0.87232,1.50,1.87
2018.02.07 11:55:54.607,0.87222,0.87232,1.50,1.50
2018.02.07 11:55:55.085,0.87222,0.87232,2.25,1.37
2018.02.07 11:55:55.667,0.87223,0.87232,1.12,1.50
2018.02.07 11:55:56.295,0.87223,0.87232,1.12,1.37
2018.02.07 11:55:57.830,0.87221,0.8723,1.50,1.00
2018.02.07 11:56:00.559,0.87221,0.87229,1.50,1.50
2018.02.07 11:56:00.611,0.8722,0.8723,1.75,1.87
2018.02.07 11:56:00.662,0.87219,0.8723,2.62,1.87
2018.02.07 11:56:01.057,0.87219,0.8723,3.37,1.12
2018.02.07 11:56:01.576,0.87221,0.87231,1.50,1.50
2018.02.07 11:56:05.383,0.87221,0.8723,1.87,1.00
2018.02.07 11:56:05.436,0.8722,0.87229,1.50,1.00
2018.02.07 11:56:06.163,0.8722,0.87231,4.12,1.50
2018.02.07 11:56:06.609,0.8722,0.87228,2.25,1.00
2018.02.07 11:56:07.132,0.87219,0.87229,2.25,1.37
2018.02.07 11:56:07.817,0.8722,0.87229,1.37,1.12
2018.02.07 11:56:10.745,0.87222,0.8723,1.87,1.00
2018.02.07 11:56:11.414,0.87222,0.8723,2.62,1.00
2018.02.07 11:56:11.926,0.87222,0.87232,1.87,1.00
2018.02.07 11:56:22.549,0.87222,0.87231,1.87,1.00
2018.02.07 11:56:24.378,0.87222,0.87232,1.87,1.00
2018.02.07 11:56:24.884,0.87222,0.87231,1.87,1.00
2018.02.07 11:56:26.742,0.87224,0.87232,1.87,1.00
2018.02.07 11:56:26.793,0.87224,0.87235,3.75,1.50
2018.02.07 11:56:27.168,0.87226,0.87234,1.50,1.00
2018.02.07 11:56:27.869,0.87226,0.87234,2.25,1.00
2018.02.07 11:56:28.217,0.87226,0.87236,2.62,2.25
2018.02.07 11:56:28.727,0.87226,0.87237,3.37,1.50
2018.02.07 11:56:29.368,0.87227,0.87237,1.50,1.50
2018.02.07 11:56:33.507,0.8723,0.87237,1.00,1.00
2018.02.07 11:56:33.560,0.87229,0.87239,3.37,1.00
2018.02.07 11:56:33.612,0.87233,0.87239,1.37,1.00
2018.02.07 11:56:33.663,0.87233,0.87242,1.87,1.00
2018.02.07 11:56:33.975,0.87234,0.87244,1.00,1.12
2018.02.07 11:56:34.455,0.87236,0.87246,1.50,1.50
2018.02.07 11:56:35.001,0.87237,0.87247,2.25,1.00
2018.02.07 11:56:37.792,0.87237,0.87246,1.50,1.00
2018.02.07 11:56:38.334,0.87237,0.87246,1.12,1.00
2018.02.07 11:56:38.852,0.87238,0.87247,1.00,1.00
2018.02.07 11:56:39.634,0.87238,0.87247,1.87,1.00
2018.02.07 11:56:39.686,0.87239,0.87249,1.12,1.50
2018.02.07 11:56:40.768,0.8724,0.87249,1.00,1.12
2018.02.07 11:56:41.933,0.87239,0.8725,1.50,3.37
2018.02.07 11:56:42.945,0.87239,0.87247,1.87,1.00
2018.02.07 11:56:43.517,0.87237,0.87247,2.25,1.00
2018.02.07 11:56:44.009,0.87237,0.87247,1.12,1.50
2018.02.07 11:56:44.113,0.87235,0.87246,4.12,1.87
2018.02.07 11:56:44.641,0.87235,0.87246,2.62,2.25
2018.02.07 11:56:46.168,0.87235,0.87246,3.00,1.50
2018.02.07 11:56:48.254,0.87235,0.87246,3.37,1.12
2018.02.07 11:56:48.823,0.87235,0.87246,3.00,1.50
2018.02.07 11:56:49.329,0.87235,0.87245,1.50,1.00
2018.02.07 11:56:50.645,0.87234,0.87244,2.62,1.00
2018.02.07 11:56:51.970,0.87235,0.87245,1.50,1.12
2018.02.07 11:56:53.859,0.87235,0.87246,4.12,2.25
2018.02.07 11:56:54.397,0.87236,0.87246,1.50,1.00
2018.02.07 11:56:55.028,0.87236,0.87244,1.50,1.00
2018.02.07 11:56:56.004,0.87236,0.87245,1.50,1.00
2018.02.07 11:56:58.934,0.87236,0.87247,2.62,1.50
2018.02.07 11:56:59.250,0.87236,0.87246,4.50,1.00
2018.02.07 11:57:00.198,0.87239,0.87247,1.00,1.00
2018.02.07 11:57:00.718,0.87239,0.87248,1.00,2.62
2018.02.07 11:57:01.056,0.87237,0.87246,1.50,1.00
2018.02.07 11:57:01.413,0.87237,0.87246,1.50,1.50
2018.02.07 11:57:01.464,0.87237,0.87246,1.50,1.00
2018.02.07 11:57:02.754,0.87235,0.87246,3.37,2.25
2018.02.07 11:57:03.524,0.87237,0.87246,1.12,1.50
2018.02.07 11:57:04.269,0.87237,0.87246,2.62,1.00
2018.02.07 11:57:04.649,0.87238,0.87248,1.50,1.12
2018.02.07 11:57:05.209,0.87238,0.87247,1.00,1.00
2018.02.07 11:57:06.880,0.87238,0.87248,1.00,1.12
2018.02.07 11:57:07.644,0.87239,0.87248,1.00,1.00
2018.02.07 11:57:07.849,0.87241,0.87249,1.12,1.12
2018.02.07 11:57:08.774,0.87242,0.8725,1.00,1.37
2018.02.07 11:57:08.826,0.87242,0.87252,1.00,2.62
2018.02.07 11:57:08.878,0.87242,0.87252,1.50,1.87
2018.02.07 11:57:09.137,0.87245,0.87255,1.50,1.00
2018.02.07 11:57:09.615,0.87247,0.87258,3.00,2.25
2018.02.07 11:57:09.875,0.8725,0.8726,2.62,1.50
2018.02.07 11:57:10.216,0.87256,0.87266,1.50,1.37
2018.02.07 11:57:10.542,0.87257,0.87267,1.87,1.12
2018.02.07 11:57:11.330,0.87257,0.87267,3.37,1.50
2018.02.07 11:57:11.855,0.87257,0.87268,2.62,1.12
2018.02.07 11:57:12.506,0.87262,0.87271,1.00,2.62
2018.02.07 11:57:13.056,0.87261,0.87269,1.12,1.00
2018.02.07 11:57:13.364,0.87261,0.87271,2.25,1.87
2018.02.07 11:57:13.949,0.87261,0.87271,1.75,1.12
2018.02.07 11:57:15.579,0.87262,0.87272,2.62,1.87
2018.02.07 11:57:16.468,0.87262,0.87272,2.62,1.12
2018.02.07 11:57:17.375,0.87264,0.87275,1.50,2.62
2018.02.07 11:57:17.479,0.87266,0.87277,3.75,1.12
2018.02.07 11:57:17.737,0.87267,0.87277,2.25,1.00
2018.02.07 11:57:17.941,0.8727,0.87279,1.00,1.50
2018.02.07 11:57:18.094,0.87271,0.87281,1.12,2.25
2018.02.07 11:57:18.606,0.87271,0.87281,1.50,1.87
2018.02.07 11:57:18.709,0.87271,0.87279,1.87,1.00
2018.02.07 11:57:18.761,0.87271,0.87281,1.12,1.12
2018.02.07 11:57:18.910,0.87273,0.87282,1.00,1.00
2018.02.07 11:57:19.271,0.87276,0.87285,1.00,2.25
2018.02.07 11:57:19.635,0.87276,0.87285,1.00,1.12
2018.02.07 11:57:19.820,0.87275,0.87285,3.00,1.00
2018.02.07 11:57:20.355,0.87276,0.87286,3.37,1.12
2018.02.07 11:57:20.987,0.87278,0.87287,1.00,1.87
2018.02.07 11:57:21.321,0.87289,0.87293,1.00,1.00
2018.02.07 11:57:21.373,0.87294,0.87304,2.62,2.25
2018.02.07 11:57:21.475,0.87295,0.87306,1.87,2.25
2018.02.07 11:57:21.577,0.87295,0.87306,1.50,1.87
2018.02.07 11:57:21.688,0.87296,0.87305,2.62,1.00
2018.02.07 11:57:21.952,0.87297,0.87307,1.87,1.50
2018.02.07 11:57:22.065,0.87297,0.87308,1.12,1.87
2018.02.07 11:57:22.270,0.87298,0.87309,1.00,1.00
2018.02.07 11:57:22.321,0.87298,0.87309,1.87,1.00
2018.02.07 11:57:22.653,0.873,0.8731,1.87,1.00
2018.02.07 11:57:22.858,0.87301,0.87313,1.75,1.87
2018.02.07 11:57:22.960,0.87301,0.87311,1.50,1.00
2018.02.07 11:57:23.159,0.873,0.87312,1.12,2.25
2018.02.07 11:57:23.262,0.87301,0.8731,1.00,1.00
2018.02.07 11:57:23.778,0.87301,0.87311,1.00,1.50
2018.02.07 11:57:24.318,0.87301,0.87311,1.37,1.50
2018.02.07 11:57:24.872,0.87301,0.87312,1.87,1.50
2018.02.07 11:57:25.426,0.87301,0.87312,2.25,1.87
2018.02.07 11:57:26.916,0.87301,0.87312,1.12,2.25
2018.02.07 11:57:27.225,0.87297,0.87307,1.12,2.25
2018.02.07 11:57:27.581,0.87299,0.87309,1.12,1.50
2018.02.07 11:57:28.049,0.87298,0.87309,3.00,1.50
2018.02.07 11:57:28.318,0.87303,0.87312,1.12,1.87
2018.02.07 11:57:28.909,0.87301,0.87311,2.25,2.62
2018.02.07 11:57:29.512,0.87302,0.87311,1.75,1.00
2018.02.07 11:57:29.715,0.87299,0.87307,1.75,1.00
2018.02.07 11:57:30.022,0.87296,0.87305,2.25,1.12
2018.02.07 11:57:30.184,0.87296,0.87304,1.12,1.00
2018.02.07 11:57:30.289,0.87292,0.87302,2.62,1.00
2018.02.07 11:57:30.496,0.8729,0.873,2.62,1.00
2018.02.07 11:57:31.094,0.87292,0.87301,1.50,1.00
2018.02.07 11:57:31.278,0.87291,0.87299,1.87,1.00
2018.02.07 11:57:31.380,0.8729,0.87298,1.12,1.00
2018.02.07 11:57:31.944,0.8729,0.87299,1.00,1.12
2018.02.07 11:57:31.996,0.87293,0.87299,1.00,1.00
2018.02.07 11:57:32.101,0.87291,0.87301,1.82,1.87
2018.02.07 11:57:32.357,0.87293,0.87303,1.07,2.25
2018.02.07 11:57:32.459,0.87295,0.87303,1.00,2.25
2018.02.07 11:57:32.789,0.87293,0.873,1.82,1.00
2018.02.07 11:57:33.272,0.87291,0.87298,1.87,1.00
2018.02.07 11:57:33.324,0.8729,0.87298,2.25,1.00
2018.02.07 11:57:33.884,0.87291,0.87298,1.87,1.00
2018.02.07 11:57:34.400,0.87293,0.87297,1.00,1.00
2018.02.07 11:57:34.705,0.87289,0.87297,2.62,1.00
2018.02.07 11:57:34.894,0.87291,0.87299,3.37,1.00
2018.02.07 11:57:35.252,0.87295,0.87302,1.75,1.12
2018.02.07 11:57:35.303,0.87295,0.87303,2.62,1.00
2018.02.07 11:57:35.458,0.87298,0.87304,2.25,1.00
2018.02.07 11:57:35.509,0.87299,0.87307,2.25,1.50
2018.02.07 11:57:35.701,0.873,0.87309,1.75,1.87
2018.02.07 11:57:36.237,0.873,0.8731,2.25,1.00
2018.02.07 11:57:36.669,0.87297,0.87305,3.75,1.00
2018.02.07 11:57:37.176,0.87297,0.87305,3.00,1.00
2018.02.07 11:57:37.593,0.87295,0.87303,1.87,1.00
2018.02.07 11:57:37.848,0.87296,0.87305,1.87,1.00
2018.02.07 11:57:38.154,0.87297,0.87305,1.00,1.00
2018.02.07 11:57:38.483,0.87295,0.87305,1.12,1.00
2018.02.07 11:57:38.924,0.87294,0.87303,1.50,1.00
2018.02.07 11:57:39.246,0.87294,0.87302,2.62,1.00
2018.02.07 11:57:39.950,0.87293,0.87302,2.25,1.50
2018.02.07 11:57:40.264,0.87288,0.87296,1.87,1.00
2018.02.07 11:57:40.659,0.87291,0.87298,2.62,1.00
2018.02.07 11:57:41.269,0.87291,0.873,2.62,1.00
2018.02.07 11:57:41.321,0.87291,0.87298,2.62,1.00
2018.02.07 11:57:41.867,0.87291,0.87298,1.75,1.00
2018.02.07 11:57:42.395,0.87291,0.87299,1.75,1.50
2018.02.07 11:57:42.896,0.8729,0.87299,1.75,1.50
2018.02.07 11:57:43.200,0.87288,0.87297,3.75,1.12
2018.02.07 11:57:43.603,0.87288,0.87296,1.12,1.00
2018.02.07 11:57:43.912,0.87287,0.87294,1.00,1.00
2018.02.07 11:57:44.066,0.87284,0.87294,1.87,1.50
2018.02.07 11:57:44.613,0.87284,0.87294,2.62,1.50
2018.02.07 11:57:44.957,0.87284,0.87292,2.25,1.37
2018.02.07 11:57:46.627,0.87283,0.8729,1.50,1.00
2018.02.07 11:57:47.100,0.87281,0.87289,1.50,1.12
2018.02.07 11:57:47.204,0.87279,0.87287,1.50,1.50
2018.02.07 11:57:49.370,0.87277,0.87285,3.37,1.00
2018.02.07 11:57:49.476,0.87276,0.87284,1.37,1.00
2018.02.07 11:57:49.529,0.87274,0.87282,1.50,1.00
2018.02.07 11:57:49.789,0.8727,0.8728,2.25,1.12
2018.02.07 11:57:49.842,0.87269,0.87278,3.75,1.00
2018.02.07 11:57:50.151,0.87269,0.87276,1.12,1.00
2018.02.07 11:57:50.300,0.87266,0.87275,3.00,1.00
2018.02.07 11:57:50.352,0.87266,0.87273,1.37,1.00
2018.02.07 11:57:50.888,0.87263,0.87271,1.87,1.00
2018.02.07 11:57:51.194,0.87259,0.87266,1.50,1.00
2018.02.07 11:57:51.246,0.87261,0.8727,1.50,1.87
2018.02.07 11:57:51.397,0.87261,0.87266,1.12,1.00
2018.02.07 11:57:51.929,0.87259,0.87268,1.87,1.00
2018.02.07 11:57:52.288,0.87261,0.8727,1.50,1.50
2018.02.07 11:57:52.657,0.87261,0.87271,2.25,1.00
2018.02.07 11:57:53.160,0.87263,0.87271,3.00,1.00
2018.02.07 11:57:53.291,0.87264,0.87274,1.75,1.00
2018.02.07 11:57:53.818,0.87265,0.87274,1.75,1.00
2018.02.07 11:57:54.363,0.87266,0.87275,1.12,1.00
2018.02.07 11:57:54.723,0.87266,0.87277,1.12,1.87
2018.02.07 11:57:54.878,0.87267,0.87277,1.87,1.12
2018.02.07 11:57:55.428,0.87268,0.87276,1.37,1.00
2018.02.07 11:57:55.840,0.87268,0.87279,1.87,2.25
2018.02.07 11:57:56.210,0.87266,0.87277,2.62,2.25
2018.02.07 11:57:56.772,0.87266,0.87277,2.25,2.25
2018.02.07 11:57:57.297,0.87267,0.87277,1.37,1.00
2018.02.07 11:57:58.857,0.87266,0.87277,3.37,1.87
2018.02.07 11:57:59.373,0.87267,0.87276,2.25,1.00
2018.02.07 11:57:59.870,0.87266,0.87275,1.37,1.00
2018.02.07 11:58:00.392,0.87265,0.87275,1.37,1.87
2018.02.07 11:58:00.906,0.87263,0.87273,1.50,1.00
2018.02.07 11:58:01.211,0.87262,0.87271,1.50,1.00
2018.02.07 11:58:01.527,0.87262,0.87269,1.37,1.00
2018.02.07 11:58:02.135,0.87262,0.87269,1.12,1.00
2018.02.07 11:58:03.245,0.87259,0.87268,3.00,1.00
2018.02.07 11:58:03.298,0.87259,0.87266,1.00,1.50
2018.02.07 11:58:03.404,0.87257,0.87265,1.00,1.00
2018.02.07 11:58:03.920,0.87257,0.87265,1.37,1.00
2018.02.07 11:58:04.513,0.87257,0.87266,1.12,1.00
2018.02.07 11:58:05.026,0.87257,0.87266,1.50,1.00
2018.02.07 11:58:05.170,0.87257,0.87266,2.62,1.00
2018.02.07 11:58:05.273,0.87259,0.87268,1.37,1.00
2018.02.07 11:58:05.477,0.8726,0.87268,2.62,1.00
2018.02.07 11:58:05.961,0.87262,0.8727,3.37,1.00
2018.02.07 11:58:06.234,0.87263,0.87272,1.87,1.00
2018.02.07 11:58:06.285,0.87263,0.87272,2.25,1.00
2018.02.07 11:58:07.217,0.87263,0.87272,2.25,1.00
2018.02.07 11:58:07.848,0.87264,0.87272,1.12,1.00
2018.02.07 11:58:08.324,0.87265,0.87273,2.62,1.00
2018.02.07 11:58:08.427,0.87266,0.87275,1.37,1.00
2018.02.07 11:58:08.947,0.87268,0.87275,1.12,1.00
2018.02.07 11:58:09.531,0.87267,0.87276,1.87,1.00
2018.02.07 11:58:10.305,0.87267,0.87276,2.62,1.00
2018.02.07 11:58:10.859,0.87268,0.87277,1.37,1.87
2018.02.07 11:58:11.159,0.87268,0.87275,1.37,1.00
2018.02.07 11:58:11.888,0.87267,0.87276,2.62,1.00
2018.02.07 11:58:12.441,0.87267,0.87277,2.62,1.00
2018.02.07 11:58:12.647,0.87266,0.87275,1.12,1.50
2018.02.07 11:58:12.701,0.87265,0.87273,1.12,1.00
2018.02.07 11:58:13.662,0.87265,0.87274,3.75,1.00
2018.02.07 11:58:14.306,0.87265,0.87275,3.37,1.00
2018.02.07 11:58:16.471,0.87266,0.87275,1.50,1.00
2018.02.07 11:58:17.063,0.87265,0.87273,1.00,1.00
2018.02.07 11:58:18.308,0.87262,0.87271,1.50,1.50
2018.02.07 11:58:18.816,0.87264,0.87271,1.00,1.00
2018.02.07 11:58:19.386,0.87263,0.87272,1.37,1.50
2018.02.07 11:58:19.882,0.87262,0.87271,1.12,1.50
2018.02.07 11:58:20.392,0.87262,0.8727,1.37,1.00
2018.02.07 11:58:21.031,0.87262,0.8727,1.00,1.00
2018.02.07 11:58:22.211,0.87261,0.8727,2.25,1.00
2018.02.07 11:58:22.688,0.87263,0.87273,1.00,2.62
2018.02.07 11:58:23.253,0.87263,0.87273,1.87,1.87
2018.02.07 11:58:23.635,0.87265,0.87275,1.50,1.87
2018.02.07 11:58:23.687,0.87265,0.87276,1.87,2.62
2018.02.07 11:58:23.994,0.87266,0.87277,1.75,3.00
2018.02.07 11:58:24.336,0.87267,0.87275,1.50,1.00
2018.02.07 11:58:24.925,0.87267,0.87276,1.87,1.00
2018.02.07 11:58:25.437,0.87266,0.87277,3.00,2.25
2018.02.07 11:58:25.681,0.87264,0.87275,2.62,3.37
2018.02.07 11:58:25.732,0.87264,0.87273,1.87,1.00
2018.02.07 11:58:26.415,0.87265,0.87274,1.12,2.25
2018.02.07 11:58:26.863,0.87264,0.87274,1.87,1.50
2018.02.07 11:58:27.290,0.87264,0.87272,2.25,1.00
2018.02.07 11:58:27.446,0.87264,0.87274,2.25,1.50
2018.02.07 11:58:27.677,0.87264,0.87272,1.12,1.00
2018.02.07 11:58:28.139,0.87263,0.8727,1.50,1.00
2018.02.07 11:58:30.044,0.87261,0.87269,1.50,1.00
2018.02.07 11:58:30.250,0.87261,0.87271,1.12,1.87
2018.02.07 11:58:30.302,0.87261,0.87271,1.50,1.87
2018.02.07 11:58:31.399,0.87262,0.8727,1.37,1.00
2018.02.07 11:58:33.352,0.87262,0.87271,1.37,1.00
2018.02.07 11:58:33.898,0.87261,0.8727,1.87,1.50
2018.02.07 11:58:34.407,0.8726,0.8727,1.87,1.50
2018.02.07 11:58:35.102,0.8726,0.87269,1.50,1.00
2018.02.07 11:58:35.610,0.87261,0.87269,1.37,1.00
2018.02.07 11:58:35.798,0.87263,0.87272,1.12,3.00
2018.02.07 11:58:37.497,0.87263,0.87272,1.50,2.25
2018.02.07 11:58:38.172,0.87262,0.87271,1.87,1.00
2018.02.07 11:58:38.690,0.87262,0.87272,1.87,3.00
2018.02.07 11:58:40.213,0.87262,0.87272,1.50,3.37
2018.02.07 11:58:40.789,0.87261,0.8727,1.87,1.87
2018.02.07 11:58:42.466,0.87261,0.87269,1.12,1.00
2018.02.07 11:58:42.989,0.8726,0.87269,1.00,2.62
2018.02.07 11:58:44.189,0.87261,0.8727,2.25,1.00
2018.02.07 11:58:44.497,0.87262,0.87272,1.12,1.12
2018.02.07 11:58:44.684,0.87264,0.87273,1.00,3.00
2018.02.07 11:58:45.635,0.87262,0.87271,1.50,1.00
2018.02.07 11:58:46.145,0.87261,0.8727,1.50,1.87
2018.02.07 11:58:46.905,0.87261,0.8727,1.12,1.87
2018.02.07 11:58:48.386,0.87262,0.8727,1.00,1.12
2018.02.07 11:58:49.069,0.87261,0.8727,1.12,1.12
2018.02.07 11:58:49.639,0.87259,0.87269,2.62,1.00
2018.02.07 11:58:49.978,0.87259,0.87267,1.00,1.50
2018.02.07 11:58:50.751,0.8726,0.87268,1.50,2.25
2018.02.07 11:58:51.160,0.8726,0.87271,3.00,2.62
2018.02.07 11:58:52.706,0.87261,0.87271,1.50,1.50
2018.02.07 11:58:52.935,0.8726,0.87268,1.12,1.00
2018.02.07 11:58:53.442,0.87259,0.87268,1.12,1.50
2018.02.07 11:58:53.970,0.87257,0.87267,4.50,1.00
2018.02.07 11:58:54.561,0.87258,0.87267,1.00,1.00
2018.02.07 11:58:55.011,0.87256,0.87264,1.12,1.00
2018.02.07 11:58:55.330,0.87253,0.87262,2.25,1.50
2018.02.07 11:58:58.151,0.87254,0.87263,1.12,1.12
2018.02.07 11:58:58.811,0.87254,0.87263,1.50,1.12
2018.02.07 11:58:59.413,0.87255,0.87266,3.75,3.75
2018.02.07 11:58:59.516,0.87256,0.87266,1.87,1.87
2018.02.07 11:59:00.489,0.87256,0.87263,1.50,1.00
2018.02.07 11:59:01.018,0.87254,0.87264,1.75,1.50
2018.02.07 11:59:01.595,0.87256,0.87266,1.37,2.62
2018.02.07 11:59:01.697,0.87257,0.87267,1.87,1.50
2018.02.07 11:59:02.809,0.87259,0.87267,1.87,1.00
2018.02.07 11:59:02.862,0.87259,0.8727,2.62,2.25
2018.02.07 11:59:02.914,0.87262,0.87271,1.37,1.00
2018.02.07 11:59:02.966,0.87262,0.87272,4.12,1.87
2018.02.07 11:59:03.614,0.87262,0.87273,3.00,2.62
2018.02.07 11:59:04.220,0.87262,0.87273,1.87,1.87
2018.02.07 11:59:04.952,0.87262,0.87272,1.87,1.00
2018.02.07 11:59:05.305,0.87262,0.87272,1.12,2.25
2018.02.07 11:59:05.824,0.87262,0.87272,1.12,3.00
2018.02.07 11:59:06.623,0.87261,0.87271,1.50,1.12
2018.02.07 11:59:06.838,0.8726,0.87268,1.50,1.00
2018.02.07 11:59:06.990,0.87257,0.87267,1.50,1.00
2018.02.07 11:59:07.143,0.87257,0.87268,1.87,1.87
2018.02.07 11:59:07.449,0.87257,0.87266,1.50,1.50
2018.02.07 11:59:07.767,0.87255,0.87265,4.50,1.50
2018.02.07 11:59:07.819,0.87255,0.87266,3.37,3.37
2018.02.07 11:59:08.958,0.87255,0.87266,3.37,2.25
2018.02.07 11:59:09.441,0.87256,0.87266,1.37,1.87
2018.02.07 11:59:09.606,0.87256,0.87265,1.50,1.00
2018.02.07 11:59:09.711,0.87254,0.87262,1.37,1.00
2018.02.07 11:59:10.143,0.87253,0.87264,1.50,2.25
2018.02.07 11:59:10.195,0.87253,0.87264,1.50,2.62
2018.02.07 11:59:11.139,0.87255,0.87265,1.75,2.25
2018.02.07 11:59:11.243,0.87258,0.87267,1.12,2.25
2018.02.07 11:59:11.755,0.87258,0.87267,1.50,2.25
2018.02.07 11:59:12.068,0.87258,0.87267,1.75,2.25
2018.02.07 11:59:12.120,0.87261,0.87269,1.12,3.00
2018.02.07 11:59:12.223,0.87261,0.8727,1.50,1.50
2018.02.07 11:59:12.774,0.8726,0.87268,1.00,1.00
2018.02.07 11:59:12.826,0.87257,0.87266,2.62,1.00
2018.02.07 11:59:12.930,0.87257,0.87266,1.75,1.00
2018.02.07 11:59:13.949,0.87257,0.87267,2.25,1.12
2018.02.07 11:59:14.454,0.87257,0.87267,2.25,1.50
2018.02.07 11:59:15.661,0.87256,0.87267,2.62,2.25
2018.02.07 11:59:16.311,0.87256,0.87267,3.37,2.25
2018.02.07 11:59:16.802,0.87257,0.87268,1.50,3.00
2018.02.07 11:59:17.218,0.87259,0.87268,1.50,1.50
2018.02.07 11:59:17.875,0.87258,0.87267,2.25,1.75
2018.02.07 11:59:17.927,0.87256,0.87266,1.50,1.50
2018.02.07 11:59:18.481,0.87255,0.87265,1.12,2.25
2018.02.07 11:59:19.037,0.87255,0.87265,1.12,2.25
2018.02.07 11:59:19.188,0.87254,0.87265,5.25,2.25
2018.02.07 11:59:20.195,0.87256,0.87265,1.87,1.12
2018.02.07 11:59:20.348,0.87257,0.87267,1.37,1.87
2018.02.07 11:59:20.758,0.87257,0.87267,2.25,1.50
2018.02.07 11:59:21.701,0.87258,0.87267,1.87,1.00
2018.02.07 11:59:23.419,0.87258,0.87267,2.25,1.00
2018.02.07 11:59:24.215,0.87258,0.87267,1.50,1.00
2018.02.07 11:59:25.347,0.87257,0.87267,2.25,1.12
2018.02.07 11:59:25.738,0.87256,0.87266,3.00,1.50
2018.02.07 11:59:26.285,0.87256,0.87265,1.37,1.37
2018.02.07 11:59:26.796,0.87256,0.87265,1.37,1.37
2018.02.07 11:59:26.848,0.87255,0.87265,2.52,1.87
2018.02.07 11:59:27.044,0.87253,0.87263,1.00,3.00
2018.02.07 11:59:28.166,0.87253,0.87262,1.37,1.50
2018.02.07 11:59:28.687,0.87253,0.87263,3.00,1.12
2018.02.07 11:59:29.285,0.87254,0.87263,1.00,1.37
2018.02.07 11:59:30.005,0.87253,0.87263,3.75,1.37
2018.02.07 11:59:31.172,0.87253,0.87263,2.25,1.75
2018.02.07 11:59:31.224,0.87253,0.87263,1.12,3.37
2018.02.07 11:59:31.821,0.87252,0.87262,1.00,3.00
2018.02.07 11:59:32.675,0.87252,0.87262,1.37,4.12
2018.02.07 11:59:33.959,0.87253,0.87262,1.37,1.00
2018.02.07 11:59:34.896,0.87256,0.87263,1.37,1.00
2018.02.07 11:59:34.999,0.87258,0.87267,1.00,1.12
2018.02.07 11:59:35.531,0.87257,0.87267,1.12,1.50
2018.02.07 11:59:35.684,0.87259,0.87268,1.12,1.87
2018.02.07 11:59:36.188,0.87259,0.87268,2.62,1.50
2018.02.07 11:59:36.392,0.87259,0.8727,2.62,2.25
2018.02.07 11:59:36.933,0.8726,0.8727,1.00,1.87
2018.02.07 11:59:37.643,0.8726,0.8727,1.00,2.25
2018.02.07 11:59:38.187,0.87259,0.8727,2.25,2.25
2018.02.07 11:59:38.721,0.8726,0.8727,1.00,2.25
2018.02.07 11:59:39.234,0.87261,0.8727,1.00,1.87
2018.02.07 11:59:40.140,0.8726,0.8727,1.00,1.50
2018.02.07 11:59:41.224,0.8726,0.8727,1.50,1.50
2018.02.07 11:59:43.161,0.8726,0.87269,1.50,1.00
2018.02.07 11:59:44.462,0.8726,0.87269,1.50,1.00
2018.02.07 11:59:45.314,0.87257,0.87267,1.50,2.62
2018.02.07 11:59:45.842,0.87256,0.87265,1.00,1.12
2018.02.07 11:59:47.652,0.87254,0.87264,2.62,1.00
2018.02.07 11:59:48.821,0.87254,0.87264,1.50,1.00
2018.02.07 11:59:49.135,0.87256,0.87266,1.87,1.00
2018.02.07 11:59:49.796,0.87255,0.87265,3.37,1.50
2018.02.07 11:59:49.848,0.87255,0.87263,1.00,1.50
2018.02.07 11:59:50.026,0.87253,0.87263,1.12,1.12
2018.02.07 11:59:50.078,0.87253,0.87263,1.75,1.12
2018.02.07 11:59:50.950,0.87254,0.87263,1.75,1.00
2018.02.07 11:59:51.480,0.87254,0.87263,1.37,1.00
2018.02.07 11:59:51.998,0.87254,0.87265,2.62,1.50
2018.02.07 11:59:52.488,0.87256,0.87266,2.25,1.00
2018.02.07 11:59:53.003,0.87256,0.87266,1.00,1.00
2018.02.07 11:59:53.221,0.87256,0.87266,1.37,1.00
2018.02.07 11:59:53.658,0.87256,0.87268,2.25,2.25
2018.02.07 11:59:55.023,0.87257,0.87268,1.37,2.25
2018.02.07 11:59:55.129,0.8726,0.87269,1.00,1.12
2018.02.07 11:59:55.278,0.8726,0.87269,1.37,1.12
2018.02.07 11:59:55.915,0.87261,0.87271,1.37,1.12
2018.02.07 11:59:56.445,0.87261,0.87272,1.37,1.12
2018.02.07 11:59:57.610,0.87261,0.87271,1.12,1.12
2018.02.07 11:59:57.752,0.87258,0.87269,2.62,2.25
2018.02.07 11:59:57.804,0.87258,0.87269,3.00,1.87
2018.02.07 11:59:58.342,0.87258,0.87269,1.37,2.25
2018.02.07 11:59:58.795,0.87257,0.87268,1.00,1.50
2018.02.07 11:59:59.604,0.87255,0.87265,1.87,1.12
2018.02.07 11:59:59.938,0.87251,0.87263,3.00,3.75
