2018.02.21 01:00:00.154,0.8501,0.85019,1.00,3.37
2018.02.21 01:00:00.257,0.85009,0.8502,1.00,1.50
2018.02.21 01:00:01.213,0.85009,0.85022,3.37,1.12
2018.02.21 01:00:01.623,0.85012,0.85022,1.00,1.12
2018.02.21 01:00:02.204,0.85012,0.85023,1.50,1.00
2018.02.21 01:00:02.713,0.85012,0.85024,1.12,1.87
2018.02.21 01:00:03.243,0.85014,0.85025,1.00,3.37
2018.02.21 01:00:04.039,0.85015,0.85026,1.00,2.25
2018.02.21 01:00:04.640,0.85014,0.85026,1.00,1.50
2018.02.21 01:00:06.288,0.85014,0.85026,1.50,1.12
2018.02.21 01:00:08.813,0.85013,0.85024,2.62,1.00
2018.02.21 01:00:08.865,0.85012,0.85024,1.50,1.12
2018.02.21 01:00:09.433,0.85012,0.85023,1.50,1.00
2018.02.21 01:00:10.887,0.85012,0.85024,1.50,1.12
2018.02.21 01:00:11.041,0.85011,0.85022,4.87,1.00
2018.02.21 01:00:11.249,0.85009,0.8502,1.00,1.12
2018.02.21 01:00:11.921,0.85009,0.85019,1.00,1.00
2018.02.21 01:00:12.964,0.85007,0.85019,2.62,1.00
2018.02.21 01:00:14.081,0.85007,0.85018,2.62,1.00
2018.02.21 01:00:14.234,0.85007,0.85016,1.37,1.00
2018.02.21 01:00:14.337,0.85004,0.85016,2.62,1.37
2018.02.21 01:00:14.541,0.85005,0.85018,3.37,1.12
2018.02.21 01:00:15.529,0.85005,0.85016,2.25,1.00
2018.02.21 01:00:16.186,0.85005,0.85014,1.00,1.00
2018.02.21 01:00:17.470,0.85005,0.85016,1.00,1.00
2018.02.21 01:00:19.412,0.85005,0.85017,1.00,1.50
2018.02.21 01:00:19.516,0.85006,0.85017,2.62,1.00
2018.02.21 01:00:20.476,0.85004,0.85016,4.12,1.00
2018.02.21 01:00:21.414,0.85004,0.85017,4.87,1.87
2018.02.21 01:00:24.194,0.85004,0.85016,3.37,1.00
2018.02.21 01:00:24.298,0.85004,0.85017,1.12,3.75
2018.02.21 01:00:26.262,0.85004,0.85015,1.00,4.12
2018.02.21 01:00:26.314,0.85002,0.85015,2.62,4.12
2018.02.21 01:00:26.420,0.85002,0.8501,1.12,1.00
2018.02.21 01:00:26.472,0.85,0.8501,1.00,1.87
2018.02.21 01:00:26.524,0.84997,0.85009,2.25,1.50
2018.02.21 01:00:26.684,0.84996,0.85008,1.12,2.62
2018.02.21 01:00:26.737,0.84997,0.8501,1.12,5.25
2018.02.21 01:00:26.840,0.84995,0.85007,1.00,2.62
2018.02.21 01:00:26.945,0.84994,0.85007,3.37,3.00
2018.02.21 01:00:27.048,0.84994,0.85007,1.12,2.25
2018.02.21 01:00:27.518,0.84994,0.85006,2.62,1.00
2018.02.21 01:00:27.881,0.84996,0.85009,1.12,4.12
2018.02.21 01:00:27.932,0.84996,0.85007,1.00,1.50
2018.02.21 01:00:27.984,0.84994,0.85007,1.87,1.50
2018.02.21 01:00:28.850,0.84992,0.85005,1.50,1.12
2018.02.21 01:00:28.953,0.84994,0.85006,1.37,3.75
2018.02.21 01:00:29.671,0.84995,0.85006,1.12,1.00
2018.02.21 01:00:29.774,0.84996,0.85008,1.00,1.50
2018.02.21 01:00:30.099,0.84993,0.85007,3.00,3.37
2018.02.21 01:00:30.407,0.84995,0.85007,2.25,3.37
2018.02.21 01:00:30.836,0.84993,0.85005,1.50,1.12
2018.02.21 01:00:31.774,0.84995,0.85006,1.00,1.87
2018.02.21 01:00:32.553,0.84991,0.85003,3.37,1.00
2018.02.21 01:00:33.256,0.84991,0.85002,3.37,1.00
2018.02.21 01:00:33.308,0.84991,0.85004,4.87,1.50
2018.02.21 01:00:33.670,0.84994,0.85006,1.00,1.50
2018.02.21 01:00:35.502,0.84994,0.85005,1.50,1.00
2018.02.21 01:00:37.237,0.84991,0.85004,3.37,1.50
2018.02.21 01:00:39.235,0.84992,0.85005,3.00,2.62
2018.02.21 01:00:39.338,0.84995,0.85005,1.00,1.00
2018.02.21 01:00:39.441,0.84995,0.85008,3.75,1.87
2018.02.21 01:00:40.814,0.84995,0.85007,1.50,1.00
2018.02.21 01:00:41.637,0.84997,0.85008,1.50,1.00
2018.02.21 01:00:42.227,0.84997,0.85009,3.37,1.12
2018.02.21 01:00:43.514,0.84996,0.85009,3.37,4.12
2018.02.21 01:00:45.595,0.84997,0.85009,1.50,1.00
2018.02.21 01:00:47.758,0.84997,0.8501,1.50,3.37
2018.02.21 01:00:51.374,0.84997,0.85009,2.25,1.00
2018.02.21 01:00:52.046,0.84999,0.85011,1.00,4.87
2018.02.21 01:00:53.333,0.85,0.85012,1.12,1.50
2018.02.21 01:00:53.844,0.85,0.85012,1.50,1.50
2018.02.21 01:00:54.400,0.85001,0.85012,1.00,1.50
2018.02.21 01:00:54.562,0.85002,0.85015,1.87,4.12
2018.02.21 01:00:54.614,0.85004,0.85015,1.00,1.50
2018.02.21 01:00:54.975,0.85007,0.85016,1.00,1.12
2018.02.21 01:00:55.557,0.85006,0.85016,1.00,1.12
2018.02.21 01:00:57.026,0.85004,0.85016,2.25,1.50
2018.02.21 01:00:59.618,0.85006,0.85017,1.00,1.00
2018.02.21 01:01:00.064,0.85005,0.85015,1.00,1.50
2018.02.21 01:01:00.116,0.85003,0.85015,1.50,1.50
2018.02.21 01:01:00.779,0.85003,0.85014,1.50,1.50
2018.02.21 01:01:00.986,0.85001,0.85013,1.12,1.00
2018.02.21 01:01:01.089,0.85001,0.85013,2.62,1.12
2018.02.21 01:01:01.462,0.85001,0.85011,1.00,1.00
2018.02.21 01:01:01.618,0.85001,0.85013,1.00,2.25
2018.02.21 01:01:03.401,0.85,0.85013,1.87,4.12
2018.02.21 01:01:03.795,0.85,0.85013,4.87,1.87
2018.02.21 01:01:04.389,0.85001,0.85012,1.12,1.00
2018.02.21 01:01:05.099,0.85,0.85012,1.12,1.12
2018.02.21 01:01:05.691,0.85001,0.85012,1.00,1.12
2018.02.21 01:01:06.806,0.85003,0.85013,1.87,2.62
2018.02.21 01:01:06.859,0.85005,0.85015,1.00,1.00
2018.02.21 01:01:07.065,0.85006,0.85018,2.25,1.00
2018.02.21 01:01:07.168,0.85007,0.85018,1.37,1.00
2018.02.21 01:01:07.476,0.85011,0.8502,1.00,2.62
2018.02.21 01:01:08.015,0.85011,0.8502,1.00,1.00
2018.02.21 01:01:10.097,0.85009,0.8502,1.00,1.00
2018.02.21 01:01:10.605,0.8501,0.8502,1.00,1.00
2018.02.21 01:01:10.761,0.85012,0.85022,1.00,2.25
2018.02.21 01:01:11.301,0.85014,0.85024,1.00,2.62
2018.02.21 01:01:11.852,0.85012,0.85024,1.87,2.62
2018.02.21 01:01:13.038,0.85014,0.85025,1.00,1.50
2018.02.21 01:01:13.528,0.85012,0.85025,1.87,1.50
2018.02.21 01:01:14.110,0.85013,0.85026,1.00,4.87
2018.02.21 01:01:14.733,0.85014,0.85026,1.00,4.12
2018.02.21 01:01:16.638,0.85015,0.85027,1.12,2.62
2018.02.21 01:01:16.998,0.85017,0.85027,1.00,1.12
2018.02.21 01:01:17.420,0.85017,0.8503,1.12,4.87
2018.02.21 01:01:17.472,0.85016,0.85028,1.37,2.62
2018.02.21 01:01:24.505,0.85018,0.85029,1.00,1.00
2018.02.21 01:01:27.205,0.85019,0.85032,1.12,5.25
2018.02.21 01:01:27.308,0.8502,0.85033,3.37,1.12
2018.02.21 01:01:27.720,0.85018,0.85029,2.62,1.00
2018.02.21 01:01:28.260,0.85017,0.85028,2.25,1.12
2018.02.21 01:01:30.747,0.85018,0.8503,2.25,1.00
2018.02.21 01:01:31.232,0.85017,0.85029,2.25,1.50
2018.02.21 01:01:32.254,0.85019,0.85031,2.25,1.87
2018.02.21 01:01:32.562,0.8502,0.85033,3.37,4.12
2018.02.21 01:01:40.618,0.85022,0.85035,4.12,1.12
2018.02.21 01:01:40.669,0.85022,0.85033,3.37,1.00
2018.02.21 01:01:41.531,0.85021,0.85033,1.50,1.12
2018.02.21 01:01:43.624,0.8502,0.8503,2.62,1.00
2018.02.21 01:01:43.676,0.85018,0.85031,1.87,4.12
2018.02.21 01:01:48.237,0.85018,0.85029,1.12,3.00
2018.02.21 01:01:50.362,0.85016,0.85029,1.50,4.87
2018.02.21 01:01:50.902,0.85017,0.85029,1.00,4.12
2018.02.21 01:01:51.180,0.85018,0.85029,1.50,1.00
2018.02.21 01:01:51.857,0.85017,0.8503,4.87,1.87
2018.02.21 01:01:55.699,0.8502,0.8503,1.00,1.12
2018.02.21 01:01:59.669,0.85021,0.8503,1.00,1.12
2018.02.21 01:01:59.772,0.85019,0.8503,1.87,1.12
2018.02.21 01:02:04.956,0.85019,0.8503,2.25,1.12
2018.02.21 01:02:05.060,0.85021,0.85032,2.62,1.00
2018.02.21 01:02:05.162,0.85021,0.85034,3.37,1.00
2018.02.21 01:02:05.713,0.85022,0.85035,1.50,2.62
2018.02.21 01:02:06.568,0.85022,0.85033,1.00,1.50
2018.02.21 01:02:07.075,0.85021,0.85033,3.00,1.00
2018.02.21 01:02:07.542,0.85022,0.85035,3.37,2.25
2018.02.21 01:02:09.732,0.85023,0.85034,1.50,1.00
2018.02.21 01:02:10.607,0.85022,0.85035,3.37,2.25
2018.02.21 01:02:12.412,0.85022,0.85034,2.62,1.00
2018.02.21 01:02:13.032,0.85022,0.85032,2.62,1.00
2018.02.21 01:02:13.084,0.85021,0.85031,1.50,1.00
2018.02.21 01:02:13.238,0.85018,0.85031,4.87,1.12
2018.02.21 01:02:13.890,0.85019,0.8503,1.12,1.00
2018.02.21 01:02:15.001,0.85018,0.8503,1.00,1.87
2018.02.21 01:02:15.562,0.85016,0.85029,4.87,1.12
2018.02.21 01:02:18.067,0.85018,0.85029,1.00,1.12
2018.02.21 01:02:18.586,0.85017,0.85029,2.62,1.00
2018.02.21 01:02:18.741,0.85017,0.85027,2.25,1.00
2018.02.21 01:02:18.793,0.85014,0.85027,1.87,1.50
2018.02.21 01:02:20.117,0.85015,0.85027,1.50,1.87
2018.02.21 01:02:20.570,0.85015,0.85027,4.12,1.37
2018.02.21 01:02:22.709,0.85015,0.85027,1.00,2.25
2018.02.21 01:02:24.446,0.85015,0.85025,1.00,1.00
2018.02.21 01:02:24.709,0.85018,0.85028,1.00,2.62
2018.02.21 01:02:26.576,0.85016,0.85026,1.12,1.00
2018.02.21 01:02:26.883,0.85017,0.85027,2.25,1.00
2018.02.21 01:02:27.037,0.85016,0.85027,1.00,1.00
2018.02.21 01:02:27.718,0.85016,0.85027,3.37,1.00
2018.02.21 01:02:28.334,0.85016,0.85027,1.12,1.12
2018.02.21 01:02:28.870,0.85017,0.85027,1.12,1.00
2018.02.21 01:02:29.392,0.85015,0.85027,1.50,1.87
2018.02.21 01:02:32.952,0.85015,0.85026,1.00,1.12
2018.02.21 01:02:33.492,0.85015,0.85027,1.50,3.37
2018.02.21 01:02:34.835,0.85015,0.85027,3.37,1.50
2018.02.21 01:02:34.989,0.85018,0.85029,1.00,1.87
2018.02.21 01:02:35.797,0.85018,0.85029,1.37,1.87
2018.02.21 01:02:36.153,0.85019,0.85032,3.00,1.87
2018.02.21 01:02:36.521,0.8502,0.85032,4.12,1.50
2018.02.21 01:02:37.030,0.8502,0.85031,2.62,1.50
2018.02.21 01:02:37.446,0.85018,0.85029,4.87,1.50
2018.02.21 01:02:38.752,0.85017,0.85029,2.62,1.87
2018.02.21 01:02:38.907,0.85018,0.85029,3.37,1.00
2018.02.21 01:02:43.312,0.85017,0.85029,4.12,1.50
2018.02.21 01:02:43.682,0.85017,0.85027,2.62,1.00
2018.02.21 01:02:43.786,0.85015,0.85026,3.37,1.50
2018.02.21 01:02:44.817,0.85018,0.85026,1.00,1.00
2018.02.21 01:02:45.318,0.85015,0.85026,1.50,1.00
2018.02.21 01:02:45.845,0.85015,0.85026,1.00,2.25
2018.02.21 01:02:46.533,0.85016,0.85026,1.00,1.50
2018.02.21 01:02:47.078,0.85015,0.85026,1.50,2.25
2018.02.21 01:02:52.564,0.85014,0.85023,1.00,1.12
2018.02.21 01:02:52.841,0.85013,0.85025,2.62,1.87
2018.02.21 01:02:52.944,0.85014,0.85027,1.50,2.25
2018.02.21 01:02:53.744,0.85015,0.85027,1.50,1.50
2018.02.21 01:02:55.004,0.85015,0.85027,1.75,1.50
2018.02.21 01:02:55.483,0.85015,0.85026,1.12,1.00
2018.02.21 01:02:57.201,0.85015,0.85027,1.12,1.50
2018.02.21 01:02:57.781,0.85015,0.85026,1.12,1.00
2018.02.21 01:02:58.284,0.85015,0.85027,1.12,1.50
2018.02.21 01:02:58.398,0.85015,0.85027,3.37,1.12
2018.02.21 01:02:58.918,0.85016,0.85026,1.12,1.12
2018.02.21 01:03:00.427,0.85017,0.85027,1.12,1.00
2018.02.21 01:03:00.478,0.85017,0.85029,1.87,1.87
2018.02.21 01:03:01.195,0.85016,0.85027,1.50,1.00
2018.02.21 01:03:01.783,0.85016,0.85026,1.00,1.00
2018.02.21 01:03:02.757,0.85015,0.85026,1.12,3.37
2018.02.21 01:03:03.333,0.85013,0.85024,1.50,1.50
2018.02.21 01:03:03.846,0.85011,0.85022,1.50,1.12
2018.02.21 01:03:04.747,0.85012,0.85022,1.00,1.87
2018.02.21 01:03:05.311,0.85011,0.85022,1.00,1.87
2018.02.21 01:03:06.024,0.85011,0.85021,1.50,1.00
2018.02.21 01:03:06.527,0.85012,0.85023,1.12,1.00
2018.02.21 01:03:06.579,0.85014,0.85024,1.00,1.12
2018.02.21 01:03:07.050,0.85012,0.85024,1.12,2.25
2018.02.21 01:03:07.825,0.85012,0.85022,1.12,1.00
2018.02.21 01:03:11.608,0.85011,0.85021,1.00,1.00
2018.02.21 01:03:12.334,0.8501,0.85021,1.50,1.87
2018.02.21 01:03:14.871,0.85007,0.8502,1.87,2.25
2018.02.21 01:03:15.076,0.85008,0.85021,3.00,1.12
2018.02.21 01:03:17.030,0.85008,0.85018,2.62,1.00
2018.02.21 01:03:17.185,0.85006,0.85017,2.62,1.12
2018.02.21 01:03:17.237,0.85005,0.85018,2.25,3.75
2018.02.21 01:03:17.748,0.85005,0.85018,3.00,3.00
2018.02.21 01:03:18.292,0.85007,0.85017,1.00,1.12
2018.02.21 01:03:18.961,0.85006,0.85018,1.12,1.50
2018.02.21 01:03:19.217,0.85007,0.85019,1.50,1.50
2018.02.21 01:03:19.736,0.85008,0.85019,1.00,1.00
2018.02.21 01:03:20.345,0.85007,0.85019,1.50,1.00
2018.02.21 01:03:20.880,0.85008,0.85019,1.00,1.00
2018.02.21 01:03:21.509,0.85009,0.85021,1.12,1.12
2018.02.21 01:03:21.614,0.85011,0.85024,2.25,6.00
2018.02.21 01:03:21.922,0.85013,0.85025,3.37,1.50
2018.02.21 01:03:22.024,0.85015,0.85026,1.00,1.00
2018.02.21 01:03:22.551,0.85015,0.85027,2.25,1.50
2018.02.21 01:03:23.398,0.85015,0.85024,1.00,1.00
2018.02.21 01:03:23.989,0.85015,0.85025,1.00,1.12
2018.02.21 01:03:27.108,0.85015,0.85024,1.00,1.00
2018.02.21 01:03:27.816,0.85012,0.85024,4.87,1.00
2018.02.21 01:03:27.868,0.85012,0.85024,2.62,1.12
2018.02.21 01:03:31.205,0.85013,0.85024,1.00,1.12
2018.02.21 01:03:31.717,0.85012,0.85025,2.62,2.62
2018.02.21 01:03:32.494,0.85011,0.85024,2.25,4.50
2018.02.21 01:03:32.597,0.85011,0.85024,4.87,1.87
2018.02.21 01:03:33.293,0.85013,0.85024,1.00,1.12
2018.02.21 01:03:33.464,0.85011,0.85022,3.00,1.00
2018.02.21 01:03:33.807,0.85013,0.85022,1.00,1.00
2018.02.21 01:03:33.910,0.85013,0.85024,1.00,1.50
2018.02.21 01:03:33.962,0.85011,0.85021,1.50,1.00
2018.02.21 01:03:34.773,0.85012,0.85024,1.87,3.37
2018.02.21 01:03:37.418,0.85011,0.85021,3.00,1.00
2018.02.21 01:03:39.482,0.85011,0.85022,1.00,1.37
2018.02.21 01:03:39.793,0.85017,0.85022,1.00,1.00
2018.02.21 01:03:39.845,0.85018,0.85028,1.50,1.00
2018.02.21 01:03:40.030,0.85022,0.85029,1.00,1.00
2018.02.21 01:03:40.792,0.85025,0.85029,1.00,1.00
2018.02.21 01:03:40.894,0.85022,0.85029,1.00,1.00
2018.02.21 01:03:40.946,0.85025,0.85029,1.00,1.00
2018.02.21 01:03:40.997,0.85022,0.85029,1.00,1.00
2018.02.21 01:03:41.280,0.85025,0.85029,1.00,1.00
2018.02.21 01:03:41.331,0.85023,0.85033,1.00,2.62
2018.02.21 01:03:42.394,0.85022,0.85033,1.50,2.62
2018.02.21 01:03:42.546,0.85023,0.85034,1.00,3.75
2018.02.21 01:03:44.095,0.85023,0.85033,1.00,2.25
2018.02.21 01:03:45.516,0.85022,0.85031,1.50,1.00
2018.02.21 01:03:46.283,0.85023,0.85031,1.00,1.00
2018.02.21 01:03:47.617,0.85022,0.85031,1.00,1.00
2018.02.21 01:03:47.973,0.8502,0.85031,1.50,4.87
2018.02.21 01:03:48.491,0.85021,0.85031,1.00,3.37
2018.02.21 01:03:48.594,0.85022,0.85033,1.50,3.37
2018.02.21 01:03:49.614,0.85021,0.85033,1.50,3.37
2018.02.21 01:03:50.237,0.85022,0.85033,1.00,2.62
2018.02.21 01:03:51.564,0.85021,0.85033,1.50,3.37
2018.02.21 01:03:53.262,0.85021,0.85031,1.50,1.50
2018.02.21 01:03:53.366,0.85019,0.85031,1.50,2.62
2018.02.21 01:03:53.420,0.85016,0.85029,4.87,2.25
2018.02.21 01:03:53.475,0.85016,0.85027,1.00,2.62
2018.02.21 01:03:55.883,0.85015,0.85027,1.50,2.62
2018.02.21 01:04:00.849,0.85015,0.85023,1.00,3.37
2018.02.21 01:04:00.951,0.85015,0.85027,1.12,4.87
2018.02.21 01:04:02.530,0.85016,0.85027,1.00,3.37
2018.02.21 01:04:03.183,0.85016,0.85028,1.50,4.12
2018.02.21 01:04:03.235,0.85018,0.85028,1.50,3.37
2018.02.21 01:04:04.090,0.85018,0.8503,1.50,4.12
2018.02.21 01:04:04.693,0.85018,0.85028,1.50,1.50
2018.02.21 01:04:05.328,0.85017,0.85028,1.50,1.50
2018.02.21 01:04:05.667,0.85018,0.85026,1.00,2.25
2018.02.21 01:04:06.028,0.85019,0.85029,1.00,1.12
2018.02.21 01:04:07.262,0.85017,0.8503,2.25,4.12
2018.02.21 01:04:09.637,0.85017,0.85028,1.00,3.37
2018.02.21 01:04:10.149,0.85018,0.85028,1.00,3.37
2018.02.21 01:04:11.238,0.85018,0.8503,1.50,4.12
2018.02.21 01:04:11.761,0.85018,0.8503,2.25,2.25
2018.02.21 01:04:11.905,0.85018,0.85029,1.50,2.25
2018.02.21 01:04:13.163,0.85017,0.85025,1.00,2.62
2018.02.21 01:04:13.265,0.85018,0.85028,1.00,2.62
2018.02.21 01:04:14.395,0.85017,0.85027,1.00,1.50
2018.02.21 01:04:15.123,0.85018,0.85027,1.00,2.62
2018.02.21 01:04:15.388,0.85019,0.85029,1.00,3.37
2018.02.21 01:04:16.218,0.85018,0.85025,1.00,1.00
2018.02.21 01:04:16.321,0.85018,0.85028,1.00,1.12
2018.02.21 01:04:16.948,0.85019,0.85027,1.00,2.62
2018.02.21 01:04:17.010,0.85018,0.8503,1.87,1.12
2018.02.21 01:04:17.539,0.85018,0.8503,1.50,4.12
2018.02.21 01:04:18.754,0.85019,0.8503,1.00,3.37
2018.02.21 01:04:20.317,0.85018,0.85029,1.00,1.12
2018.02.21 01:04:20.369,0.85018,0.85029,1.00,3.37
2018.02.21 01:04:21.398,0.85017,0.85029,1.50,3.37
2018.02.21 01:04:22.598,0.85019,0.8503,1.00,3.37
2018.02.21 01:04:23.614,0.8502,0.8503,1.50,4.87
2018.02.21 01:04:24.497,0.85019,0.8503,2.25,3.37
2018.02.21 01:04:25.092,0.8502,0.8503,1.00,3.37
2018.02.21 01:04:28.166,0.8502,0.8503,1.00,1.50
2018.02.21 01:04:29.186,0.85019,0.85031,1.50,4.12
2018.02.21 01:04:30.201,0.85019,0.85031,2.62,1.87
2018.02.21 01:04:30.252,0.85019,0.85029,1.12,1.00
2018.02.21 01:04:30.762,0.8502,0.8503,1.00,4.50
2018.02.21 01:04:32.880,0.85019,0.85028,1.00,1.00
2018.02.21 01:04:37.433,0.85019,0.85029,1.00,1.12
2018.02.21 01:04:37.935,0.85019,0.85028,1.00,1.00
2018.02.21 01:04:38.286,0.85017,0.85028,1.12,1.00
2018.02.21 01:04:38.833,0.85017,0.85026,1.12,1.00
2018.02.21 01:04:39.084,0.85017,0.85028,1.12,1.00
2018.02.21 01:04:39.342,0.85017,0.85026,1.12,1.00
2018.02.21 01:04:39.484,0.85017,0.85028,1.12,1.00
2018.02.21 01:04:40.137,0.85017,0.85027,1.12,1.00
2018.02.21 01:04:40.836,0.85017,0.85026,1.00,1.00
2018.02.21 01:04:40.889,0.85017,0.85024,1.00,1.00
2018.02.21 01:04:41.197,0.85014,0.85023,1.12,1.00
2018.02.21 01:04:41.581,0.85013,0.85021,1.00,1.00
2018.02.21 01:04:42.114,0.85012,0.85023,1.87,1.37
2018.02.21 01:04:43.733,0.85013,0.85023,1.00,1.37
2018.02.21 01:04:48.243,0.85012,0.85024,2.62,3.37
2018.02.21 01:04:49.418,0.85014,0.85023,1.00,1.37
2018.02.21 01:04:50.984,0.85013,0.85024,1.00,3.37
2018.02.21 01:04:52.001,0.85014,0.85024,1.00,3.37
2018.02.21 01:04:52.237,0.85012,0.85024,2.62,3.37
2018.02.21 01:04:52.984,0.85013,0.85024,1.00,3.37
2018.02.21 01:04:56.634,0.85012,0.85023,3.00,1.00
2018.02.21 01:05:00.167,0.85012,0.85023,1.00,1.12
2018.02.21 01:05:00.219,0.85011,0.85022,1.50,1.50
2018.02.21 01:05:00.531,0.85007,0.85017,2.10,1.12
2018.02.21 01:05:00.634,0.85005,0.85017,3.37,1.12
2018.02.21 01:05:01.143,0.85005,0.85016,1.87,1.00
2018.02.21 01:05:04.153,0.85005,0.85016,6.37,1.00
2018.02.21 01:05:04.307,0.85005,0.85016,2.25,1.12
2018.02.21 01:05:06.021,0.85005,0.85015,1.50,1.00
2018.02.21 01:05:06.897,0.85005,0.85016,1.00,1.12
2018.02.21 01:05:12.877,0.8501,0.85017,1.00,3.37
2018.02.21 01:05:12.980,0.8501,0.85021,2.25,1.00
2018.02.21 01:05:13.134,0.85013,0.85023,1.00,3.37
2018.02.21 01:05:13.308,0.85014,0.85023,1.00,1.00
2018.02.21 01:05:13.819,0.85015,0.85025,1.12,1.37
2018.02.21 01:05:14.347,0.85014,0.85024,1.12,1.00
2018.02.21 01:05:15.338,0.85014,0.85023,1.00,1.00
2018.02.21 01:05:18.607,0.85014,0.85024,1.00,1.12
2018.02.21 01:05:20.254,0.85013,0.85024,1.00,1.12
2018.02.21 01:05:20.305,0.85012,0.85022,1.87,1.00
2018.02.21 01:05:20.912,0.85012,0.85022,1.00,3.00
2018.02.21 01:05:23.348,0.85013,0.85024,1.50,4.87
2018.02.21 01:05:23.452,0.85014,0.85025,1.12,1.87
2018.02.21 01:05:23.986,0.85013,0.85024,2.25,1.00
2018.02.21 01:05:25.717,0.85014,0.85025,1.12,1.12
2018.02.21 01:05:26.775,0.85013,0.85023,2.25,2.62
2018.02.21 01:05:26.880,0.85013,0.85025,3.00,1.50
2018.02.21 01:05:27.482,0.85013,0.85024,3.00,1.00
2018.02.21 01:05:30.632,0.85014,0.85025,1.00,1.50
2018.02.21 01:05:31.838,0.85015,0.85025,1.00,1.50
2018.02.21 01:05:35.612,0.85013,0.85022,1.50,1.00
2018.02.21 01:05:35.921,0.85015,0.85025,1.00,3.00
2018.02.21 01:05:39.074,0.85014,0.85025,1.87,3.00
2018.02.21 01:05:40.339,0.85015,0.85025,1.00,3.00
2018.02.21 01:05:40.986,0.85014,0.85025,1.87,3.00
2018.02.21 01:05:43.028,0.85013,0.85021,1.00,1.00
2018.02.21 01:05:43.338,0.85012,0.85023,1.87,1.00
2018.02.21 01:05:45.288,0.85011,0.8502,1.37,1.00
2018.02.21 01:05:45.391,0.85009,0.85019,1.37,1.12
2018.02.21 01:05:45.974,0.85009,0.85019,1.00,3.00
2018.02.21 01:05:50.637,0.85007,0.85018,2.25,1.12
2018.02.21 01:05:51.161,0.85007,0.85017,1.00,1.00
2018.02.21 01:05:53.333,0.85007,0.85018,1.00,1.12
2018.02.21 01:05:53.589,0.85008,0.8502,3.00,3.00
2018.02.21 01:05:53.794,0.85009,0.85018,1.50,1.00
2018.02.21 01:05:54.975,0.85009,0.8502,1.00,2.25
2018.02.21 01:05:55.320,0.85011,0.8502,1.00,1.50
2018.02.21 01:05:57.334,0.85008,0.85019,2.62,1.12
2018.02.21 01:05:58.226,0.85009,0.85018,1.00,1.12
2018.02.21 01:05:59.043,0.85008,0.85018,1.00,1.12
2018.02.21 01:05:59.853,0.85007,0.85018,1.50,1.12
2018.02.21 01:06:00.387,0.85015,0.8502,1.00,1.12
2018.02.21 01:06:00.492,0.85015,0.85025,1.00,1.00
2018.02.21 01:06:00.545,0.85017,0.85026,1.00,1.12
2018.02.21 01:06:01.103,0.85018,0.85027,1.00,1.37
2018.02.21 01:06:01.154,0.85019,0.8503,1.00,3.00
2018.02.21 01:06:01.408,0.8502,0.85031,1.00,1.12
2018.02.21 01:06:01.512,0.85022,0.85033,1.00,3.37
2018.02.21 01:06:01.719,0.85024,0.85035,1.12,1.00
2018.02.21 01:06:02.345,0.85024,0.85035,1.87,1.37
2018.02.21 01:06:03.078,0.85022,0.85032,1.00,1.00
2018.02.21 01:06:03.950,0.85021,0.85032,1.50,1.50
2018.02.21 01:06:05.252,0.85022,0.85033,1.00,1.87
2018.02.21 01:06:05.355,0.85025,0.85034,1.00,1.50
2018.02.21 01:06:05.918,0.85023,0.85034,2.25,1.00
2018.02.21 01:06:07.910,0.85025,0.85036,1.00,1.50
2018.02.21 01:06:08.131,0.85027,0.85038,1.12,1.00
2018.02.21 01:06:08.184,0.85025,0.85036,1.50,1.12
2018.02.21 01:06:09.137,0.85024,0.85035,1.87,1.00
2018.02.21 01:06:10.837,0.85032,0.85038,1.00,3.37
2018.02.21 01:06:10.941,0.85032,0.85042,1.00,1.50
2018.02.21 01:06:11.465,0.85033,0.85042,1.12,1.12
2018.02.21 01:06:12.146,0.8504,0.85046,1.00,4.12
2018.02.21 01:06:12.249,0.8504,0.85049,1.00,1.00
2018.02.21 01:06:12.658,0.85043,0.8505,1.00,1.12
2018.02.21 01:06:12.709,0.85041,0.85051,1.00,2.62
2018.02.21 01:06:12.862,0.85042,0.85052,1.00,1.50
2018.02.21 01:06:13.426,0.85042,0.85051,1.00,1.00
2018.02.21 01:06:13.966,0.85043,0.85053,1.00,2.62
2018.02.21 01:06:14.479,0.85042,0.85053,1.00,1.12
2018.02.21 01:06:14.867,0.8504,0.85051,1.50,1.50
2018.02.21 01:06:17.139,0.85039,0.8505,1.50,3.37
2018.02.21 01:06:17.777,0.85037,0.85046,1.50,1.12
2018.02.21 01:06:18.189,0.85037,0.85048,1.50,1.12
2018.02.21 01:06:18.240,0.85037,0.85046,1.50,1.00
2018.02.21 01:06:18.919,0.85037,0.85045,1.00,1.00
2018.02.21 01:06:19.433,0.85036,0.85045,1.00,1.50
2018.02.21 01:06:20.208,0.85034,0.85045,1.50,1.50
2018.02.21 01:06:21.377,0.85035,0.85045,1.00,1.50
2018.02.21 01:06:21.531,0.85034,0.85043,2.62,1.00
2018.02.21 01:06:21.661,0.85034,0.85044,1.00,1.50
2018.02.21 01:06:22.187,0.85035,0.85044,1.00,1.50
2018.02.21 01:06:22.442,0.85033,0.85044,1.50,1.50
2018.02.21 01:06:22.493,0.85035,0.85044,1.00,1.50
2018.02.21 01:06:22.764,0.85033,0.85044,2.25,1.50
2018.02.21 01:06:23.285,0.85037,0.85046,1.50,1.00
2018.02.21 01:06:23.336,0.8504,0.8505,1.00,1.00
2018.02.21 01:06:23.645,0.85042,0.85051,1.00,1.00
2018.02.21 01:06:24.083,0.8504,0.85049,1.00,1.00
2018.02.21 01:06:24.633,0.85041,0.8505,1.00,1.00
2018.02.21 01:06:24.685,0.85039,0.8505,1.87,1.00
2018.02.21 01:06:24.736,0.85041,0.85051,1.00,1.12
2018.02.21 01:06:25.041,0.85038,0.85048,1.50,1.00
2018.02.21 01:06:25.472,0.8504,0.8505,1.00,1.00
2018.02.21 01:06:25.575,0.85042,0.85051,1.00,1.00
2018.02.21 01:06:26.121,0.85042,0.85052,1.00,1.12
2018.02.21 01:06:27.409,0.85041,0.85052,1.00,1.12
2018.02.21 01:06:27.719,0.85044,0.85052,1.00,1.00
2018.02.21 01:06:27.976,0.85047,0.85057,1.12,1.00
2018.02.21 01:06:29.538,0.85046,0.85056,1.50,1.00
2018.02.21 01:06:29.641,0.85045,0.85053,3.37,1.00
2018.02.21 01:06:29.693,0.85044,0.85051,1.00,1.00
2018.02.21 01:06:29.796,0.8504,0.85051,1.50,1.12
2018.02.21 01:06:31.279,0.8504,0.85049,1.12,1.00
2018.02.21 01:06:31.586,0.85038,0.85049,1.87,1.00
2018.02.21 01:06:32.100,0.85039,0.85049,1.00,1.00
2018.02.21 01:06:32.649,0.85038,0.85049,1.00,2.25
2018.02.21 01:06:33.034,0.85038,0.85048,1.00,2.62
2018.02.21 01:06:33.341,0.85042,0.85051,1.00,2.62
2018.02.21 01:06:33.393,0.85041,0.85052,1.37,1.87
2018.02.21 01:06:33.497,0.85044,0.85053,1.50,1.00
2018.02.21 01:06:33.638,0.85041,0.85053,2.25,1.37
2018.02.21 01:06:33.792,0.8504,0.85052,1.00,3.37
2018.02.21 01:06:34.336,0.85041,0.8505,1.00,1.12
2018.02.21 01:06:34.875,0.85041,0.85052,1.12,1.37
2018.02.21 01:06:36.157,0.85044,0.85053,1.00,1.00
2018.02.21 01:06:36.465,0.8504,0.85054,1.12,4.12
2018.02.21 01:06:36.516,0.85042,0.85053,1.50,2.25
2018.02.21 01:06:36.619,0.8504,0.85053,1.12,1.50
2018.02.21 01:06:37.056,0.85041,0.85051,1.00,1.50
2018.02.21 01:06:37.361,0.85039,0.85051,1.12,1.50
2018.02.21 01:06:39.249,0.8504,0.8505,1.00,1.12
2018.02.21 01:06:40.423,0.85038,0.8505,1.50,1.12
2018.02.21 01:06:41.256,0.85038,0.85048,1.50,1.00
2018.02.21 01:06:41.359,0.85037,0.85048,1.50,1.12
2018.02.21 01:06:41.565,0.85035,0.85047,1.00,3.37
2018.02.21 01:06:42.455,0.85034,0.85045,1.00,3.37
2018.02.21 01:06:42.730,0.85032,0.85044,1.12,2.62
2018.02.21 01:06:43.086,0.85038,0.85046,1.00,4.12
2018.02.21 01:06:43.189,0.85036,0.85048,3.37,1.87
2018.02.21 01:06:43.694,0.85037,0.85048,1.00,1.50
2018.02.21 01:06:43.933,0.85036,0.85047,1.50,4.12
2018.02.21 01:06:45.053,0.85034,0.85046,1.00,4.12
2018.02.21 01:06:45.614,0.85034,0.85046,1.87,2.25
2018.02.21 01:06:46.193,0.85035,0.85046,1.00,1.50
2018.02.21 01:06:46.725,0.85036,0.85046,1.00,1.50
2018.02.21 01:06:47.408,0.85035,0.85046,1.00,1.50
2018.02.21 01:06:48.250,0.85035,0.85047,4.87,1.50
2018.02.21 01:06:49.917,0.85035,0.85045,1.50,2.62
2018.02.21 01:06:50.453,0.85033,0.85045,1.12,3.37
2018.02.21 01:06:51.622,0.85033,0.85043,1.00,3.37
2018.02.21 01:06:51.725,0.85033,0.85043,1.00,1.12
2018.02.21 01:06:52.738,0.85036,0.85045,1.00,2.62
2018.02.21 01:06:52.841,0.85037,0.85048,1.00,1.00
2018.02.21 01:06:53.357,0.85037,0.85047,1.00,1.00
2018.02.21 01:06:55.130,0.85036,0.85047,1.50,1.00
2018.02.21 01:06:55.935,0.85036,0.85046,1.50,1.00
2018.02.21 01:06:56.480,0.85036,0.85045,1.00,1.50
2018.02.21 01:06:56.532,0.85033,0.85045,1.50,1.75
2018.02.21 01:06:56.739,0.8503,0.85041,1.00,1.50
2018.02.21 01:06:57.485,0.85031,0.85042,1.00,3.37
2018.02.21 01:06:58.318,0.8503,0.8504,1.00,2.62
2018.02.21 01:07:01.423,0.85029,0.8504,1.00,3.37
2018.02.21 01:07:03.123,0.85029,0.8504,1.12,1.12
2018.02.21 01:07:06.005,0.85028,0.85038,1.50,1.00
2018.02.21 01:07:06.287,0.85029,0.8504,1.00,1.87
2018.02.21 01:07:07.091,0.85029,0.85039,1.00,1.00
2018.02.21 01:07:10.802,0.85031,0.85042,1.00,3.37
2018.02.21 01:07:11.110,0.85032,0.85044,1.87,3.37
2018.02.21 01:07:15.020,0.85033,0.85045,1.50,3.37
2018.02.21 01:07:15.276,0.85035,0.85046,1.00,1.12
2018.02.21 01:07:15.644,0.85036,0.85047,1.37,1.12
2018.02.21 01:07:16.720,0.85037,0.85047,1.00,3.37
2018.02.21 01:07:17.460,0.85037,0.85048,1.50,1.50
2018.02.21 01:07:21.890,0.85037,0.8505,1.87,2.25
2018.02.21 01:07:22.758,0.85038,0.85047,2.62,1.00
2018.02.21 01:07:22.810,0.85037,0.85047,1.00,1.50
2018.02.21 01:07:22.914,0.85039,0.85048,1.00,1.00
2018.02.21 01:07:23.017,0.8504,0.8505,1.00,1.00
2018.02.21 01:07:23.898,0.85039,0.85049,1.50,1.00
2018.02.21 01:07:23.949,0.85039,0.85049,1.00,3.37
2018.02.21 01:07:24.840,0.85036,0.85047,1.00,3.37
2018.02.21 01:07:25.147,0.85034,0.85045,1.50,1.12
2018.02.21 01:07:27.792,0.85033,0.85045,2.62,1.12
2018.02.21 01:07:28.966,0.85033,0.85045,4.50,1.00
2018.02.21 01:07:29.326,0.85038,0.85048,1.12,1.00
2018.02.21 01:07:29.451,0.85038,0.8505,1.12,1.87
2018.02.21 01:07:32.424,0.85036,0.85048,3.37,1.00
2018.02.21 01:07:32.732,0.85033,0.85046,3.00,1.12
2018.02.21 01:07:35.499,0.85035,0.85046,1.00,1.00
2018.02.21 01:07:37.092,0.85034,0.85045,1.50,1.00
2018.02.21 01:07:37.716,0.85036,0.85047,1.50,1.50
2018.02.21 01:07:37.769,0.85039,0.85048,1.00,3.37
2018.02.21 01:07:37.821,0.85039,0.8505,1.50,1.50
2018.02.21 01:07:37.874,0.8504,0.85051,3.37,1.00
2018.02.21 01:07:38.499,0.85041,0.85052,1.50,1.12
2018.02.21 01:07:39.546,0.85042,0.85054,1.50,1.00
2018.02.21 01:07:40.134,0.85042,0.85054,1.12,1.12
2018.02.21 01:07:40.809,0.85043,0.85054,1.00,1.12
2018.02.21 01:07:41.441,0.85044,0.85055,1.12,2.25
2018.02.21 01:07:42.652,0.85043,0.85055,1.37,4.50
2018.02.21 01:07:43.539,0.85045,0.85055,1.50,3.00
2018.02.21 01:07:43.897,0.85045,0.85056,1.00,1.50
2018.02.21 01:07:46.944,0.85044,0.85056,3.00,1.50
2018.02.21 01:07:48.185,0.85046,0.85057,1.12,1.12
2018.02.21 01:07:48.544,0.85045,0.85057,1.12,3.37
2018.02.21 01:07:48.647,0.85043,0.85054,1.50,1.12
2018.02.21 01:07:48.750,0.85042,0.85053,1.50,3.37
2018.02.21 01:07:49.378,0.85042,0.85052,1.00,3.37
2018.02.21 01:07:49.672,0.8504,0.8505,1.50,2.62
2018.02.21 01:07:52.297,0.8504,0.85051,1.00,1.50
2018.02.21 01:07:53.020,0.8504,0.85051,1.00,4.87
2018.02.21 01:07:57.346,0.85039,0.85051,1.00,4.12
2018.02.21 01:07:58.264,0.85037,0.85047,1.00,1.00
2018.02.21 01:07:58.573,0.85036,0.85046,1.00,1.50
2018.02.21 01:07:58.878,0.85039,0.85047,1.00,1.50
2018.02.21 01:07:58.930,0.85039,0.85048,1.00,1.12
2018.02.21 01:08:00.859,0.8504,0.8505,1.00,2.62
2018.02.21 01:08:02.017,0.85041,0.8505,1.00,3.37
2018.02.21 01:08:02.833,0.8504,0.8505,1.00,3.37
2018.02.21 01:08:03.041,0.85038,0.85048,1.00,3.37
2018.02.21 01:08:03.320,0.8504,0.85048,1.00,1.00
2018.02.21 01:08:03.372,0.85041,0.85051,1.00,1.00
2018.02.21 01:08:05.823,0.85041,0.85052,1.00,1.50
2018.02.21 01:08:06.757,0.85042,0.85052,1.00,1.50
2018.02.21 01:08:08.215,0.85042,0.85051,1.00,1.00
2018.02.21 01:08:09.660,0.85042,0.85052,1.00,1.12
2018.02.21 01:08:10.551,0.85041,0.85051,1.00,1.00
2018.02.21 01:08:10.655,0.85039,0.85051,1.12,2.62
2018.02.21 01:08:11.575,0.85039,0.85051,1.00,4.50
2018.02.21 01:08:12.925,0.85038,0.85051,1.50,3.75
2018.02.21 01:08:17.520,0.85038,0.85047,1.50,1.00
2018.02.21 01:08:18.668,0.8504,0.85047,1.00,1.00
2018.02.21 01:08:26.112,0.85039,0.85047,1.00,1.00
2018.02.21 01:08:26.684,0.8504,0.85047,1.00,1.00
2018.02.21 01:08:28.496,0.85039,0.85047,1.00,1.00
2018.02.21 01:08:31.481,0.85037,0.85047,1.00,1.00
2018.02.21 01:08:31.533,0.85035,0.85046,1.00,3.37
2018.02.21 01:08:31.996,0.85033,0.85045,1.12,1.12
2018.02.21 01:08:38.506,0.85033,0.85044,1.12,1.00
2018.02.21 01:08:38.983,0.85035,0.85045,1.00,1.12
2018.02.21 01:08:39.197,0.85036,0.85048,1.87,1.50
2018.02.21 01:08:39.721,0.85037,0.85048,1.00,1.50
2018.02.21 01:08:40.649,0.85036,0.85048,2.62,1.50
2018.02.21 01:08:41.802,0.85034,0.85046,3.37,1.00
2018.02.21 01:08:41.909,0.85033,0.85045,3.00,1.37
2018.02.21 01:08:42.115,0.85033,0.85046,2.25,2.62
2018.02.21 01:08:42.674,0.85035,0.85046,1.00,1.12
2018.02.21 01:08:45.044,0.85036,0.85048,1.50,1.00
2018.02.21 01:08:45.582,0.85037,0.85049,1.12,2.62
2018.02.21 01:08:50.233,0.85039,0.85049,1.00,1.12
2018.02.21 01:08:50.638,0.85042,0.85051,1.00,2.25
2018.02.21 01:08:50.742,0.85042,0.85053,1.00,1.12
2018.02.21 01:08:52.072,0.85044,0.85054,1.00,4.12
2018.02.21 01:08:52.637,0.85043,0.85055,1.00,4.12
2018.02.21 01:08:53.280,0.85044,0.85055,1.00,6.37
2018.02.21 01:08:53.332,0.85042,0.85054,1.12,2.62
2018.02.21 01:08:54.570,0.8504,0.85052,4.12,1.00
2018.02.21 01:08:55.214,0.85042,0.85053,1.12,1.50
2018.02.21 01:08:55.990,0.85042,0.85054,1.87,2.62
2018.02.21 01:08:56.042,0.85044,0.85054,1.00,1.12
2018.02.21 01:08:56.549,0.85045,0.85055,1.00,1.00
2018.02.21 01:08:57.100,0.85044,0.85054,1.00,1.00
2018.02.21 01:08:59.114,0.85044,0.85056,1.00,4.87
2018.02.21 01:08:59.747,0.85044,0.85053,1.00,3.00
2018.02.21 01:09:00.059,0.85042,0.85053,1.12,2.25
2018.02.21 01:09:00.111,0.8504,0.85052,1.87,1.50
2018.02.21 01:09:00.163,0.85043,0.85052,1.00,1.50
2018.02.21 01:09:00.678,0.85041,0.85053,1.87,2.25
2018.02.21 01:09:01.471,0.8504,0.85052,1.00,3.75
2018.02.21 01:09:02.020,0.85039,0.85051,1.12,2.62
2018.02.21 01:09:04.158,0.85039,0.8505,1.12,1.00
2018.02.21 01:09:05.007,0.85039,0.85051,1.87,1.12
2018.02.21 01:09:05.588,0.8504,0.85051,1.00,1.12
2018.02.21 01:09:06.358,0.8504,0.85048,1.00,1.00
2018.02.21 01:09:06.665,0.85039,0.8505,1.37,1.00
2018.02.21 01:09:09.643,0.85039,0.85049,1.00,1.00
2018.02.21 01:09:10.155,0.85039,0.85051,1.50,1.50
2018.02.21 01:09:10.860,0.85039,0.8505,2.62,2.62
2018.02.21 01:09:11.378,0.85039,0.85049,1.50,2.62
2018.02.21 01:09:12.491,0.85039,0.8505,1.00,3.00
2018.02.21 01:09:12.732,0.85039,0.85049,1.00,3.37
2018.02.21 01:09:12.885,0.85039,0.85049,1.00,1.00
2018.02.21 01:09:13.444,0.85039,0.85049,1.50,3.37
2018.02.21 01:09:15.340,0.85037,0.85045,1.00,1.00
2018.02.21 01:09:15.998,0.85035,0.85045,1.00,1.00
2018.02.21 01:09:16.101,0.85033,0.85044,1.50,2.62
2018.02.21 01:09:16.696,0.85033,0.85044,2.25,1.00
2018.02.21 01:09:16.799,0.85033,0.85044,1.50,3.37
2018.02.21 01:09:17.135,0.85033,0.85046,2.62,4.12
2018.02.21 01:09:17.187,0.85033,0.85043,1.00,2.62
2018.02.21 01:09:20.201,0.85032,0.85042,1.00,2.62
2018.02.21 01:09:20.890,0.85034,0.85042,1.00,2.62
2018.02.21 01:09:20.942,0.85031,0.85044,2.25,4.12
2018.02.21 01:09:21.549,0.85029,0.8504,1.50,1.00
2018.02.21 01:09:21.703,0.85027,0.85039,1.12,1.12
2018.02.21 01:09:21.755,0.85027,0.85039,1.00,3.37
2018.02.21 01:09:22.231,0.8503,0.85039,1.00,2.25
2018.02.21 01:09:22.801,0.85028,0.85039,1.12,2.25
2018.02.21 01:09:23.004,0.85029,0.85042,1.12,4.12
2018.02.21 01:09:23.171,0.85027,0.85038,1.00,2.62
2018.02.21 01:09:23.274,0.85025,0.85037,1.00,1.50
2018.02.21 01:09:23.966,0.85028,0.85037,1.00,1.12
2018.02.21 01:09:24.209,0.85028,0.85039,1.12,1.00
2018.02.21 01:09:24.413,0.8503,0.8504,1.00,1.00
2018.02.21 01:09:25.188,0.85028,0.8504,1.50,1.00
2018.02.21 01:09:25.848,0.85027,0.8504,1.87,1.50
2018.02.21 01:09:26.033,0.85029,0.8504,1.00,1.50
2018.02.21 01:09:26.547,0.85028,0.8504,4.12,1.00
2018.02.21 01:09:26.756,0.85028,0.85039,1.00,1.12
2018.02.21 01:09:27.345,0.85028,0.85039,3.37,1.00
2018.02.21 01:09:27.940,0.85028,0.8504,2.62,1.50
2018.02.21 01:09:28.491,0.85027,0.8504,4.87,1.87
2018.02.21 01:09:29.009,0.85027,0.85039,3.75,1.50
2018.02.21 01:09:29.092,0.85028,0.85039,2.25,1.12
2018.02.21 01:09:29.644,0.8503,0.8504,1.12,1.00
2018.02.21 01:09:29.747,0.85031,0.85042,1.00,1.00
2018.02.21 01:09:30.537,0.85032,0.85042,1.00,1.50
2018.02.21 01:09:30.844,0.8503,0.85042,1.12,1.50
2018.02.21 01:09:32.818,0.8503,0.85042,1.50,1.00
2018.02.21 01:09:33.541,0.8503,0.85043,1.50,1.87
2018.02.21 01:09:33.950,0.85031,0.85042,1.00,2.25
2018.02.21 01:09:34.491,0.85031,0.8504,1.00,1.00
2018.02.21 01:09:34.823,0.85028,0.8504,4.12,1.00
2018.02.21 01:09:37.142,0.85027,0.85039,4.50,1.00
2018.02.21 01:09:37.246,0.85029,0.85039,1.00,1.00
2018.02.21 01:09:38.958,0.85028,0.85039,1.00,1.00
2018.02.21 01:09:39.267,0.8503,0.85038,1.00,1.00
2018.02.21 01:09:39.370,0.8503,0.8504,1.00,1.00
2018.02.21 01:09:39.883,0.8503,0.8504,1.50,1.00
2018.02.21 01:09:40.659,0.8503,0.85039,2.25,1.00
2018.02.21 01:09:41.234,0.85031,0.8504,2.62,1.00
2018.02.21 01:09:41.286,0.85033,0.85042,1.12,1.00
2018.02.21 01:09:41.641,0.85032,0.8504,1.50,1.00
2018.02.21 01:09:43.551,0.85032,0.85039,1.00,1.00
2018.02.21 01:09:45.458,0.8503,0.85039,1.87,1.00
2018.02.21 01:09:47.073,0.85028,0.85037,4.12,1.00
2018.02.21 01:09:47.124,0.85028,0.85036,1.00,1.12
2018.02.21 01:09:47.663,0.85027,0.85035,1.00,1.00
2018.02.21 01:09:47.715,0.85025,0.85033,1.50,1.00
2018.02.21 01:09:50.600,0.85025,0.85035,2.25,1.00
2018.02.21 01:09:51.796,0.85026,0.85035,1.00,1.00
2018.02.21 01:09:52.644,0.85025,0.85034,1.50,1.50
2018.02.21 01:09:53.786,0.85025,0.85033,1.00,1.00
2018.02.21 01:09:53.890,0.85023,0.85032,1.00,1.00
2018.02.21 01:09:54.587,0.85023,0.85031,1.00,1.00
2018.02.21 01:09:55.257,0.85023,0.85033,1.50,1.00
2018.02.21 01:09:55.765,0.85024,0.85032,1.00,1.00
2018.02.21 01:09:56.449,0.85023,0.85032,1.00,1.00
2018.02.21 01:09:57.293,0.85023,0.85031,1.00,1.00
2018.02.21 01:09:58.812,0.85022,0.85031,1.50,1.00
2018.02.21 01:10:01.874,0.85021,0.85031,3.37,1.00
2018.02.21 01:10:03.789,0.85023,0.85031,1.00,1.00
2018.02.21 01:10:04.578,0.85022,0.85031,1.00,1.00
2018.02.21 01:10:06.784,0.85021,0.85031,2.25,1.12
2018.02.21 01:10:07.100,0.85017,0.85027,1.00,1.00
2018.02.21 01:10:07.414,0.85014,0.85024,2.25,1.12
2018.02.21 01:10:07.671,0.85012,0.85023,1.87,1.00
2018.02.21 01:10:08.193,0.85012,0.85023,1.50,1.50
2018.02.21 01:10:08.530,0.85012,0.8502,1.00,1.00
2018.02.21 01:10:08.685,0.85013,0.85022,1.00,1.12
2018.02.21 01:10:08.825,0.85015,0.85022,1.00,1.12
2018.02.21 01:10:08.877,0.85012,0.85024,2.62,1.12
2018.02.21 01:10:08.981,0.85012,0.85022,1.00,2.62
2018.02.21 01:10:09.512,0.85011,0.85022,1.00,3.37
2018.02.21 01:10:10.350,0.85012,0.85022,1.00,2.62
2018.02.21 01:10:10.402,0.85012,0.85024,1.00,3.37
2018.02.21 01:10:11.109,0.85013,0.85025,1.87,1.50
2018.02.21 01:10:11.672,0.85013,0.85024,3.75,1.12
2018.02.21 01:10:18.214,0.85015,0.85026,3.37,1.00
2018.02.21 01:10:18.317,0.85014,0.85026,1.50,2.25
2018.02.21 01:10:20.458,0.85015,0.85026,1.00,2.25
2018.02.21 01:10:20.739,0.85015,0.85025,1.00,2.62
2018.02.21 01:10:20.791,0.85013,0.85025,1.12,2.62
2018.02.21 01:10:21.336,0.85012,0.85023,1.50,1.00
2018.02.21 01:10:23.512,0.85013,0.85024,1.12,1.12
2018.02.21 01:10:26.139,0.85015,0.85025,1.00,1.50
2018.02.21 01:10:26.438,0.85013,0.85025,1.12,1.50
2018.02.21 01:10:28.203,0.85013,0.85025,1.50,1.00
2018.02.21 01:10:29.427,0.85013,0.85025,1.87,1.00
2018.02.21 01:10:30.247,0.85013,0.85024,1.12,1.00
2018.02.21 01:10:30.452,0.85013,0.85026,4.12,2.25
2018.02.21 01:10:31.246,0.85014,0.85026,1.50,1.00
2018.02.21 01:10:39.393,0.85014,0.85025,1.12,1.12
2018.02.21 01:10:39.953,0.85013,0.85024,2.25,1.00
2018.02.21 01:10:42.364,0.85015,0.85026,1.00,1.50
2018.02.21 01:10:42.621,0.85017,0.85028,1.87,1.00
2018.02.21 01:10:42.890,0.85017,0.85025,1.12,1.00
2018.02.21 01:10:43.400,0.85016,0.85025,1.00,1.00
2018.02.21 01:10:44.088,0.85015,0.85026,1.50,1.50
2018.02.21 01:10:46.025,0.85015,0.85026,1.12,1.00
2018.02.21 01:10:46.528,0.85015,0.85025,1.00,1.50
2018.02.21 01:10:46.829,0.85016,0.85026,3.37,1.00
2018.02.21 01:10:48.919,0.85016,0.85025,3.37,1.00
2018.02.21 01:10:48.971,0.85016,0.85025,1.00,1.00
2018.02.21 01:10:49.581,0.85016,0.85024,1.00,1.12
2018.02.21 01:10:50.291,0.85015,0.85024,1.50,1.00
2018.02.21 01:10:50.839,0.85016,0.85023,1.00,1.00
2018.02.21 01:10:52.969,0.85014,0.85022,1.00,1.00
2018.02.21 01:10:54.169,0.85014,0.85024,1.00,1.50
2018.02.21 01:11:00.492,0.85014,0.85025,4.87,1.50
2018.02.21 01:11:00.823,0.85017,0.85026,1.00,1.50
2018.02.21 01:11:01.329,0.85016,0.85027,1.00,1.12
2018.02.21 01:11:03.369,0.85017,0.85027,1.00,1.00
2018.02.21 01:11:03.703,0.85017,0.85025,1.00,1.00
2018.02.21 01:11:05.134,0.85014,0.85025,2.25,1.12
2018.02.21 01:11:05.340,0.85014,0.85023,1.50,1.00
2018.02.21 01:11:05.890,0.85012,0.85023,4.87,1.00
2018.02.21 01:11:06.466,0.85013,0.85024,1.87,1.00
2018.02.21 01:11:06.780,0.85015,0.85023,1.00,1.00
2018.02.21 01:11:10.685,0.85015,0.85024,1.00,1.00
2018.02.21 01:11:11.317,0.85015,0.85023,1.00,1.00
2018.02.21 01:11:11.442,0.85013,0.85024,2.62,1.00
2018.02.21 01:11:13.197,0.85014,0.85024,1.00,1.00
2018.02.21 01:11:15.002,0.85014,0.85023,1.50,1.00
2018.02.21 01:11:17.292,0.85012,0.85023,1.50,1.12
2018.02.21 01:11:17.934,0.85012,0.85022,1.50,1.00
2018.02.21 01:11:18.477,0.85013,0.85022,1.00,1.00
2018.02.21 01:11:18.988,0.85013,0.85024,1.50,1.50
2018.02.21 01:11:20.648,0.85013,0.85024,1.87,1.12
2018.02.21 01:11:21.212,0.85013,0.85023,1.50,1.00
2018.02.21 01:11:22.041,0.85013,0.85024,1.87,3.37
2018.02.21 01:11:23.217,0.85015,0.85025,1.00,1.50
2018.02.21 01:11:23.436,0.85017,0.85026,1.12,1.87
2018.02.21 01:11:24.687,0.85018,0.85026,1.00,1.87
2018.02.21 01:11:27.595,0.85019,0.85028,1.50,1.00
2018.02.21 01:11:29.520,0.85018,0.85027,2.62,1.00
2018.02.21 01:11:30.036,0.85017,0.85026,2.62,1.00
2018.02.21 01:11:32.998,0.85019,0.85028,2.62,1.00
2018.02.21 01:11:36.167,0.85018,0.85029,4.12,1.00
2018.02.21 01:11:36.405,0.8502,0.85031,1.50,1.50
2018.02.21 01:11:40.927,0.8502,0.85029,1.50,1.00
2018.02.21 01:11:41.456,0.85019,0.8503,4.12,1.00
2018.02.21 01:11:42.312,0.85019,0.85028,2.62,1.00
2018.02.21 01:11:42.415,0.85018,0.85028,1.50,1.00
2018.02.21 01:11:43.160,0.85018,0.85028,1.00,1.00
2018.02.21 01:11:43.688,0.8502,0.8503,1.12,1.12
2018.02.21 01:11:44.079,0.8502,0.8503,3.37,1.00
2018.02.21 01:11:44.882,0.8502,0.85031,3.37,1.00
2018.02.21 01:11:46.438,0.8502,0.85029,2.62,1.00
2018.02.21 01:11:46.541,0.85019,0.85029,5.62,1.00
2018.02.21 01:11:47.101,0.85019,0.8503,5.62,1.00
2018.02.21 01:11:47.713,0.8502,0.85029,1.12,1.00
2018.02.21 01:11:49.028,0.8502,0.85028,1.12,1.00
2018.02.21 01:11:51.468,0.85019,0.85027,2.62,1.00
2018.02.21 01:11:52.121,0.85018,0.85027,2.62,1.00
2018.02.21 01:11:57.066,0.85018,0.85028,2.62,1.00
2018.02.21 01:11:59.718,0.85018,0.85029,3.37,1.00
2018.02.21 01:12:00.693,0.85018,0.85027,1.00,1.00
2018.02.21 01:12:01.037,0.85018,0.85028,2.62,1.00
2018.02.21 01:12:01.963,0.85023,0.8503,1.00,1.00
2018.02.21 01:12:02.264,0.8502,0.8503,2.62,1.00
2018.02.21 01:12:03.592,0.8502,0.85031,4.12,1.50
2018.02.21 01:12:04.041,0.85022,0.85031,2.62,1.00
2018.02.21 01:12:04.709,0.85022,0.85032,2.62,1.50
2018.02.21 01:12:07.626,0.85022,0.85031,2.62,1.00
2018.02.21 01:12:11.011,0.85021,0.85031,2.62,1.00
2018.02.21 01:12:12.037,0.85021,0.85032,2.62,1.50
2018.02.21 01:12:13.617,0.85021,0.85031,3.37,1.00
2018.02.21 01:12:14.408,0.85021,0.85031,3.37,1.00
2018.02.21 01:12:24.907,0.85021,0.8503,4.12,1.00
2018.02.21 01:12:28.517,0.85021,0.85029,1.00,1.00
2018.02.21 01:12:29.496,0.85021,0.8503,1.00,1.50
2018.02.21 01:12:32.459,0.85021,0.8503,2.62,1.00
2018.02.21 01:12:32.768,0.8502,0.85028,1.00,1.00
2018.02.21 01:12:33.127,0.85018,0.85029,1.87,1.12
2018.02.21 01:12:34.757,0.8502,0.85029,1.00,1.12
2018.02.21 01:12:37.217,0.85021,0.8503,1.00,1.50
2018.02.21 01:12:39.387,0.85021,0.8503,1.00,1.87
2018.02.21 01:12:39.644,0.85019,0.8503,1.12,1.87
2018.02.21 01:12:40.165,0.8502,0.8503,1.00,1.12
2018.02.21 01:12:42.412,0.85021,0.8503,1.00,1.00
2018.02.21 01:12:43.442,0.85022,0.8503,1.00,2.25
2018.02.21 01:12:44.458,0.8502,0.8503,1.00,1.50
2018.02.21 01:12:46.789,0.85021,0.85032,1.00,1.50
2018.02.21 01:12:46.943,0.85023,0.85032,1.00,1.50
2018.02.21 01:12:48.801,0.85021,0.85032,1.00,2.25
2018.02.21 01:12:48.956,0.85021,0.8503,1.00,2.62
2018.02.21 01:12:49.826,0.8502,0.8503,1.00,2.62
2018.02.21 01:12:52.252,0.8502,0.85028,1.00,2.62
2018.02.21 01:12:52.760,0.85019,0.85028,1.00,2.62
2018.02.21 01:12:59.310,0.85018,0.85028,1.00,3.37
2018.02.21 01:13:00.817,0.85017,0.85028,1.00,5.62
2018.02.21 01:13:02.485,0.85019,0.85027,1.00,1.87
2018.02.21 01:13:03.870,0.85017,0.85027,1.00,1.87
2018.02.21 01:13:04.397,0.85018,0.85027,1.00,1.87
2018.02.21 01:13:08.198,0.85018,0.85027,1.00,3.37
2018.02.21 01:13:12.138,0.85018,0.85027,1.00,1.50
2018.02.21 01:13:15.041,0.85015,0.85025,1.12,2.25
2018.02.21 01:13:15.144,0.85014,0.85025,1.00,5.62
2018.02.21 01:13:15.926,0.85014,0.85022,1.00,2.62
2018.02.21 01:13:18.240,0.85013,0.85022,1.50,2.62
2018.02.21 01:13:19.300,0.85013,0.85021,1.00,2.62
2018.02.21 01:13:19.353,0.8501,0.85019,1.12,1.12
2018.02.21 01:13:19.405,0.85008,0.85018,3.00,2.62
2018.02.21 01:13:19.708,0.85013,0.85022,1.00,2.25
2018.02.21 01:13:23.495,0.85013,0.85022,1.00,4.12
2018.02.21 01:13:24.641,0.8501,0.85019,1.00,2.62
2018.02.21 01:13:25.169,0.85009,0.85019,1.00,1.50
2018.02.21 01:13:26.372,0.8501,0.8502,1.00,2.25
2018.02.21 01:13:26.475,0.8501,0.85021,1.00,1.12
2018.02.21 01:13:27.384,0.8501,0.85021,1.00,3.37
2018.02.21 01:13:27.435,0.85012,0.8502,1.00,1.00
2018.02.21 01:13:28.906,0.85012,0.85021,1.00,1.12
2018.02.21 01:13:33.546,0.85009,0.85019,1.00,1.00
2018.02.21 01:13:33.751,0.85011,0.85019,1.00,1.12
2018.02.21 01:13:34.631,0.8501,0.8502,2.25,1.00
2018.02.21 01:13:35.179,0.85009,0.8502,1.87,1.12
2018.02.21 01:13:38.234,0.85008,0.85018,1.37,1.00
2018.02.21 01:13:39.442,0.85008,0.85018,1.12,1.00
2018.02.21 01:13:39.800,0.85007,0.85017,1.00,1.37
2018.02.21 01:13:40.700,0.85005,0.85016,1.37,1.50
2018.02.21 01:13:41.516,0.85005,0.85016,1.00,1.50
2018.02.21 01:13:42.463,0.85004,0.85015,3.37,1.12
2018.02.21 01:13:43.090,0.85003,0.85014,1.12,1.50
2018.02.21 01:13:45.763,0.85004,0.85012,1.00,1.00
2018.02.21 01:13:47.393,0.85002,0.85012,1.50,1.00
2018.02.21 01:13:49.317,0.85004,0.85014,1.00,1.50
2018.02.21 01:13:49.623,0.85006,0.85015,2.25,1.00
2018.02.21 01:13:50.038,0.85004,0.85014,2.62,1.00
2018.02.21 01:13:50.091,0.85004,0.85012,1.12,1.00
2018.02.21 01:13:50.884,0.85004,0.85013,1.12,1.00
2018.02.21 01:13:52.926,0.85003,0.85012,1.37,1.00
2018.02.21 01:13:53.430,0.85003,0.85013,1.00,1.00
2018.02.21 01:13:53.766,0.85003,0.85013,3.37,1.00
2018.02.21 01:13:54.551,0.85003,0.85014,2.62,1.00
2018.02.21 01:13:58.009,0.85003,0.85013,1.50,1.00
2018.02.21 01:13:58.134,0.84998,0.85008,3.75,1.00
2018.02.21 01:13:58.289,0.84996,0.85006,1.87,1.00
2018.02.21 01:13:58.342,0.85,0.85009,1.00,3.37
2018.02.21 01:13:58.445,0.85,0.8501,1.00,1.00
2018.02.21 01:13:58.976,0.85,0.85011,1.00,1.12
2018.02.21 01:13:59.983,0.84999,0.8501,1.12,1.00
2018.02.21 01:14:00.188,0.85,0.85008,1.00,1.00
2018.02.21 01:14:00.751,0.84998,0.85007,1.87,1.00
2018.02.21 01:14:01.259,0.84998,0.85008,1.37,1.00
2018.02.21 01:14:01.506,0.85001,0.85011,1.00,1.00
2018.02.21 01:14:01.967,0.85001,0.85009,1.00,1.00
2018.02.21 01:14:02.218,0.84997,0.85006,1.12,1.00
2018.02.21 01:14:02.271,0.84995,0.85003,1.50,1.00
2018.02.21 01:14:02.323,0.84994,0.85002,1.12,1.00
2018.02.21 01:14:02.869,0.84993,0.85002,1.12,1.00
2018.02.21 01:14:03.708,0.84992,0.85001,1.37,1.00
2018.02.21 01:14:04.203,0.84993,0.85003,1.00,1.50
2018.02.21 01:14:04.721,0.84994,0.85003,1.00,1.00
2018.02.21 01:14:05.272,0.84993,0.85003,1.12,1.00
2018.02.21 01:14:10.415,0.84992,0.85002,1.50,1.00
2018.02.21 01:14:10.677,0.84993,0.85004,1.12,1.00
2018.02.21 01:14:11.201,0.84993,0.85002,1.12,1.00
2018.02.21 01:14:11.511,0.84993,0.85001,1.00,3.37
2018.02.21 01:14:11.614,0.84988,0.84998,1.00,1.00
2018.02.21 01:14:12.099,0.8499,0.84999,1.00,1.00
2018.02.21 01:14:12.727,0.84989,0.84999,1.00,1.00
2018.02.21 01:14:13.247,0.84988,0.84998,3.00,1.12
2018.02.21 01:14:13.940,0.84987,0.84997,4.87,1.00
2018.02.21 01:14:14.520,0.84988,0.84999,1.12,1.37
2018.02.21 01:14:15.021,0.84987,0.84997,1.50,1.50
2018.02.21 01:14:15.535,0.84988,0.84998,3.00,1.00
2018.02.21 01:14:16.127,0.84989,0.84999,1.12,1.00
2018.02.21 01:14:16.447,0.8499,0.85001,4.87,1.12
2018.02.21 01:14:18.605,0.84991,0.85,1.12,1.00
2018.02.21 01:14:20.688,0.84991,0.85001,1.12,1.12
2018.02.21 01:14:21.817,0.84992,0.85,1.00,1.00
2018.02.21 01:14:22.276,0.84989,0.84999,1.12,1.00
2018.02.21 01:14:24.639,0.8499,0.84998,1.00,1.00
2018.02.21 01:14:25.314,0.84988,0.84996,1.50,1.00
2018.02.21 01:14:25.416,0.84987,0.84998,4.12,1.12
2018.02.21 01:14:25.709,0.84989,0.85,3.37,1.12
2018.02.21 01:14:26.216,0.8499,0.85001,1.50,1.00
2018.02.21 01:14:26.719,0.8499,0.85,1.50,1.00
2018.02.21 01:14:27.489,0.8499,0.85001,1.50,1.00
2018.02.21 01:14:28.106,0.8499,0.85,1.50,1.00
2018.02.21 01:14:28.261,0.84991,0.85002,1.12,1.87
2018.02.21 01:14:29.023,0.84992,0.85002,1.00,1.87
2018.02.21 01:14:29.385,0.84989,0.85,4.87,1.00
2018.02.21 01:14:29.437,0.84989,0.84999,1.00,1.00
2018.02.21 01:14:30.018,0.84988,0.84998,1.12,1.00
2018.02.21 01:14:31.316,0.8499,0.84999,1.00,1.00
2018.02.21 01:14:31.645,0.84992,0.85001,1.00,1.00
2018.02.21 01:14:32.230,0.84991,0.85001,1.12,1.00
2018.02.21 01:14:32.282,0.84992,0.85003,1.50,1.50
2018.02.21 01:14:32.830,0.84992,0.85002,1.00,1.00
2018.02.21 01:14:33.913,0.84992,0.85001,1.00,1.00
2018.02.21 01:14:34.437,0.8499,0.85001,1.50,1.00
2018.02.21 01:14:37.012,0.8499,0.85,1.50,1.00
2018.02.21 01:14:37.117,0.8499,0.84998,1.00,1.00
2018.02.21 01:14:37.426,0.84987,0.84995,1.00,1.00
2018.02.21 01:14:38.200,0.84986,0.84996,1.00,1.00
2018.02.21 01:14:38.506,0.84985,0.84996,3.37,1.00
2018.02.21 01:14:41.486,0.84986,0.84997,1.75,1.00
2018.02.21 01:14:41.796,0.8499,0.84999,2.62,1.00
2018.02.21 01:14:42.435,0.8499,0.85,2.62,1.00
2018.02.21 01:14:48.792,0.8499,0.85,1.12,1.00
2018.02.21 01:14:49.103,0.84988,0.84998,3.37,1.00
2018.02.21 01:14:51.195,0.8499,0.85,1.12,1.37
2018.02.21 01:14:52.255,0.84989,0.85,4.12,1.00
2018.02.21 01:14:52.643,0.84992,0.85002,1.50,1.50
2018.02.21 01:14:53.067,0.84991,0.84999,1.37,1.00
2018.02.21 01:14:53.321,0.84992,0.85001,1.12,1.00
2018.02.21 01:14:53.373,0.84992,0.85002,4.12,1.00
2018.02.21 01:14:54.163,0.84992,0.85002,1.12,1.00
2018.02.21 01:14:56.705,0.84993,0.85003,1.00,1.00
2018.02.21 01:14:57.266,0.84992,0.85003,1.12,1.00
2018.02.21 01:14:58.586,0.84992,0.85002,1.12,1.00
2018.02.21 01:14:59.107,0.84993,0.85003,1.00,1.00
2018.02.21 01:14:59.641,0.84994,0.85003,1.00,1.00
2018.02.21 01:15:00.320,0.84995,0.85005,1.50,1.00
2018.02.21 01:15:00.373,0.84996,0.85007,1.50,1.87
2018.02.21 01:15:01.102,0.84995,0.85005,2.62,1.00
2018.02.21 01:15:01.206,0.84996,0.85007,1.50,1.87
2018.02.21 01:15:01.736,0.84996,0.85006,1.50,1.00
2018.02.21 01:15:02.697,0.84995,0.85004,2.62,1.00
2018.02.21 01:15:02.800,0.84994,0.85004,1.12,1.12
2018.02.21 01:15:05.352,0.84994,0.85005,1.12,2.25
2018.02.21 01:15:12.252,0.84995,0.85005,1.00,1.50
2018.02.21 01:15:13.485,0.84994,0.85004,1.12,1.00
2018.02.21 01:15:14.002,0.84994,0.85005,1.12,1.50
2018.02.21 01:15:14.186,0.84995,0.85005,3.37,1.50
2018.02.21 01:15:14.836,0.84995,0.85005,1.00,1.50
2018.02.21 01:15:15.387,0.84993,0.85003,3.37,1.00
2018.02.21 01:15:15.559,0.84993,0.85002,1.00,1.00
2018.02.21 01:15:15.725,0.84994,0.85004,1.12,1.00
2018.02.21 01:15:15.828,0.84996,0.85005,1.00,1.00
2018.02.21 01:15:15.881,0.84997,0.85007,1.12,1.87
2018.02.21 01:15:16.564,0.84998,0.85006,1.00,1.00
2018.02.21 01:15:18.874,0.84999,0.85008,1.12,1.50
2018.02.21 01:15:22.728,0.84997,0.85007,1.87,1.00
2018.02.21 01:15:22.999,0.84995,0.85005,4.12,1.00
2018.02.21 01:15:23.051,0.84994,0.85004,2.25,1.00
2018.02.21 01:15:25.389,0.84994,0.85004,1.00,1.00
2018.02.21 01:15:26.022,0.84993,0.85004,1.87,1.00
2018.02.21 01:15:26.225,0.84993,0.85002,1.12,1.00
2018.02.21 01:15:27.542,0.84991,0.85001,1.00,1.00
2018.02.21 01:15:28.350,0.8499,0.85,1.87,1.00
2018.02.21 01:15:28.829,0.84992,0.85001,1.00,1.00
2018.02.21 01:15:29.136,0.84992,0.85003,1.50,1.00
2018.02.21 01:15:29.286,0.84994,0.85002,1.00,1.00
2018.02.21 01:15:29.750,0.84996,0.85005,1.12,1.50
2018.02.21 01:15:29.904,0.84998,0.85008,1.00,1.50
2018.02.21 01:15:30.559,0.84998,0.85009,2.25,1.00
2018.02.21 01:15:31.199,0.84998,0.85008,1.50,1.00
2018.02.21 01:15:31.730,0.84998,0.85009,1.50,1.00
2018.02.21 01:15:32.521,0.84997,0.85008,4.12,1.00
2018.02.21 01:15:32.624,0.84997,0.85008,1.87,1.00
2018.02.21 01:15:32.676,0.84996,0.85006,3.37,1.00
2018.02.21 01:15:32.728,0.84995,0.85006,1.50,2.25
2018.02.21 01:15:32.933,0.84995,0.85004,1.00,1.00
2018.02.21 01:15:34.315,0.84996,0.85006,1.00,1.50
2018.02.21 01:15:34.867,0.84995,0.85005,1.00,1.00
2018.02.21 01:15:35.391,0.84995,0.85005,2.62,1.00
2018.02.21 01:15:35.843,0.84996,0.85007,1.12,1.00
2018.02.21 01:15:36.466,0.84996,0.85006,1.12,1.00
2018.02.21 01:15:36.724,0.84998,0.85007,1.50,1.00
2018.02.21 01:15:37.083,0.84996,0.85006,3.00,1.00
2018.02.21 01:15:37.256,0.84994,0.85005,1.87,1.00
2018.02.21 01:15:37.307,0.84994,0.85003,1.12,1.00
2018.02.21 01:15:37.461,0.84992,0.85002,1.50,1.00
2018.02.21 01:15:37.615,0.84995,0.85004,1.00,1.87
2018.02.21 01:15:37.770,0.84995,0.85006,2.62,1.00
2018.02.21 01:15:38.802,0.84996,0.85006,1.00,1.00
2018.02.21 01:15:41.490,0.84997,0.85005,1.00,1.00
2018.02.21 01:15:41.993,0.84996,0.85006,4.87,1.00
2018.02.21 01:15:42.523,0.84997,0.85007,1.37,1.12
2018.02.21 01:15:43.132,0.84997,0.85005,1.87,1.00
2018.02.21 01:15:43.735,0.84997,0.85007,1.37,1.12
2018.02.21 01:15:45.411,0.84998,0.85008,1.87,1.00
2018.02.21 01:15:46.388,0.84998,0.85009,5.25,1.00
2018.02.21 01:15:47.023,0.84999,0.85009,3.00,1.00
2018.02.21 01:15:47.545,0.84999,0.85009,3.00,1.00
2018.02.21 01:15:48.261,0.84999,0.85008,1.00,1.00
2018.02.21 01:15:49.316,0.84999,0.85009,1.50,1.00
2018.02.21 01:15:50.022,0.84998,0.85009,2.62,1.00
2018.02.21 01:15:50.240,0.84998,0.85007,1.50,1.00
2018.02.21 01:15:50.952,0.84998,0.85008,1.00,1.00
2018.02.21 01:15:51.926,0.84998,0.85008,3.00,1.00
2018.02.21 01:15:52.080,0.84999,0.8501,1.87,1.00
2018.02.21 01:15:52.521,0.85002,0.85012,1.12,1.12
2018.02.21 01:15:52.826,0.85004,0.85014,1.87,1.00
2018.02.21 01:15:53.897,0.85004,0.85013,1.87,1.00
2018.02.21 01:15:54.414,0.85003,0.85013,1.87,1.00
2018.02.21 01:15:54.823,0.85002,0.85011,1.00,1.00
2018.02.21 01:15:59.039,0.85001,0.8501,1.50,1.00
2018.02.21 01:15:59.348,0.84997,0.85006,3.37,1.00
2018.02.21 01:16:02.431,0.84998,0.85007,1.00,1.00
2018.02.21 01:16:02.535,0.84999,0.85009,2.62,1.00
2018.02.21 01:16:02.588,0.85002,0.85009,1.00,1.00
2018.02.21 01:16:03.194,0.85001,0.8501,1.50,1.00
2018.02.21 01:16:04.207,0.85001,0.85009,1.00,1.00
2018.02.21 01:16:05.841,0.85001,0.8501,1.87,1.00
2018.02.21 01:16:07.373,0.85,0.85009,1.87,1.00
2018.02.21 01:16:07.669,0.84998,0.85008,3.37,1.00
2018.02.21 01:16:08.208,0.84999,0.85009,1.00,1.00
2018.02.21 01:16:08.720,0.85,0.85009,1.87,1.00
2018.02.21 01:16:10.042,0.85,0.85009,1.12,1.50
2018.02.21 01:16:10.197,0.85002,0.8501,1.12,1.00
2018.02.21 01:16:10.912,0.85002,0.85011,1.00,1.50
2018.02.21 01:16:11.494,0.85003,0.85011,1.00,1.50
2018.02.21 01:16:11.805,0.85004,0.85013,2.62,1.00
2018.02.21 01:16:11.908,0.85006,0.85013,1.00,1.00
2018.02.21 01:16:12.734,0.85006,0.85014,1.00,1.12
2018.02.21 01:16:13.339,0.85004,0.85014,1.87,1.12
2018.02.21 01:16:13.661,0.84996,0.85004,3.37,1.00
2018.02.21 01:16:13.713,0.84995,0.85003,1.12,1.50
2018.02.21 01:16:14.021,0.84995,0.85005,1.12,1.12
2018.02.21 01:16:14.962,0.84995,0.85004,1.87,1.00
2018.02.21 01:16:15.499,0.84995,0.85003,1.00,1.00
2018.02.21 01:16:15.550,0.84994,0.85001,1.50,1.00
2018.02.21 01:16:16.058,0.84993,0.85002,1.87,1.00
2018.02.21 01:16:16.932,0.84993,0.85001,1.87,1.00
2018.02.21 01:16:17.086,0.84994,0.85003,1.87,1.00
2018.02.21 01:16:18.236,0.84998,0.85007,1.00,2.62
2018.02.21 01:16:18.339,0.84998,0.85008,4.12,1.00
2018.02.21 01:16:18.966,0.84998,0.85008,2.25,1.00
2018.02.21 01:16:19.504,0.84999,0.85009,3.75,1.00
2018.02.21 01:16:20.830,0.85,0.85009,1.00,1.00
2018.02.21 01:16:21.350,0.85001,0.85009,1.00,1.00
2018.02.21 01:16:25.376,0.85,0.85009,2.25,1.00
2018.02.21 01:16:25.749,0.85002,0.8501,1.00,1.00
2018.02.21 01:16:26.359,0.85,0.8501,3.00,1.00
2018.02.21 01:16:26.681,0.84998,0.85007,4.87,1.00
2018.02.21 01:16:27.845,0.84999,0.85008,1.12,1.00
2018.02.21 01:16:29.131,0.85,0.85008,1.00,1.00
2018.02.21 01:16:29.289,0.85002,0.85011,1.00,1.00
2018.02.21 01:16:29.896,0.85002,0.8501,1.50,1.00
2018.02.21 01:16:33.538,0.85002,0.85011,1.12,1.00
2018.02.21 01:16:34.592,0.85003,0.85011,1.00,1.00
2018.02.21 01:16:34.763,0.85003,0.85013,1.50,1.00
2018.02.21 01:16:34.815,0.85006,0.85015,1.12,1.00
2018.02.21 01:16:35.038,0.85006,0.85017,1.12,2.25
2018.02.21 01:16:35.441,0.8501,0.85017,1.00,1.50
2018.02.21 01:16:35.493,0.85009,0.85018,1.00,1.87
2018.02.21 01:16:36.867,0.85008,0.85018,1.00,1.50
2018.02.21 01:16:37.290,0.85006,0.85017,2.25,1.00
2018.02.21 01:16:37.832,0.85006,0.85017,1.00,1.50
2018.02.21 01:16:38.700,0.85006,0.85016,1.00,2.62
2018.02.21 01:16:39.329,0.85005,0.85013,1.00,1.00
2018.02.21 01:16:39.848,0.85004,0.85013,1.00,1.00
2018.02.21 01:16:40.218,0.85002,0.85013,1.00,3.37
2018.02.21 01:16:40.321,0.85003,0.85011,1.00,3.37
2018.02.21 01:16:40.423,0.85001,0.85011,1.00,2.62
2018.02.21 01:16:41.240,0.85002,0.85011,1.00,2.62
2018.02.21 01:16:44.674,0.85,0.8501,1.12,1.00
2018.02.21 01:16:44.727,0.84999,0.85008,1.00,3.37
2018.02.21 01:16:44.934,0.84996,0.85006,1.00,1.00
2018.02.21 01:16:45.206,0.84994,0.85005,1.00,3.37
2018.02.21 01:16:46.644,0.84994,0.85005,1.00,1.50
2018.02.21 01:16:47.265,0.84995,0.85005,1.00,1.50
2018.02.21 01:16:47.474,0.84996,0.85007,1.00,4.87
2018.02.21 01:16:47.783,0.84995,0.85005,1.00,3.37
2018.02.21 01:16:47.938,0.84992,0.85003,1.12,1.50
2018.02.21 01:16:47.990,0.84993,0.85001,1.00,1.12
2018.02.21 01:16:48.043,0.84991,0.85002,1.00,2.25
2018.02.21 01:16:48.146,0.8499,0.85,1.00,2.62
2018.02.21 01:16:50.615,0.84989,0.85001,1.37,4.12
2018.02.21 01:16:51.285,0.84992,0.85001,1.00,3.37
2018.02.21 01:16:51.997,0.84994,0.85003,1.00,1.50
2018.02.21 01:16:52.050,0.84994,0.85004,1.00,1.00
2018.02.21 01:16:52.623,0.84995,0.85006,1.00,2.25
2018.02.21 01:16:52.936,0.84996,0.85007,1.00,1.87
2018.02.21 01:16:53.468,0.84997,0.85006,1.00,1.00
2018.02.21 01:16:55.701,0.84998,0.85008,1.00,3.37
2018.02.21 01:16:55.753,0.84998,0.85009,1.00,2.62
2018.02.21 01:16:56.890,0.84997,0.85008,1.12,1.50
2018.02.21 01:16:56.995,0.84996,0.85005,1.12,1.00
2018.02.21 01:16:57.895,0.84996,0.85007,1.50,2.25
2018.02.21 01:16:58.093,0.84998,0.85007,1.00,2.62
2018.02.21 01:16:58.145,0.85,0.85009,1.00,3.00
2018.02.21 01:16:59.604,0.84999,0.85008,1.00,1.12
2018.02.21 01:17:01.248,0.84998,0.85007,1.12,1.00
2018.02.21 01:17:01.918,0.84997,0.85007,1.00,1.00
2018.02.21 01:17:02.468,0.84996,0.85007,1.00,2.25
2018.02.21 01:17:02.981,0.84996,0.85007,1.12,3.00
2018.02.21 01:17:04.084,0.84996,0.85007,1.00,3.37
2018.02.21 01:17:04.459,0.84999,0.85008,1.00,1.37
2018.02.21 01:17:05.190,0.84999,0.85008,1.00,1.00
2018.02.21 01:17:07.058,0.84999,0.8501,1.00,2.25
2018.02.21 01:17:08.272,0.85,0.85011,1.12,1.00
2018.02.21 01:17:09.467,0.85001,0.85012,1.00,3.00
2018.02.21 01:17:11.092,0.85,0.85011,1.12,1.00
2018.02.21 01:17:11.223,0.84998,0.85009,1.12,1.00
2018.02.21 01:17:11.544,0.84995,0.85006,2.25,2.25
2018.02.21 01:17:11.595,0.84994,0.85005,1.12,3.00
2018.02.21 01:17:12.793,0.84996,0.85005,1.12,1.50
2018.02.21 01:17:13.961,0.84997,0.85006,1.00,1.87
2018.02.21 01:17:15.152,0.84996,0.85006,1.12,1.12
2018.02.21 01:17:15.779,0.84997,0.85006,1.00,1.12
2018.02.21 01:17:16.717,0.84996,0.85006,1.12,1.12
2018.02.21 01:17:17.893,0.84995,0.85006,1.12,4.87
2018.02.21 01:17:17.996,0.84995,0.85006,1.50,2.25
2018.02.21 01:17:18.048,0.84997,0.85006,1.00,2.25
2018.02.21 01:17:19.752,0.84996,0.85006,1.00,1.50
2018.02.21 01:17:20.726,0.84994,0.85005,1.37,1.87
2018.02.21 01:17:20.881,0.84992,0.85003,1.12,1.00
2018.02.21 01:17:21.196,0.84992,0.85001,1.00,1.00
2018.02.21 01:17:22.243,0.84992,0.85003,1.00,1.50
2018.02.21 01:17:22.927,0.84993,0.85003,1.00,1.50
2018.02.21 01:17:23.093,0.84991,0.85002,1.12,1.87
2018.02.21 01:17:23.144,0.84991,0.85,1.12,1.00
2018.02.21 01:17:23.327,0.8499,0.85002,2.25,2.62
2018.02.21 01:17:23.867,0.84992,0.85002,1.00,1.87
2018.02.21 01:17:24.411,0.84991,0.85002,1.12,2.62
2018.02.21 01:17:26.481,0.84989,0.84998,1.00,1.00
2018.02.21 01:17:26.584,0.84987,0.84998,1.50,1.00
2018.02.21 01:17:27.279,0.84989,0.84998,1.00,1.00
2018.02.21 01:17:27.787,0.84989,0.84998,1.37,1.00
2018.02.21 01:17:29.188,0.84989,0.85,1.87,1.37
2018.02.21 01:17:29.343,0.8499,0.85001,1.50,1.50
2018.02.21 01:17:29.600,0.84992,0.85003,1.00,1.87
2018.02.21 01:17:30.121,0.84993,0.85004,1.12,1.12
2018.02.21 01:17:30.668,0.84994,0.85005,1.12,1.50
2018.02.21 01:17:35.078,0.84996,0.85005,1.00,1.00
2018.02.21 01:17:36.758,0.84994,0.85005,1.12,1.00
2018.02.21 01:17:39.310,0.84995,0.85006,1.00,1.12
2018.02.21 01:17:39.413,0.84995,0.85007,3.37,1.87
2018.02.21 01:17:39.517,0.84997,0.85008,1.12,1.50
2018.02.21 01:17:41.530,0.84997,0.85008,1.00,1.50
2018.02.21 01:17:42.383,0.84999,0.85007,1.00,1.00
2018.02.21 01:17:43.286,0.84998,0.85007,1.00,1.00
2018.02.21 01:17:43.680,0.84995,0.85006,3.00,2.62
2018.02.21 01:17:43.732,0.84995,0.85005,1.00,3.00
2018.02.21 01:17:44.078,0.84995,0.85004,1.00,3.37
2018.02.21 01:17:44.130,0.84993,0.85003,1.00,1.37
2018.02.21 01:17:46.396,0.84993,0.85004,1.50,1.50
2018.02.21 01:17:46.448,0.84995,0.85004,1.00,1.00
2018.02.21 01:17:46.998,0.84995,0.85005,1.00,1.00
2018.02.21 01:17:47.961,0.84995,0.85006,1.00,1.12
2018.02.21 01:17:48.965,0.84997,0.85006,1.00,1.00
2018.02.21 01:17:49.509,0.84995,0.85007,1.50,1.12
2018.02.21 01:17:50.396,0.84995,0.85006,1.00,1.87
2018.02.21 01:17:55.142,0.84995,0.85005,1.00,1.00
2018.02.21 01:17:55.447,0.84997,0.85007,1.00,2.62
2018.02.21 01:17:55.553,0.84996,0.85008,1.50,3.37
2018.02.21 01:17:55.604,0.84996,0.85005,1.00,1.00
2018.02.21 01:18:00.209,0.84998,0.85008,1.00,4.87
2018.02.21 01:18:00.261,0.84999,0.85008,1.50,1.00
2018.02.21 01:18:00.778,0.84999,0.85009,1.50,1.00
2018.02.21 01:18:05.280,0.84999,0.8501,1.50,2.25
2018.02.21 01:18:06.072,0.85,0.8501,1.00,1.00
2018.02.21 01:18:06.421,0.85002,0.85011,1.00,2.25
2018.02.21 01:18:06.473,0.85,0.85011,1.00,1.50
2018.02.21 01:18:07.083,0.85001,0.85011,1.50,1.00
2018.02.21 01:18:07.540,0.85002,0.85013,1.00,3.00
2018.02.21 01:18:08.228,0.85002,0.85013,4.12,1.12
2018.02.21 01:18:09.717,0.85003,0.85013,1.12,1.00
2018.02.21 01:18:11.070,0.85002,0.85012,1.00,1.12
2018.02.21 01:18:11.409,0.84999,0.85008,1.00,1.37
2018.02.21 01:18:11.794,0.84997,0.85008,1.00,1.50
2018.02.21 01:18:13.277,0.84997,0.85008,3.00,1.87
2018.02.21 01:18:14.370,0.84999,0.85008,1.00,1.37
2018.02.21 01:18:15.082,0.85,0.8501,1.00,2.62
2018.02.21 01:18:15.134,0.85001,0.85011,1.00,1.00
2018.02.21 01:18:16.004,0.85001,0.85012,1.00,3.37
2018.02.21 01:18:16.513,0.85003,0.85012,1.00,1.50
2018.02.21 01:18:16.617,0.85003,0.85014,1.00,3.37
2018.02.21 01:18:18.265,0.85004,0.85014,1.00,1.12
2018.02.21 01:18:18.959,0.85005,0.85014,1.00,1.12
2018.02.21 01:18:22.267,0.85005,0.85016,1.12,1.00
2018.02.21 01:18:23.359,0.85006,0.85016,1.00,1.00
2018.02.21 01:18:24.006,0.85006,0.85017,1.00,1.87
2018.02.21 01:18:24.565,0.85005,0.85017,1.12,1.12
2018.02.21 01:18:25.074,0.85005,0.85016,1.12,1.00
2018.02.21 01:18:25.782,0.85004,0.85015,1.50,1.00
2018.02.21 01:18:26.411,0.85004,0.85016,1.50,1.00
2018.02.21 01:18:28.862,0.85005,0.85017,1.12,1.12
2018.02.21 01:18:29.023,0.85007,0.85018,1.00,6.37
2018.02.21 01:18:29.880,0.85008,0.8502,1.12,4.12
2018.02.21 01:18:32.553,0.85009,0.8502,1.00,4.87
2018.02.21 01:18:33.131,0.85008,0.8502,1.12,4.87
2018.02.21 01:18:33.439,0.85007,0.85018,1.00,3.37
2018.02.21 01:18:33.953,0.85005,0.85016,1.12,1.00
2018.02.21 01:18:37.807,0.85007,0.85016,1.00,1.50
2018.02.21 01:18:38.116,0.8501,0.85021,1.00,4.12
2018.02.21 01:18:38.167,0.8501,0.85021,1.12,1.87
2018.02.21 01:18:38.683,0.8501,0.85022,1.00,6.75
2018.02.21 01:18:39.240,0.85011,0.85022,1.00,6.75
2018.02.21 01:18:40.436,0.85009,0.85018,1.00,1.00
2018.02.21 01:18:40.540,0.85006,0.85016,1.00,1.00
2018.02.21 01:18:41.166,0.85006,0.85015,1.00,1.00
2018.02.21 01:18:41.320,0.85004,0.85016,1.50,1.50
2018.02.21 01:18:41.372,0.85004,0.85014,1.50,1.00
2018.02.21 01:18:41.685,0.85006,0.85016,1.00,1.50
2018.02.21 01:18:41.839,0.85004,0.85016,1.87,2.25
2018.02.21 01:18:42.935,0.85004,0.85015,1.00,4.87
2018.02.21 01:18:43.244,0.85007,0.85018,1.00,5.47
2018.02.21 01:18:43.399,0.85005,0.85016,1.00,1.12
2018.02.21 01:18:44.427,0.85004,0.85014,1.12,1.50
2018.02.21 01:18:44.941,0.85004,0.85014,1.00,1.50
2018.02.21 01:18:44.994,0.85004,0.85015,1.00,1.87
2018.02.21 01:18:46.496,0.85003,0.85015,1.12,1.12
2018.02.21 01:18:46.547,0.85003,0.85013,1.12,1.00
2018.02.21 01:18:47.091,0.85004,0.85013,1.00,1.12
2018.02.21 01:18:48.708,0.85003,0.85013,1.00,1.12
2018.02.21 01:18:50.358,0.85002,0.85013,1.00,4.12
2018.02.21 01:18:51.031,0.85001,0.85012,1.00,1.12
2018.02.21 01:18:51.333,0.85,0.8501,1.00,1.00
2018.02.21 01:18:52.255,0.85,0.85011,1.12,1.00
2018.02.21 01:18:52.860,0.85001,0.85012,1.00,2.62
2018.02.21 01:18:53.917,0.85002,0.85013,1.12,4.12
2018.02.21 01:18:55.609,0.85002,0.85013,1.00,1.50
2018.02.21 01:18:56.284,0.85,0.85012,1.12,1.12
2018.02.21 01:18:56.403,0.85,0.8501,1.00,1.00
2018.02.21 01:18:58.898,0.85004,0.8501,1.00,1.00
2018.02.21 01:18:58.955,0.85004,0.85013,1.12,1.00
2018.02.21 01:18:59.682,0.85003,0.85015,1.00,4.50
2018.02.21 01:19:00.792,0.85003,0.85012,1.00,1.00
2018.02.21 01:19:01.154,0.85001,0.8501,1.00,1.12
2018.02.21 01:19:01.206,0.84999,0.8501,1.00,2.62
2018.02.21 01:19:01.309,0.84999,0.85008,1.00,1.00
2018.02.21 01:19:01.412,0.84997,0.85009,1.50,3.00
2018.02.21 01:19:02.080,0.84998,0.85008,1.00,1.00
2018.02.21 01:19:02.295,0.85,0.85009,1.00,2.25
2018.02.21 01:19:02.780,0.84998,0.85009,1.00,2.62
2018.02.21 01:19:03.593,0.85,0.85009,1.00,1.00
2018.02.21 01:19:03.697,0.85,0.85012,1.87,3.00
2018.02.21 01:19:04.072,0.85003,0.85013,1.00,1.00
2018.02.21 01:19:04.330,0.85005,0.85016,1.50,2.62
2018.02.21 01:19:06.675,0.8501,0.85019,1.00,1.50
2018.02.21 01:19:06.727,0.85011,0.85021,3.00,1.00
2018.02.21 01:19:07.035,0.85009,0.8502,1.50,1.00
2018.02.21 01:19:07.731,0.85008,0.85019,4.12,1.50
2018.02.21 01:19:08.303,0.85008,0.85019,1.00,1.50
2018.02.21 01:19:09.003,0.85008,0.85018,1.00,1.00
2018.02.21 01:19:09.703,0.85008,0.85019,1.50,1.50
2018.02.21 01:19:09.983,0.8501,0.8502,1.50,1.00
2018.02.21 01:19:11.103,0.85012,0.85023,1.00,1.12
2018.02.21 01:19:11.604,0.85011,0.85023,1.00,2.25
2018.02.21 01:19:11.809,0.8501,0.85021,1.12,1.50
2018.02.21 01:19:15.963,0.85009,0.85019,2.62,1.00
2018.02.21 01:19:17.137,0.85008,0.85018,3.37,1.00
2018.02.21 01:19:21.623,0.85007,0.85018,1.50,1.50
2018.02.21 01:19:22.740,0.85006,0.85017,4.12,1.00
2018.02.21 01:19:22.925,0.85009,0.85019,2.62,1.50
2018.02.21 01:19:23.779,0.85009,0.85018,3.37,1.00
2018.02.21 01:19:25.253,0.85009,0.85017,1.00,1.00
2018.02.21 01:19:25.718,0.85006,0.85017,4.12,1.00
2018.02.21 01:19:26.428,0.85005,0.85017,3.00,1.37
2018.02.21 01:19:26.534,0.85005,0.85014,2.25,1.00
2018.02.21 01:19:26.586,0.85004,0.85014,1.87,1.00
2018.02.21 01:19:26.969,0.85006,0.85014,1.00,1.00
2018.02.21 01:19:27.071,0.85006,0.85016,1.00,1.00
2018.02.21 01:19:28.630,0.85005,0.85017,3.37,2.25
2018.02.21 01:19:28.938,0.85008,0.85018,2.62,1.00
2018.02.21 01:19:29.035,0.85008,0.8502,3.37,1.50
2018.02.21 01:19:29.140,0.85011,0.85023,1.12,1.87
2018.02.21 01:19:29.245,0.85012,0.85023,3.37,1.00
2018.02.21 01:19:29.759,0.85013,0.85022,1.00,1.00
2018.02.21 01:19:30.898,0.85011,0.85022,3.37,1.00
2018.02.21 01:19:31.212,0.85006,0.85017,2.62,1.00
2018.02.21 01:19:31.533,0.85007,0.85018,2.62,1.00
2018.02.21 01:19:32.072,0.85006,0.85017,1.50,1.00
2018.02.21 01:19:32.453,0.85005,0.85015,2.25,1.00
2018.02.21 01:19:32.555,0.85004,0.85015,1.12,1.50
2018.02.21 01:19:34.395,0.85003,0.85014,1.50,1.50
2018.02.21 01:19:37.579,0.85003,0.85013,1.50,1.00
2018.02.21 01:19:38.244,0.85003,0.85014,1.50,1.50
2018.02.21 01:19:38.463,0.85001,0.85013,2.25,1.50
2018.02.21 01:19:38.779,0.85004,0.85014,1.00,1.37
2018.02.21 01:19:39.497,0.85004,0.85015,1.50,3.37
2018.02.21 01:19:42.768,0.85002,0.85004,2.62,1.00
2018.02.21 01:19:42.820,0.85,0.85008,3.37,1.50
2018.02.21 01:19:42.924,0.84995,0.85004,1.00,1.87
2018.02.21 01:19:43.079,0.84992,0.85001,2.62,1.12
2018.02.21 01:19:43.131,0.84988,0.85,1.12,2.62
2018.02.21 01:19:43.183,0.84988,0.84998,1.00,2.62
2018.02.21 01:19:43.704,0.84989,0.84999,1.12,1.37
2018.02.21 01:19:44.792,0.8499,0.85,1.00,2.62
2018.02.21 01:19:44.946,0.8499,0.85002,1.50,1.50
2018.02.21 01:19:45.944,0.84991,0.85003,1.00,3.37
2018.02.21 01:19:46.461,0.8499,0.85002,1.12,1.50
2018.02.21 01:19:46.618,0.84992,0.85001,1.00,1.12
2018.02.21 01:19:48.457,0.84991,0.85003,1.00,3.37
2018.02.21 01:19:49.822,0.84993,0.85003,1.00,1.50
2018.02.21 01:19:50.706,0.84993,0.85002,1.00,1.00
2018.02.21 01:19:50.891,0.84991,0.85003,1.87,1.50
2018.02.21 01:19:51.528,0.84992,0.85003,1.00,1.50
2018.02.21 01:19:51.580,0.84991,0.84997,1.00,1.00
2018.02.21 01:19:51.734,0.84986,0.84997,1.00,3.37
2018.02.21 01:19:51.837,0.84985,0.84996,1.00,3.37
2018.02.21 01:19:51.889,0.84983,0.84995,1.12,1.50
2018.02.21 01:19:52.450,0.84983,0.84995,1.87,1.87
2018.02.21 01:19:53.091,0.84984,0.84996,1.50,1.00
2018.02.21 01:19:54.211,0.84985,0.84994,1.00,1.50
2018.02.21 01:19:54.772,0.84984,0.84995,1.00,1.00
2018.02.21 01:19:55.100,0.84988,0.84999,1.00,2.62
2018.02.21 01:19:55.358,0.84986,0.84996,1.00,1.00
2018.02.21 01:19:56.127,0.84985,0.84996,1.00,1.00
2018.02.21 01:19:56.178,0.84985,0.84997,3.37,1.00
2018.02.21 01:19:59.562,0.84989,0.84999,1.00,1.00
2018.02.21 01:19:59.769,0.84989,0.85001,1.87,1.12
2018.02.21 01:20:00.268,0.84989,0.85001,3.37,1.50
2018.02.21 01:20:01.184,0.84989,0.85001,1.12,1.87
2018.02.21 01:20:01.393,0.84992,0.85001,1.00,1.00
2018.02.21 01:20:02.311,0.84992,0.85002,1.00,1.50
2018.02.21 01:20:04.278,0.8499,0.85001,1.12,1.50
2018.02.21 01:20:04.381,0.84991,0.85,1.37,1.00
2018.02.21 01:20:04.485,0.8499,0.85,1.00,1.00
2018.02.21 01:20:04.693,0.84987,0.84999,2.25,1.12
2018.02.21 01:20:05.238,0.84986,0.84998,3.37,1.00
2018.02.21 01:20:05.797,0.8499,0.85001,1.00,3.00
2018.02.21 01:20:05.950,0.84991,0.85003,1.12,4.50
2018.02.21 01:20:07.436,0.84992,0.85003,1.00,3.00
2018.02.21 01:20:08.034,0.84991,0.85003,3.37,1.00
2018.02.21 01:20:09.182,0.84992,0.85004,1.12,4.12
2018.02.21 01:20:09.719,0.84992,0.85003,1.12,1.00
2018.02.21 01:20:10.251,0.8499,0.84999,4.12,1.00
2018.02.21 01:20:10.354,0.8499,0.84999,1.00,1.00
2018.02.21 01:20:10.406,0.84988,0.84999,1.12,1.50
2018.02.21 01:20:11.091,0.84988,0.85,1.12,1.87
2018.02.21 01:20:11.461,0.8499,0.85001,1.12,1.00
2018.02.21 01:20:12.013,0.8499,0.85002,1.12,3.00
2018.02.21 01:20:13.308,0.84989,0.85001,1.50,1.00
2018.02.21 01:20:14.178,0.84989,0.85,2.25,1.00
2018.02.21 01:20:16.314,0.8499,0.85001,1.12,1.00
2018.02.21 01:20:16.623,0.84999,0.85009,1.00,4.87
2018.02.21 01:20:16.777,0.84999,0.85011,1.37,4.87
2018.02.21 01:20:17.949,0.84999,0.8501,1.00,1.87
2018.02.21 01:20:18.477,0.84998,0.85009,1.12,1.00
2018.02.21 01:20:19.048,0.84997,0.85005,1.50,1.00
2018.02.21 01:20:19.205,0.84993,0.85003,1.00,1.00
2018.02.21 01:20:19.412,0.84995,0.85006,1.00,2.25
2018.02.21 01:20:19.771,0.84994,0.85003,1.00,1.00
2018.02.21 01:20:21.948,0.84993,0.85004,1.12,1.50
2018.02.21 01:20:22.051,0.84991,0.85003,2.62,1.12
2018.02.21 01:20:22.103,0.84992,0.85001,1.00,1.00
2018.02.21 01:20:22.638,0.84991,0.85002,1.12,1.00
2018.02.21 01:20:23.179,0.84992,0.85004,1.00,1.50
2018.02.21 01:20:23.403,0.84993,0.85005,1.50,3.00
2018.02.21 01:20:23.930,0.84993,0.85004,1.00,1.00
2018.02.21 01:20:26.142,0.84992,0.85003,1.00,1.00
2018.02.21 01:20:26.348,0.84994,0.85003,1.00,1.50
2018.02.21 01:20:26.861,0.84994,0.85005,1.12,3.00
2018.02.21 01:20:30.389,0.84993,0.85004,1.12,1.12
2018.02.21 01:20:30.696,0.84992,0.85004,1.00,4.87
2018.02.21 01:20:30.955,0.84992,0.85004,1.50,2.62
2018.02.21 01:20:32.510,0.84992,0.85003,1.12,1.00
2018.02.21 01:20:33.212,0.84993,0.85004,2.62,1.12
2018.02.21 01:20:34.901,0.84993,0.85004,1.00,1.12
2018.02.21 01:20:35.406,0.84992,0.85004,1.12,1.12
2018.02.21 01:20:36.831,0.84994,0.85004,1.12,1.00
2018.02.21 01:20:36.935,0.84994,0.85006,1.50,1.00
2018.02.21 01:20:37.091,0.84997,0.85007,1.00,1.87
2018.02.21 01:20:37.217,0.84998,0.85009,1.00,3.75
2018.02.21 01:20:40.206,0.84997,0.85009,1.00,3.75
2018.02.21 01:20:48.538,0.84995,0.85006,1.50,1.50
2018.02.21 01:20:48.828,0.84996,0.85007,1.00,1.50
2018.02.21 01:20:51.485,0.84995,0.85007,1.50,2.25
2018.02.21 01:20:52.218,0.84997,0.85006,1.00,1.00
2018.02.21 01:20:52.321,0.84996,0.85008,1.50,1.00
2018.02.21 01:20:52.476,0.84997,0.85007,1.00,1.50
2018.02.21 01:20:52.982,0.84996,0.85006,1.00,1.12
2018.02.21 01:21:00.091,0.84997,0.85007,1.00,1.50
2018.02.21 01:21:00.277,0.84997,0.85009,1.12,3.00
2018.02.21 01:21:00.695,0.85,0.8501,1.00,2.62
2018.02.21 01:21:00.747,0.85,0.85011,1.12,1.87
2018.02.21 01:21:01.262,0.85001,0.85012,1.12,1.87
2018.02.21 01:21:08.198,0.85001,0.85013,1.12,1.50
2018.02.21 01:21:08.805,0.85002,0.85013,1.00,1.12
2018.02.21 01:21:08.857,0.85003,0.85013,1.00,3.37
2018.02.21 01:21:10.504,0.85,0.8501,2.62,1.00
2018.02.21 01:21:10.556,0.84999,0.8501,1.00,2.25
2018.02.21 01:21:11.458,0.84999,0.85009,1.00,1.50
2018.02.21 01:21:12.033,0.84998,0.85009,1.50,1.50
2018.02.21 01:21:16.688,0.84996,0.85005,1.12,1.00
2018.02.21 01:21:16.844,0.84993,0.85005,1.12,3.37
2018.02.21 01:21:18.022,0.84995,0.85005,1.12,1.00
2018.02.21 01:21:18.534,0.84993,0.85005,1.00,5.62
2018.02.21 01:21:18.639,0.84993,0.85001,1.00,1.00
2018.02.21 01:21:18.982,0.84989,0.85,1.37,1.12
2018.02.21 01:21:20.568,0.8499,0.85002,1.12,1.87
2018.02.21 01:21:20.670,0.84992,0.85002,1.00,1.12
2018.02.21 01:21:20.977,0.84991,0.85,1.00,1.00
2018.02.21 01:21:21.906,0.8499,0.85001,1.12,1.12
2018.02.21 01:21:22.215,0.84993,0.85004,1.12,2.25
2018.02.21 01:21:22.524,0.8499,0.85001,1.37,1.12
2018.02.21 01:21:22.857,0.84994,0.85004,1.00,1.00
2018.02.21 01:21:26.162,0.84993,0.85004,1.50,1.00
2018.02.21 01:21:26.470,0.84996,0.85007,1.00,3.37
2018.02.21 01:21:27.011,0.84999,0.85009,1.00,1.00
2018.02.21 01:21:27.163,0.84999,0.85011,1.50,2.25
2018.02.21 01:21:27.834,0.84999,0.85011,1.37,3.37
2018.02.21 01:21:28.176,0.84998,0.8501,1.00,4.12
2018.02.21 01:21:28.330,0.84997,0.85008,1.50,1.50
2018.02.21 01:21:28.956,0.84998,0.85009,1.00,4.12
2018.02.21 01:21:29.469,0.84998,0.85009,1.00,1.50
2018.02.21 01:21:29.955,0.85,0.85009,1.00,1.12
2018.02.21 01:21:30.162,0.85002,0.85012,1.00,1.12
2018.02.21 01:21:31.009,0.85,0.85011,1.50,1.50
2018.02.21 01:21:31.189,0.84999,0.85009,1.50,1.50
2018.02.21 01:21:31.476,0.84996,0.85007,1.00,1.00
2018.02.21 01:21:31.637,0.84995,0.85005,1.00,1.00
2018.02.21 01:21:32.249,0.84994,0.85005,2.25,1.00
2018.02.21 01:21:32.770,0.84995,0.85006,1.00,1.87
2018.02.21 01:21:33.142,0.84995,0.85004,1.00,1.12
2018.02.21 01:21:34.137,0.84994,0.85005,1.00,1.50
2018.02.21 01:21:37.019,0.84994,0.85005,1.00,3.37
2018.02.21 01:21:39.175,0.84995,0.85004,1.00,1.50
2018.02.21 01:21:40.049,0.84996,0.85004,1.00,1.12
2018.02.21 01:21:40.850,0.84996,0.85005,1.00,1.00
2018.02.21 01:21:41.596,0.84997,0.85005,1.00,1.00
2018.02.21 01:21:42.770,0.84996,0.85005,1.00,1.00
2018.02.21 01:21:43.291,0.84997,0.85006,1.00,1.50
2018.02.21 01:21:43.827,0.84997,0.85004,1.00,1.00
2018.02.21 01:21:44.502,0.84996,0.85004,1.00,1.00
2018.02.21 01:21:48.247,0.84995,0.85004,1.00,1.00
2018.02.21 01:21:48.569,0.84997,0.85007,1.00,4.87
2018.02.21 01:21:49.165,0.84996,0.85006,1.00,1.50
2018.02.21 01:21:52.556,0.84997,0.85007,1.00,4.87
2018.02.21 01:21:52.660,0.84998,0.85008,1.00,1.50
2018.02.21 01:21:52.765,0.84999,0.85009,1.00,1.12
2018.02.21 01:21:57.273,0.84997,0.85009,1.12,2.62
2018.02.21 01:21:57.327,0.84997,0.85008,1.00,4.12
2018.02.21 01:21:57.831,0.84997,0.85005,1.00,1.00
2018.02.21 01:21:59.071,0.84997,0.85006,1.00,1.00
2018.02.21 01:21:59.722,0.84998,0.85006,1.00,1.00
2018.02.21 01:22:02.807,0.84999,0.85006,1.00,1.00
2018.02.21 01:22:02.910,0.84999,0.85008,1.00,1.12
2018.02.21 01:22:06.080,0.84998,0.85009,1.00,2.62
2018.02.21 01:22:06.132,0.84996,0.85006,1.00,2.62
2018.02.21 01:22:06.235,0.84997,0.85007,1.00,1.12
2018.02.21 01:22:06.286,0.85,0.85008,1.00,2.62
2018.02.21 01:22:06.709,0.84999,0.85009,1.12,1.00
2018.02.21 01:22:06.761,0.85001,0.8501,1.00,1.12
2018.02.21 01:22:07.761,0.85003,0.85012,1.00,4.87
2018.02.21 01:22:08.229,0.85003,0.85012,1.00,1.12
2018.02.21 01:22:08.872,0.85002,0.85012,1.00,3.37
2018.02.21 01:22:11.340,0.84999,0.85011,3.37,2.25
2018.02.21 01:22:11.392,0.85003,0.85011,1.00,2.25
2018.02.21 01:22:11.914,0.85001,0.85012,1.00,1.87
2018.02.21 01:22:12.189,0.85001,0.85012,1.12,3.37
2018.02.21 01:22:12.716,0.85002,0.85012,1.00,3.37
2018.02.21 01:22:13.702,0.85001,0.85012,1.12,3.37
2018.02.21 01:22:14.216,0.85,0.85012,1.00,5.62
2018.02.21 01:22:14.858,0.84999,0.85009,1.00,2.62
2018.02.21 01:22:15.365,0.84998,0.85008,1.00,2.62
2018.02.21 01:22:16.049,0.84997,0.85008,1.00,3.37
2018.02.21 01:22:16.376,0.84993,0.85003,1.00,1.00
2018.02.21 01:22:16.902,0.84992,0.85002,1.00,1.50
2018.02.21 01:22:17.367,0.84995,0.85003,1.00,1.00
2018.02.21 01:22:17.470,0.84996,0.85007,1.00,3.00
2018.02.21 01:22:17.573,0.84998,0.85009,1.12,3.37
2018.02.21 01:22:17.780,0.85,0.8501,1.00,1.50
2018.02.21 01:22:17.941,0.85001,0.85012,1.12,2.25
2018.02.21 01:22:18.282,0.85003,0.85012,1.00,1.00
2018.02.21 01:22:18.590,0.85004,0.85013,2.62,1.00
2018.02.21 01:22:18.693,0.85002,0.85013,1.12,1.00
2018.02.21 01:22:19.505,0.85002,0.85014,1.12,3.37
2018.02.21 01:22:20.068,0.85003,0.85014,1.00,1.87
2018.02.21 01:22:20.972,0.85004,0.85013,1.00,1.00
2018.02.21 01:22:21.695,0.85003,0.85013,1.00,1.00
2018.02.21 01:22:22.665,0.85003,0.85014,1.00,6.37
2018.02.21 01:22:25.898,0.85002,0.85012,1.00,1.50
2018.02.21 01:22:27.440,0.85,0.8501,1.00,1.00
2018.02.21 01:22:28.170,0.84999,0.85009,1.00,1.12
2018.02.21 01:22:29.583,0.84997,0.85006,1.12,1.00
2018.02.21 01:22:29.634,0.84997,0.85008,1.12,1.50
2018.02.21 01:22:30.332,0.84998,0.85008,1.00,3.37
2018.02.21 01:22:30.884,0.84999,0.8501,1.00,2.25
2018.02.21 01:22:31.592,0.85,0.85009,1.00,1.50
2018.02.21 01:22:32.650,0.84999,0.85009,1.12,1.00
2018.02.21 01:22:34.476,0.84999,0.85009,1.00,4.12
2018.02.21 01:22:34.528,0.84999,0.85009,1.00,1.50
2018.02.21 01:22:35.231,0.84999,0.85009,1.50,1.00
2018.02.21 01:22:35.283,0.85,0.85011,1.12,3.37
2018.02.21 01:22:37.137,0.84999,0.85009,1.12,1.12
2018.02.21 01:22:37.761,0.85,0.8501,1.00,1.12
2018.02.21 01:22:39.771,0.85,0.85009,1.00,2.62
2018.02.21 01:22:41.947,0.84997,0.85007,1.00,1.00
2018.02.21 01:22:43.865,0.84999,0.85007,1.00,1.00
2018.02.21 01:22:44.679,0.85,0.85008,1.00,1.00
2018.02.21 01:22:45.247,0.85,0.85009,1.00,2.47
2018.02.21 01:22:46.728,0.84999,0.85009,1.00,2.47
2018.02.21 01:22:49.983,0.85002,0.85011,1.00,3.00
2018.02.21 01:22:50.087,0.85002,0.85013,1.00,3.37
2018.02.21 01:22:50.608,0.85002,0.85013,1.50,1.00
2018.02.21 01:22:50.660,0.85001,0.85013,1.12,2.62
2018.02.21 01:22:50.866,0.85001,0.85012,1.12,4.12
2018.02.21 01:22:52.270,0.85003,0.85013,1.00,1.87
2018.02.21 01:22:52.950,0.85004,0.85013,1.12,1.00
2018.02.21 01:22:53.466,0.85005,0.85013,1.00,1.00
2018.02.21 01:22:54.163,0.85003,0.85013,1.50,1.00
2018.02.21 01:22:55.752,0.85004,0.85015,1.12,1.87
2018.02.21 01:22:56.005,0.85003,0.85014,1.12,3.37
2018.02.21 01:22:56.210,0.84999,0.8501,1.00,1.12
2018.02.21 01:22:56.842,0.84999,0.8501,1.00,2.62
2018.02.21 01:22:56.944,0.84997,0.85008,1.12,1.00
2018.02.21 01:22:58.602,0.84997,0.85007,1.00,1.12
2018.02.21 01:22:59.422,0.84998,0.85007,1.00,1.00
2018.02.21 01:23:01.494,0.85,0.85007,1.00,1.00
2018.02.21 01:23:01.604,0.85003,0.85012,1.00,1.87
2018.02.21 01:23:01.707,0.85003,0.85015,1.12,4.12
2018.02.21 01:23:01.860,0.85006,0.85015,1.00,2.62
2018.02.21 01:23:02.217,0.85004,0.85015,1.00,1.12
2018.02.21 01:23:02.615,0.85008,0.85015,1.00,1.12
2018.02.21 01:23:02.718,0.85007,0.85018,1.00,1.87
2018.02.21 01:23:03.805,0.85008,0.85019,1.12,1.87
2018.02.21 01:23:05.172,0.85009,0.85019,1.00,3.00
2018.02.21 01:23:06.066,0.85008,0.85017,1.00,1.12
2018.02.21 01:23:06.740,0.85007,0.85017,1.00,1.87
2018.02.21 01:23:08.958,0.85009,0.85017,1.00,1.12
2018.02.21 01:23:11.159,0.85008,0.85018,1.00,1.12
2018.02.21 01:23:11.467,0.8501,0.85019,1.00,1.87
2018.02.21 01:23:12.459,0.85009,0.85019,1.00,1.87
2018.02.21 01:23:18.805,0.85007,0.85019,1.50,3.37
2018.02.21 01:23:19.114,0.85006,0.85015,1.00,1.00
2018.02.21 01:23:19.675,0.85006,0.85017,1.00,1.50
2018.02.21 01:23:20.705,0.85007,0.85017,1.00,2.25
2018.02.21 01:23:21.511,0.85008,0.85017,1.00,2.25
2018.02.21 01:23:21.716,0.85008,0.85018,1.00,1.50
2018.02.21 01:23:22.266,0.85009,0.85018,1.00,1.00
2018.02.21 01:23:22.776,0.85008,0.85016,1.00,1.12
2018.02.21 01:23:22.930,0.85006,0.85016,1.00,1.12
2018.02.21 01:23:23.001,0.85008,0.85016,1.00,1.12
2018.02.21 01:23:23.053,0.85006,0.85017,1.00,4.87
2018.02.21 01:23:25.083,0.85006,0.85016,1.00,1.12
2018.02.21 01:23:25.631,0.85006,0.85015,1.00,1.00
2018.02.21 01:23:26.206,0.85007,0.85017,1.00,1.50
2018.02.21 01:23:30.461,0.85006,0.85017,1.00,1.50
2018.02.21 01:23:30.513,0.85007,0.85016,1.00,4.12
2018.02.21 01:23:30.565,0.85005,0.85016,1.00,4.12
2018.02.21 01:23:31.392,0.85006,0.85016,1.00,4.12
2018.02.21 01:23:31.643,0.85006,0.85016,1.00,1.87
2018.02.21 01:23:33.057,0.85007,0.85016,1.00,1.12
2018.02.21 01:23:39.971,0.85006,0.85016,1.00,2.62
2018.02.21 01:23:40.023,0.85005,0.85016,1.00,5.62
2018.02.21 01:23:41.189,0.85004,0.85014,1.00,1.12
2018.02.21 01:23:41.790,0.85003,0.85014,1.00,2.62
2018.02.21 01:23:43.090,0.85003,0.85015,1.00,5.47
2018.02.21 01:23:44.484,0.85003,0.85013,1.00,1.00
2018.02.21 01:23:46.134,0.85003,0.85014,1.00,1.12
2018.02.21 01:23:46.487,0.85005,0.85013,1.00,2.62
2018.02.21 01:23:46.591,0.85005,0.85015,1.00,1.50
2018.02.21 01:23:46.878,0.85007,0.85015,1.00,1.00
2018.02.21 01:23:47.401,0.85007,0.85017,1.00,2.25
2018.02.21 01:23:49.659,0.85007,0.85017,1.00,1.00
2018.02.21 01:23:50.209,0.85007,0.85018,1.00,4.87
2018.02.21 01:23:51.405,0.85006,0.85016,1.00,2.25
2018.02.21 01:23:54.949,0.85008,0.85016,1.00,1.50
2018.02.21 01:23:55.946,0.85008,0.85016,1.00,1.00
2018.02.21 01:23:56.644,0.85007,0.85016,1.00,1.00
2018.02.21 01:23:59.315,0.85006,0.85016,1.00,1.87
2018.02.21 01:23:59.822,0.85005,0.85016,1.00,1.12
2018.02.21 01:24:09.724,0.85005,0.85016,1.00,3.75
2018.02.21 01:24:09.828,0.85003,0.85015,1.12,3.00
2018.02.21 01:24:09.881,0.85002,0.85012,1.50,1.00
2018.02.21 01:24:10.188,0.85005,0.85014,1.00,3.00
2018.02.21 01:24:11.952,0.85004,0.85014,1.00,1.50
2018.02.21 01:24:12.493,0.85003,0.85014,1.00,2.25
2018.02.21 01:24:13.915,0.85004,0.85014,1.12,3.00
2018.02.21 01:24:14.250,0.85007,0.85014,1.00,1.50
2018.02.21 01:24:14.507,0.85004,0.85015,1.12,1.00
2018.02.21 01:24:15.090,0.85003,0.85014,2.62,1.00
2018.02.21 01:24:15.893,0.85002,0.85014,1.00,2.25
2018.02.21 01:24:17.656,0.85002,0.85014,1.87,1.50
2018.02.21 01:24:18.552,0.85002,0.85014,1.12,4.12
2018.02.21 01:24:19.783,0.85002,0.85014,3.00,1.12
2018.02.21 01:24:20.671,0.85003,0.85015,1.12,1.87
2018.02.21 01:24:21.253,0.85004,0.85015,1.00,1.12
2018.02.21 01:24:22.013,0.85004,0.85015,1.50,1.00
2018.02.21 01:24:22.741,0.85004,0.85013,1.12,1.00
2018.02.21 01:24:24.867,0.85002,0.85014,4.12,1.00
2018.02.21 01:24:25.671,0.85004,0.85013,1.12,1.00
2018.02.21 01:24:26.324,0.85003,0.85014,1.50,1.50
2018.02.21 01:24:29.561,0.85004,0.85014,2.62,1.00
2018.02.21 01:24:29.664,0.85004,0.85014,1.12,1.00
2018.02.21 01:24:30.575,0.85004,0.85015,1.12,1.12
2018.02.21 01:24:34.908,0.85005,0.85016,1.12,2.25
2018.02.21 01:24:35.011,0.85006,0.85018,1.12,3.37
2018.02.21 01:24:35.165,0.85006,0.85016,1.12,1.00
2018.02.21 01:24:35.267,0.85004,0.85016,1.87,1.12
2018.02.21 01:24:35.370,0.85004,0.85014,1.87,1.00
2018.02.21 01:24:35.706,0.85004,0.85016,4.12,1.00
2018.02.21 01:24:36.330,0.85004,0.85015,4.12,1.00
2018.02.21 01:24:36.670,0.85004,0.85015,1.12,1.50
2018.02.21 01:24:37.141,0.85001,0.85013,3.37,1.50
2018.02.21 01:24:37.483,0.85001,0.8501,1.00,1.00
2018.02.21 01:24:37.635,0.84998,0.8501,3.75,1.87
2018.02.21 01:24:39.032,0.85,0.85009,1.00,1.12
2018.02.21 01:24:39.324,0.85001,0.85011,1.00,1.00
2018.02.21 01:24:39.632,0.85003,0.85012,1.00,1.00
2018.02.21 01:24:40.197,0.85003,0.85013,1.12,2.25
2018.02.21 01:24:40.905,0.85001,0.85012,1.50,1.00
2018.02.21 01:24:42.130,0.85002,0.85011,1.00,1.00
2018.02.21 01:24:42.645,0.85001,0.85011,1.50,1.50
2018.02.21 01:24:44.112,0.85002,0.85013,1.12,3.00
2018.02.21 01:24:44.606,0.85004,0.85013,1.00,1.12
2018.02.21 01:24:44.913,0.85006,0.85014,1.00,1.00
2018.02.21 01:24:45.178,0.85006,0.85016,1.00,1.12
2018.02.21 01:24:46.183,0.85007,0.85016,1.00,1.12
2018.02.21 01:24:46.431,0.85005,0.85016,1.00,1.87
2018.02.21 01:24:46.586,0.85007,0.85016,1.00,1.12
2018.02.21 01:24:51.745,0.85009,0.85018,1.00,1.50
2018.02.21 01:24:52.254,0.8501,0.85019,1.00,1.00
2018.02.21 01:24:52.784,0.85009,0.85019,1.12,1.00
2018.02.21 01:24:56.530,0.8501,0.85019,1.00,1.00
2018.02.21 01:24:58.424,0.8501,0.8502,1.00,1.00
2018.02.21 01:25:00.298,0.85009,0.85019,1.87,1.00
2018.02.21 01:25:00.612,0.85011,0.8502,1.00,1.50
2018.02.21 01:25:01.171,0.85012,0.8502,1.00,1.00
2018.02.21 01:25:01.437,0.85012,0.85022,1.00,1.50
2018.02.21 01:25:01.939,0.85013,0.85023,1.00,1.87
2018.02.21 01:25:03.454,0.85012,0.85023,1.00,1.12
2018.02.21 01:25:06.282,0.85013,0.85023,1.00,1.12
2018.02.21 01:25:11.550,0.85016,0.85025,1.00,1.00
2018.02.21 01:25:11.863,0.85015,0.85025,1.00,2.62
2018.02.21 01:25:12.040,0.85014,0.85025,1.12,1.00
2018.02.21 01:25:12.145,0.85014,0.85024,1.00,2.25
2018.02.21 01:25:13.866,0.85013,0.85024,1.12,2.25
2018.02.21 01:25:16.400,0.85013,0.85023,1.00,3.37
2018.02.21 01:25:19.722,0.85013,0.85022,1.00,1.12
2018.02.21 01:25:20.384,0.85013,0.85022,1.00,4.12
2018.02.21 01:25:21.185,0.85013,0.85021,1.00,1.00
2018.02.21 01:25:22.079,0.85014,0.85021,1.00,1.00
2018.02.21 01:25:23.014,0.85014,0.85022,1.00,2.25
2018.02.21 01:25:26.246,0.85016,0.85024,1.00,1.50
2018.02.21 01:25:26.297,0.85016,0.85025,1.00,1.12
2018.02.21 01:25:29.121,0.85016,0.85026,1.12,3.00
2018.02.21 01:25:29.684,0.85017,0.85027,1.00,3.75
2018.02.21 01:25:30.632,0.85018,0.85027,1.00,3.00
2018.02.21 01:25:31.147,0.85017,0.85027,1.00,4.87
2018.02.21 01:25:39.437,0.85017,0.85027,1.00,3.75
2018.02.21 01:25:40.146,0.85018,0.85027,1.00,2.25
2018.02.21 01:25:41.224,0.85019,0.85028,1.00,1.37
2018.02.21 01:25:41.355,0.85019,0.85029,1.00,1.87
2018.02.21 01:25:42.514,0.85018,0.85029,1.12,1.87
2018.02.21 01:25:42.566,0.85018,0.85027,1.00,1.12
2018.02.21 01:25:43.231,0.85019,0.85027,1.00,1.12
2018.02.21 01:25:43.898,0.85018,0.85028,1.00,1.87
2018.02.21 01:25:44.426,0.85017,0.85026,1.00,1.12
2018.02.21 01:25:45.406,0.85018,0.85028,1.00,4.87
2018.02.21 01:25:45.951,0.85017,0.85028,1.00,5.62
2018.02.21 01:25:48.248,0.85017,0.85025,1.00,1.00
2018.02.21 01:25:48.629,0.85015,0.85024,1.00,1.37
2018.02.21 01:25:53.575,0.85015,0.85026,1.00,2.25
2018.02.21 01:25:54.452,0.85016,0.85026,1.00,1.00
2018.02.21 01:25:54.607,0.85018,0.85027,1.00,2.25
2018.02.21 01:25:54.943,0.85021,0.8503,1.00,3.75
2018.02.21 01:25:55.990,0.85021,0.8503,1.00,3.00
2018.02.21 01:25:56.514,0.85019,0.85029,1.00,1.12
2018.02.21 01:25:56.814,0.85018,0.85028,1.00,2.62
2018.02.21 01:25:57.349,0.85018,0.85027,1.00,1.12
2018.02.21 01:26:00.969,0.85017,0.85028,1.00,3.00
2018.02.21 01:26:01.286,0.85017,0.85027,1.00,4.12
2018.02.21 01:26:02.693,0.85015,0.85024,1.00,1.50
2018.02.21 01:26:03.240,0.85016,0.85024,1.00,1.00
2018.02.21 01:26:03.930,0.85015,0.85024,1.00,1.00
2018.02.21 01:26:04.441,0.85016,0.85024,1.00,2.25
2018.02.21 01:26:04.970,0.85016,0.85024,1.00,1.00
2018.02.21 01:26:07.401,0.85016,0.85023,1.00,1.00
2018.02.21 01:26:08.501,0.85015,0.85023,1.00,1.00
2018.02.21 01:26:09.025,0.85015,0.85024,1.00,1.50
2018.02.21 01:26:09.528,0.85015,0.85023,1.00,1.00
2018.02.21 01:26:14.869,0.85015,0.85024,1.00,1.00
2018.02.21 01:26:15.570,0.85015,0.85025,1.00,1.12
2018.02.21 01:26:16.191,0.85016,0.85026,1.12,2.62
2018.02.21 01:26:17.887,0.85016,0.85026,1.00,3.75
2018.02.21 01:26:18.738,0.85015,0.85026,1.00,3.37
2018.02.21 01:26:19.046,0.85017,0.85026,1.00,1.00
2018.02.21 01:26:22.259,0.85017,0.85027,1.00,1.12
2018.02.21 01:26:22.563,0.85019,0.85029,1.00,1.00
2018.02.21 01:26:22.868,0.85021,0.85029,1.00,1.00
2018.02.21 01:26:23.410,0.85022,0.85031,1.00,1.37
2018.02.21 01:26:25.316,0.85024,0.85031,1.00,1.37
2018.02.21 01:26:25.492,0.85024,0.85034,1.00,3.37
2018.02.21 01:26:25.595,0.85024,0.85035,1.00,1.50
2018.02.21 01:26:26.918,0.85022,0.85033,1.12,1.50
2018.02.21 01:26:27.954,0.85022,0.85034,1.12,3.37
2018.02.21 01:26:28.455,0.85022,0.85033,1.00,2.25
2018.02.21 01:26:28.559,0.85022,0.85032,1.00,2.25
2018.02.21 01:26:29.117,0.8502,0.8503,1.37,1.00
2018.02.21 01:26:29.619,0.85021,0.85032,1.12,1.50
2018.02.21 01:26:30.122,0.85022,0.85032,1.00,1.50
2018.02.21 01:26:30.173,0.85022,0.85032,1.00,4.12
2018.02.21 01:26:31.209,0.85021,0.85032,1.12,4.12
2018.02.21 01:26:31.470,0.85023,0.85033,1.00,1.50
2018.02.21 01:26:32.161,0.85023,0.85034,1.00,2.62
2018.02.21 01:26:34.701,0.85024,0.85034,1.12,1.00
2018.02.21 01:26:34.892,0.85026,0.85035,1.00,1.87
2018.02.21 01:26:35.055,0.85024,0.85035,1.12,2.62
2018.02.21 01:26:35.159,0.85024,0.85034,1.00,2.62
2018.02.21 01:26:35.774,0.85023,0.85034,1.12,4.87
2018.02.21 01:26:36.310,0.85022,0.85031,1.00,1.00
2018.02.21 01:26:36.600,0.8502,0.85031,1.12,1.50
2018.02.21 01:26:38.173,0.8502,0.85029,1.12,1.00
2018.02.21 01:26:38.518,0.85018,0.8503,3.37,1.87
2018.02.21 01:26:38.939,0.85019,0.8503,1.50,1.00
2018.02.21 01:26:39.692,0.8502,0.8503,1.50,1.00
2018.02.21 01:26:42.021,0.8502,0.85031,1.50,1.50
2018.02.21 01:26:45.124,0.8502,0.85032,3.00,2.62
2018.02.21 01:26:46.612,0.8502,0.85032,1.87,1.87
2018.02.21 01:26:49.068,0.8502,0.85032,4.12,1.50
2018.02.21 01:26:49.869,0.8502,0.8503,4.12,1.00
2018.02.21 01:26:50.549,0.85019,0.8503,2.25,1.87
2018.02.21 01:26:52.182,0.85018,0.8503,2.25,2.62
2018.02.21 01:26:56.043,0.85018,0.85029,1.50,1.00
2018.02.21 01:26:56.095,0.85017,0.85029,1.87,1.87
2018.02.21 01:26:57.847,0.85017,0.85027,1.87,1.00
2018.02.21 01:27:01.028,0.85018,0.85029,2.62,3.37
2018.02.21 01:27:04.435,0.85017,0.85029,1.87,2.62
2018.02.21 01:27:04.487,0.85017,0.85027,1.87,1.12
2018.02.21 01:27:05.377,0.85018,0.85028,1.00,3.00
2018.02.21 01:27:08.884,0.85018,0.8503,1.12,2.25
2018.02.21 01:27:09.040,0.8502,0.8503,1.00,1.00
2018.02.21 01:27:09.650,0.85022,0.85032,1.12,1.00
2018.02.21 01:27:09.755,0.85022,0.85034,3.37,2.25
2018.02.21 01:27:09.862,0.85025,0.85035,2.62,1.00
2018.02.21 01:27:10.850,0.85025,0.85036,2.62,1.12
2018.02.21 01:27:11.658,0.85025,0.85035,3.37,1.00
2018.02.21 01:27:14.206,0.85026,0.85035,2.62,1.00
2018.02.21 01:27:14.309,0.85026,0.85037,2.62,1.12
2018.02.21 01:27:15.092,0.85027,0.85038,3.37,1.00
2018.02.21 01:27:15.348,0.85028,0.8504,1.12,2.62
2018.02.21 01:27:15.451,0.8503,0.85041,2.62,1.87
2018.02.21 01:27:16.852,0.8503,0.8504,2.62,1.00
2018.02.21 01:27:18.502,0.8503,0.85041,2.62,1.12
2018.02.21 01:27:18.657,0.85032,0.85043,2.25,1.12
2018.02.21 01:27:18.862,0.85033,0.85045,1.50,1.12
2018.02.21 01:27:19.119,0.85035,0.85047,1.50,1.50
2018.02.21 01:27:19.448,0.85034,0.85045,1.50,1.00
2018.02.21 01:27:19.754,0.8503,0.8504,1.12,1.00
2018.02.21 01:27:20.008,0.85028,0.8504,1.12,1.12
2018.02.21 01:27:21.266,0.8503,0.8504,1.00,1.12
2018.02.21 01:27:22.784,0.85029,0.8504,1.12,1.00
2018.02.21 01:27:23.627,0.85028,0.85039,3.00,1.00
2018.02.21 01:27:25.523,0.85028,0.85039,1.00,1.50
2018.02.21 01:27:25.968,0.8503,0.85041,1.00,1.12
2018.02.21 01:27:26.430,0.85028,0.85039,3.00,1.00
2018.02.21 01:27:26.978,0.85029,0.85041,1.12,1.87
2018.02.21 01:27:27.799,0.85031,0.85043,1.00,4.12
2018.02.21 01:27:27.902,0.85032,0.85043,1.00,1.00
2018.02.21 01:27:28.366,0.8503,0.85041,3.37,1.00
2018.02.21 01:27:28.520,0.85029,0.8504,1.87,1.50
2018.02.21 01:27:30.319,0.85029,0.85039,1.00,1.00
2018.02.21 01:27:32.698,0.85029,0.85037,1.00,1.00
2018.02.21 01:27:34.370,0.85027,0.85037,1.12,1.00
2018.02.21 01:27:35.020,0.85026,0.85037,1.00,1.00
2018.02.21 01:27:36.645,0.85026,0.85038,1.12,1.12
2018.02.21 01:27:37.737,0.85029,0.8504,1.50,1.50
2018.02.21 01:27:37.886,0.85032,0.85043,1.00,1.50
2018.02.21 01:27:38.089,0.85029,0.85041,6.00,1.00
2018.02.21 01:27:39.493,0.85032,0.85041,1.00,1.00
2018.02.21 01:27:39.678,0.85031,0.85043,1.50,1.12
2018.02.21 01:27:40.400,0.85033,0.85045,4.12,1.87
2018.02.21 01:27:40.710,0.85033,0.85045,1.12,3.37
2018.02.21 01:27:42.252,0.85031,0.85044,3.00,1.87
2018.02.21 01:27:43.066,0.85033,0.85045,1.00,4.12
2018.02.21 01:27:43.476,0.85033,0.85046,3.37,1.87
2018.02.21 01:27:43.771,0.85033,0.85046,1.12,4.12
2018.02.21 01:27:47.539,0.85033,0.85043,1.12,1.00
2018.02.21 01:27:51.173,0.85033,0.85044,1.12,1.00
2018.02.21 01:27:52.420,0.85033,0.85045,1.12,1.12
2018.02.21 01:27:57.089,0.85031,0.85044,1.50,2.25
2018.02.21 01:27:57.636,0.85032,0.85042,1.12,1.00
2018.02.21 01:27:57.688,0.85033,0.85045,1.12,1.87
2018.02.21 01:27:57.741,0.85035,0.85045,2.62,1.50
2018.02.21 01:27:57.845,0.85034,0.85045,1.50,1.00
2018.02.21 01:27:58.362,0.85032,0.85045,2.25,2.25
2018.02.21 01:27:59.385,0.85032,0.85043,2.25,1.00
2018.02.21 01:28:00.598,0.8503,0.85041,1.50,1.00
2018.02.21 01:28:00.700,0.85029,0.85041,1.12,1.87
2018.02.21 01:28:01.228,0.85028,0.8504,4.87,1.00
2018.02.21 01:28:01.687,0.85027,0.85037,1.12,1.00
2018.02.21 01:28:01.738,0.85027,0.85039,1.12,1.12
2018.02.21 01:28:02.188,0.85028,0.8504,4.12,3.00
2018.02.21 01:28:02.548,0.85031,0.85041,1.00,1.12
2018.02.21 01:28:03.064,0.85031,0.85042,1.50,1.00
2018.02.21 01:28:05.758,0.85031,0.85043,1.50,2.47
2018.02.21 01:28:07.147,0.85032,0.85044,3.75,2.62
2018.02.21 01:28:08.207,0.85034,0.85044,1.37,1.12
2018.02.21 01:28:08.415,0.85035,0.85047,1.87,2.25
2018.02.21 01:28:08.518,0.85035,0.85047,4.12,1.50
2018.02.21 01:28:09.150,0.85036,0.85048,1.50,1.87
2018.02.21 01:28:11.733,0.85035,0.85047,2.62,3.00
2018.02.21 01:28:12.671,0.85037,0.85047,1.00,2.25
2018.02.21 01:28:13.816,0.85035,0.85046,1.12,1.12
2018.02.21 01:28:13.918,0.85033,0.85045,1.12,1.87
2018.02.21 01:28:14.020,0.85034,0.85045,1.50,1.12
2018.02.21 01:28:14.723,0.85037,0.85049,3.37,2.25
2018.02.21 01:28:18.296,0.85042,0.85051,1.00,3.00
2018.02.21 01:28:18.348,0.85043,0.85054,2.62,1.12
2018.02.21 01:28:18.910,0.85043,0.85052,2.62,1.00
2018.02.21 01:28:19.013,0.85041,0.85053,2.25,1.72
2018.02.21 01:28:19.177,0.85041,0.85054,5.25,1.50
2018.02.21 01:28:20.826,0.85042,0.85053,1.50,1.00
2018.02.21 01:28:21.349,0.85042,0.85052,1.50,1.00
2018.02.21 01:28:21.800,0.85041,0.85052,1.12,1.12
2018.02.21 01:28:23.610,0.85043,0.85052,1.00,1.00
2018.02.21 01:28:23.661,0.85043,0.85054,1.00,1.00
2018.02.21 01:28:23.817,0.85044,0.85056,2.62,1.12
2018.02.21 01:28:24.091,0.85046,0.85059,2.25,4.12
2018.02.21 01:28:24.195,0.85047,0.85059,3.37,1.87
2018.02.21 01:28:24.549,0.85045,0.85057,1.12,1.12
2018.02.21 01:28:25.087,0.85046,0.85057,3.00,1.00
2018.02.21 01:28:25.616,0.85045,0.85056,2.25,1.12
2018.02.21 01:28:26.119,0.85043,0.85054,2.62,1.12
2018.02.21 01:28:33.510,0.85043,0.85053,2.62,1.00
2018.02.21 01:28:33.613,0.85041,0.85053,1.00,2.25
2018.02.21 01:28:34.176,0.85041,0.85052,1.00,1.00
2018.02.21 01:28:36.193,0.85041,0.85051,1.00,1.00
2018.02.21 01:28:40.161,0.85041,0.85052,1.00,1.00
2018.02.21 01:28:44.666,0.85041,0.85051,1.00,1.00
2018.02.21 01:28:46.225,0.8504,0.8505,1.00,1.00
2018.02.21 01:28:48.623,0.8504,0.8505,1.50,1.00
2018.02.21 01:28:48.961,0.85038,0.8505,3.75,1.00
2018.02.21 01:28:50.295,0.85037,0.85049,2.62,1.00
2018.02.21 01:28:50.822,0.85037,0.85048,1.50,1.00
2018.02.21 01:28:50.874,0.8504,0.85049,1.00,1.00
2018.02.21 01:28:53.257,0.8504,0.8505,1.00,1.00
2018.02.21 01:28:53.823,0.8504,0.85049,1.00,1.00
2018.02.21 01:28:54.702,0.8504,0.85051,1.00,1.50
2018.02.21 01:28:54.857,0.85042,0.85052,1.00,1.50
2018.02.21 01:28:55.879,0.85042,0.85053,1.00,1.00
2018.02.21 01:28:57.423,0.85041,0.85053,1.37,3.00
2018.02.21 01:28:57.628,0.85039,0.85051,2.25,1.12
2018.02.21 01:28:58.333,0.85038,0.85049,4.12,1.00
2018.02.21 01:28:58.846,0.85038,0.85049,1.50,1.12
2018.02.21 01:29:05.059,0.85038,0.8505,4.87,1.00
2018.02.21 01:29:07.529,0.85038,0.8505,2.62,1.12
2018.02.21 01:29:10.840,0.85038,0.85049,1.12,1.00
2018.02.21 01:29:12.682,0.85038,0.8505,3.37,1.12
2018.02.21 01:29:12.847,0.85039,0.85051,1.50,1.00
2018.02.21 01:29:17.568,0.85039,0.85049,2.25,1.00
2018.02.21 01:29:18.651,0.85039,0.85049,1.00,1.00
2018.02.21 01:29:21.533,0.85038,0.8505,1.12,1.12
2018.02.21 01:29:22.395,0.85038,0.85049,1.12,1.00
2018.02.21 01:29:22.498,0.85039,0.85051,2.25,1.50
2018.02.21 01:29:24.441,0.8504,0.85051,1.00,1.50
2018.02.21 01:29:32.430,0.85039,0.85051,2.25,1.50
2018.02.21 01:29:40.692,0.85041,0.85051,1.12,1.37
2018.02.21 01:29:40.796,0.85043,0.85054,1.50,1.00
2018.02.21 01:29:41.327,0.85044,0.85055,1.12,1.12
2018.02.21 01:29:46.443,0.85042,0.85053,3.00,1.00
2018.02.21 01:29:46.848,0.8504,0.8505,1.00,1.00
2018.02.21 01:29:47.002,0.85042,0.8505,1.00,1.00
2018.02.21 01:29:47.054,0.85043,0.85053,1.00,1.00
2018.02.21 01:29:47.711,0.85042,0.85054,2.62,1.12
2018.02.21 01:29:48.141,0.85042,0.85054,2.25,3.37
2018.02.21 01:29:48.643,0.85041,0.85051,1.00,1.00
2018.02.21 01:29:49.476,0.8504,0.85052,3.00,1.12
2018.02.21 01:29:50.048,0.8504,0.85051,1.50,1.00
2018.02.21 01:29:50.646,0.8504,0.8505,1.00,1.50
2018.02.21 01:29:51.766,0.85037,0.85049,2.25,1.50
2018.02.21 01:29:52.288,0.85037,0.85047,1.00,1.00
2018.02.21 01:29:53.054,0.85035,0.85047,4.87,1.00
2018.02.21 01:29:53.568,0.85035,0.85046,4.12,1.00
2018.02.21 01:29:57.193,0.85034,0.85046,1.87,1.12
2018.02.21 01:29:59.109,0.85034,0.85045,1.12,1.00
2018.02.21 01:29:59.161,0.85032,0.85043,4.50,1.00
2018.02.21 01:29:59.279,0.85032,0.85043,1.12,3.00
2018.02.21 01:30:01.849,0.85031,0.85041,1.37,1.00
2018.02.21 01:30:02.474,0.85029,0.85041,1.87,1.12
2018.02.21 01:30:02.629,0.85029,0.8504,1.12,2.62
2018.02.21 01:30:02.732,0.85029,0.85041,1.50,1.87
2018.02.21 01:30:06.268,0.85027,0.85038,1.00,1.87
2018.02.21 01:30:06.577,0.85025,0.85037,1.00,1.50
2018.02.21 01:30:07.129,0.85028,0.85036,1.00,1.00
2018.02.21 01:30:07.232,0.8503,0.85042,4.50,1.50
2018.02.21 01:30:07.336,0.8503,0.8504,1.00,1.00
2018.02.21 01:30:07.695,0.85027,0.85038,2.62,1.00
2018.02.21 01:30:07.798,0.85024,0.85034,1.50,1.00
2018.02.21 01:30:07.851,0.85022,0.85031,3.75,1.00
2018.02.21 01:30:07.987,0.85019,0.8503,3.37,1.50
2018.02.21 01:30:08.193,0.85017,0.85028,2.62,1.00
2018.02.21 01:30:08.244,0.85019,0.8503,1.00,3.37
2018.02.21 01:30:08.814,0.85018,0.8503,2.25,1.12
2018.02.21 01:30:09.123,0.85019,0.85031,3.37,1.12
2018.02.21 01:30:10.339,0.85019,0.8503,1.00,1.00
2018.02.21 01:30:10.647,0.85018,0.85028,1.00,1.00
2018.02.21 01:30:11.149,0.85017,0.85027,1.50,1.00
2018.02.21 01:30:12.054,0.85015,0.85026,3.75,1.12
2018.02.21 01:30:12.107,0.85014,0.85026,2.62,1.12
2018.02.21 01:30:12.313,0.85014,0.85024,1.12,1.00
2018.02.21 01:30:13.427,0.85014,0.85026,1.12,1.12
2018.02.21 01:30:14.148,0.85016,0.85026,2.25,1.00
2018.02.21 01:30:15.153,0.85016,0.85027,2.25,1.12
2018.02.21 01:30:18.585,0.85018,0.85027,1.37,1.00
2018.02.21 01:30:18.636,0.85018,0.85029,1.37,1.87
2018.02.21 01:30:19.157,0.85019,0.85031,3.37,1.50
2018.02.21 01:30:22.191,0.85017,0.85029,4.50,1.00
2018.02.21 01:30:22.344,0.85016,0.85028,1.87,1.00
2018.02.21 01:30:22.446,0.85017,0.85028,2.62,1.00
2018.02.21 01:30:22.551,0.85018,0.8503,2.25,1.12
2018.02.21 01:30:23.060,0.8502,0.8503,1.00,1.00
2018.02.21 01:30:23.692,0.8502,0.85031,1.00,1.00
2018.02.21 01:30:25.354,0.8502,0.8503,1.00,1.00
2018.02.21 01:30:25.456,0.85018,0.85029,1.87,1.00
2018.02.21 01:30:25.710,0.85018,0.8503,4.50,1.00
2018.02.21 01:30:27.003,0.85018,0.85029,2.62,1.00
2018.02.21 01:30:27.257,0.85016,0.85027,1.00,1.00
2018.02.21 01:30:27.698,0.85015,0.85025,2.62,1.00
2018.02.21 01:30:28.893,0.85015,0.85028,3.37,2.62
2018.02.21 01:30:28.945,0.85017,0.85027,2.62,1.00
2018.02.21 01:30:28.996,0.85016,0.85027,2.25,1.12
2018.02.21 01:30:29.113,0.85016,0.85025,2.25,1.00
2018.02.21 01:30:30.773,0.85017,0.85027,1.12,1.12
2018.02.21 01:30:30.877,0.85017,0.85029,3.37,1.00
2018.02.21 01:30:31.026,0.85021,0.85034,1.50,3.37
2018.02.21 01:30:31.663,0.85021,0.85033,3.37,1.00
2018.02.21 01:30:31.904,0.8502,0.8503,1.50,1.00
2018.02.21 01:30:32.446,0.8502,0.85032,1.50,4.12
2018.02.21 01:30:33.903,0.8502,0.8503,1.50,1.00
2018.02.21 01:30:34.005,0.85019,0.8503,1.00,1.00
2018.02.21 01:30:34.661,0.85019,0.8503,2.62,1.50
2018.02.21 01:30:35.036,0.85018,0.85028,1.12,1.00
2018.02.21 01:30:35.558,0.85017,0.85029,1.87,1.12
2018.02.21 01:30:36.798,0.85018,0.85029,1.00,1.12
2018.02.21 01:30:37.390,0.85018,0.8503,1.37,2.25
2018.02.21 01:30:37.900,0.8502,0.8503,1.00,3.00
2018.02.21 01:30:39.817,0.8502,0.8503,1.00,4.12
2018.02.21 01:30:39.921,0.85018,0.85026,1.00,2.62
2018.02.21 01:30:40.025,0.85018,0.85028,1.00,1.00
2018.02.21 01:30:40.980,0.85019,0.85028,1.00,1.00
2018.02.21 01:30:41.508,0.85018,0.85028,1.50,1.00
2018.02.21 01:30:46.197,0.85018,0.8503,1.12,1.12
2018.02.21 01:30:46.743,0.85019,0.85031,1.00,4.12
2018.02.21 01:30:53.870,0.85017,0.85028,1.87,1.00
2018.02.21 01:30:54.178,0.85016,0.85026,1.00,1.00
2018.02.21 01:30:59.915,0.85017,0.85028,1.50,2.62
2018.02.21 01:31:00.253,0.85019,0.85029,3.37,1.00
2018.02.21 01:31:00.761,0.85019,0.85031,3.37,1.87
2018.02.21 01:31:00.941,0.85017,0.85029,1.87,1.00
2018.02.21 01:31:00.994,0.85016,0.85027,3.37,1.00
2018.02.21 01:31:01.045,0.85015,0.85027,3.00,3.37
2018.02.21 01:31:01.546,0.85013,0.85026,3.37,1.50
2018.02.21 01:31:02.118,0.85013,0.85023,1.50,1.00
2018.02.21 01:31:02.842,0.85013,0.85023,1.00,1.00
2018.02.21 01:31:03.582,0.85013,0.85025,1.00,3.75
2018.02.21 01:31:03.917,0.85016,0.85025,1.37,1.00
2018.02.21 01:31:03.969,0.85017,0.85029,3.75,1.00
2018.02.21 01:31:04.747,0.85018,0.8503,3.00,1.87
2018.02.21 01:31:05.024,0.85017,0.85029,2.62,1.87
2018.02.21 01:31:05.127,0.85016,0.85028,1.87,4.50
2018.02.21 01:31:05.645,0.85014,0.85026,1.87,1.87
2018.02.21 01:31:07.207,0.85015,0.85026,1.12,1.12
2018.02.21 01:31:07.260,0.85017,0.85027,1.00,1.00
2018.02.21 01:31:07.616,0.85017,0.85029,1.50,3.97
2018.02.21 01:31:08.198,0.85017,0.8503,4.12,1.50
2018.02.21 01:31:08.438,0.85018,0.85029,1.12,2.25
2018.02.21 01:31:09.853,0.85017,0.85029,1.00,3.37
2018.02.21 01:31:10.479,0.85016,0.85028,1.12,1.12
2018.02.21 01:31:10.970,0.85017,0.85029,1.50,1.50
2018.02.21 01:31:11.513,0.85018,0.8503,1.12,1.87
2018.02.21 01:31:12.341,0.85017,0.85029,1.50,1.00
2018.02.21 01:31:13.359,0.85019,0.8503,1.00,1.50
2018.02.21 01:31:15.189,0.85017,0.85027,1.12,1.00
2018.02.21 01:31:15.292,0.85015,0.85028,3.00,3.00
2018.02.21 01:31:15.795,0.85016,0.85028,1.00,1.50
2018.02.21 01:31:16.134,0.85018,0.85029,1.00,2.25
2018.02.21 01:31:17.120,0.85017,0.85027,1.12,1.00
2018.02.21 01:31:18.225,0.85017,0.85029,1.12,2.25
2018.02.21 01:31:19.488,0.85017,0.85027,1.12,1.00
2018.02.21 01:31:20.827,0.85017,0.85028,1.12,1.12
2018.02.21 01:31:22.038,0.85017,0.85028,2.62,1.00
2018.02.21 01:31:22.834,0.85017,0.85028,1.00,1.00
2018.02.21 01:31:23.553,0.85016,0.85028,1.50,1.50
2018.02.21 01:31:24.303,0.85015,0.85027,1.12,1.12
2018.02.21 01:31:26.651,0.85014,0.85026,5.25,1.00
2018.02.21 01:31:27.175,0.85016,0.85028,1.50,1.50
2018.02.21 01:31:27.880,0.85016,0.85026,1.00,1.00
2018.02.21 01:31:28.376,0.85018,0.85028,1.00,1.50
2018.02.21 01:31:28.683,0.85018,0.8503,1.50,1.12
2018.02.21 01:31:29.066,0.8502,0.85032,2.25,1.00
2018.02.21 01:31:30.683,0.85019,0.8503,3.37,1.12
2018.02.21 01:31:31.803,0.85019,0.85031,4.87,1.50
2018.02.21 01:31:33.956,0.85019,0.85031,1.87,1.12
2018.02.21 01:31:34.612,0.85018,0.8503,4.87,1.00
2018.02.21 01:31:35.700,0.85018,0.85031,5.62,3.37
2018.02.21 01:31:36.302,0.85018,0.85029,2.62,1.00
2018.02.21 01:31:36.354,0.85017,0.85029,1.87,1.12
2018.02.21 01:31:36.618,0.85018,0.8503,1.50,1.12
2018.02.21 01:31:37.551,0.8502,0.8503,1.00,1.00
2018.02.21 01:31:38.177,0.8502,0.85031,1.00,2.25
2018.02.21 01:31:38.229,0.85018,0.8503,1.50,1.00
2018.02.21 01:31:38.438,0.85016,0.85029,3.75,4.87
2018.02.21 01:31:38.696,0.85015,0.85028,3.75,1.50
2018.02.21 01:31:39.417,0.85016,0.85028,1.37,1.12
2018.02.21 01:31:39.912,0.85015,0.85027,2.25,1.12
2018.02.21 01:31:40.885,0.85017,0.85029,1.12,2.62
2018.02.21 01:31:41.395,0.85018,0.85031,1.00,4.87
2018.02.21 01:31:44.566,0.85019,0.85029,1.00,1.12
2018.02.21 01:31:46.214,0.8502,0.85031,1.00,3.37
2018.02.21 01:31:47.185,0.85021,0.85031,1.00,4.12
2018.02.21 01:31:47.709,0.8502,0.85031,1.00,4.12
2018.02.21 01:31:48.257,0.8502,0.85031,1.00,1.50
2018.02.21 01:31:53.614,0.8502,0.85031,1.00,4.12
2018.02.21 01:31:53.716,0.85018,0.85029,1.12,1.12
2018.02.21 01:31:54.649,0.85018,0.85028,1.00,1.00
2018.02.21 01:31:58.194,0.85017,0.85027,1.50,1.00
2018.02.21 01:31:58.603,0.85019,0.85029,1.12,1.00
2018.02.21 01:32:00.226,0.85019,0.85031,1.12,3.75
2018.02.21 01:32:01.186,0.85019,0.85031,3.00,3.75
2018.02.21 01:32:01.564,0.85022,0.85032,1.00,3.37
2018.02.21 01:32:01.668,0.85023,0.85034,1.50,1.00
2018.02.21 01:32:02.094,0.85026,0.85035,1.00,1.00
2018.02.21 01:32:03.187,0.85025,0.85035,1.00,1.00
2018.02.21 01:32:03.838,0.85025,0.85037,1.00,2.25
2018.02.21 01:32:04.344,0.85026,0.85037,1.00,1.50
2018.02.21 01:32:09.543,0.85027,0.85038,1.00,2.25
2018.02.21 01:32:11.351,0.85026,0.85038,1.50,2.25
2018.02.21 01:32:11.901,0.85027,0.85038,1.00,1.00
2018.02.21 01:32:12.503,0.85028,0.8504,1.00,5.62
2018.02.21 01:32:13.697,0.85027,0.85039,1.12,1.12
2018.02.21 01:32:19.899,0.85029,0.8504,2.62,1.87
2018.02.21 01:32:20.003,0.85029,0.8504,1.00,1.87
2018.02.21 01:32:20.505,0.85027,0.85039,3.37,1.00
2018.02.21 01:32:20.908,0.85026,0.85038,1.12,1.12
2018.02.21 01:32:21.626,0.85025,0.85037,3.37,1.00
2018.02.21 01:32:23.093,0.85025,0.85036,1.12,1.00
2018.02.21 01:32:25.544,0.85025,0.85037,1.12,2.62
2018.02.21 01:32:30.041,0.85024,0.85036,1.50,1.00
2018.02.21 01:32:30.791,0.85024,0.85037,1.00,6.97
2018.02.21 01:32:31.959,0.85023,0.85036,1.87,1.50
2018.02.21 01:32:32.471,0.85023,0.85034,1.12,1.00
2018.02.21 01:32:33.092,0.85022,0.85033,1.00,1.00
2018.02.21 01:32:35.006,0.85019,0.85032,4.87,2.62
2018.02.21 01:32:35.058,0.85019,0.8503,2.62,1.00
2018.02.21 01:32:35.111,0.85018,0.8503,1.00,3.00
2018.02.21 01:32:35.727,0.85017,0.8503,1.12,3.00
2018.02.21 01:32:39.419,0.85017,0.85028,1.00,1.00
2018.02.21 01:32:41.351,0.85017,0.85029,1.50,2.25
2018.02.21 01:32:42.528,0.85018,0.85029,1.00,1.50
2018.02.21 01:32:46.086,0.85017,0.85029,1.50,1.50
2018.02.21 01:32:48.861,0.85017,0.85028,1.50,1.00
2018.02.21 01:32:49.632,0.85017,0.85029,1.50,1.12
2018.02.21 01:32:54.265,0.85018,0.85031,3.37,2.62
2018.02.21 01:32:55.369,0.85018,0.85031,1.12,5.62
2018.02.21 01:32:58.453,0.85017,0.85028,1.50,1.50
2018.02.21 01:33:01.056,0.85016,0.85029,4.12,2.62
2018.02.21 01:33:02.850,0.85016,0.85028,4.12,1.50
2018.02.21 01:33:03.749,0.85016,0.85027,3.37,1.00
2018.02.21 01:33:05.511,0.85017,0.85027,1.12,1.50
2018.02.21 01:33:08.773,0.85019,0.8503,1.00,3.75
2018.02.21 01:33:10.581,0.85017,0.8503,2.62,2.25
2018.02.21 01:33:12.499,0.85017,0.8503,1.87,2.25
2018.02.21 01:33:14.735,0.85016,0.85028,3.75,1.00
2018.02.21 01:33:14.889,0.85016,0.85028,1.00,3.37
2018.02.21 01:33:19.787,0.85018,0.85028,1.50,1.00
2018.02.21 01:33:20.095,0.8502,0.85031,2.62,1.87
2018.02.21 01:33:20.357,0.85023,0.85035,4.87,1.00
2018.02.21 01:33:23.660,0.85023,0.85033,2.62,1.00
2018.02.21 01:33:23.764,0.85021,0.85032,1.12,1.00
2018.02.21 01:33:26.398,0.85019,0.85031,4.50,1.00
2018.02.21 01:33:28.719,0.8502,0.85033,1.87,1.87
2018.02.21 01:33:28.874,0.85022,0.85033,2.62,1.87
2018.02.21 01:33:29.792,0.85021,0.85033,1.50,4.87
2018.02.21 01:33:37.823,0.85018,0.8503,1.50,3.37
2018.02.21 01:33:37.928,0.85016,0.85029,3.37,2.10
2018.02.21 01:33:39.556,0.85017,0.85027,1.00,1.00
2018.02.21 01:33:40.363,0.85016,0.85028,1.12,2.62
2018.02.21 01:33:43.120,0.85016,0.85027,1.12,1.00
2018.02.21 01:33:51.030,0.85016,0.85027,1.87,1.00
2018.02.21 01:33:51.338,0.85014,0.85024,1.12,1.00
2018.02.21 01:33:52.071,0.85013,0.85023,1.50,1.00
2018.02.21 01:33:52.124,0.85013,0.85025,1.00,2.25
2018.02.21 01:33:52.176,0.85012,0.85025,1.87,4.12
2018.02.21 01:33:55.266,0.85012,0.85025,4.87,3.75
2018.02.21 01:34:02.414,0.85012,0.85022,3.37,1.00
2018.02.21 01:34:02.466,0.85011,0.85021,1.00,1.00
2018.02.21 01:34:02.991,0.8501,0.85021,1.50,1.00
2018.02.21 01:34:11.944,0.8501,0.8502,1.00,1.00
2018.02.21 01:34:13.147,0.8501,0.85021,1.00,1.00
2018.02.21 01:34:15.962,0.85011,0.85023,2.62,2.62
2018.02.21 01:34:16.116,0.85014,0.85025,1.00,2.25
2018.02.21 01:34:17.882,0.85012,0.85022,1.50,1.00
2018.02.21 01:34:18.101,0.85012,0.85025,4.12,1.87
2018.02.21 01:34:19.024,0.85015,0.85027,2.25,4.87
2018.02.21 01:34:19.527,0.85017,0.85026,1.00,1.00
2018.02.21 01:34:22.864,0.85013,0.85024,4.12,1.50
2018.02.21 01:34:23.496,0.85013,0.85022,3.37,1.00
2018.02.21 01:34:23.876,0.85012,0.85023,3.37,1.00
2018.02.21 01:34:25.907,0.85013,0.85025,1.12,1.12
2018.02.21 01:34:26.009,0.85014,0.85025,2.62,1.00
2018.02.21 01:34:27.079,0.85014,0.85026,3.75,1.50
2018.02.21 01:34:27.387,0.85012,0.85023,2.62,1.00
2018.02.21 01:34:39.515,0.85011,0.85022,4.12,1.00
2018.02.21 01:34:40.577,0.8501,0.85022,3.37,1.12
2018.02.21 01:34:41.128,0.8501,0.85021,4.12,1.00
2018.02.21 01:34:41.231,0.85009,0.85019,1.00,1.00
2018.02.21 01:34:41.412,0.85007,0.85018,1.12,1.50
2018.02.21 01:34:42.394,0.85005,0.85017,5.25,1.00
2018.02.21 01:34:44.125,0.85005,0.85018,4.87,2.25
2018.02.21 01:34:45.941,0.85007,0.85019,1.12,3.37
2018.02.21 01:34:47.451,0.85006,0.85018,1.50,1.00
2018.02.21 01:34:48.342,0.85008,0.85018,1.00,1.00
2018.02.21 01:34:48.880,0.85007,0.85019,3.37,2.25
2018.02.21 01:34:49.388,0.85008,0.85019,1.50,1.50
2018.02.21 01:34:49.922,0.85009,0.8502,1.12,1.00
2018.02.21 01:34:50.453,0.85009,0.8502,3.37,1.00
2018.02.21 01:34:53.949,0.8501,0.85022,1.12,1.87
2018.02.21 01:34:55.361,0.85012,0.85022,2.62,1.50
2018.02.21 01:34:56.088,0.8501,0.8502,1.50,2.25
2018.02.21 01:34:56.140,0.85009,0.85018,2.62,1.00
2018.02.21 01:34:56.192,0.85007,0.85018,1.50,1.00
2018.02.21 01:34:56.243,0.85006,0.85018,1.87,1.12
2018.02.21 01:35:01.799,0.85006,0.85018,1.87,1.12
2018.02.21 01:35:01.852,0.85006,0.85018,1.12,1.12
2018.02.21 01:35:02.551,0.85008,0.8502,1.50,2.62
2018.02.21 01:35:03.064,0.85008,0.8502,4.87,1.00
2018.02.21 01:35:03.234,0.85009,0.85022,2.25,1.87
2018.02.21 01:35:03.388,0.85012,0.85023,1.00,1.00
2018.02.21 01:35:03.698,0.85016,0.85027,1.75,1.00
2018.02.21 01:35:04.006,0.85016,0.85026,1.00,1.37
2018.02.21 01:35:06.074,0.85014,0.85026,3.75,1.37
2018.02.21 01:35:11.242,0.85014,0.85024,3.00,1.00
2018.02.21 01:35:12.336,0.85014,0.85026,2.25,4.12
2018.02.21 01:35:19.135,0.85013,0.85026,3.37,3.37
2018.02.21 01:35:21.728,0.85015,0.85025,1.00,1.00
2018.02.21 01:35:24.591,0.85013,0.85025,2.62,1.00
2018.02.21 01:35:24.694,0.85012,0.85025,1.87,1.50
2018.02.21 01:35:24.823,0.85012,0.85025,4.12,1.87
2018.02.21 01:35:32.481,0.85013,0.85024,1.50,1.00
2018.02.21 01:35:33.620,0.85013,0.85025,1.50,1.87
2018.02.21 01:35:42.495,0.85013,0.85024,1.12,1.50
2018.02.21 01:35:43.018,0.85013,0.85025,1.12,1.87
2018.02.21 01:35:44.907,0.85015,0.85026,1.00,3.37
2018.02.21 01:35:44.958,0.85015,0.85027,2.25,1.00
2018.02.21 01:35:45.163,0.85017,0.8503,2.25,1.87
2018.02.21 01:35:45.996,0.85019,0.85029,1.00,1.00
2018.02.21 01:35:49.198,0.85019,0.85029,1.00,4.12
2018.02.21 01:35:52.177,0.85017,0.85029,1.87,3.37
2018.02.21 01:35:52.228,0.85018,0.85031,1.12,5.62
2018.02.21 01:35:52.281,0.85018,0.85029,1.00,2.25
2018.02.21 01:35:52.488,0.85015,0.85028,2.62,4.87
2018.02.21 01:35:52.999,0.85016,0.85028,1.00,3.37
2018.02.21 01:35:57.268,0.85015,0.85028,1.87,4.12
2018.02.21 01:35:57.392,0.85017,0.85027,1.00,1.12
2018.02.21 01:35:59.424,0.85015,0.85027,1.12,1.72
2018.02.21 01:35:59.620,0.85017,0.85026,1.00,1.50
2018.02.21 01:35:59.672,0.85014,0.85026,1.50,1.50
2018.02.21 01:35:59.774,0.85013,0.85026,1.00,4.87
2018.02.21 01:36:00.289,0.85014,0.85026,1.50,4.87
2018.02.21 01:36:05.043,0.85013,0.85024,1.12,1.00
2018.02.21 01:36:05.413,0.85012,0.85024,2.62,4.12
2018.02.21 01:36:05.778,0.85013,0.85025,1.00,2.10
2018.02.21 01:36:09.226,0.85015,0.85025,1.00,2.10
2018.02.21 01:36:09.840,0.85017,0.85027,1.12,1.00
2018.02.21 01:36:10.346,0.85017,0.85027,1.12,1.37
2018.02.21 01:36:11.485,0.85015,0.85028,2.62,4.87
2018.02.21 01:36:12.102,0.85015,0.85026,1.00,4.87
2018.02.21 01:36:12.624,0.85013,0.85025,4.50,2.62
2018.02.21 01:36:15.065,0.85012,0.85024,2.25,1.50
2018.02.21 01:36:15.576,0.85012,0.85024,4.50,1.00
2018.02.21 01:36:16.081,0.85012,0.85025,4.50,1.12
2018.02.21 01:36:17.592,0.85012,0.85024,3.37,1.00
2018.02.21 01:36:21.744,0.85012,0.85022,1.50,1.00
2018.02.21 01:36:22.206,0.8501,0.85022,1.00,1.87
2018.02.21 01:36:22.719,0.8501,0.85021,1.00,1.00
2018.02.21 01:36:23.247,0.85009,0.8502,1.12,1.00
2018.02.21 01:36:23.987,0.85009,0.85019,1.12,1.00
2018.02.21 01:36:24.590,0.85007,0.85019,1.87,4.12
2018.02.21 01:36:25.439,0.85007,0.85019,4.50,1.50
2018.02.21 01:36:31.611,0.85008,0.85019,1.12,1.00
2018.02.21 01:36:31.662,0.85008,0.85019,1.00,1.00
2018.02.21 01:36:34.459,0.85009,0.85021,1.00,2.25
2018.02.21 01:36:34.562,0.8501,0.85021,2.62,1.00
2018.02.21 01:36:34.973,0.8501,0.85023,3.37,1.87
2018.02.21 01:36:39.703,0.85013,0.85024,1.00,1.00
2018.02.21 01:36:41.034,0.85013,0.85026,3.37,2.25
2018.02.21 01:36:44.912,0.85014,0.85027,3.00,3.37
2018.02.21 01:36:45.664,0.85014,0.85024,1.50,1.00
2018.02.21 01:36:45.715,0.85014,0.85027,2.25,3.37
2018.02.21 01:36:45.967,0.85014,0.85025,1.00,1.00
2018.02.21 01:36:46.695,0.85013,0.85025,1.87,1.50
2018.02.21 01:36:47.003,0.85013,0.85024,1.12,1.50
2018.02.21 01:36:47.739,0.85012,0.85025,1.12,4.87
2018.02.21 01:36:48.408,0.85011,0.85022,2.62,1.00
2018.02.21 01:36:51.328,0.85011,0.85022,1.00,1.50
2018.02.21 01:36:52.829,0.85011,0.85021,1.00,1.00
2018.02.21 01:36:52.971,0.85009,0.8502,1.50,1.00
2018.02.21 01:36:53.073,0.85011,0.8502,1.00,1.00
2018.02.21 01:36:53.691,0.8501,0.8502,1.50,1.00
2018.02.21 01:36:54.136,0.8501,0.85022,4.12,1.12
2018.02.21 01:36:58.342,0.85013,0.85022,1.12,1.00
2018.02.21 01:36:58.748,0.85013,0.85024,3.37,1.00
2018.02.21 01:36:58.986,0.85013,0.85024,1.00,2.25
2018.02.21 01:36:59.966,0.85013,0.85023,1.00,1.00
2018.02.21 01:37:02.436,0.85011,0.85023,1.12,1.87
2018.02.21 01:37:02.988,0.8501,0.85022,4.12,1.00
2018.02.21 01:37:03.039,0.8501,0.8502,3.37,1.00
2018.02.21 01:37:03.361,0.85009,0.8502,1.12,3.37
2018.02.21 01:37:03.913,0.85008,0.8502,2.25,2.62
2018.02.21 01:37:08.334,0.85009,0.85021,1.00,3.00
2018.02.21 01:37:08.437,0.85008,0.8502,1.00,2.25
2018.02.21 01:37:08.762,0.85009,0.85021,1.50,1.50
2018.02.21 01:37:09.160,0.8501,0.85023,5.25,1.12
2018.02.21 01:37:09.999,0.8501,0.85022,4.50,1.00
2018.02.21 01:37:10.104,0.85009,0.85022,3.37,1.50
2018.02.21 01:37:10.207,0.85009,0.85021,1.50,1.50
2018.02.21 01:37:10.516,0.85007,0.85018,1.50,1.50
2018.02.21 01:37:12.724,0.85007,0.85017,1.00,1.00
2018.02.21 01:37:13.418,0.85007,0.85018,1.00,1.00
2018.02.21 01:37:15.135,0.85007,0.85018,3.75,1.00
2018.02.21 01:37:15.187,0.85009,0.8502,1.12,2.62
2018.02.21 01:37:15.291,0.85007,0.85018,4.12,1.00
2018.02.21 01:37:15.343,0.85007,0.85018,1.87,1.12
2018.02.21 01:37:15.548,0.85009,0.8502,1.50,1.50
2018.02.21 01:37:18.757,0.85009,0.85019,1.00,1.00
2018.02.21 01:37:19.131,0.8501,0.85021,1.12,1.87
2018.02.21 01:37:19.665,0.85009,0.85021,1.50,3.00
2018.02.21 01:37:20.270,0.85009,0.85019,1.00,1.00
2018.02.21 01:37:20.934,0.85007,0.85019,3.37,1.00
2018.02.21 01:37:29.870,0.85007,0.85019,1.50,3.37
2018.02.21 01:37:30.403,0.85007,0.85019,2.62,1.50
2018.02.21 01:37:31.413,0.8501,0.8502,1.00,1.00
2018.02.21 01:37:32.415,0.8501,0.85019,1.00,1.00
2018.02.21 01:37:32.468,0.85008,0.85019,1.12,1.37
2018.02.21 01:37:32.998,0.85008,0.85019,1.50,1.12
2018.02.21 01:37:37.576,0.85009,0.85021,1.37,5.62
2018.02.21 01:37:37.680,0.85012,0.85023,2.25,1.00
2018.02.21 01:37:48.237,0.8501,0.85022,3.00,1.87
2018.02.21 01:37:49.655,0.85009,0.85021,2.62,1.50
2018.02.21 01:37:49.842,0.85008,0.85021,2.25,3.75
2018.02.21 01:37:54.772,0.85009,0.8502,1.00,4.12
2018.02.21 01:37:55.203,0.85007,0.85019,2.25,2.25
2018.02.21 01:37:55.769,0.85005,0.85017,1.87,1.12
2018.02.21 01:37:56.336,0.85004,0.85015,3.37,1.00
2018.02.21 01:37:57.563,0.85006,0.85018,1.50,1.50
2018.02.21 01:37:57.718,0.85008,0.85019,1.00,1.50
2018.02.21 01:38:00.367,0.85009,0.85019,1.00,1.00
2018.02.21 01:38:00.929,0.85009,0.8502,1.50,1.00
2018.02.21 01:38:10.224,0.85008,0.85018,1.00,1.00
2018.02.21 01:38:10.790,0.85007,0.85018,1.87,1.00
2018.02.21 01:38:11.393,0.85007,0.85018,1.50,1.50
2018.02.21 01:38:11.894,0.85006,0.85017,1.00,2.62
2018.02.21 01:38:15.307,0.85008,0.85017,1.12,1.12
2018.02.21 01:38:15.371,0.85008,0.85019,2.25,1.12
2018.02.21 01:38:15.732,0.85007,0.8502,1.12,3.00
2018.02.21 01:38:16.707,0.85006,0.85019,2.25,4.87
2018.02.21 01:38:17.225,0.85007,0.85019,1.50,1.00
2018.02.21 01:38:17.757,0.85008,0.8502,1.12,1.37
2018.02.21 01:38:17.932,0.85009,0.85021,1.87,1.12
2018.02.21 01:38:17.984,0.85011,0.85022,1.50,2.62
2018.02.21 01:38:18.037,0.85011,0.85023,1.87,2.62
2018.02.21 01:38:18.140,0.85011,0.85023,4.12,1.87
2018.02.21 01:38:19.708,0.85011,0.85024,1.50,4.87
2018.02.21 01:38:22.875,0.8501,0.85022,1.87,1.12
2018.02.21 01:38:23.501,0.85009,0.8502,1.00,1.12
2018.02.21 01:38:24.079,0.85008,0.85021,1.87,2.25
2018.02.21 01:38:25.289,0.8501,0.85021,1.12,1.00
2018.02.21 01:38:25.597,0.85011,0.85023,3.00,3.37
2018.02.21 01:38:26.428,0.8501,0.85021,2.25,1.00
2018.02.21 01:38:27.151,0.8501,0.85021,1.00,1.50
2018.02.21 01:38:29.770,0.8501,0.85021,1.50,1.00
2018.02.21 01:38:30.028,0.85009,0.8502,1.50,1.00
2018.02.21 01:38:30.646,0.85008,0.85019,1.00,1.00
2018.02.21 01:38:31.336,0.85007,0.85019,2.25,1.00
2018.02.21 01:38:31.730,0.85008,0.85021,3.37,2.25
2018.02.21 01:38:35.598,0.85008,0.85021,1.87,2.25
2018.02.21 01:38:42.303,0.85007,0.85019,1.12,1.87
2018.02.21 01:38:42.405,0.85007,0.85018,1.00,2.62
2018.02.21 01:38:43.864,0.85006,0.85017,1.00,1.12
2018.02.21 01:38:44.382,0.85006,0.85017,1.50,1.50
2018.02.21 01:38:45.479,0.85007,0.85017,4.12,1.00
2018.02.21 01:38:45.642,0.85008,0.8502,1.00,4.50
2018.02.21 01:38:49.195,0.85008,0.8502,1.00,4.12
2018.02.21 01:38:53.191,0.85009,0.8502,1.00,5.62
2018.02.21 01:38:53.243,0.8501,0.8502,1.00,1.50
2018.02.21 01:38:53.348,0.85011,0.85023,1.50,2.25
2018.02.21 01:38:53.503,0.85012,0.85023,2.25,1.00
2018.02.21 01:38:54.419,0.85012,0.85023,1.00,1.50
2018.02.21 01:38:55.579,0.85011,0.85023,2.25,2.25
2018.02.21 01:38:57.516,0.8501,0.85022,3.37,3.00
2018.02.21 01:38:58.094,0.85011,0.85022,1.87,1.00
2018.02.21 01:39:00.450,0.8501,0.85022,2.25,2.25
2018.02.21 01:39:00.964,0.8501,0.8502,1.00,1.00
2018.02.21 01:39:01.195,0.85011,0.85022,1.00,1.00
2018.02.21 01:39:01.707,0.85011,0.85021,1.00,1.00
2018.02.21 01:39:02.396,0.8501,0.85021,1.00,1.12
2018.02.21 01:39:03.283,0.85009,0.85021,1.87,1.87
2018.02.21 01:39:03.604,0.85008,0.8502,1.87,3.37
2018.02.21 01:39:03.960,0.85006,0.85019,2.25,3.00
2018.02.21 01:39:05.795,0.85007,0.85017,1.00,1.00
2018.02.21 01:39:08.810,0.85005,0.85018,6.37,1.12
2018.02.21 01:39:09.352,0.85007,0.85019,1.00,2.25
2018.02.21 01:39:10.290,0.85006,0.85019,1.12,3.00
2018.02.21 01:39:12.717,0.85007,0.85019,1.00,2.25
2018.02.21 01:39:13.251,0.85006,0.85019,1.50,3.00
2018.02.21 01:39:20.557,0.85006,0.85019,3.37,1.12
2018.02.21 01:39:21.199,0.85008,0.8502,1.87,1.87
2018.02.21 01:39:22.650,0.8501,0.85022,2.25,3.00
2018.02.21 01:39:22.960,0.85008,0.8502,2.62,1.12
2018.02.21 01:39:23.947,0.85008,0.85019,1.87,1.00
2018.02.21 01:39:24.483,0.85006,0.85018,1.50,1.12
2018.02.21 01:39:24.639,0.85005,0.85017,1.12,1.87
2018.02.21 01:39:25.219,0.85006,0.85017,1.00,1.12
2018.02.21 01:39:25.852,0.85005,0.85017,1.12,1.12
2018.02.21 01:39:27.278,0.85005,0.85016,1.12,1.00
2018.02.21 01:39:27.824,0.85004,0.85015,1.12,1.12
2018.02.21 01:39:28.081,0.85003,0.85013,1.12,1.12
2018.02.21 01:39:28.235,0.85001,0.85013,1.00,2.25
2018.02.21 01:39:28.783,0.85,0.85012,1.12,1.50
2018.02.21 01:39:30.144,0.85001,0.85012,1.50,1.87
2018.02.21 01:39:30.666,0.85,0.85012,1.87,1.50
2018.02.21 01:39:35.408,0.85001,0.85012,1.00,1.50
2018.02.21 01:39:36.603,0.85001,0.85013,1.12,1.12
2018.02.21 01:39:38.095,0.85001,0.85012,1.00,1.12
2018.02.21 01:39:38.252,0.85,0.85012,1.00,2.62
2018.02.21 01:39:38.354,0.85001,0.85014,2.25,6.37
2018.02.21 01:39:38.456,0.85002,0.85014,1.37,6.00
2018.02.21 01:39:41.033,0.85003,0.85014,2.25,1.00
2018.02.21 01:39:42.332,0.85003,0.85015,1.50,1.50
2018.02.21 01:39:43.445,0.85002,0.85014,4.50,1.00
2018.02.21 01:39:44.153,0.85003,0.85015,2.62,1.50
2018.02.21 01:39:46.581,0.85003,0.85016,1.87,2.62
2018.02.21 01:39:47.141,0.85004,0.85015,1.37,1.00
2018.02.21 01:39:48.179,0.85003,0.85015,1.50,1.00
2018.02.21 01:39:52.245,0.85004,0.85014,1.12,1.00
2018.02.21 01:39:54.096,0.85003,0.85015,1.50,1.00
2018.02.21 01:39:55.247,0.85003,0.85016,4.87,1.87
2018.02.21 01:39:55.625,0.85005,0.85017,2.62,1.87
2018.02.21 01:40:00.494,0.85006,0.85017,1.00,2.25
2018.02.21 01:40:02.588,0.85006,0.85017,4.12,1.12
2018.02.21 01:40:05.368,0.85006,0.85017,1.50,1.00
2018.02.21 01:40:05.893,0.85007,0.8502,3.37,4.12
2018.02.21 01:40:06.441,0.85008,0.8502,1.50,1.12
2018.02.21 01:40:06.906,0.85008,0.85019,1.12,2.25
2018.02.21 01:40:09.826,0.85005,0.85017,2.62,2.62
2018.02.21 01:40:10.085,0.85005,0.85017,4.12,1.50
2018.02.21 01:40:10.247,0.85005,0.85017,1.87,1.50
2018.02.21 01:40:11.847,0.85003,0.85015,5.25,1.00
2018.02.21 01:40:11.900,0.85002,0.85013,5.62,1.00
2018.02.21 01:40:12.612,0.85002,0.85012,3.37,1.00
2018.02.21 01:40:13.409,0.85002,0.85013,2.62,1.50
2018.02.21 01:40:14.878,0.85002,0.85014,2.62,1.12
2018.02.21 01:40:14.930,0.85001,0.85014,2.25,1.50
2018.02.21 01:40:18.043,0.85003,0.85014,1.37,1.12
2018.02.21 01:40:18.350,0.85005,0.85017,4.50,1.87
2018.02.21 01:40:18.912,0.85005,0.85017,4.12,1.50
2018.02.21 01:40:19.980,0.85005,0.85017,1.87,1.87
2018.02.21 01:40:22.413,0.85005,0.85016,1.12,1.00
2018.02.21 01:40:27.416,0.85005,0.85016,2.25,1.00
2018.02.21 01:40:30.101,0.85005,0.85015,1.00,1.00
2018.02.21 01:40:30.605,0.85005,0.85016,1.00,2.25
2018.02.21 01:40:35.319,0.85005,0.85014,1.00,1.00
2018.02.21 01:40:39.067,0.85005,0.85015,1.00,1.00
2018.02.21 01:40:39.887,0.85005,0.85016,1.00,2.25
2018.02.21 01:40:48.342,0.85006,0.85017,1.12,1.00
2018.02.21 01:40:48.657,0.85007,0.85018,4.12,1.00
2018.02.21 01:40:49.078,0.85006,0.85018,2.25,2.25
2018.02.21 01:40:49.183,0.85004,0.85017,1.87,1.50
2018.02.21 01:40:50.056,0.85006,0.85017,1.00,1.50
2018.02.21 01:40:50.108,0.85006,0.85018,3.37,2.25
2018.02.21 01:40:50.619,0.85007,0.85019,1.50,2.62
2018.02.21 01:40:51.144,0.85006,0.85018,1.12,1.87
2018.02.21 01:40:52.754,0.85006,0.85018,2.62,2.25
2018.02.21 01:40:53.070,0.85008,0.8502,2.25,1.12
2018.02.21 01:40:53.501,0.85007,0.85017,2.62,1.00
2018.02.21 01:40:53.714,0.85005,0.85017,2.62,1.87
2018.02.21 01:40:55.778,0.85006,0.85018,1.00,3.00
2018.02.21 01:40:56.042,0.85007,0.85019,1.00,3.00
2018.02.21 01:40:57.675,0.85009,0.8502,1.00,1.00
2018.02.21 01:40:57.982,0.85011,0.85022,1.37,1.87
2018.02.21 01:40:59.189,0.85011,0.85023,4.87,1.00
2018.02.21 01:40:59.741,0.85011,0.85024,4.87,1.87
2018.02.21 01:40:59.835,0.85011,0.85024,1.87,1.50
2018.02.21 01:41:00.352,0.8501,0.85022,3.00,2.25
2018.02.21 01:41:01.712,0.85011,0.85023,1.12,1.12
2018.02.21 01:41:01.764,0.85012,0.85024,1.50,1.87
2018.02.21 01:41:02.507,0.8501,0.85023,3.37,1.12
2018.02.21 01:41:04.215,0.8501,0.85022,4.87,1.00
2018.02.21 01:41:05.265,0.8501,0.85023,3.37,1.12
2018.02.21 01:41:09.154,0.85012,0.85024,2.62,2.25
2018.02.21 01:41:12.121,0.85012,0.85025,3.37,2.62
2018.02.21 01:41:12.431,0.85017,0.85028,1.12,1.00
2018.02.21 01:41:12.866,0.85018,0.8503,4.12,2.25
2018.02.21 01:41:13.922,0.85019,0.85032,1.50,3.00
2018.02.21 01:41:14.171,0.85021,0.85033,1.12,1.87
2018.02.21 01:41:14.428,0.85019,0.85031,2.25,1.00
2018.02.21 01:41:15.093,0.85018,0.85031,4.50,3.37
2018.02.21 01:41:19.925,0.85018,0.85029,2.25,2.25
2018.02.21 01:41:21.941,0.85015,0.85027,1.50,3.37
2018.02.21 01:41:28.048,0.85014,0.85026,1.00,2.25
2018.02.21 01:41:28.864,0.85013,0.85026,1.87,3.00
2018.02.21 01:41:29.121,0.85013,0.85023,1.00,1.00
2018.02.21 01:41:31.329,0.85013,0.85023,3.37,1.50
2018.02.21 01:41:31.535,0.85013,0.85025,3.37,1.00
2018.02.21 01:41:33.120,0.85014,0.85026,1.50,1.00
2018.02.21 01:41:33.733,0.85014,0.85026,1.12,3.37
2018.02.21 01:41:34.257,0.85015,0.85026,1.00,1.50
2018.02.21 01:41:34.588,0.85013,0.85026,1.12,5.62
2018.02.21 01:41:35.372,0.85014,0.85025,1.00,1.00
2018.02.21 01:41:36.722,0.85013,0.85025,1.37,3.75
2018.02.21 01:41:39.238,0.85013,0.85023,1.37,1.00
2018.02.21 01:41:39.791,0.85012,0.85024,2.62,2.62
2018.02.21 01:41:40.654,0.85012,0.85025,4.87,3.22
2018.02.21 01:41:41.580,0.85013,0.85024,2.25,1.00
2018.02.21 01:41:42.191,0.85013,0.85025,1.50,1.72
2018.02.21 01:41:43.645,0.85014,0.85026,2.62,3.00
2018.02.21 01:41:49.349,0.85014,0.85025,2.62,1.00
2018.02.21 01:41:55.740,0.85014,0.85026,2.62,3.60
2018.02.21 01:41:56.718,0.85016,0.85026,2.62,1.00
2018.02.21 01:41:56.873,0.85016,0.85028,3.37,1.00
2018.02.21 01:41:57.435,0.85016,0.85027,4.12,1.00
2018.02.21 01:41:57.963,0.85016,0.85028,3.37,1.00
2018.02.21 01:41:58.467,0.85016,0.85027,3.37,1.50
2018.02.21 01:42:01.892,0.85017,0.85029,3.37,1.50
2018.02.21 01:42:02.455,0.8502,0.85029,1.00,1.00
2018.02.21 01:42:02.715,0.8502,0.85031,2.62,1.00
2018.02.21 01:42:03.489,0.8502,0.85032,2.62,1.50
2018.02.21 01:42:04.033,0.8502,0.8503,1.12,1.00
2018.02.21 01:42:04.934,0.85018,0.85029,3.37,1.00
2018.02.21 01:42:05.212,0.85018,0.85029,1.12,1.00
2018.02.21 01:42:05.263,0.85019,0.85031,3.37,2.47
2018.02.21 01:42:05.920,0.8502,0.85031,1.12,2.47
2018.02.21 01:42:06.743,0.85018,0.8503,4.12,1.00
2018.02.21 01:42:08.223,0.85019,0.85031,2.25,1.12
2018.02.21 01:42:08.566,0.8502,0.85032,4.87,1.12
2018.02.21 01:42:11.852,0.8502,0.85032,1.00,1.50
2018.02.21 01:42:12.961,0.8502,0.85032,4.87,1.50
2018.02.21 01:42:13.013,0.85022,0.85034,1.50,1.50
2018.02.21 01:42:13.115,0.85023,0.85035,1.50,1.87
2018.02.21 01:42:14.622,0.85023,0.85035,2.25,1.12
2018.02.21 01:42:15.538,0.85024,0.85035,1.00,1.12
2018.02.21 01:42:16.187,0.85024,0.85036,2.62,2.25
2018.02.21 01:42:16.412,0.85026,0.85037,2.62,1.00
2018.02.21 01:42:16.924,0.85026,0.85038,3.75,1.87
2018.02.21 01:42:20.785,0.85026,0.85036,3.37,1.00
2018.02.21 01:42:23.269,0.85025,0.85036,1.50,1.12
2018.02.21 01:42:23.582,0.85023,0.85035,1.50,2.62
2018.02.21 01:42:23.787,0.85021,0.85034,2.62,2.25
2018.02.21 01:42:24.297,0.85021,0.85033,1.00,1.12
2018.02.21 01:42:24.860,0.8502,0.85032,1.12,2.25
2018.02.21 01:42:25.563,0.85021,0.85032,1.87,1.00
2018.02.21 01:42:25.975,0.85019,0.85031,1.12,1.50
2018.02.21 01:42:27.265,0.85018,0.85031,4.50,3.37
2018.02.21 01:42:27.811,0.85018,0.85029,2.62,1.00
2018.02.21 01:42:28.334,0.85016,0.85028,4.12,1.12
2018.02.21 01:42:29.683,0.85017,0.85029,1.50,2.25
2018.02.21 01:42:30.380,0.85017,0.85029,4.12,1.12
2018.02.21 01:42:33.528,0.85017,0.85028,5.25,1.00
2018.02.21 01:42:37.427,0.85017,0.85029,4.12,1.12
2018.02.21 01:42:51.637,0.85019,0.85031,2.25,1.12
2018.02.21 01:42:51.741,0.8502,0.85032,3.37,1.87
2018.02.21 01:42:53.418,0.85023,0.85033,1.00,1.00
2018.02.21 01:42:53.727,0.85026,0.85035,1.12,2.62
2018.02.21 01:42:53.779,0.85026,0.85037,1.12,2.62
2018.02.21 01:42:54.036,0.85026,0.85038,1.00,1.87
2018.02.21 01:42:56.519,0.85026,0.85038,1.37,1.87
2018.02.21 01:42:57.326,0.85026,0.85038,1.00,3.37
2018.02.21 01:42:58.396,0.85025,0.85037,1.87,1.00
2018.02.21 01:42:58.498,0.85025,0.85035,1.50,1.00
2018.02.21 01:42:58.600,0.85023,0.85034,1.12,1.00
2018.02.21 01:42:58.753,0.85023,0.85036,3.75,6.60
2018.02.21 01:42:59.401,0.85023,0.85035,1.12,2.25
2018.02.21 01:43:00.293,0.85022,0.85033,1.37,1.50
2018.02.21 01:43:01.472,0.8502,0.85032,3.37,1.12
2018.02.21 01:43:01.987,0.85022,0.85032,1.37,1.00
2018.02.21 01:43:02.205,0.85022,0.85034,3.37,1.00
2018.02.21 01:43:03.153,0.85023,0.85035,1.12,1.87
2018.02.21 01:43:05.307,0.85023,0.85035,1.37,3.75
2018.02.21 01:43:08.978,0.85025,0.85035,1.00,1.50
2018.02.21 01:43:15.353,0.85023,0.85036,2.25,4.87
2018.02.21 01:43:16.245,0.85023,0.85034,1.00,1.50
2018.02.21 01:43:20.712,0.85022,0.85034,4.50,1.50
2018.02.21 01:43:24.667,0.85022,0.85033,3.75,1.00
2018.02.21 01:43:25.773,0.85022,0.85034,3.75,3.00
2018.02.21 01:43:26.303,0.85027,0.85034,2.62,1.00
2018.02.21 01:43:26.428,0.85029,0.85037,1.12,1.50
2018.02.21 01:43:26.481,0.8503,0.85039,1.37,1.00
2018.02.21 01:43:26.533,0.8503,0.85041,1.87,1.00
2018.02.21 01:43:27.078,0.85031,0.85042,3.37,1.50
2018.02.21 01:43:27.305,0.85031,0.85042,1.50,1.50
2018.02.21 01:43:28.760,0.8503,0.85041,1.50,1.00
2018.02.21 01:43:35.343,0.85029,0.8504,1.00,1.00
2018.02.21 01:43:35.450,0.85028,0.85038,1.12,1.00
2018.02.21 01:43:36.020,0.85027,0.85037,1.00,1.12
2018.02.21 01:43:36.329,0.85029,0.85038,1.12,1.00
2018.02.21 01:43:36.381,0.8503,0.8504,1.00,1.00
2018.02.21 01:43:36.932,0.8503,0.85041,1.00,2.62
2018.02.21 01:43:38.458,0.85031,0.85043,3.75,1.37
2018.02.21 01:43:38.613,0.85032,0.85044,3.37,1.12
2018.02.21 01:43:49.598,0.85032,0.85042,2.62,1.00
2018.02.21 01:43:49.650,0.85031,0.85042,4.12,1.50
2018.02.21 01:43:50.211,0.85032,0.85044,4.12,1.87
2018.02.21 01:44:01.113,0.85035,0.85046,1.00,1.12
2018.02.21 01:44:01.328,0.85036,0.85048,1.50,3.00
2018.02.21 01:44:01.481,0.85039,0.85048,1.50,1.00
2018.02.21 01:44:01.533,0.85039,0.85051,2.25,1.12
2018.02.21 01:44:02.612,0.85039,0.85051,2.62,1.12
2018.02.21 01:44:03.146,0.85039,0.8505,1.87,1.00
2018.02.21 01:44:03.679,0.85038,0.8505,1.87,4.87
2018.02.21 01:44:04.141,0.85037,0.85048,1.12,3.37
2018.02.21 01:44:06.713,0.85035,0.85047,2.25,1.50
2018.02.21 01:44:07.018,0.85035,0.85046,2.62,1.12
2018.02.21 01:44:10.004,0.85036,0.85046,1.00,1.87
2018.02.21 01:44:10.320,0.85034,0.85044,1.50,1.00
2018.02.21 01:44:10.422,0.85034,0.85046,2.25,2.25
2018.02.21 01:44:11.124,0.85035,0.85046,1.00,1.50
2018.02.21 01:44:11.401,0.85037,0.85049,1.87,4.87
2018.02.21 01:44:11.950,0.85037,0.85048,1.00,1.12
2018.02.21 01:44:13.054,0.85036,0.85048,1.87,1.12
2018.02.21 01:44:13.377,0.85036,0.85048,4.87,1.37
2018.02.21 01:44:15.712,0.85038,0.8505,3.75,1.37
2018.02.21 01:44:17.391,0.85041,0.85051,1.00,3.37
2018.02.21 01:44:18.164,0.85039,0.85051,1.12,3.37
2018.02.21 01:44:18.319,0.8504,0.85052,2.25,1.87
2018.02.21 01:44:20.237,0.85042,0.85053,1.00,2.25
2018.02.21 01:44:20.453,0.85043,0.85054,2.62,1.50
2018.02.21 01:44:20.559,0.8504,0.85053,5.62,1.50
2018.02.21 01:44:20.713,0.85041,0.85051,1.50,1.00
2018.02.21 01:44:21.193,0.85038,0.8505,4.12,1.00
2018.02.21 01:44:22.356,0.85038,0.85051,4.12,1.87
2018.02.21 01:44:22.988,0.85038,0.8505,4.12,1.00
2018.02.21 01:44:24.577,0.85037,0.8505,3.37,2.25
2018.02.21 01:44:26.869,0.85038,0.85051,3.75,1.12
2018.02.21 01:44:28.234,0.85038,0.8505,3.37,1.50
2018.02.21 01:44:28.754,0.85038,0.85049,3.37,2.25
2018.02.21 01:44:29.264,0.85038,0.85048,2.62,1.00
2018.02.21 01:44:29.315,0.85038,0.85046,2.62,1.00
2018.02.21 01:44:29.907,0.85036,0.85046,3.37,1.00
2018.02.21 01:44:31.128,0.85037,0.85047,1.50,1.00
2018.02.21 01:44:31.696,0.85036,0.85045,3.37,1.00
2018.02.21 01:44:34.810,0.85035,0.85046,3.37,1.00
2018.02.21 01:44:34.964,0.85035,0.85044,2.62,1.00
2018.02.21 01:44:39.974,0.85033,0.85043,2.62,1.00
2018.02.21 01:44:41.012,0.85033,0.85044,2.62,2.25
2018.02.21 01:44:43.332,0.85033,0.85043,2.62,1.00
2018.02.21 01:44:45.428,0.85033,0.85044,2.62,2.25
2018.02.21 01:44:45.480,0.85032,0.85042,1.12,1.00
2018.02.21 01:44:48.458,0.85031,0.85043,4.12,1.50
2018.02.21 01:44:48.766,0.85028,0.8504,1.12,2.25
2018.02.21 01:44:49.081,0.8503,0.8504,1.00,1.00
2018.02.21 01:44:49.133,0.8503,0.85043,2.25,2.62
2018.02.21 01:44:52.121,0.85032,0.85043,1.00,1.00
2018.02.21 01:44:52.174,0.85037,0.85044,1.00,1.00
2018.02.21 01:44:52.227,0.85039,0.85049,2.62,1.50
2018.02.21 01:44:52.386,0.85042,0.85052,1.00,1.00
2018.02.21 01:44:52.922,0.85041,0.85051,1.12,1.12
2018.02.21 01:44:53.655,0.85039,0.85051,1.00,4.12
2018.02.21 01:44:54.295,0.85038,0.8505,3.37,1.12
2018.02.21 01:44:58.769,0.85037,0.85049,1.87,1.12
2018.02.21 01:44:59.766,0.85037,0.85048,1.00,1.37
2018.02.21 01:44:59.870,0.85035,0.85047,1.50,4.87
2018.02.21 01:45:00.129,0.85037,0.85046,1.00,1.12
2018.02.21 01:45:02.179,0.85036,0.85048,1.37,3.00
2018.02.21 01:45:03.455,0.85038,0.85048,1.12,1.00
2018.02.21 01:45:03.507,0.85037,0.8505,1.50,3.37
2018.02.21 01:45:03.559,0.85037,0.85049,1.00,2.62
2018.02.21 01:45:03.975,0.85037,0.85049,3.37,1.12
2018.02.21 01:45:04.583,0.85039,0.8505,1.50,1.50
2018.02.21 01:45:05.533,0.85038,0.8505,1.37,3.75
2018.02.21 01:45:07.789,0.85037,0.85045,2.62,1.00
2018.02.21 01:45:07.842,0.85036,0.85047,1.87,1.87
2018.02.21 01:45:09.771,0.85036,0.85046,2.25,1.00
2018.02.21 01:45:09.873,0.85036,0.85048,1.50,1.00
2018.02.21 01:45:10.454,0.85036,0.85048,2.62,1.50
2018.02.21 01:45:11.603,0.85037,0.85049,1.50,1.00
2018.02.21 01:45:11.861,0.85038,0.85051,3.37,1.87
2018.02.21 01:45:16.565,0.85039,0.8505,1.12,1.00
2018.02.21 01:45:16.690,0.85038,0.85047,3.37,1.00
2018.02.21 01:45:17.211,0.85036,0.85047,3.37,1.87
2018.02.21 01:45:18.488,0.85034,0.85046,3.75,1.50
2018.02.21 01:45:22.265,0.85033,0.85045,1.00,3.37
2018.02.21 01:45:22.780,0.85031,0.85043,3.00,1.00
2018.02.21 01:45:23.303,0.85032,0.85045,1.12,4.87
2018.02.21 01:45:25.473,0.85032,0.85042,1.00,1.12
2018.02.21 01:45:25.614,0.85029,0.85041,1.12,1.12
2018.02.21 01:45:25.667,0.85028,0.85039,1.00,1.00
2018.02.21 01:45:26.201,0.85027,0.85039,1.50,1.50
2018.02.21 01:45:28.485,0.85028,0.85038,1.00,1.00
2018.02.21 01:45:34.224,0.8503,0.8504,1.00,3.00
2018.02.21 01:45:35.156,0.8503,0.85041,1.00,3.00
2018.02.21 01:45:35.565,0.85033,0.85043,1.00,1.87
2018.02.21 01:45:35.759,0.85033,0.85045,2.25,2.25
2018.02.21 01:45:35.812,0.85035,0.85045,1.00,1.00
2018.02.21 01:45:36.571,0.85034,0.85047,3.37,1.50
2018.02.21 01:45:37.331,0.85035,0.85047,1.00,1.50
2018.02.21 01:45:37.383,0.85036,0.85048,1.12,4.12
2018.02.21 01:45:37.910,0.85036,0.85047,3.00,1.12
2018.02.21 01:45:38.449,0.85035,0.85047,1.37,3.00
2018.02.21 01:45:46.883,0.85036,0.85048,1.50,2.62
2018.02.21 01:45:47.038,0.85038,0.85049,3.37,1.00
2018.02.21 01:45:47.866,0.85038,0.8505,4.12,1.50
2018.02.21 01:45:48.393,0.85039,0.85052,6.00,1.87
2018.02.21 01:45:49.373,0.85042,0.85054,1.12,3.37
2018.02.21 01:45:49.527,0.85043,0.85055,1.87,1.00
2018.02.21 01:45:49.800,0.85044,0.85057,4.50,1.87
2018.02.21 01:45:50.219,0.85045,0.85056,1.12,3.37
2018.02.21 01:45:50.763,0.85044,0.85054,1.50,1.00
2018.02.21 01:45:51.288,0.85043,0.85054,2.62,1.00
2018.02.21 01:45:52.300,0.85043,0.85055,1.87,1.12
2018.02.21 01:45:52.632,0.85042,0.85054,2.25,2.62
2018.02.21 01:45:53.495,0.85042,0.85055,3.37,1.12
2018.02.21 01:45:54.060,0.85042,0.85054,3.00,1.00
2018.02.21 01:45:54.577,0.85044,0.85054,1.00,1.00
2018.02.21 01:45:54.730,0.85041,0.85052,1.12,1.00
2018.02.21 01:45:55.281,0.85039,0.85052,3.00,1.50
2018.02.21 01:45:56.802,0.85042,0.85052,1.00,1.50
2018.02.21 01:45:58.959,0.8504,0.85053,2.62,4.87
2018.02.21 01:45:59.070,0.85042,0.85052,1.00,1.50
2018.02.21 01:46:00.402,0.85043,0.85053,1.00,2.25
2018.02.21 01:46:00.659,0.85044,0.85054,1.37,1.12
2018.02.21 01:46:00.762,0.85043,0.85054,1.00,3.37
2018.02.21 01:46:01.009,0.85041,0.85053,1.12,1.12
2018.02.21 01:46:01.553,0.85041,0.85052,1.12,1.00
2018.02.21 01:46:07.246,0.85041,0.85054,1.12,3.37
2018.02.21 01:46:07.346,0.85041,0.85051,1.87,1.00
2018.02.21 01:46:10.843,0.85042,0.85053,1.00,1.12
2018.02.21 01:46:15.851,0.85042,0.85053,2.25,1.12
2018.02.21 01:46:16.006,0.85048,0.85059,1.50,1.00
2018.02.21 01:46:16.551,0.85049,0.85061,1.00,3.37
2018.02.21 01:46:16.912,0.85051,0.85061,1.00,1.00
2018.02.21 01:46:17.437,0.85049,0.85062,3.37,1.12
2018.02.21 01:46:17.746,0.85052,0.85063,1.50,2.62
2018.02.21 01:46:17.798,0.85052,0.85064,3.75,1.50
2018.02.21 01:46:17.850,0.85054,0.85064,1.00,1.00
2018.02.21 01:46:17.901,0.85054,0.85066,1.50,1.50
2018.02.21 01:46:18.420,0.85055,0.85065,1.00,1.12
2018.02.21 01:46:18.955,0.85059,0.85066,1.75,1.00
2018.02.21 01:46:19.060,0.85062,0.85069,2.62,1.00
2018.02.21 01:46:19.118,0.85062,0.85074,4.12,1.37
2018.02.21 01:46:19.247,0.85066,0.85078,1.00,1.50
2018.02.21 01:46:19.350,0.85065,0.85077,1.00,4.12
2018.02.21 01:46:19.756,0.85064,0.85075,1.12,2.62
2018.02.21 01:46:20.021,0.85064,0.85075,1.00,1.12
2018.02.21 01:46:20.177,0.85064,0.85074,1.00,1.50
2018.02.21 01:46:20.281,0.85065,0.85076,1.00,3.37
2018.02.21 01:46:20.643,0.85067,0.85076,1.00,1.00
2018.02.21 01:46:20.992,0.85069,0.85079,1.00,1.50
2018.02.21 01:46:21.569,0.85068,0.8508,1.50,3.37
2018.02.21 01:46:22.173,0.85072,0.8508,1.00,2.62
2018.02.21 01:46:22.462,0.85076,0.85087,1.00,1.50
2018.02.21 01:46:22.615,0.85074,0.85086,1.87,1.87
2018.02.21 01:46:22.667,0.85074,0.85086,1.50,4.12
2018.02.21 01:46:23.185,0.85074,0.85084,1.00,2.62
2018.02.21 01:46:23.338,0.85075,0.85087,1.00,3.37
2018.02.21 01:46:23.874,0.85074,0.85086,1.50,3.37
2018.02.21 01:46:24.379,0.85074,0.85084,1.00,4.12
2018.02.21 01:46:24.902,0.85074,0.85084,1.00,1.12
2018.02.21 01:46:25.211,0.85076,0.85086,1.00,3.37
2018.02.21 01:46:25.262,0.85074,0.85086,1.00,2.62
2018.02.21 01:46:25.783,0.85075,0.85086,1.00,2.62
2018.02.21 01:46:26.724,0.85073,0.85085,1.87,1.50
2018.02.21 01:46:27.135,0.85074,0.85086,2.62,1.00
2018.02.21 01:46:27.187,0.85077,0.85087,1.00,1.00
2018.02.21 01:46:27.916,0.85076,0.85087,2.25,1.00
2018.02.21 01:46:28.451,0.85076,0.85086,1.12,1.00
2018.02.21 01:46:28.999,0.85076,0.85086,1.00,1.37
2018.02.21 01:46:30.025,0.85074,0.85086,3.75,1.87
2018.02.21 01:46:30.079,0.85073,0.85084,1.00,1.50
2018.02.21 01:46:30.132,0.85072,0.85082,1.00,1.12
2018.02.21 01:46:30.442,0.8507,0.85081,1.50,1.00
2018.02.21 01:46:30.547,0.85072,0.85081,1.00,1.00
2018.02.21 01:46:30.865,0.85073,0.85084,1.00,1.50
2018.02.21 01:46:31.402,0.85072,0.85084,1.50,1.50
2018.02.21 01:46:31.624,0.85074,0.85084,1.00,1.00
2018.02.21 01:46:31.676,0.85072,0.85083,1.00,1.50
2018.02.21 01:46:31.728,0.85073,0.85081,1.00,1.00
2018.02.21 01:46:31.831,0.85071,0.85081,1.00,1.00
2018.02.21 01:46:32.405,0.85073,0.85081,1.00,1.00
2018.02.21 01:46:32.659,0.85076,0.85086,1.00,1.50
2018.02.21 01:46:33.208,0.85077,0.85088,1.00,1.50
2018.02.21 01:46:33.715,0.85079,0.8509,1.00,3.37
2018.02.21 01:46:34.265,0.85078,0.85089,1.00,1.50
2018.02.21 01:46:35.093,0.85077,0.85089,1.87,1.50
2018.02.21 01:46:35.540,0.85079,0.8509,1.00,2.62
2018.02.21 01:46:35.593,0.85079,0.8509,1.00,1.00
2018.02.21 01:46:35.696,0.8508,0.85091,2.62,1.12
2018.02.21 01:46:35.799,0.85079,0.85091,1.12,3.37
2018.02.21 01:46:35.923,0.85082,0.85092,3.37,1.37
2018.02.21 01:46:35.976,0.85083,0.85095,1.12,3.37
2018.02.21 01:46:36.336,0.85081,0.85093,1.00,1.50
2018.02.21 01:46:36.862,0.8508,0.85092,1.87,1.12
2018.02.21 01:46:36.915,0.8508,0.8509,1.00,3.00
2018.02.21 01:46:37.069,0.85077,0.85089,1.12,1.50
2018.02.21 01:46:37.122,0.85079,0.8509,1.00,2.62
2018.02.21 01:46:37.748,0.85078,0.85089,1.12,2.25
2018.02.21 01:46:41.371,0.85076,0.85088,1.12,3.37
2018.02.21 01:46:42.104,0.85076,0.85086,1.00,1.50
2018.02.21 01:46:43.077,0.85074,0.85086,2.25,1.50
2018.02.21 01:46:43.314,0.85076,0.85086,1.00,1.50
2018.02.21 01:46:43.487,0.85074,0.85084,1.00,1.00
2018.02.21 01:46:43.642,0.85071,0.85081,1.50,1.00
2018.02.21 01:46:44.177,0.85071,0.85083,1.50,3.00
2018.02.21 01:46:44.635,0.85072,0.85083,1.37,1.12
2018.02.21 01:46:44.994,0.85071,0.8508,2.62,1.00
2018.02.21 01:46:45.046,0.8507,0.8508,1.87,1.12
2018.02.21 01:46:46.272,0.85068,0.8508,3.00,1.12
2018.02.21 01:46:46.375,0.85067,0.85079,1.00,1.50
2018.02.21 01:46:46.725,0.85072,0.85082,1.00,2.62
2018.02.21 01:46:47.238,0.85071,0.85083,1.12,4.87
2018.02.21 01:46:47.467,0.85072,0.85084,1.00,3.75
2018.02.21 01:46:47.999,0.8507,0.85082,4.12,1.00
2018.02.21 01:46:49.053,0.8507,0.85082,1.12,1.12
2018.02.21 01:46:49.207,0.85069,0.85081,1.00,1.50
2018.02.21 01:46:49.891,0.85068,0.8508,2.62,1.12
2018.02.21 01:46:50.201,0.85067,0.85077,1.00,1.50
2018.02.21 01:46:51.891,0.85066,0.85076,1.00,2.62
2018.02.21 01:46:52.201,0.85064,0.85076,1.00,2.25
2018.02.21 01:46:52.707,0.85063,0.85074,2.62,1.00
2018.02.21 01:46:53.271,0.85064,0.85074,1.00,1.00
2018.02.21 01:46:54.168,0.85065,0.85076,1.00,3.37
2018.02.21 01:46:54.220,0.85065,0.85076,1.12,1.00
2018.02.21 01:46:55.089,0.85065,0.85077,1.87,2.62
2018.02.21 01:46:56.260,0.85065,0.85075,1.12,1.00
2018.02.21 01:46:56.831,0.85064,0.85076,1.50,1.00
2018.02.21 01:46:57.549,0.85066,0.85077,1.50,3.00
2018.02.21 01:46:59.366,0.85067,0.85077,1.00,1.00
2018.02.21 01:46:59.695,0.85073,0.8508,1.00,1.00
2018.02.21 01:46:59.748,0.85073,0.85085,1.12,1.87
2018.02.21 01:46:59.853,0.85073,0.85085,3.37,1.00
2018.02.21 01:47:00.597,0.85072,0.85083,3.37,1.12
2018.02.21 01:47:01.134,0.85072,0.85083,1.37,1.37
2018.02.21 01:47:01.341,0.85069,0.85079,1.12,1.00
2018.02.21 01:47:02.013,0.85068,0.8508,2.25,1.12
2018.02.21 01:47:03.378,0.85067,0.85077,1.50,1.00
2018.02.21 01:47:03.584,0.85066,0.85076,1.87,1.12
2018.02.21 01:47:04.084,0.85066,0.85075,1.00,1.50
2018.02.21 01:47:04.137,0.85063,0.85075,1.00,1.50
2018.02.21 01:47:04.667,0.85064,0.85074,1.00,1.12
2018.02.21 01:47:05.680,0.85062,0.85074,2.62,1.12
2018.02.21 01:47:05.909,0.85062,0.85073,1.00,1.50
2018.02.21 01:47:06.681,0.85062,0.85074,1.87,1.50
2018.02.21 01:47:08.357,0.85064,0.85075,1.12,2.25
2018.02.21 01:47:08.459,0.85064,0.85076,1.50,1.87
2018.02.21 01:47:09.765,0.85064,0.85074,2.25,1.00
2018.02.21 01:47:09.919,0.85064,0.85076,1.50,1.87
2018.02.21 01:47:10.170,0.85072,0.85078,1.00,4.12
2018.02.21 01:47:10.222,0.85072,0.8508,1.00,1.50
2018.02.21 01:47:10.276,0.85072,0.85082,1.00,1.00
2018.02.21 01:47:10.379,0.85074,0.85084,1.00,2.25
2018.02.21 01:47:10.935,0.85074,0.85084,1.00,1.50
2018.02.21 01:47:12.339,0.85072,0.85084,4.12,1.00
2018.02.21 01:47:13.236,0.85075,0.85085,1.00,1.00
2018.02.21 01:47:13.546,0.85076,0.85086,1.50,1.00
2018.02.21 01:47:13.643,0.85076,0.85088,1.50,1.00
2018.02.21 01:47:13.901,0.8508,0.8509,1.12,1.00
2018.02.21 01:47:14.462,0.85079,0.85091,2.62,1.00
2018.02.21 01:47:14.798,0.85077,0.85086,2.62,1.00
2018.02.21 01:47:15.102,0.85074,0.85084,4.12,1.00
2018.02.21 01:47:15.478,0.85074,0.85084,1.37,1.00
2018.02.21 01:47:15.922,0.85083,0.85089,3.37,1.50
2018.02.21 01:47:15.975,0.85084,0.85091,1.50,1.00
2018.02.21 01:47:16.027,0.85083,0.85094,2.62,1.00
2018.02.21 01:47:16.573,0.85083,0.85093,1.50,1.00
2018.02.21 01:47:17.253,0.85082,0.85094,3.37,1.50
2018.02.21 01:47:17.884,0.85081,0.85093,1.50,1.00
2018.02.21 01:47:18.414,0.8508,0.85092,1.12,1.87
2018.02.21 01:47:18.517,0.85079,0.8509,3.37,1.12
2018.02.21 01:47:18.621,0.85076,0.85089,4.87,1.87
2018.02.21 01:47:19.193,0.85078,0.85088,1.00,1.00
2018.02.21 01:47:20.333,0.85076,0.85089,5.62,2.62
2018.02.21 01:47:20.385,0.85076,0.85087,5.62,1.00
2018.02.21 01:47:20.530,0.85078,0.8509,1.50,2.25
2018.02.21 01:47:21.260,0.85077,0.85089,1.12,1.12
2018.02.21 01:47:21.894,0.85081,0.85089,1.00,1.12
2018.02.21 01:47:21.996,0.8508,0.85092,3.37,1.12
2018.02.21 01:47:22.098,0.85079,0.85091,3.00,1.50
2018.02.21 01:47:22.420,0.85078,0.85088,1.00,1.00
2018.02.21 01:47:22.836,0.85076,0.85087,1.12,1.37
2018.02.21 01:47:26.760,0.85078,0.85088,1.00,3.37
2018.02.21 01:47:26.863,0.85078,0.8509,1.37,3.75
2018.02.21 01:47:27.068,0.85077,0.85089,1.00,2.25
2018.02.21 01:47:27.741,0.85076,0.85088,1.87,1.12
2018.02.21 01:47:27.868,0.85075,0.85086,1.50,1.00
2018.02.21 01:47:30.663,0.85076,0.85087,1.12,1.00
2018.02.21 01:47:30.972,0.8508,0.85092,1.12,1.50
2018.02.21 01:47:31.178,0.85082,0.85093,1.00,1.50
2018.02.21 01:47:31.706,0.85081,0.85093,1.00,1.87
2018.02.21 01:47:32.056,0.8508,0.8509,1.00,1.50
2018.02.21 01:47:32.211,0.85078,0.85088,1.00,1.00
2018.02.21 01:47:32.846,0.85077,0.85088,1.87,2.25
2018.02.21 01:47:33.211,0.85075,0.85087,1.00,1.50
2018.02.21 01:47:33.468,0.85077,0.85087,1.00,1.50
2018.02.21 01:47:34.299,0.85078,0.85088,1.00,1.37
2018.02.21 01:47:34.351,0.85078,0.85089,1.37,1.87
2018.02.21 01:47:35.861,0.85077,0.85088,2.25,1.00
2018.02.21 01:47:35.913,0.85079,0.85088,1.00,1.00
2018.02.21 01:47:36.090,0.85076,0.85088,1.37,3.00
2018.02.21 01:47:36.605,0.85076,0.85088,1.00,4.12
2018.02.21 01:47:36.987,0.85075,0.85086,1.00,4.12
2018.02.21 01:47:37.325,0.85075,0.85086,1.50,1.12
2018.02.21 01:47:37.472,0.85074,0.85085,1.00,1.50
2018.02.21 01:47:37.524,0.85073,0.85085,1.50,4.12
2018.02.21 01:47:37.627,0.85073,0.85085,1.87,1.87
2018.02.21 01:47:38.976,0.85074,0.85084,1.00,1.00
2018.02.21 01:47:39.518,0.85076,0.85086,1.00,1.12
2018.02.21 01:47:40.166,0.85077,0.85087,1.12,1.12
2018.02.21 01:47:41.219,0.85076,0.85087,1.87,1.00
2018.02.21 01:47:43.682,0.85078,0.85087,1.12,1.00
2018.02.21 01:47:43.734,0.85078,0.8509,1.12,3.75
2018.02.21 01:47:43.838,0.8508,0.8509,1.00,2.25
2018.02.21 01:47:44.421,0.8508,0.8509,1.00,1.50
2018.02.21 01:47:45.922,0.85081,0.85091,1.00,1.50
2018.02.21 01:47:46.497,0.85079,0.85091,1.87,4.12
2018.02.21 01:47:48.996,0.85076,0.85088,1.87,1.87
2018.02.21 01:47:49.493,0.85078,0.85089,1.00,2.25
2018.02.21 01:47:49.988,0.8508,0.8509,1.00,4.87
2018.02.21 01:47:50.040,0.85081,0.8509,1.00,1.87
2018.02.21 01:47:54.041,0.85084,0.85092,1.00,1.00
2018.02.21 01:47:54.146,0.85084,0.85095,1.12,1.00
2018.02.21 01:47:54.249,0.85081,0.85093,2.62,1.50
2018.02.21 01:47:54.352,0.8508,0.85092,1.50,1.50
2018.02.21 01:47:55.028,0.8508,0.85091,1.50,1.00
2018.02.21 01:47:55.683,0.8508,0.8509,1.50,1.00
2018.02.21 01:47:55.735,0.85078,0.8509,2.25,1.50
2018.02.21 01:47:57.779,0.85078,0.85088,1.50,1.00
2018.02.21 01:48:00.924,0.85077,0.85089,1.00,4.12
2018.02.21 01:48:01.299,0.85076,0.85088,1.00,4.12
2018.02.21 01:48:03.401,0.85077,0.85088,1.00,7.12
2018.02.21 01:48:04.179,0.85076,0.85088,1.00,5.62
2018.02.21 01:48:12.119,0.85077,0.85087,1.00,1.50
2018.02.21 01:48:12.171,0.85077,0.85088,1.00,1.12
2018.02.21 01:48:13.582,0.85077,0.85087,1.00,1.00
2018.02.21 01:48:14.894,0.85075,0.85087,1.12,3.37
2018.02.21 01:48:15.101,0.85073,0.85085,4.12,2.25
2018.02.21 01:48:15.204,0.85073,0.85084,1.12,2.62
2018.02.21 01:48:17.090,0.85071,0.85082,3.37,1.00
2018.02.21 01:48:17.193,0.85071,0.85082,1.12,1.12
2018.02.21 01:48:17.348,0.8507,0.8508,1.50,1.00
2018.02.21 01:48:17.672,0.85069,0.8508,1.12,1.00
2018.02.21 01:48:18.291,0.85069,0.85079,1.00,1.00
2018.02.21 01:48:20.237,0.85068,0.85079,1.00,1.00
2018.02.21 01:48:22.375,0.85067,0.85079,2.25,1.50
2018.02.21 01:48:23.238,0.8507,0.8508,1.00,1.87
2018.02.21 01:48:23.544,0.85072,0.85082,1.00,3.37
2018.02.21 01:48:24.106,0.85072,0.85083,1.12,1.12
2018.02.21 01:48:24.978,0.85072,0.85083,1.00,3.37
2018.02.21 01:48:25.482,0.85072,0.85083,2.62,1.87
2018.02.21 01:48:25.934,0.85072,0.85081,2.62,1.00
2018.02.21 01:48:25.987,0.85071,0.85081,1.00,1.50
2018.02.21 01:48:26.572,0.8507,0.85081,1.12,1.00
2018.02.21 01:48:27.089,0.8507,0.85082,1.87,1.87
2018.02.21 01:48:27.598,0.8507,0.85081,1.00,1.12
2018.02.21 01:48:28.172,0.85069,0.85081,1.12,2.62
2018.02.21 01:48:29.736,0.85069,0.85081,3.37,1.50
2018.02.21 01:48:31.630,0.8507,0.8508,1.50,1.00
2018.02.21 01:48:31.803,0.85068,0.8508,3.37,1.00
2018.02.21 01:48:32.352,0.8507,0.8508,1.00,1.00
2018.02.21 01:48:33.040,0.85071,0.8508,1.00,1.50
2018.02.21 01:48:33.480,0.85069,0.8508,1.12,1.50
2018.02.21 01:48:34.299,0.85071,0.85081,1.00,1.87
2018.02.21 01:48:34.634,0.85072,0.85082,1.50,1.12
2018.02.21 01:48:34.738,0.85071,0.85082,1.12,1.12
2018.02.21 01:48:34.895,0.85073,0.85084,1.00,4.87
2018.02.21 01:48:35.236,0.85071,0.85083,1.00,4.12
2018.02.21 01:48:35.706,0.85072,0.85083,1.12,1.12
2018.02.21 01:48:35.762,0.85074,0.85085,1.00,4.12
2018.02.21 01:48:35.865,0.85075,0.85085,1.12,1.12
2018.02.21 01:48:37.518,0.85075,0.85084,1.00,1.00
2018.02.21 01:48:37.570,0.85073,0.85084,2.25,1.00
2018.02.21 01:48:37.725,0.85072,0.85083,1.00,1.50
2018.02.21 01:48:38.677,0.85073,0.85084,1.00,4.87
2018.02.21 01:48:38.728,0.85073,0.85084,1.00,1.87
2018.02.21 01:48:39.271,0.85074,0.85084,1.00,1.12
2018.02.21 01:48:39.774,0.85075,0.85084,1.00,1.87
2018.02.21 01:48:40.071,0.85073,0.85084,1.00,1.87
2018.02.21 01:48:40.836,0.85073,0.85084,1.00,6.37
2018.02.21 01:48:41.093,0.85071,0.85082,1.12,1.00
2018.02.21 01:48:41.545,0.85074,0.85083,1.00,1.00
2018.02.21 01:48:42.215,0.85073,0.85084,1.12,1.12
2018.02.21 01:48:42.523,0.85078,0.85087,1.00,1.87
2018.02.21 01:48:42.677,0.85076,0.85087,1.00,1.87
2018.02.21 01:48:43.037,0.85074,0.85086,1.12,2.25
2018.02.21 01:48:43.860,0.85075,0.85085,1.00,1.00
2018.02.21 01:48:44.413,0.85074,0.85085,1.12,1.00
2018.02.21 01:48:45.057,0.85074,0.85086,1.12,3.75
2018.02.21 01:48:45.901,0.85075,0.85086,1.00,2.62
2018.02.21 01:48:46.420,0.85074,0.85086,1.12,3.75
2018.02.21 01:48:46.541,0.85076,0.85086,3.37,1.00
2018.02.21 01:48:47.766,0.85075,0.85086,1.50,1.50
2018.02.21 01:48:48.020,0.85075,0.85084,1.50,1.00
2018.02.21 01:48:48.223,0.85076,0.85086,1.00,1.87
2018.02.21 01:48:48.662,0.85078,0.85086,1.00,1.00
2018.02.21 01:48:48.714,0.85078,0.85089,1.50,1.87
2018.02.21 01:48:49.315,0.8508,0.85089,1.00,1.87
2018.02.21 01:48:50.255,0.85079,0.8509,1.12,1.50
2018.02.21 01:48:50.410,0.85081,0.85091,1.00,1.37
2018.02.21 01:48:50.462,0.85081,0.85092,1.50,1.00
2018.02.21 01:48:50.618,0.85089,0.85095,1.00,2.62
2018.02.21 01:48:50.722,0.85088,0.85098,1.50,2.25
2018.02.21 01:48:50.774,0.8509,0.85098,1.00,1.87
2018.02.21 01:48:50.826,0.85086,0.85097,3.37,1.00
2018.02.21 01:48:51.034,0.85083,0.85095,3.37,1.00
2018.02.21 01:48:51.137,0.85084,0.85095,1.00,2.62
2018.02.21 01:48:51.270,0.85084,0.85096,1.12,1.87
2018.02.21 01:48:51.423,0.85086,0.85096,1.00,1.12
2018.02.21 01:48:51.779,0.85088,0.85097,1.00,1.12
2018.02.21 01:48:52.141,0.8509,0.85099,1.00,1.00
2018.02.21 01:48:52.547,0.85091,0.85102,1.00,1.50
2018.02.21 01:48:52.954,0.85089,0.85101,1.50,2.25
2018.02.21 01:48:53.982,0.85089,0.85099,1.00,1.50
2018.02.21 01:48:54.501,0.85088,0.85099,1.00,1.50
2018.02.21 01:48:54.840,0.85084,0.85095,1.50,1.00
2018.02.21 01:48:55.535,0.85085,0.85095,1.00,1.00
2018.02.21 01:48:55.636,0.85086,0.85097,1.00,1.12
2018.02.21 01:48:55.943,0.85085,0.85095,1.00,1.12
2018.02.21 01:48:56.407,0.85082,0.85093,3.37,1.50
2018.02.21 01:48:56.615,0.8508,0.85091,1.12,2.62
2018.02.21 01:48:57.242,0.8508,0.85091,1.00,1.12
2018.02.21 01:48:57.868,0.85081,0.85092,1.00,3.75
2018.02.21 01:48:58.043,0.85079,0.85088,1.00,1.00
2018.02.21 01:48:58.148,0.85077,0.85089,1.00,5.62
2018.02.21 01:48:58.712,0.85076,0.85088,1.00,2.62
2018.02.21 01:48:58.816,0.85078,0.85087,1.00,1.12
2018.02.21 01:48:59.430,0.85076,0.85088,1.00,2.62
2018.02.21 01:49:00.008,0.85074,0.85085,1.87,1.00
2018.02.21 01:49:00.527,0.85075,0.85084,1.00,1.00
2018.02.21 01:49:01.093,0.85073,0.85085,1.50,1.00
2018.02.21 01:49:01.400,0.85076,0.85087,1.00,1.50
2018.02.21 01:49:02.117,0.85074,0.85084,1.12,1.00
2018.02.21 01:49:02.660,0.85074,0.85085,1.12,1.12
2018.02.21 01:49:07.208,0.85076,0.85086,1.00,1.50
2018.02.21 01:49:07.311,0.85077,0.85088,1.00,1.12
2018.02.21 01:49:07.363,0.85079,0.85088,1.00,1.12
2018.02.21 01:49:07.415,0.85077,0.85089,1.00,4.87
2018.02.21 01:49:07.519,0.85078,0.85089,1.50,3.00
2018.02.21 01:49:08.318,0.85078,0.85089,1.00,1.12
2018.02.21 01:49:12.181,0.85075,0.85086,3.37,1.12
2018.02.21 01:49:12.285,0.85074,0.85085,1.12,1.12
2018.02.21 01:49:12.741,0.85074,0.85083,1.12,1.00
2018.02.21 01:49:13.488,0.85072,0.85084,1.12,2.62
2018.02.21 01:49:14.633,0.85074,0.85084,1.00,1.87
2018.02.21 01:49:17.786,0.85077,0.85086,1.50,1.12
2018.02.21 01:49:17.890,0.85078,0.85089,1.00,1.12
2018.02.21 01:49:17.942,0.85078,0.85087,1.00,1.00
2018.02.21 01:49:18.705,0.85076,0.85087,4.12,1.00
2018.02.21 01:49:19.589,0.85074,0.85085,3.37,1.00
2018.02.21 01:49:19.743,0.85072,0.85084,1.50,1.50
2018.02.21 01:49:19.795,0.85071,0.85081,3.37,1.00
2018.02.21 01:49:19.847,0.8507,0.85081,1.00,2.25
2018.02.21 01:49:20.080,0.8507,0.85079,1.00,1.00
2018.02.21 01:49:24.351,0.8507,0.85081,3.37,1.00
2018.02.21 01:49:25.172,0.85071,0.85082,1.50,1.00
2018.02.21 01:49:34.723,0.8507,0.85082,1.87,1.12
2018.02.21 01:49:35.579,0.85071,0.85082,1.00,1.12
2018.02.21 01:49:35.632,0.85068,0.8508,4.12,1.00
2018.02.21 01:49:36.201,0.85068,0.85079,3.75,1.87
2018.02.21 01:49:38.181,0.85068,0.8508,4.87,1.50
2018.02.21 01:49:38.957,0.85069,0.85079,1.00,1.00
2018.02.21 01:49:39.576,0.85068,0.85079,4.12,1.00
2018.02.21 01:49:41.568,0.85067,0.85078,1.12,1.12
2018.02.21 01:49:43.104,0.85065,0.85077,3.37,1.00
2018.02.21 01:49:43.309,0.85065,0.85076,1.12,1.00
2018.02.21 01:49:43.721,0.85071,0.85077,1.50,1.00
2018.02.21 01:49:43.774,0.85072,0.85083,1.12,1.87
2018.02.21 01:49:44.289,0.85071,0.85082,1.50,1.00
2018.02.21 01:49:44.572,0.8507,0.8508,1.87,1.00
2018.02.21 01:49:44.777,0.85069,0.8508,1.12,1.00
2018.02.21 01:49:44.984,0.85067,0.85078,3.37,1.50
2018.02.21 01:49:45.036,0.85067,0.85078,1.12,1.50
2018.02.21 01:49:45.751,0.85066,0.85077,2.25,1.00
2018.02.21 01:49:46.282,0.85066,0.85078,4.12,2.62
2018.02.21 01:49:47.282,0.85067,0.85078,1.12,1.00
2018.02.21 01:49:47.751,0.85072,0.85079,1.00,1.00
2018.02.21 01:49:47.803,0.85072,0.85082,1.00,1.87
2018.02.21 01:49:47.855,0.85071,0.8508,2.62,1.00
2018.02.21 01:49:47.957,0.85071,0.85082,4.12,1.00
2018.02.21 01:49:48.494,0.85073,0.85083,1.37,1.00
2018.02.21 01:49:50.597,0.85072,0.85083,1.00,1.12
2018.02.21 01:49:51.099,0.85071,0.85083,1.87,2.62
2018.02.21 01:49:51.626,0.85069,0.8508,1.50,1.12
2018.02.21 01:49:52.670,0.85069,0.8508,1.12,3.00
2018.02.21 01:49:53.980,0.8507,0.85079,1.00,1.12
2018.02.21 01:49:55.103,0.85068,0.85078,1.00,1.00
2018.02.21 01:49:56.083,0.85067,0.85078,1.50,1.00
2018.02.21 01:49:56.503,0.85068,0.8508,1.12,2.62
2018.02.21 01:49:57.849,0.85075,0.85081,1.00,3.37
2018.02.21 01:49:57.901,0.85077,0.85085,1.00,1.00
2018.02.21 01:49:57.952,0.85077,0.85087,1.00,1.00
2018.02.21 01:49:58.461,0.85076,0.85087,1.12,1.12
2018.02.21 01:49:59.181,0.85076,0.85087,1.00,4.87
2018.02.21 01:49:59.410,0.85074,0.85085,2.62,1.00
2018.02.21 01:49:59.617,0.85072,0.85084,1.37,4.50
2018.02.21 01:50:01.341,0.85074,0.85083,1.00,1.12
2018.02.21 01:50:01.847,0.85072,0.85083,1.37,1.12
2018.02.21 01:50:03.959,0.8507,0.85081,1.00,1.50
2018.02.21 01:50:04.063,0.8507,0.85079,1.00,1.00
2018.02.21 01:50:04.116,0.85068,0.85079,1.50,1.00
2018.02.21 01:50:06.408,0.85072,0.8508,1.00,1.00
2018.02.21 01:50:06.459,0.85072,0.85084,1.00,2.25
2018.02.21 01:50:06.655,0.85074,0.85084,1.00,1.12
2018.02.21 01:50:07.214,0.85073,0.85083,1.00,1.50
2018.02.21 01:50:07.519,0.85071,0.85083,1.00,3.75
2018.02.21 01:50:08.061,0.8507,0.85081,1.12,1.12
2018.02.21 01:50:09.418,0.8507,0.85081,1.50,1.00
2018.02.21 01:50:09.854,0.85069,0.85081,1.12,3.37
2018.02.21 01:50:11.957,0.8507,0.85079,1.00,1.00
2018.02.21 01:50:13.811,0.85069,0.8508,1.12,1.00
2018.02.21 01:50:14.117,0.85072,0.85082,1.00,2.25
2018.02.21 01:50:14.749,0.8507,0.85081,1.00,1.12
2018.02.21 01:50:16.939,0.85071,0.8508,1.00,1.00
2018.02.21 01:50:18.202,0.85069,0.85081,1.12,3.00
2018.02.21 01:50:18.736,0.85072,0.85081,1.00,1.12
2018.02.21 01:50:21.102,0.8507,0.85081,1.00,1.12
2018.02.21 01:50:21.782,0.85069,0.85081,1.12,1.87
2018.02.21 01:50:21.885,0.85067,0.85077,3.75,1.00
2018.02.21 01:50:22.300,0.85075,0.85079,1.87,1.00
2018.02.21 01:50:22.353,0.85077,0.85086,1.00,3.75
2018.02.21 01:50:22.558,0.85078,0.85086,1.50,1.00
2018.02.21 01:50:22.870,0.85078,0.85088,1.50,1.12
2018.02.21 01:50:23.378,0.85076,0.85088,3.37,2.25
2018.02.21 01:50:24.040,0.85075,0.85086,1.12,1.12
2018.02.21 01:50:24.143,0.85073,0.85084,3.37,1.50
2018.02.21 01:50:24.247,0.85073,0.85083,1.00,1.00
2018.02.21 01:50:24.816,0.85073,0.85083,1.00,1.50
2018.02.21 01:50:26.044,0.85073,0.85083,1.50,1.00
2018.02.21 01:50:26.571,0.85073,0.85084,1.50,1.50
2018.02.21 01:50:26.622,0.85073,0.85083,1.00,1.50
2018.02.21 01:50:27.448,0.85071,0.85081,1.12,1.00
2018.02.21 01:50:27.590,0.85069,0.85079,1.87,1.00
2018.02.21 01:50:28.636,0.85068,0.8508,1.00,2.25
2018.02.21 01:50:29.419,0.85072,0.85082,1.00,1.00
2018.02.21 01:50:29.764,0.85073,0.85085,3.37,4.12
2018.02.21 01:50:30.250,0.85073,0.85083,1.00,1.00
2018.02.21 01:50:30.822,0.85072,0.85083,1.12,1.00
2018.02.21 01:50:33.389,0.85072,0.85084,1.12,1.12
2018.02.21 01:50:33.441,0.85074,0.85085,1.12,1.87
2018.02.21 01:50:35.676,0.85074,0.85085,1.50,1.00
2018.02.21 01:50:36.191,0.85075,0.85086,1.12,1.00
2018.02.21 01:50:36.897,0.85076,0.85086,1.00,1.00
2018.02.21 01:50:36.949,0.85077,0.85088,1.00,1.87
2018.02.21 01:50:37.051,0.85077,0.85089,3.37,1.00
2018.02.21 01:50:37.564,0.85078,0.8509,1.50,1.50
2018.02.21 01:50:39.913,0.85079,0.85091,1.87,2.62
2018.02.21 01:50:40.227,0.85079,0.85091,3.37,1.00
2018.02.21 01:50:42.693,0.85082,0.85094,1.00,6.37
2018.02.21 01:50:43.482,0.85083,0.85095,1.12,4.12
2018.02.21 01:50:43.588,0.85081,0.85092,1.00,1.50
2018.02.21 01:50:43.743,0.85079,0.85091,1.12,1.12
2018.02.21 01:50:43.846,0.85079,0.85091,1.00,4.87
2018.02.21 01:50:44.441,0.85078,0.8509,1.00,3.00
2018.02.21 01:50:44.765,0.8508,0.85092,2.25,1.50
2018.02.21 01:50:44.866,0.85082,0.85092,1.00,1.50
2018.02.21 01:50:46.447,0.85081,0.85091,1.00,1.00
2018.02.21 01:50:46.703,0.85078,0.8509,1.87,1.12
2018.02.21 01:50:47.837,0.85079,0.85091,1.00,3.75
2018.02.21 01:50:48.796,0.85079,0.85089,1.00,1.00
2018.02.21 01:50:49.174,0.85081,0.8509,1.00,1.12
2018.02.21 01:50:54.484,0.85079,0.85091,1.50,2.62
2018.02.21 01:50:54.941,0.85079,0.85089,1.50,1.00
2018.02.21 01:50:56.053,0.85079,0.8509,1.50,1.00
2018.02.21 01:50:56.157,0.85077,0.85089,1.50,1.50
2018.02.21 01:50:57.534,0.85076,0.85088,1.12,1.12
2018.02.21 01:51:00.303,0.85076,0.85088,1.00,4.87
2018.02.21 01:51:00.881,0.85075,0.85086,1.87,1.00
2018.02.21 01:51:02.433,0.85074,0.85086,1.87,4.12
2018.02.21 01:51:03.216,0.85074,0.85086,3.37,1.12
2018.02.21 01:51:03.318,0.85074,0.85086,1.00,1.50
2018.02.21 01:51:05.646,0.85074,0.85085,1.50,1.00
2018.02.21 01:51:05.750,0.85072,0.85084,3.00,1.00
2018.02.21 01:51:05.955,0.85071,0.85083,1.12,1.87
2018.02.21 01:51:06.513,0.85071,0.85082,1.00,2.25
2018.02.21 01:51:07.395,0.85071,0.85081,1.00,1.00
2018.02.21 01:51:07.933,0.85071,0.85082,1.00,2.25
2018.02.21 01:51:08.117,0.8507,0.85082,1.12,4.87
2018.02.21 01:51:09.287,0.8507,0.85082,1.37,3.00
2018.02.21 01:51:10.747,0.8507,0.85082,1.00,3.00
2018.02.21 01:51:12.085,0.85071,0.85082,2.25,2.62
2018.02.21 01:51:12.689,0.8507,0.85082,2.25,3.75
2018.02.21 01:51:13.223,0.8507,0.85081,2.25,1.00
2018.02.21 01:51:13.809,0.85069,0.8508,1.00,1.50
2018.02.21 01:51:14.708,0.8507,0.8508,1.50,1.00
2018.02.21 01:51:15.238,0.85071,0.8508,1.00,1.00
2018.02.21 01:51:15.760,0.8507,0.8508,1.50,1.00
2018.02.21 01:51:16.953,0.8507,0.85081,1.50,1.00
2018.02.21 01:51:17.223,0.8507,0.85082,4.12,1.00
2018.02.21 01:51:17.632,0.8507,0.85082,1.50,3.00
2018.02.21 01:51:18.180,0.85068,0.8508,1.87,1.12
2018.02.21 01:51:18.984,0.8507,0.8508,1.50,1.00
2018.02.21 01:51:19.293,0.85072,0.85082,1.00,1.50
2018.02.21 01:51:21.340,0.85072,0.85084,1.00,3.00
2018.02.21 01:51:21.670,0.85074,0.85085,3.37,1.12
2018.02.21 01:51:21.824,0.85074,0.85085,1.00,2.62
2018.02.21 01:51:22.639,0.85073,0.85085,1.12,3.75
2018.02.21 01:51:23.437,0.85073,0.85084,1.12,1.00
2018.02.21 01:51:23.925,0.85073,0.85082,1.00,1.00
2018.02.21 01:51:26.124,0.85073,0.85082,1.50,1.00
2018.02.21 01:51:26.349,0.8507,0.85082,4.12,3.75
2018.02.21 01:51:26.902,0.85072,0.85082,1.37,1.00
2018.02.21 01:51:27.470,0.85072,0.85083,1.37,1.87
2018.02.21 01:51:27.624,0.85072,0.85083,1.37,2.25
2018.02.21 01:51:28.154,0.85072,0.85082,1.00,1.12
2018.02.21 01:51:28.599,0.85069,0.8508,2.62,1.50
2018.02.21 01:51:28.702,0.85068,0.85079,1.12,1.00
2018.02.21 01:51:29.567,0.85067,0.85078,1.12,1.87
2018.02.21 01:51:31.153,0.85067,0.85077,1.12,1.00
2018.02.21 01:51:31.725,0.85067,0.85078,1.12,1.50
2018.02.21 01:51:34.983,0.85069,0.8508,1.12,1.50
2018.02.21 01:51:35.345,0.85071,0.85081,1.00,1.12
2018.02.21 01:51:35.646,0.85073,0.85082,2.25,1.00
2018.02.21 01:51:35.901,0.85072,0.85082,2.25,1.00
2018.02.21 01:51:36.748,0.85073,0.85083,1.00,1.00
2018.02.21 01:51:37.287,0.85073,0.85083,1.50,1.00
2018.02.21 01:51:37.914,0.85074,0.85084,1.12,1.50
2018.02.21 01:51:38.018,0.85072,0.85084,1.87,3.37
2018.02.21 01:51:38.530,0.85072,0.85083,1.87,1.87
2018.02.21 01:51:39.085,0.85072,0.85082,1.12,1.00
2018.02.21 01:51:39.383,0.8507,0.85081,1.87,1.00
2018.02.21 01:51:39.829,0.85071,0.85082,2.62,2.62
2018.02.21 01:51:44.767,0.85073,0.85084,1.50,1.00
2018.02.21 01:51:45.067,0.85072,0.85084,1.50,2.25
2018.02.21 01:51:46.949,0.85073,0.85084,1.00,2.25
2018.02.21 01:51:47.623,0.85074,0.85084,1.00,1.00
2018.02.21 01:51:47.931,0.8507,0.85082,3.37,1.50
2018.02.21 01:51:48.444,0.8507,0.85081,3.37,1.00
2018.02.21 01:51:49.879,0.85069,0.85081,4.12,2.62
2018.02.21 01:51:50.135,0.85069,0.85079,1.50,1.00
2018.02.21 01:51:50.567,0.8507,0.85081,1.12,1.12
2018.02.21 01:51:50.620,0.85071,0.85082,3.00,1.12
2018.02.21 01:51:57.361,0.85072,0.85082,3.37,1.00
2018.02.21 01:51:58.947,0.85072,0.85083,3.37,1.50
2018.02.21 01:52:01.016,0.85072,0.85084,4.12,1.50
2018.02.21 01:52:01.355,0.85075,0.85086,1.12,1.12
2018.02.21 01:52:01.662,0.85074,0.85086,1.00,5.25
2018.02.21 01:52:01.916,0.85076,0.85088,1.12,2.25
2018.02.21 01:52:02.018,0.85078,0.85088,1.50,1.00
2018.02.21 01:52:02.519,0.85077,0.8509,2.62,4.12
2018.02.21 01:52:02.826,0.85077,0.85089,1.00,3.37
2018.02.21 01:52:03.564,0.85077,0.85089,1.37,3.00
2018.02.21 01:52:04.712,0.85079,0.85089,1.00,2.25
2018.02.21 01:52:04.868,0.8508,0.85091,1.00,1.50
2018.02.21 01:52:05.463,0.8508,0.85089,1.00,1.00
2018.02.21 01:52:05.514,0.85078,0.85089,1.12,1.00
2018.02.21 01:52:06.406,0.85078,0.85089,1.12,1.37
2018.02.21 01:52:06.567,0.85078,0.85087,1.00,2.25
2018.02.21 01:52:06.771,0.85078,0.85089,1.00,3.00
2018.02.21 01:52:08.594,0.85078,0.85087,1.00,1.00
2018.02.21 01:52:08.646,0.85075,0.85087,1.50,2.25
2018.02.21 01:52:08.699,0.85075,0.85086,1.12,2.62
2018.02.21 01:52:14.989,0.85072,0.85083,1.00,1.12
2018.02.21 01:52:18.187,0.85075,0.85086,1.12,3.37
2018.02.21 01:52:18.239,0.85075,0.85087,1.12,2.62
2018.02.21 01:52:19.549,0.85078,0.85088,1.00,4.12
2018.02.21 01:52:20.062,0.85077,0.85088,1.50,1.00
2018.02.21 01:52:20.593,0.85077,0.85088,1.12,1.87
2018.02.21 01:52:22.275,0.85077,0.85089,2.62,1.87
2018.02.21 01:52:22.586,0.85078,0.85089,1.50,1.00
2018.02.21 01:52:23.184,0.85079,0.85091,2.62,1.00
2018.02.21 01:52:23.814,0.85079,0.85091,1.87,1.12
2018.02.21 01:52:23.938,0.85081,0.85092,1.00,1.50
2018.02.21 01:52:24.246,0.85082,0.85093,2.25,1.12
2018.02.21 01:52:26.061,0.85081,0.85093,1.12,1.12
2018.02.21 01:52:26.317,0.8508,0.85092,1.50,3.37
2018.02.21 01:52:27.791,0.85081,0.85092,2.62,1.00
2018.02.21 01:52:27.894,0.85079,0.85092,4.12,1.12
2018.02.21 01:52:28.547,0.85081,0.85092,1.00,1.12
2018.02.21 01:52:28.600,0.85079,0.85089,1.00,1.00
2018.02.21 01:52:28.756,0.85077,0.85089,1.00,1.50
2018.02.21 01:52:28.859,0.85077,0.85089,3.37,1.12
2018.02.21 01:52:29.064,0.85078,0.85091,4.50,1.87
2018.02.21 01:52:30.672,0.8508,0.85092,4.12,1.50
2018.02.21 01:52:30.787,0.85082,0.85093,2.62,1.50
2018.02.21 01:52:30.838,0.85081,0.85092,1.50,1.00
2018.02.21 01:52:33.444,0.85082,0.85093,1.12,1.00
2018.02.21 01:52:33.547,0.85083,0.85094,2.62,1.00
2018.02.21 01:52:33.702,0.85084,0.85096,1.50,1.50
2018.02.21 01:52:34.738,0.85084,0.85097,1.50,2.62
2018.02.21 01:52:35.793,0.85086,0.85098,3.37,1.37
2018.02.21 01:52:35.999,0.85089,0.85099,1.00,1.00
2018.02.21 01:52:36.236,0.85085,0.85098,5.62,1.12
2018.02.21 01:52:36.339,0.85086,0.85096,1.50,1.00
2018.02.21 01:52:36.494,0.85084,0.85096,1.50,1.00
2018.02.21 01:52:37.767,0.85083,0.85095,3.37,1.00
2018.02.21 01:52:38.350,0.85082,0.85094,5.25,1.00
2018.02.21 01:52:41.283,0.85082,0.85095,4.87,1.87
2018.02.21 01:52:41.843,0.85084,0.85094,1.50,1.00
2018.02.21 01:52:42.290,0.85084,0.85096,1.50,1.00
2018.02.21 01:52:42.393,0.85085,0.85096,3.37,1.00
2018.02.21 01:52:42.496,0.85086,0.85098,2.25,1.87
2018.02.21 01:52:42.892,0.85084,0.85097,2.25,1.12
2018.02.21 01:52:43.431,0.85084,0.85096,1.50,1.50
2018.02.21 01:52:45.232,0.85085,0.85095,1.12,1.00
2018.02.21 01:52:45.781,0.85084,0.85095,1.00,1.50
2018.02.21 01:52:46.781,0.85084,0.85093,1.00,1.00
2018.02.21 01:52:46.883,0.8508,0.85092,4.87,1.00
2018.02.21 01:52:48.203,0.8508,0.85091,1.50,1.00
2018.02.21 01:52:49.274,0.8508,0.8509,1.12,1.00
2018.02.21 01:52:50.805,0.8508,0.8509,1.00,3.37
2018.02.21 01:52:51.164,0.85077,0.85087,1.50,1.12
2018.02.21 01:52:51.797,0.85076,0.85088,2.25,1.50
2018.02.21 01:52:53.055,0.85077,0.85088,1.00,1.50
2018.02.21 01:52:53.772,0.85076,0.85088,2.25,1.50
2018.02.21 01:52:54.333,0.85077,0.85088,1.00,1.50
2018.02.21 01:52:54.985,0.85075,0.85088,4.35,1.50
2018.02.21 01:52:55.842,0.85077,0.85088,1.00,1.50
2018.02.21 01:52:56.524,0.85078,0.85089,1.00,1.12
2018.02.21 01:52:56.985,0.85077,0.85087,1.00,1.50
2018.02.21 01:52:57.638,0.85076,0.85087,1.50,3.00
2018.02.21 01:52:57.842,0.85072,0.85084,2.25,1.50
2018.02.21 01:52:57.944,0.85074,0.85084,1.00,1.50
2018.02.21 01:52:58.251,0.85072,0.85083,1.00,2.62
2018.02.21 01:52:58.811,0.85072,0.85084,1.50,3.37
2018.02.21 01:52:58.966,0.85071,0.85083,1.00,4.12
2018.02.21 01:52:59.631,0.85072,0.85083,1.00,2.25
2018.02.21 01:53:00.383,0.85071,0.85083,1.50,1.50
2018.02.21 01:53:00.897,0.85071,0.85083,2.62,1.37
2018.02.21 01:53:04.153,0.85072,0.85082,1.12,1.12
2018.02.21 01:53:08.665,0.85071,0.85083,1.50,1.12
2018.02.21 01:53:09.296,0.85071,0.85083,1.00,1.50
2018.02.21 01:53:09.642,0.8507,0.85082,1.00,4.12
2018.02.21 01:53:11.034,0.8507,0.85083,1.12,2.25
2018.02.21 01:53:11.086,0.85072,0.85084,1.00,3.37
2018.02.21 01:53:11.702,0.85073,0.85084,1.00,2.62
2018.02.21 01:53:12.048,0.85089,0.85094,1.00,1.12
2018.02.21 01:53:12.218,0.85089,0.851,1.00,1.12
2018.02.21 01:53:12.727,0.85088,0.851,1.12,1.50
2018.02.21 01:53:13.313,0.85089,0.851,1.00,3.00
2018.02.21 01:53:13.365,0.85088,0.85099,1.00,2.62
2018.02.21 01:53:13.631,0.85089,0.85101,1.12,1.12
2018.02.21 01:53:13.683,0.85091,0.85101,1.00,1.50
2018.02.21 01:53:14.634,0.85089,0.85102,1.12,3.75
2018.02.21 01:53:14.788,0.85089,0.85099,1.12,1.00
2018.02.21 01:53:15.903,0.85088,0.85099,1.50,2.25
2018.02.21 01:53:17.155,0.85087,0.85099,1.00,1.50
2018.02.21 01:53:17.682,0.85087,0.85098,1.50,1.00
2018.02.21 01:53:19.672,0.85088,0.85098,1.00,1.00
2018.02.21 01:53:20.428,0.85087,0.85098,1.00,1.00
2018.02.21 01:53:20.736,0.85086,0.85097,1.12,1.50
2018.02.21 01:53:21.070,0.85084,0.85096,1.12,1.12
2018.02.21 01:53:21.907,0.85085,0.85096,1.00,1.87
2018.02.21 01:53:22.009,0.85085,0.85096,3.37,1.00
2018.02.21 01:53:22.531,0.85086,0.85097,1.37,1.12
2018.02.21 01:53:24.308,0.85085,0.85096,2.62,1.00
2018.02.21 01:53:24.833,0.85084,0.85096,1.12,1.12
2018.02.21 01:53:26.199,0.85083,0.85095,3.37,1.00
2018.02.21 01:53:27.469,0.85083,0.85096,3.37,1.87
2018.02.21 01:53:28.094,0.85083,0.85095,3.37,1.00
2018.02.21 01:53:28.791,0.85084,0.85096,1.12,1.12
2018.02.21 01:53:28.947,0.85082,0.85094,3.37,1.00
2018.02.21 01:53:29.858,0.85082,0.85092,3.37,1.00
2018.02.21 01:53:30.269,0.85081,0.85091,1.87,1.00
2018.02.21 01:53:30.746,0.85081,0.85093,1.12,1.87
2018.02.21 01:53:33.503,0.85082,0.85093,1.00,1.12
2018.02.21 01:53:34.054,0.85082,0.85093,1.50,1.00
2018.02.21 01:53:34.564,0.85082,0.85094,3.00,1.12
2018.02.21 01:53:35.071,0.85083,0.85093,1.12,1.00
2018.02.21 01:53:35.334,0.85085,0.85095,1.00,1.00
2018.02.21 01:53:36.259,0.85083,0.85095,1.12,1.50
2018.02.21 01:53:36.766,0.85083,0.85093,1.00,1.12
2018.02.21 01:53:40.085,0.85081,0.85094,2.62,3.00
2018.02.21 01:53:40.590,0.85082,0.85093,1.00,1.12
2018.02.21 01:53:41.162,0.85081,0.85094,2.62,3.00
2018.02.21 01:53:41.549,0.85083,0.85094,1.00,2.25
2018.02.21 01:53:46.535,0.85084,0.85094,1.00,1.00
2018.02.21 01:53:47.627,0.85084,0.85095,1.00,1.50
2018.02.21 01:53:48.073,0.85084,0.85095,3.37,1.00
2018.02.21 01:53:48.520,0.85082,0.85094,3.00,1.12
2018.02.21 01:53:49.039,0.85082,0.85093,1.00,1.12
2018.02.21 01:53:49.558,0.85082,0.85093,4.12,1.00
2018.02.21 01:53:49.867,0.85084,0.85095,1.87,1.50
2018.02.21 01:53:49.919,0.85086,0.85095,1.00,1.00
2018.02.21 01:53:49.971,0.85084,0.85096,2.25,2.25
2018.02.21 01:53:50.023,0.85084,0.85096,1.50,4.12
2018.02.21 01:53:52.994,0.85083,0.85095,1.50,3.00
2018.02.21 01:53:53.848,0.85084,0.85095,1.00,2.25
2018.02.21 01:53:54.700,0.85085,0.85095,1.00,2.25
2018.02.21 01:53:55.337,0.85085,0.85095,1.00,1.50
2018.02.21 01:53:56.234,0.85084,0.85095,1.00,1.50
2018.02.21 01:53:57.061,0.85085,0.85096,1.12,1.37
2018.02.21 01:53:57.215,0.85083,0.85095,1.50,1.50
2018.02.21 01:53:57.876,0.85084,0.85096,1.50,3.00
2018.02.21 01:53:59.391,0.85085,0.85095,1.12,1.00
2018.02.21 01:53:59.984,0.85084,0.85096,1.50,1.00
2018.02.21 01:54:00.884,0.85085,0.85095,1.12,1.00
2018.02.21 01:54:02.594,0.85085,0.85097,1.12,1.87
2018.02.21 01:54:02.698,0.85084,0.85096,1.00,3.37
2018.02.21 01:54:03.733,0.85083,0.85096,1.87,4.12
2018.02.21 01:54:04.145,0.85083,0.85094,1.00,2.62
2018.02.21 01:54:04.340,0.85081,0.85094,1.50,4.12
2018.02.21 01:54:04.444,0.85083,0.85094,1.12,1.12
2018.02.21 01:54:05.389,0.85082,0.85094,1.12,1.87
2018.02.21 01:54:05.911,0.85081,0.85093,1.50,1.50
2018.02.21 01:54:06.183,0.8508,0.85092,1.87,1.12
2018.02.21 01:54:09.366,0.85082,0.85092,1.00,1.12
2018.02.21 01:54:09.896,0.85082,0.85094,1.87,4.50
2018.02.21 01:54:10.512,0.85081,0.85092,1.50,1.50
2018.02.21 01:54:11.052,0.85081,0.85092,1.50,2.62
2018.02.21 01:54:14.392,0.85081,0.85092,1.00,1.12
2018.02.21 01:54:14.648,0.85082,0.85094,4.12,1.00
2018.02.21 01:54:15.192,0.85083,0.85095,1.50,1.12
2018.02.21 01:54:20.322,0.85082,0.85093,2.25,1.00
2018.02.21 01:54:21.293,0.85081,0.85093,1.00,1.50
2018.02.21 01:54:22.398,0.85082,0.85094,1.50,2.25
2018.02.21 01:54:22.603,0.85083,0.85095,3.37,1.37
2018.02.21 01:54:27.934,0.85083,0.85096,2.25,4.87
2018.02.21 01:54:28.684,0.85084,0.85094,1.00,1.00
2018.02.21 01:54:30.275,0.85083,0.85093,1.50,1.00
2018.02.21 01:54:30.936,0.85083,0.85093,1.12,1.37
2018.02.21 01:54:33.054,0.85083,0.85093,1.12,1.12
2018.02.21 01:54:34.944,0.85083,0.85093,1.00,1.37
2018.02.21 01:54:35.884,0.85081,0.85094,5.62,4.12
2018.02.21 01:54:42.154,0.85081,0.85092,1.12,2.62
2018.02.21 01:54:42.949,0.85082,0.85092,1.00,1.00
2018.02.21 01:54:43.500,0.85081,0.85093,1.87,1.87
2018.02.21 01:54:43.685,0.85081,0.8509,1.50,1.00
2018.02.21 01:54:44.194,0.85079,0.8509,3.00,1.00
2018.02.21 01:54:44.735,0.85079,0.8509,1.50,1.50
2018.02.21 01:54:44.974,0.85077,0.85088,1.50,1.50
2018.02.21 01:54:45.181,0.85075,0.85087,2.25,1.50
2018.02.21 01:54:45.233,0.85077,0.85087,1.00,1.00
2018.02.21 01:54:45.572,0.85075,0.85087,1.12,3.37
2018.02.21 01:54:46.133,0.85074,0.85084,1.50,1.00
2018.02.21 01:54:46.644,0.85073,0.85084,1.50,1.00
2018.02.21 01:54:46.953,0.85071,0.85083,1.87,3.37
2018.02.21 01:54:47.305,0.85073,0.85083,1.00,2.62
2018.02.21 01:54:47.846,0.85072,0.85083,1.00,2.62
2018.02.21 01:54:48.392,0.85071,0.85083,1.87,3.37
2018.02.21 01:54:50.303,0.85074,0.85085,1.50,4.12
2018.02.21 01:54:50.406,0.85074,0.85086,4.12,1.00
2018.02.21 01:54:51.093,0.85074,0.85087,4.12,1.87
2018.02.21 01:54:51.684,0.85074,0.85086,1.12,1.87
2018.02.21 01:54:52.376,0.85073,0.85085,1.50,1.00
2018.02.21 01:54:53.707,0.85072,0.85083,1.50,1.00
2018.02.21 01:54:54.220,0.85073,0.85084,2.25,1.00
2018.02.21 01:54:54.733,0.85073,0.85085,1.12,1.12
2018.02.21 01:54:56.915,0.85074,0.85085,2.62,1.00
2018.02.21 01:54:57.437,0.85075,0.85086,1.12,1.00
2018.02.21 01:54:57.976,0.85074,0.85086,1.50,4.12
2018.02.21 01:55:01.047,0.85076,0.85086,1.00,2.62
2018.02.21 01:55:02.134,0.85076,0.85088,1.00,3.37
2018.02.21 01:55:02.824,0.85075,0.85087,2.25,1.50
2018.02.21 01:55:03.160,0.85075,0.85088,2.25,1.87
2018.02.21 01:55:03.692,0.85078,0.8509,1.00,3.00
2018.02.21 01:55:04.004,0.85072,0.85083,1.50,2.25
2018.02.21 01:55:04.419,0.8507,0.85082,1.00,2.62
2018.02.21 01:55:04.722,0.85068,0.8508,1.37,4.12
2018.02.21 01:55:05.625,0.8507,0.8508,1.00,2.62
2018.02.21 01:55:08.990,0.8507,0.85081,1.87,3.00
2018.02.21 01:55:09.642,0.85071,0.85083,1.00,3.37
2018.02.21 01:55:10.341,0.85071,0.85081,1.00,2.62
2018.02.21 01:55:10.444,0.85067,0.8508,4.87,1.37
2018.02.21 01:55:10.643,0.85066,0.85076,1.00,1.00
2018.02.21 01:55:11.433,0.85065,0.85078,1.12,4.87
2018.02.21 01:55:13.408,0.85064,0.85077,1.00,5.62
2018.02.21 01:55:14.564,0.85062,0.85075,3.37,2.62
2018.02.21 01:55:15.102,0.85062,0.85073,2.62,1.50
2018.02.21 01:55:15.154,0.85061,0.85073,1.00,3.00
2018.02.21 01:55:16.793,0.85062,0.85073,1.00,1.50
2018.02.21 01:55:18.345,0.85062,0.85073,1.12,1.12
2018.02.21 01:55:18.397,0.85063,0.85075,1.50,1.50
2018.02.21 01:55:18.450,0.85065,0.85076,1.12,1.00
2018.02.21 01:55:18.911,0.85062,0.85073,2.25,1.50
2018.02.21 01:55:19.481,0.85063,0.85073,1.00,2.25
2018.02.21 01:55:19.942,0.8506,0.85072,1.12,2.62
2018.02.21 01:55:20.476,0.8506,0.85071,1.12,1.50
2018.02.21 01:55:20.528,0.85058,0.85071,1.00,5.62
2018.02.21 01:55:21.143,0.85059,0.85071,1.00,4.12
2018.02.21 01:55:22.813,0.85059,0.85067,1.00,1.00
2018.02.21 01:55:23.374,0.8506,0.85067,1.00,1.00
2018.02.21 01:55:24.607,0.85061,0.85071,1.00,2.62
2018.02.21 01:55:25.280,0.85062,0.85071,1.00,3.37
2018.02.21 01:55:26.043,0.85064,0.85073,1.00,3.37
2018.02.21 01:55:26.249,0.85066,0.85075,1.00,1.00
2018.02.21 01:55:28.533,0.85065,0.85075,1.00,1.00
2018.02.21 01:55:28.636,0.85065,0.85073,1.00,1.00
2018.02.21 01:55:29.928,0.85064,0.85073,1.00,1.00
2018.02.21 01:55:31.610,0.85063,0.85073,1.00,1.00
2018.02.21 01:55:32.142,0.85062,0.85073,1.00,1.50
2018.02.21 01:55:32.939,0.8506,0.85071,1.00,1.50
2018.02.21 01:55:33.467,0.85061,0.85072,1.00,2.25
2018.02.21 01:55:33.774,0.85063,0.85072,1.00,1.12
2018.02.21 01:55:34.268,0.85061,0.85071,1.00,1.00
2018.02.21 01:55:35.144,0.8506,0.85071,1.50,1.00
2018.02.21 01:55:39.315,0.85061,0.85071,1.00,1.00
2018.02.21 01:55:41.524,0.85062,0.85074,1.87,3.00
2018.02.21 01:55:47.811,0.85061,0.85073,1.00,2.25
2018.02.21 01:55:48.582,0.8506,0.85071,1.00,1.12
2018.02.21 01:55:49.094,0.85059,0.85071,1.87,1.12
2018.02.21 01:55:53.029,0.85058,0.8507,1.50,1.00
2018.02.21 01:55:54.091,0.85057,0.85069,3.37,1.00
2018.02.21 01:55:57.636,0.85057,0.85068,3.37,1.00
2018.02.21 01:55:59.045,0.85055,0.85068,3.37,2.25
2018.02.21 01:56:00.253,0.85056,0.85067,1.12,1.00
2018.02.21 01:56:00.765,0.85057,0.8507,4.12,1.87
2018.02.21 01:56:02.465,0.85057,0.85069,4.12,1.50
2018.02.21 01:56:03.283,0.85057,0.85069,1.87,4.12
2018.02.21 01:56:04.796,0.85054,0.85067,1.12,6.37
2018.02.21 01:56:07.270,0.85056,0.85067,1.12,1.12
2018.02.21 01:56:07.374,0.85057,0.85069,1.12,1.87
2018.02.21 01:56:07.426,0.85059,0.85069,1.00,1.12
2018.02.21 01:56:08.464,0.85059,0.8507,1.00,1.87
2018.02.21 01:56:13.336,0.85059,0.8507,1.00,3.00
2018.02.21 01:56:15.763,0.85058,0.85068,1.00,1.00
2018.02.21 01:56:16.836,0.85059,0.85068,1.00,1.00
2018.02.21 01:56:18.042,0.85057,0.85069,2.25,3.37
2018.02.21 01:56:18.146,0.85056,0.85067,1.50,1.50
2018.02.21 01:56:18.453,0.85054,0.85066,1.12,4.87
2018.02.21 01:56:19.181,0.85054,0.85066,1.12,1.87
2018.02.21 01:56:22.090,0.85056,0.85066,1.00,1.12
2018.02.21 01:56:22.142,0.85054,0.85066,1.12,1.12
2018.02.21 01:56:22.193,0.85056,0.85066,1.00,1.12
2018.02.21 01:56:22.398,0.85056,0.85069,1.12,4.87
2018.02.21 01:56:23.093,0.85056,0.85067,1.12,1.00
2018.02.21 01:56:24.384,0.85056,0.85066,1.00,2.25
2018.02.21 01:56:24.488,0.85056,0.85067,1.37,1.12
2018.02.21 01:56:25.027,0.85054,0.85066,1.87,2.62
2018.02.21 01:56:25.580,0.85054,0.85065,1.12,1.50
2018.02.21 01:56:32.598,0.85052,0.85062,1.12,1.00
2018.02.21 01:56:32.649,0.8505,0.85062,1.50,1.50
2018.02.21 01:56:32.855,0.85048,0.8506,3.00,2.25
2018.02.21 01:56:37.662,0.85049,0.85061,3.00,1.87
2018.02.21 01:56:38.918,0.85048,0.85055,1.00,1.00
2018.02.21 01:56:39.021,0.85044,0.85056,2.25,1.87
2018.02.21 01:56:39.074,0.85043,0.85054,2.62,1.00
2018.02.21 01:56:39.203,0.85043,0.85054,1.00,2.62
2018.02.21 01:56:39.254,0.85045,0.85056,1.00,1.12
2018.02.21 01:56:39.813,0.85044,0.85055,1.12,1.00
2018.02.21 01:56:40.333,0.85045,0.85057,1.50,4.12
2018.02.21 01:56:42.024,0.85046,0.85057,1.00,4.12
2018.02.21 01:56:42.230,0.85048,0.85058,1.50,1.00
2018.02.21 01:56:42.283,0.85048,0.85061,1.50,1.50
2018.02.21 01:56:42.812,0.8505,0.8506,1.00,1.12
2018.02.21 01:56:44.422,0.85051,0.85062,1.00,2.62
2018.02.21 01:56:44.558,0.85053,0.85064,1.00,4.12
2018.02.21 01:56:45.062,0.85053,0.85064,1.12,2.25
2018.02.21 01:56:46.486,0.85051,0.85062,1.12,2.25
2018.02.21 01:56:48.483,0.85052,0.85063,2.25,1.00
2018.02.21 01:56:49.757,0.85054,0.85063,1.00,1.12
2018.02.21 01:56:50.363,0.85053,0.85063,1.00,1.87
2018.02.21 01:56:52.108,0.85055,0.85066,1.00,2.25
2018.02.21 01:56:52.648,0.85056,0.85068,1.50,4.12
2018.02.21 01:56:53.333,0.85055,0.85067,1.50,1.50
2018.02.21 01:56:54.235,0.85057,0.85068,1.12,3.37
2018.02.21 01:56:54.339,0.85059,0.85069,1.00,1.12
2018.02.21 01:56:54.647,0.85057,0.8507,1.50,4.87
2018.02.21 01:56:55.175,0.85058,0.8507,1.00,4.87
2018.02.21 01:56:55.971,0.85057,0.8507,3.00,1.87
2018.02.21 01:56:56.961,0.8506,0.85071,1.00,2.25
2018.02.21 01:56:58.868,0.85059,0.85071,1.87,3.00
2018.02.21 01:56:59.175,0.85058,0.85069,1.50,3.00
2018.02.21 01:57:01.084,0.85058,0.8507,1.12,1.87
2018.02.21 01:57:02.659,0.85059,0.85071,1.00,4.12
2018.02.21 01:57:03.764,0.85059,0.8507,1.00,2.62
2018.02.21 01:57:04.867,0.8506,0.85071,1.00,5.62
2018.02.21 01:57:05.242,0.85061,0.85072,1.00,1.50
2018.02.21 01:57:06.359,0.8506,0.85072,1.50,1.00
2018.02.21 01:57:07.118,0.85059,0.8507,1.87,2.25
2018.02.21 01:57:07.375,0.85057,0.85068,1.50,1.50
2018.02.21 01:57:08.265,0.85058,0.85068,1.00,1.00
2018.02.21 01:57:08.317,0.85058,0.8507,1.87,1.12
2018.02.21 01:57:08.369,0.8506,0.85071,1.00,4.87
2018.02.21 01:57:12.652,0.85059,0.85071,2.62,3.37
2018.02.21 01:57:14.170,0.8506,0.85071,1.00,3.37
2018.02.21 01:57:15.841,0.8506,0.85071,2.25,3.37
2018.02.21 01:57:16.542,0.8506,0.85071,1.50,3.37
2018.02.21 01:57:18.468,0.85058,0.8507,3.37,1.12
2018.02.21 01:57:19.614,0.85058,0.85069,1.87,1.00
2018.02.21 01:57:23.465,0.85057,0.85069,1.00,4.12
2018.02.21 01:57:23.798,0.85056,0.85067,1.12,4.12
2018.02.21 01:57:25.042,0.85055,0.85068,3.75,4.12
2018.02.21 01:57:25.630,0.85057,0.85067,3.00,1.37
2018.02.21 01:57:25.683,0.85058,0.85069,1.00,1.50
2018.02.21 01:57:25.787,0.85061,0.85071,1.00,2.25
2018.02.21 01:57:26.337,0.85062,0.85072,1.00,4.12
2018.02.21 01:57:28.085,0.8506,0.85071,1.00,2.25
2018.02.21 01:57:28.188,0.85059,0.85069,1.00,2.62
2018.02.21 01:57:28.341,0.85056,0.85069,1.87,4.87
2018.02.21 01:57:28.862,0.85055,0.85067,1.50,3.37
2018.02.21 01:57:29.610,0.85056,0.85067,1.00,3.37
2018.02.21 01:57:30.122,0.85057,0.85067,1.00,3.37
2018.02.21 01:57:32.972,0.85056,0.85067,1.00,3.37
2018.02.21 01:57:37.538,0.85058,0.85069,1.50,1.50
2018.02.21 01:57:37.826,0.8506,0.85072,1.00,2.25
2018.02.21 01:57:38.370,0.85061,0.85072,1.00,1.50
2018.02.21 01:57:40.634,0.8506,0.85072,1.00,2.25
2018.02.21 01:57:51.436,0.85059,0.85072,1.12,3.00
2018.02.21 01:57:51.967,0.85061,0.85072,1.00,3.75
2018.02.21 01:57:53.298,0.85061,0.85072,3.00,1.12
2018.02.21 01:58:01.247,0.85063,0.85073,1.00,1.37
2018.02.21 01:58:01.749,0.85061,0.85073,2.25,4.12
2018.02.21 01:58:04.838,0.85061,0.85072,1.00,1.50
2018.02.21 01:58:07.470,0.8506,0.85072,1.50,2.25
2018.02.21 01:58:08.645,0.85059,0.85071,1.12,1.12
2018.02.21 01:58:09.358,0.8506,0.85072,1.00,3.37
2018.02.21 01:58:15.315,0.85058,0.85071,4.12,1.87
2018.02.21 01:58:15.624,0.85059,0.85069,1.12,1.87
2018.02.21 01:58:24.729,0.85057,0.85066,2.62,1.00
2018.02.21 01:58:24.781,0.85054,0.85066,5.47,1.00
2018.02.21 01:58:24.956,0.85054,0.85065,1.00,4.12
2018.02.21 01:58:26.290,0.85053,0.85065,1.00,4.12
2018.02.21 01:58:26.597,0.85055,0.85065,1.00,1.12
2018.02.21 01:58:27.779,0.85053,0.85066,1.50,3.00
2018.02.21 01:58:28.085,0.85052,0.85064,2.62,2.25
2018.02.21 01:58:33.100,0.85054,0.85066,1.37,4.50
2018.02.21 01:58:33.307,0.85058,0.85068,1.00,1.00
2018.02.21 01:58:33.767,0.8506,0.85069,1.00,1.00
2018.02.21 01:58:34.271,0.8506,0.8507,1.00,1.87
2018.02.21 01:58:35.729,0.8506,0.85072,1.12,2.25
2018.02.21 01:58:38.448,0.85059,0.8507,1.00,1.12
2018.02.21 01:58:39.640,0.8506,0.85072,1.00,2.25
2018.02.21 01:58:40.173,0.85061,0.85073,1.50,2.25
2018.02.21 01:58:41.242,0.85062,0.85075,2.25,3.37
2018.02.21 01:58:41.415,0.85065,0.85075,1.00,1.12
2018.02.21 01:58:42.460,0.85064,0.85076,3.37,1.37
2018.02.21 01:58:44.896,0.85065,0.85077,2.25,3.37
2018.02.21 01:58:45.586,0.85064,0.85076,1.50,2.25
2018.02.21 01:58:52.103,0.85063,0.85075,1.87,1.12
2018.02.21 01:58:56.541,0.85063,0.85074,1.12,1.00
2018.02.21 01:58:56.851,0.85061,0.85073,2.62,1.50
2018.02.21 01:58:57.759,0.85063,0.85074,1.00,1.50
2018.02.21 01:58:58.082,0.85065,0.85076,1.50,1.12
2018.02.21 01:58:59.922,0.85063,0.85075,1.50,1.50
2018.02.21 01:59:00.231,0.85062,0.85074,1.00,2.62
2018.02.21 01:59:01.934,0.85063,0.85075,1.37,3.00
2018.02.21 01:59:05.752,0.85063,0.85073,1.00,1.12
2018.02.21 01:59:05.855,0.85059,0.85071,1.00,4.12
2018.02.21 01:59:05.958,0.85058,0.8507,1.50,2.62
2018.02.21 01:59:06.563,0.85058,0.8507,2.25,1.50
2018.02.21 01:59:06.955,0.8506,0.8507,1.00,1.00
2018.02.21 01:59:07.131,0.8506,0.85072,1.12,2.62
2018.02.21 01:59:07.888,0.85061,0.85072,1.00,1.12
2018.02.21 01:59:09.880,0.8506,0.85072,1.12,1.87
2018.02.21 01:59:10.051,0.85062,0.85072,1.00,1.87
2018.02.21 01:59:10.580,0.85063,0.85074,1.00,1.50
2018.02.21 01:59:11.092,0.85063,0.85072,1.00,1.00
2018.02.21 01:59:13.336,0.85061,0.85072,1.00,1.00
2018.02.21 01:59:13.387,0.85063,0.85075,1.00,3.37
2018.02.21 01:59:16.868,0.85062,0.85074,1.87,3.00
2018.02.21 01:59:17.409,0.85062,0.85072,1.00,1.00
2018.02.21 01:59:20.535,0.85062,0.85072,1.00,3.37
2018.02.21 01:59:22.649,0.85065,0.85074,1.00,3.37
2018.02.21 01:59:25.395,0.85065,0.85076,1.12,3.00
2018.02.21 01:59:25.549,0.85063,0.85074,1.00,1.50
2018.02.21 01:59:26.065,0.85062,0.85073,1.00,2.62
2018.02.21 01:59:28.019,0.85061,0.85073,1.50,3.37
2018.02.21 01:59:32.707,0.85062,0.85073,1.00,2.62
2018.02.21 01:59:33.252,0.85063,0.85073,1.00,2.62
2018.02.21 01:59:34.253,0.85062,0.85073,1.50,2.62
2018.02.21 01:59:38.953,0.85064,0.85075,1.50,3.37
2018.02.21 01:59:39.108,0.85062,0.85075,3.00,4.12
2018.02.21 01:59:41.986,0.85062,0.85074,1.87,2.62
2018.02.21 01:59:42.944,0.85062,0.85072,1.00,2.62
2018.02.21 01:59:43.554,0.85062,0.85074,1.00,4.87
2018.02.21 01:59:44.562,0.85063,0.85074,1.12,4.87
2018.02.21 01:59:56.148,0.85063,0.85073,1.00,1.00
