2013.07.22 21:00:00.082,0.964,0.96484,1.35,1.35
2013.07.22 21:00:00.354,0.96402,0.96496,0.75,0.75
2013.07.22 21:00:00.994,0.96402,0.96497,0.75,0.75
2013.07.22 21:00:01.129,0.96412,0.96497,0.75,0.75
2013.07.22 21:00:01.507,0.9644,0.96498,0.75,0.75
2013.07.22 21:00:01.876,0.96429,0.96498,1.35,0.75
2013.07.22 21:00:02.518,0.96412,0.96491,0.75,0.68
2013.07.22 21:00:02.576,0.96408,0.96491,0.68,0.68
2013.07.22 21:00:03.098,0.96407,0.96492,0.68,0.68
2013.07.22 21:00:04.774,0.96411,0.96492,0.68,0.68
2013.07.22 21:00:04.834,0.96411,0.96498,1.35,2.10
2013.07.22 21:00:05.799,0.96408,0.96492,0.68,0.68
2013.07.22 21:00:06.268,0.96411,0.96492,0.75,0.68
2013.07.22 21:00:07.818,0.96402,0.96486,0.75,0.68
2013.07.22 21:00:09.395,0.96401,0.96486,0.68,0.68
2013.07.22 21:00:15.625,0.96403,0.96486,0.68,0.68
2013.07.22 21:00:15.684,0.96404,0.96491,0.68,0.68
2013.07.22 21:00:17.016,0.96403,0.96484,0.68,0.68
2013.07.22 21:00:17.194,0.96397,0.96484,0.68,0.68
2013.07.22 21:00:24.204,0.96401,0.96484,0.75,0.68
2013.07.22 21:00:26.934,0.96406,0.96485,0.68,0.68
2013.07.22 21:00:27.005,0.96406,0.9649,0.68,0.68
2013.07.22 21:00:27.364,0.96405,0.96526,0.68,0.68
2013.07.22 21:00:34.765,0.96405,0.96469,0.68,0.68
2013.07.22 21:00:34.825,0.96402,0.96468,0.75,0.68
2013.07.22 21:00:36.105,0.96401,0.96468,0.75,0.68
2013.07.22 21:00:36.165,0.96384,0.96468,0.68,0.68
2013.07.22 21:00:36.224,0.96384,0.96466,0.68,0.68
2013.07.22 21:00:36.494,0.96382,0.96466,0.75,1.35
2013.07.22 21:00:38.635,0.96387,0.96466,0.75,1.35
2013.07.22 21:00:39.119,0.96402,0.96468,0.75,0.68
2013.07.22 21:00:44.186,0.96417,0.96468,0.75,0.68
2013.07.22 21:00:44.304,0.96467,0.96551,0.68,0.68
2013.07.22 21:00:44.544,0.96465,0.96545,0.68,0.68
2013.07.22 21:00:44.604,0.96407,0.96545,0.68,0.68
2013.07.22 21:00:44.696,0.96405,0.96481,0.68,0.68
2013.07.22 21:00:44.754,0.96402,0.96481,0.75,0.68
2013.07.22 21:00:45.594,0.96402,0.96477,0.75,0.68
2013.07.22 21:00:46.149,0.96402,0.96476,0.75,0.68
2013.07.22 21:00:46.544,0.96402,0.96473,1.50,0.68
2013.07.22 21:00:47.334,0.96402,0.96472,1.50,0.68
2013.07.22 21:00:49.394,0.96407,0.96472,0.75,0.68
2013.07.22 21:00:49.515,0.96407,0.96476,0.75,0.68
2013.07.22 21:00:49.574,0.96407,0.96472,0.75,0.68
2013.07.22 21:00:53.394,0.96412,0.96472,0.75,0.68
2013.07.22 21:00:55.388,0.96406,0.96472,0.75,0.68
2013.07.22 21:00:57.336,0.96411,0.96472,0.75,0.68
2013.07.22 21:00:58.325,0.96412,0.96472,0.75,0.68
2013.07.22 21:01:05.365,0.96407,0.96472,0.75,0.68
2013.07.22 21:01:08.134,0.96401,0.96472,0.75,0.68
2013.07.22 21:01:08.194,0.96396,0.96472,0.75,0.68
2013.07.22 21:01:08.254,0.96396,0.96468,0.75,0.68
2013.07.22 21:01:13.404,0.96391,0.96468,0.75,0.68
2013.07.22 21:01:15.375,0.96392,0.96468,0.75,0.68
2013.07.22 21:01:15.844,0.96411,0.96468,0.75,0.68
2013.07.22 21:01:16.024,0.96411,0.96478,0.75,0.68
2013.07.22 21:01:17.724,0.96404,0.96478,1.50,0.68
2013.07.22 21:01:17.904,0.96404,0.96468,1.50,0.68
2013.07.22 21:01:17.964,0.96397,0.96468,0.75,1.35
2013.07.22 21:01:19.314,0.96412,0.96468,0.75,1.35
2013.07.22 21:01:19.554,0.96412,0.96478,0.75,0.68
2013.07.22 21:01:20.594,0.96404,0.96478,1.50,0.68
2013.07.22 21:01:20.774,0.96396,0.96468,0.75,0.68
2013.07.22 21:01:22.124,0.96396,0.96471,0.75,0.68
2013.07.22 21:01:22.634,0.96397,0.96471,0.75,0.68
2013.07.22 21:01:25.385,0.96396,0.96471,0.75,0.68
2013.07.22 21:01:27.204,0.96396,0.96465,0.75,0.68
2013.07.22 21:01:39.354,0.96397,0.96465,0.75,0.68
2013.07.22 21:01:39.475,0.96397,0.96469,0.75,1.35
2013.07.22 21:02:14.975,0.96406,0.9647,0.75,1.73
2013.07.22 21:02:16.296,0.96411,0.96456,0.75,0.75
2013.07.22 21:02:20.165,0.96404,0.96463,0.75,0.75
2013.07.22 21:02:20.248,0.96394,0.96463,0.75,0.75
2013.07.22 21:02:20.485,0.96389,0.96466,0.38,0.38
2013.07.22 21:02:20.545,0.96381,0.96464,1.35,0.38
2013.07.22 21:02:22.405,0.96385,0.96466,0.68,0.38
2013.07.22 21:02:22.827,0.96388,0.96466,0.75,0.38
2013.07.22 21:02:23.665,0.96385,0.96466,1.43,0.38
2013.07.22 21:02:23.845,0.96385,0.96468,1.43,0.38
2013.07.22 21:02:24.495,0.96385,0.9647,1.43,0.38
2013.07.22 21:02:27.047,0.96387,0.9647,0.75,0.38
2013.07.22 21:02:27.405,0.96392,0.96472,0.75,0.38
2013.07.22 21:02:28.467,0.96398,0.96472,0.75,0.38
2013.07.22 21:02:31.025,0.96403,0.96471,0.75,0.75
2013.07.22 21:02:33.256,0.96402,0.96465,0.75,0.75
2013.07.22 21:02:34.546,0.96398,0.96469,0.75,0.38
2013.07.22 21:02:34.606,0.96398,0.96471,0.75,0.38
2013.07.22 21:02:34.946,0.96398,0.96475,0.75,0.38
2013.07.22 21:02:36.266,0.96405,0.96475,0.75,0.38
2013.07.22 21:02:38.538,0.96405,0.96476,0.75,0.75
2013.07.22 21:02:48.696,0.96406,0.96476,0.75,0.75
2013.07.22 21:02:49.122,0.96411,0.96478,0.75,0.38
2013.07.22 21:02:49.426,0.96411,0.96473,0.75,0.38
2013.07.22 21:02:49.545,0.96402,0.96469,0.68,0.38
2013.07.22 21:02:49.606,0.96395,0.96469,0.68,0.38
2013.07.22 21:02:49.725,0.96384,0.96468,0.68,0.68
2013.07.22 21:02:50.036,0.96386,0.96469,0.68,0.38
2013.07.22 21:02:52.235,0.96387,0.96469,0.75,0.38
2013.07.22 21:02:52.575,0.96393,0.9647,0.75,0.38
2013.07.22 21:02:53.095,0.96393,0.96467,0.75,0.38
2013.07.22 21:02:53.156,0.96391,0.96467,1.35,0.38
2013.07.22 21:02:53.215,0.96391,0.96476,1.35,0.38
2013.07.22 21:02:53.275,0.96391,0.96474,0.68,0.68
2013.07.22 21:02:53.597,0.96383,0.9646,0.68,0.68
2013.07.22 21:02:53.655,0.96383,0.9647,1.35,1.35
2013.07.22 21:02:54.655,0.96383,0.96468,1.35,0.38
2013.07.22 21:02:54.956,0.96383,0.9647,1.35,1.35
2013.07.22 21:02:55.106,0.96387,0.96465,0.75,0.75
2013.07.22 21:02:55.467,0.96387,0.96463,0.75,0.68
2013.07.22 21:02:56.496,0.96387,0.96461,0.75,0.38
2013.07.22 21:02:56.557,0.96377,0.96461,0.68,0.38
2013.07.22 21:02:56.616,0.96377,0.96463,0.68,0.68
2013.07.22 21:02:56.795,0.96383,0.96445,0.75,0.68
2013.07.22 21:02:56.995,0.96383,0.96458,0.75,1.35
2013.07.22 21:02:57.547,0.96383,0.96462,0.75,0.68
2013.07.22 21:02:57.665,0.96387,0.96462,0.75,0.68
2013.07.22 21:03:00.716,0.96397,0.96459,0.75,0.75
2013.07.22 21:03:01.084,0.964,0.96456,0.75,0.75
2013.07.22 21:03:06.418,0.96409,0.96462,0.75,0.68
2013.07.22 21:03:06.595,0.96409,0.96466,0.75,0.38
2013.07.22 21:03:06.656,0.96409,0.96464,0.75,0.68
2013.07.22 21:03:06.796,0.964,0.96456,0.75,0.75
2013.07.22 21:03:45.516,0.96395,0.96452,0.75,0.75
2013.07.22 21:03:46.896,0.96401,0.96446,0.75,0.75
2013.07.22 21:04:22.926,0.96383,0.96461,2.25,1.35
2013.07.22 21:04:22.986,0.96383,0.96461,1.50,1.35
2013.07.22 21:04:23.166,0.96375,0.96461,1.43,1.73
2013.07.22 21:04:32.598,0.96375,0.96453,1.43,2.25
2013.07.22 21:04:32.901,0.96375,0.96445,1.43,1.13
2013.07.22 21:04:34.143,0.96369,0.96443,1.43,2.25
2013.07.22 21:04:39.997,0.96369,0.9644,1.43,1.50
2013.07.22 21:04:44.446,0.96369,0.96441,1.43,1.13
2013.07.22 21:04:45.427,0.96373,0.9644,1.43,1.50
2013.07.22 21:04:45.576,0.96373,0.96435,1.43,2.25
2013.07.22 21:04:47.477,0.9639,0.96436,0.75,1.43
2013.07.22 21:04:49.066,0.96392,0.9644,0.75,2.18
2013.07.22 21:04:52.155,0.96392,0.9644,0.75,2.18
2013.07.22 21:04:52.356,0.96392,0.96438,0.75,1.13
2013.07.22 21:04:55.818,0.96347,0.96438,1.35,1.88
2013.07.22 21:04:56.326,0.96347,0.96438,1.35,1.13
2013.07.22 21:04:56.756,0.96347,0.96438,1.35,1.88
2013.07.22 21:04:57.066,0.96347,0.96425,1.35,1.88
2013.07.22 21:04:57.186,0.96316,0.96408,1.13,1.35
2013.07.22 21:04:57.356,0.96313,0.96407,1.43,1.05
2013.07.22 21:04:57.536,0.96313,0.96408,1.43,1.35
2013.07.22 21:04:58.064,0.96317,0.96414,1.35,1.35
2013.07.22 21:04:58.376,0.96319,0.96414,1.43,1.35
2013.07.22 21:04:58.706,0.96324,0.96414,1.50,1.35
2013.07.22 21:04:58.826,0.96324,0.96418,2.18,1.35
2013.07.22 21:04:58.886,0.96324,0.96427,2.85,2.78
2013.07.22 21:04:59.006,0.9634,0.96437,1.35,1.35
2013.07.22 21:04:59.128,0.96338,0.96429,2.25,1.35
2013.07.22 21:04:59.802,0.96341,0.96429,1.13,1.35
2013.07.22 21:05:00.546,0.96341,0.96429,1.88,1.35
2013.07.22 21:05:01.666,0.9635,0.96429,2.25,1.35
2013.07.22 21:05:01.966,0.96358,0.96445,1.13,1.35
2013.07.22 21:05:02.266,0.96342,0.96437,1.43,1.35
2013.07.22 21:05:05.336,0.96343,0.96436,1.50,1.43
2013.07.22 21:05:05.616,0.96343,0.96423,1.50,1.35
2013.07.22 21:05:06.043,0.96343,0.96423,1.50,1.35
2013.07.22 21:05:07.636,0.96342,0.96423,1.50,2.10
2013.07.22 21:05:14.071,0.96354,0.96421,3.00,1.50
2013.07.22 21:05:16.086,0.96359,0.96421,1.50,1.50
2013.07.22 21:05:16.326,0.96371,0.96423,1.50,1.35
2013.07.22 21:05:16.386,0.96371,0.96433,1.50,1.35
2013.07.22 21:05:17.317,0.96373,0.9643,1.50,1.50
2013.07.22 21:05:17.813,0.96373,0.9643,1.50,1.50
2013.07.22 21:05:18.637,0.96372,0.96431,1.50,1.50
2013.07.22 21:05:19.077,0.96373,0.9643,1.50,1.50
2013.07.22 21:05:21.096,0.96371,0.96437,1.50,2.25
2013.07.22 21:05:21.337,0.96376,0.96449,2.25,1.43
2013.07.22 21:05:22.776,0.96377,0.96448,2.25,1.50
2013.07.22 21:05:23.372,0.96379,0.96444,1.50,1.50
2013.07.22 21:05:23.647,0.96379,0.96444,1.50,1.50
2013.07.22 21:05:26.567,0.96388,0.96449,1.50,1.43
2013.07.22 21:05:26.807,0.96391,0.96451,2.25,1.50
2013.07.22 21:05:27.327,0.96392,0.96449,2.25,1.50
2013.07.22 21:05:28.006,0.96392,0.96449,2.25,1.50
2013.07.22 21:05:29.149,0.96392,0.9645,2.25,1.50
2013.07.22 21:05:33.617,0.96401,0.9645,1.50,1.50
2013.07.22 21:05:34.526,0.96401,0.96452,1.50,2.10
2013.07.22 21:05:34.837,0.96401,0.96452,1.50,1.35
2013.07.22 21:05:35.219,0.96402,0.96458,1.50,1.50
2013.07.22 21:05:35.336,0.964,0.9646,1.50,1.50
2013.07.22 21:05:35.637,0.964,0.96452,1.50,1.35
2013.07.22 21:05:36.213,0.96401,0.96452,1.50,1.35
2013.07.22 21:05:36.677,0.96401,0.96451,1.50,1.43
2013.07.22 21:05:45.306,0.96348,0.96452,2.93,1.35
2013.07.22 21:05:46.706,0.96355,0.96451,2.25,1.43
2013.07.22 21:05:47.225,0.96354,0.96451,2.25,1.43
2013.07.22 21:05:50.857,0.96355,0.96451,2.25,1.43
2013.07.22 21:06:14.797,0.9637,0.9645,2.25,2.10
2013.07.22 21:06:15.156,0.96371,0.96448,2.25,1.43
2013.07.22 21:06:15.890,0.9637,0.96449,2.25,2.10
2013.07.22 21:06:17.426,0.96373,0.96448,1.50,1.43
2013.07.22 21:06:25.567,0.96373,0.96448,3.00,1.43
2013.07.22 21:06:26.167,0.96367,0.96449,2.25,1.35
2013.07.22 21:06:32.076,0.96373,0.96449,1.50,1.35
2013.07.22 21:06:32.256,0.9638,0.96459,1.13,1.35
2013.07.22 21:06:33.416,0.96381,0.96459,3.00,1.35
2013.07.22 21:06:34.486,0.96381,0.96459,3.00,1.35
2013.07.22 21:06:35.093,0.96383,0.96459,2.25,1.35
2013.07.22 21:06:40.156,0.96377,0.96458,1.50,2.25
2013.07.22 21:06:40.276,0.96377,0.96451,1.50,2.10
2013.07.22 21:06:40.396,0.96382,0.96451,3.00,1.35
2013.07.22 21:06:40.516,0.96383,0.96458,1.50,1.35
2013.07.22 21:06:41.083,0.96383,0.96458,3.00,1.35
2013.07.22 21:06:49.777,0.96384,0.96458,2.25,1.35
2013.07.22 21:07:00.966,0.96384,0.96458,2.25,1.35
2013.07.22 21:07:03.956,0.96383,0.96458,3.00,1.35
2013.07.22 21:07:05.997,0.96384,0.96458,2.25,1.35
2013.07.22 21:07:08.126,0.96383,0.96458,3.00,1.35
2013.07.22 21:07:22.086,0.96383,0.96461,3.00,1.35
2013.07.22 21:07:37.467,0.96384,0.96461,2.25,1.35
2013.07.22 21:07:37.941,0.96391,0.96464,1.50,1.35
2013.07.22 21:08:07.127,0.96392,0.96464,1.50,1.35
2013.07.22 21:08:07.307,0.96393,0.96464,1.50,1.35
2013.07.22 21:08:07.706,0.96393,0.96456,1.50,2.25
2013.07.22 21:08:13.888,0.96432,0.96456,0.38,2.25
2013.07.22 21:08:14.167,0.96432,0.9647,1.13,2.25
2013.07.22 21:08:14.677,0.96432,0.96471,1.13,2.25
2013.07.22 21:08:15.658,0.96433,0.96471,1.50,2.25
2013.07.22 21:08:16.216,0.96432,0.96469,1.50,1.50
2013.07.22 21:08:30.902,0.96428,0.96469,2.25,1.50
2013.07.22 21:08:30.966,0.96428,0.96467,2.25,1.50
2013.07.22 21:08:31.157,0.96414,0.96456,1.13,2.25
2013.07.22 21:08:31.776,0.96417,0.96458,1.13,2.25
2013.07.22 21:08:32.716,0.96409,0.96468,1.50,1.73
2013.07.22 21:08:32.776,0.96413,0.96464,0.75,1.05
2013.07.22 21:08:33.083,0.96418,0.96461,1.13,2.10
2013.07.22 21:08:33.157,0.96418,0.96465,1.13,1.13
2013.07.22 21:08:33.216,0.9641,0.96468,1.13,1.35
2013.07.22 21:08:33.946,0.96408,0.96468,3.00,1.35
2013.07.22 21:08:34.066,0.96383,0.96468,1.10,1.35
2013.07.22 21:08:34.126,0.96372,0.96464,2.10,2.10
2013.07.22 21:08:34.186,0.96366,0.96455,1.35,1.35
2013.07.22 21:08:34.386,0.96333,0.96454,1.88,1.35
2013.07.22 21:08:34.445,0.96333,0.96448,1.88,1.35
2013.07.22 21:08:38.095,0.96411,0.96448,2.25,1.35
2013.07.22 21:08:38.397,0.96421,0.9647,1.13,1.35
2013.07.22 21:08:42.057,0.96427,0.9647,1.88,1.35
2013.07.22 21:08:42.177,0.96436,0.96485,1.13,1.43
2013.07.22 21:08:42.607,0.96438,0.96486,1.13,1.73
2013.07.22 21:08:43.337,0.96438,0.96486,1.13,2.48
2013.07.22 21:08:43.656,0.96438,0.96485,1.13,1.43
2013.07.22 21:08:43.776,0.96397,0.96483,1.35,2.63
2013.07.22 21:08:43.867,0.96388,0.9647,2.10,2.10
2013.07.22 21:08:43.926,0.96361,0.9646,1.35,1.35
2013.07.22 21:08:44.406,0.96346,0.96458,1.50,1.35
2013.07.22 21:08:44.536,0.96346,0.96458,1.88,1.35
2013.07.22 21:08:51.096,0.96349,0.9646,2.10,1.35
2013.07.22 21:08:51.156,0.96358,0.96461,1.35,1.35
2013.07.22 21:08:52.561,0.96358,0.9646,1.35,1.43
2013.07.22 21:09:05.476,0.96355,0.96455,1.35,1.43
2013.07.22 21:09:06.006,0.96355,0.96456,1.35,1.35
2013.07.22 21:09:08.567,0.96356,0.96459,1.35,1.43
2013.07.22 21:09:08.626,0.96358,0.96459,1.35,1.43
2013.07.22 21:09:09.036,0.96358,0.96459,1.35,1.43
2013.07.22 21:09:33.016,0.96357,0.96456,1.35,1.13
2013.07.22 21:09:33.136,0.96352,0.96454,1.35,2.10
2013.07.22 21:09:35.362,0.9635,0.96451,1.35,1.43
2013.07.22 21:09:35.416,0.96348,0.96451,1.35,2.10
2013.07.22 21:09:46.936,0.96344,0.96448,1.73,1.35
2013.07.22 21:10:01.727,0.96344,0.96432,1.73,1.13
2013.07.22 21:10:01.856,0.9634,0.96432,1.05,1.13
2013.07.22 21:10:01.976,0.9634,0.96434,1.05,1.13
2013.07.22 21:10:08.628,0.9634,0.96438,1.05,1.43
2013.07.22 21:10:08.746,0.96342,0.96443,1.05,1.43
2013.07.22 21:10:08.986,0.96337,0.96446,1.13,1.35
2013.07.22 21:10:13.696,0.9634,0.96446,1.13,1.73
2013.07.22 21:10:14.230,0.96341,0.96441,1.05,1.13
2013.07.22 21:10:14.768,0.96341,0.96441,1.05,1.13
2013.07.22 21:12:04.069,0.96341,0.96441,1.05,1.13
2013.07.22 21:12:14.759,0.96341,0.96435,1.05,1.50
2013.07.22 21:12:14.877,0.9634,0.96435,1.73,1.50
2013.07.22 21:12:15.503,0.96335,0.96435,1.05,1.50
2013.07.22 21:12:26.756,0.96335,0.96435,1.05,1.50
2013.07.22 21:12:26.876,0.96334,0.96433,1.35,1.50
2013.07.22 21:12:27.437,0.96329,0.96433,1.35,1.50
2013.07.22 21:12:27.497,0.96328,0.96433,1.35,1.50
2013.07.22 21:12:30.229,0.96329,0.96433,1.05,1.50
2013.07.22 21:12:31.108,0.96329,0.96433,1.05,1.50
2013.07.22 21:12:46.147,0.96344,0.96432,1.50,1.13
2013.07.22 21:12:46.688,0.96349,0.96433,1.50,1.13
2013.07.22 21:12:47.435,0.96349,0.96433,1.50,1.13
2013.07.22 21:12:47.958,0.96349,0.96433,3.00,1.88
2013.07.22 21:12:48.368,0.96349,0.96431,3.00,1.13
2013.07.22 21:12:49.297,0.96349,0.96431,3.00,1.13
2013.07.22 21:12:52.567,0.96349,0.96428,1.50,1.50
2013.07.22 21:12:57.859,0.96351,0.96428,1.13,1.50
2013.07.22 21:12:57.977,0.96367,0.96435,1.13,1.13
2013.07.22 21:12:58.687,0.96367,0.96431,1.13,1.13
2013.07.22 21:12:59.729,0.96367,0.96431,1.13,1.13
2013.07.22 21:13:00.664,0.96367,0.96431,1.13,1.13
2013.07.22 21:13:01.165,0.96367,0.96434,1.13,1.13
2013.07.22 21:13:01.798,0.96365,0.96433,1.13,1.13
2013.07.22 21:13:01.917,0.96351,0.96433,1.50,1.13
2013.07.22 21:13:03.527,0.96352,0.96431,1.50,1.13
2013.07.22 21:13:04.647,0.96349,0.96422,2.25,1.13
2013.07.22 21:13:05.443,0.96348,0.96422,1.13,1.13
2013.07.22 21:13:06.087,0.96348,0.96422,2.63,1.13
2013.07.22 21:13:09.738,0.96348,0.96422,1.13,1.88
2013.07.22 21:13:10.037,0.96348,0.9642,1.13,1.50
2013.07.22 21:13:10.238,0.96348,0.9642,1.13,1.50
2013.07.22 21:13:16.838,0.96348,0.96421,1.88,1.50
2013.07.22 21:13:20.908,0.96349,0.9642,1.50,1.13
2013.07.22 21:13:29.408,0.96345,0.96419,1.88,2.25
2013.07.22 21:13:30.387,0.96345,0.96415,1.50,1.13
2013.07.22 21:13:30.447,0.96341,0.96415,3.00,1.13
2013.07.22 21:13:31.137,0.96341,0.96415,3.00,1.13
2013.07.22 21:13:31.647,0.96341,0.96415,3.00,1.13
2013.07.22 21:13:34.647,0.96342,0.96415,2.25,1.13
2013.07.22 21:13:37.587,0.96341,0.96401,3.00,2.25
2013.07.22 21:13:37.954,0.96341,0.96394,3.38,1.35
2013.07.22 21:13:38.397,0.96341,0.96394,2.63,1.35
2013.07.22 21:13:38.967,0.96342,0.96394,3.00,1.35
2013.07.22 21:13:39.532,0.96342,0.96394,1.50,1.35
2013.07.22 21:13:40.168,0.96342,0.964,3.00,1.35
2013.07.22 21:13:40.287,0.96342,0.96401,3.00,2.25
2013.07.22 21:13:40.347,0.96342,0.96414,3.00,1.35
2013.07.22 21:13:40.577,0.96342,0.96423,3.00,1.50
2013.07.22 21:13:41.527,0.96339,0.96419,2.25,1.50
2013.07.22 21:13:41.898,0.96338,0.96419,2.25,2.93
2013.07.22 21:13:42.087,0.96335,0.96414,1.13,1.50
2013.07.22 21:13:42.248,0.96335,0.96414,1.13,1.50
2013.07.22 21:13:43.755,0.96335,0.96414,1.13,1.50
2013.07.22 21:13:44.288,0.96335,0.96414,1.13,1.50
2013.07.22 21:13:44.457,0.96335,0.96418,1.13,1.50
2013.07.22 21:13:44.517,0.96326,0.96408,1.43,1.88
2013.07.22 21:13:44.657,0.96324,0.96408,1.35,1.88
2013.07.22 21:13:44.777,0.96321,0.96402,1.35,1.13
2013.07.22 21:13:44.837,0.9632,0.96402,1.43,1.80
2013.07.22 21:13:46.677,0.96319,0.96402,1.13,3.30
2013.07.22 21:13:46.869,0.9632,0.96402,1.50,1.13
2013.07.22 21:13:47.030,0.9632,0.96403,1.50,1.13
2013.07.22 21:14:00.338,0.96319,0.96402,1.13,2.63
2013.07.22 21:14:00.398,0.96317,0.96401,2.25,1.13
2013.07.22 21:14:00.649,0.96315,0.964,1.50,1.13
2013.07.22 21:14:01.718,0.96316,0.96397,1.50,1.13
2013.07.22 21:14:02.375,0.96316,0.96397,1.50,1.13
2013.07.22 21:14:05.498,0.96316,0.96395,1.50,1.13
2013.07.22 21:14:05.857,0.96314,0.96396,1.13,1.50
2013.07.22 21:14:05.917,0.96314,0.96396,1.13,1.50
2013.07.22 21:14:06.553,0.96316,0.96397,1.50,1.80
2013.07.22 21:14:12.147,0.96316,0.96397,1.88,1.43
2013.07.22 21:14:12.207,0.96316,0.96398,1.88,1.35
2013.07.22 21:14:12.417,0.96316,0.96405,1.88,1.13
2013.07.22 21:14:13.157,0.96319,0.96409,1.13,1.13
2013.07.22 21:14:14.308,0.96319,0.96408,1.13,1.13
2013.07.22 21:14:15.958,0.96319,0.96409,1.13,1.13
2013.07.22 21:14:16.464,0.96319,0.96407,1.13,1.13
2013.07.22 21:14:17.887,0.96319,0.96402,1.13,1.13
2013.07.22 21:14:20.633,0.96319,0.96404,1.13,1.13
2013.07.22 21:14:21.139,0.96315,0.96402,1.88,1.13
2013.07.22 21:14:23.447,0.96317,0.964,1.13,1.13
2013.07.22 21:14:25.828,0.96317,0.96392,1.13,1.88
2013.07.22 21:14:40.138,0.96316,0.96384,1.13,1.13
2013.07.22 21:14:40.754,0.96316,0.96373,1.13,1.13
2013.07.22 21:14:42.908,0.96316,0.96373,1.13,1.13
2013.07.22 21:14:43.867,0.96347,0.96373,2.25,1.13
2013.07.22 21:14:43.987,0.96347,0.96383,2.25,1.13
2013.07.22 21:14:44.108,0.96347,0.96383,2.25,1.13
2013.07.22 21:14:44.407,0.96316,0.96377,1.13,2.63
2013.07.22 21:14:44.467,0.96316,0.96377,1.13,1.50
2013.07.22 21:14:44.647,0.96316,0.96387,1.88,1.88
2013.07.22 21:14:44.707,0.96316,0.96392,1.88,2.25
2013.07.22 21:14:44.887,0.96316,0.96401,1.13,1.05
2013.07.22 21:14:44.947,0.96316,0.96403,1.13,1.13
2013.07.22 21:14:45.599,0.96316,0.96405,1.13,1.88
2013.07.22 21:14:52.647,0.96316,0.96404,2.63,1.13
2013.07.22 21:14:56.389,0.96316,0.96404,1.13,1.13
2013.07.22 21:15:03.155,0.96316,0.96392,1.13,2.25
2013.07.22 21:15:03.487,0.96334,0.96391,2.63,2.25
2013.07.22 21:15:03.667,0.96334,0.96394,1.88,2.25
2013.07.22 21:15:03.978,0.96334,0.96391,3.38,2.25
2013.07.22 21:15:04.537,0.96334,0.96392,1.88,2.25
2013.07.22 21:15:04.698,0.96334,0.96393,3.38,2.25
2013.07.22 21:15:05.217,0.96358,0.96397,2.63,1.50
2013.07.22 21:15:05.409,0.96363,0.96406,1.50,1.13
2013.07.22 21:15:06.178,0.96363,0.96406,1.50,1.13
2013.07.22 21:15:07.187,0.96363,0.96406,3.00,1.13
2013.07.22 21:15:07.618,0.96363,0.96406,3.00,1.13
2013.07.22 21:15:08.329,0.96363,0.96406,2.25,1.13
2013.07.22 21:15:08.888,0.96363,0.96406,3.00,1.13
2013.07.22 21:15:09.398,0.96363,0.96407,2.25,1.88
2013.07.22 21:15:09.458,0.96364,0.96406,2.25,1.88
2013.07.22 21:15:09.698,0.96329,0.96393,1.50,1.50
2013.07.22 21:15:09.817,0.96328,0.96393,2.25,1.50
2013.07.22 21:15:09.938,0.96328,0.96391,1.50,2.25
2013.07.22 21:15:10.188,0.96319,0.96391,2.25,2.25
2013.07.22 21:15:12.616,0.96358,0.96397,4.50,2.25
2013.07.22 21:15:12.918,0.96364,0.96405,2.25,1.88
2013.07.22 21:15:15.069,0.96364,0.96405,2.25,1.88
2013.07.22 21:15:15.438,0.96363,0.96405,2.25,1.13
2013.07.22 21:15:15.558,0.96359,0.96403,1.13,2.25
2013.07.22 21:15:15.877,0.96361,0.96403,1.50,2.25
2013.07.22 21:15:16.467,0.96361,0.96404,1.50,2.25
2013.07.22 21:15:17.039,0.96361,0.96403,1.50,1.50
2013.07.22 21:15:21.798,0.96361,0.96403,1.50,1.50
2013.07.22 21:15:23.147,0.96361,0.96397,1.50,1.50
2013.07.22 21:15:23.267,0.96357,0.96397,2.25,1.50
2013.07.22 21:15:23.447,0.96355,0.96397,1.50,1.50
2013.07.22 21:15:23.877,0.96355,0.96398,1.50,1.88
2013.07.22 21:15:24.398,0.96356,0.96397,1.50,1.50
2013.07.22 21:15:24.682,0.96357,0.96398,1.13,2.25
2013.07.22 21:15:24.808,0.96358,0.96402,1.13,1.13
2013.07.22 21:15:25.269,0.96361,0.96402,1.50,1.13
2013.07.22 21:15:26.859,0.96361,0.96402,1.50,1.88
2013.07.22 21:15:30.778,0.96361,0.964,1.50,1.50
2013.07.22 21:15:31.312,0.96359,0.96395,1.50,1.50
2013.07.22 21:15:31.438,0.96352,0.96395,2.25,1.50
2013.07.22 21:15:31.738,0.96324,0.96391,1.13,2.25
2013.07.22 21:15:32.187,0.96315,0.96392,1.35,2.25
2013.07.22 21:15:32.688,0.96314,0.96391,1.13,2.25
2013.07.22 21:15:34.148,0.96356,0.96393,1.13,2.25
2013.07.22 21:15:34.457,0.96358,0.96403,2.63,1.13
2013.07.22 21:15:35.168,0.96358,0.96404,1.13,1.88
2013.07.22 21:15:38.168,0.96361,0.96402,1.50,1.13
2013.07.22 21:15:38.407,0.9636,0.96403,1.50,1.13
2013.07.22 21:15:38.527,0.96361,0.96403,2.25,1.13
2013.07.22 21:15:39.019,0.96363,0.96402,1.50,1.13
2013.07.22 21:15:39.349,0.96365,0.96402,1.50,1.13
2013.07.22 21:15:40.388,0.96358,0.96393,1.88,2.25
2013.07.22 21:15:40.448,0.96354,0.96393,2.25,2.25
2013.07.22 21:15:40.688,0.96327,0.96392,1.50,2.25
2013.07.22 21:15:41.418,0.96327,0.96391,1.50,2.25
2013.07.22 21:15:44.072,0.96327,0.96386,1.50,2.25
2013.07.22 21:15:44.618,0.96325,0.96384,2.25,2.25
2013.07.22 21:15:44.678,0.96321,0.96382,2.25,2.25
2013.07.22 21:15:45.868,0.9635,0.96391,4.50,1.88
2013.07.22 21:15:46.228,0.96362,0.96402,2.25,1.50
2013.07.22 21:15:46.347,0.96362,0.96402,2.25,1.50
2013.07.22 21:15:46.998,0.96363,0.96401,2.25,1.50
2013.07.22 21:15:47.226,0.96359,0.96396,1.13,1.50
2013.07.22 21:15:47.448,0.96356,0.96395,2.25,1.13
2013.07.22 21:15:47.509,0.96331,0.96383,1.13,2.25
2013.07.22 21:15:47.568,0.96327,0.96383,3.00,2.25
2013.07.22 21:15:48.069,0.96327,0.96383,1.50,2.25
2013.07.22 21:15:48.668,0.96327,0.96387,1.50,2.25
2013.07.22 21:15:49.149,0.9633,0.96389,1.50,2.25
2013.07.22 21:15:49.509,0.96355,0.96402,2.25,1.13
2013.07.22 21:15:49.628,0.96328,0.96394,2.63,2.25
2013.07.22 21:15:49.888,0.96329,0.96393,2.25,2.25
2013.07.22 21:15:50.193,0.96328,0.96394,1.13,2.25
2013.07.22 21:15:50.825,0.96328,0.96393,2.63,2.25
2013.07.22 21:15:50.888,0.96322,0.96393,1.50,2.25
2013.07.22 21:15:51.068,0.96319,0.96393,1.13,2.25
2013.07.22 21:15:51.847,0.96319,0.9639,1.13,2.10
2013.07.22 21:15:51.919,0.96319,0.96389,2.63,1.43
2013.07.22 21:15:54.238,0.9632,0.96396,2.25,2.25
2013.07.22 21:15:55.109,0.9632,0.96397,2.25,2.25
2013.07.22 21:15:56.099,0.96319,0.96397,1.13,2.25
2013.07.22 21:15:56.607,0.96322,0.96397,1.13,2.25
2013.07.22 21:15:56.908,0.96338,0.96396,1.13,2.25
2013.07.22 21:15:57.619,0.96338,0.96398,1.13,2.25
2013.07.22 21:15:59.149,0.96342,0.96398,1.13,2.25
2013.07.22 21:15:59.328,0.96355,0.96403,2.63,1.13
2013.07.22 21:16:09.279,0.96355,0.96403,2.63,1.13
2013.07.22 21:16:13.788,0.96356,0.96403,2.25,1.13
2013.07.22 21:16:22.202,0.96355,0.96403,2.63,1.88
2013.07.22 21:16:31.908,0.96362,0.96404,2.25,1.13
2013.07.22 21:16:32.148,0.96363,0.96408,2.25,1.13
2013.07.22 21:16:33.837,0.96363,0.96407,1.88,1.13
2013.07.22 21:16:34.962,0.96363,0.96407,1.88,1.88
2013.07.22 21:16:37.659,0.96363,0.96407,1.88,1.88
2013.07.22 21:16:39.858,0.96363,0.96406,1.88,1.50
2013.07.22 21:16:55.972,0.96363,0.96406,1.88,1.50
2013.07.22 21:16:56.299,0.96363,0.96402,1.50,1.13
2013.07.22 21:16:56.428,0.96358,0.96398,1.88,1.50
2013.07.22 21:16:56.788,0.96358,0.96398,2.63,1.50
2013.07.22 21:16:57.499,0.96362,0.96399,1.50,1.50
2013.07.22 21:17:01.708,0.96362,0.96397,1.50,1.13
2013.07.22 21:17:02.088,0.96362,0.96395,1.50,2.25
2013.07.22 21:17:02.909,0.96363,0.96399,1.50,1.35
2013.07.22 21:17:05.103,0.96363,0.96399,1.50,2.85
2013.07.22 21:17:08.189,0.96363,0.96399,1.50,1.35
2013.07.22 21:17:15.112,0.96363,0.96399,1.50,1.35
2013.07.22 21:17:15.638,0.96363,0.96399,1.50,1.35
2013.07.22 21:17:18.249,0.9636,0.96399,1.50,2.10
2013.07.22 21:17:20.088,0.96359,0.96399,1.50,2.10
2013.07.22 21:17:28.698,0.96363,0.96398,1.50,1.13
2013.07.22 21:17:49.258,0.96365,0.96397,1.13,1.50
2013.07.22 21:17:49.818,0.96365,0.96398,1.13,1.50
2013.07.22 21:17:50.488,0.96365,0.96398,1.13,1.50
2013.07.22 21:18:01.568,0.96365,0.96394,1.13,1.50
2013.07.22 21:18:01.869,0.96365,0.96396,1.13,2.03
2013.07.22 21:18:01.928,0.96364,0.96396,1.13,1.50
2013.07.22 21:18:02.299,0.96361,0.96394,1.13,1.20
2013.07.22 21:18:24.557,0.96364,0.96394,1.13,2.70
2013.07.22 21:18:24.868,0.96365,0.96397,1.13,1.50
2013.07.22 21:18:25.559,0.96364,0.96397,1.13,1.50
2013.07.22 21:18:25.918,0.96361,0.96395,1.50,1.50
2013.07.22 21:18:27.308,0.9636,0.96392,1.20,1.50
2013.07.22 21:18:27.368,0.9636,0.96383,1.20,2.10
2013.07.22 21:18:27.428,0.96354,0.96383,1.88,2.10
2013.07.22 21:18:27.488,0.96354,0.96389,1.88,1.50
2013.07.22 21:18:27.548,0.9635,0.96386,1.13,1.50
2013.07.22 21:18:27.608,0.9635,0.96379,1.13,2.85
2013.07.22 21:18:27.789,0.9635,0.96384,1.13,1.28
2013.07.22 21:18:27.908,0.96347,0.96377,1.13,2.10
2013.07.22 21:18:27.968,0.96347,0.96377,1.13,2.10
2013.07.22 21:18:28.088,0.96347,0.96377,1.13,2.10
2013.07.22 21:18:28.268,0.96357,0.96385,1.13,1.50
2013.07.22 21:18:28.388,0.96357,0.96385,1.13,1.88
2013.07.22 21:18:28.568,0.96356,0.96385,1.50,1.50
2013.07.22 21:18:28.628,0.96344,0.9638,1.50,2.25
2013.07.22 21:18:28.748,0.96357,0.96394,1.13,1.28
2013.07.22 21:18:28.808,0.96357,0.96396,1.13,1.50
2013.07.22 21:18:29.198,0.96357,0.96394,1.13,1.50
2013.07.22 21:18:29.687,0.96359,0.96392,1.13,2.25
2013.07.22 21:18:30.008,0.96359,0.96388,1.13,1.50
2013.07.22 21:18:34.238,0.96358,0.96388,1.13,1.50
2013.07.22 21:18:34.587,0.96358,0.96387,1.13,1.50
2013.07.22 21:18:44.709,0.96358,0.96392,1.13,1.20
2013.07.22 21:18:44.768,0.96358,0.96393,1.13,1.50
2013.07.22 21:18:44.888,0.96358,0.96394,1.13,2.25
2013.07.22 21:18:44.948,0.9636,0.96397,1.13,1.50
2013.07.22 21:18:45.089,0.96361,0.96396,1.13,1.50
2013.07.22 21:18:45.648,0.96363,0.96396,1.13,1.50
2013.07.22 21:18:46.458,0.96366,0.96395,1.13,1.50
2013.07.22 21:18:47.078,0.96366,0.96395,1.13,1.50
2013.07.22 21:18:49.218,0.96356,0.96394,1.58,1.50
2013.07.22 21:18:49.339,0.96356,0.96394,1.13,2.25
2013.07.22 21:18:49.929,0.96357,0.96391,1.13,1.50
2013.07.22 21:18:50.429,0.96357,0.96391,1.13,1.50
2013.07.22 21:18:51.398,0.96357,0.96393,1.50,1.28
2013.07.22 21:18:51.578,0.96358,0.96404,1.50,2.25
2013.07.22 21:18:51.758,0.96363,0.9643,2.25,1.13
2013.07.22 21:18:51.818,0.96363,0.96431,2.25,1.50
2013.07.22 21:18:52.320,0.96363,0.96432,2.25,2.25
2013.07.22 21:18:52.778,0.96363,0.96431,2.25,1.43
2013.07.22 21:18:53.345,0.96362,0.96428,2.25,1.35
2013.07.22 21:18:55.469,0.96362,0.96428,2.25,1.35
2013.07.22 21:18:55.738,0.96362,0.96432,2.25,2.25
2013.07.22 21:18:56.198,0.96361,0.96414,3.00,1.13
2013.07.22 21:18:56.501,0.96361,0.96404,2.63,2.25
2013.07.22 21:18:59.738,0.96362,0.96402,1.50,1.84
2013.07.22 21:18:59.988,0.96361,0.96404,1.13,2.25
2013.07.22 21:19:00.752,0.96361,0.96405,1.88,2.25
2013.07.22 21:19:03.601,0.96367,0.96406,2.25,1.13
2013.07.22 21:19:03.991,0.96369,0.96409,1.13,2.25
2013.07.22 21:19:04.311,0.96368,0.96409,2.25,2.25
2013.07.22 21:19:04.429,0.96367,0.96405,1.88,2.25
2013.07.22 21:19:04.759,0.96367,0.96404,1.13,2.25
2013.07.22 21:19:05.304,0.96367,0.96404,1.13,2.25
2013.07.22 21:19:05.643,0.96367,0.96403,1.13,3.00
2013.07.22 21:19:05.829,0.96367,0.96402,1.13,1.50
2013.07.22 21:19:06.068,0.96367,0.96399,1.13,1.50
2013.07.22 21:19:08.113,0.96367,0.96399,1.13,1.50
2013.07.22 21:19:08.719,0.96367,0.96399,1.13,3.00
2013.07.22 21:19:14.818,0.96367,0.96399,1.13,1.50
2013.07.22 21:19:16.034,0.96367,0.96409,1.13,1.50
2013.07.22 21:19:19.565,0.96364,0.96409,1.13,1.50
2013.07.22 21:19:19.688,0.96361,0.96409,1.13,1.50
2013.07.22 21:19:20.308,0.96364,0.96409,1.13,1.50
2013.07.22 21:19:20.840,0.96366,0.96409,1.13,1.50
2013.07.22 21:19:21.988,0.96367,0.96408,1.13,1.50
2013.07.22 21:19:22.220,0.96366,0.96408,1.13,1.50
2013.07.22 21:19:24.538,0.96365,0.96408,1.13,1.50
2013.07.22 21:19:24.958,0.96353,0.96403,1.28,1.50
2013.07.22 21:19:26.829,0.96353,0.96399,1.28,1.50
2013.07.22 21:19:26.948,0.96343,0.96378,1.29,0.75
2013.07.22 21:19:27.008,0.96315,0.96393,1.35,1.13
2013.07.22 21:19:27.068,0.96315,0.96398,1.35,1.13
2013.07.22 21:19:27.128,0.96315,0.96402,1.35,1.43
2013.07.22 21:19:27.251,0.96261,0.96386,1.35,1.35
2013.07.22 21:19:27.488,0.9625,0.96395,1.05,1.35
2013.07.22 21:19:27.629,0.96254,0.96404,1.05,2.78
2013.07.22 21:19:27.688,0.96256,0.96404,1.35,1.35
2013.07.22 21:19:28.347,0.96247,0.96396,1.05,1.35
2013.07.22 21:19:28.857,0.96247,0.96396,1.05,1.35
2013.07.22 21:19:29.208,0.96287,0.96396,1.13,1.35
2013.07.22 21:19:29.268,0.96287,0.96405,1.13,1.50
2013.07.22 21:19:30.797,0.96287,0.96403,1.13,1.50
2013.07.22 21:19:31.728,0.96287,0.96403,1.13,1.50
2013.07.22 21:19:32.029,0.96288,0.9639,1.13,1.13
2013.07.22 21:19:33.337,0.96288,0.96388,1.13,1.50
2013.07.22 21:19:36.498,0.96288,0.96386,1.13,1.50
2013.07.22 21:19:37.007,0.96288,0.96371,1.13,1.13
2013.07.22 21:19:38.528,0.96287,0.96368,1.13,1.13
2013.07.22 21:19:38.903,0.96287,0.96362,1.13,1.13
2013.07.22 21:19:40.338,0.96287,0.96358,1.13,1.13
2013.07.22 21:19:40.698,0.96288,0.96348,1.50,1.13
2013.07.22 21:19:41.188,0.96288,0.96351,1.13,1.13
2013.07.22 21:19:41.308,0.96285,0.96352,1.13,1.73
2013.07.22 21:19:41.692,0.96285,0.96352,1.50,1.73
2013.07.22 21:19:42.968,0.96285,0.96342,1.50,1.13
2013.07.22 21:19:43.279,0.96286,0.9634,1.50,1.13
2013.07.22 21:19:43.789,0.96286,0.96348,1.50,1.50
2013.07.22 21:19:44.148,0.96305,0.96348,1.13,1.50
2013.07.22 21:19:44.808,0.96306,0.96353,1.13,1.35
2013.07.22 21:19:44.928,0.96306,0.96354,1.13,1.73
2013.07.22 21:19:46.109,0.96295,0.96359,1.50,1.13
2013.07.22 21:19:46.349,0.96285,0.96358,2.25,1.13
2013.07.22 21:19:47.758,0.96306,0.96357,1.13,1.13
2013.07.22 21:19:48.378,0.96306,0.96359,1.13,1.13
2013.07.22 21:19:48.688,0.96306,0.96344,1.88,1.50
2013.07.22 21:19:53.558,0.96306,0.96344,1.50,1.50
2013.07.22 21:19:53.679,0.96305,0.96338,1.50,1.50
2013.07.22 21:19:54.028,0.96307,0.96338,1.50,1.50
2013.07.22 21:19:54.887,0.96307,0.96338,1.50,1.50
2013.07.22 21:19:55.378,0.96307,0.96338,1.50,1.50
2013.07.22 21:20:00.748,0.96294,0.96335,1.58,1.13
2013.07.22 21:20:00.928,0.96287,0.96334,1.50,1.13
2013.07.22 21:20:01.438,0.9629,0.96333,1.50,1.50
2013.07.22 21:20:02.358,0.9629,0.96333,1.50,1.50
2013.07.22 21:20:03.029,0.9629,0.96334,1.13,1.13
2013.07.22 21:20:03.468,0.96296,0.96334,1.50,1.50
2013.07.22 21:20:04.289,0.96297,0.96334,1.35,1.50
2013.07.22 21:20:06.383,0.96296,0.96334,2.10,1.50
2013.07.22 21:20:06.957,0.96292,0.96333,1.50,1.50
2013.07.22 21:20:07.100,0.96292,0.96333,1.50,1.50
2013.07.22 21:20:07.756,0.96292,0.96333,1.50,1.50
2013.07.22 21:20:08.188,0.96295,0.96329,1.13,1.28
2013.07.22 21:20:08.936,0.96295,0.96333,1.13,1.50
2013.07.22 21:20:09.186,0.96295,0.96333,1.13,1.50
2013.07.22 21:20:13.220,0.96291,0.96334,1.28,1.13
2013.07.22 21:20:13.278,0.96278,0.96334,1.13,1.13
2013.07.22 21:20:14.028,0.96278,0.96334,1.13,1.13
2013.07.22 21:20:16.844,0.96278,0.96334,1.13,1.13
2013.07.22 21:20:19.039,0.96278,0.96334,1.13,1.13
2013.07.22 21:20:19.098,0.96278,0.96334,1.13,1.13
2013.07.22 21:20:22.770,0.96278,0.96334,1.88,1.13
2013.07.22 21:20:22.937,0.96278,0.96334,1.88,1.13
2013.07.22 21:20:26.570,0.96278,0.96334,1.88,1.13
2013.07.22 21:20:33.259,0.96282,0.96334,1.50,1.13
2013.07.22 21:20:39.339,0.96288,0.96335,1.13,1.73
2013.07.22 21:20:39.640,0.96296,0.96333,1.50,1.50
2013.07.22 21:20:40.209,0.96296,0.96333,1.50,1.50
2013.07.22 21:20:43.558,0.96297,0.96334,1.58,1.13
2013.07.22 21:20:43.619,0.96296,0.96339,1.50,1.88
2013.07.22 21:20:44.338,0.96296,0.96336,1.50,1.13
2013.07.22 21:20:49.009,0.96289,0.96334,2.55,1.88
2013.07.22 21:20:49.188,0.9628,0.96334,1.50,1.88
2013.07.22 21:20:49.499,0.9628,0.96333,1.50,1.50
2013.07.22 21:20:50.332,0.96278,0.96334,1.88,1.13
2013.07.22 21:20:50.439,0.96279,0.96338,1.50,2.10
2013.07.22 21:20:50.748,0.96282,0.96334,1.50,1.13
2013.07.22 21:20:53.608,0.96279,0.96337,1.50,1.35
2013.07.22 21:20:53.728,0.96279,0.96333,1.13,1.13
2013.07.22 21:20:54.219,0.96279,0.96327,1.13,1.13
2013.07.22 21:20:54.575,0.96279,0.96324,1.13,1.13
2013.07.22 21:20:55.903,0.9628,0.96332,1.50,1.28
2013.07.22 21:20:56.028,0.9628,0.96336,1.50,1.13
2013.07.22 21:20:56.088,0.9628,0.96337,1.50,1.35
2013.07.22 21:20:58.136,0.96282,0.96337,1.50,1.35
2013.07.22 21:20:58.908,0.96282,0.96337,1.50,1.35
2013.07.22 21:21:04.528,0.96282,0.96338,1.50,2.10
2013.07.22 21:21:06.639,0.96286,0.96339,1.65,1.50
2013.07.22 21:21:06.698,0.96291,0.9634,1.13,1.50
2013.07.22 21:21:06.998,0.96292,0.96344,1.50,1.35
2013.07.22 21:21:07.118,0.96292,0.96344,1.50,1.35
2013.07.22 21:21:07.927,0.96294,0.96344,1.50,1.35
2013.07.22 21:21:08.515,0.96294,0.96346,1.50,2.10
2013.07.22 21:21:08.638,0.96294,0.96346,1.50,2.10
2013.07.22 21:21:09.582,0.96294,0.96346,1.50,2.10
2013.07.22 21:21:10.649,0.96297,0.96344,1.13,1.35
2013.07.22 21:21:13.539,0.96297,0.96344,1.88,1.35
2013.07.22 21:21:13.977,0.96297,0.96346,1.50,1.35
2013.07.22 21:21:16.510,0.96295,0.96346,1.88,1.35
2013.07.22 21:21:17.029,0.96296,0.96344,1.13,1.35
2013.07.22 21:21:18.321,0.96296,0.96344,1.13,1.35
2013.07.22 21:21:28.611,0.96297,0.96344,1.88,1.35
2013.07.22 21:21:29.779,0.96297,0.96344,1.13,1.35
2013.07.22 21:21:29.901,0.96296,0.96344,1.50,1.35
2013.07.22 21:21:30.638,0.96296,0.96344,1.50,1.35
2013.07.22 21:21:30.700,0.96297,0.96344,1.13,1.35
2013.07.22 21:21:30.909,0.96296,0.96344,1.50,1.35
2013.07.22 21:21:31.189,0.96297,0.96344,1.13,1.35
2013.07.22 21:21:32.621,0.96297,0.96344,1.13,1.35
2013.07.22 21:21:32.890,0.96297,0.96344,1.13,1.35
2013.07.22 21:21:35.949,0.96293,0.96344,1.50,1.35
2013.07.22 21:21:36.069,0.96292,0.96344,2.25,1.35
2013.07.22 21:21:36.308,0.96296,0.96344,1.13,1.35
2013.07.22 21:21:38.589,0.96296,0.96344,1.13,1.35
2013.07.22 21:21:38.898,0.96296,0.96344,1.13,1.35
2013.07.22 21:21:41.248,0.96297,0.96345,1.50,1.35
2013.07.22 21:21:41.908,0.96297,0.96345,1.50,1.35
2013.07.22 21:21:44.192,0.96297,0.96345,1.50,1.35
2013.07.22 21:21:44.765,0.96297,0.96344,1.50,1.35
2013.07.22 21:21:49.059,0.96297,0.96344,1.50,1.35
2013.07.22 21:21:50.379,0.96297,0.96348,1.50,1.35
2013.07.22 21:21:50.980,0.96297,0.9635,1.50,1.13
2013.07.22 21:22:07.491,0.96296,0.9635,2.63,1.50
2013.07.22 21:22:08.438,0.96297,0.96351,1.50,1.88
2013.07.22 21:22:17.501,0.96298,0.96351,1.13,1.88
2013.07.22 21:22:18.819,0.96298,0.96351,1.13,1.88
2013.07.22 21:22:20.708,0.96298,0.96351,1.13,1.88
2013.07.22 21:22:31.732,0.96295,0.9635,2.25,1.50
2013.07.22 21:22:36.031,0.96295,0.96349,1.88,1.88
2013.07.22 21:22:36.609,0.96296,0.96349,1.13,1.88
2013.07.22 21:22:41.747,0.96299,0.96349,1.13,1.88
2013.07.22 21:22:42.878,0.96299,0.96349,1.13,2.48
2013.07.22 21:22:47.419,0.96299,0.96348,1.13,1.13
2013.07.22 21:22:47.479,0.96297,0.96341,1.13,1.13
2013.07.22 21:22:47.659,0.96295,0.96338,1.50,1.50
2013.07.22 21:22:48.478,0.96297,0.96334,1.50,1.13
2013.07.22 21:22:48.575,0.96297,0.96333,1.50,1.13
2013.07.22 21:22:49.235,0.96297,0.96334,1.50,1.13
2013.07.22 21:22:50.226,0.96297,0.96333,1.50,1.13
2013.07.22 21:23:02.051,0.96297,0.9633,1.13,1.50
2013.07.22 21:23:02.439,0.96297,0.96329,1.13,1.50
2013.07.22 21:23:12.101,0.96301,0.96328,1.13,1.50
2013.07.22 21:23:12.625,0.963,0.96328,1.13,1.50
2013.07.22 21:23:13.159,0.96297,0.96328,1.50,1.50
2013.07.22 21:23:13.908,0.96297,0.96328,1.50,1.50
2013.07.22 21:23:14.425,0.96297,0.96328,1.50,1.50
2013.07.22 21:23:15.859,0.963,0.96328,1.13,1.50
2013.07.22 21:23:17.560,0.963,0.96328,1.13,1.50
2013.07.22 21:23:17.918,0.96297,0.96328,1.50,1.50
2013.07.22 21:23:20.364,0.96301,0.9633,1.50,1.50
2013.07.22 21:23:25.811,0.963,0.96329,1.13,1.50
2013.07.22 21:23:26.519,0.96302,0.9633,1.50,1.50
2013.07.22 21:23:29.829,0.96303,0.96332,1.13,1.50
2013.07.22 21:23:30.611,0.96307,0.96333,1.13,1.50
2013.07.22 21:23:31.538,0.96303,0.96333,1.28,1.50
2013.07.22 21:23:31.779,0.96307,0.96333,1.13,1.50
2013.07.22 21:23:32.028,0.96302,0.96336,1.88,2.10
2013.07.22 21:23:32.329,0.96303,0.96333,1.58,1.50
2013.07.22 21:23:32.508,0.96303,0.9633,1.58,1.50
2013.07.22 21:23:47.861,0.96302,0.9633,1.13,1.13
2013.07.22 21:23:48.104,0.96286,0.9632,1.50,2.10
2013.07.22 21:23:48.170,0.96285,0.9632,1.50,2.10
2013.07.22 21:23:48.779,0.96286,0.9632,1.50,2.10
2013.07.22 21:23:49.299,0.96286,0.9632,1.50,2.85
2013.07.22 21:23:49.629,0.9629,0.9632,1.50,2.85
2013.07.22 21:23:50.725,0.96292,0.96316,1.50,1.35
2013.07.22 21:24:04.371,0.96292,0.96315,1.13,1.13
2013.07.22 21:24:04.430,0.96282,0.96319,1.73,1.88
2013.07.22 21:24:04.552,0.96282,0.96319,1.50,2.25
2013.07.22 21:24:04.921,0.96285,0.96319,1.50,1.50
2013.07.22 21:24:05.040,0.96285,0.96324,1.50,1.13
2013.07.22 21:24:05.684,0.96287,0.96324,1.50,1.13
2013.07.22 21:24:22.890,0.96287,0.96324,1.50,1.13
2013.07.22 21:24:23.009,0.96284,0.96324,1.50,1.13
2013.07.22 21:24:24.270,0.96286,0.96324,1.50,1.13
2013.07.22 21:24:24.812,0.96287,0.96324,1.50,1.13
2013.07.22 21:24:31.149,0.96287,0.96325,1.50,1.13
2013.07.22 21:24:31.728,0.96288,0.96329,1.50,1.13
2013.07.22 21:24:36.100,0.96287,0.96325,1.50,1.13
2013.07.22 21:25:01.202,0.9628,0.96325,1.50,1.13
2013.07.22 21:25:01.319,0.96267,0.96325,1.28,1.13
2013.07.22 21:25:01.439,0.96261,0.96325,1.50,1.13
2013.07.22 21:25:02.009,0.96255,0.96325,1.43,1.13
2013.07.22 21:25:02.092,0.96254,0.96325,2.10,1.13
2013.07.22 21:25:02.349,0.96255,0.96325,1.35,1.88
2013.07.22 21:25:02.709,0.96287,0.96325,1.50,1.13
2013.07.22 21:25:33.890,0.96286,0.96323,1.50,1.13
2013.07.22 21:25:47.890,0.96274,0.96336,1.50,1.65
2013.07.22 21:25:57.727,0.96274,0.96337,1.50,1.65
2013.07.22 21:26:00.400,0.96266,0.96328,2.03,1.50
2013.07.22 21:26:00.520,0.96261,0.96328,1.43,1.50
2013.07.22 21:26:00.579,0.96258,0.96328,1.43,1.50
2013.07.22 21:26:01.152,0.96254,0.96326,1.43,1.13
2013.07.22 21:26:01.403,0.96253,0.96326,2.78,1.13
2013.07.22 21:26:01.723,0.96254,0.96326,1.35,1.13
2013.07.22 21:26:02.029,0.96285,0.96336,1.50,1.65
2013.07.22 21:26:14.009,0.96286,0.96335,1.50,1.65
2013.07.22 21:26:34.088,0.96285,0.96336,1.50,1.65
2013.07.22 21:26:42.796,0.96274,0.96332,1.88,1.50
2013.07.22 21:26:43.488,0.96274,0.96332,1.88,1.50
2013.07.22 21:26:51.702,0.96274,0.96332,1.88,1.50
2013.07.22 21:26:54.289,0.96274,0.96332,1.88,1.50
2013.07.22 21:27:00.561,0.96267,0.96328,1.65,1.50
2013.07.22 21:27:00.980,0.9626,0.96327,1.50,1.50
2013.07.22 21:27:01.039,0.96253,0.96326,1.50,1.13
2013.07.22 21:27:01.439,0.96252,0.96326,2.10,1.13
2013.07.22 21:27:01.532,0.96252,0.96326,2.03,1.13
2013.07.22 21:27:01.889,0.96284,0.96332,1.50,1.50
2013.07.22 21:27:14.359,0.96284,0.96331,1.50,1.50
2013.07.22 21:27:34.413,0.96285,0.96331,1.50,1.50
2013.07.22 21:27:41.804,0.96274,0.96331,1.13,1.50
2013.07.22 21:27:42.345,0.96274,0.96331,1.13,1.50
2013.07.22 21:27:43.197,0.96274,0.96331,1.13,1.50
2013.07.22 21:27:43.812,0.96274,0.96334,1.13,1.65
2013.07.22 21:27:52.439,0.96274,0.96333,1.13,1.65
2013.07.22 21:27:53.189,0.9627,0.96333,1.50,1.65
2013.07.22 21:28:00.163,0.9627,0.96333,1.50,1.65
2013.07.22 21:28:00.599,0.96266,0.96329,1.35,1.50
2013.07.22 21:28:00.719,0.96265,0.96329,1.28,1.50
2013.07.22 21:28:01.149,0.96258,0.96327,1.50,1.50
2013.07.22 21:28:01.590,0.96253,0.96326,1.50,1.13
2013.07.22 21:28:01.688,0.96261,0.96326,2.25,1.13
2013.07.22 21:28:01.989,0.96284,0.96333,1.50,1.65
2013.07.22 21:28:12.540,0.96283,0.96334,1.50,1.65
2013.07.22 21:28:32.731,0.96284,0.96333,1.50,1.50
2013.07.22 21:28:42.832,0.96272,0.9633,1.13,1.35
2013.07.22 21:28:43.359,0.96272,0.9633,1.13,1.35
2013.07.22 21:28:45.821,0.96272,0.9633,1.13,1.35
2013.07.22 21:29:00.579,0.96279,0.96329,2.03,1.50
2013.07.22 21:29:00.950,0.96267,0.96321,1.35,1.35
2013.07.22 21:29:01.189,0.96268,0.96321,1.35,1.35
2013.07.22 21:29:01.529,0.9627,0.96324,2.03,1.05
2013.07.22 21:29:01.839,0.96283,0.96324,1.50,1.05
2013.07.22 21:29:34.089,0.96283,0.96328,1.50,2.10
2013.07.22 21:29:44.219,0.96281,0.96328,2.10,2.10
2013.07.22 21:29:54.161,0.96281,0.96328,1.43,2.10
2013.07.22 21:29:57.060,0.96281,0.96328,1.43,2.10
2013.07.22 21:29:57.576,0.96281,0.96328,1.43,2.10
2013.07.22 21:29:58.119,0.96281,0.96328,1.43,2.10
2013.07.22 21:29:58.629,0.96281,0.96328,1.43,2.10
2013.07.22 21:30:00.228,0.96281,0.96328,1.43,2.10
2013.07.22 21:30:00.895,0.96283,0.96328,1.50,2.10
2013.07.22 21:30:01.300,0.96283,0.96328,1.50,2.10
2013.07.22 21:30:01.892,0.96279,0.96323,1.13,1.05
2013.07.22 21:30:01.951,0.96279,0.96321,1.13,1.35
2013.07.22 21:30:02.010,0.96266,0.96321,1.35,1.35
2013.07.22 21:30:02.641,0.96267,0.96321,1.43,1.35
2013.07.22 21:30:02.820,0.96283,0.96324,1.50,1.05
2013.07.22 21:30:03.569,0.96282,0.96328,1.50,2.10
2013.07.22 21:30:05.370,0.96284,0.96328,1.50,3.60
2013.07.22 21:30:14.331,0.96284,0.96328,1.50,2.85
2013.07.22 21:30:36.739,0.96285,0.96327,1.50,1.13
2013.07.22 21:30:36.980,0.96281,0.96325,1.50,1.13
2013.07.22 21:30:37.487,0.96281,0.96324,1.50,1.13
2013.07.22 21:30:37.972,0.96281,0.96323,1.50,1.13
2013.07.22 21:31:00.140,0.96283,0.96327,1.50,1.73
2013.07.22 21:31:00.828,0.96284,0.96329,1.50,2.25
2013.07.22 21:31:01.339,0.96284,0.96329,1.50,2.25
2013.07.22 21:31:31.091,0.96281,0.96327,1.50,1.80
2013.07.22 21:31:31.510,0.96283,0.96325,1.50,1.13
2013.07.22 21:31:48.650,0.96281,0.96327,1.50,1.80
2013.07.22 21:31:48.904,0.96283,0.96324,1.50,1.13
2013.07.22 21:31:50.750,0.96283,0.96324,1.50,1.13
2013.07.22 21:31:56.660,0.96281,0.96328,1.50,1.43
2013.07.22 21:31:57.941,0.96286,0.96328,1.50,1.43
2013.07.22 21:31:58.690,0.96283,0.96328,1.50,1.43
2013.07.22 21:31:59.060,0.96287,0.96328,1.50,1.43
2013.07.22 21:32:01.391,0.96284,0.96326,1.50,1.13
2013.07.22 21:32:01.571,0.96272,0.96325,1.43,1.65
2013.07.22 21:32:01.632,0.96272,0.96323,1.43,1.28
2013.07.22 21:32:01.692,0.9627,0.96324,1.35,1.65
2013.07.22 21:32:01.751,0.9626,0.96315,1.43,2.03
2013.07.22 21:32:02.063,0.96264,0.96315,1.43,1.35
2013.07.22 21:32:02.250,0.96268,0.96322,1.35,1.35
2013.07.22 21:32:02.770,0.96268,0.96322,2.10,1.35
2013.07.22 21:32:02.920,0.96288,0.96327,1.50,1.88
2013.07.22 21:32:05.861,0.96291,0.96329,1.50,2.10
2013.07.22 21:32:10.981,0.96291,0.96329,1.50,2.10
2013.07.22 21:32:25.730,0.96288,0.96328,1.50,1.35
2013.07.22 21:32:25.940,0.9629,0.96328,1.50,1.35
2013.07.22 21:32:26.260,0.96293,0.96328,1.50,1.35
2013.07.22 21:32:31.000,0.96293,0.96328,1.50,1.35
2013.07.22 21:32:51.111,0.96293,0.96328,1.50,1.35
2013.07.22 21:32:59.630,0.96293,0.96328,1.50,1.35
2013.07.22 21:33:01.142,0.96287,0.96328,1.13,2.40
2013.07.22 21:33:01.326,0.96274,0.96326,1.35,1.05
2013.07.22 21:33:01.610,0.9627,0.96324,1.35,1.73
2013.07.22 21:33:02.191,0.9627,0.96324,2.10,1.73
2013.07.22 21:33:02.510,0.9629,0.96328,1.50,1.73
2013.07.22 21:33:04.611,0.96292,0.96329,1.50,2.03
2013.07.22 21:33:11.210,0.96292,0.96329,1.50,1.35
2013.07.22 21:33:14.570,0.96294,0.96329,1.50,1.35
2013.07.22 21:33:15.221,0.96295,0.96329,1.50,1.35
2013.07.22 21:33:35.820,0.96295,0.96333,1.50,1.35
2013.07.22 21:33:55.800,0.96293,0.96333,1.50,1.35
2013.07.22 21:34:15.368,0.96286,0.96333,1.50,1.35
2013.07.22 21:34:16.051,0.96286,0.96333,1.50,1.35
2013.07.22 21:34:16.780,0.96286,0.96333,1.50,1.35
2013.07.22 21:34:17.551,0.96286,0.96333,1.50,1.35
2013.07.22 21:34:18.059,0.96286,0.96333,1.50,1.35
2013.07.22 21:34:22.910,0.96286,0.96333,1.50,1.35
2013.07.22 21:34:25.973,0.96286,0.96333,1.50,1.35
2013.07.22 21:34:26.508,0.96286,0.96333,1.50,1.35
2013.07.22 21:34:30.832,0.96286,0.96334,1.50,2.18
2013.07.22 21:34:31.640,0.96286,0.96334,1.50,2.18
2013.07.22 21:34:35.890,0.96285,0.96334,1.50,1.50
2013.07.22 21:34:37.010,0.96285,0.96334,1.50,1.50
2013.07.22 21:34:38.400,0.96285,0.96334,1.50,1.50
2013.07.22 21:34:45.841,0.96285,0.96334,1.50,1.50
2013.07.22 21:34:51.691,0.96285,0.96334,1.50,1.50
2013.07.22 21:34:53.441,0.96291,0.96334,1.50,1.50
2013.07.22 21:34:53.780,0.96291,0.96334,1.50,1.50
2013.07.22 21:34:54.631,0.96291,0.96334,1.50,1.50
2013.07.22 21:34:55.111,0.96291,0.96332,1.50,1.13
2013.07.22 21:35:30.295,0.96291,0.96332,1.50,1.73
2013.07.22 21:35:30.601,0.9629,0.96326,1.50,1.35
2013.07.22 21:35:30.990,0.96291,0.96326,1.13,1.35
2013.07.22 21:35:47.641,0.96291,0.96323,1.13,1.13
2013.07.22 21:35:47.820,0.96291,0.96323,1.13,1.13
2013.07.22 21:35:50.451,0.96291,0.96323,1.13,1.13
2013.07.22 21:35:52.542,0.96288,0.96323,1.50,1.50
2013.07.22 21:35:57.650,0.96288,0.96323,1.88,1.50
2013.07.22 21:35:57.931,0.96288,0.96323,1.88,1.50
2013.07.22 21:36:01.081,0.96285,0.96319,1.13,1.13
2013.07.22 21:36:01.140,0.96282,0.96319,1.35,1.13
2013.07.22 21:36:01.260,0.96275,0.96322,1.43,1.13
2013.07.22 21:36:01.441,0.96271,0.96322,1.43,1.13
2013.07.22 21:36:01.684,0.96271,0.96319,1.50,1.80
2013.07.22 21:36:02.000,0.96275,0.96319,1.50,1.80
2013.07.22 21:36:02.548,0.96285,0.96323,1.50,1.50
2013.07.22 21:36:03.071,0.96287,0.96323,1.50,1.50
2013.07.22 21:36:03.929,0.96287,0.96322,1.50,1.13
2013.07.22 21:36:26.681,0.96287,0.96331,1.50,2.10
2013.07.22 21:36:26.741,0.96287,0.96331,1.50,1.73
2013.07.22 21:36:26.801,0.96288,0.96331,1.50,1.35
2013.07.22 21:36:26.862,0.96288,0.96335,1.50,2.18
2013.07.22 21:36:27.359,0.96288,0.96334,1.50,1.43
2013.07.22 21:36:27.841,0.96287,0.96336,1.50,1.35
2013.07.22 21:36:28.110,0.96288,0.96334,1.50,1.43
2013.07.22 21:36:30.661,0.96289,0.96334,1.50,1.43
2013.07.22 21:37:20.662,0.9629,0.96334,1.50,1.43
2013.07.22 21:37:21.759,0.96292,0.96334,1.50,1.43
2013.07.22 21:38:02.539,0.96292,0.96337,1.50,1.43
2013.07.22 21:38:05.122,0.9629,0.96337,1.50,1.43
2013.07.22 21:38:21.810,0.96283,0.96337,1.43,1.43
2013.07.22 21:38:22.370,0.96283,0.96337,1.43,1.43
2013.07.22 21:38:25.732,0.96283,0.96337,1.43,1.80
2013.07.22 21:38:26.712,0.96283,0.96337,1.43,1.05
2013.07.22 21:38:26.997,0.96293,0.96338,1.50,1.35
2013.07.22 21:38:27.065,0.96293,0.96348,1.43,1.35
2013.07.22 21:38:27.700,0.96293,0.96348,2.18,1.35
2013.07.22 21:38:30.861,0.96297,0.96353,2.10,2.03
2013.07.22 21:38:31.550,0.96299,0.96353,1.43,2.03
2013.07.22 21:38:43.261,0.963,0.96352,1.50,1.35
2013.07.22 21:38:45.750,0.96299,0.96353,1.43,2.03
2013.07.22 21:38:46.296,0.96297,0.96353,1.35,2.03
2013.07.22 21:39:23.013,0.96297,0.96351,2.03,1.43
2013.07.22 21:39:23.131,0.96293,0.9635,2.85,1.35
2013.07.22 21:39:23.250,0.96293,0.96349,2.10,1.35
2013.07.22 21:39:23.593,0.96287,0.96339,2.25,1.35
2013.07.22 21:39:23.890,0.96287,0.96339,1.50,1.35
2013.07.22 21:39:25.461,0.96287,0.96339,1.43,1.35
2013.07.22 21:39:25.765,0.96287,0.96344,2.78,1.35
2013.07.22 21:39:30.354,0.9629,0.96342,1.43,1.05
2013.07.22 21:39:30.923,0.96289,0.96339,2.25,2.48
2013.07.22 21:39:31.561,0.96289,0.96339,1.50,2.48
2013.07.22 21:39:33.600,0.9629,0.96339,2.25,1.73
2013.07.22 21:39:34.087,0.96292,0.96339,1.50,1.73
2013.07.22 21:39:50.422,0.96292,0.96342,1.50,1.05
2013.07.22 21:39:51.230,0.9629,0.96342,1.43,1.05
2013.07.22 21:40:06.101,0.96292,0.96342,1.50,1.05
2013.07.22 21:40:14.891,0.96292,0.96343,1.50,1.80
2013.07.22 21:40:21.904,0.96292,0.96343,1.50,1.80
2013.07.22 21:40:30.652,0.96292,0.96342,1.50,1.35
2013.07.22 21:40:30.811,0.96292,0.96342,1.50,1.35
2013.07.22 21:41:00.731,0.96289,0.96341,1.43,1.35
2013.07.22 21:41:00.792,0.96288,0.96341,2.10,1.35
2013.07.22 21:41:01.641,0.96288,0.96341,1.35,1.35
2013.07.22 21:41:01.923,0.96289,0.96341,1.43,1.35
2013.07.22 21:41:02.459,0.96292,0.96341,1.50,1.35
2013.07.22 21:41:03.022,0.96292,0.96342,2.25,2.48
2013.07.22 21:41:09.541,0.96294,0.9634,1.50,1.05
2013.07.22 21:41:09.601,0.96291,0.9634,1.50,1.05
2013.07.22 21:41:10.102,0.96292,0.9634,1.50,1.05
2013.07.22 21:41:25.361,0.96292,0.96342,1.50,1.43
2013.07.22 21:41:30.591,0.96291,0.96342,1.50,1.05
2013.07.22 21:41:45.371,0.96291,0.96341,1.50,1.05
2013.07.22 21:41:47.671,0.96291,0.96341,1.50,1.05
2013.07.22 21:41:51.523,0.96291,0.9634,1.50,1.13
2013.07.22 21:41:51.641,0.96289,0.9634,1.43,1.13
2013.07.22 21:41:51.901,0.9629,0.9634,1.50,1.13
2013.07.22 21:41:52.900,0.96289,0.9634,1.43,1.13
2013.07.22 21:41:53.211,0.9629,0.9634,1.50,1.13
2013.07.22 21:41:53.411,0.96289,0.9634,1.43,1.13
2013.07.22 21:41:53.925,0.96287,0.9634,3.53,1.88
2013.07.22 21:41:54.501,0.96289,0.9634,1.43,2.63
2013.07.22 21:41:54.981,0.96287,0.96337,1.35,1.50
2013.07.22 21:41:55.101,0.96287,0.96337,1.35,1.43
2013.07.22 21:41:55.161,0.96284,0.96337,1.43,2.10
2013.07.22 21:41:55.221,0.96282,0.96334,1.43,1.35
2013.07.22 21:41:55.281,0.9628,0.96333,1.43,1.35
2013.07.22 21:41:55.840,0.96279,0.96333,1.35,1.35
2013.07.22 21:41:58.516,0.96279,0.96332,1.35,1.43
2013.07.22 21:41:59.551,0.96279,0.96332,1.35,1.43
2013.07.22 21:41:59.961,0.96279,0.96333,1.35,2.10
2013.07.22 21:42:00.273,0.96279,0.96332,1.35,1.43
2013.07.22 21:42:00.971,0.96279,0.96332,1.35,1.43
2013.07.22 21:42:01.322,0.96279,0.96332,1.35,1.43
2013.07.22 21:42:02.291,0.96279,0.96332,1.35,1.43
2013.07.22 21:42:02.815,0.96279,0.96332,1.35,1.43
2013.07.22 21:42:10.921,0.9628,0.96332,1.05,1.43
2013.07.22 21:42:11.041,0.9628,0.96333,1.05,2.10
2013.07.22 21:42:11.221,0.96283,0.96332,1.13,1.43
2013.07.22 21:42:13.411,0.96283,0.96333,1.13,2.10
2013.07.22 21:42:13.711,0.96283,0.96332,1.13,1.43
2013.07.22 21:42:18.131,0.9628,0.9633,1.13,1.43
2013.07.22 21:42:18.898,0.96279,0.96328,2.63,1.43
2013.07.22 21:42:21.501,0.96282,0.96328,1.13,1.43
2013.07.22 21:42:24.201,0.96278,0.96328,2.25,1.43
2013.07.22 21:42:24.382,0.96276,0.9633,1.35,1.35
2013.07.22 21:42:24.642,0.96276,0.96328,2.10,1.43
2013.07.22 21:42:25.321,0.96276,0.9633,1.35,1.35
2013.07.22 21:42:25.501,0.96276,0.96328,1.35,1.43
2013.07.22 21:42:26.068,0.96275,0.96328,1.43,1.43
2013.07.22 21:42:26.321,0.96274,0.9633,2.03,1.35
2013.07.22 21:42:26.501,0.96274,0.96328,2.03,1.43
2013.07.22 21:42:27.671,0.9628,0.96328,1.50,1.43
2013.07.22 21:42:27.792,0.9628,0.96331,1.50,1.35
2013.07.22 21:42:27.852,0.96282,0.96336,2.10,1.43
2013.07.22 21:42:27.911,0.96283,0.96337,1.35,2.10
2013.07.22 21:42:28.451,0.96283,0.96337,1.35,1.35
2013.07.22 21:42:29.121,0.96283,0.96337,1.35,2.10
2013.07.22 21:42:29.481,0.96269,0.96316,3.68,1.28
2013.07.22 21:42:29.663,0.96272,0.9632,1.35,1.13
2013.07.22 21:42:29.725,0.96276,0.96327,1.43,1.50
2013.07.22 21:42:29.851,0.96278,0.96328,1.50,1.43
2013.07.22 21:42:30.352,0.96277,0.96329,1.50,1.35
2013.07.22 21:42:31.021,0.96281,0.96334,1.43,2.03
2013.07.22 21:42:31.641,0.96281,0.96334,1.43,2.03
2013.07.22 21:42:32.732,0.96282,0.96334,1.50,1.35
2013.07.22 21:42:33.326,0.96284,0.96334,1.50,1.35
2013.07.22 21:42:33.632,0.96276,0.96323,1.13,1.65
2013.07.22 21:42:34.671,0.96275,0.96312,1.13,1.13
2013.07.22 21:42:35.411,0.96275,0.96312,1.13,1.13
2013.07.22 21:42:35.931,0.96275,0.96312,1.13,1.13
2013.07.22 21:42:36.443,0.96281,0.96321,1.88,1.80
2013.07.22 21:42:36.801,0.96291,0.96326,1.13,1.43
2013.07.22 21:42:36.861,0.96291,0.96331,1.13,2.48
2013.07.22 21:42:38.151,0.96291,0.96328,1.13,1.13
2013.07.22 21:42:38.521,0.96291,0.96328,1.13,1.13
2013.07.22 21:42:39.061,0.96291,0.96328,1.13,1.13
2013.07.22 21:42:39.621,0.96292,0.96328,1.13,1.13
2013.07.22 21:42:40.330,0.96292,0.96328,1.13,1.13
2013.07.22 21:42:40.541,0.96291,0.96328,1.13,1.13
2013.07.22 21:42:40.811,0.96292,0.96328,1.13,1.13
2013.07.22 21:42:43.531,0.96292,0.96328,1.50,1.13
2013.07.22 21:42:45.301,0.96291,0.96328,1.13,1.13
2013.07.22 21:42:45.571,0.96292,0.96328,1.13,1.13
2013.07.22 21:42:46.170,0.96291,0.96338,1.50,1.20
2013.07.22 21:42:46.238,0.96294,0.96341,1.50,1.35
2013.07.22 21:42:46.362,0.96294,0.96346,1.50,1.35
2013.07.22 21:42:47.031,0.96294,0.96346,1.50,1.35
2013.07.22 21:42:48.021,0.96294,0.96346,1.50,2.03
2013.07.22 21:42:49.002,0.96294,0.96346,1.50,1.35
2013.07.22 21:42:50.221,0.96295,0.96346,1.50,1.35
2013.07.22 21:42:54.751,0.96294,0.96346,1.50,1.35
2013.07.22 21:42:55.051,0.96295,0.96351,2.85,1.35
2013.07.22 21:42:55.481,0.96295,0.96351,2.85,2.03
2013.07.22 21:42:56.061,0.96295,0.96351,2.85,1.35
2013.07.22 21:42:56.392,0.96305,0.96355,1.88,1.35
2013.07.22 21:42:56.451,0.96306,0.96356,3.23,1.13
2013.07.22 21:42:56.751,0.96307,0.96359,2.55,1.13
2013.07.22 21:42:57.311,0.96307,0.96359,2.55,1.13
2013.07.22 21:42:57.531,0.96307,0.96359,1.88,1.13
2013.07.22 21:42:58.181,0.96307,0.96359,3.31,1.13
2013.07.22 21:42:59.457,0.96309,0.96359,2.63,1.13
2013.07.22 21:43:00.861,0.96313,0.9636,1.13,2.25
2013.07.22 21:43:01.411,0.96314,0.9636,2.26,1.88
2013.07.22 21:43:01.811,0.96314,0.9636,3.01,1.88
2013.07.22 21:43:02.341,0.96314,0.9636,1.13,1.88
2013.07.22 21:43:02.869,0.96314,0.9636,1.13,1.88
2013.07.22 21:43:03.379,0.96314,0.9636,2.26,1.13
2013.07.22 21:43:03.501,0.96314,0.96362,1.50,1.50
2013.07.22 21:43:03.561,0.96314,0.96363,3.00,1.50
2013.07.22 21:43:04.631,0.96319,0.96362,2.26,1.50
2013.07.22 21:43:05.505,0.96319,0.96359,2.26,1.50
2013.07.22 21:43:06.051,0.96323,0.96359,1.13,1.50
2013.07.22 21:43:06.439,0.96323,0.96361,1.50,1.50
2013.07.22 21:43:06.562,0.96323,0.96364,1.50,1.50
2013.07.22 21:43:06.622,0.96323,0.96364,1.50,1.50
2013.07.22 21:43:07.151,0.96323,0.96364,1.50,1.50
2013.07.22 21:43:07.331,0.96323,0.96364,1.50,1.50
2013.07.22 21:43:12.881,0.96327,0.96364,1.50,1.50
2013.07.22 21:43:12.941,0.96327,0.96364,1.50,1.50
2013.07.22 21:43:13.353,0.96327,0.96365,1.50,1.13
2013.07.22 21:43:33.386,0.96322,0.96363,1.50,1.13
2013.07.22 21:43:33.631,0.96322,0.9636,1.50,1.50
2013.07.22 21:43:36.448,0.96322,0.9636,1.50,1.50
2013.07.22 21:43:36.691,0.96322,0.96362,1.50,1.50
2013.07.22 21:43:37.011,0.96322,0.9636,1.50,1.50
2013.07.22 21:43:37.430,0.96322,0.9636,1.50,1.50
2013.07.22 21:43:38.611,0.96327,0.96362,1.50,1.50
2013.07.22 21:43:38.791,0.96327,0.9636,1.50,1.50
2013.07.22 21:43:39.492,0.96327,0.96363,1.50,1.13
2013.07.22 21:43:40.142,0.96327,0.9636,1.50,1.50
2013.07.22 21:43:48.771,0.96326,0.96363,1.50,1.13
2013.07.22 21:43:49.344,0.96326,0.9636,1.50,1.50
2013.07.22 21:43:50.631,0.96326,0.9636,1.50,1.50
2013.07.22 21:43:50.991,0.96323,0.9636,1.50,1.50
2013.07.22 21:43:51.231,0.96323,0.9636,1.50,1.50
2013.07.22 21:43:51.901,0.96321,0.9636,1.50,1.50
2013.07.22 21:43:52.141,0.9632,0.9636,1.13,1.50
2013.07.22 21:43:52.711,0.9632,0.9636,1.13,1.50
2013.07.22 21:43:54.111,0.96321,0.9636,1.88,1.50
2013.07.22 21:43:54.293,0.96321,0.9636,1.50,1.50
2013.07.22 21:43:54.691,0.9632,0.9636,1.13,1.50
2013.07.22 21:43:55.231,0.96318,0.9636,1.13,1.50
2013.07.22 21:43:55.542,0.96318,0.9636,1.13,1.50
2013.07.22 21:43:58.362,0.96319,0.96363,1.50,1.13
2013.07.22 21:43:58.912,0.96319,0.9636,1.13,1.50
2013.07.22 21:44:00.651,0.9632,0.96363,1.13,1.13
2013.07.22 21:44:01.611,0.9632,0.96363,1.50,1.88
2013.07.22 21:44:10.182,0.9632,0.96363,1.50,1.88
2013.07.22 21:44:13.575,0.96322,0.96363,1.43,1.88
2013.07.22 21:44:14.182,0.96322,0.96363,2.78,1.88
2013.07.22 21:44:18.551,0.96322,0.96363,2.03,1.88
2013.07.22 21:44:21.962,0.96322,0.96363,2.03,1.88
2013.07.22 21:44:54.320,0.96324,0.96364,1.13,1.13
2013.07.22 21:44:54.913,0.96323,0.96364,3.15,1.13
2013.07.22 21:45:07.261,0.96323,0.96364,1.35,1.88
2013.07.22 21:45:08.151,0.96323,0.96364,1.35,1.50
2013.07.22 21:45:08.211,0.96323,0.96364,2.10,1.50
2013.07.22 21:45:08.571,0.96323,0.96362,2.48,1.50
2013.07.22 21:45:08.969,0.96323,0.9636,2.48,1.50
2013.07.22 21:45:09.151,0.96323,0.96362,3.98,1.50
2013.07.22 21:45:09.671,0.96323,0.9636,3.98,1.50
2013.07.22 21:45:11.251,0.96323,0.9636,3.98,1.50
2013.07.22 21:45:11.561,0.96323,0.9636,3.98,1.50
2013.07.22 21:45:12.112,0.96323,0.9636,3.60,1.50
2013.07.22 21:45:12.822,0.96329,0.9636,1.50,1.50
2013.07.22 21:45:13.181,0.96327,0.9636,1.50,1.13
2013.07.22 21:45:13.661,0.96326,0.96359,1.50,1.13
2013.07.22 21:45:13.841,0.96325,0.96359,1.50,1.13
2013.07.22 21:45:13.910,0.96325,0.96359,1.50,1.13
2013.07.22 21:45:14.171,0.96324,0.96359,1.50,1.13
2013.07.22 21:45:16.491,0.96323,0.9636,1.50,1.13
2013.07.22 21:45:18.101,0.96323,0.96361,1.50,1.50
2013.07.22 21:45:18.221,0.96325,0.96362,1.50,1.50
2013.07.22 21:45:18.523,0.96323,0.96361,1.50,1.50
2013.07.22 21:45:18.643,0.96322,0.96362,1.50,2.93
2013.07.22 21:45:19.149,0.96322,0.96361,1.50,1.35
2013.07.22 21:45:19.831,0.96322,0.96361,1.50,2.10
2013.07.22 21:45:20.882,0.96322,0.96361,1.50,1.35
2013.07.22 21:45:21.443,0.96322,0.96361,1.50,1.35
2013.07.22 21:45:21.981,0.96322,0.96361,1.50,1.35
2013.07.22 21:45:23.834,0.96321,0.96361,2.25,1.35
2013.07.22 21:45:24.447,0.96321,0.96361,1.50,1.35
2013.07.22 21:45:25.162,0.96317,0.96361,1.50,1.35
2013.07.22 21:45:34.642,0.96317,0.9636,1.50,1.35
2013.07.22 21:45:34.832,0.96317,0.96361,1.50,1.35
2013.07.22 21:45:35.341,0.96317,0.96361,1.50,1.35
2013.07.22 21:45:35.883,0.96316,0.96361,1.50,1.35
2013.07.22 21:45:37.631,0.96314,0.96361,1.50,1.35
2013.07.22 21:45:37.691,0.96312,0.96361,2.85,1.35
2013.07.22 21:45:38.541,0.96314,0.96361,1.50,2.10
2013.07.22 21:45:39.522,0.96312,0.96361,2.10,1.73
2013.07.22 21:45:40.001,0.9631,0.96356,1.88,1.35
2013.07.22 21:45:40.521,0.9631,0.96353,1.13,1.35
2013.07.22 21:45:41.042,0.96304,0.96353,1.73,1.35
2013.07.22 21:45:44.901,0.96304,0.96353,1.73,2.03
2013.07.22 21:45:45.221,0.963,0.96349,1.80,2.03
2013.07.22 21:45:47.927,0.963,0.96348,2.56,1.73
2013.07.22 21:45:48.471,0.963,0.96349,1.80,2.40
2013.07.22 21:45:49.431,0.963,0.96347,1.05,1.05
2013.07.22 21:45:49.942,0.963,0.96347,1.05,1.43
2013.07.22 21:45:50.182,0.96294,0.96332,1.73,1.13
2013.07.22 21:45:50.661,0.9629,0.96339,1.35,2.10
2013.07.22 21:45:50.781,0.96286,0.96334,2.48,1.43
2013.07.22 21:45:51.334,0.96282,0.96331,2.10,2.10
2013.07.22 21:45:53.351,0.96282,0.96328,1.73,1.13
2013.07.22 21:45:53.472,0.96282,0.96331,2.48,2.10
2013.07.22 21:45:53.831,0.96285,0.96335,1.73,2.85
2013.07.22 21:45:53.891,0.96285,0.96335,1.73,2.10
2013.07.22 21:45:55.091,0.96293,0.96339,1.80,1.50
2013.07.22 21:45:55.542,0.96293,0.9634,1.80,1.50
2013.07.22 21:45:56.071,0.96293,0.96341,1.05,1.43
2013.07.22 21:45:57.635,0.96293,0.96342,1.05,2.10
2013.07.22 21:45:58.561,0.96293,0.96342,1.05,1.35
2013.07.22 21:45:58.741,0.96297,0.96345,1.05,2.25
2013.07.22 21:45:58.801,0.96297,0.96336,1.13,1.13
2013.07.22 21:45:59.102,0.96292,0.96333,1.50,1.50
2013.07.22 21:45:59.692,0.96292,0.96333,1.13,2.25
2013.07.22 21:46:00.352,0.96292,0.96332,1.13,1.50
2013.07.22 21:46:00.532,0.96291,0.96336,1.50,1.13
2013.07.22 21:46:00.591,0.96291,0.96336,1.50,1.13
2013.07.22 21:46:00.922,0.96292,0.96336,1.13,1.13
2013.07.22 21:46:01.282,0.96291,0.96331,1.13,1.13
2013.07.22 21:46:01.642,0.96291,0.96331,1.13,1.50
2013.07.22 21:46:04.132,0.96291,0.96326,1.13,1.13
2013.07.22 21:46:04.252,0.9629,0.96326,1.13,1.13
2013.07.22 21:46:04.792,0.96285,0.96326,1.13,1.13
2013.07.22 21:46:05.022,0.96288,0.96326,1.13,1.13
2013.07.22 21:46:05.371,0.96289,0.96326,1.13,1.13
2013.07.22 21:46:06.491,0.9629,0.96323,1.13,1.28
2013.07.22 21:46:06.944,0.96289,0.96326,1.13,1.50
2013.07.22 21:46:13.301,0.96293,0.96322,1.50,1.13
2013.07.22 21:46:14.323,0.96285,0.96317,1.13,1.13
2013.07.22 21:46:14.612,0.96286,0.96315,1.13,1.13
2013.07.22 21:46:15.252,0.96285,0.96315,1.13,1.13
2013.07.22 21:46:15.857,0.96284,0.96314,1.13,1.13
2013.07.22 21:46:16.162,0.96295,0.96319,1.13,1.50
2013.07.22 21:46:16.221,0.96295,0.96339,1.13,1.50
2013.07.22 21:46:16.566,0.96295,0.96347,1.13,1.50
2013.07.22 21:46:17.212,0.96295,0.96345,1.13,1.50
2013.07.22 21:46:18.002,0.96295,0.96345,1.13,1.50
2013.07.22 21:46:18.824,0.96295,0.96345,1.13,1.50
2013.07.22 21:46:19.545,0.96295,0.96345,1.13,1.13
2013.07.22 21:46:23.174,0.96295,0.96347,1.13,1.13
2013.07.22 21:46:23.532,0.96295,0.96351,1.13,1.80
2013.07.22 21:46:23.949,0.96295,0.96348,1.13,1.13
2013.07.22 21:46:24.644,0.96295,0.96347,1.13,1.13
2013.07.22 21:46:25.093,0.96295,0.9635,1.13,1.50
2013.07.22 21:46:25.628,0.96295,0.96351,1.13,1.43
2013.07.22 21:46:26.303,0.96292,0.96352,1.50,1.50
2013.07.22 21:46:26.511,0.96292,0.96352,1.50,1.88
2013.07.22 21:46:27.648,0.96295,0.96353,1.13,1.50
2013.07.22 21:46:28.021,0.96295,0.96353,1.13,1.13
2013.07.22 21:46:32.341,0.96295,0.96355,1.13,2.55
2013.07.22 21:46:32.461,0.96295,0.96353,1.13,1.13
2013.07.22 21:46:33.913,0.96293,0.96353,1.13,1.88
2013.07.22 21:46:35.141,0.96293,0.96355,1.13,2.55
2013.07.22 21:46:35.451,0.96293,0.96355,1.13,1.80
2013.07.22 21:46:35.759,0.96293,0.96355,1.13,1.43
2013.07.22 21:46:36.424,0.96293,0.96355,1.13,2.18
2013.07.22 21:46:37.100,0.96293,0.96355,1.13,1.43
2013.07.22 21:46:38.323,0.96293,0.96355,1.35,1.43
2013.07.22 21:46:38.841,0.96292,0.96354,1.13,1.50
2013.07.22 21:46:39.394,0.96292,0.96354,1.13,1.50
2013.07.22 21:46:40.181,0.96292,0.96355,1.13,2.55
2013.07.22 21:46:40.861,0.96292,0.96355,1.13,2.55
2013.07.22 21:46:41.051,0.96292,0.96355,1.13,2.55
2013.07.22 21:46:48.601,0.96292,0.96359,1.50,1.80
2013.07.22 21:46:48.942,0.96292,0.96359,1.35,1.05
2013.07.22 21:46:50.691,0.96292,0.96358,1.13,1.05
2013.07.22 21:46:51.384,0.96292,0.96358,1.13,1.80
2013.07.22 21:46:53.481,0.96297,0.96355,1.13,1.13
2013.07.22 21:46:55.371,0.96297,0.96356,1.13,1.13
2013.07.22 21:47:00.531,0.96297,0.96357,1.13,1.13
2013.07.22 21:47:02.668,0.96297,0.96355,1.13,1.50
2013.07.22 21:47:02.973,0.96292,0.96355,1.13,1.50
2013.07.22 21:47:04.092,0.96292,0.96355,1.13,1.50
2013.07.22 21:47:04.271,0.96292,0.96355,1.13,1.50
2013.07.22 21:47:04.592,0.96292,0.96355,1.13,1.50
2013.07.22 21:47:06.564,0.96292,0.96355,1.13,1.50
2013.07.22 21:47:06.911,0.96292,0.96354,1.13,1.88
2013.07.22 21:47:09.981,0.96292,0.96353,1.13,1.50
2013.07.22 21:47:10.251,0.96292,0.96353,1.13,1.50
2013.07.22 21:47:11.171,0.96292,0.96355,1.13,1.50
2013.07.22 21:47:11.531,0.96297,0.96364,1.35,1.35
2013.07.22 21:47:12.012,0.96298,0.96369,1.05,1.13
2013.07.22 21:47:12.132,0.96303,0.9637,1.13,1.05
2013.07.22 21:47:12.421,0.96304,0.96374,1.88,1.50
2013.07.22 21:47:12.721,0.96304,0.96373,1.50,1.35
2013.07.22 21:47:13.261,0.96304,0.96373,1.50,1.35
2013.07.22 21:47:13.441,0.96304,0.96377,1.50,2.10
2013.07.22 21:47:13.951,0.96304,0.96378,1.50,2.78
2013.07.22 21:47:14.932,0.96304,0.96378,1.50,2.78
2013.07.22 21:47:15.711,0.96304,0.96376,1.50,1.35
2013.07.22 21:47:15.771,0.96304,0.96374,1.50,1.35
2013.07.22 21:47:16.131,0.96304,0.9637,1.50,2.03
2013.07.22 21:47:16.191,0.96304,0.9637,1.50,2.03
2013.07.22 21:47:16.721,0.96304,0.9637,1.50,1.35
2013.07.22 21:47:16.861,0.96304,0.96372,1.50,1.35
2013.07.22 21:47:17.182,0.96306,0.96373,1.50,1.35
2013.07.22 21:47:17.552,0.96306,0.96373,1.50,1.35
2013.07.22 21:47:20.712,0.963,0.96372,1.43,2.18
2013.07.22 21:47:21.072,0.96298,0.96356,1.13,1.13
2013.07.22 21:47:21.611,0.96298,0.96359,1.13,1.13
2013.07.22 21:47:24.023,0.96298,0.96349,1.13,1.13
2013.07.22 21:47:24.613,0.96296,0.96338,1.50,1.13
2013.07.22 21:47:25.922,0.96295,0.96337,2.25,1.13
2013.07.22 21:47:26.481,0.96295,0.96337,1.50,1.13
2013.07.22 21:47:26.942,0.96293,0.96337,2.25,1.13
2013.07.22 21:47:27.253,0.96293,0.96337,1.50,1.13
2013.07.22 21:47:27.492,0.96292,0.96337,1.50,1.13
2013.07.22 21:47:27.731,0.96292,0.96337,1.13,1.13
2013.07.22 21:47:28.031,0.96292,0.96337,2.63,1.13
2013.07.22 21:47:28.352,0.96294,0.96337,1.88,1.13
2013.07.22 21:47:29.293,0.96294,0.96327,1.13,1.13
2013.07.22 21:47:29.711,0.96286,0.96327,1.50,1.13
2013.07.22 21:47:29.832,0.96286,0.96327,1.50,1.13
2013.07.22 21:47:30.380,0.96287,0.96327,1.50,1.13
2013.07.22 21:47:30.932,0.96286,0.96327,2.25,1.13
2013.07.22 21:47:31.872,0.96287,0.96326,2.25,1.13
2013.07.22 21:47:33.972,0.9629,0.9633,1.13,1.13
2013.07.22 21:47:34.032,0.96287,0.96332,1.50,1.13
2013.07.22 21:47:34.092,0.96291,0.96334,1.13,1.50
2013.07.22 21:47:34.211,0.96291,0.96337,1.13,1.80
2013.07.22 21:47:34.331,0.96292,0.96338,1.13,1.43
2013.07.22 21:47:34.572,0.96292,0.96344,1.13,1.35
2013.07.22 21:47:34.696,0.96292,0.96349,1.13,1.35
2013.07.22 21:47:34.941,0.96292,0.96353,1.13,1.35
2013.07.22 21:47:36.492,0.96292,0.96353,1.13,1.35
2013.07.22 21:47:36.672,0.96292,0.96356,1.13,1.80
2013.07.22 21:47:38.412,0.96294,0.96355,1.88,1.88
2013.07.22 21:47:38.651,0.96293,0.96355,1.13,1.13
2013.07.22 21:47:38.962,0.96294,0.96355,1.13,1.88
2013.07.22 21:47:40.323,0.96294,0.96351,1.13,1.50
2013.07.22 21:47:41.362,0.96294,0.96351,1.13,3.60
2013.07.22 21:47:41.677,0.96292,0.96348,1.88,1.50
2013.07.22 21:47:42.291,0.96291,0.96351,1.13,3.60
2013.07.22 21:47:42.484,0.96291,0.96348,1.13,1.50
2013.07.22 21:47:50.501,0.96292,0.96351,1.13,2.10
2013.07.22 21:47:50.681,0.96292,0.96348,1.88,1.50
2013.07.22 21:47:58.481,0.96294,0.96348,1.13,1.50
2013.07.22 21:47:59.511,0.96294,0.96349,1.13,1.88
2013.07.22 21:48:03.564,0.96295,0.96348,1.50,1.13
2013.07.22 21:48:03.862,0.96298,0.96353,1.50,1.43
2013.07.22 21:48:04.422,0.96299,0.96353,1.50,1.43
2013.07.22 21:48:04.732,0.96301,0.96349,1.50,1.13
2013.07.22 21:48:05.692,0.96301,0.96353,1.50,1.43
2013.07.22 21:48:14.661,0.96304,0.96355,1.50,2.10
2013.07.22 21:48:14.911,0.96304,0.96353,1.50,1.43
2013.07.22 21:48:38.412,0.96306,0.96352,1.50,1.43
2013.07.22 21:48:38.636,0.96306,0.96352,1.50,1.43
2013.07.22 21:48:39.481,0.96304,0.96353,1.50,1.35
2013.07.22 21:48:39.541,0.96304,0.96352,1.50,1.43
2013.07.22 21:48:53.742,0.96304,0.96355,1.50,2.48
2013.07.22 21:48:53.932,0.96304,0.96354,1.50,1.43
2013.07.22 21:48:54.761,0.96304,0.96354,1.50,1.05
2013.07.22 21:48:55.121,0.96304,0.96352,1.50,1.13
2013.07.22 21:49:04.241,0.96305,0.96351,1.50,1.73
2013.07.22 21:49:04.422,0.96305,0.9635,1.50,1.43
2013.07.22 21:49:05.161,0.96304,0.9635,1.50,1.05
2013.07.22 21:49:05.401,0.96304,0.9635,1.88,1.43
2013.07.22 21:49:10.512,0.96303,0.96351,1.13,1.73
2013.07.22 21:49:10.691,0.96303,0.9635,1.88,1.43
2013.07.22 21:49:20.213,0.96302,0.96341,1.50,1.13
2013.07.22 21:49:20.395,0.96291,0.96337,1.65,2.25
2013.07.22 21:49:20.512,0.96292,0.96337,1.13,2.25
2013.07.22 21:49:21.062,0.96291,0.96338,1.13,3.00
2013.07.22 21:49:21.184,0.96291,0.96338,1.13,3.00
2013.07.22 21:49:21.421,0.96287,0.96336,1.13,2.25
2013.07.22 21:49:21.742,0.96285,0.96337,1.13,1.50
2013.07.22 21:49:23.612,0.96283,0.96331,1.13,1.50
2013.07.22 21:49:24.030,0.96276,0.96331,2.18,1.50
2013.07.22 21:49:24.212,0.96276,0.96323,1.43,1.50
2013.07.22 21:49:24.343,0.96276,0.96323,1.43,1.50
2013.07.22 21:49:24.673,0.96273,0.96323,2.03,1.50
2013.07.22 21:49:25.212,0.96273,0.96324,2.03,2.18
2013.07.22 21:49:25.962,0.9627,0.96319,2.03,1.35
2013.07.22 21:49:26.142,0.96273,0.96324,2.03,2.18
2013.07.22 21:49:26.972,0.96274,0.96322,1.35,1.50
2013.07.22 21:49:36.562,0.96274,0.96321,1.35,1.50
2013.07.22 21:49:43.197,0.96274,0.96325,1.35,2.03
2013.07.22 21:49:47.033,0.96274,0.96325,2.03,2.03
2013.07.22 21:49:50.212,0.96283,0.96325,1.13,1.35
2013.07.22 21:49:50.512,0.96286,0.96333,1.05,1.35
2013.07.22 21:49:50.575,0.96286,0.96334,1.05,2.10
2013.07.22 21:49:51.212,0.96288,0.96334,1.13,1.35
2013.07.22 21:49:52.523,0.96287,0.96334,1.50,1.35
2013.07.22 21:49:52.583,0.96287,0.96333,1.50,1.35
2013.07.22 21:49:53.085,0.96286,0.9633,1.13,2.18
2013.07.22 21:49:53.622,0.96281,0.96331,1.05,2.78
2013.07.22 21:49:54.812,0.96281,0.9633,1.05,1.43
2013.07.22 21:49:55.432,0.96281,0.96329,1.05,1.50
2013.07.22 21:49:55.704,0.9628,0.96327,1.35,1.43
2013.07.22 21:49:55.823,0.96277,0.96326,1.35,1.43
2013.07.22 21:49:55.882,0.96277,0.96325,1.35,1.43
2013.07.22 21:49:56.062,0.96273,0.96322,1.35,2.10
2013.07.22 21:49:56.422,0.96273,0.96321,1.35,1.43
2013.07.22 21:49:57.082,0.96269,0.96318,2.03,2.10
2013.07.22 21:49:57.622,0.96269,0.96318,2.03,2.10
2013.07.22 21:49:58.892,0.96269,0.96318,1.35,2.10
2013.07.22 21:49:59.072,0.96266,0.96314,1.43,1.35
2013.07.22 21:49:59.731,0.96265,0.96314,2.85,1.35
2013.07.22 21:50:00.542,0.96269,0.96318,2.10,1.35
2013.07.22 21:50:00.902,0.96274,0.96323,2.18,1.35
2013.07.22 21:50:01.087,0.96277,0.96327,1.35,1.35
2013.07.22 21:50:01.302,0.96277,0.96327,1.35,1.43
2013.07.22 21:50:01.362,0.96275,0.96325,1.35,2.10
2013.07.22 21:50:01.483,0.96276,0.96325,1.35,1.35
2013.07.22 21:50:01.662,0.96279,0.96328,1.35,1.43
2013.07.22 21:50:01.782,0.9628,0.96328,1.43,1.35
2013.07.22 21:50:01.901,0.96274,0.96324,2.10,2.10
2013.07.22 21:50:02.022,0.96274,0.96324,1.35,2.10
2013.07.22 21:50:05.312,0.96277,0.96327,1.43,1.43
2013.07.22 21:50:05.552,0.96284,0.96333,1.43,2.03
2013.07.22 21:50:06.513,0.96285,0.96332,1.50,1.05
2013.07.22 21:50:06.632,0.96285,0.96331,1.50,1.43
2013.07.22 21:50:10.274,0.96284,0.96328,2.18,1.50
2013.07.22 21:50:10.632,0.96278,0.9631,1.35,1.13
2013.07.22 21:50:10.692,0.96276,0.9631,1.13,1.13
2013.07.22 21:50:10.812,0.96271,0.9631,1.50,1.13
2013.07.22 21:50:10.932,0.96269,0.9631,1.05,1.13
2013.07.22 21:50:13.942,0.96266,0.96311,1.43,1.88
2013.07.22 21:50:14.063,0.96264,0.96309,1.13,1.13
2013.07.22 21:50:14.391,0.96262,0.96305,1.43,1.13
2013.07.22 21:50:15.822,0.96262,0.96301,1.43,1.50
2013.07.22 21:50:16.422,0.96261,0.96301,1.05,1.88
2013.07.22 21:50:16.482,0.9626,0.963,1.05,1.50
2013.07.22 21:50:16.853,0.96257,0.96294,2.18,1.50
2013.07.22 21:50:17.313,0.96257,0.96294,2.18,1.50
2013.07.22 21:50:17.723,0.96257,0.96294,2.18,1.50
2013.07.22 21:50:18.293,0.96257,0.96294,2.93,1.50
2013.07.22 21:50:19.302,0.9626,0.96294,1.13,1.50
2013.07.22 21:50:19.422,0.96257,0.96294,2.18,1.50
2013.07.22 21:50:20.342,0.96258,0.96294,1.13,1.50
2013.07.22 21:50:21.583,0.96258,0.96293,1.13,1.50
2013.07.22 21:50:23.502,0.96257,0.96298,1.43,1.13
2013.07.22 21:50:23.562,0.96262,0.96304,1.05,1.43
2013.07.22 21:50:23.622,0.96262,0.96305,1.05,1.43
2013.07.22 21:50:23.742,0.96262,0.9631,1.05,1.35
2013.07.22 21:50:23.802,0.96271,0.96312,1.35,1.43
2013.07.22 21:50:24.102,0.96272,0.96321,1.35,1.35
2013.07.22 21:50:24.222,0.96272,0.96323,1.35,2.10
2013.07.22 21:50:24.282,0.96275,0.96325,2.03,1.43
2013.07.22 21:50:36.502,0.96275,0.96325,1.05,1.35
2013.07.22 21:50:36.623,0.96273,0.96323,1.05,2.03
2013.07.22 21:50:42.532,0.96273,0.96321,1.05,1.43
2013.07.22 21:50:46.322,0.96273,0.96323,1.05,1.35
2013.07.22 21:50:46.382,0.96277,0.96324,1.05,2.03
2013.07.22 21:50:46.999,0.96277,0.96325,1.05,1.35
2013.07.22 21:50:48.152,0.96277,0.96325,1.05,1.35
2013.07.22 21:50:48.844,0.96277,0.96325,1.05,1.35
2013.07.22 21:50:49.202,0.96281,0.96332,1.05,2.78
2013.07.22 21:51:05.272,0.96281,0.96331,1.43,1.73
2013.07.22 21:51:06.972,0.96285,0.96331,1.13,1.73
2013.07.22 21:51:07.332,0.96297,0.96335,1.50,1.43
2013.07.22 21:51:09.181,0.96297,0.96337,1.50,1.43
2013.07.22 21:51:11.022,0.96301,0.96337,1.50,2.18
2013.07.22 21:51:15.052,0.96295,0.96339,1.13,1.35
2013.07.22 21:51:15.111,0.96295,0.96339,1.13,2.03
2013.07.22 21:51:15.237,0.96295,0.96339,1.13,1.35
2013.07.22 21:51:15.422,0.96299,0.96343,2.10,3.60
2013.07.22 21:51:23.317,0.96299,0.96343,2.10,1.35
2013.07.22 21:51:32.602,0.963,0.96343,1.13,1.35
2013.07.22 21:51:51.483,0.96298,0.96344,1.43,3.60
2013.07.22 21:52:24.182,0.96301,0.96345,1.05,2.03
2013.07.22 21:52:24.243,0.96304,0.96345,1.13,1.35
2013.07.22 21:52:24.302,0.96303,0.96348,2.10,1.43
2013.07.22 21:52:24.362,0.96303,0.96348,2.10,1.43
2013.07.22 21:52:24.423,0.96304,0.96349,1.35,1.43
2013.07.22 21:52:24.722,0.96306,0.96354,1.35,1.43
2013.07.22 21:52:25.232,0.96309,0.96357,2.03,1.43
2013.07.22 21:52:25.552,0.9631,0.96357,1.35,1.43
2013.07.22 21:52:26.012,0.9631,0.96357,1.35,1.43
2013.07.22 21:52:26.372,0.9631,0.96355,1.35,1.13
2013.07.22 21:52:27.493,0.96314,0.96357,1.35,1.43
2013.07.22 21:52:28.092,0.96314,0.96357,1.35,1.43
2013.07.22 21:52:28.352,0.96314,0.96357,2.03,1.43
2013.07.22 21:52:29.222,0.96314,0.96357,2.03,1.80
2013.07.22 21:52:29.342,0.96314,0.96357,1.35,1.43
2013.07.22 21:52:30.071,0.96314,0.96357,1.35,1.43
2013.07.22 21:52:30.462,0.96314,0.96357,1.35,1.35
2013.07.22 21:52:31.091,0.96314,0.96358,1.05,1.35
2013.07.22 21:52:31.749,0.96314,0.96358,1.05,1.35
2013.07.22 21:52:32.032,0.96314,0.96361,1.73,1.43
2013.07.22 21:52:33.433,0.96319,0.96361,1.05,1.43
2013.07.22 21:52:33.792,0.96322,0.96363,1.05,1.50
2013.07.22 21:52:34.162,0.96325,0.96365,1.35,1.50
2013.07.22 21:52:34.412,0.96325,0.96366,1.35,1.50
2013.07.22 21:52:36.563,0.96325,0.96367,1.35,1.50
2013.07.22 21:52:37.612,0.96325,0.96365,1.35,1.50
2013.07.22 21:52:44.182,0.96325,0.96367,1.35,1.50
2013.07.22 21:52:44.922,0.96325,0.96363,1.35,1.50
2013.07.22 21:52:45.162,0.96321,0.96364,1.35,2.18
2013.07.22 21:52:49.432,0.96321,0.96362,1.35,1.50
2013.07.22 21:52:49.552,0.96316,0.9636,1.35,2.10
2013.07.22 21:52:50.503,0.96316,0.96354,1.35,1.50
2013.07.22 21:52:57.652,0.96311,0.96353,1.35,1.50
2013.07.22 21:52:58.035,0.9631,0.96352,1.73,2.18
2013.07.22 21:52:58.324,0.9631,0.96352,1.73,2.18
2013.07.22 21:53:06.653,0.96309,0.96345,1.35,1.50
2013.07.22 21:53:06.772,0.96303,0.96341,2.40,1.50
2013.07.22 21:53:06.952,0.96301,0.96341,1.73,1.50
2013.07.22 21:53:07.012,0.96301,0.96341,1.05,1.50
2013.07.22 21:53:07.712,0.96301,0.9634,1.80,1.50
2013.07.22 21:53:08.252,0.96301,0.96341,1.05,1.50
2013.07.22 21:53:08.552,0.96303,0.96348,1.73,1.50
2013.07.22 21:53:09.513,0.96303,0.96351,1.73,2.25
2013.07.22 21:53:11.892,0.96308,0.96353,1.73,2.85
2013.07.22 21:53:17.943,0.96308,0.96352,1.73,1.50
2013.07.22 21:53:18.814,0.96308,0.96352,1.73,1.43
2013.07.22 21:53:19.917,0.96308,0.96353,1.73,2.10
2013.07.22 21:53:20.043,0.96308,0.96354,1.35,1.50
2013.07.22 21:53:22.212,0.96308,0.96355,1.05,2.93
2013.07.22 21:53:22.332,0.96313,0.96355,1.05,2.18
2013.07.22 21:53:25.962,0.96312,0.96356,1.73,1.35
2013.07.22 21:53:26.022,0.96312,0.96359,1.35,1.43
2013.07.22 21:53:26.562,0.96312,0.96357,1.35,1.43
2013.07.22 21:53:28.532,0.96312,0.9636,1.35,2.85
2013.07.22 21:53:32.763,0.96315,0.96359,1.35,1.43
2013.07.22 21:53:34.452,0.96315,0.96359,1.73,1.43
2013.07.22 21:53:35.012,0.96312,0.96356,1.73,2.78
2013.07.22 21:53:40.293,0.96315,0.96356,1.73,1.43
2013.07.22 21:53:41.342,0.96315,0.96357,1.05,2.10
2013.07.22 21:53:45.141,0.96312,0.96357,1.73,2.78
2013.07.22 21:53:54.962,0.96312,0.96356,1.73,1.43
2013.07.22 21:53:58.031,0.96312,0.96357,1.73,2.78
2013.07.22 21:54:05.162,0.96313,0.96357,1.73,1.43
2013.07.22 21:54:07.072,0.96313,0.96357,1.05,1.43
2013.07.22 21:54:12.514,0.96313,0.96357,1.73,2.18
2013.07.22 21:54:13.047,0.96312,0.96357,2.40,2.18
2013.07.22 21:54:14.713,0.96312,0.96353,1.05,1.35
2013.07.22 21:54:34.952,0.96311,0.96353,1.05,1.35
2013.07.22 21:54:46.942,0.9631,0.96354,2.40,2.10
2013.07.22 21:54:49.242,0.9631,0.96353,1.73,1.43
2013.07.22 21:55:17.003,0.96308,0.96351,1.35,1.43
2013.07.22 21:55:26.142,0.96309,0.96352,1.35,1.35
2013.07.22 21:55:26.322,0.96309,0.96354,1.35,1.50
2013.07.22 21:55:28.142,0.96309,0.96354,1.35,1.50
2013.07.22 21:55:30.452,0.96311,0.96354,1.35,1.50
2013.07.22 21:55:30.942,0.96307,0.96351,2.78,2.10
2013.07.22 21:55:33.044,0.96311,0.96352,1.35,1.43
2013.07.22 21:55:33.582,0.96311,0.96354,1.35,1.50
2013.07.22 21:55:33.952,0.96311,0.96355,1.35,2.18
2013.07.22 21:55:34.734,0.96311,0.96355,1.35,1.43
2013.07.22 21:55:36.572,0.96311,0.96355,1.35,2.18
2013.07.22 21:55:39.729,0.9631,0.96353,1.35,1.43
2013.07.22 21:55:40.307,0.9631,0.96354,1.35,1.50
2013.07.22 21:55:42.684,0.96308,0.96352,2.10,2.10
2013.07.22 21:55:52.233,0.96309,0.96354,1.35,1.43
2013.07.22 21:55:59.855,0.96309,0.96354,2.03,2.18
2013.07.22 21:56:10.823,0.96309,0.96353,2.03,1.50
2013.07.22 21:56:12.432,0.96309,0.96354,2.10,1.43
2013.07.22 21:56:12.992,0.96309,0.96356,2.10,2.03
2013.07.22 21:56:21.852,0.9631,0.96354,2.78,1.50
2013.07.22 21:56:26.592,0.9631,0.96355,1.35,1.43
2013.07.22 21:56:32.916,0.96311,0.96355,1.35,2.93
2013.07.22 21:56:33.720,0.96311,0.96355,1.35,2.93
2013.07.22 21:56:34.865,0.96311,0.96355,1.35,2.18
2013.07.22 21:56:36.822,0.96312,0.96355,1.35,1.43
2013.07.22 21:56:38.375,0.96313,0.96355,1.35,1.43
2013.07.22 21:56:38.732,0.96313,0.96355,2.78,1.43
2013.07.22 21:56:38.912,0.96313,0.96355,1.73,1.43
2013.07.22 21:56:38.976,0.9632,0.96356,3.75,1.43
2013.07.22 21:56:39.043,0.96316,0.96357,1.35,2.25
2013.07.22 21:56:39.573,0.96316,0.96358,1.35,1.50
2013.07.22 21:56:40.003,0.96315,0.96358,1.05,1.50
2013.07.22 21:56:40.533,0.96313,0.96358,1.43,1.50
2013.07.22 21:56:41.243,0.96317,0.96358,1.88,1.50
2013.07.22 21:56:41.603,0.96321,0.96365,3.68,1.50
2013.07.22 21:56:42.402,0.96322,0.96367,2.25,1.50
2013.07.22 21:56:43.562,0.96324,0.9637,1.50,1.13
2013.07.22 21:56:43.622,0.96324,0.9637,1.50,1.13
2013.07.22 21:56:44.052,0.96322,0.96372,3.00,1.88
2013.07.22 21:56:44.893,0.96322,0.96367,3.00,1.50
2013.07.22 21:56:45.014,0.96325,0.96372,3.00,1.50
2013.07.22 21:56:45.890,0.96325,0.96374,2.25,1.50
2013.07.22 21:56:46.923,0.96325,0.96372,2.25,1.50
2013.07.22 21:56:48.532,0.96329,0.96374,1.50,1.50
2013.07.22 21:56:56.223,0.9633,0.96374,1.50,2.63
2013.07.22 21:56:56.900,0.9633,0.96374,1.50,2.63
2013.07.22 21:57:00.085,0.9633,0.96378,1.50,1.13
2013.07.22 21:57:00.203,0.96332,0.96379,1.50,1.88
2013.07.22 21:57:01.033,0.96333,0.96378,1.50,1.13
2013.07.22 21:57:01.661,0.96331,0.96378,2.25,1.88
2013.07.22 21:57:01.724,0.96331,0.96377,1.50,1.50
2013.07.22 21:57:02.794,0.96328,0.96376,2.25,1.50
2013.07.22 21:57:08.503,0.96328,0.96374,2.25,1.50
2013.07.22 21:57:09.055,0.96328,0.96371,2.25,1.50
2013.07.22 21:57:10.117,0.96328,0.9637,2.25,1.50
2013.07.22 21:57:11.553,0.96328,0.96371,2.25,1.50
2013.07.22 21:57:15.043,0.96328,0.96372,2.25,2.25
2013.07.22 21:57:16.513,0.96328,0.96374,2.25,1.50
2013.07.22 21:57:18.517,0.96328,0.96376,2.25,1.50
2013.07.22 21:57:18.583,0.96328,0.96377,2.25,1.50
2013.07.22 21:57:22.625,0.96328,0.96378,3.75,2.25
2013.07.22 21:57:25.745,0.96328,0.96377,2.63,1.50
2013.07.22 21:57:32.414,0.96329,0.96378,1.13,1.50
2013.07.22 21:57:35.204,0.96329,0.96375,1.13,1.50
2013.07.22 21:57:35.452,0.96329,0.96376,1.13,1.50
2013.07.22 21:57:36.162,0.96329,0.96373,1.13,1.50
2013.07.22 21:57:38.962,0.96329,0.96371,1.13,1.50
2013.07.22 21:57:42.062,0.96329,0.96374,1.13,1.50
2013.07.22 21:57:44.333,0.96329,0.96373,1.13,1.50
2013.07.22 21:57:46.992,0.96327,0.96373,1.32,1.50
2013.07.22 21:57:48.985,0.96327,0.96374,1.32,1.50
2013.07.22 21:57:50.302,0.96327,0.96373,1.13,1.50
2013.07.22 21:57:55.033,0.96327,0.96371,1.13,1.50
2013.07.22 21:57:55.983,0.96327,0.96372,1.13,1.50
2013.07.22 21:57:56.043,0.96327,0.96373,1.13,1.50
2013.07.22 21:57:56.992,0.96327,0.96373,1.13,1.50
2013.07.22 21:57:59.367,0.96327,0.96372,1.13,2.25
2013.07.22 21:58:00.053,0.96323,0.96368,1.13,1.50
2013.07.22 21:58:03.112,0.96321,0.96369,1.50,1.50
2013.07.22 21:58:04.270,0.96321,0.96369,1.50,1.50
2013.07.22 21:58:06.623,0.96321,0.9637,1.50,2.25
2013.07.22 21:58:07.522,0.96321,0.96371,1.50,1.50
2013.07.22 21:58:13.922,0.96324,0.9637,1.13,1.50
2013.07.22 21:58:16.633,0.96324,0.96371,1.13,1.50
2013.07.22 21:58:17.942,0.96324,0.9637,1.50,1.50
2013.07.22 21:58:20.444,0.96324,0.9637,1.50,1.50
2013.07.22 21:58:28.234,0.96322,0.96369,1.50,1.50
2013.07.22 21:58:29.344,0.96322,0.96371,2.25,1.50
2013.07.22 21:58:29.483,0.96324,0.96369,1.13,1.50
2013.07.22 21:58:30.383,0.96324,0.96367,3.01,1.50
2013.07.22 21:58:30.743,0.96324,0.96366,2.26,2.25
2013.07.22 21:58:32.362,0.96327,0.96366,1.13,2.25
2013.07.22 21:58:32.483,0.96327,0.96368,1.50,1.50
2013.07.22 21:58:32.542,0.96327,0.96369,1.50,1.50
2013.07.22 21:58:44.524,0.96327,0.96367,1.50,1.50
2013.07.22 21:58:54.204,0.96327,0.96367,1.69,1.50
2013.07.22 21:58:54.652,0.96327,0.96369,1.50,1.50
2013.07.22 21:58:57.439,0.9634,0.96378,1.13,1.50
2013.07.22 21:58:57.507,0.9634,0.9638,1.13,1.50
2013.07.22 21:58:58.353,0.96335,0.9638,1.65,1.50
2013.07.22 21:58:58.652,0.96331,0.96373,1.13,1.50
2013.07.22 21:58:58.773,0.96327,0.96373,1.50,1.50
2013.07.22 21:58:58.952,0.96326,0.96377,1.50,1.50
2013.07.22 21:58:59.312,0.96328,0.9637,1.13,1.50
2013.07.22 21:59:03.965,0.96332,0.96367,0.38,0.75
2013.07.22 21:59:04.093,0.96336,0.96373,0.38,0.75
2013.07.22 21:59:04.153,0.96342,0.96373,0.75,0.75
2013.07.22 21:59:04.779,0.96342,0.96374,0.75,0.75
2013.07.22 21:59:05.338,0.96342,0.96375,0.75,0.75
2013.07.22 21:59:06.074,0.96342,0.96374,0.75,0.75
2013.07.22 21:59:06.453,0.96342,0.96372,0.75,0.75
2013.07.22 21:59:08.416,0.96342,0.9637,0.75,0.75
2013.07.22 21:59:08.713,0.96333,0.9637,0.38,0.75
2013.07.22 21:59:10.467,0.96333,0.96369,0.38,0.75
2013.07.22 21:59:11.793,0.96337,0.96371,0.75,0.75
2013.07.22 21:59:11.852,0.96337,0.96374,0.75,1.50
2013.07.22 21:59:19.302,0.96342,0.96373,0.75,0.75
2013.07.22 21:59:20.216,0.96342,0.96375,0.75,0.75
2013.07.22 21:59:23.412,0.96342,0.96376,0.75,0.75
2013.07.22 21:59:25.592,0.96344,0.96376,0.75,0.75
2013.07.22 21:59:26.103,0.96345,0.96375,0.75,0.75
2013.07.22 21:59:26.865,0.96345,0.96372,0.75,0.75
2013.07.22 21:59:30.444,0.96346,0.96367,0.75,0.75
2013.07.22 21:59:32.505,0.96346,0.9637,0.75,0.75
2013.07.22 21:59:33.183,0.96346,0.96368,0.75,0.75
2013.07.22 21:59:36.092,0.96346,0.96369,0.75,0.75
2013.07.22 21:59:37.034,0.96346,0.96371,0.75,0.75
2013.07.22 21:59:42.485,0.96346,0.96374,0.75,0.75
2013.07.22 21:59:42.923,0.96346,0.96371,0.75,0.75
2013.07.22 21:59:45.203,0.96342,0.96367,0.75,0.75
2013.07.22 21:59:45.622,0.96332,0.96367,0.75,0.75
2013.07.22 21:59:46.494,0.96332,0.96365,0.75,0.75
2013.07.22 21:59:47.044,0.96334,0.9636,0.75,0.75
2013.07.22 21:59:47.763,0.96332,0.96368,1.13,1.50
2013.07.22 21:59:50.695,0.96332,0.96367,0.38,0.75
2013.07.22 21:59:54.992,0.96332,0.96368,0.38,1.50
2013.07.22 21:59:56.623,0.96332,0.96366,0.38,0.75
2013.07.22 21:59:57.219,0.96332,0.96365,0.38,0.75
2013.07.22 21:59:59.703,0.96332,0.96367,0.38,1.50
