2016.03.25 20:00:00.153,0.85169,0.85236,1.00,2.40
2016.03.25 20:00:00.204,0.85169,0.85236,1.00,1.52
2016.03.25 20:00:00.760,0.85189,0.85224,1.00,1.00
2016.03.25 20:00:01.147,0.85171,0.85234,1.00,1.06
2016.03.25 20:00:01.844,0.85189,0.85226,1.00,1.13
2016.03.25 20:00:02.320,0.85171,0.85236,1.00,1.66
2016.03.25 20:00:02.947,0.85188,0.85228,1.00,1.13
2016.03.25 20:00:03.624,0.85171,0.85231,1.00,1.13
2016.03.25 20:00:04.029,0.85189,0.85227,1.00,1.13
2016.03.25 20:00:04.541,0.85171,0.85235,1.00,1.42
2016.03.25 20:00:05.125,0.85188,0.85228,1.00,1.13
2016.03.25 20:00:06.434,0.85184,0.85222,1.00,1.13
2016.03.25 20:00:07.698,0.85187,0.85226,1.00,1.13
2016.03.25 20:00:07.749,0.85172,0.85237,1.00,1.03
2016.03.25 20:00:08.355,0.8519,0.85229,1.00,1.13
2016.03.25 20:00:08.834,0.85173,0.85233,1.00,1.13
2016.03.25 20:00:09.642,0.8519,0.85229,1.00,1.13
2016.03.25 20:00:09.916,0.85171,0.85238,1.00,1.03
2016.03.25 20:00:10.118,0.85171,0.85241,1.00,1.26
2016.03.25 20:00:11.026,0.85187,0.85239,1.00,1.13
2016.03.25 20:00:11.127,0.8517,0.85244,1.00,1.13
2016.03.25 20:00:11.621,0.85188,0.85238,1.00,1.13
2016.03.25 20:00:12.127,0.85171,0.85246,1.00,1.37
2016.03.25 20:00:12.684,0.85171,0.85244,1.00,1.00
2016.03.25 20:00:12.735,0.85187,0.85239,1.00,1.13
2016.03.25 20:00:13.199,0.8517,0.85243,1.00,1.13
2016.03.25 20:00:13.828,0.85187,0.85239,1.00,1.13
2016.03.25 20:00:14.409,0.85167,0.85241,1.00,1.00
2016.03.25 20:00:14.460,0.85167,0.85245,1.00,2.01
2016.03.25 20:00:14.914,0.85187,0.85239,1.00,1.13
2016.03.25 20:00:15.974,0.8517,0.85246,1.00,1.63
2016.03.25 20:00:16.075,0.85187,0.85239,1.00,1.13
2016.03.25 20:00:16.681,0.85168,0.85244,1.00,1.00
2016.03.25 20:00:17.209,0.85189,0.8524,1.00,1.00
2016.03.25 20:00:17.787,0.85171,0.85248,1.00,2.29
2016.03.25 20:00:18.290,0.85189,0.8524,1.00,1.00
2016.03.25 20:00:18.845,0.85171,0.85246,1.00,1.00
2016.03.25 20:00:19.490,0.85189,0.8524,1.00,1.00
2016.03.25 20:00:19.948,0.85173,0.8524,1.00,1.00
2016.03.25 20:00:20.049,0.85173,0.85242,1.00,1.00
2016.03.25 20:00:20.455,0.8519,0.85239,1.00,1.00
2016.03.25 20:00:20.688,0.85172,0.85246,1.00,1.00
2016.03.25 20:00:21.492,0.85172,0.85248,1.00,2.29
2016.03.25 20:00:21.593,0.85189,0.8524,1.00,1.00
2016.03.25 20:00:22.068,0.85173,0.85242,1.00,1.00
2016.03.25 20:00:22.603,0.85173,0.85243,1.00,1.00
2016.03.25 20:00:23.128,0.85173,0.85241,1.00,1.00
2016.03.25 20:00:23.247,0.85168,0.85241,1.00,1.00
2016.03.25 20:00:23.348,0.85168,0.85247,1.00,1.12
2016.03.25 20:00:23.948,0.85188,0.85238,1.00,1.00
2016.03.25 20:00:24.654,0.85172,0.85247,1.00,1.12
2016.03.25 20:00:25.083,0.85188,0.85238,1.00,1.00
2016.03.25 20:00:25.184,0.85173,0.85241,1.00,1.00
2016.03.25 20:00:25.757,0.85188,0.85238,1.00,1.00
2016.03.25 20:00:26.181,0.85172,0.85248,1.00,1.54
2016.03.25 20:00:30.866,0.85161,0.85248,1.00,1.54
2016.03.25 20:00:32.651,0.85161,0.85248,1.00,1.92
2016.03.25 20:00:33.152,0.8516,0.85248,1.00,1.06
2016.03.25 20:00:33.662,0.8516,0.85247,1.00,1.00
2016.03.25 20:00:40.762,0.85158,0.85247,1.00,1.00
2016.03.25 20:00:42.652,0.85158,0.85248,1.00,1.06
2016.03.25 20:00:44.173,0.85157,0.85249,1.00,1.28
2016.03.25 20:00:44.797,0.8518,0.8525,1.00,2.32
2016.03.25 20:00:45.392,0.85163,0.85249,1.00,1.28
2016.03.25 20:00:45.804,0.85181,0.85248,1.00,1.06
2016.03.25 20:00:46.292,0.85164,0.85248,1.00,1.06
2016.03.25 20:00:46.912,0.85181,0.8525,1.00,3.07
2016.03.25 20:00:47.380,0.85164,0.85248,1.00,1.06
2016.03.25 20:00:48.054,0.85181,0.85248,1.00,1.06
2016.03.25 20:00:48.587,0.85165,0.85248,1.00,1.06
2016.03.25 20:00:49.088,0.85181,0.8525,1.00,2.32
2016.03.25 20:00:49.269,0.85165,0.85249,1.00,1.28
2016.03.25 20:00:49.890,0.85181,0.8525,1.00,2.32
2016.03.25 20:00:50.576,0.85164,0.85249,1.00,1.72
2016.03.25 20:00:51.093,0.85183,0.85249,1.00,1.28
2016.03.25 20:00:51.581,0.85165,0.85249,1.00,1.28
2016.03.25 20:00:52.098,0.85183,0.8525,1.00,3.07
2016.03.25 20:00:52.300,0.85167,0.85248,1.00,1.06
2016.03.25 20:00:52.803,0.85182,0.85249,1.00,2.10
2016.03.25 20:00:53.282,0.85165,0.8525,1.00,1.95
2016.03.25 20:00:53.909,0.85182,0.8525,1.00,1.95
2016.03.25 20:00:54.287,0.85164,0.8525,1.50,1.95
2016.03.25 20:00:55.776,0.8516,0.85249,1.50,1.28
2016.03.25 20:00:55.877,0.85177,0.8525,1.50,1.72
2016.03.25 20:00:56.327,0.85162,0.85249,1.50,1.06
2016.03.25 20:00:56.819,0.85177,0.85249,1.50,1.06
2016.03.25 20:00:57.211,0.85162,0.85249,1.50,1.06
2016.03.25 20:00:57.677,0.85177,0.85249,1.50,1.06
2016.03.25 20:00:58.126,0.8516,0.85249,1.50,1.06
2016.03.25 20:00:58.578,0.85178,0.85249,1.50,1.06
2016.03.25 20:00:58.995,0.85163,0.85248,1.50,1.00
2016.03.25 20:00:59.482,0.85179,0.85248,1.50,1.00
2016.03.25 20:00:59.988,0.85161,0.85248,1.50,1.00
2016.03.25 20:01:00.564,0.85161,0.85249,1.50,1.06
2016.03.25 20:01:00.980,0.85152,0.85248,3.40,1.00
2016.03.25 20:01:01.194,0.8515,0.85247,1.03,1.87
2016.03.25 20:01:01.295,0.8516,0.85245,3.40,1.00
2016.03.25 20:01:01.717,0.8515,0.85246,1.03,1.00
2016.03.25 20:01:02.337,0.8516,0.85245,3.40,1.00
2016.03.25 20:01:02.388,0.8515,0.85246,1.03,1.00
2016.03.25 20:01:03.001,0.85159,0.85244,3.40,1.00
2016.03.25 20:01:03.102,0.8515,0.85245,1.03,1.00
2016.03.25 20:01:03.583,0.85159,0.85244,3.40,1.00
2016.03.25 20:01:03.684,0.8515,0.85245,1.53,1.00
2016.03.25 20:01:05.223,0.85158,0.85244,3.40,1.00
2016.03.25 20:01:05.324,0.8515,0.85245,1.00,1.00
2016.03.25 20:01:05.878,0.85152,0.85245,1.00,1.00
2016.03.25 20:01:06.213,0.85156,0.85244,3.40,1.00
2016.03.25 20:01:06.315,0.8515,0.85245,1.04,1.00
2016.03.25 20:01:07.021,0.85156,0.85244,3.40,1.00
2016.03.25 20:01:07.414,0.8515,0.85245,1.00,1.00
2016.03.25 20:01:07.971,0.85151,0.85245,1.00,1.00
2016.03.25 20:01:08.022,0.85156,0.85244,3.40,1.00
2016.03.25 20:01:08.416,0.8515,0.85247,1.04,1.87
2016.03.25 20:01:08.918,0.85152,0.85247,1.00,1.87
2016.03.25 20:01:09.133,0.8515,0.85245,1.00,1.00
2016.03.25 20:01:09.542,0.85152,0.85245,1.00,1.00
2016.03.25 20:01:09.874,0.85157,0.85244,3.40,1.00
2016.03.25 20:01:10.232,0.8515,0.85244,1.04,1.00
2016.03.25 20:01:10.553,0.85152,0.85244,1.00,1.00
2016.03.25 20:01:10.909,0.85156,0.85244,3.40,1.00
2016.03.25 20:01:11.010,0.8515,0.85246,1.00,1.00
2016.03.25 20:01:11.697,0.85155,0.85244,3.40,1.00
2016.03.25 20:01:12.109,0.8515,0.85245,1.00,1.00
2016.03.25 20:01:12.718,0.85148,0.85245,1.37,1.00
2016.03.25 20:01:12.769,0.85151,0.85245,1.00,1.00
2016.03.25 20:01:13.096,0.85156,0.85243,3.40,1.00
2016.03.25 20:01:13.197,0.85148,0.85244,1.40,1.00
2016.03.25 20:01:13.769,0.85151,0.85244,1.00,1.00
2016.03.25 20:01:14.080,0.85157,0.85243,3.40,1.37
2016.03.25 20:01:14.231,0.85155,0.85244,1.37,1.12
2016.03.25 20:01:14.827,0.85157,0.85244,3.40,1.87
2016.03.25 20:01:15.235,0.85155,0.85244,1.37,1.12
2016.03.25 20:01:15.795,0.85157,0.85244,3.40,1.87
2016.03.25 20:01:15.896,0.85155,0.85244,1.37,1.12
2016.03.25 20:01:16.440,0.85157,0.85244,3.40,1.87
2016.03.25 20:01:16.541,0.85155,0.85244,1.37,1.87
2016.03.25 20:01:17.118,0.85157,0.85244,3.40,1.87
2016.03.25 20:01:17.509,0.85155,0.85244,1.37,1.12
2016.03.25 20:01:18.414,0.85157,0.85244,3.40,1.87
2016.03.25 20:01:18.798,0.85155,0.85244,1.37,1.12
2016.03.25 20:01:19.438,0.85157,0.85244,3.40,1.87
2016.03.25 20:01:19.497,0.85155,0.85244,1.37,1.12
2016.03.25 20:01:20.699,0.85157,0.85244,3.40,1.87
2016.03.25 20:01:21.099,0.85155,0.85244,1.37,1.87
2016.03.25 20:01:22.000,0.85158,0.85243,3.40,1.50
2016.03.25 20:01:22.101,0.85155,0.85244,1.37,1.75
2016.03.25 20:01:22.603,0.85157,0.85244,3.40,1.87
2016.03.25 20:01:22.704,0.85155,0.85244,1.37,1.75
2016.03.25 20:01:23.312,0.85156,0.85244,3.78,1.87
2016.03.25 20:01:23.711,0.85155,0.85244,1.37,1.12
2016.03.25 20:01:24.313,0.85157,0.85244,3.40,1.12
2016.03.25 20:01:25.102,0.85155,0.85244,1.37,1.12
2016.03.25 20:01:39.504,0.85157,0.85242,1.00,1.00
2016.03.25 20:01:39.605,0.85157,0.85246,3.00,2.25
2016.03.25 20:01:39.821,0.8516,0.85246,1.12,1.50
2016.03.25 20:01:39.977,0.85169,0.85248,1.00,1.37
2016.03.25 20:01:41.234,0.8517,0.85248,1.00,1.37
2016.03.25 20:01:41.567,0.85187,0.85241,1.00,1.00
2016.03.25 20:01:42.745,0.85173,0.85244,1.00,1.37
2016.03.25 20:01:44.356,0.85191,0.85244,1.00,1.37
2016.03.25 20:01:44.558,0.85175,0.85244,1.00,1.37
2016.03.25 20:01:45.938,0.85192,0.85244,1.00,1.87
2016.03.25 20:01:46.140,0.85174,0.85244,1.00,1.37
2016.03.25 20:01:47.356,0.85175,0.85244,1.00,1.37
2016.03.25 20:01:48.490,0.85173,0.85244,1.00,1.37
2016.03.25 20:01:49.268,0.85191,0.85244,1.00,1.37
2016.03.25 20:01:50.060,0.85189,0.85244,1.00,1.37
2016.03.25 20:01:50.161,0.8517,0.85244,1.12,1.37
2016.03.25 20:01:50.953,0.85156,0.85244,1.50,1.37
2016.03.25 20:01:52.370,0.85168,0.85244,1.12,1.37
2016.03.25 20:01:52.768,0.85155,0.85244,1.12,1.37
2016.03.25 20:01:53.256,0.85168,0.85244,1.12,1.37
2016.03.25 20:01:53.670,0.85155,0.85244,1.12,1.37
2016.03.25 20:01:53.870,0.85159,0.85244,1.00,1.37
2016.03.25 20:01:54.201,0.85165,0.85244,1.00,1.37
2016.03.25 20:01:56.383,0.85162,0.85243,1.00,1.12
2016.03.25 20:01:58.270,0.85165,0.85243,1.00,1.12
2016.03.25 20:01:58.574,0.85189,0.85258,1.00,1.87
2016.03.25 20:01:58.853,0.85187,0.85258,1.12,1.87
2016.03.25 20:02:00.563,0.85197,0.85253,1.12,1.00
2016.03.25 20:02:01.121,0.85197,0.85253,1.12,1.75
2016.03.25 20:02:02.264,0.85189,0.85252,3.37,1.37
2016.03.25 20:02:02.467,0.85189,0.85253,3.37,1.37
2016.03.25 20:02:02.978,0.85189,0.85253,3.37,1.00
2016.03.25 20:02:03.230,0.85189,0.85253,4.12,1.00
2016.03.25 20:02:03.382,0.85189,0.85253,3.37,1.00
2016.03.25 20:02:03.781,0.8519,0.85253,1.12,1.00
2016.03.25 20:02:03.983,0.85189,0.85253,3.37,1.00
2016.03.25 20:02:04.519,0.85189,0.85252,3.37,1.00
2016.03.25 20:02:05.602,0.85191,0.85254,3.37,1.00
2016.03.25 20:02:06.196,0.85192,0.85254,1.37,1.00
2016.03.25 20:02:06.498,0.85191,0.85254,3.37,1.00
2016.03.25 20:02:06.802,0.8519,0.85252,1.12,1.00
2016.03.25 20:02:07.052,0.85189,0.85252,4.12,1.00
2016.03.25 20:02:07.561,0.85189,0.85252,3.37,1.00
2016.03.25 20:02:08.066,0.85194,0.85257,3.37,1.00
2016.03.25 20:02:09.366,0.85192,0.85255,3.37,1.00
2016.03.25 20:02:11.766,0.85189,0.85252,2.62,1.00
2016.03.25 20:02:12.999,0.85186,0.85248,2.62,1.00
2016.03.25 20:02:15.877,0.85192,0.85256,2.62,1.00
2016.03.25 20:02:32.379,0.85202,0.85256,1.00,1.00
2016.03.25 20:02:34.530,0.85206,0.85261,1.12,1.00
2016.03.25 20:02:41.089,0.85201,0.85256,1.00,1.00
2016.03.25 20:02:41.822,0.85203,0.85256,1.00,1.00
2016.03.25 20:02:46.721,0.8521,0.85245,1.00,1.00
2016.03.25 20:02:49.311,0.85204,0.85248,1.00,1.00
2016.03.25 20:02:56.329,0.85208,0.85246,1.00,1.00
2016.03.25 20:02:58.249,0.85225,0.85262,1.00,1.00
2016.03.25 20:02:58.646,0.85227,0.85284,1.00,1.00
2016.03.25 20:03:00.102,0.85225,0.85287,1.00,1.00
2016.03.25 20:03:00.331,0.85231,0.8527,1.12,1.00
2016.03.25 20:03:04.806,0.85229,0.85268,2.25,1.00
2016.03.25 20:03:06.847,0.8522,0.85265,1.75,1.00
2016.03.25 20:03:06.898,0.85218,0.85265,1.30,1.00
2016.03.25 20:03:06.949,0.85225,0.85264,1.50,1.00
2016.03.25 20:03:08.809,0.85226,0.85262,1.00,1.00
2016.03.25 20:03:10.016,0.85226,0.85259,1.00,1.00
2016.03.25 20:03:10.269,0.85194,0.85238,1.75,1.00
2016.03.25 20:03:10.320,0.85191,0.85238,1.12,1.00
2016.03.25 20:03:10.557,0.8519,0.85257,1.12,1.37
2016.03.25 20:03:14.152,0.8519,0.85258,1.12,1.37
2016.03.25 20:03:18.317,0.8519,0.85262,1.12,1.37
2016.03.25 20:03:23.420,0.8519,0.85263,1.12,1.37
2016.03.25 20:03:23.471,0.85193,0.85263,1.75,1.37
2016.03.25 20:03:23.623,0.85185,0.85263,1.37,1.37
2016.03.25 20:03:25.051,0.85185,0.85261,1.37,1.37
2016.03.25 20:03:25.588,0.85184,0.85261,1.12,1.37
2016.03.25 20:03:30.332,0.85185,0.85263,1.50,1.37
2016.03.25 20:03:30.383,0.85194,0.85263,1.75,1.37
2016.03.25 20:03:30.534,0.85192,0.85263,1.37,1.37
2016.03.25 20:03:35.609,0.85199,0.85263,1.75,1.37
2016.03.25 20:03:35.774,0.85203,0.85285,1.00,1.50
2016.03.25 20:03:35.825,0.85205,0.85285,1.37,1.50
2016.03.25 20:03:36.801,0.85206,0.85285,1.75,1.50
2016.03.25 20:03:37.403,0.85209,0.85285,1.00,1.50
2016.03.25 20:03:38.469,0.85209,0.85284,1.00,1.50
2016.03.25 20:03:39.670,0.85201,0.85283,1.12,1.50
2016.03.25 20:03:40.321,0.85203,0.85283,1.37,1.50
2016.03.25 20:03:40.925,0.85203,0.85283,1.37,1.87
2016.03.25 20:03:40.976,0.85203,0.85283,1.12,1.87
2016.03.25 20:03:41.078,0.85205,0.85291,1.75,1.87
2016.03.25 20:03:41.129,0.85203,0.85291,1.00,1.87
2016.03.25 20:03:43.781,0.85203,0.85291,1.75,1.87
2016.03.25 20:03:44.320,0.85204,0.8529,1.37,1.87
2016.03.25 20:03:46.455,0.85204,0.85292,1.37,1.87
2016.03.25 20:03:51.499,0.85203,0.85292,1.12,1.87
2016.03.25 20:03:51.550,0.85206,0.85294,1.37,1.87
2016.03.25 20:03:51.601,0.85206,0.85294,1.12,1.87
2016.03.25 20:03:51.888,0.85208,0.85294,1.75,1.87
2016.03.25 20:03:51.989,0.85208,0.85294,1.00,1.87
2016.03.25 20:03:52.040,0.85202,0.85294,1.12,1.87
2016.03.25 20:03:52.944,0.85202,0.85298,1.12,2.25
2016.03.25 20:03:53.512,0.85203,0.85297,1.12,1.12
2016.03.25 20:03:57.271,0.85202,0.85293,1.12,1.87
2016.03.25 20:03:57.322,0.85208,0.85293,1.75,1.87
2016.03.25 20:03:57.757,0.85209,0.85293,1.12,1.87
2016.03.25 20:03:57.997,0.85206,0.85293,1.87,1.87
2016.03.25 20:03:58.099,0.85206,0.85293,1.12,1.87
2016.03.25 20:04:00.380,0.85205,0.85297,1.37,1.75
2016.03.25 20:04:00.431,0.8521,0.85298,1.75,1.12
2016.03.25 20:04:00.734,0.85219,0.85304,1.37,1.87
2016.03.25 20:04:01.047,0.85224,0.85304,1.37,1.87
2016.03.25 20:04:03.453,0.85221,0.85304,1.75,1.87
2016.03.25 20:04:03.504,0.85221,0.85304,1.00,1.87
2016.03.25 20:04:03.555,0.8522,0.85304,1.75,1.87
2016.03.25 20:04:03.876,0.85227,0.85304,1.37,1.87
2016.03.25 20:04:08.665,0.85225,0.85314,1.87,1.00
2016.03.25 20:04:08.716,0.85225,0.85314,1.12,1.00
2016.03.25 20:04:09.050,0.85225,0.85314,1.75,1.00
2016.03.25 20:04:09.518,0.85224,0.85314,1.00,1.87
2016.03.25 20:04:09.743,0.85224,0.85314,1.00,1.87
2016.03.25 20:04:10.336,0.85221,0.8531,1.12,1.37
2016.03.25 20:04:11.338,0.8522,0.8531,1.87,1.12
2016.03.25 20:04:11.389,0.8522,0.85307,1.12,1.37
2016.03.25 20:04:11.541,0.85216,0.85268,1.37,1.00
2016.03.25 20:04:11.844,0.85225,0.85268,1.12,1.00
2016.03.25 20:04:12.649,0.85225,0.85263,1.12,1.00
2016.03.25 20:04:12.801,0.85213,0.85252,1.87,1.00
2016.03.25 20:04:12.902,0.85197,0.85252,1.12,1.00
2016.03.25 20:04:13.635,0.85194,0.85252,1.87,1.00
2016.03.25 20:04:13.736,0.85193,0.85252,1.37,1.00
2016.03.25 20:04:14.052,0.85193,0.85235,1.00,1.00
2016.03.25 20:04:14.658,0.85191,0.85235,1.12,1.00
2016.03.25 20:04:14.965,0.85198,0.85235,1.12,1.00
2016.03.25 20:04:16.376,0.85195,0.85235,1.12,1.00
2016.03.25 20:04:16.427,0.85194,0.85235,1.37,1.00
2016.03.25 20:04:16.528,0.8519,0.85235,1.37,1.00
2016.03.25 20:04:16.726,0.8519,0.85245,1.37,1.00
2016.03.25 20:04:16.777,0.85193,0.85245,1.75,1.00
2016.03.25 20:04:16.929,0.85192,0.85245,1.12,1.00
2016.03.25 20:04:17.264,0.85193,0.85245,1.75,1.00
2016.03.25 20:04:17.517,0.85192,0.85245,1.37,1.00
2016.03.25 20:04:17.567,0.85193,0.85245,1.75,1.00
2016.03.25 20:04:17.719,0.85192,0.85245,1.37,1.00
2016.03.25 20:04:18.033,0.85192,0.85245,1.12,1.00
2016.03.25 20:04:18.338,0.85192,0.85242,1.37,1.00
2016.03.25 20:04:18.754,0.85197,0.85242,1.00,1.00
2016.03.25 20:04:19.367,0.85194,0.85234,1.12,1.00
2016.03.25 20:04:19.418,0.85192,0.85234,1.37,1.00
2016.03.25 20:04:19.783,0.85193,0.85234,1.75,1.00
2016.03.25 20:04:19.936,0.85186,0.85234,1.37,1.00
2016.03.25 20:04:20.244,0.85185,0.85234,1.12,1.00
2016.03.25 20:04:20.766,0.85189,0.85234,1.37,1.00
2016.03.25 20:04:21.270,0.85187,0.85234,1.12,1.00
2016.03.25 20:04:21.573,0.85184,0.85233,1.87,1.00
2016.03.25 20:04:21.624,0.85184,0.85233,1.50,1.00
2016.03.25 20:04:21.973,0.85184,0.85233,1.12,1.00
2016.03.25 20:04:22.226,0.85184,0.85233,1.50,1.00
2016.03.25 20:04:22.378,0.85184,0.85233,1.87,1.00
2016.03.25 20:04:22.652,0.85183,0.8523,1.37,1.00
2016.03.25 20:04:23.696,0.85183,0.85222,1.37,1.00
2016.03.25 20:04:24.882,0.85182,0.85217,1.00,1.00
2016.03.25 20:04:25.185,0.8518,0.85233,1.12,1.00
2016.03.25 20:04:25.438,0.85183,0.85233,1.87,1.00
2016.03.25 20:04:25.761,0.85183,0.85233,1.12,1.00
2016.03.25 20:04:26.143,0.85184,0.85233,1.37,1.00
2016.03.25 20:04:26.385,0.85184,0.85233,1.12,1.00
2016.03.25 20:04:27.665,0.85185,0.85221,1.12,1.00
2016.03.25 20:04:28.189,0.85184,0.85221,1.12,1.00
2016.03.25 20:04:28.915,0.85184,0.8522,1.12,1.00
2016.03.25 20:04:29.435,0.85185,0.8522,1.12,1.00
2016.03.25 20:04:29.593,0.85185,0.8522,1.00,1.00
2016.03.25 20:04:30.073,0.85185,0.8522,1.37,1.00
2016.03.25 20:04:30.174,0.85186,0.85225,1.00,1.00
2016.03.25 20:04:30.796,0.85177,0.85225,1.87,1.00
2016.03.25 20:04:30.847,0.85177,0.85225,1.00,1.00
2016.03.25 20:04:31.395,0.85176,0.85222,1.12,1.00
2016.03.25 20:04:31.759,0.85182,0.85222,1.00,1.00
2016.03.25 20:04:32.279,0.8518,0.85222,1.37,1.00
2016.03.25 20:04:32.481,0.85179,0.85227,1.37,1.00
2016.03.25 20:04:32.981,0.85177,0.85227,1.12,1.00
2016.03.25 20:04:33.606,0.85176,0.85227,1.37,1.00
2016.03.25 20:04:33.906,0.85177,0.85218,1.12,1.00
2016.03.25 20:04:34.510,0.85177,0.85218,1.37,1.00
2016.03.25 20:04:34.611,0.85172,0.85218,1.37,1.00
2016.03.25 20:04:34.864,0.85173,0.85218,1.12,1.00
2016.03.25 20:04:35.067,0.85178,0.85224,1.00,1.00
2016.03.25 20:04:35.588,0.85177,0.85224,1.00,1.00
2016.03.25 20:04:35.917,0.85178,0.85224,1.12,1.00
2016.03.25 20:04:36.511,0.85177,0.85216,1.37,1.00
2016.03.25 20:04:36.612,0.85175,0.85216,1.12,1.00
2016.03.25 20:04:36.970,0.85174,0.85216,1.50,1.00
2016.03.25 20:04:37.200,0.85179,0.85216,1.12,1.00
2016.03.25 20:04:37.765,0.8518,0.85219,1.37,1.00
2016.03.25 20:04:37.816,0.85178,0.85219,1.37,1.00
2016.03.25 20:04:37.917,0.8518,0.85219,1.37,1.00
2016.03.25 20:04:38.449,0.85179,0.85219,1.37,1.00
2016.03.25 20:04:39.274,0.85179,0.8523,1.37,1.00
2016.03.25 20:04:39.379,0.85177,0.8523,1.12,1.00
2016.03.25 20:04:43.791,0.85182,0.85221,1.00,1.00
2016.03.25 20:04:43.894,0.85174,0.85221,1.37,1.00
2016.03.25 20:04:45.565,0.85174,0.85239,1.37,1.00
2016.03.25 20:04:45.666,0.85174,0.85261,1.37,1.00
2016.03.25 20:04:47.052,0.85174,0.85264,1.37,1.87
2016.03.25 20:04:47.191,0.85174,0.85264,1.12,1.12
2016.03.25 20:04:48.231,0.85177,0.85264,1.37,1.00
2016.03.25 20:04:49.206,0.85175,0.85264,1.12,1.00
2016.03.25 20:04:50.132,0.85175,0.85263,1.12,1.00
2016.03.25 20:04:50.620,0.85181,0.85263,1.00,1.00
2016.03.25 20:04:53.464,0.85181,0.85267,1.00,1.00
2016.03.25 20:04:53.514,0.85183,0.85267,1.00,1.00
2016.03.25 20:05:01.492,0.85184,0.85272,1.37,1.00
2016.03.25 20:05:03.546,0.85181,0.85274,1.00,1.00
2016.03.25 20:05:03.650,0.85178,0.85274,1.37,1.00
2016.03.25 20:05:07.160,0.85186,0.85274,1.12,1.00
2016.03.25 20:05:08.477,0.85186,0.85276,1.12,1.00
2016.03.25 20:05:08.929,0.85202,0.85276,1.00,1.00
2016.03.25 20:05:08.980,0.85202,0.8528,1.00,1.00
2016.03.25 20:05:09.031,0.85202,0.85286,1.00,1.00
2016.03.25 20:05:09.132,0.85206,0.85286,1.37,1.00
2016.03.25 20:05:09.520,0.85212,0.85285,1.00,1.12
2016.03.25 20:05:12.271,0.85204,0.85293,1.37,1.12
2016.03.25 20:05:13.857,0.85204,0.85296,1.87,1.12
2016.03.25 20:05:13.969,0.85206,0.85296,1.12,1.12
2016.03.25 20:05:14.797,0.85206,0.85297,1.12,1.12
2016.03.25 20:05:15.555,0.85206,0.85297,1.12,1.87
2016.03.25 20:05:15.755,0.85206,0.85305,1.12,1.87
2016.03.25 20:05:16.067,0.852,0.85305,1.12,1.87
2016.03.25 20:05:16.168,0.85196,0.85305,1.12,1.87
2016.03.25 20:05:17.363,0.85203,0.85292,1.12,1.75
2016.03.25 20:05:18.845,0.85198,0.85288,1.12,1.75
2016.03.25 20:05:18.896,0.85197,0.85285,1.37,1.37
2016.03.25 20:05:19.197,0.852,0.85289,1.12,1.87
2016.03.25 20:05:21.602,0.85205,0.85289,1.00,1.87
2016.03.25 20:05:23.504,0.85205,0.85293,1.00,1.75
2016.03.25 20:05:24.563,0.85205,0.85293,1.00,1.50
2016.03.25 20:05:26.055,0.85202,0.85292,1.12,1.12
2016.03.25 20:05:26.106,0.85201,0.85291,1.37,1.37
2016.03.25 20:05:28.010,0.85201,0.8529,1.37,1.12
2016.03.25 20:05:32.469,0.85201,0.85291,1.12,1.12
2016.03.25 20:05:33.589,0.85204,0.85292,1.37,1.12
2016.03.25 20:05:38.037,0.85204,0.85293,1.37,1.37
2016.03.25 20:05:42.592,0.85198,0.85302,1.12,2.62
2016.03.25 20:05:44.886,0.85198,0.85305,1.12,1.87
2016.03.25 20:05:47.682,0.85198,0.85299,1.12,1.87
2016.03.25 20:05:53.289,0.85198,0.85299,1.12,1.87
2016.03.25 20:05:53.795,0.85204,0.853,1.00,1.87
2016.03.25 20:05:57.632,0.85201,0.853,1.37,1.87
2016.03.25 20:05:59.008,0.852,0.853,1.50,1.87
2016.03.25 20:05:59.110,0.85197,0.853,1.37,1.87
2016.03.25 20:05:59.731,0.85199,0.853,1.37,1.87
2016.03.25 20:06:00.659,0.85199,0.85306,1.37,1.87
2016.03.25 20:06:00.760,0.85196,0.85306,1.87,1.87
2016.03.25 20:06:03.124,0.85199,0.85306,1.37,1.87
2016.03.25 20:06:04.427,0.85196,0.85306,1.00,1.87
2016.03.25 20:06:04.528,0.85193,0.85305,1.37,1.87
2016.03.25 20:06:08.511,0.85196,0.85305,1.00,1.87
2016.03.25 20:06:08.891,0.85199,0.85305,1.37,1.87
2016.03.25 20:06:10.108,0.85199,0.85306,1.37,1.87
2016.03.25 20:06:10.420,0.85207,0.85296,1.37,1.12
2016.03.25 20:06:11.263,0.85199,0.85306,1.37,1.87
2016.03.25 20:06:16.449,0.85207,0.85296,1.37,1.37
2016.03.25 20:06:21.467,0.85205,0.85299,1.12,1.37
2016.03.25 20:06:22.898,0.85205,0.85306,1.12,1.50
2016.03.25 20:06:23.136,0.85214,0.8531,1.00,1.00
2016.03.25 20:06:24.825,0.85212,0.8531,1.00,1.00
2016.03.25 20:06:24.876,0.85212,0.85309,1.00,1.12
2016.03.25 20:06:26.918,0.85215,0.85309,1.00,1.12
2016.03.25 20:06:26.969,0.85215,0.85314,1.00,1.37
2016.03.25 20:06:32.790,0.85215,0.85317,1.12,1.37
2016.03.25 20:06:35.096,0.8522,0.85317,1.00,1.37
2016.03.25 20:06:35.197,0.8522,0.85319,1.00,1.37
2016.03.25 20:06:35.298,0.8522,0.85317,1.00,1.37
2016.03.25 20:06:36.588,0.85226,0.85317,1.00,1.37
2016.03.25 20:06:38.014,0.85229,0.85317,1.00,1.37
2016.03.25 20:06:38.217,0.85229,0.85338,1.00,1.75
2016.03.25 20:06:42.993,0.85229,0.85338,1.00,1.37
2016.03.25 20:06:43.094,0.85229,0.85333,1.00,1.30
2016.03.25 20:06:43.407,0.85232,0.85319,1.00,1.37
2016.03.25 20:06:48.184,0.85232,0.85316,1.00,1.75
2016.03.25 20:06:48.235,0.85229,0.8531,1.00,1.37
2016.03.25 20:06:48.972,0.85229,0.85308,1.00,1.00
2016.03.25 20:06:49.023,0.85229,0.85305,1.00,1.12
2016.03.25 20:06:52.979,0.85228,0.85305,1.00,1.12
2016.03.25 20:06:53.496,0.85219,0.85305,1.12,1.12
2016.03.25 20:06:56.278,0.85216,0.85292,1.37,1.00
2016.03.25 20:06:56.669,0.85178,0.85264,1.87,1.75
2016.03.25 20:06:56.720,0.8517,0.85256,1.50,1.12
2016.03.25 20:06:57.486,0.85182,0.85256,1.00,1.12
2016.03.25 20:06:57.809,0.85182,0.85251,1.00,1.37
2016.03.25 20:06:58.711,0.85176,0.85251,1.00,1.37
2016.03.25 20:06:59.088,0.8518,0.85251,1.00,1.37
2016.03.25 20:06:59.240,0.85183,0.85276,1.00,1.00
2016.03.25 20:06:59.290,0.85183,0.85271,1.00,1.00
2016.03.25 20:06:59.593,0.85183,0.85275,1.00,1.37
2016.03.25 20:06:59.644,0.85183,0.85274,1.00,1.12
2016.03.25 20:06:59.796,0.85183,0.85275,1.00,1.12
2016.03.25 20:06:59.847,0.85183,0.85269,1.00,1.00
2016.03.25 20:06:59.898,0.85163,0.85263,1.37,1.00
2016.03.25 20:06:59.949,0.8516,0.85263,1.12,1.75
2016.03.25 20:06:59.999,0.8516,0.8526,1.87,1.12
2016.03.25 20:07:00.050,0.85162,0.8527,1.37,1.12
2016.03.25 20:07:00.101,0.85164,0.8527,1.00,1.00
2016.03.25 20:07:00.202,0.85163,0.85275,1.37,1.00
2016.03.25 20:07:00.253,0.85162,0.85275,1.12,1.50
2016.03.25 20:07:00.517,0.85162,0.85275,1.37,1.00
2016.03.25 20:07:00.568,0.85162,0.85268,1.37,1.00
2016.03.25 20:07:00.940,0.85161,0.85265,1.37,1.37
2016.03.25 20:07:01.265,0.85166,0.85264,1.75,1.00
2016.03.25 20:07:01.417,0.8517,0.85268,1.00,1.00
2016.03.25 20:07:01.518,0.85169,0.85278,1.12,1.37
2016.03.25 20:07:01.620,0.8517,0.8528,1.00,1.00
2016.03.25 20:07:01.973,0.8517,0.85278,1.37,1.00
2016.03.25 20:07:02.321,0.85168,0.85276,1.37,1.37
2016.03.25 20:07:02.423,0.8517,0.8528,1.37,1.00
2016.03.25 20:07:02.832,0.85172,0.8528,1.37,1.00
2016.03.25 20:07:03.463,0.85173,0.8528,1.12,1.00
2016.03.25 20:07:03.717,0.85173,0.8528,1.12,1.00
2016.03.25 20:07:04.127,0.85175,0.8528,1.12,1.00
2016.03.25 20:07:04.330,0.85174,0.85278,1.00,1.00
2016.03.25 20:07:04.380,0.85177,0.85272,1.75,1.00
2016.03.25 20:07:04.482,0.85179,0.85281,1.87,1.00
2016.03.25 20:07:04.583,0.8518,0.85283,1.37,1.00
2016.03.25 20:07:04.889,0.85184,0.85283,1.75,1.00
2016.03.25 20:07:05.091,0.85189,0.85304,1.75,1.12
2016.03.25 20:07:05.142,0.85192,0.85304,1.37,1.37
2016.03.25 20:07:05.377,0.85193,0.85299,1.00,1.75
2016.03.25 20:07:05.528,0.85192,0.85304,1.37,1.37
2016.03.25 20:07:05.682,0.85192,0.85298,1.37,1.75
2016.03.25 20:07:05.834,0.85192,0.85303,1.37,1.12
2016.03.25 20:07:05.935,0.85192,0.85301,1.37,1.00
2016.03.25 20:07:06.239,0.85205,0.85303,1.37,1.87
2016.03.25 20:07:06.670,0.85205,0.85301,1.37,1.12
2016.03.25 20:07:06.822,0.85204,0.85302,1.37,1.37
2016.03.25 20:07:06.923,0.85205,0.85313,1.12,1.12
2016.03.25 20:07:06.974,0.85206,0.85311,1.37,1.12
2016.03.25 20:07:07.365,0.85206,0.85314,1.37,1.12
2016.03.25 20:07:07.487,0.85231,0.85312,1.00,1.12
2016.03.25 20:07:07.944,0.85231,0.85314,1.00,1.12
2016.03.25 20:07:08.096,0.85231,0.85311,1.00,1.75
2016.03.25 20:07:08.349,0.85231,0.85313,1.00,1.37
2016.03.25 20:07:08.400,0.85212,0.85308,1.12,1.75
2016.03.25 20:07:08.501,0.85212,0.85304,1.37,1.87
2016.03.25 20:07:08.917,0.85213,0.85312,1.37,1.30
2016.03.25 20:07:09.018,0.85212,0.85306,1.37,1.12
2016.03.25 20:07:09.453,0.85215,0.8531,1.37,1.37
2016.03.25 20:07:09.554,0.85214,0.85314,1.12,1.00
2016.03.25 20:07:09.605,0.85213,0.85308,1.12,1.75
2016.03.25 20:07:09.656,0.85212,0.85306,1.12,1.12
2016.03.25 20:07:09.707,0.85215,0.85307,1.75,1.12
2016.03.25 20:07:09.758,0.85218,0.85307,1.12,1.37
2016.03.25 20:07:09.995,0.8522,0.8531,1.12,1.75
2016.03.25 20:07:10.046,0.85223,0.85312,1.37,1.37
2016.03.25 20:07:11.098,0.8522,0.85311,1.75,1.12
2016.03.25 20:07:11.149,0.85219,0.85308,1.37,1.37
2016.03.25 20:07:11.687,0.85225,0.85316,1.12,1.37
2016.03.25 20:07:12.077,0.85223,0.85311,1.37,1.12
2016.03.25 20:07:12.128,0.85225,0.85316,1.12,1.37
2016.03.25 20:07:12.231,0.85215,0.85323,1.00,1.00
2016.03.25 20:07:12.332,0.8521,0.8532,1.37,1.12
2016.03.25 20:07:12.728,0.85211,0.85327,1.37,1.50
2016.03.25 20:07:12.829,0.8521,0.85319,1.12,1.37
2016.03.25 20:07:12.930,0.85212,0.85327,1.00,2.25
2016.03.25 20:07:13.032,0.85211,0.85318,1.00,1.00
2016.03.25 20:07:16.419,0.85219,0.85314,1.75,1.75
2016.03.25 20:07:16.570,0.8522,0.85321,1.37,1.37
2016.03.25 20:07:16.621,0.85219,0.8532,1.12,1.12
2016.03.25 20:07:16.999,0.85219,0.85314,1.12,1.12
2016.03.25 20:07:17.306,0.85233,0.85318,1.00,1.12
2016.03.25 20:07:17.608,0.85209,0.85311,1.12,1.87
2016.03.25 20:07:17.659,0.85209,0.85311,1.37,1.37
2016.03.25 20:07:17.710,0.8521,0.85314,1.12,1.75
2016.03.25 20:07:17.761,0.85216,0.85315,1.12,1.00
2016.03.25 20:07:17.862,0.85216,0.85319,1.12,1.37
2016.03.25 20:07:17.913,0.85211,0.85315,1.12,1.75
2016.03.25 20:07:17.964,0.8521,0.85313,1.12,1.37
2016.03.25 20:07:18.014,0.85213,0.85314,1.75,1.12
2016.03.25 20:07:18.267,0.85211,0.85309,1.37,1.37
2016.03.25 20:07:18.318,0.85231,0.85323,1.00,1.12
2016.03.25 20:07:18.368,0.85231,0.85323,1.00,1.00
2016.03.25 20:07:18.470,0.85231,0.85323,1.00,1.12
2016.03.25 20:07:18.823,0.85202,0.85323,1.75,1.50
2016.03.25 20:07:18.874,0.85202,0.85323,1.00,1.00
2016.03.25 20:07:18.925,0.852,0.85323,1.87,1.75
2016.03.25 20:07:19.410,0.85203,0.85318,1.12,1.87
2016.03.25 20:07:19.561,0.85204,0.85319,1.37,2.10
2016.03.25 20:07:19.724,0.85204,0.8531,1.37,1.75
2016.03.25 20:07:20.451,0.85204,0.85306,1.00,1.00
2016.03.25 20:07:20.834,0.85211,0.85301,1.37,1.37
2016.03.25 20:07:20.935,0.85206,0.85302,1.00,1.00
2016.03.25 20:07:21.036,0.85204,0.85298,1.12,1.37
2016.03.25 20:07:21.339,0.85206,0.85304,1.12,1.00
2016.03.25 20:07:21.390,0.85206,0.85311,1.12,1.12
2016.03.25 20:07:21.541,0.85206,0.85306,1.12,1.12
2016.03.25 20:07:21.842,0.85225,0.85315,1.00,1.00
2016.03.25 20:07:22.278,0.85225,0.85308,1.00,1.00
2016.03.25 20:07:22.329,0.85204,0.85308,1.12,1.12
2016.03.25 20:07:22.380,0.85204,0.85308,1.37,1.87
2016.03.25 20:07:22.430,0.85204,0.85305,1.37,1.50
2016.03.25 20:07:22.718,0.85205,0.85314,1.37,1.75
2016.03.25 20:07:22.769,0.8521,0.85313,1.00,1.00
2016.03.25 20:07:22.820,0.8521,0.85313,1.75,1.75
2016.03.25 20:07:23.379,0.85213,0.8531,1.37,1.12
2016.03.25 20:07:23.480,0.85204,0.85317,1.00,1.00
2016.03.25 20:07:23.531,0.85203,0.85313,1.87,1.00
2016.03.25 20:07:23.835,0.85204,0.85308,1.12,1.37
2016.03.25 20:07:24.167,0.85247,0.85328,1.00,1.12
2016.03.25 20:07:24.268,0.85247,0.85331,1.00,1.37
2016.03.25 20:07:24.319,0.85263,0.8533,1.00,1.37
2016.03.25 20:07:24.643,0.85264,0.85326,1.00,1.00
2016.03.25 20:07:24.744,0.85264,0.8533,1.00,1.12
2016.03.25 20:07:24.944,0.85264,0.85323,1.00,1.37
2016.03.25 20:07:25.045,0.85264,0.85329,1.00,1.00
2016.03.25 20:07:25.225,0.85263,0.85318,1.00,1.00
2016.03.25 20:07:25.586,0.85263,0.85342,1.00,1.50
2016.03.25 20:07:26.122,0.85262,0.85318,1.00,1.00
2016.03.25 20:07:26.224,0.85221,0.8531,1.00,1.00
2016.03.25 20:07:26.275,0.85202,0.8531,1.00,1.00
2016.03.25 20:07:26.823,0.85197,0.8531,1.75,1.00
2016.03.25 20:07:26.924,0.85197,0.8531,1.75,1.00
2016.03.25 20:07:27.337,0.85203,0.85281,1.37,0.75
2016.03.25 20:07:27.489,0.85195,0.85281,1.00,0.75
2016.03.25 20:07:27.590,0.85195,0.85242,1.00,1.00
2016.03.25 20:07:27.653,0.85184,0.85242,1.12,1.00
2016.03.25 20:07:27.704,0.85184,0.8523,1.12,1.00
2016.03.25 20:07:27.855,0.85176,0.8523,1.00,1.00
2016.03.25 20:07:28.738,0.85181,0.8523,1.75,1.00
2016.03.25 20:07:28.890,0.85169,0.8523,2.62,1.00
2016.03.25 20:07:29.122,0.85176,0.8523,1.00,1.00
2016.03.25 20:07:29.375,0.85173,0.8523,1.00,1.00
2016.03.25 20:07:29.552,0.85169,0.8523,3.00,1.00
2016.03.25 20:07:29.602,0.85169,0.85221,1.00,1.00
2016.03.25 20:07:29.653,0.85164,0.85221,1.00,1.00
2016.03.25 20:07:30.159,0.85171,0.85221,1.37,1.00
2016.03.25 20:07:30.701,0.85171,0.8524,2.10,1.00
2016.03.25 20:07:30.752,0.85182,0.8524,1.37,1.00
2016.03.25 20:07:30.803,0.85182,0.85249,1.37,1.00
2016.03.25 20:07:30.955,0.85171,0.85249,1.12,1.00
2016.03.25 20:07:31.302,0.85179,0.85249,1.30,1.00
2016.03.25 20:07:31.613,0.85187,0.85248,1.00,1.00
2016.03.25 20:07:31.664,0.85183,0.85248,1.37,1.00
2016.03.25 20:07:31.984,0.85191,0.85248,1.00,1.00
2016.03.25 20:07:32.085,0.85183,0.85248,1.00,1.50
2016.03.25 20:07:32.636,0.85181,0.85249,1.87,1.00
2016.03.25 20:07:32.795,0.85183,0.85249,1.12,1.00
2016.03.25 20:07:33.663,0.85193,0.85249,1.37,1.50
2016.03.25 20:07:34.200,0.8519,0.85248,1.00,1.00
2016.03.25 20:07:34.317,0.85183,0.85249,1.12,1.50
2016.03.25 20:07:34.573,0.85194,0.85248,1.12,1.00
2016.03.25 20:07:34.674,0.85191,0.85248,1.12,1.50
2016.03.25 20:07:35.111,0.85184,0.85248,1.37,1.00
2016.03.25 20:07:35.162,0.85192,0.85249,1.37,1.50
2016.03.25 20:07:35.484,0.85192,0.85247,1.37,1.00
2016.03.25 20:07:35.774,0.85192,0.85277,1.37,0.75
2016.03.25 20:07:36.026,0.85192,0.85284,1.37,0.75
2016.03.25 20:07:36.077,0.85186,0.85254,1.00,0.75
2016.03.25 20:07:36.420,0.85192,0.85317,1.12,2.25
2016.03.25 20:07:36.471,0.8519,0.85317,1.00,2.25
2016.03.25 20:07:36.522,0.8519,0.85326,1.00,1.00
2016.03.25 20:07:36.573,0.85172,0.8533,4.12,1.50
2016.03.25 20:07:37.058,0.85172,0.85295,1.12,1.37
2016.03.25 20:07:37.361,0.85172,0.85272,1.12,1.12
2016.03.25 20:07:37.664,0.85195,0.85272,1.00,1.12
2016.03.25 20:07:38.174,0.8519,0.85272,1.00,1.12
2016.03.25 20:07:38.275,0.85182,0.85292,3.37,1.00
2016.03.25 20:07:38.326,0.85182,0.85286,3.37,1.50
2016.03.25 20:07:38.645,0.85192,0.85301,1.37,1.50
2016.03.25 20:07:39.199,0.85192,0.85279,1.37,1.12
2016.03.25 20:07:39.406,0.85189,0.85303,1.00,1.50
2016.03.25 20:07:39.457,0.85181,0.85292,3.60,1.00
2016.03.25 20:07:39.776,0.85191,0.85296,1.12,2.25
2016.03.25 20:07:39.877,0.85191,0.85303,1.12,1.50
2016.03.25 20:07:40.392,0.85181,0.85303,3.60,1.50
2016.03.25 20:07:40.443,0.85183,0.85315,1.00,1.12
2016.03.25 20:07:40.494,0.85191,0.85318,1.12,1.37
2016.03.25 20:07:40.814,0.85191,0.85278,1.12,1.12
2016.03.25 20:07:41.223,0.85188,0.85304,1.00,1.12
2016.03.25 20:07:41.275,0.85181,0.85292,1.75,1.00
2016.03.25 20:07:41.326,0.85181,0.85292,1.00,1.00
2016.03.25 20:07:41.377,0.85176,0.85289,2.62,1.50
2016.03.25 20:07:41.428,0.85176,0.85286,2.62,1.50
2016.03.25 20:07:41.734,0.85193,0.8527,1.12,1.37
2016.03.25 20:07:41.785,0.8519,0.8527,1.00,1.37
2016.03.25 20:07:42.088,0.85183,0.8527,1.12,1.37
2016.03.25 20:07:42.504,0.85184,0.85293,1.75,1.50
2016.03.25 20:07:42.605,0.85174,0.85293,1.37,1.50
2016.03.25 20:07:42.761,0.85174,0.85293,1.37,1.87
2016.03.25 20:07:43.065,0.85182,0.85293,1.75,1.87
2016.03.25 20:07:43.411,0.85184,0.8526,1.37,1.37
2016.03.25 20:07:43.607,0.85184,0.85286,1.37,1.50
2016.03.25 20:07:43.708,0.85173,0.85286,4.35,1.50
2016.03.25 20:07:43.759,0.85173,0.8528,3.37,1.50
2016.03.25 20:07:44.109,0.85182,0.85286,1.37,1.50
2016.03.25 20:07:44.741,0.85186,0.85286,1.00,1.50
2016.03.25 20:07:45.314,0.85175,0.85286,2.62,1.50
2016.03.25 20:07:45.415,0.85175,0.85286,3.37,3.00
2016.03.25 20:07:45.718,0.85197,0.85265,1.00,1.37
2016.03.25 20:07:45.819,0.85191,0.85265,1.00,1.37
2016.03.25 20:07:45.870,0.85193,0.85265,1.00,1.37
2016.03.25 20:07:46.214,0.85196,0.85265,1.37,1.37
2016.03.25 20:07:46.315,0.85193,0.85265,1.00,1.37
2016.03.25 20:07:46.367,0.8519,0.85265,1.37,1.37
2016.03.25 20:07:46.418,0.85196,0.85265,1.37,1.37
2016.03.25 20:07:46.643,0.85183,0.85285,1.37,1.50
2016.03.25 20:07:46.903,0.8519,0.85285,1.12,1.50
2016.03.25 20:07:46.954,0.8519,0.85289,1.12,1.50
2016.03.25 20:07:47.005,0.8519,0.85295,1.12,1.00
2016.03.25 20:07:47.106,0.8519,0.85309,1.12,1.50
2016.03.25 20:07:47.157,0.8519,0.85272,1.12,1.12
2016.03.25 20:07:47.991,0.85188,0.85272,1.75,1.37
2016.03.25 20:07:48.042,0.85188,0.85295,1.00,1.12
2016.03.25 20:07:48.093,0.85182,0.85289,1.12,1.50
2016.03.25 20:07:48.372,0.85187,0.85294,1.00,1.50
2016.03.25 20:07:48.423,0.8519,0.85294,1.12,1.00
2016.03.25 20:07:48.732,0.8519,0.85271,1.12,1.12
2016.03.25 20:07:49.187,0.85187,0.85271,1.75,1.12
2016.03.25 20:07:49.238,0.85187,0.85298,1.00,1.50
2016.03.25 20:07:49.289,0.85182,0.85289,1.00,1.50
2016.03.25 20:07:49.594,0.85187,0.85288,1.75,1.37
2016.03.25 20:07:49.897,0.8519,0.85262,1.37,1.37
2016.03.25 20:07:50.496,0.8519,0.85262,1.12,1.37
2016.03.25 20:07:50.849,0.8519,0.8527,1.12,1.37
2016.03.25 20:07:50.900,0.85194,0.8527,1.75,1.37
2016.03.25 20:07:51.076,0.85191,0.8527,1.00,1.37
2016.03.25 20:07:51.327,0.85187,0.8527,1.50,1.37
2016.03.25 20:07:51.783,0.85186,0.85294,1.12,1.50
2016.03.25 20:07:51.834,0.85176,0.85291,3.37,1.12
2016.03.25 20:07:51.885,0.85176,0.85286,3.37,1.50
2016.03.25 20:07:52.188,0.85188,0.85315,1.37,1.50
2016.03.25 20:07:52.635,0.85192,0.853,1.12,1.00
2016.03.25 20:07:52.736,0.85189,0.853,1.00,1.00
2016.03.25 20:07:52.787,0.8518,0.85296,1.37,3.75
2016.03.25 20:07:53.025,0.85189,0.85296,1.00,2.25
2016.03.25 20:07:53.327,0.85189,0.85266,1.00,1.37
2016.03.25 20:07:53.543,0.85185,0.85266,1.00,1.37
2016.03.25 20:07:53.594,0.85182,0.85266,1.12,1.37
2016.03.25 20:07:53.847,0.85178,0.85266,1.72,1.37
2016.03.25 20:07:53.948,0.85178,0.85289,2.25,3.75
2016.03.25 20:07:54.198,0.85187,0.85286,1.75,1.87
2016.03.25 20:07:54.299,0.85189,0.85306,1.37,1.50
2016.03.25 20:07:54.846,0.85187,0.85306,1.00,1.50
2016.03.25 20:07:54.898,0.85183,0.85306,1.00,1.50
2016.03.25 20:07:54.948,0.85181,0.85293,1.37,1.50
2016.03.25 20:07:55.255,0.85187,0.85285,1.37,1.50
2016.03.25 20:07:55.305,0.85187,0.853,1.37,1.00
2016.03.25 20:07:55.356,0.85187,0.85306,1.37,1.50
2016.03.25 20:07:55.762,0.85181,0.85268,1.00,1.12
2016.03.25 20:07:55.964,0.85181,0.8529,1.00,1.37
2016.03.25 20:07:56.065,0.85181,0.85285,1.00,1.50
2016.03.25 20:07:56.413,0.85181,0.85258,1.00,1.37
2016.03.25 20:07:56.935,0.85177,0.85258,1.00,1.37
2016.03.25 20:07:56.986,0.85181,0.85283,1.00,1.50
2016.03.25 20:07:57.188,0.85181,0.85276,1.00,1.50
2016.03.25 20:07:57.401,0.85181,0.85283,1.12,1.50
2016.03.25 20:07:58.113,0.85181,0.85279,1.00,1.00
2016.03.25 20:07:58.379,0.85186,0.85283,1.00,1.50
2016.03.25 20:07:58.683,0.85189,0.85298,1.37,1.50
2016.03.25 20:07:59.150,0.85181,0.85298,1.30,1.50
2016.03.25 20:07:59.251,0.85177,0.85288,1.12,1.50
2016.03.25 20:07:59.554,0.85188,0.85286,1.12,1.50
2016.03.25 20:07:59.605,0.85188,0.8529,1.12,1.00
2016.03.25 20:07:59.656,0.85188,0.85263,1.12,1.37
2016.03.25 20:08:00.164,0.85188,0.85291,1.12,1.50
2016.03.25 20:08:00.266,0.85187,0.85289,1.00,1.87
2016.03.25 20:08:00.367,0.85187,0.85285,1.00,1.50
2016.03.25 20:08:00.648,0.85191,0.85299,1.00,2.25
2016.03.25 20:08:00.699,0.85191,0.85309,1.00,1.50
2016.03.25 20:08:00.749,0.85191,0.85272,1.00,1.00
2016.03.25 20:08:01.052,0.85191,0.85255,1.00,1.00
2016.03.25 20:08:01.356,0.85193,0.85255,1.37,1.00
2016.03.25 20:08:01.457,0.85185,0.85255,1.87,1.00
2016.03.25 20:08:01.558,0.85185,0.85235,1.37,1.00
2016.03.25 20:08:01.660,0.85182,0.85235,1.00,1.00
2016.03.25 20:08:01.931,0.85182,0.85235,1.75,1.00
2016.03.25 20:08:02.133,0.85182,0.85235,1.75,1.00
2016.03.25 20:08:02.184,0.85182,0.85235,1.00,1.00
2016.03.25 20:08:02.456,0.85183,0.85235,1.37,1.00
2016.03.25 20:08:03.029,0.85177,0.85229,1.75,1.00
2016.03.25 20:08:03.080,0.85177,0.85229,1.00,1.00
2016.03.25 20:08:03.457,0.85181,0.85229,1.37,1.00
2016.03.25 20:08:03.660,0.85177,0.85229,1.00,1.00
2016.03.25 20:08:03.761,0.8518,0.85229,1.12,1.00
2016.03.25 20:08:03.862,0.85177,0.85229,1.00,1.00
2016.03.25 20:08:04.161,0.85177,0.85227,1.00,1.00
2016.03.25 20:08:04.675,0.85177,0.85227,1.50,1.00
2016.03.25 20:08:05.524,0.85174,0.85226,1.00,1.00
2016.03.25 20:08:07.070,0.85176,0.85228,1.00,1.00
2016.03.25 20:08:08.008,0.8517,0.85253,1.12,1.00
2016.03.25 20:08:08.112,0.85162,0.85254,1.12,1.00
2016.03.25 20:08:08.213,0.85168,0.85254,1.00,1.00
2016.03.25 20:08:08.365,0.85164,0.85254,1.37,1.00
2016.03.25 20:08:08.416,0.85179,0.85254,1.00,1.00
2016.03.25 20:08:08.757,0.85182,0.85254,1.37,1.00
2016.03.25 20:08:09.267,0.85177,0.85254,1.12,1.00
2016.03.25 20:08:09.318,0.85175,0.85254,1.12,1.00
2016.03.25 20:08:09.546,0.85176,0.85254,1.12,1.00
2016.03.25 20:08:09.861,0.85192,0.85253,1.00,1.00
2016.03.25 20:08:10.162,0.85197,0.85254,1.37,0.75
2016.03.25 20:08:10.668,0.85188,0.85254,1.00,0.75
2016.03.25 20:08:10.769,0.85173,0.85254,1.12,0.75
2016.03.25 20:08:11.174,0.85175,0.85254,1.12,1.00
2016.03.25 20:08:11.517,0.85174,0.85254,1.00,1.00
2016.03.25 20:08:11.618,0.85181,0.85254,1.00,1.00
2016.03.25 20:08:11.820,0.85177,0.85254,1.00,1.00
2016.03.25 20:08:12.370,0.85173,0.85254,1.12,1.00
2016.03.25 20:08:12.733,0.85191,0.85254,1.00,1.00
2016.03.25 20:08:13.038,0.85194,0.85254,1.37,1.00
2016.03.25 20:08:13.306,0.85187,0.85254,1.37,1.00
2016.03.25 20:08:13.573,0.85189,0.85254,1.75,1.00
2016.03.25 20:08:14.082,0.85198,0.85253,1.12,1.50
2016.03.25 20:08:14.183,0.85186,0.85253,1.37,1.00
2016.03.25 20:08:14.450,0.85186,0.85254,1.12,0.75
2016.03.25 20:08:14.602,0.85194,0.85254,1.00,0.75
2016.03.25 20:08:14.703,0.85177,0.85254,1.50,1.00
2016.03.25 20:08:15.063,0.85175,0.85254,1.37,1.00
2016.03.25 20:08:15.269,0.85184,0.85254,1.75,1.00
2016.03.25 20:08:15.774,0.85173,0.85254,1.37,1.00
2016.03.25 20:08:16.384,0.85172,0.85254,1.50,1.00
2016.03.25 20:08:16.434,0.8518,0.85253,1.37,1.00
2016.03.25 20:08:16.813,0.85185,0.85253,1.75,1.00
2016.03.25 20:08:17.315,0.85188,0.85254,1.12,1.00
2016.03.25 20:08:17.467,0.85183,0.85254,1.00,1.00
2016.03.25 20:08:17.726,0.85191,0.85254,1.00,1.00
2016.03.25 20:08:18.050,0.85195,0.85254,1.00,0.75
2016.03.25 20:08:18.397,0.85198,0.85254,1.75,0.75
2016.03.25 20:08:18.548,0.85178,0.85253,1.00,0.75
2016.03.25 20:08:18.750,0.85175,0.85253,1.50,0.75
2016.03.25 20:08:18.902,0.85176,0.85253,1.75,0.75
2016.03.25 20:08:19.205,0.85186,0.85253,1.37,1.00
2016.03.25 20:08:19.457,0.85183,0.85254,1.30,0.75
2016.03.25 20:08:19.596,0.85174,0.85254,1.37,0.75
2016.03.25 20:08:20.030,0.85182,0.85253,1.00,1.00
2016.03.25 20:08:20.358,0.85185,0.85254,1.37,1.00
2016.03.25 20:08:20.661,0.85194,0.85254,1.37,1.00
2016.03.25 20:08:20.988,0.85187,0.85254,1.37,1.00
2016.03.25 20:08:21.389,0.85176,0.85254,1.30,1.00
2016.03.25 20:08:21.440,0.85173,0.85254,1.37,1.00
2016.03.25 20:08:21.651,0.85175,0.85254,1.12,1.00
2016.03.25 20:08:22.649,0.85174,0.85254,1.37,1.00
2016.03.25 20:08:23.253,0.85175,0.85254,1.12,1.00
2016.03.25 20:08:23.462,0.85173,0.85254,1.37,1.00
2016.03.25 20:08:23.616,0.85174,0.85254,1.12,1.00
2016.03.25 20:08:24.045,0.85182,0.85253,1.87,1.00
2016.03.25 20:08:24.197,0.85176,0.85253,1.37,0.75
2016.03.25 20:08:24.570,0.85176,0.85253,1.00,0.75
2016.03.25 20:08:24.772,0.85174,0.85304,1.12,1.00
2016.03.25 20:08:24.873,0.85175,0.85332,1.12,1.75
2016.03.25 20:08:24.924,0.85176,0.85332,1.37,1.00
2016.03.25 20:08:25.336,0.85176,0.85307,1.37,0.75
2016.03.25 20:08:25.387,0.85174,0.85307,1.37,1.00
2016.03.25 20:08:25.438,0.85173,0.8529,1.37,0.75
2016.03.25 20:08:25.752,0.85178,0.853,1.12,1.00
2016.03.25 20:08:26.026,0.85178,0.85308,1.12,1.00
2016.03.25 20:08:26.077,0.85177,0.85308,1.37,1.00
2016.03.25 20:08:26.287,0.85177,0.85317,1.00,1.00
2016.03.25 20:08:26.540,0.85177,0.85301,1.00,1.00
2016.03.25 20:08:26.641,0.85173,0.853,1.37,1.00
2016.03.25 20:08:26.692,0.85203,0.853,0.75,1.00
2016.03.25 20:08:26.844,0.8519,0.85296,1.37,2.25
2016.03.25 20:08:27.156,0.85204,0.85315,1.00,1.00
2016.03.25 20:08:27.207,0.85204,0.85315,1.75,1.00
2016.03.25 20:08:27.259,0.852,0.85338,1.12,1.00
2016.03.25 20:08:27.360,0.85209,0.85338,1.75,1.00
2016.03.25 20:08:27.666,0.85212,0.85343,1.37,1.00
2016.03.25 20:08:28.221,0.85209,0.85328,1.75,1.00
2016.03.25 20:08:28.272,0.85205,0.8534,1.37,1.37
2016.03.25 20:08:28.424,0.85198,0.85343,1.12,1.00
2016.03.25 20:08:28.474,0.85199,0.85349,1.12,1.12
2016.03.25 20:08:28.961,0.852,0.85333,1.00,1.00
2016.03.25 20:08:29.265,0.85212,0.85347,1.37,1.37
2016.03.25 20:08:29.650,0.85198,0.85349,1.12,1.37
2016.03.25 20:08:29.765,0.85199,0.85349,1.12,1.12
2016.03.25 20:08:30.069,0.85212,0.85343,1.37,1.00
2016.03.25 20:08:34.976,0.85212,0.85344,1.37,1.00
2016.03.25 20:08:36.109,0.85214,0.85344,1.37,1.00
2016.03.25 20:08:37.875,0.85214,0.85348,1.37,1.12
2016.03.25 20:08:38.352,0.85201,0.8535,1.37,1.87
2016.03.25 20:08:38.403,0.85201,0.8535,1.12,1.87
2016.03.25 20:08:39.210,0.85225,0.85357,1.12,2.62
2016.03.25 20:08:39.431,0.85225,0.8534,1.12,1.00
2016.03.25 20:08:39.533,0.85222,0.8534,1.00,1.00
2016.03.25 20:08:39.584,0.85217,0.8534,1.12,1.00
2016.03.25 20:08:39.685,0.85217,0.8534,1.12,1.37
2016.03.25 20:08:40.000,0.85217,0.85326,1.12,1.50
2016.03.25 20:08:40.212,0.85222,0.85345,1.75,1.00
2016.03.25 20:08:41.407,0.85225,0.85358,1.37,1.87
2016.03.25 20:08:42.494,0.85225,0.85359,1.37,1.37
2016.03.25 20:08:43.604,0.85225,0.85343,1.37,1.00
2016.03.25 20:08:43.756,0.85217,0.85343,1.12,1.00
2016.03.25 20:08:43.807,0.85217,0.85337,1.12,1.50
2016.03.25 20:08:44.112,0.85217,0.85347,1.12,1.37
2016.03.25 20:08:44.213,0.85217,0.85352,1.12,1.37
2016.03.25 20:08:44.814,0.85217,0.8535,1.12,1.87
2016.03.25 20:08:45.838,0.85221,0.8535,1.12,1.87
2016.03.25 20:08:46.426,0.85221,0.85344,1.12,1.00
2016.03.25 20:08:46.477,0.85221,0.85344,1.12,1.37
2016.03.25 20:08:46.709,0.85221,0.85342,1.12,1.87
2016.03.25 20:08:47.613,0.85221,0.85337,1.12,1.00
2016.03.25 20:08:47.764,0.85221,0.85351,1.12,1.00
2016.03.25 20:08:47.815,0.85221,0.85339,1.12,1.12
2016.03.25 20:08:47.877,0.85221,0.85343,1.12,1.87
2016.03.25 20:08:48.331,0.85221,0.85356,1.12,1.37
2016.03.25 20:08:48.786,0.85221,0.85344,1.12,1.00
2016.03.25 20:08:49.126,0.85221,0.85325,1.12,1.50
2016.03.25 20:08:49.280,0.85221,0.85335,1.12,1.37
2016.03.25 20:08:49.432,0.85221,0.8535,1.12,1.37
2016.03.25 20:08:49.953,0.85221,0.85343,1.12,1.00
2016.03.25 20:08:50.278,0.85221,0.85335,1.12,3.00
2016.03.25 20:08:50.489,0.85221,0.8535,1.12,1.12
2016.03.25 20:08:51.101,0.85218,0.85354,1.75,1.87
2016.03.25 20:08:51.152,0.85218,0.85354,1.00,1.87
2016.03.25 20:08:51.312,0.85215,0.85354,1.00,1.87
2016.03.25 20:08:51.375,0.85219,0.85352,1.00,1.00
2016.03.25 20:08:51.766,0.85205,0.85355,1.72,1.00
2016.03.25 20:08:51.817,0.85209,0.85355,1.75,1.12
2016.03.25 20:08:52.345,0.85218,0.85353,1.12,1.37
2016.03.25 20:08:52.945,0.85213,0.85348,1.12,1.12
2016.03.25 20:08:52.995,0.85211,0.85347,1.12,1.37
2016.03.25 20:08:53.046,0.85211,0.85335,1.12,1.00
2016.03.25 20:08:53.198,0.85201,0.85335,1.37,1.50
2016.03.25 20:08:53.598,0.85201,0.85323,1.37,1.87
2016.03.25 20:08:53.945,0.85214,0.85323,1.00,1.87
2016.03.25 20:08:54.148,0.8521,0.85327,1.75,1.00
2016.03.25 20:08:54.249,0.85204,0.85327,1.12,1.00
2016.03.25 20:08:54.300,0.85204,0.85327,1.12,1.37
2016.03.25 20:08:54.653,0.85204,0.85313,1.12,1.12
2016.03.25 20:08:54.754,0.85206,0.85329,1.00,1.37
2016.03.25 20:08:54.906,0.8521,0.85334,1.00,1.87
2016.03.25 20:08:55.232,0.85218,0.85334,1.37,1.87
2016.03.25 20:08:55.814,0.85218,0.85339,1.37,1.87
2016.03.25 20:08:57.048,0.85208,0.85321,1.12,1.00
2016.03.25 20:08:57.351,0.85208,0.85325,1.12,1.37
2016.03.25 20:08:57.402,0.85208,0.85325,1.12,1.00
2016.03.25 20:08:58.353,0.85201,0.85326,1.37,1.37
2016.03.25 20:08:58.404,0.85201,0.85325,1.37,1.50
2016.03.25 20:08:58.735,0.85206,0.85318,1.75,1.12
2016.03.25 20:08:59.265,0.85208,0.85326,1.37,1.87
2016.03.25 20:08:59.367,0.85206,0.85325,1.75,1.00
2016.03.25 20:08:59.418,0.85206,0.85325,1.00,1.00
2016.03.25 20:08:59.519,0.85202,0.85315,1.37,1.50
2016.03.25 20:08:59.721,0.85202,0.85321,1.37,1.50
2016.03.25 20:08:59.772,0.85206,0.85321,1.75,1.50
2016.03.25 20:08:59.823,0.85209,0.85338,1.12,1.00
2016.03.25 20:09:00.386,0.85203,0.85319,1.12,1.00
2016.03.25 20:09:00.437,0.85203,0.85319,1.00,1.00
2016.03.25 20:09:00.488,0.85208,0.85332,1.75,1.00
2016.03.25 20:09:00.639,0.85204,0.85329,1.12,1.87
2016.03.25 20:09:00.741,0.85209,0.85331,1.00,1.12
2016.03.25 20:09:00.792,0.85215,0.85331,1.75,1.12
2016.03.25 20:09:01.298,0.85218,0.85333,1.37,1.87
2016.03.25 20:09:01.551,0.85208,0.85329,1.12,2.25
2016.03.25 20:09:01.652,0.85208,0.85329,1.12,2.62
2016.03.25 20:09:02.006,0.85213,0.85329,1.75,1.12
2016.03.25 20:09:02.107,0.85215,0.85327,1.37,1.87
2016.03.25 20:09:02.158,0.85215,0.85343,1.37,1.87
2016.03.25 20:09:02.803,0.85215,0.85333,1.37,1.00
2016.03.25 20:09:02.960,0.85208,0.85333,1.12,1.00
2016.03.25 20:09:03.011,0.85208,0.85333,1.12,1.37
2016.03.25 20:09:03.314,0.8519,0.85306,1.12,1.87
2016.03.25 20:09:03.701,0.85196,0.85306,1.75,1.87
2016.03.25 20:09:04.157,0.85191,0.85306,1.12,1.87
2016.03.25 20:09:04.462,0.85191,0.85317,1.12,1.12
2016.03.25 20:09:04.614,0.85196,0.85314,1.00,1.37
2016.03.25 20:09:04.715,0.85196,0.85318,1.75,1.37
2016.03.25 20:09:05.228,0.85196,0.85318,1.75,1.00
2016.03.25 20:09:05.480,0.8519,0.85318,1.37,1.00
2016.03.25 20:09:05.689,0.85196,0.85318,1.00,1.00
2016.03.25 20:09:06.091,0.8519,0.85324,1.75,1.12
2016.03.25 20:09:06.142,0.85189,0.85323,1.37,1.12
2016.03.25 20:09:06.362,0.85192,0.85323,1.00,1.12
2016.03.25 20:09:06.698,0.85201,0.85326,1.12,1.87
2016.03.25 20:09:06.850,0.85188,0.85323,1.12,1.12
2016.03.25 20:09:07.371,0.85188,0.85319,1.87,1.00
2016.03.25 20:09:07.473,0.85188,0.85321,1.87,1.00
2016.03.25 20:09:07.694,0.85188,0.85319,1.87,1.00
2016.03.25 20:09:08.025,0.85188,0.85305,1.87,1.87
2016.03.25 20:09:08.366,0.85196,0.85313,1.37,1.87
2016.03.25 20:09:08.468,0.85196,0.85329,1.37,1.12
2016.03.25 20:09:08.854,0.85196,0.8532,1.37,1.00
2016.03.25 20:09:09.121,0.85196,0.85329,1.37,1.12
2016.03.25 20:09:09.335,0.85196,0.85319,1.37,1.00
2016.03.25 20:09:09.671,0.85196,0.85306,1.37,1.87
2016.03.25 20:09:09.945,0.85196,0.85321,1.37,1.50
2016.03.25 20:09:10.644,0.85196,0.85312,1.37,1.50
2016.03.25 20:09:10.947,0.85196,0.85321,1.37,1.12
2016.03.25 20:09:11.494,0.85196,0.85319,1.37,1.37
2016.03.25 20:09:11.622,0.85196,0.85306,1.37,1.50
2016.03.25 20:09:11.828,0.85196,0.85319,1.37,1.00
2016.03.25 20:09:11.879,0.85196,0.85325,1.37,3.00
2016.03.25 20:09:12.030,0.85201,0.85325,1.75,1.00
2016.03.25 20:09:12.081,0.85203,0.85327,1.37,1.00
2016.03.25 20:09:12.348,0.85196,0.85327,1.37,1.00
2016.03.25 20:09:12.398,0.852,0.85327,1.75,1.00
2016.03.25 20:09:12.550,0.85193,0.85322,1.12,1.00
2016.03.25 20:09:12.601,0.85195,0.85327,1.87,1.00
2016.03.25 20:09:13.029,0.85197,0.8533,1.12,1.00
2016.03.25 20:09:13.080,0.85197,0.85321,1.12,1.00
2016.03.25 20:09:13.181,0.85197,0.8533,1.12,1.00
2016.03.25 20:09:14.021,0.85197,0.85321,1.12,1.00
2016.03.25 20:09:14.330,0.85197,0.85312,1.12,1.87
2016.03.25 20:09:14.631,0.85197,0.85326,1.12,1.87
2016.03.25 20:09:15.337,0.85197,0.85311,1.12,1.00
2016.03.25 20:09:15.540,0.85197,0.85313,1.12,1.50
2016.03.25 20:09:15.591,0.85197,0.85319,1.12,1.37
2016.03.25 20:09:16.464,0.85191,0.85319,1.12,1.37
2016.03.25 20:09:16.565,0.85191,0.85311,1.12,1.00
2016.03.25 20:09:16.884,0.85191,0.85306,1.12,1.50
2016.03.25 20:09:17.045,0.85191,0.85312,1.12,1.50
2016.03.25 20:09:17.096,0.85199,0.85323,1.50,1.37
2016.03.25 20:09:17.642,0.852,0.85319,1.12,1.00
2016.03.25 20:09:17.964,0.852,0.85312,1.12,1.50
2016.03.25 20:09:18.065,0.85199,0.85321,1.00,1.00
2016.03.25 20:09:18.116,0.85199,0.85321,1.50,1.00
2016.03.25 20:09:18.167,0.852,0.85326,1.12,1.00
2016.03.25 20:09:18.547,0.85193,0.85321,1.12,1.00
2016.03.25 20:09:18.598,0.85193,0.85321,1.12,1.00
2016.03.25 20:09:18.835,0.85193,0.85326,1.12,1.12
2016.03.25 20:09:18.886,0.85199,0.85328,1.00,1.12
2016.03.25 20:09:18.988,0.85202,0.85331,1.37,1.00
2016.03.25 20:09:19.139,0.85194,0.85331,1.12,1.75
2016.03.25 20:09:19.291,0.85202,0.85331,1.37,1.00
2016.03.25 20:09:19.392,0.85195,0.8533,1.37,1.37
2016.03.25 20:09:19.758,0.85195,0.85315,1.37,1.00
2016.03.25 20:09:19.859,0.85195,0.8533,1.37,1.37
2016.03.25 20:09:20.134,0.85195,0.85321,1.37,1.00
2016.03.25 20:09:20.548,0.85195,0.85327,1.37,1.87
2016.03.25 20:09:20.887,0.85195,0.85316,1.37,1.50
2016.03.25 20:09:21.089,0.85195,0.8532,1.37,1.37
2016.03.25 20:09:21.742,0.85195,0.85312,1.37,1.00
2016.03.25 20:09:22.176,0.85195,0.85326,1.37,1.00
2016.03.25 20:09:22.555,0.85195,0.85321,1.37,1.00
2016.03.25 20:09:22.865,0.85195,0.85312,1.37,1.50
2016.03.25 20:09:23.168,0.85195,0.85325,1.37,1.87
2016.03.25 20:09:24.604,0.85195,0.85315,1.37,1.00
2016.03.25 20:09:24.907,0.85201,0.85323,1.37,1.87
2016.03.25 20:09:25.385,0.85193,0.85313,1.37,1.50
2016.03.25 20:09:25.486,0.85193,0.85311,1.37,1.50
2016.03.25 20:09:25.797,0.85199,0.8532,1.37,1.75
2016.03.25 20:09:26.371,0.85193,0.85321,1.37,1.75
2016.03.25 20:09:26.421,0.85193,0.85313,1.37,2.25
2016.03.25 20:09:26.725,0.85193,0.85306,1.37,1.50
2016.03.25 20:09:27.046,0.852,0.85315,1.12,1.87
2016.03.25 20:09:27.475,0.852,0.85319,1.12,1.00
2016.03.25 20:09:27.577,0.852,0.85311,1.12,1.00
2016.03.25 20:09:27.930,0.852,0.85325,1.12,1.00
2016.03.25 20:09:28.326,0.852,0.85321,1.12,1.00
2016.03.25 20:09:28.477,0.85194,0.85321,1.12,1.00
2016.03.25 20:09:28.528,0.85194,0.85313,1.12,1.50
2016.03.25 20:09:28.900,0.85194,0.85329,1.12,1.37
2016.03.25 20:09:29.295,0.85194,0.85321,1.12,1.00
2016.03.25 20:09:29.607,0.85194,0.85315,1.12,1.50
2016.03.25 20:09:29.925,0.85194,0.85313,1.12,1.87
2016.03.25 20:09:30.077,0.85194,0.85323,1.12,2.62
2016.03.25 20:09:30.726,0.85194,0.85312,1.12,1.50
2016.03.25 20:09:31.217,0.85194,0.85329,1.12,1.37
2016.03.25 20:09:31.523,0.85194,0.85318,1.12,1.00
2016.03.25 20:09:31.885,0.85194,0.85312,1.12,2.25
2016.03.25 20:09:32.037,0.85194,0.85327,1.12,1.00
2016.03.25 20:09:32.138,0.852,0.85327,1.75,1.00
2016.03.25 20:09:32.189,0.85203,0.85331,1.37,1.00
2016.03.25 20:09:32.523,0.85203,0.85319,1.37,1.00
2016.03.25 20:09:32.674,0.85197,0.85319,1.00,1.00
2016.03.25 20:09:32.725,0.85197,0.85313,1.00,1.50
2016.03.25 20:09:33.028,0.85197,0.85329,1.00,1.37
2016.03.25 20:09:33.079,0.85197,0.85329,1.00,1.37
2016.03.25 20:09:33.180,0.85197,0.85329,1.00,1.00
2016.03.25 20:09:33.659,0.85197,0.85319,1.00,1.00
2016.03.25 20:09:33.940,0.85197,0.85326,1.00,1.00
2016.03.25 20:09:33.991,0.85197,0.85326,1.00,1.37
2016.03.25 20:09:34.195,0.85197,0.85329,1.00,1.00
2016.03.25 20:09:34.597,0.85197,0.85317,1.00,1.00
2016.03.25 20:09:34.910,0.85197,0.85306,1.00,1.50
2016.03.25 20:09:35.012,0.85197,0.85316,1.00,1.00
2016.03.25 20:09:35.063,0.85199,0.85324,1.75,3.00
2016.03.25 20:09:35.519,0.85195,0.85319,1.12,1.00
2016.03.25 20:09:35.721,0.85195,0.85324,1.12,1.37
2016.03.25 20:09:35.822,0.85195,0.85324,1.12,1.00
2016.03.25 20:09:36.306,0.85195,0.85316,1.12,1.00
2016.03.25 20:09:36.615,0.85195,0.85306,1.12,1.50
2016.03.25 20:09:36.817,0.85188,0.85315,1.87,1.00
2016.03.25 20:09:36.868,0.85188,0.8532,1.87,1.00
2016.03.25 20:09:37.378,0.85188,0.85316,1.00,1.37
2016.03.25 20:09:37.530,0.85188,0.8532,1.87,1.00
2016.03.25 20:09:37.949,0.85188,0.8532,1.75,1.75
2016.03.25 20:09:38.257,0.85188,0.85312,1.00,1.00
2016.03.25 20:09:38.308,0.85188,0.85317,1.00,1.00
2016.03.25 20:09:38.359,0.85188,0.8532,1.50,1.75
2016.03.25 20:09:38.410,0.85189,0.8532,1.12,1.00
2016.03.25 20:09:38.934,0.85189,0.85324,1.12,1.12
2016.03.25 20:09:39.085,0.85183,0.85318,1.12,1.37
2016.03.25 20:09:39.136,0.85183,0.85312,1.12,1.00
2016.03.25 20:09:39.439,0.85187,0.85319,1.75,1.12
2016.03.25 20:09:39.761,0.8519,0.85325,1.12,1.12
2016.03.25 20:09:40.093,0.85183,0.85312,1.87,1.00
2016.03.25 20:09:40.405,0.85191,0.85325,1.37,1.12
2016.03.25 20:09:40.553,0.85191,0.85326,1.37,1.37
2016.03.25 20:09:40.767,0.85191,0.85321,1.37,1.00
2016.03.25 20:09:41.077,0.85189,0.85327,1.50,1.12
2016.03.25 20:09:41.128,0.8519,0.85327,1.37,1.37
2016.03.25 20:09:41.528,0.8519,0.85324,1.37,1.00
2016.03.25 20:09:41.845,0.85189,0.8532,1.00,1.37
2016.03.25 20:09:42.132,0.8519,0.85326,1.37,1.00
2016.03.25 20:09:42.183,0.8519,0.85323,1.37,1.87
2016.03.25 20:09:42.807,0.85184,0.85312,1.12,1.00
2016.03.25 20:09:43.015,0.85184,0.85319,1.12,1.75
2016.03.25 20:09:43.116,0.8519,0.8532,1.37,1.75
2016.03.25 20:09:43.770,0.85189,0.85322,1.75,1.75
2016.03.25 20:09:43.821,0.85189,0.85312,1.00,1.00
2016.03.25 20:09:44.182,0.85189,0.8532,1.50,1.50
2016.03.25 20:09:44.283,0.8519,0.85327,1.37,1.37
2016.03.25 20:09:44.726,0.8519,0.85322,1.37,1.00
2016.03.25 20:09:45.031,0.8519,0.85327,1.12,1.12
2016.03.25 20:09:45.281,0.8519,0.85321,1.12,1.00
2016.03.25 20:09:45.584,0.85189,0.85312,1.00,1.00
2016.03.25 20:09:45.787,0.85189,0.85324,1.37,1.12
2016.03.25 20:09:45.839,0.8519,0.85324,1.37,1.00
2016.03.25 20:09:45.991,0.8519,0.85324,1.37,1.12
2016.03.25 20:09:46.427,0.85183,0.85319,1.50,1.37
2016.03.25 20:09:46.528,0.85183,0.85315,1.87,1.50
2016.03.25 20:09:46.839,0.85191,0.85327,1.00,1.87
2016.03.25 20:09:47.544,0.85183,0.8532,1.87,1.37
2016.03.25 20:09:47.646,0.85183,0.85315,1.87,1.50
2016.03.25 20:09:47.967,0.8519,0.8532,1.37,1.00
2016.03.25 20:09:48.606,0.85188,0.8532,1.00,2.62
2016.03.25 20:09:48.707,0.85188,0.85316,1.00,1.50
2016.03.25 20:09:49.040,0.8519,0.8532,1.12,1.00
2016.03.25 20:09:49.901,0.85188,0.8532,1.00,1.00
2016.03.25 20:09:49.952,0.85188,0.85317,1.00,1.00
2016.03.25 20:09:50.255,0.8519,0.85321,1.37,1.87
2016.03.25 20:09:50.356,0.8519,0.85319,1.37,1.00
2016.03.25 20:09:50.942,0.85183,0.85318,1.37,1.00
2016.03.25 20:09:51.043,0.85183,0.85316,1.37,1.50
2016.03.25 20:09:51.240,0.85185,0.8532,1.00,1.00
2016.03.25 20:09:51.291,0.85185,0.8532,1.75,1.00
2016.03.25 20:09:51.816,0.85191,0.85319,1.00,1.00
2016.03.25 20:09:52.026,0.85189,0.8532,1.00,1.12
2016.03.25 20:09:52.076,0.85189,0.85318,1.00,1.00
2016.03.25 20:09:52.404,0.8519,0.85321,1.37,1.87
2016.03.25 20:09:52.455,0.8519,0.8532,1.37,1.00
2016.03.25 20:09:53.130,0.85189,0.85316,1.00,1.50
2016.03.25 20:09:53.447,0.85189,0.8532,1.87,2.25
2016.03.25 20:09:54.039,0.85189,0.85316,1.00,1.50
2016.03.25 20:09:54.346,0.85189,0.8532,1.87,1.00
2016.03.25 20:09:55.247,0.85189,0.8532,1.00,1.00
2016.03.25 20:09:55.635,0.85189,0.85328,1.87,1.50
2016.03.25 20:09:55.686,0.85189,0.85325,1.87,1.00
2016.03.25 20:09:56.008,0.85189,0.85321,1.00,1.37
2016.03.25 20:09:56.310,0.8519,0.85328,1.37,1.50
2016.03.25 20:09:56.361,0.8519,0.85328,1.37,1.12
2016.03.25 20:09:56.838,0.8519,0.85325,1.37,1.00
2016.03.25 20:09:57.172,0.85189,0.85316,1.00,1.50
2016.03.25 20:09:57.274,0.85189,0.85326,1.50,1.75
2016.03.25 20:09:57.375,0.8519,0.85327,1.37,1.00
2016.03.25 20:09:57.941,0.8519,0.85322,1.37,1.00
2016.03.25 20:09:58.269,0.85189,0.85312,1.00,2.25
2016.03.25 20:09:58.371,0.85189,0.85321,1.00,1.12
2016.03.25 20:09:58.422,0.8519,0.85327,1.37,1.37
2016.03.25 20:09:58.473,0.8519,0.85326,1.37,1.00
2016.03.25 20:09:58.943,0.8519,0.85324,1.37,1.00
2016.03.25 20:09:59.250,0.85188,0.85316,1.00,2.25
2016.03.25 20:09:59.357,0.85188,0.85322,1.00,1.12
2016.03.25 20:09:59.408,0.85188,0.85325,1.75,1.75
2016.03.25 20:09:59.458,0.8519,0.85326,1.00,1.00
2016.03.25 20:09:59.991,0.8519,0.85325,1.00,1.00
2016.03.25 20:10:00.092,0.85189,0.85325,1.50,2.25
2016.03.25 20:10:00.470,0.85189,0.85325,1.87,1.00
2016.03.25 20:10:00.978,0.85189,0.85325,1.75,1.75
2016.03.25 20:10:01.029,0.85189,0.85322,1.00,1.12
2016.03.25 20:10:01.080,0.85189,0.85316,1.00,1.50
2016.03.25 20:10:01.336,0.85189,0.85321,1.00,2.25
2016.03.25 20:10:01.438,0.85189,0.85328,1.87,2.25
2016.03.25 20:10:01.539,0.85189,0.85326,1.12,1.12
2016.03.25 20:10:02.096,0.85196,0.85316,1.75,1.00
2016.03.25 20:10:02.400,0.85206,0.85312,1.12,1.87
2016.03.25 20:10:02.703,0.85206,0.85333,1.37,1.87
2016.03.25 20:10:02.855,0.85203,0.85333,1.12,1.87
2016.03.25 20:10:03.411,0.85204,0.85333,1.12,1.87
2016.03.25 20:10:03.663,0.85207,0.8532,1.00,1.00
2016.03.25 20:10:03.965,0.85207,0.85331,1.00,1.75
2016.03.25 20:10:04.016,0.85206,0.85331,1.37,1.00
2016.03.25 20:10:04.067,0.85206,0.85339,1.37,1.50
2016.03.25 20:10:04.420,0.85203,0.85339,1.37,2.62
2016.03.25 20:10:04.767,0.85206,0.85312,1.37,2.25
2016.03.25 20:10:05.096,0.85207,0.85317,1.00,1.37
2016.03.25 20:10:05.147,0.85207,0.85334,1.00,1.37
2016.03.25 20:10:05.198,0.85207,0.85327,1.00,1.12
2016.03.25 20:10:05.450,0.85205,0.85327,1.00,1.12
2016.03.25 20:10:05.551,0.85205,0.85327,1.12,1.12
2016.03.25 20:10:05.653,0.85201,0.85327,1.37,1.12
2016.03.25 20:10:05.703,0.85203,0.85327,1.75,1.12
2016.03.25 20:10:06.006,0.85206,0.85312,1.37,1.00
2016.03.25 20:10:06.309,0.85206,0.85325,1.12,3.00
2016.03.25 20:10:06.464,0.85204,0.85328,1.37,1.12
2016.03.25 20:10:06.666,0.85205,0.85327,1.12,1.12
2016.03.25 20:10:06.767,0.85202,0.85327,1.00,1.12
2016.03.25 20:10:06.919,0.85203,0.85327,1.75,1.12
2016.03.25 20:10:07.305,0.85201,0.85306,1.37,1.87
2016.03.25 20:10:07.458,0.85206,0.85329,1.37,1.37
2016.03.25 20:10:07.559,0.85206,0.85329,1.37,1.00
2016.03.25 20:10:07.661,0.85203,0.85329,1.12,1.00
2016.03.25 20:10:07.901,0.85205,0.85329,1.12,1.00
2016.03.25 20:10:08.154,0.85205,0.85329,1.00,1.00
2016.03.25 20:10:08.356,0.85205,0.85329,1.12,1.00
2016.03.25 20:10:08.762,0.85204,0.85337,1.37,1.87
2016.03.25 20:10:09.171,0.85206,0.85337,1.37,1.87
2016.03.25 20:10:09.602,0.85204,0.85332,1.12,1.12
2016.03.25 20:10:09.654,0.85204,0.85337,1.37,1.87
2016.03.25 20:10:10.027,0.85204,0.85341,1.75,1.12
2016.03.25 20:10:10.179,0.85203,0.8534,1.37,1.75
2016.03.25 20:10:10.629,0.85204,0.8534,1.12,1.12
2016.03.25 20:10:11.108,0.85207,0.85334,1.00,1.00
2016.03.25 20:10:11.220,0.85205,0.85346,1.12,1.75
2016.03.25 20:10:11.271,0.85205,0.85324,1.12,1.00
2016.03.25 20:10:11.574,0.85204,0.85334,1.37,1.87
2016.03.25 20:10:11.827,0.85204,0.85341,1.37,1.37
2016.03.25 20:10:12.121,0.85205,0.85342,1.12,1.12
2016.03.25 20:10:12.435,0.85205,0.8534,1.00,1.00
2016.03.25 20:10:12.667,0.85205,0.85351,1.12,1.87
2016.03.25 20:10:12.970,0.85202,0.85336,1.37,1.37
2016.03.25 20:10:13.276,0.85205,0.85329,1.12,1.87
2016.03.25 20:10:13.428,0.85204,0.85341,1.12,2.25
2016.03.25 20:10:13.479,0.85204,0.8534,1.37,1.12
2016.03.25 20:10:13.856,0.85206,0.85341,1.37,1.87
2016.03.25 20:10:14.078,0.85205,0.8534,1.00,1.75
2016.03.25 20:10:14.280,0.85205,0.85341,1.12,1.87
2016.03.25 20:10:14.432,0.85202,0.85335,1.12,1.00
2016.03.25 20:10:14.482,0.85202,0.85325,1.37,1.00
2016.03.25 20:10:14.885,0.85205,0.85339,1.12,1.37
2016.03.25 20:10:14.936,0.85205,0.85333,1.12,1.87
2016.03.25 20:10:15.048,0.85202,0.85333,1.37,1.87
2016.03.25 20:10:15.150,0.85207,0.85333,1.00,1.87
2016.03.25 20:10:15.251,0.85203,0.85333,1.12,1.87
2016.03.25 20:10:15.457,0.85205,0.85333,1.12,1.87
2016.03.25 20:10:15.659,0.852,0.85326,1.37,1.37
2016.03.25 20:10:15.710,0.852,0.85321,1.37,1.50
2016.03.25 20:10:16.044,0.852,0.85313,1.37,1.87
2016.03.25 20:10:16.347,0.85205,0.85319,1.12,1.87
2016.03.25 20:10:16.398,0.85205,0.85337,1.12,1.87
2016.03.25 20:10:16.449,0.85203,0.85337,1.87,1.87
2016.03.25 20:10:16.744,0.85206,0.85337,1.37,1.87
2016.03.25 20:10:16.845,0.85204,0.85337,1.37,1.87
2016.03.25 20:10:16.947,0.85205,0.85337,1.12,1.87
2016.03.25 20:10:17.454,0.85205,0.85324,1.12,1.00
2016.03.25 20:10:17.606,0.85207,0.85344,1.00,1.37
2016.03.25 20:10:17.715,0.85205,0.85344,1.12,1.12
2016.03.25 20:10:17.816,0.85204,0.85333,1.12,1.87
2016.03.25 20:10:18.167,0.85206,0.85331,1.12,1.75
2016.03.25 20:10:18.218,0.85203,0.85331,1.12,1.00
2016.03.25 20:10:18.269,0.85203,0.85331,1.37,1.37
2016.03.25 20:10:18.831,0.85204,0.85328,1.87,1.37
2016.03.25 20:10:18.882,0.85206,0.85348,1.12,1.37
2016.03.25 20:10:18.932,0.85206,0.85334,1.12,1.12
2016.03.25 20:10:19.084,0.85205,0.85336,1.00,1.87
2016.03.25 20:10:19.218,0.85205,0.85336,1.12,1.87
2016.03.25 20:10:19.471,0.85204,0.85336,1.00,1.87
2016.03.25 20:10:19.632,0.85205,0.85336,1.75,1.87
2016.03.25 20:10:19.958,0.85202,0.85315,1.12,1.50
2016.03.25 20:10:20.197,0.85208,0.85339,1.37,1.37
2016.03.25 20:10:20.732,0.85208,0.85339,1.37,1.00
2016.03.25 20:10:20.783,0.85208,0.85329,1.37,1.00
2016.03.25 20:10:20.885,0.85205,0.85326,1.12,1.50
2016.03.25 20:10:20.986,0.85205,0.85329,1.12,2.62
2016.03.25 20:10:21.289,0.85208,0.85339,1.37,1.87
2016.03.25 20:10:21.341,0.85208,0.85336,1.37,1.87
2016.03.25 20:10:21.593,0.85206,0.85336,1.37,1.87
2016.03.25 20:10:21.896,0.85208,0.8533,1.37,1.00
2016.03.25 20:10:21.947,0.85205,0.8533,1.12,1.00
2016.03.25 20:10:21.998,0.85203,0.85339,1.12,1.12
2016.03.25 20:10:22.099,0.85206,0.85327,1.00,1.37
2016.03.25 20:10:22.316,0.85208,0.85343,1.37,1.37
2016.03.25 20:10:22.381,0.85206,0.85336,1.12,1.87
2016.03.25 20:10:22.594,0.85206,0.85342,1.12,1.50
2016.03.25 20:10:22.976,0.85208,0.85345,1.12,1.37
2016.03.25 20:10:23.387,0.85209,0.85331,1.00,1.00
2016.03.25 20:10:23.589,0.85208,0.85346,1.12,1.87
2016.03.25 20:10:23.640,0.85208,0.85322,1.12,1.00
2016.03.25 20:10:23.950,0.85208,0.8532,1.12,1.00
2016.03.25 20:10:24.051,0.85208,0.85334,1.12,2.25
2016.03.25 20:10:24.102,0.85208,0.85342,1.12,1.00
2016.03.25 20:10:24.153,0.85208,0.85342,1.00,1.00
2016.03.25 20:10:24.466,0.85208,0.85342,1.12,1.00
2016.03.25 20:10:24.664,0.85206,0.85342,1.87,1.12
2016.03.25 20:10:24.766,0.85203,0.85336,1.12,1.12
2016.03.25 20:10:24.903,0.85203,0.85341,1.50,1.00
2016.03.25 20:10:24.967,0.85199,0.85334,1.50,1.37
2016.03.25 20:10:25.272,0.85204,0.85323,1.00,1.87
2016.03.25 20:10:25.720,0.85204,0.85322,1.37,1.00
2016.03.25 20:10:25.821,0.85204,0.85331,1.37,1.00
2016.03.25 20:10:26.083,0.85202,0.85331,1.37,1.00
2016.03.25 20:10:26.593,0.852,0.85331,1.12,1.00
2016.03.25 20:10:26.694,0.85203,0.85331,1.37,1.00
2016.03.25 20:10:26.998,0.85199,0.85315,1.37,2.25
2016.03.25 20:10:27.266,0.85204,0.85336,1.00,1.00
2016.03.25 20:10:27.850,0.85203,0.85324,1.37,1.00
2016.03.25 20:10:28.160,0.85203,0.85321,1.37,1.87
2016.03.25 20:10:28.464,0.85203,0.85308,1.37,1.87
2016.03.25 20:10:28.514,0.85203,0.85324,1.37,1.12
2016.03.25 20:10:28.615,0.85203,0.85328,1.37,1.12
2016.03.25 20:10:29.140,0.85201,0.85329,1.12,1.87
2016.03.25 20:10:29.191,0.85201,0.85329,1.37,1.87
2016.03.25 20:10:29.496,0.85203,0.85323,1.37,1.37
2016.03.25 20:10:29.547,0.85201,0.85323,1.12,1.00
2016.03.25 20:10:29.648,0.85201,0.85315,1.00,1.00
2016.03.25 20:10:29.900,0.85204,0.85329,1.37,1.00
2016.03.25 20:10:30.002,0.85204,0.8531,1.37,0.37
2016.03.25 20:10:30.103,0.85202,0.85337,1.87,1.37
2016.03.25 20:10:30.488,0.85203,0.85338,1.37,1.00
2016.03.25 20:10:30.590,0.85204,0.85323,1.37,1.00
2016.03.25 20:10:30.641,0.85204,0.85337,1.37,1.00
2016.03.25 20:10:30.893,0.85202,0.85337,1.37,1.87
2016.03.25 20:10:31.290,0.85203,0.85337,1.12,1.37
2016.03.25 20:10:31.623,0.85203,0.85325,1.12,1.00
2016.03.25 20:10:31.971,0.85203,0.85321,1.12,1.87
2016.03.25 20:10:32.324,0.85203,0.85337,1.37,1.87
2016.03.25 20:10:32.476,0.85201,0.85335,1.37,1.12
2016.03.25 20:10:32.668,0.85201,0.85336,1.12,1.12
2016.03.25 20:10:33.267,0.85201,0.85325,1.75,1.00
2016.03.25 20:10:33.368,0.85201,0.85325,1.00,1.00
2016.03.25 20:10:33.419,0.85201,0.85321,1.00,1.87
2016.03.25 20:10:33.732,0.85203,0.85321,1.12,1.87
2016.03.25 20:10:33.934,0.85204,0.85312,1.37,1.12
2016.03.25 20:10:34.467,0.85202,0.85312,1.37,1.00
2016.03.25 20:10:34.669,0.85201,0.85312,1.12,1.00
2016.03.25 20:10:34.872,0.85202,0.85311,1.37,1.00
2016.03.25 20:10:35.276,0.852,0.85312,1.50,1.00
2016.03.25 20:10:35.378,0.852,0.85312,1.75,1.00
2016.03.25 20:10:35.580,0.85199,0.85311,1.00,1.00
2016.03.25 20:10:35.887,0.85199,0.85313,1.12,1.87
2016.03.25 20:10:36.392,0.852,0.85312,1.87,1.00
2016.03.25 20:10:36.493,0.85198,0.85312,1.12,1.00
2016.03.25 20:10:36.594,0.85199,0.85312,1.12,1.00
2016.03.25 20:10:36.938,0.85203,0.85313,1.37,2.25
2016.03.25 20:10:37.351,0.85203,0.85312,1.37,1.50
2016.03.25 20:10:37.856,0.85202,0.85312,1.12,1.00
2016.03.25 20:10:38.109,0.85204,0.85302,1.00,1.37
2016.03.25 20:10:38.210,0.85203,0.85312,1.37,1.37
2016.03.25 20:10:38.312,0.85202,0.85312,1.37,2.25
2016.03.25 20:10:38.774,0.85201,0.85311,1.12,1.00
2016.03.25 20:10:38.875,0.85201,0.85312,1.75,2.25
2016.03.25 20:10:38.977,0.85197,0.85312,1.12,1.00
2016.03.25 20:10:39.430,0.85202,0.85312,1.37,2.25
2016.03.25 20:10:39.942,0.852,0.85312,1.12,1.00
2016.03.25 20:10:40.201,0.85197,0.85312,1.00,2.25
2016.03.25 20:10:40.252,0.85197,0.85312,1.00,2.62
2016.03.25 20:10:40.554,0.852,0.85305,1.37,1.87
2016.03.25 20:10:40.806,0.85197,0.85312,1.37,1.75
2016.03.25 20:10:41.546,0.85197,0.85304,1.37,1.00
2016.03.25 20:10:41.798,0.85199,0.85304,1.75,1.00
2016.03.25 20:10:41.849,0.85204,0.85312,1.75,1.00
2016.03.25 20:10:42.380,0.85204,0.85312,1.75,2.25
2016.03.25 20:10:42.481,0.85199,0.85312,1.12,1.00
2016.03.25 20:10:43.336,0.85199,0.85306,1.12,1.50
2016.03.25 20:10:43.662,0.85208,0.85312,1.12,1.00
2016.03.25 20:10:44.177,0.85208,0.85311,1.12,1.00
2016.03.25 20:10:44.480,0.85205,0.85306,1.00,1.50
2016.03.25 20:10:44.582,0.85196,0.85306,1.12,1.50
2016.03.25 20:10:44.633,0.85197,0.85312,1.12,2.25
2016.03.25 20:10:45.146,0.85202,0.85312,1.12,1.00
2016.03.25 20:10:45.197,0.85201,0.85312,1.37,1.00
2016.03.25 20:10:45.557,0.85201,0.85306,1.37,1.50
2016.03.25 20:10:45.864,0.85206,0.85309,1.75,1.00
2016.03.25 20:10:45.966,0.85209,0.85312,1.12,2.25
2016.03.25 20:10:46.468,0.852,0.85312,1.12,2.25
2016.03.25 20:10:46.519,0.85198,0.85312,1.12,1.00
2016.03.25 20:10:46.570,0.85198,0.85306,1.12,1.50
2016.03.25 20:10:46.875,0.85206,0.85309,1.75,1.00
2016.03.25 20:10:46.926,0.85206,0.85311,1.75,1.00
2016.03.25 20:10:46.977,0.85201,0.85312,1.37,1.00
2016.03.25 20:10:47.028,0.85204,0.85312,1.75,1.00
2016.03.25 20:10:47.734,0.8521,0.85311,1.75,1.00
2016.03.25 20:10:47.785,0.85204,0.85311,1.87,1.00
2016.03.25 20:10:48.211,0.85204,0.85311,1.12,1.00
2016.03.25 20:10:48.312,0.85211,0.85311,1.75,1.00
2016.03.25 20:10:48.414,0.85199,0.85311,1.37,1.00
2016.03.25 20:10:49.250,0.85199,0.85313,1.37,1.87
2016.03.25 20:10:49.615,0.85199,0.85305,1.12,1.87
2016.03.25 20:10:49.903,0.85208,0.85311,1.37,1.00
2016.03.25 20:10:50.383,0.85203,0.85311,1.00,1.00
2016.03.25 20:10:50.919,0.85203,0.85312,1.00,2.25
2016.03.25 20:10:52.557,0.85203,0.85313,1.00,1.87
2016.03.25 20:10:52.709,0.85199,0.85313,1.37,1.87
2016.03.25 20:10:52.810,0.85199,0.85313,1.12,1.87
2016.03.25 20:10:52.962,0.85209,0.85312,1.37,1.00
2016.03.25 20:10:54.029,0.85207,0.85312,1.75,1.00
2016.03.25 20:10:54.130,0.85203,0.85311,1.37,1.00
2016.03.25 20:10:54.635,0.852,0.85312,1.12,1.00
2016.03.25 20:10:54.737,0.85203,0.85311,1.00,1.00
2016.03.25 20:10:55.251,0.85202,0.85312,1.37,1.00
2016.03.25 20:10:55.556,0.852,0.85313,1.12,1.87
2016.03.25 20:10:55.899,0.85204,0.85311,1.00,1.12
2016.03.25 20:10:55.950,0.85204,0.85312,1.00,1.00
2016.03.25 20:10:56.454,0.85203,0.85312,1.00,1.00
2016.03.25 20:10:56.808,0.85198,0.85312,1.12,1.00
2016.03.25 20:10:57.136,0.85199,0.85312,1.12,2.25
2016.03.25 20:10:57.238,0.85199,0.85312,1.12,1.00
2016.03.25 20:10:57.641,0.852,0.85312,1.50,1.00
2016.03.25 20:10:57.746,0.852,0.85312,1.75,2.25
2016.03.25 20:10:57.898,0.85202,0.85312,1.37,1.00
2016.03.25 20:10:58.103,0.85203,0.85312,1.12,1.00
2016.03.25 20:10:58.305,0.85204,0.85312,1.00,1.00
2016.03.25 20:10:58.356,0.85204,0.85308,1.00,1.00
2016.03.25 20:10:58.457,0.85203,0.8531,1.37,1.00
2016.03.25 20:10:58.966,0.85203,0.85312,1.37,2.25
2016.03.25 20:10:59.118,0.85202,0.85312,1.00,1.50
2016.03.25 20:10:59.326,0.85202,0.85312,1.12,1.00
2016.03.25 20:10:59.830,0.85204,0.85311,1.00,1.00
2016.03.25 20:11:00.136,0.85203,0.85312,1.12,1.00
2016.03.25 20:11:00.480,0.85204,0.85306,1.12,1.50
2016.03.25 20:11:00.582,0.85204,0.85312,1.37,2.25
2016.03.25 20:11:00.633,0.85205,0.85312,1.12,2.25
2016.03.25 20:11:00.835,0.85202,0.85312,1.37,1.00
2016.03.25 20:11:01.029,0.85202,0.85312,1.12,1.00
2016.03.25 20:11:01.565,0.85204,0.85312,1.37,1.00
2016.03.25 20:11:02.033,0.852,0.85311,1.87,1.00
2016.03.25 20:11:02.235,0.85204,0.85312,1.00,1.00
2016.03.25 20:11:02.549,0.85198,0.853,1.12,1.00
2016.03.25 20:11:02.856,0.85205,0.85312,1.00,1.00
2016.03.25 20:11:03.335,0.852,0.85312,1.00,1.00
2016.03.25 20:11:03.542,0.85203,0.85312,1.37,1.00
2016.03.25 20:11:03.853,0.85201,0.85294,1.12,1.00
2016.03.25 20:11:04.157,0.85204,0.85295,1.37,1.00
2016.03.25 20:11:04.208,0.85204,0.85299,1.37,1.00
2016.03.25 20:11:04.259,0.85204,0.85312,1.37,2.25
2016.03.25 20:11:04.562,0.85202,0.85312,1.37,1.00
2016.03.25 20:11:05.469,0.85202,0.85312,1.12,1.00
2016.03.25 20:11:05.520,0.85201,0.85312,1.37,1.00
2016.03.25 20:11:05.722,0.85202,0.85312,1.12,2.25
2016.03.25 20:11:06.419,0.85201,0.85312,1.37,1.00
2016.03.25 20:11:06.521,0.85202,0.85312,1.12,2.25
2016.03.25 20:11:06.723,0.85197,0.85312,1.37,1.00
2016.03.25 20:11:06.824,0.85203,0.85312,1.37,1.00
2016.03.25 20:11:07.127,0.852,0.85301,1.37,1.00
2016.03.25 20:11:07.393,0.85203,0.85308,1.37,1.00
2016.03.25 20:11:07.494,0.85203,0.8531,1.37,1.00
2016.03.25 20:11:07.727,0.85201,0.8531,1.37,1.00
2016.03.25 20:11:07.828,0.85204,0.8531,1.00,1.00
2016.03.25 20:11:07.929,0.85196,0.8531,1.12,1.00
2016.03.25 20:11:08.042,0.85203,0.8531,1.37,1.00
2016.03.25 20:11:08.143,0.85199,0.8531,1.00,1.00
2016.03.25 20:11:08.246,0.85203,0.8531,1.00,1.00
2016.03.25 20:11:08.347,0.85191,0.8531,1.12,1.00
2016.03.25 20:11:08.398,0.85191,0.85298,1.12,1.00
2016.03.25 20:11:08.709,0.85199,0.85304,1.00,1.00
2016.03.25 20:11:08.968,0.85198,0.85309,1.00,1.00
2016.03.25 20:11:09.263,0.85204,0.85309,1.00,1.00
2016.03.25 20:11:09.365,0.85192,0.85309,1.37,1.00
2016.03.25 20:11:09.706,0.852,0.85309,1.00,1.00
2016.03.25 20:11:09.959,0.85196,0.85309,1.12,1.00
2016.03.25 20:11:10.061,0.85197,0.85309,1.12,1.00
2016.03.25 20:11:10.162,0.85202,0.85312,1.12,1.00
2016.03.25 20:11:10.338,0.85195,0.85302,1.00,1.00
2016.03.25 20:11:10.657,0.85199,0.85303,1.75,1.00
2016.03.25 20:11:10.708,0.85199,0.85312,1.75,1.50
2016.03.25 20:11:10.759,0.85202,0.85304,1.37,1.00
2016.03.25 20:11:11.026,0.85196,0.85304,1.12,1.00
2016.03.25 20:11:11.146,0.85197,0.85304,1.12,1.00
2016.03.25 20:11:11.348,0.85197,0.85312,1.00,1.00
2016.03.25 20:11:11.659,0.85197,0.85312,1.75,1.00
2016.03.25 20:11:12.128,0.85197,0.85312,1.50,2.25
2016.03.25 20:11:12.179,0.85199,0.85311,1.75,1.00
2016.03.25 20:11:12.482,0.85199,0.85312,1.12,2.25
2016.03.25 20:11:12.533,0.85199,0.85312,1.87,2.25
2016.03.25 20:11:12.785,0.85197,0.85309,1.00,1.00
2016.03.25 20:11:12.969,0.85197,0.85299,1.00,1.00
2016.03.25 20:11:13.070,0.85194,0.85299,1.00,1.00
2016.03.25 20:11:13.121,0.85203,0.85299,1.00,1.00
2016.03.25 20:11:13.374,0.85213,0.85312,1.00,1.00
2016.03.25 20:11:13.995,0.85204,0.8531,1.50,1.00
2016.03.25 20:11:14.096,0.85204,0.85312,1.50,1.00
2016.03.25 20:11:14.620,0.85208,0.85312,1.00,1.00
2016.03.25 20:11:14.924,0.85211,0.85311,1.37,1.00
2016.03.25 20:11:28.650,0.85206,0.85283,1.75,0.75
2016.03.25 20:11:28.751,0.85202,0.85283,1.87,1.00
2016.03.25 20:11:29.312,0.85202,0.85283,1.00,1.00
2016.03.25 20:11:30.469,0.85203,0.85283,1.00,1.00
2016.03.25 20:11:30.672,0.85199,0.85283,1.00,1.00
2016.03.25 20:11:31.213,0.85204,0.85283,1.00,1.00
2016.03.25 20:11:31.600,0.85199,0.85283,1.00,1.00
2016.03.25 20:11:35.572,0.85198,0.85283,1.00,1.00
2016.03.25 20:11:36.974,0.85199,0.85283,1.00,1.00
2016.03.25 20:11:38.176,0.852,0.85283,1.00,1.00
2016.03.25 20:11:40.374,0.85202,0.85283,1.00,1.00
2016.03.25 20:11:41.677,0.852,0.85283,1.00,1.00
2016.03.25 20:11:43.858,0.852,0.85283,1.28,1.00
2016.03.25 20:11:45.294,0.85202,0.85283,1.00,1.00
2016.03.25 20:11:47.688,0.85201,0.85283,1.06,1.00
2016.03.25 20:11:48.802,0.85202,0.85283,1.00,1.00
2016.03.25 20:11:49.880,0.85202,0.85285,1.00,1.00
2016.03.25 20:11:50.082,0.85201,0.85312,1.54,1.72
2016.03.25 20:11:50.583,0.85202,0.85312,1.37,1.50
2016.03.25 20:11:50.684,0.85202,0.85296,1.37,1.00
2016.03.25 20:11:51.076,0.85206,0.85312,1.75,1.00
2016.03.25 20:11:51.127,0.8521,0.85312,1.37,1.00
2016.03.25 20:11:51.813,0.85202,0.85312,1.37,1.00
2016.03.25 20:11:52.338,0.85204,0.85312,1.00,1.00
2016.03.25 20:11:53.147,0.85209,0.85312,1.00,1.00
2016.03.25 20:11:53.449,0.85212,0.85312,1.37,2.25
2016.03.25 20:11:53.626,0.85206,0.85312,1.00,2.25
2016.03.25 20:11:54.272,0.85206,0.8531,1.00,1.00
2016.03.25 20:11:54.373,0.85206,0.85312,1.00,2.25
2016.03.25 20:11:56.765,0.85212,0.85312,1.00,2.25
2016.03.25 20:11:57.068,0.85216,0.85311,1.00,1.00
2016.03.25 20:11:57.240,0.85209,0.85311,1.00,1.00
2016.03.25 20:11:57.756,0.85209,0.85312,1.00,1.00
2016.03.25 20:11:58.955,0.85201,0.85312,1.43,2.25
2016.03.25 20:11:59.253,0.85206,0.85312,1.00,1.00
2016.03.25 20:11:59.556,0.85209,0.85312,1.50,2.25
2016.03.25 20:12:01.771,0.85213,0.85312,1.00,1.00
2016.03.25 20:12:02.094,0.85216,0.85312,1.00,1.00
2016.03.25 20:12:02.743,0.85207,0.85311,1.12,1.00
2016.03.25 20:12:02.805,0.85207,0.85311,1.12,1.00
2016.03.25 20:12:03.599,0.85209,0.85311,1.12,1.00
2016.03.25 20:12:04.125,0.85215,0.85312,1.37,1.00
2016.03.25 20:12:05.429,0.85206,0.85312,1.00,1.00
2016.03.25 20:12:05.795,0.85206,0.85312,1.75,1.00
2016.03.25 20:12:22.722,0.85212,0.8531,1.00,1.00
2016.03.25 20:12:22.823,0.85212,0.85312,1.00,1.00
2016.03.25 20:12:23.846,0.85212,0.85311,1.00,1.00
2016.03.25 20:12:32.584,0.85213,0.85311,1.00,1.00
2016.03.25 20:12:32.635,0.85213,0.85311,1.75,1.00
2016.03.25 20:12:32.984,0.85216,0.85311,1.12,1.00
2016.03.25 20:12:35.193,0.85209,0.85311,1.12,1.00
2016.03.25 20:12:37.444,0.85209,0.85312,1.12,1.00
2016.03.25 20:12:38.374,0.85212,0.85309,1.00,1.00
2016.03.25 20:12:38.476,0.85213,0.85312,1.00,1.00
2016.03.25 20:12:39.878,0.85214,0.85312,1.00,1.00
2016.03.25 20:12:40.610,0.85217,0.85312,1.00,1.00
2016.03.25 20:12:40.959,0.85219,0.85312,1.37,2.25
2016.03.25 20:12:41.615,0.8521,0.85312,1.87,1.00
2016.03.25 20:12:43.030,0.85212,0.85312,1.00,1.00
2016.03.25 20:12:43.081,0.85215,0.85312,1.37,1.00
2016.03.25 20:12:43.183,0.85211,0.85312,1.00,1.00
2016.03.25 20:12:43.284,0.85215,0.85312,1.12,1.00
2016.03.25 20:12:43.385,0.85212,0.85312,1.00,1.00
2016.03.25 20:12:43.487,0.85215,0.85312,1.37,1.00
2016.03.25 20:12:44.418,0.85211,0.85312,1.12,1.00
2016.03.25 20:12:44.622,0.85211,0.8531,1.12,1.00
2016.03.25 20:12:44.884,0.85206,0.85311,1.00,1.00
2016.03.25 20:12:45.093,0.85202,0.85299,1.37,1.00
2016.03.25 20:12:45.296,0.85209,0.85312,1.37,1.00
2016.03.25 20:12:46.183,0.85201,0.8531,1.43,1.00
2016.03.25 20:12:46.611,0.85206,0.8531,1.00,1.00
2016.03.25 20:12:46.814,0.852,0.85312,1.66,2.25
2016.03.25 20:12:47.291,0.852,0.85307,1.66,1.00
2016.03.25 20:12:47.720,0.85208,0.85312,1.37,2.25
2016.03.25 20:12:49.126,0.852,0.85312,1.35,1.00
2016.03.25 20:12:50.881,0.85202,0.85312,1.12,1.00
2016.03.25 20:12:51.404,0.85203,0.85312,1.12,2.25
2016.03.25 20:12:51.585,0.85199,0.85308,1.20,1.00
2016.03.25 20:12:51.637,0.85197,0.85308,1.90,1.00
2016.03.25 20:12:51.886,0.85203,0.8531,1.37,1.00
2016.03.25 20:12:52.208,0.85214,0.8531,1.12,1.00
2016.03.25 20:12:52.309,0.85205,0.8531,1.12,1.00
2016.03.25 20:12:52.559,0.85207,0.8531,1.12,1.00
2016.03.25 20:12:52.769,0.85209,0.85312,1.12,1.00
2016.03.25 20:12:53.837,0.85204,0.85312,1.00,1.00
2016.03.25 20:12:53.888,0.852,0.85312,1.28,1.00
2016.03.25 20:12:55.301,0.85197,0.85306,1.90,1.00
2016.03.25 20:12:55.697,0.85195,0.85298,2.02,1.00
2016.03.25 20:12:57.099,0.85195,0.85311,1.27,1.00
2016.03.25 20:13:00.576,0.85195,0.853,1.27,1.00
2016.03.25 20:13:02.007,0.85195,0.85296,1.27,1.00
2016.03.25 20:13:02.334,0.85195,0.8528,1.27,1.00
2016.03.25 20:13:02.576,0.85195,0.85296,1.27,1.00
2016.03.25 20:13:03.389,0.85195,0.8528,1.27,1.00
2016.03.25 20:13:03.793,0.85195,0.85295,1.27,1.00
2016.03.25 20:13:05.068,0.85195,0.85296,1.27,1.00
2016.03.25 20:13:05.802,0.85195,0.85279,1.27,1.00
2016.03.25 20:13:06.167,0.85195,0.85296,1.27,1.00
2016.03.25 20:13:09.993,0.85195,0.85294,1.27,1.00
2016.03.25 20:13:11.213,0.85195,0.85292,1.27,1.00
2016.03.25 20:13:15.177,0.85202,0.85304,1.00,1.00
2016.03.25 20:13:16.877,0.85193,0.85278,1.90,1.00
2016.03.25 20:13:18.184,0.85202,0.85306,1.00,1.00
2016.03.25 20:13:20.487,0.85193,0.85278,1.73,1.00
2016.03.25 20:13:21.009,0.85198,0.85278,1.20,1.00
2016.03.25 20:13:21.161,0.85198,0.85278,1.47,1.00
2016.03.25 20:13:21.492,0.85202,0.85304,1.00,1.00
2016.03.25 20:13:22.081,0.85204,0.85305,1.37,1.00
2016.03.25 20:13:22.132,0.85202,0.85305,1.00,1.00
2016.03.25 20:13:22.334,0.85204,0.85305,1.37,1.00
2016.03.25 20:13:22.643,0.85222,0.85305,1.37,1.00
2016.03.25 20:13:22.950,0.85272,0.85296,0.75,1.00
2016.03.25 20:13:23.001,0.85283,0.85312,1.00,1.00
2016.03.25 20:13:23.052,0.85273,0.85312,1.00,1.00
2016.03.25 20:13:23.153,0.85277,0.85346,1.00,1.37
2016.03.25 20:13:23.255,0.8526,0.85349,1.37,1.00
2016.03.25 20:13:23.306,0.85258,0.85358,2.05,1.00
2016.03.25 20:13:23.357,0.85257,0.8536,1.50,1.87
2016.03.25 20:13:23.407,0.85257,0.85359,1.00,1.87
2016.03.25 20:13:23.711,0.85238,0.85327,1.75,1.00
2016.03.25 20:13:23.762,0.85233,0.85327,1.37,1.00
2016.03.25 20:13:24.202,0.85236,0.85327,1.75,1.00
2016.03.25 20:13:24.382,0.85233,0.85327,1.12,1.00
2016.03.25 20:13:24.534,0.85238,0.85327,1.37,1.00
2016.03.25 20:13:24.635,0.85232,0.85327,1.37,1.00
2016.03.25 20:13:24.686,0.85232,0.8532,1.37,1.00
2016.03.25 20:13:25.537,0.85224,0.8532,1.12,1.00
2016.03.25 20:13:25.639,0.85229,0.8532,1.37,1.00
2016.03.25 20:13:25.740,0.85226,0.8532,1.00,1.00
2016.03.25 20:13:25.841,0.8522,0.8532,1.12,1.00
2016.03.25 20:13:25.892,0.8522,0.85324,1.12,1.12
2016.03.25 20:13:25.993,0.8522,0.85317,1.12,1.00
2016.03.25 20:13:26.155,0.85217,0.85317,1.50,1.12
2016.03.25 20:13:26.206,0.85217,0.85295,1.00,1.00
2016.03.25 20:13:26.541,0.85226,0.85295,1.37,1.00
2016.03.25 20:13:26.756,0.85222,0.85295,1.00,1.00
2016.03.25 20:13:26.807,0.85217,0.85295,1.87,1.00
2016.03.25 20:13:27.118,0.85219,0.85295,1.12,1.00
2016.03.25 20:13:27.321,0.85222,0.85302,1.75,1.00
2016.03.25 20:13:27.422,0.85217,0.85302,1.37,1.00
2016.03.25 20:13:28.022,0.85217,0.85302,1.00,1.00
2016.03.25 20:13:28.577,0.85212,0.85302,1.50,1.00
2016.03.25 20:13:29.510,0.85212,0.85281,1.00,1.00
2016.03.25 20:13:29.854,0.85218,0.85281,1.00,1.00
2016.03.25 20:13:30.302,0.85212,0.85281,1.12,1.00
2016.03.25 20:13:30.733,0.85212,0.85277,1.12,1.00
2016.03.25 20:13:33.226,0.85212,0.85283,1.00,1.00
2016.03.25 20:13:34.396,0.85212,0.85287,1.00,1.00
2016.03.25 20:13:34.691,0.85209,0.85287,1.37,1.00
2016.03.25 20:13:35.335,0.85209,0.85269,1.37,1.00
2016.03.25 20:13:35.716,0.85209,0.85285,1.37,1.00
2016.03.25 20:13:36.326,0.85209,0.85302,1.37,1.00
2016.03.25 20:13:37.768,0.85207,0.85302,1.75,1.00
2016.03.25 20:13:37.819,0.85207,0.85296,1.75,1.50
2016.03.25 20:13:37.870,0.85207,0.85296,1.00,1.50
2016.03.25 20:13:37.921,0.85212,0.85296,1.00,1.00
2016.03.25 20:13:38.224,0.85212,0.85286,1.12,1.00
2016.03.25 20:13:38.703,0.85212,0.85302,1.00,1.00
2016.03.25 20:13:39.029,0.85207,0.85302,1.12,1.00
2016.03.25 20:13:39.080,0.85207,0.85302,1.75,1.00
2016.03.25 20:13:40.488,0.85207,0.85302,1.75,1.00
2016.03.25 20:13:40.539,0.85207,0.85302,1.00,1.00
2016.03.25 20:13:40.590,0.85207,0.85295,1.00,1.00
2016.03.25 20:13:40.984,0.85208,0.85295,1.87,1.00
2016.03.25 20:13:41.296,0.85208,0.85283,1.87,1.00
2016.03.25 20:13:41.516,0.85208,0.85302,1.87,1.00
2016.03.25 20:13:41.872,0.85208,0.853,1.87,1.00
2016.03.25 20:13:42.196,0.85208,0.85285,1.87,1.00
2016.03.25 20:13:42.533,0.85208,0.85302,1.87,1.00
2016.03.25 20:13:45.433,0.85208,0.85269,1.37,1.00
2016.03.25 20:13:45.982,0.85207,0.85269,1.50,1.00
2016.03.25 20:13:46.394,0.85207,0.85269,1.75,1.00
2016.03.25 20:13:46.930,0.85207,0.85266,1.75,1.00
2016.03.25 20:13:46.981,0.85207,0.85266,1.00,1.00
2016.03.25 20:13:47.300,0.85207,0.85266,1.75,1.00
2016.03.25 20:13:47.351,0.85209,0.85283,1.12,1.00
2016.03.25 20:13:48.103,0.85209,0.85307,1.12,1.00
2016.03.25 20:13:48.204,0.85209,0.85304,1.12,1.00
2016.03.25 20:13:48.504,0.85209,0.85306,1.12,1.00
2016.03.25 20:13:49.014,0.85209,0.85303,1.12,1.00
2016.03.25 20:13:49.309,0.85209,0.85305,1.12,1.50
2016.03.25 20:13:49.360,0.85209,0.85307,1.12,1.00
2016.03.25 20:13:49.925,0.85209,0.85303,1.12,1.00
2016.03.25 20:13:50.198,0.85209,0.85306,1.12,1.00
2016.03.25 20:13:50.714,0.85207,0.85307,1.75,1.12
2016.03.25 20:13:50.765,0.85207,0.85305,1.00,1.50
2016.03.25 20:13:51.061,0.85207,0.85307,1.00,1.12
2016.03.25 20:13:51.112,0.85207,0.85307,1.75,1.00
2016.03.25 20:13:51.662,0.85209,0.85305,1.37,1.50
2016.03.25 20:13:51.932,0.85209,0.85307,1.37,1.00
2016.03.25 20:13:52.528,0.85209,0.85305,1.37,1.50
2016.03.25 20:13:52.703,0.85207,0.85304,1.00,1.00
2016.03.25 20:13:52.771,0.85207,0.85304,1.75,1.00
2016.03.25 20:13:52.822,0.85207,0.85307,1.75,1.00
2016.03.25 20:13:53.338,0.85207,0.85307,1.87,1.12
2016.03.25 20:13:53.389,0.85207,0.85307,1.12,1.12
2016.03.25 20:13:53.440,0.85207,0.85304,1.12,1.00
2016.03.25 20:13:53.774,0.8521,0.85307,1.37,1.00
2016.03.25 20:13:54.201,0.85207,0.85307,1.87,1.12
2016.03.25 20:13:54.252,0.85207,0.85305,1.12,1.50
2016.03.25 20:13:54.606,0.85207,0.85306,2.25,1.00
2016.03.25 20:13:55.147,0.85207,0.85304,1.12,1.00
2016.03.25 20:13:55.392,0.85207,0.85304,1.75,1.00
2016.03.25 20:13:55.443,0.85207,0.85307,1.75,1.00
2016.03.25 20:13:56.196,0.85207,0.85307,1.75,1.00
2016.03.25 20:13:56.257,0.85207,0.85304,1.00,1.50
2016.03.25 20:13:56.574,0.8521,0.85307,1.37,1.00
2016.03.25 20:13:57.081,0.85206,0.85307,1.12,1.00
2016.03.25 20:13:57.182,0.85206,0.85304,1.00,1.00
2016.03.25 20:13:57.424,0.85208,0.85305,1.75,1.50
2016.03.25 20:13:57.475,0.8521,0.85307,1.12,1.00
2016.03.25 20:13:57.905,0.85208,0.85307,1.75,1.00
2016.03.25 20:13:57.956,0.85206,0.85307,1.00,1.00
2016.03.25 20:13:58.057,0.85206,0.85304,1.00,1.00
2016.03.25 20:13:58.332,0.85206,0.85306,1.00,1.00
2016.03.25 20:13:59.037,0.85206,0.85301,1.00,1.00
2016.03.25 20:13:59.418,0.85206,0.85282,1.87,1.00
2016.03.25 20:14:00.385,0.85204,0.85282,1.12,1.00
2016.03.25 20:14:00.579,0.85205,0.85282,1.12,1.00
2016.03.25 20:14:00.890,0.85207,0.85272,1.00,1.00
2016.03.25 20:14:01.231,0.85209,0.85272,1.37,1.00
2016.03.25 20:14:01.625,0.85209,0.85294,1.37,1.00
2016.03.25 20:14:01.676,0.85209,0.85297,1.37,1.50
2016.03.25 20:14:03.743,0.85209,0.85303,1.37,1.00
2016.03.25 20:14:05.751,0.85209,0.85286,1.37,1.00
2016.03.25 20:14:06.135,0.85209,0.85303,1.37,1.00
2016.03.25 20:14:07.921,0.85207,0.85303,1.00,1.00
2016.03.25 20:14:10.452,0.85207,0.85304,1.00,1.00
2016.03.25 20:14:10.770,0.85204,0.85304,1.37,1.50
2016.03.25 20:14:11.908,0.85204,0.85304,1.12,1.00
2016.03.25 20:14:12.394,0.85213,0.85304,1.12,1.00
2016.03.25 20:14:12.697,0.85218,0.85304,1.75,1.00
2016.03.25 20:14:12.798,0.85214,0.85304,1.37,1.00
2016.03.25 20:14:12.910,0.85214,0.85304,1.12,1.00
2016.03.25 20:14:12.960,0.85217,0.85314,1.75,1.37
2016.03.25 20:14:13.062,0.85221,0.85288,1.37,1.00
2016.03.25 20:14:13.445,0.85219,0.85307,1.75,1.00
2016.03.25 20:14:13.798,0.85216,0.85307,1.12,1.00
2016.03.25 20:14:14.101,0.85216,0.85307,1.37,1.00
2016.03.25 20:14:14.406,0.85217,0.85307,1.75,1.00
2016.03.25 20:14:14.609,0.85212,0.85305,1.37,1.00
2016.03.25 20:14:14.926,0.85212,0.85305,1.12,1.00
2016.03.25 20:14:15.179,0.85216,0.85305,1.37,1.00
2016.03.25 20:14:15.330,0.85216,0.85305,1.12,1.00
2016.03.25 20:14:15.586,0.85216,0.85305,1.87,1.00
2016.03.25 20:14:15.637,0.85221,0.85305,1.75,1.00
2016.03.25 20:14:15.738,0.85217,0.8532,1.87,1.37
2016.03.25 20:14:15.789,0.85216,0.8532,1.37,1.50
2016.03.25 20:14:16.129,0.85216,0.8532,1.87,1.12
2016.03.25 20:14:16.382,0.8522,0.8532,1.00,1.00
2016.03.25 20:14:16.793,0.85226,0.8532,1.75,1.00
2016.03.25 20:14:17.046,0.85215,0.85309,1.75,1.00
2016.03.25 20:14:17.097,0.85215,0.85309,1.00,1.00
2016.03.25 20:14:17.708,0.85215,0.85309,1.50,1.00
2016.03.25 20:14:18.012,0.85217,0.85309,1.12,1.00
2016.03.25 20:14:18.062,0.85217,0.85318,1.12,1.00
2016.03.25 20:14:18.113,0.85217,0.85318,1.00,1.00
2016.03.25 20:14:18.407,0.85217,0.85318,1.12,1.00
2016.03.25 20:14:18.711,0.85215,0.85318,1.12,1.00
2016.03.25 20:14:19.038,0.85217,0.85318,1.75,1.00
2016.03.25 20:14:19.240,0.85219,0.85322,1.12,1.37
2016.03.25 20:14:19.291,0.85218,0.85322,1.37,1.50
2016.03.25 20:14:19.619,0.85218,0.85322,1.12,1.12
2016.03.25 20:14:19.821,0.85214,0.85319,1.37,1.12
2016.03.25 20:14:20.124,0.85214,0.85316,1.12,1.50
2016.03.25 20:14:20.174,0.85217,0.85322,1.75,1.75
2016.03.25 20:14:20.225,0.8522,0.85322,1.12,1.00
2016.03.25 20:14:20.326,0.85217,0.85322,1.87,1.75
2016.03.25 20:14:20.428,0.85215,0.8532,1.12,1.37
2016.03.25 20:14:20.529,0.85218,0.85322,1.75,1.75
2016.03.25 20:14:20.631,0.85221,0.85322,1.37,1.00
2016.03.25 20:14:21.195,0.85221,0.85325,1.37,1.87
2016.03.25 20:14:22.864,0.85216,0.85321,1.12,1.75
2016.03.25 20:14:22.915,0.85214,0.85318,1.37,1.12
2016.03.25 20:14:23.238,0.85216,0.85316,1.75,1.50
2016.03.25 20:14:23.288,0.85216,0.85322,1.75,1.12
2016.03.25 20:14:23.339,0.85219,0.85323,1.37,1.37
2016.03.25 20:14:23.673,0.85219,0.85319,1.37,1.00
2016.03.25 20:14:24.953,0.85219,0.85323,1.37,1.87
2016.03.25 20:14:26.349,0.85229,0.85325,1.75,1.75
2016.03.25 20:14:26.400,0.85231,0.85325,1.37,1.00
2016.03.25 20:14:26.602,0.85222,0.85325,1.87,1.12
2016.03.25 20:14:26.924,0.85222,0.85325,1.12,1.00
2016.03.25 20:14:27.228,0.85216,0.85303,1.75,1.00
2016.03.25 20:14:27.329,0.85215,0.85303,1.00,1.00
2016.03.25 20:14:27.537,0.85215,0.85321,1.75,2.25
2016.03.25 20:14:27.638,0.8523,0.85321,1.12,1.00
2016.03.25 20:14:27.739,0.85227,0.85321,1.75,1.00
2016.03.25 20:14:27.841,0.85221,0.85321,1.00,1.00
2016.03.25 20:14:28.146,0.85222,0.85321,1.75,1.00
2016.03.25 20:14:28.400,0.85219,0.85321,1.37,1.00
2016.03.25 20:14:28.451,0.85221,0.85321,1.75,1.00
2016.03.25 20:14:28.727,0.85221,0.85321,1.12,1.00
2016.03.25 20:14:28.778,0.8522,0.85324,1.12,1.12
2016.03.25 20:14:29.030,0.85215,0.8532,1.87,1.37
2016.03.25 20:14:29.352,0.8522,0.8532,1.75,1.12
2016.03.25 20:14:29.403,0.85229,0.85324,1.12,1.00
2016.03.25 20:14:29.454,0.85227,0.85324,1.12,1.00
2016.03.25 20:14:29.505,0.85225,0.85324,1.37,1.00
2016.03.25 20:14:29.556,0.8523,0.85324,1.75,1.00
2016.03.25 20:14:29.708,0.85224,0.85324,1.37,1.00
2016.03.25 20:14:29.760,0.85229,0.85324,1.75,1.00
2016.03.25 20:14:30.012,0.8522,0.85324,1.37,1.50
2016.03.25 20:14:30.067,0.85217,0.85321,1.12,1.75
2016.03.25 20:14:30.118,0.85216,0.85319,1.37,1.12
2016.03.25 20:14:30.341,0.85216,0.85321,1.12,1.75
2016.03.25 20:14:30.442,0.85219,0.85324,1.12,1.37
2016.03.25 20:14:31.640,0.85219,0.85322,1.12,1.00
2016.03.25 20:14:33.258,0.85217,0.85306,1.75,1.00
2016.03.25 20:14:33.308,0.8521,0.85306,1.00,1.00
2016.03.25 20:14:34.096,0.8521,0.85285,1.50,1.00
2016.03.25 20:14:34.384,0.8521,0.853,1.00,1.00
2016.03.25 20:14:35.058,0.8521,0.85281,1.00,1.00
2016.03.25 20:14:35.482,0.8521,0.85299,1.00,1.00
2016.03.25 20:14:37.578,0.8521,0.85306,1.00,1.00
2016.03.25 20:14:38.005,0.8521,0.85304,1.00,1.00
2016.03.25 20:14:38.287,0.8521,0.85306,1.00,1.00
2016.03.25 20:14:38.888,0.8521,0.85304,1.00,1.00
2016.03.25 20:14:39.240,0.8521,0.85306,1.00,1.00
2016.03.25 20:14:39.858,0.85208,0.85305,1.75,1.87
2016.03.25 20:14:39.909,0.85208,0.85303,1.75,1.00
2016.03.25 20:14:39.960,0.85208,0.85303,1.00,1.00
2016.03.25 20:14:40.469,0.85208,0.85304,1.00,1.00
2016.03.25 20:14:40.726,0.85208,0.85301,1.00,1.00
2016.03.25 20:14:41.043,0.85208,0.8528,1.00,1.00
2016.03.25 20:14:42.130,0.85201,0.8528,1.87,1.00
2016.03.25 20:14:42.181,0.85201,0.85288,1.12,1.00
2016.03.25 20:14:43.551,0.85202,0.85278,1.50,1.00
2016.03.25 20:14:43.980,0.85201,0.85295,1.87,1.00
2016.03.25 20:14:44.471,0.85203,0.85277,1.12,1.00
2016.03.25 20:14:44.791,0.85202,0.85293,1.50,1.00
2016.03.25 20:14:44.892,0.85207,0.85293,1.00,1.00
2016.03.25 20:14:45.361,0.85207,0.85278,1.00,1.00
2016.03.25 20:14:45.677,0.85207,0.85295,1.00,1.00
2016.03.25 20:14:46.262,0.85207,0.85278,1.00,1.00
2016.03.25 20:14:46.565,0.85208,0.85295,1.00,1.00
2016.03.25 20:14:47.093,0.85207,0.85295,1.00,1.00
2016.03.25 20:15:00.367,0.8523,0.85297,1.00,1.00
2016.03.25 20:15:00.791,0.85222,0.85297,1.00,1.00
2016.03.25 20:15:00.842,0.85214,0.85297,1.00,1.00
2016.03.25 20:15:01.177,0.85217,0.85297,1.00,1.00
2016.03.25 20:15:01.867,0.85217,0.85295,1.00,1.00
2016.03.25 20:15:03.782,0.85217,0.85296,1.00,1.00
2016.03.25 20:15:04.970,0.85217,0.85294,1.00,1.00
2016.03.25 20:15:05.305,0.85228,0.85294,1.00,1.00
2016.03.25 20:15:06.574,0.85228,0.85295,1.00,1.00
2016.03.25 20:15:06.925,0.85228,0.85278,1.00,1.00
2016.03.25 20:15:11.375,0.85228,0.85291,1.00,1.00
2016.03.25 20:15:12.976,0.85228,0.85292,1.00,1.00
2016.03.25 20:15:15.191,0.85228,0.85293,1.00,1.00
2016.03.25 20:15:17.490,0.85228,0.85296,1.00,1.00
2016.03.25 20:15:18.122,0.85242,0.85296,1.00,1.00
2016.03.25 20:15:18.464,0.85247,0.85296,1.37,1.00
2016.03.25 20:15:18.794,0.85247,0.85308,1.37,1.00
2016.03.25 20:15:20.393,0.85247,0.8531,1.37,1.00
2016.03.25 20:15:21.895,0.85248,0.8531,1.12,1.00
2016.03.25 20:15:22.411,0.85252,0.8531,1.37,1.00
2016.03.25 20:15:22.563,0.85249,0.8531,1.00,1.00
2016.03.25 20:15:22.664,0.85242,0.8531,1.87,1.00
2016.03.25 20:15:22.715,0.85244,0.8531,1.12,1.00
2016.03.25 20:15:23.061,0.85249,0.8531,1.12,1.00
2016.03.25 20:15:23.298,0.85251,0.85314,1.12,1.00
2016.03.25 20:15:23.349,0.85253,0.85314,1.12,1.00
2016.03.25 20:15:30.519,0.8525,0.85338,1.75,1.00
2016.03.25 20:15:30.570,0.85246,0.85338,1.37,1.00
2016.03.25 20:15:30.622,0.85247,0.85348,1.12,1.00
2016.03.25 20:15:30.773,0.85247,0.85348,1.00,1.12
2016.03.25 20:15:30.824,0.85251,0.85352,1.75,1.75
2016.03.25 20:15:30.875,0.85259,0.8536,1.00,1.00
2016.03.25 20:15:30.926,0.85255,0.85357,1.75,1.75
2016.03.25 20:15:30.977,0.85246,0.8535,1.12,1.37
2016.03.25 20:15:31.028,0.85243,0.85348,1.75,1.12
2016.03.25 20:15:31.079,0.85242,0.85346,1.12,1.12
2016.03.25 20:15:31.451,0.85244,0.85346,1.00,1.12
2016.03.25 20:15:31.653,0.85252,0.85356,1.37,1.50
2016.03.25 20:15:31.807,0.85249,0.85355,1.75,1.12
2016.03.25 20:15:31.858,0.85247,0.85349,1.00,1.00
2016.03.25 20:15:32.618,0.85247,0.85354,1.12,1.75
2016.03.25 20:15:32.683,0.85252,0.85356,1.12,1.37
2016.03.25 20:15:35.579,0.85239,0.8536,1.37,1.12
2016.03.25 20:15:35.630,0.8524,0.85358,1.87,1.12
2016.03.25 20:15:35.977,0.85238,0.85348,1.37,1.12
2016.03.25 20:15:36.467,0.85244,0.85348,1.00,1.12
2016.03.25 20:15:36.568,0.85248,0.85355,1.00,1.00
2016.03.25 20:15:36.740,0.85248,0.85352,1.00,1.00
2016.03.25 20:15:36.891,0.85242,0.85349,1.12,1.37
2016.03.25 20:15:36.942,0.85242,0.8535,1.87,1.12
2016.03.25 20:15:36.993,0.85245,0.8535,1.12,1.37
2016.03.25 20:15:39.970,0.85245,0.85348,1.12,1.00
2016.03.25 20:15:40.021,0.8524,0.85348,1.12,1.75
2016.03.25 20:15:40.184,0.85231,0.85333,1.50,1.00
2016.03.25 20:15:40.286,0.85231,0.85339,1.00,1.37
2016.03.25 20:15:41.040,0.85231,0.85339,1.50,1.37
2016.03.25 20:15:41.572,0.85231,0.85339,1.00,1.37
2016.03.25 20:15:43.836,0.85231,0.85338,1.12,1.87
2016.03.25 20:15:44.456,0.85231,0.85336,1.37,1.37
2016.03.25 20:15:44.803,0.85227,0.8534,1.00,1.75
2016.03.25 20:15:44.904,0.85227,0.85341,1.00,1.00
2016.03.25 20:15:45.306,0.85239,0.85342,1.00,1.75
2016.03.25 20:15:45.943,0.85239,0.8534,1.00,1.12
2016.03.25 20:15:46.101,0.85241,0.85342,1.37,1.00
2016.03.25 20:15:46.717,0.85242,0.85342,1.12,1.00
2016.03.25 20:15:49.376,0.85251,0.85342,1.12,1.00
2016.03.25 20:15:51.220,0.85258,0.85343,1.37,1.00
2016.03.25 20:15:52.299,0.85251,0.85332,1.12,1.00
2016.03.25 20:15:52.632,0.85247,0.85315,1.37,1.00
2016.03.25 20:15:57.487,0.85247,0.85315,1.12,1.00
2016.03.25 20:16:03.718,0.85248,0.85315,1.75,1.00
2016.03.25 20:16:03.769,0.85247,0.85315,1.00,1.00
2016.03.25 20:16:23.472,0.85243,0.85315,1.50,1.00
2016.03.25 20:16:26.553,0.85242,0.85314,1.12,1.00
2016.03.25 20:16:35.318,0.85244,0.85316,1.00,1.00
2016.03.25 20:16:35.621,0.85248,0.85316,1.00,1.00
2016.03.25 20:16:36.713,0.85251,0.85321,1.00,1.00
2016.03.25 20:16:43.780,0.85241,0.85324,1.00,1.00
2016.03.25 20:16:50.129,0.85238,0.85329,1.00,1.00
2016.03.25 20:16:52.512,0.85234,0.85325,1.00,1.00
2016.03.25 20:16:52.820,0.8522,0.85323,1.75,1.00
2016.03.25 20:16:52.921,0.85205,0.85323,1.00,1.00
2016.03.25 20:16:53.074,0.85232,0.85323,0.75,1.00
2016.03.25 20:16:53.502,0.85232,0.85307,1.00,1.00
2016.03.25 20:17:00.765,0.85237,0.85307,1.00,1.00
2016.03.25 20:17:04.828,0.85237,0.85309,1.00,1.00
2016.03.25 20:17:06.007,0.85237,0.85307,1.00,1.00
2016.03.25 20:17:07.368,0.85232,0.85307,1.00,1.00
2016.03.25 20:17:07.469,0.85227,0.85306,1.00,1.00
2016.03.25 20:17:12.339,0.85227,0.85298,1.00,1.00
2016.03.25 20:17:14.026,0.85227,0.85299,1.00,1.00
2016.03.25 20:17:24.012,0.85227,0.853,1.00,1.00
2016.03.25 20:17:50.161,0.85227,0.85298,1.00,1.00
2016.03.25 20:17:54.754,0.85227,0.85296,1.00,1.00
2016.03.25 20:17:55.059,0.85223,0.85287,1.00,1.00
2016.03.25 20:17:58.868,0.85205,0.85293,1.90,1.00
2016.03.25 20:18:00.178,0.85215,0.85293,1.00,1.00
2016.03.25 20:18:10.171,0.85218,0.85289,1.00,1.00
2016.03.25 20:18:12.263,0.85219,0.85298,1.00,1.00
2016.03.25 20:18:12.516,0.85224,0.85298,1.50,1.00
2016.03.25 20:18:13.565,0.85224,0.853,1.50,1.00
2016.03.25 20:18:15.951,0.85229,0.853,1.00,1.00
2016.03.25 20:18:17.352,0.85231,0.853,1.00,1.00
2016.03.25 20:18:18.054,0.85228,0.85327,1.00,1.00
2016.03.25 20:18:18.155,0.85229,0.85346,1.00,3.00
2016.03.25 20:18:18.206,0.85229,0.85346,1.00,2.25
2016.03.25 20:18:18.408,0.85229,0.85346,1.00,1.00
2016.03.25 20:18:18.909,0.85229,0.85327,1.00,1.00
2016.03.25 20:18:19.556,0.85222,0.85327,1.00,1.00
2016.03.25 20:18:20.129,0.85222,0.85323,1.00,1.00
2016.03.25 20:18:29.596,0.85219,0.85307,1.00,1.00
2016.03.25 20:18:31.564,0.8522,0.85307,1.00,1.00
2016.03.25 20:18:35.715,0.8522,0.85311,1.00,1.00
2016.03.25 20:18:52.981,0.85222,0.85311,1.00,1.00
2016.03.25 20:19:10.724,0.85222,0.85294,1.50,1.00
2016.03.25 20:19:18.959,0.85221,0.85293,1.00,1.00
2016.03.25 20:20:00.574,0.85222,0.85304,1.00,1.00
2016.03.25 20:20:00.877,0.85224,0.85304,3.75,1.00
2016.03.25 20:20:06.866,0.85237,0.85303,1.00,1.00
2016.03.25 20:20:10.162,0.85237,0.85305,1.00,1.00
2016.03.25 20:20:15.469,0.85238,0.85305,1.00,1.00
2016.03.25 20:20:17.015,0.85232,0.85305,1.00,1.00
2016.03.25 20:20:17.546,0.85231,0.85305,1.00,1.00
2016.03.25 20:20:20.074,0.85224,0.85314,1.50,1.00
2016.03.25 20:20:22.383,0.85224,0.85315,1.50,1.00
2016.03.25 20:20:23.108,0.85221,0.85315,1.00,1.00
2016.03.25 20:20:24.561,0.8521,0.85304,1.90,1.00
2016.03.25 20:20:33.095,0.8521,0.85303,1.90,1.00
2016.03.25 20:20:40.574,0.8521,0.853,1.90,1.00
2016.03.25 20:20:44.823,0.85207,0.8529,1.90,1.00
2016.03.25 20:20:49.785,0.85199,0.85287,1.27,1.00
2016.03.25 20:20:59.587,0.85204,0.85289,1.27,1.00
2016.03.25 20:21:01.002,0.85203,0.85283,1.90,1.00
2016.03.25 20:21:02.590,0.85204,0.85284,1.27,1.00
2016.03.25 20:21:03.791,0.85205,0.85285,1.90,1.00
2016.03.25 20:21:04.468,0.85205,0.85285,1.90,1.00
2016.03.25 20:21:06.400,0.85204,0.85283,1.27,1.00
2016.03.25 20:21:10.260,0.85209,0.85278,1.90,1.00
2016.03.25 20:21:36.073,0.85209,0.85278,1.90,1.00
2016.03.25 20:21:53.075,0.85206,0.85279,1.90,1.00
2016.03.25 20:21:53.126,0.85206,0.85279,1.00,1.00
2016.03.25 20:21:59.062,0.85206,0.85277,1.00,1.00
2016.03.25 20:22:03.597,0.85205,0.85279,1.00,1.00
2016.03.25 20:22:10.719,0.85203,0.85279,1.87,1.00
2016.03.25 20:22:12.997,0.85198,0.85277,2.10,1.00
2016.03.25 20:22:23.323,0.85197,0.85278,2.32,1.00
2016.03.25 20:22:30.089,0.85197,0.8528,1.87,1.00
2016.03.25 20:22:32.955,0.85215,0.85283,1.87,1.00
2016.03.25 20:22:35.796,0.85216,0.85283,1.87,1.87
2016.03.25 20:22:40.120,0.85209,0.85295,1.50,2.25
2016.03.25 20:22:42.429,0.85209,0.85294,1.37,1.00
2016.03.25 20:22:45.823,0.85194,0.85294,2.25,1.00
2016.03.25 20:22:49.623,0.85194,0.85293,2.25,1.00
2016.03.25 20:22:53.042,0.85196,0.8529,1.37,1.00
2016.03.25 20:22:53.548,0.85193,0.8529,1.37,1.00
2016.03.25 20:22:57.616,0.85194,0.85291,2.25,1.00
2016.03.25 20:23:08.744,0.85194,0.85285,2.25,1.00
2016.03.25 20:23:10.161,0.85197,0.85281,1.87,1.00
2016.03.25 20:23:13.170,0.85198,0.85278,1.87,1.00
2016.03.25 20:23:20.489,0.85195,0.85264,1.87,1.00
2016.03.25 20:23:29.179,0.85193,0.85265,1.87,1.00
2016.03.25 20:23:32.174,0.85193,0.85264,1.87,1.00
2016.03.25 20:23:39.265,0.8519,0.85266,1.87,1.00
2016.03.25 20:23:39.367,0.85186,0.85286,1.27,1.50
2016.03.25 20:23:41.417,0.85186,0.85307,1.27,1.37
2016.03.25 20:23:42.568,0.85191,0.85266,1.87,1.00
2016.03.25 20:23:43.884,0.85199,0.85272,1.87,1.00
2016.03.25 20:23:43.985,0.85195,0.8529,1.87,1.37
2016.03.25 20:23:44.036,0.85195,0.8529,1.87,1.00
2016.03.25 20:23:45.871,0.85206,0.85284,1.87,1.87
2016.03.25 20:23:47.881,0.85206,0.85282,1.87,1.00
2016.03.25 20:23:49.001,0.85212,0.85283,1.87,1.00
2016.03.25 20:23:51.122,0.85205,0.85277,1.87,1.00
2016.03.25 20:23:52.582,0.85206,0.85278,1.87,1.00
2016.03.25 20:23:52.684,0.85205,0.853,1.87,1.00
2016.03.25 20:23:54.510,0.85208,0.85305,1.87,2.62
2016.03.25 20:23:54.562,0.85208,0.85305,1.87,1.00
2016.03.25 20:23:54.613,0.85216,0.85289,1.87,1.00
2016.03.25 20:23:57.621,0.85222,0.85296,1.87,1.87
2016.03.25 20:24:00.300,0.85224,0.85296,1.87,1.00
2016.03.25 20:24:01.416,0.85223,0.85298,1.87,1.87
2016.03.25 20:24:09.810,0.85221,0.85293,1.87,1.00
2016.03.25 20:24:12.693,0.85214,0.85287,3.75,1.00
2016.03.25 20:24:12.794,0.85197,0.8527,3.75,1.00
2016.03.25 20:24:13.215,0.85196,0.85254,1.37,1.00
2016.03.25 20:24:13.773,0.85189,0.85254,1.17,1.00
2016.03.25 20:24:13.824,0.85188,0.85254,1.66,1.00
2016.03.25 20:24:13.976,0.85189,0.85254,1.17,1.00
2016.03.25 20:24:18.416,0.85195,0.85283,1.00,1.87
2016.03.25 20:24:19.007,0.85187,0.85283,1.90,1.87
2016.03.25 20:24:23.892,0.85194,0.85283,1.00,1.87
2016.03.25 20:24:24.324,0.85197,0.85283,1.37,1.87
2016.03.25 20:24:25.397,0.85187,0.85282,1.27,1.87
2016.03.25 20:24:26.326,0.85188,0.85282,2.03,1.87
2016.03.25 20:24:27.107,0.85196,0.85282,1.12,1.87
2016.03.25 20:24:27.422,0.8519,0.85282,1.37,1.87
2016.03.25 20:24:32.609,0.8519,0.85281,1.37,1.87
2016.03.25 20:24:32.912,0.85186,0.85281,1.55,1.87
2016.03.25 20:24:34.092,0.85194,0.85281,1.00,1.87
2016.03.25 20:24:34.450,0.85196,0.85281,1.37,1.87
2016.03.25 20:24:42.818,0.85196,0.85282,1.37,1.87
2016.03.25 20:24:43.187,0.85188,0.8528,1.20,1.87
2016.03.25 20:24:43.238,0.8519,0.8528,1.43,1.87
2016.03.25 20:24:45.120,0.8519,0.85284,1.43,1.87
2016.03.25 20:24:48.022,0.8519,0.85283,1.43,1.87
2016.03.25 20:24:48.124,0.85184,0.85283,1.27,1.87
2016.03.25 20:24:48.551,0.85188,0.85283,1.20,1.87
2016.03.25 20:24:49.094,0.85194,0.85283,1.37,1.87
2016.03.25 20:24:50.361,0.85187,0.85283,1.20,1.87
2016.03.25 20:24:55.263,0.85188,0.85282,1.20,1.87
2016.03.25 20:24:55.570,0.85184,0.85282,1.27,1.87
2016.03.25 20:24:57.250,0.85188,0.85282,1.20,1.87
2016.03.25 20:24:57.792,0.85194,0.85282,1.12,1.87
2016.03.25 20:25:00.550,0.85194,0.85284,1.12,1.87
2016.03.25 20:25:00.962,0.85185,0.85284,1.27,1.87
2016.03.25 20:25:02.292,0.85187,0.85284,1.20,1.87
2016.03.25 20:25:02.813,0.85192,0.85284,1.37,1.87
2016.03.25 20:25:03.373,0.85186,0.85284,1.92,1.87
2016.03.25 20:25:05.267,0.85187,0.85284,1.57,1.87
2016.03.25 20:25:05.786,0.8519,0.85284,1.12,1.87
2016.03.25 20:25:07.345,0.85185,0.85283,1.27,1.87
2016.03.25 20:25:08.314,0.85187,0.85283,1.65,1.87
2016.03.25 20:25:09.060,0.85191,0.85283,1.37,1.87
2016.03.25 20:25:10.373,0.85182,0.85283,1.90,1.87
2016.03.25 20:25:12.720,0.8519,0.85283,1.00,1.87
2016.03.25 20:25:12.872,0.85193,0.85283,1.37,1.87
2016.03.25 20:25:14.646,0.85193,0.85283,1.37,1.87
2016.03.25 20:25:18.425,0.85183,0.85283,1.90,1.87
2016.03.25 20:25:22.387,0.85191,0.85282,1.37,1.87
2016.03.25 20:25:23.594,0.85182,0.85282,1.90,1.87
2016.03.25 20:25:24.572,0.85194,0.85268,1.12,1.87
2016.03.25 20:25:29.382,0.85197,0.85272,1.00,1.87
2016.03.25 20:25:29.483,0.85186,0.85283,1.55,1.87
2016.03.25 20:25:29.534,0.85202,0.85283,1.00,1.87
2016.03.25 20:25:31.688,0.85202,0.85281,1.00,1.87
2016.03.25 20:25:43.817,0.85202,0.8527,1.00,1.87
2016.03.25 20:25:45.011,0.85202,0.85278,1.00,1.87
2016.03.25 20:25:46.371,0.85202,0.85281,1.00,1.87
2016.03.25 20:26:01.233,0.85182,0.85281,2.40,1.87
2016.03.25 20:26:01.536,0.85193,0.85281,1.12,1.87
2016.03.25 20:26:08.924,0.85193,0.85284,1.12,1.87
2016.03.25 20:26:09.076,0.85182,0.85284,1.90,1.87
2016.03.25 20:26:11.345,0.8519,0.85284,1.37,1.87
2016.03.25 20:26:14.366,0.85182,0.85284,2.02,1.87
2016.03.25 20:26:16.390,0.85188,0.85284,1.35,1.87
2016.03.25 20:26:17.142,0.85188,0.85284,1.35,1.87
2016.03.25 20:26:17.294,0.85196,0.85274,1.87,1.87
2016.03.25 20:26:17.594,0.852,0.85285,1.00,1.87
2016.03.25 20:26:18.477,0.85187,0.85285,2.02,1.87
2016.03.25 20:26:19.014,0.85187,0.85285,1.90,1.87
2016.03.25 20:26:21.898,0.85187,0.85285,1.90,1.87
2016.03.25 20:26:22.482,0.85202,0.85285,1.00,1.87
2016.03.25 20:26:23.144,0.85202,0.85284,1.00,1.87
2016.03.25 20:26:25.730,0.85202,0.85285,1.00,1.87
2016.03.25 20:26:28.702,0.85202,0.85283,1.00,1.87
2016.03.25 20:26:30.974,0.85202,0.85282,1.00,1.87
2016.03.25 20:26:32.806,0.85202,0.85278,1.00,1.87
2016.03.25 20:26:34.407,0.85202,0.85282,1.00,1.87
2016.03.25 20:26:37.403,0.85202,0.85282,1.00,1.26
2016.03.25 20:26:54.527,0.85202,0.85285,1.00,1.26
2016.03.25 20:26:55.551,0.85197,0.85285,1.00,1.26
2016.03.25 20:26:59.961,0.85197,0.85282,1.00,1.26
2016.03.25 20:27:02.038,0.85197,0.85281,1.00,1.26
2016.03.25 20:27:07.453,0.85197,0.85281,1.00,1.87
2016.03.25 20:27:09.579,0.85197,0.8527,1.00,1.87
2016.03.25 20:27:10.768,0.85197,0.8528,1.00,1.87
2016.03.25 20:27:14.749,0.85197,0.85281,1.00,1.87
2016.03.25 20:27:15.883,0.85197,0.85281,1.00,1.87
2016.03.25 20:27:17.874,0.85197,0.85282,1.00,1.87
2016.03.25 20:27:34.518,0.85198,0.85282,1.00,1.87
2016.03.25 20:27:45.004,0.85198,0.85277,1.00,1.87
2016.03.25 20:27:53.178,0.85198,0.8527,1.00,1.87
2016.03.25 20:27:54.699,0.85198,0.85278,1.00,1.87
2016.03.25 20:28:00.306,0.85198,0.85281,1.00,1.87
2016.03.25 20:28:12.093,0.85198,0.85282,1.00,1.87
2016.03.25 20:28:14.421,0.85197,0.85282,1.00,1.87
2016.03.25 20:28:14.932,0.85197,0.85277,1.00,1.87
2016.03.25 20:28:16.596,0.85197,0.85281,1.00,1.87
2016.03.25 20:28:20.808,0.85197,0.85284,1.00,1.87
2016.03.25 20:28:34.936,0.85197,0.8528,1.00,1.87
2016.03.25 20:28:37.042,0.85201,0.85271,1.00,1.87
2016.03.25 20:28:55.527,0.852,0.85269,1.00,1.87
2016.03.25 20:28:56.736,0.85197,0.85283,1.00,1.87
2016.03.25 20:28:59.953,0.85202,0.85273,1.00,1.87
2016.03.25 20:29:01.946,0.85197,0.85282,1.00,1.87
2016.03.25 20:29:06.040,0.85197,0.85281,1.00,1.87
2016.03.25 20:29:09.260,0.85197,0.85282,1.00,1.87
2016.03.25 20:29:12.248,0.85203,0.85272,1.00,1.87
2016.03.25 20:29:15.374,0.85197,0.85282,1.00,1.87
2016.03.25 20:29:17.490,0.85202,0.85273,1.00,1.87
2016.03.25 20:29:18.565,0.85197,0.8528,1.00,1.87
2016.03.25 20:29:21.157,0.85197,0.85282,1.00,1.87
2016.03.25 20:29:25.668,0.85203,0.85272,1.00,1.87
2016.03.25 20:29:28.869,0.85197,0.8528,1.00,1.87
2016.03.25 20:29:30.579,0.85202,0.85273,1.00,1.87
2016.03.25 20:29:32.984,0.85197,0.85281,1.00,1.87
2016.03.25 20:29:36.091,0.85197,0.85283,1.00,1.87
2016.03.25 20:29:38.771,0.85197,0.85281,1.00,1.87
2016.03.25 20:29:39.378,0.85198,0.85281,1.00,1.87
2016.03.25 20:29:44.008,0.85198,0.85282,1.00,1.87
2016.03.25 20:29:45.466,0.85198,0.85282,1.00,1.87
2016.03.25 20:29:49.570,0.852,0.8527,1.87,1.87
2016.03.25 20:29:53.372,0.85198,0.85282,1.00,1.87
2016.03.25 20:29:57.584,0.85202,0.85273,1.00,1.87
2016.03.25 20:30:02.779,0.85202,0.85281,1.00,1.87
2016.03.25 20:30:07.714,0.85202,0.8528,1.00,1.87
2016.03.25 20:30:10.185,0.85202,0.85284,1.00,1.87
2016.03.25 20:30:19.342,0.85202,0.85281,1.00,1.87
2016.03.25 20:30:25.340,0.85202,0.85284,1.00,1.87
2016.03.25 20:30:26.531,0.85202,0.85283,1.00,1.87
2016.03.25 20:30:33.036,0.85202,0.8528,1.00,1.87
2016.03.25 20:30:37.463,0.85202,0.85285,1.00,1.87
2016.03.25 20:30:39.591,0.85202,0.85276,1.00,1.87
2016.03.25 20:30:40.065,0.85198,0.85276,1.12,1.87
2016.03.25 20:30:41.074,0.85198,0.85288,1.00,1.87
2016.03.25 20:30:42.879,0.85199,0.8528,1.00,1.87
2016.03.25 20:30:45.245,0.85198,0.85286,1.00,1.87
2016.03.25 20:30:48.986,0.85198,0.85288,1.00,1.87
2016.03.25 20:30:50.596,0.85198,0.85286,1.00,1.87
2016.03.25 20:30:56.471,0.85198,0.85285,1.00,1.87
2016.03.25 20:30:59.285,0.85198,0.85288,1.00,1.87
2016.03.25 20:31:00.498,0.85198,0.85287,1.00,1.87
2016.03.25 20:31:01.688,0.85198,0.85285,1.00,1.87
2016.03.25 20:31:02.894,0.85198,0.85286,1.00,1.87
2016.03.25 20:31:04.976,0.85198,0.85288,1.00,1.87
2016.03.25 20:31:08.364,0.85198,0.85285,1.00,1.87
2016.03.25 20:31:09.589,0.85198,0.85288,1.00,1.87
2016.03.25 20:31:16.971,0.85198,0.85289,1.00,1.87
2016.03.25 20:31:17.485,0.85197,0.85289,1.50,1.87
2016.03.25 20:31:18.776,0.85197,0.85286,1.00,1.87
2016.03.25 20:31:21.847,0.85197,0.85286,1.12,1.87
2016.03.25 20:31:22.616,0.85202,0.85286,1.00,1.87
2016.03.25 20:31:24.354,0.85202,0.85281,1.00,1.87
2016.03.25 20:31:25.444,0.85202,0.85294,1.00,1.87
2016.03.25 20:31:27.381,0.85197,0.85286,1.00,1.87
2016.03.25 20:31:29.486,0.85197,0.85287,1.00,1.87
2016.03.25 20:31:31.048,0.85197,0.85287,1.00,1.87
2016.03.25 20:31:34.157,0.85197,0.85288,1.00,1.87
2016.03.25 20:31:35.869,0.85197,0.85285,1.00,1.87
2016.03.25 20:31:39.765,0.85197,0.85288,1.00,1.87
2016.03.25 20:31:42.515,0.85197,0.85285,1.00,1.87
2016.03.25 20:31:45.529,0.85197,0.85288,1.00,1.87
2016.03.25 20:31:46.722,0.85197,0.85286,1.00,1.87
2016.03.25 20:31:51.359,0.85197,0.85288,1.00,1.87
2016.03.25 20:31:52.675,0.85198,0.85288,1.00,1.87
2016.03.25 20:31:53.021,0.85198,0.85286,1.00,1.87
2016.03.25 20:31:54.121,0.85199,0.85279,1.00,1.87
2016.03.25 20:31:59.429,0.852,0.85279,1.00,1.87
2016.03.25 20:32:02.136,0.85198,0.85277,1.12,1.87
2016.03.25 20:32:03.477,0.85198,0.85284,1.00,1.87
2016.03.25 20:32:05.839,0.85198,0.85278,1.13,1.87
2016.03.25 20:32:13.578,0.85198,0.85275,1.00,1.87
2016.03.25 20:32:33.070,0.85198,0.85276,1.00,1.87
2016.03.25 20:32:42.090,0.85197,0.85276,1.50,1.87
2016.03.25 20:32:46.409,0.85203,0.85275,1.00,1.87
2016.03.25 20:32:50.714,0.85202,0.8528,1.00,1.87
2016.03.25 20:32:56.975,0.85203,0.8528,1.00,1.87
2016.03.25 20:33:00.426,0.85202,0.85288,1.00,1.87
2016.03.25 20:33:01.587,0.85202,0.85281,1.00,1.87
2016.03.25 20:33:06.082,0.85202,0.85282,1.50,1.87
2016.03.25 20:33:08.424,0.85202,0.85287,1.00,1.87
2016.03.25 20:33:09.917,0.85202,0.85282,1.50,1.87
2016.03.25 20:33:12.019,0.85202,0.85281,1.50,1.87
2016.03.25 20:33:17.533,0.85202,0.85281,1.50,1.87
2016.03.25 20:33:20.094,0.85202,0.85281,1.00,1.87
2016.03.25 20:33:22.017,0.85202,0.85281,1.50,1.87
2016.03.25 20:33:24.134,0.85202,0.85279,1.00,1.87
2016.03.25 20:33:25.335,0.85202,0.85278,1.00,1.87
2016.03.25 20:33:26.801,0.85203,0.8528,1.00,1.87
2016.03.25 20:33:29.329,0.85202,0.85279,1.50,1.87
2016.03.25 20:33:31.853,0.85202,0.85279,1.00,1.87
2016.03.25 20:33:32.944,0.85202,0.85286,1.00,1.87
2016.03.25 20:33:34.206,0.85202,0.85287,1.00,1.87
2016.03.25 20:33:36.024,0.85202,0.85282,1.00,1.87
2016.03.25 20:33:38.412,0.85202,0.85278,1.00,1.87
2016.03.25 20:33:39.941,0.85202,0.8528,1.00,1.87
2016.03.25 20:33:46.765,0.85202,0.85279,1.00,1.87
2016.03.25 20:34:04.277,0.85202,0.85281,1.12,1.87
2016.03.25 20:34:14.038,0.85202,0.85282,1.00,1.87
2016.03.25 20:34:15.847,0.85202,0.85294,1.00,1.87
2016.03.25 20:34:17.167,0.85202,0.85293,1.00,1.87
2016.03.25 20:34:25.449,0.85202,0.85295,1.00,1.87
2016.03.25 20:34:31.353,0.85202,0.85292,1.00,1.87
2016.03.25 20:34:36.158,0.85202,0.85292,1.00,1.87
2016.03.25 20:34:45.632,0.85203,0.85291,1.00,1.87
2016.03.25 20:34:48.368,0.85203,0.85298,1.00,1.87
2016.03.25 20:34:52.602,0.85203,0.85297,1.00,1.87
2016.03.25 20:34:55.475,0.85203,0.85297,1.00,1.87
2016.03.25 20:34:56.713,0.85203,0.85298,1.00,1.00
2016.03.25 20:34:57.478,0.85203,0.85293,1.00,1.87
2016.03.25 20:35:03.833,0.85203,0.85291,1.00,1.87
2016.03.25 20:35:05.035,0.85203,0.85292,1.00,1.87
2016.03.25 20:35:07.897,0.85203,0.8529,1.00,1.87
2016.03.25 20:35:10.433,0.85203,0.8529,1.00,1.87
2016.03.25 20:35:11.621,0.85203,0.85295,1.00,1.87
2016.03.25 20:35:14.293,0.85203,0.85298,1.00,1.87
2016.03.25 20:35:17.040,0.85203,0.85297,1.00,1.87
2016.03.25 20:35:18.496,0.85203,0.85296,1.00,1.87
2016.03.25 20:35:22.210,0.85203,0.85292,1.00,1.87
2016.03.25 20:35:27.603,0.85203,0.85291,1.00,1.87
2016.03.25 20:35:37.722,0.85203,0.85289,1.00,1.87
2016.03.25 20:35:40.212,0.85202,0.85289,1.00,1.87
2016.03.25 20:35:42.838,0.85202,0.85303,1.00,1.87
2016.03.25 20:35:45.365,0.85202,0.85299,1.00,1.87
2016.03.25 20:35:50.063,0.85202,0.85296,1.00,1.87
2016.03.25 20:35:51.370,0.85202,0.85293,1.00,1.87
2016.03.25 20:35:55.541,0.85202,0.85291,1.00,1.87
2016.03.25 20:36:01.555,0.85202,0.85292,1.00,1.87
2016.03.25 20:36:10.748,0.85202,0.8529,1.00,1.87
2016.03.25 20:36:19.543,0.85202,0.85278,1.00,1.87
2016.03.25 20:36:33.570,0.85202,0.85278,1.00,1.87
2016.03.25 20:36:51.603,0.85202,0.85277,1.00,1.87
2016.03.25 20:37:01.871,0.85208,0.85277,1.00,1.87
2016.03.25 20:37:40.138,0.85208,0.85278,1.00,1.87
2016.03.25 20:37:41.979,0.85207,0.85278,1.00,1.87
2016.03.25 20:38:07.163,0.85202,0.85273,1.00,1.87
2016.03.25 20:38:08.862,0.85202,0.85273,1.00,1.87
2016.03.25 20:38:24.178,0.85202,0.85297,1.00,1.87
2016.03.25 20:38:27.570,0.85202,0.85298,1.00,1.87
2016.03.25 20:38:28.935,0.85202,0.85293,1.00,1.87
2016.03.25 20:38:30.576,0.85202,0.85291,1.00,1.87
2016.03.25 20:38:31.876,0.85202,0.85287,1.00,1.87
2016.03.25 20:38:33.057,0.85202,0.85289,1.00,1.87
2016.03.25 20:38:34.484,0.85202,0.85278,1.00,1.87
2016.03.25 20:38:35.689,0.85202,0.85289,1.00,1.87
2016.03.25 20:38:37.075,0.85202,0.85286,1.00,1.87
2016.03.25 20:38:38.274,0.85202,0.8529,1.00,1.87
2016.03.25 20:38:41.969,0.85202,0.85278,1.00,1.87
2016.03.25 20:38:43.199,0.85202,0.8529,1.00,1.87
2016.03.25 20:38:46.798,0.85202,0.85278,1.00,1.87
2016.03.25 20:38:48.059,0.85202,0.85289,1.00,1.87
2016.03.25 20:38:49.354,0.85202,0.85279,1.00,1.87
2016.03.25 20:38:50.589,0.85202,0.85289,1.00,1.87
2016.03.25 20:38:51.765,0.85202,0.8529,1.00,1.87
2016.03.25 20:38:55.793,0.85202,0.85287,1.00,1.87
2016.03.25 20:38:56.896,0.85202,0.85289,1.00,1.87
2016.03.25 20:39:00.602,0.85217,0.85289,1.00,1.00
2016.03.25 20:39:01.007,0.85217,0.85301,1.50,1.87
2016.03.25 20:39:35.020,0.85217,0.853,1.00,1.87
2016.03.25 20:39:35.071,0.85217,0.853,1.45,1.87
2016.03.25 20:39:36.592,0.85217,0.853,2.40,1.87
2016.03.25 20:39:38.594,0.85217,0.853,1.90,1.87
2016.03.25 20:39:47.417,0.85217,0.85299,1.90,1.87
2016.03.25 20:40:00.153,0.85217,0.853,1.90,1.87
2016.03.25 20:40:01.548,0.85217,0.85299,1.90,1.26
2016.03.25 20:40:03.227,0.85217,0.85299,1.45,1.26
2016.03.25 20:40:03.379,0.85213,0.85299,1.26,1.26
2016.03.25 20:40:03.531,0.85202,0.8529,1.00,1.26
2016.03.25 20:40:04.615,0.85202,0.8529,1.00,1.26
2016.03.25 20:40:06.119,0.85202,0.8528,1.00,1.26
2016.03.25 20:40:07.426,0.85202,0.8529,1.00,1.26
2016.03.25 20:40:08.834,0.85202,0.85289,1.00,1.26
2016.03.25 20:40:11.438,0.85202,0.8529,1.00,1.26
2016.03.25 20:40:12.623,0.85202,0.85291,1.00,1.26
2016.03.25 20:40:15.171,0.85202,0.85285,1.00,1.26
2016.03.25 20:40:16.669,0.85202,0.85291,1.00,1.26
2016.03.25 20:40:17.173,0.85202,0.8529,1.00,1.26
2016.03.25 20:40:18.164,0.85202,0.8528,1.00,1.26
2016.03.25 20:40:19.431,0.85202,0.85291,1.00,1.26
2016.03.25 20:40:20.564,0.85202,0.8529,1.00,1.26
2016.03.25 20:40:21.754,0.85202,0.85279,1.00,1.26
2016.03.25 20:40:23.060,0.85202,0.8529,1.00,1.26
2016.03.25 20:40:24.177,0.85202,0.85298,1.00,1.26
2016.03.25 20:40:24.278,0.85218,0.85298,1.00,1.26
2016.03.25 20:40:26.450,0.85218,0.85301,1.00,1.26
2016.03.25 20:40:31.566,0.85218,0.85301,1.00,1.87
2016.03.25 20:40:37.484,0.85211,0.853,1.00,1.87
2016.03.25 20:40:37.788,0.85203,0.8529,1.00,1.87
2016.03.25 20:40:38.946,0.85203,0.85291,1.00,1.87
2016.03.25 20:40:40.152,0.85203,0.85289,1.00,1.87
2016.03.25 20:40:41.656,0.85203,0.85289,1.00,1.87
2016.03.25 20:40:42.893,0.85203,0.85295,1.00,1.87
2016.03.25 20:40:44.052,0.85242,0.85305,0.75,1.87
2016.03.25 20:40:44.154,0.85242,0.85309,0.75,1.00
2016.03.25 20:40:47.464,0.85217,0.85314,1.00,1.87
2016.03.25 20:40:48.019,0.85217,0.85294,0.75,1.87
2016.03.25 20:40:50.107,0.85217,0.8529,0.75,1.87
2016.03.25 20:42:28.174,0.85217,0.85294,0.75,1.87
2016.03.25 20:42:30.283,0.85217,0.85292,0.75,1.87
2016.03.25 20:42:39.261,0.85217,0.85309,0.75,1.87
2016.03.25 20:42:48.074,0.85217,0.85312,0.75,1.87
2016.03.25 20:43:01.578,0.85217,0.85313,0.75,1.50
2016.03.25 20:43:01.680,0.85262,0.85314,0.75,1.50
2016.03.25 20:43:01.782,0.85217,0.85331,1.00,1.50
2016.03.25 20:43:01.884,0.85218,0.85326,1.00,1.50
2016.03.25 20:43:03.511,0.85217,0.85332,1.00,1.54
2016.03.25 20:43:31.739,0.85217,0.85329,1.50,1.00
2016.03.25 20:43:35.521,0.85217,0.85328,1.00,1.00
2016.03.25 20:43:40.322,0.85217,0.85329,1.00,1.00
2016.03.25 20:43:41.441,0.85221,0.85334,1.00,1.42
2016.03.25 20:43:41.972,0.85221,0.85334,1.00,1.00
2016.03.25 20:43:44.055,0.85217,0.85344,1.00,1.00
2016.03.25 20:43:49.050,0.85217,0.85343,1.00,1.00
2016.03.25 20:43:50.116,0.85217,0.8534,1.00,1.00
2016.03.25 20:43:52.056,0.85217,0.85344,1.00,1.00
2016.03.25 20:43:53.263,0.85217,0.85343,1.00,1.00
2016.03.25 20:43:58.222,0.85217,0.85342,1.00,1.00
2016.03.25 20:44:00.663,0.85267,0.85342,0.75,1.00
2016.03.25 20:44:01.033,0.85217,0.85342,1.00,1.00
2016.03.25 20:44:02.363,0.85217,0.85344,1.00,1.00
2016.03.25 20:44:05.073,0.85217,0.85343,1.00,1.00
2016.03.25 20:44:09.871,0.85217,0.85344,1.00,1.00
2016.03.25 20:44:13.072,0.85217,0.85343,1.00,1.00
2016.03.25 20:44:14.958,0.85217,0.85344,1.00,1.00
2016.03.25 20:44:16.137,0.85217,0.85343,1.00,1.00
2016.03.25 20:44:18.053,0.85212,0.85343,1.00,1.00
2016.03.25 20:44:28.346,0.85212,0.85344,1.00,1.00
2016.03.25 20:44:36.864,0.85212,0.85343,1.00,1.00
2016.03.25 20:44:47.374,0.85212,0.85342,1.00,1.00
2016.03.25 20:44:48.477,0.85212,0.85341,1.00,1.00
2016.03.25 20:44:49.764,0.85212,0.85343,1.00,1.00
2016.03.25 20:44:50.965,0.85212,0.85342,1.00,1.00
2016.03.25 20:44:53.901,0.85212,0.85341,1.00,1.00
2016.03.25 20:44:56.269,0.85212,0.85337,1.00,1.00
2016.03.25 20:44:57.492,0.85212,0.85342,1.00,1.00
2016.03.25 20:44:58.576,0.85212,0.85336,1.00,1.00
2016.03.25 20:44:59.077,0.85221,0.85341,1.00,1.00
2016.03.25 20:45:00.177,0.85215,0.85339,1.00,1.00
2016.03.25 20:45:01.623,0.85212,0.85341,1.00,1.00
2016.03.25 20:45:05.718,0.85212,0.85337,1.00,1.00
2016.03.25 20:45:07.080,0.85212,0.85342,1.00,1.00
2016.03.25 20:45:07.752,0.85223,0.85342,1.00,1.00
2016.03.25 20:45:08.156,0.85208,0.85342,1.75,1.00
2016.03.25 20:45:08.207,0.85208,0.85342,1.00,1.00
2016.03.25 20:45:08.436,0.85207,0.85337,1.00,1.00
2016.03.25 20:45:17.734,0.85204,0.85337,1.12,1.00
2016.03.25 20:45:18.056,0.85216,0.85337,1.00,1.00
2016.03.25 20:45:19.090,0.85234,0.85339,1.00,1.00
2016.03.25 20:45:23.894,0.85233,0.85339,1.00,1.00
2016.03.25 20:45:36.603,0.85234,0.85339,1.00,1.00
2016.03.25 20:46:12.872,0.85235,0.85348,1.00,1.54
2016.03.25 20:46:14.537,0.85238,0.85357,1.00,1.00
2016.03.25 20:46:16.139,0.85235,0.85357,1.50,1.00
2016.03.25 20:46:16.241,0.85227,0.85341,1.12,1.00
2016.03.25 20:46:18.841,0.85227,0.85331,1.12,1.00
2016.03.25 20:46:23.231,0.8523,0.85331,1.00,1.00
2016.03.25 20:46:26.379,0.8523,0.85333,1.00,1.00
2016.03.25 20:46:27.078,0.85229,0.85333,1.12,1.00
2016.03.25 20:46:33.220,0.85229,0.85334,1.00,1.00
2016.03.25 20:46:37.513,0.8523,0.85334,1.00,1.00
2016.03.25 20:46:42.584,0.8523,0.85333,1.00,1.00
2016.03.25 20:46:46.261,0.8523,0.85334,1.00,1.00
2016.03.25 20:46:52.989,0.8523,0.85332,1.00,1.00
2016.03.25 20:46:54.338,0.85226,0.85332,1.65,1.00
2016.03.25 20:46:54.493,0.85225,0.8532,1.20,1.00
2016.03.25 20:46:54.543,0.85219,0.8532,1.00,1.00
2016.03.25 20:46:54.594,0.85205,0.85304,1.12,1.00
2016.03.25 20:46:54.645,0.85205,0.85304,1.37,1.00
2016.03.25 20:46:54.697,0.852,0.85289,1.12,1.00
2016.03.25 20:46:54.748,0.852,0.85289,1.00,1.00
2016.03.25 20:46:54.899,0.85192,0.85279,1.75,1.00
2016.03.25 20:46:54.950,0.85189,0.85279,1.12,1.00
2016.03.25 20:46:55.001,0.85165,0.85269,1.12,1.00
2016.03.25 20:46:55.053,0.85165,0.85269,1.37,1.00
2016.03.25 20:46:55.756,0.85163,0.85269,1.37,1.00
2016.03.25 20:46:56.103,0.85164,0.8526,1.87,1.00
2016.03.25 20:46:56.251,0.85163,0.8526,1.37,1.00
2016.03.25 20:46:56.353,0.85165,0.8526,1.37,1.00
2016.03.25 20:46:56.818,0.85171,0.8526,1.75,1.00
2016.03.25 20:46:56.970,0.85165,0.8526,1.30,1.00
2016.03.25 20:46:57.312,0.85164,0.85257,1.87,1.00
2016.03.25 20:46:57.481,0.85163,0.85257,1.37,1.00
2016.03.25 20:46:57.532,0.85166,0.85257,1.00,1.00
2016.03.25 20:46:57.872,0.85174,0.85257,1.00,1.00
2016.03.25 20:46:58.083,0.8517,0.85257,1.00,1.00
2016.03.25 20:46:58.134,0.8517,0.85257,1.75,1.00
2016.03.25 20:46:58.488,0.8517,0.85257,1.00,1.00
2016.03.25 20:46:58.539,0.8517,0.85257,1.75,1.00
2016.03.25 20:46:58.791,0.8517,0.85257,1.00,1.00
2016.03.25 20:46:58.972,0.85173,0.85257,1.37,1.00
2016.03.25 20:47:01.412,0.85183,0.85264,1.75,1.00
2016.03.25 20:47:01.615,0.85203,0.85298,1.12,1.00
2016.03.25 20:47:03.201,0.85203,0.85307,1.12,1.00
2016.03.25 20:47:08.670,0.85192,0.85307,1.37,1.00
2016.03.25 20:47:08.720,0.85199,0.85308,1.00,1.00
2016.03.25 20:47:08.872,0.85177,0.85287,1.00,1.00
2016.03.25 20:47:08.923,0.85177,0.8527,1.00,1.00
2016.03.25 20:47:08.974,0.85157,0.8527,1.00,1.00
2016.03.25 20:47:10.008,0.85158,0.85334,1.00,1.87
2016.03.25 20:47:10.687,0.8516,0.85349,1.00,1.00
2016.03.25 20:47:11.510,0.8516,0.85343,1.00,1.75
2016.03.25 20:47:12.080,0.8516,0.85349,1.00,1.87
2016.03.25 20:47:12.131,0.8516,0.85343,1.00,1.75
2016.03.25 20:47:12.481,0.8516,0.85348,1.00,1.12
2016.03.25 20:47:12.533,0.8516,0.85343,1.00,1.75
2016.03.25 20:47:12.863,0.85193,0.85348,1.75,1.12
2016.03.25 20:47:12.913,0.85196,0.85348,1.37,1.37
2016.03.25 20:47:13.492,0.85198,0.85348,1.00,1.37
2016.03.25 20:47:14.231,0.85199,0.85348,1.00,1.37
2016.03.25 20:47:15.385,0.85201,0.85348,1.00,1.37
2016.03.25 20:47:15.688,0.85201,0.85343,1.50,1.00
2016.03.25 20:47:16.036,0.85192,0.8535,1.00,1.37
2016.03.25 20:47:16.137,0.85192,0.85349,1.00,1.87
2016.03.25 20:47:16.188,0.85185,0.85341,1.00,1.37
2016.03.25 20:47:16.704,0.85185,0.85352,1.00,1.12
2016.03.25 20:47:16.817,0.85185,0.8535,1.00,1.12
2016.03.25 20:47:17.072,0.85185,0.8535,1.00,1.00
2016.03.25 20:47:17.224,0.85185,0.8535,1.00,1.87
2016.03.25 20:47:17.426,0.85178,0.85351,1.00,1.12
2016.03.25 20:47:17.527,0.85178,0.8534,1.00,1.75
2016.03.25 20:47:17.998,0.85169,0.85333,1.00,1.37
2016.03.25 20:47:18.099,0.85169,0.85343,1.12,1.30
2016.03.25 20:47:18.201,0.85169,0.85351,1.12,1.37
2016.03.25 20:47:18.722,0.85179,0.85337,1.75,1.75
2016.03.25 20:47:19.031,0.85169,0.85329,1.00,1.37
2016.03.25 20:47:19.197,0.85171,0.85329,1.00,1.37
2016.03.25 20:47:19.298,0.85166,0.85348,1.00,1.00
2016.03.25 20:47:19.399,0.85173,0.8535,1.00,1.12
2016.03.25 20:47:19.823,0.85173,0.85332,1.00,1.75
2016.03.25 20:47:20.324,0.85165,0.85332,1.00,1.00
2016.03.25 20:47:20.425,0.852,0.85332,0.75,1.00
2016.03.25 20:47:20.527,0.85199,0.85352,1.75,1.12
2016.03.25 20:47:20.628,0.85198,0.85347,1.00,1.12
2016.03.25 20:47:22.899,0.85199,0.85347,1.00,1.12
2016.03.25 20:47:22.950,0.85204,0.85354,1.00,1.12
2016.03.25 20:47:23.000,0.85204,0.85354,1.12,1.37
2016.03.25 20:47:23.253,0.852,0.85353,2.05,1.87
2016.03.25 20:47:23.304,0.85199,0.85343,1.50,1.37
2016.03.25 20:47:23.455,0.85199,0.8535,1.75,1.12
2016.03.25 20:47:23.506,0.85201,0.8535,1.00,1.37
2016.03.25 20:47:23.562,0.85205,0.85352,1.75,2.25
2016.03.25 20:47:23.714,0.85201,0.85349,1.30,1.00
2016.03.25 20:47:23.765,0.85201,0.85349,2.47,1.00
2016.03.25 20:47:23.918,0.85199,0.85351,1.12,1.75
2016.03.25 20:47:23.969,0.85201,0.85351,1.12,1.12
2016.03.25 20:47:24.229,0.85203,0.85352,1.37,1.87
2016.03.25 20:47:24.609,0.85203,0.85354,1.37,1.12
2016.03.25 20:47:24.660,0.85208,0.85359,1.75,1.12
2016.03.25 20:47:24.711,0.85211,0.85362,1.12,2.62
2016.03.25 20:47:25.339,0.85208,0.85359,1.75,1.12
2016.03.25 20:47:25.390,0.85208,0.85356,1.00,1.12
2016.03.25 20:47:25.550,0.85204,0.85356,1.37,1.12
2016.03.25 20:47:25.740,0.85205,0.85358,1.12,1.75
2016.03.25 20:47:25.790,0.85213,0.85358,1.37,1.00
2016.03.25 20:47:25.895,0.85213,0.85352,1.37,1.50
2016.03.25 20:47:25.996,0.85206,0.85352,1.12,1.50
2016.03.25 20:47:26.047,0.85209,0.85352,1.75,1.50
2016.03.25 20:47:26.517,0.85204,0.85352,1.37,1.50
2016.03.25 20:47:26.721,0.85215,0.85352,1.00,1.50
2016.03.25 20:47:26.924,0.8521,0.85352,1.12,1.50
2016.03.25 20:47:27.096,0.8521,0.85361,1.12,1.75
2016.03.25 20:47:27.550,0.85207,0.85359,1.75,1.12
2016.03.25 20:47:27.601,0.85207,0.85354,1.00,1.37
2016.03.25 20:47:27.804,0.85202,0.85354,1.87,1.37
2016.03.25 20:47:27.975,0.85204,0.85357,1.12,1.75
2016.03.25 20:47:28.026,0.85211,0.8536,1.00,1.00
2016.03.25 20:47:28.681,0.85207,0.8536,1.75,1.12
2016.03.25 20:47:28.732,0.85202,0.85354,1.87,1.37
2016.03.25 20:47:28.935,0.85204,0.85357,1.12,1.75
2016.03.25 20:47:29.036,0.85211,0.85361,1.37,1.00
2016.03.25 20:47:29.702,0.85208,0.85361,1.75,1.12
2016.03.25 20:47:29.753,0.85203,0.85355,1.87,1.12
2016.03.25 20:47:30.201,0.85203,0.85358,1.87,1.75
2016.03.25 20:47:30.252,0.85213,0.85364,1.37,2.25
2016.03.25 20:47:30.353,0.85213,0.85359,1.37,1.00
2016.03.25 20:47:30.454,0.85206,0.85358,1.37,1.12
2016.03.25 20:47:30.505,0.85206,0.85359,1.87,1.50
2016.03.25 20:47:30.556,0.85217,0.85364,1.37,1.50
2016.03.25 20:47:30.708,0.85215,0.85361,1.75,1.12
2016.03.25 20:47:30.759,0.8521,0.85359,1.00,1.00
2016.03.25 20:47:32.632,0.85205,0.85359,1.12,1.87
2016.03.25 20:47:32.683,0.85204,0.85356,1.37,1.12
2016.03.25 20:47:32.936,0.8521,0.85361,1.75,1.12
2016.03.25 20:47:32.987,0.85213,0.85364,1.37,2.25
2016.03.25 20:47:33.543,0.85207,0.8536,1.12,1.75
2016.03.25 20:47:33.593,0.85206,0.85358,1.37,1.12
2016.03.25 20:47:33.902,0.85206,0.8536,1.12,1.75
2016.03.25 20:47:33.953,0.85213,0.85364,1.37,2.25
2016.03.25 20:47:34.411,0.8521,0.8536,1.75,1.12
2016.03.25 20:47:34.462,0.85207,0.85356,1.00,1.00
2016.03.25 20:47:35.003,0.85207,0.8536,1.12,1.87
2016.03.25 20:47:35.054,0.85213,0.85363,1.37,1.87
2016.03.25 20:47:35.615,0.8521,0.8536,1.75,1.12
2016.03.25 20:47:35.666,0.85204,0.85356,1.87,1.37
2016.03.25 20:47:36.121,0.85205,0.85359,1.12,1.75
2016.03.25 20:47:36.172,0.85215,0.85363,1.12,1.50
2016.03.25 20:47:36.324,0.8521,0.8536,1.12,1.12
2016.03.25 20:47:36.374,0.85209,0.85358,1.87,1.37
2016.03.25 20:47:38.151,0.85209,0.85326,1.37,1.50
2016.03.25 20:47:38.252,0.85209,0.85358,1.37,1.37
2016.03.25 20:47:40.174,0.85209,0.85353,1.37,1.50
2016.03.25 20:47:40.481,0.85209,0.85339,1.37,1.87
2016.03.25 20:47:40.532,0.85209,0.85353,1.37,1.00
2016.03.25 20:47:41.751,0.85209,0.85357,1.37,1.12
2016.03.25 20:47:43.971,0.85209,0.85355,1.37,1.00
2016.03.25 20:47:44.195,0.85196,0.8535,1.00,1.50
2016.03.25 20:47:44.246,0.85196,0.85345,1.00,1.00
2016.03.25 20:47:44.568,0.85196,0.85342,1.00,1.12
2016.03.25 20:47:44.619,0.85195,0.85345,1.00,1.87
2016.03.25 20:47:44.670,0.85195,0.85349,1.00,1.87
2016.03.25 20:47:44.721,0.85192,0.8535,1.00,1.00
2016.03.25 20:47:44.822,0.85192,0.8535,1.00,1.87
2016.03.25 20:47:45.322,0.85192,0.85345,1.00,1.75
2016.03.25 20:47:45.373,0.85192,0.85351,1.00,1.37
2016.03.25 20:47:45.938,0.85189,0.85351,1.00,1.37
2016.03.25 20:47:46.151,0.85189,0.85345,1.00,1.75
2016.03.25 20:47:46.371,0.85189,0.85351,1.00,1.37
2016.03.25 20:47:46.422,0.85189,0.8535,1.00,1.75
2016.03.25 20:47:46.924,0.85189,0.85344,1.00,1.75
2016.03.25 20:47:46.974,0.85189,0.85351,1.00,1.37
2016.03.25 20:47:47.126,0.85188,0.8535,1.00,1.75
2016.03.25 20:47:47.554,0.85185,0.85342,1.00,1.12
2016.03.25 20:47:47.655,0.85186,0.8535,1.00,1.12
2016.03.25 20:47:47.706,0.85186,0.85351,1.00,1.37
2016.03.25 20:47:47.757,0.85186,0.85345,1.00,1.00
2016.03.25 20:47:48.078,0.85186,0.85342,1.00,1.37
2016.03.25 20:47:48.281,0.85186,0.8535,1.00,1.12
2016.03.25 20:47:48.433,0.85186,0.8535,1.00,1.75
2016.03.25 20:47:48.946,0.85183,0.85345,1.87,1.75
2016.03.25 20:47:48.997,0.85183,0.85351,1.87,1.37
2016.03.25 20:47:49.149,0.85183,0.85344,1.87,1.75
2016.03.25 20:47:49.687,0.85183,0.85351,1.87,1.37
2016.03.25 20:47:49.839,0.85183,0.8535,1.87,1.75
2016.03.25 20:47:50.320,0.85184,0.85342,1.00,1.37
2016.03.25 20:47:50.371,0.85184,0.85351,1.00,1.87
2016.03.25 20:47:50.573,0.85184,0.85342,1.00,1.37
2016.03.25 20:47:51.001,0.85184,0.85351,1.00,1.50
2016.03.25 20:47:51.052,0.85184,0.85346,1.00,1.00
2016.03.25 20:47:51.473,0.85184,0.85342,1.00,1.00
2016.03.25 20:47:51.574,0.85185,0.85352,1.00,1.12
2016.03.25 20:47:51.752,0.85185,0.85346,1.00,1.75
2016.03.25 20:47:52.005,0.85185,0.85352,1.00,1.37
2016.03.25 20:47:52.055,0.85185,0.8534,1.50,1.75
2016.03.25 20:47:52.358,0.85199,0.85315,1.75,1.00
2016.03.25 20:47:52.409,0.85199,0.85315,1.00,1.00
2016.03.25 20:47:52.460,0.8521,0.85333,1.75,1.00
2016.03.25 20:47:52.561,0.85212,0.85353,1.37,1.87
2016.03.25 20:47:52.713,0.85208,0.85353,1.50,1.87
2016.03.25 20:47:53.367,0.85204,0.85351,1.75,1.12
2016.03.25 20:47:53.721,0.85208,0.85357,1.12,1.00
2016.03.25 20:47:57.468,0.85214,0.85357,1.75,1.00
2016.03.25 20:47:57.918,0.8521,0.85357,1.00,1.00
2016.03.25 20:47:58.041,0.8521,0.85357,1.12,1.00
2016.03.25 20:47:59.440,0.85217,0.8536,1.37,1.87
2016.03.25 20:48:00.633,0.85217,0.85363,1.37,1.00
2016.03.25 20:48:02.096,0.8521,0.85361,1.37,1.37
2016.03.25 20:48:02.450,0.85213,0.85363,1.75,1.75
2016.03.25 20:48:02.501,0.85221,0.85363,1.37,1.00
2016.03.25 20:48:02.960,0.85217,0.85363,1.75,1.12
2016.03.25 20:48:03.012,0.85214,0.85363,1.37,1.12
2016.03.25 20:48:03.880,0.85218,0.85363,1.75,1.00
2016.03.25 20:48:04.393,0.85213,0.85363,1.37,1.12
2016.03.25 20:48:06.187,0.85217,0.85363,1.75,1.00
2016.03.25 20:48:06.689,0.85214,0.85363,1.12,1.12
2016.03.25 20:48:07.301,0.85222,0.85363,1.00,1.00
2016.03.25 20:48:07.790,0.85213,0.85363,1.12,1.00
2016.03.25 20:48:08.360,0.85214,0.85363,1.12,1.00
2016.03.25 20:48:08.893,0.85213,0.85363,1.12,1.00
2016.03.25 20:48:09.560,0.85214,0.85363,1.12,1.00
2016.03.25 20:48:10.097,0.85215,0.85363,1.00,1.00
2016.03.25 20:48:10.798,0.85222,0.85363,1.00,1.00
2016.03.25 20:48:11.300,0.85213,0.85363,1.12,1.00
2016.03.25 20:48:12.201,0.85221,0.85363,1.37,1.00
2016.03.25 20:48:12.791,0.85216,0.85363,1.12,1.12
2016.03.25 20:48:12.842,0.85214,0.85363,1.37,1.12
2016.03.25 20:48:13.615,0.85221,0.85363,1.37,1.00
2016.03.25 20:48:14.119,0.85213,0.85363,1.37,1.12
2016.03.25 20:48:15.115,0.85221,0.85363,1.37,1.00
2016.03.25 20:48:15.588,0.85215,0.85363,1.12,1.00
2016.03.25 20:48:15.639,0.85213,0.85363,1.12,1.00
2016.03.25 20:48:17.089,0.85208,0.85361,1.12,1.75
2016.03.25 20:48:17.140,0.85206,0.85358,1.12,1.37
2016.03.25 20:48:19.510,0.85215,0.85363,1.12,1.00
2016.03.25 20:48:20.017,0.85205,0.85357,1.12,1.12
2016.03.25 20:48:20.640,0.85208,0.85357,1.00,1.12
2016.03.25 20:48:20.691,0.85213,0.85363,1.75,1.75
2016.03.25 20:48:20.742,0.85215,0.85363,1.12,1.00
2016.03.25 20:48:21.310,0.85206,0.85356,1.00,1.00
2016.03.25 20:48:26.120,0.85213,0.85357,1.37,1.00
2016.03.25 20:48:26.170,0.85213,0.8536,1.37,1.30
2016.03.25 20:48:26.221,0.85213,0.85364,1.37,1.50
2016.03.25 20:48:26.500,0.85205,0.85359,1.12,1.75
2016.03.25 20:48:26.551,0.85204,0.85356,1.87,1.12
2016.03.25 20:48:26.823,0.85212,0.85361,1.00,1.00
2016.03.25 20:48:27.149,0.85204,0.85351,1.00,1.12
2016.03.25 20:48:27.723,0.85208,0.85358,1.37,1.37
2016.03.25 20:48:28.645,0.85208,0.85354,1.37,1.00
2016.03.25 20:48:28.972,0.85205,0.85351,1.00,1.37
2016.03.25 20:48:31.591,0.85205,0.85354,1.75,1.75
2016.03.25 20:48:31.642,0.85207,0.85359,1.37,1.37
2016.03.25 20:48:31.694,0.85207,0.85361,1.12,2.25
2016.03.25 20:48:31.744,0.85213,0.85361,1.12,1.00
2016.03.25 20:48:32.008,0.85205,0.85358,2.62,1.75
2016.03.25 20:48:32.059,0.85205,0.85356,1.87,1.12
2016.03.25 20:48:32.193,0.85205,0.85358,1.75,1.75
2016.03.25 20:48:32.386,0.85214,0.85362,1.37,1.87
2016.03.25 20:48:32.598,0.8521,0.85358,2.25,1.12
2016.03.25 20:48:32.649,0.8521,0.85356,1.00,1.37
2016.03.25 20:48:35.718,0.85214,0.85356,1.00,1.37
2016.03.25 20:48:36.113,0.85217,0.85362,1.12,1.87
2016.03.25 20:48:40.278,0.85217,0.8535,1.12,1.00
2016.03.25 20:48:41.268,0.85217,0.85368,1.12,1.37
2016.03.25 20:48:42.284,0.85217,0.85351,1.12,1.00
2016.03.25 20:48:43.186,0.85217,0.85368,1.12,1.37
2016.03.25 20:48:44.590,0.85217,0.85361,1.12,1.87
2016.03.25 20:49:01.996,0.85218,0.8536,1.37,1.00
2016.03.25 20:49:02.141,0.85212,0.8536,1.75,1.75
2016.03.25 20:49:02.192,0.85212,0.85358,1.00,1.00
2016.03.25 20:49:02.368,0.85212,0.85348,1.00,1.00
2016.03.25 20:49:02.751,0.85212,0.85348,1.75,1.00
2016.03.25 20:49:02.802,0.85215,0.8536,1.12,1.00
2016.03.25 20:49:02.903,0.85215,0.85357,1.12,1.00
2016.03.25 20:49:03.478,0.85222,0.85357,1.12,1.00
2016.03.25 20:49:04.084,0.85222,0.8536,1.12,1.00
2016.03.25 20:49:05.192,0.85222,0.85352,1.12,1.00
2016.03.25 20:49:06.386,0.85222,0.85361,1.12,1.00
2016.03.25 20:49:07.688,0.85222,0.8536,1.12,1.00
2016.03.25 20:49:08.838,0.85222,0.85361,1.12,1.00
2016.03.25 20:49:11.201,0.85222,0.85365,1.12,1.87
2016.03.25 20:49:18.443,0.85222,0.85368,1.12,1.87
2016.03.25 20:49:19.708,0.85222,0.85366,1.12,1.87
2016.03.25 20:49:25.300,0.8522,0.85366,1.12,1.87
2016.03.25 20:49:25.899,0.8522,0.85367,1.12,1.87
2016.03.25 20:49:27.010,0.8522,0.85365,1.12,1.87
2016.03.25 20:49:28.440,0.85234,0.85363,1.00,2.62
2016.03.25 20:49:29.564,0.85228,0.85347,1.00,1.00
2016.03.25 20:49:30.219,0.85217,0.85329,1.37,1.00
2016.03.25 20:49:30.646,0.85224,0.85357,1.50,1.00
2016.03.25 20:49:31.260,0.85224,0.85352,1.50,1.00
2016.03.25 20:49:31.628,0.85217,0.85329,1.37,1.00
2016.03.25 20:49:32.239,0.85223,0.8535,1.50,1.00
2016.03.25 20:49:33.830,0.85225,0.85358,1.50,1.50
2016.03.25 20:49:33.931,0.85225,0.85353,1.50,1.00
2016.03.25 20:49:34.325,0.85218,0.85331,1.12,1.00
2016.03.25 20:49:34.928,0.85223,0.85352,1.50,1.00
2016.03.25 20:49:36.088,0.85226,0.85352,1.37,1.00
2016.03.25 20:49:36.213,0.85226,0.85358,1.50,1.00
2016.03.25 20:49:37.724,0.85226,0.8533,1.37,1.00
2016.03.25 20:49:40.118,0.8523,0.8533,1.50,1.00
2016.03.25 20:49:40.220,0.85219,0.8533,1.37,1.00
2016.03.25 20:49:40.930,0.85226,0.85326,1.50,1.00
2016.03.25 20:49:41.329,0.85228,0.8533,1.37,1.00
2016.03.25 20:49:41.533,0.8522,0.8533,1.37,1.00
2016.03.25 20:49:42.041,0.85227,0.85327,1.50,1.00
2016.03.25 20:49:42.534,0.85221,0.85331,1.37,1.00
2016.03.25 20:49:43.238,0.85229,0.85327,1.50,1.00
2016.03.25 20:49:43.642,0.85221,0.85327,1.87,1.00
2016.03.25 20:49:44.702,0.85218,0.85327,1.75,1.00
2016.03.25 20:49:44.753,0.85214,0.85327,1.12,1.00
2016.03.25 20:49:44.855,0.85214,0.85356,1.75,1.87
2016.03.25 20:49:45.195,0.85214,0.85356,1.75,1.87
2016.03.25 20:49:46.263,0.85218,0.85358,1.00,1.75
2016.03.25 20:49:50.138,0.85218,0.85356,1.00,1.87
2016.03.25 20:49:52.604,0.85218,0.85356,1.12,1.87
2016.03.25 20:49:53.033,0.85223,0.85358,1.00,1.75
2016.03.25 20:49:56.730,0.85223,0.85358,1.00,1.75
2016.03.25 20:49:56.809,0.85223,0.85358,1.12,1.75
2016.03.25 20:49:57.420,0.85226,0.85358,1.75,1.75
2016.03.25 20:49:57.471,0.85221,0.85358,1.37,1.75
2016.03.25 20:50:00.146,0.85215,0.85358,1.50,1.75
2016.03.25 20:50:00.198,0.85213,0.85358,1.00,1.75
2016.03.25 20:50:00.350,0.85213,0.85342,1.00,1.00
2016.03.25 20:50:00.402,0.8521,0.85342,1.00,1.00
2016.03.25 20:50:00.578,0.8521,0.85327,1.00,1.00
2016.03.25 20:50:00.971,0.85208,0.85327,1.00,1.00
2016.03.25 20:50:01.381,0.85208,0.85357,1.00,1.00
2016.03.25 20:50:01.485,0.85208,0.85336,1.00,1.00
2016.03.25 20:50:01.872,0.85208,0.853,1.00,1.00
2016.03.25 20:50:03.536,0.85208,0.85295,1.00,1.00
2016.03.25 20:50:05.855,0.85208,0.85294,1.00,1.00
2016.03.25 20:50:07.483,0.85208,0.85299,1.00,1.00
2016.03.25 20:50:08.686,0.85208,0.85298,1.00,1.00
2016.03.25 20:50:09.469,0.85213,0.85298,1.00,1.00
2016.03.25 20:50:10.013,0.85213,0.85297,1.00,1.00
2016.03.25 20:50:11.249,0.85213,0.85294,1.00,1.00
2016.03.25 20:50:12.545,0.85213,0.85293,1.00,1.00
2016.03.25 20:50:14.149,0.85213,0.85286,1.00,1.00
2016.03.25 20:50:15.452,0.85213,0.85287,1.00,1.00
2016.03.25 20:50:16.405,0.85208,0.85287,1.00,1.00
2016.03.25 20:50:18.071,0.85192,0.85315,2.25,0.75
2016.03.25 20:50:18.122,0.85192,0.85361,2.25,1.37
2016.03.25 20:50:18.223,0.85155,0.85361,3.00,1.37
2016.03.25 20:50:18.949,0.85154,0.85331,1.12,1.00
2016.03.25 20:50:19.295,0.85164,0.85331,1.37,1.00
2016.03.25 20:50:19.813,0.85154,0.85331,1.12,1.00
2016.03.25 20:50:19.915,0.85172,0.85331,1.75,1.00
2016.03.25 20:50:20.482,0.85175,0.85331,1.37,1.00
2016.03.25 20:50:20.584,0.85175,0.85364,1.37,1.00
2016.03.25 20:50:21.069,0.85165,0.85363,2.05,1.75
2016.03.25 20:50:21.120,0.85155,0.85361,1.37,1.12
2016.03.25 20:50:21.290,0.85173,0.85364,1.75,1.75
2016.03.25 20:50:21.342,0.85175,0.85364,1.37,1.00
2016.03.25 20:50:21.494,0.85177,0.85361,1.00,1.37
2016.03.25 20:50:21.797,0.85154,0.85361,1.12,1.12
2016.03.25 20:50:21.848,0.85158,0.85364,1.75,2.25
2016.03.25 20:50:21.898,0.85164,0.85364,1.37,1.50
2016.03.25 20:50:21.999,0.85164,0.8535,1.37,1.00
2016.03.25 20:50:22.318,0.85156,0.8535,1.00,1.00
2016.03.25 20:50:22.369,0.85156,0.8535,1.12,1.00
2016.03.25 20:50:22.419,0.85164,0.85364,1.12,1.00
2016.03.25 20:50:22.528,0.85164,0.8534,1.12,1.00
2016.03.25 20:50:22.841,0.85155,0.85333,1.72,1.00
2016.03.25 20:50:22.892,0.85173,0.8534,1.37,1.00
2016.03.25 20:50:22.943,0.85173,0.85352,1.37,1.00
2016.03.25 20:50:22.994,0.8518,0.85352,1.12,1.00
2016.03.25 20:50:23.296,0.8518,0.85304,1.12,1.00
2016.03.25 20:50:23.398,0.85173,0.85304,1.37,1.00
2016.03.25 20:50:24.601,0.85173,0.85302,1.37,1.00
2016.03.25 20:50:29.383,0.85173,0.85296,1.37,1.00
2016.03.25 20:50:30.580,0.85169,0.853,2.47,1.00
2016.03.25 20:50:30.739,0.85169,0.85299,1.30,1.00
2016.03.25 20:50:30.808,0.85165,0.85299,1.37,1.00
2016.03.25 20:50:31.049,0.85155,0.85296,1.37,1.00
2016.03.25 20:50:31.100,0.85155,0.8528,1.37,1.00
2016.03.25 20:50:31.424,0.85166,0.8528,1.00,1.00
2016.03.25 20:50:31.475,0.85162,0.85335,1.75,1.00
2016.03.25 20:50:31.576,0.85161,0.85357,1.00,1.00
2016.03.25 20:50:32.169,0.85156,0.85324,1.37,1.00
2016.03.25 20:50:33.143,0.85156,0.85312,1.37,1.50
2016.03.25 20:50:34.596,0.85156,0.85279,1.37,1.00
2016.03.25 20:50:34.799,0.85181,0.85312,1.00,2.25
2016.03.25 20:50:34.850,0.85172,0.85312,1.30,1.00
2016.03.25 20:50:34.915,0.8516,0.85312,1.00,1.00
2016.03.25 20:50:35.211,0.85156,0.85312,1.00,1.00
2016.03.25 20:50:36.370,0.85156,0.85324,1.00,1.00
2016.03.25 20:50:36.420,0.85156,0.85316,1.00,1.50
2016.03.25 20:50:39.158,0.85156,0.85312,1.00,2.25
2016.03.25 20:50:39.499,0.85156,0.85325,1.00,1.00
2016.03.25 20:50:40.868,0.85156,0.85321,1.00,1.00
2016.03.25 20:50:42.005,0.85156,0.85324,1.00,1.00
2016.03.25 20:50:44.822,0.85156,0.85323,1.00,1.00
2016.03.25 20:50:44.873,0.85156,0.85319,1.00,1.00
2016.03.25 20:50:44.924,0.85142,0.85319,1.30,1.00
2016.03.25 20:50:44.979,0.85142,0.85301,1.30,1.00
2016.03.25 20:50:45.080,0.85136,0.85301,1.90,1.00
2016.03.25 20:50:45.183,0.85138,0.85318,1.81,1.00
2016.03.25 20:50:45.696,0.85151,0.85335,2.01,1.00
2016.03.25 20:50:46.372,0.85175,0.8533,1.00,1.00
2016.03.25 20:50:46.674,0.85175,0.85283,1.00,1.00
2016.03.25 20:50:49.079,0.85175,0.8529,1.00,1.00
2016.03.25 20:50:49.409,0.85171,0.8529,1.00,1.00
2016.03.25 20:50:49.460,0.85168,0.8529,1.00,1.00
2016.03.25 20:50:49.511,0.85175,0.8529,1.00,1.00
2016.03.25 20:50:49.840,0.85168,0.8529,1.00,1.00
2016.03.25 20:50:50.298,0.85168,0.85293,1.00,1.00
2016.03.25 20:50:50.349,0.85162,0.85293,1.00,1.00
2016.03.25 20:50:50.501,0.85162,0.85293,1.12,1.00
2016.03.25 20:50:50.834,0.85167,0.85293,1.00,1.00
2016.03.25 20:50:50.885,0.85161,0.85293,1.72,1.00
2016.03.25 20:50:51.777,0.8516,0.85292,1.87,1.00
2016.03.25 20:50:55.880,0.8516,0.85283,1.87,1.00
2016.03.25 20:50:57.618,0.8516,0.85282,2.25,1.00
2016.03.25 20:50:57.669,0.85167,0.85282,1.00,1.00
2016.03.25 20:50:58.813,0.85167,0.8528,1.00,1.00
2016.03.25 20:51:00.078,0.85177,0.8528,1.00,1.00
2016.03.25 20:51:00.403,0.85177,0.85276,1.00,1.00
2016.03.25 20:51:01.208,0.85177,0.85275,1.00,1.00
2016.03.25 20:51:01.511,0.85183,0.85275,1.00,1.00
2016.03.25 20:51:02.527,0.85183,0.85272,1.00,1.00
2016.03.25 20:51:05.889,0.85183,0.85269,1.00,1.00
2016.03.25 20:51:06.607,0.85183,0.85268,1.00,1.00
2016.03.25 20:51:10.092,0.85183,0.85269,1.00,1.00
2016.03.25 20:51:10.677,0.85192,0.85269,0.75,1.00
2016.03.25 20:51:11.393,0.85192,0.85264,0.75,1.00
2016.03.25 20:51:21.342,0.85192,0.85261,0.75,1.00
2016.03.25 20:51:24.002,0.85192,0.85262,0.75,1.00
2016.03.25 20:51:27.273,0.85197,0.85262,0.75,1.00
2016.03.25 20:51:27.324,0.85197,0.85264,0.75,1.00
2016.03.25 20:51:28.408,0.85197,0.85262,0.75,1.00
2016.03.25 20:51:31.108,0.85197,0.85254,0.75,1.00
2016.03.25 20:51:32.416,0.85192,0.85253,1.00,1.00
2016.03.25 20:51:32.568,0.85182,0.85253,1.00,1.00
2016.03.25 20:51:32.619,0.85182,0.8524,1.00,1.00
2016.03.25 20:51:32.670,0.85172,0.8524,1.00,1.00
2016.03.25 20:51:32.846,0.85157,0.85247,1.00,1.00
2016.03.25 20:51:35.944,0.85157,0.85245,1.00,1.00
2016.03.25 20:51:40.122,0.85157,0.85244,1.00,1.00
2016.03.25 20:51:41.521,0.85157,0.85245,1.00,1.00
2016.03.25 20:51:45.857,0.85157,0.85242,1.00,1.00
2016.03.25 20:51:49.244,0.85162,0.85244,1.00,1.00
2016.03.25 20:51:50.523,0.85162,0.85252,1.00,1.00
2016.03.25 20:51:53.065,0.85162,0.85251,1.00,1.00
2016.03.25 20:51:53.117,0.85167,0.85251,1.00,1.00
2016.03.25 20:51:54.270,0.85167,0.85252,1.00,1.00
2016.03.25 20:51:55.392,0.85167,0.85248,1.00,1.00
2016.03.25 20:52:00.617,0.85177,0.85248,1.00,1.00
2016.03.25 20:52:00.996,0.85177,0.85246,1.00,1.00
2016.03.25 20:52:05.835,0.85177,0.85251,1.00,1.00
2016.03.25 20:52:08.867,0.85177,0.8525,1.00,1.00
2016.03.25 20:52:08.968,0.85167,0.85225,1.00,1.00
2016.03.25 20:52:09.070,0.85152,0.85225,1.90,1.00
2016.03.25 20:52:09.221,0.85153,0.85225,1.00,1.00
2016.03.25 20:52:10.807,0.85152,0.85225,1.00,1.00
2016.03.25 20:52:10.859,0.85152,0.85215,1.00,1.00
2016.03.25 20:52:10.960,0.85155,0.85237,1.50,1.00
2016.03.25 20:52:11.062,0.85157,0.85237,1.00,1.00
2016.03.25 20:52:11.582,0.85158,0.85237,1.00,1.00
2016.03.25 20:52:11.885,0.85158,0.85251,1.00,1.00
2016.03.25 20:52:28.396,0.85162,0.85251,1.00,1.00
2016.03.25 20:52:42.462,0.85162,0.8525,1.00,1.00
2016.03.25 20:52:44.273,0.85177,0.85243,1.00,1.00
2016.03.25 20:52:54.690,0.85177,0.85238,1.00,1.00
2016.03.25 20:53:40.139,0.85177,0.85231,1.00,1.00
2016.03.25 20:53:51.811,0.85155,0.85231,1.28,1.00
2016.03.25 20:53:51.912,0.85153,0.85231,1.00,1.00
2016.03.25 20:53:52.823,0.85153,0.85207,1.00,1.00
2016.03.25 20:53:55.714,0.85153,0.85196,1.00,1.00
2016.03.25 20:53:55.765,0.85137,0.85196,1.06,1.00
2016.03.25 20:53:57.216,0.85137,0.85194,1.00,1.00
2016.03.25 20:54:26.675,0.85142,0.85194,1.00,1.00
2016.03.25 20:54:50.341,0.85132,0.85194,1.00,1.00
2016.03.25 20:54:53.313,0.85127,0.85194,1.00,1.00
2016.03.25 20:54:53.364,0.85127,0.85174,1.00,1.00
2016.03.25 20:54:53.415,0.85118,0.85174,1.00,1.00
2016.03.25 20:54:54.873,0.85113,0.85174,1.00,1.00
2016.03.25 20:54:57.170,0.85113,0.8519,1.00,1.00
2016.03.25 20:55:00.197,0.85113,0.85194,1.00,1.00
2016.03.25 20:55:05.599,0.85113,0.85197,1.00,3.13
2016.03.25 20:55:08.871,0.85113,0.85197,1.00,1.13
2016.03.25 20:55:35.649,0.85113,0.85197,1.00,1.00
2016.03.25 20:55:40.171,0.85112,0.85197,1.00,1.00
2016.03.25 20:55:51.480,0.85112,0.852,1.00,3.13
2016.03.25 20:56:01.394,0.85122,0.852,1.00,3.13
2016.03.25 20:56:17.980,0.85122,0.85194,1.00,3.13
2016.03.25 20:56:23.284,0.85122,0.85191,1.00,1.00
2016.03.25 20:56:23.335,0.85095,0.85191,1.90,1.00
2016.03.25 20:56:23.437,0.8509,0.85191,3.75,1.00
2016.03.25 20:56:32.614,0.85085,0.85175,1.00,1.00
2016.03.25 20:56:32.665,0.85083,0.85175,1.00,1.00
2016.03.25 20:56:34.291,0.85083,0.85178,1.00,1.00
2016.03.25 20:56:37.994,0.85083,0.85176,1.00,1.00
2016.03.25 20:56:42.547,0.85083,0.85177,1.00,1.00
2016.03.25 20:56:48.741,0.85082,0.85177,1.06,1.00
2016.03.25 20:56:50.589,0.85102,0.85177,1.00,1.00
2016.03.25 20:56:50.640,0.85102,0.85216,1.00,1.50
2016.03.25 20:56:50.741,0.85114,0.85273,1.00,1.00
2016.03.25 20:56:50.792,0.8513,0.85273,0.75,1.00
2016.03.25 20:56:50.994,0.85131,0.85297,0.75,2.40
2016.03.25 20:56:51.045,0.85168,0.85258,1.00,1.00
2016.03.25 20:56:51.304,0.85155,0.85274,1.00,1.00
2016.03.25 20:56:53.744,0.85155,0.85279,1.00,1.00
2016.03.25 20:56:53.845,0.85169,0.85259,1.00,1.00
2016.03.25 20:56:56.036,0.85167,0.85257,1.00,1.00
2016.03.25 20:56:58.341,0.85155,0.85245,1.00,1.00
2016.03.25 20:57:00.120,0.85154,0.85244,1.00,1.00
2016.03.25 20:57:01.648,0.85155,0.85254,3.00,1.00
2016.03.25 20:57:02.342,0.85155,0.85233,3.00,1.50
2016.03.25 20:57:02.657,0.85155,0.85231,3.00,1.00
2016.03.25 20:57:02.707,0.85155,0.85254,3.00,1.00
2016.03.25 20:57:02.758,0.8515,0.85249,3.00,1.00
2016.03.25 20:57:04.322,0.85147,0.85246,3.00,1.00
2016.03.25 20:57:07.362,0.85153,0.85252,3.00,1.00
2016.03.25 20:57:10.144,0.85155,0.85254,3.00,1.00
2016.03.25 20:57:12.022,0.85147,0.85246,3.00,1.00
2016.03.25 20:57:13.814,0.85148,0.85247,3.00,1.00
2016.03.25 20:57:16.561,0.85155,0.85254,3.00,1.00
2016.03.25 20:57:18.349,0.85148,0.85247,3.00,1.00
2016.03.25 20:57:19.556,0.8515,0.85249,3.00,1.00
2016.03.25 20:57:22.443,0.85151,0.8525,3.00,1.00
2016.03.25 20:57:25.238,0.85155,0.85254,3.00,1.00
2016.03.25 20:57:25.544,0.85139,0.85238,3.00,1.00
2016.03.25 20:57:27.366,0.85148,0.85247,3.00,1.00
2016.03.25 20:57:31.470,0.85154,0.85253,3.00,1.00
2016.03.25 20:57:32.549,0.85148,0.85247,3.00,1.00
2016.03.25 20:57:34.856,0.85143,0.85242,3.00,1.00
2016.03.25 20:57:36.378,0.85149,0.85248,3.00,1.00
2016.03.25 20:57:42.369,0.85143,0.8524,3.00,1.00
2016.03.25 20:57:42.793,0.85097,0.85279,1.00,1.00
2016.03.25 20:57:42.979,0.85107,0.85297,1.00,2.40
2016.03.25 20:57:43.296,0.85132,0.85297,0.75,2.40
2016.03.25 20:57:43.626,0.85136,0.85296,2.25,2.40
2016.03.25 20:57:47.793,0.85121,0.85297,1.00,2.40
2016.03.25 20:57:47.894,0.85145,0.85255,1.50,1.00
2016.03.25 20:57:47.995,0.85139,0.85276,1.50,1.00
2016.03.25 20:57:48.298,0.8514,0.85233,1.50,1.00
2016.03.25 20:57:48.399,0.85104,0.8524,1.50,1.00
2016.03.25 20:57:48.500,0.85108,0.85259,1.00,1.00
2016.03.25 20:57:48.551,0.85094,0.85259,1.50,1.00
2016.03.25 20:57:48.652,0.85133,0.85226,1.50,1.00
2016.03.25 20:57:48.753,0.851,0.85264,1.50,1.00
2016.03.25 20:57:48.855,0.85112,0.85264,1.00,1.00
2016.03.25 20:57:49.158,0.85106,0.85268,1.50,1.00
2016.03.25 20:57:49.410,0.85123,0.85268,1.00,1.00
2016.03.25 20:57:49.511,0.85106,0.85268,1.50,1.00
2016.03.25 20:57:49.562,0.85145,0.85238,1.50,1.00
2016.03.25 20:57:49.663,0.85122,0.85258,1.50,1.00
2016.03.25 20:57:49.765,0.85094,0.85273,1.50,1.00
2016.03.25 20:57:51.887,0.85094,0.85275,1.50,1.00
2016.03.25 20:57:52.258,0.85111,0.85275,1.00,1.00
2016.03.25 20:57:52.561,0.85146,0.85271,1.50,1.00
2016.03.25 20:57:54.857,0.85147,0.85278,1.50,1.00
2016.03.25 20:57:58.865,0.85161,0.85254,1.50,1.00
2016.03.25 20:57:59.185,0.85125,0.85259,1.50,1.00
2016.03.25 20:57:59.387,0.85153,0.85246,1.50,1.00
2016.03.25 20:57:59.904,0.85124,0.8526,1.50,1.00
2016.03.25 20:58:00.005,0.85125,0.85276,1.50,1.00
2016.03.25 20:58:00.208,0.85131,0.8525,1.50,1.00
2016.03.25 20:58:00.309,0.85114,0.85247,1.50,1.00
2016.03.25 20:58:01.567,0.85115,0.85249,1.50,1.77
2016.03.25 20:58:02.150,0.85123,0.85255,1.50,2.52
2016.03.25 20:58:04.281,0.85122,0.85254,1.50,2.52
2016.03.25 20:58:16.780,0.85156,0.85252,1.50,2.52
2016.03.25 20:58:18.905,0.85158,0.85251,1.00,2.52
2016.03.25 20:58:19.006,0.85113,0.85295,1.00,1.45
2016.03.25 20:58:19.130,0.85121,0.85297,0.75,1.95
2016.03.25 20:58:19.231,0.85089,0.85291,1.50,1.45
2016.03.25 20:58:21.247,0.85098,0.85297,1.00,1.95
2016.03.25 20:58:21.653,0.85121,0.85297,0.75,1.95
2016.03.25 20:58:23.230,0.85115,0.85295,1.00,1.45
2016.03.25 20:58:23.349,0.85107,0.85296,1.00,1.95
2016.03.25 20:58:24.233,0.8511,0.85296,1.00,1.45
2016.03.25 20:58:25.402,0.8511,0.85296,1.00,2.70
2016.03.25 20:58:26.018,0.8511,0.85296,1.00,2.70
2016.03.25 20:58:27.605,0.8511,0.85296,1.00,2.70
2016.03.25 20:58:29.256,0.85121,0.85297,0.75,1.95
2016.03.25 20:58:29.898,0.85121,0.85296,0.75,1.95
2016.03.25 20:58:31.264,0.85114,0.85296,1.00,1.45
2016.03.25 20:58:31.435,0.85121,0.85297,0.75,1.95
2016.03.25 20:58:31.960,0.85122,0.85297,0.75,1.95
2016.03.25 20:58:32.894,0.85121,0.85297,0.75,1.95
2016.03.25 20:58:33.221,0.85114,0.85296,1.00,1.45
2016.03.25 20:58:33.437,0.85121,0.85297,0.75,1.95
2016.03.25 20:58:35.234,0.85114,0.85296,1.00,2.70
2016.03.25 20:58:35.439,0.85122,0.85296,0.75,1.95
2016.03.25 20:58:37.246,0.85114,0.85296,1.00,1.45
2016.03.25 20:58:37.439,0.85122,0.85297,0.75,1.95
2016.03.25 20:58:38.742,0.85121,0.85297,0.75,1.95
2016.03.25 20:58:39.258,0.85115,0.85295,1.00,1.45
2016.03.25 20:58:39.436,0.85121,0.85297,0.75,1.95
2016.03.25 20:58:39.962,0.8512,0.85286,1.00,1.50
2016.03.25 20:58:42.996,0.85119,0.85286,1.00,1.50
2016.03.25 20:58:48.366,0.85132,0.85286,0.75,1.50
2016.03.25 20:58:48.797,0.85139,0.85296,1.00,1.95
2016.03.25 20:58:51.523,0.85137,0.85297,1.00,1.95
2016.03.25 20:58:51.574,0.8513,0.85297,1.00,1.95
2016.03.25 20:58:51.916,0.85127,0.85296,1.00,1.95
2016.03.25 20:58:53.757,0.85128,0.85297,1.00,1.95
2016.03.25 20:58:59.898,0.85129,0.85296,0.75,1.95
2016.03.25 20:59:00.099,0.85132,0.85296,0.75,1.95
2016.03.25 20:59:00.402,0.85139,0.85287,1.00,0.45
2016.03.25 20:59:00.614,0.85134,0.85287,1.00,0.45
2016.03.25 20:59:01.264,0.85124,0.85287,1.50,0.45
2016.03.25 20:59:01.393,0.85116,0.85287,0.75,0.45
2016.03.25 20:59:01.911,0.85115,0.85287,0.75,0.45
2016.03.25 20:59:02.788,0.85109,0.85287,0.75,0.45
2016.03.25 20:59:03.757,0.85108,0.85287,0.75,0.45
2016.03.25 20:59:23.767,0.85153,0.85306,0.75,1.95
2016.03.25 20:59:23.918,0.85187,0.85338,0.75,0.75
2016.03.25 20:59:24.238,0.85234,0.85338,1.50,0.75
2016.03.25 20:59:26.450,0.85234,0.85345,1.50,0.45
