2011.03.04 13:00:00.435,0.85062,0.85081,1.18,2.25
2011.03.04 13:00:00.765,0.85061,0.85079,1.18,1.50
2011.03.04 13:00:01.376,0.85061,0.85078,1.18,1.50
2011.03.04 13:00:04.246,0.85061,0.8508,1.18,2.25
2011.03.04 13:00:04.826,0.8506,0.85075,1.69,1.50
2011.03.04 13:00:04.936,0.85059,0.85079,1.36,2.25
2011.03.04 13:00:05.591,0.85059,0.85082,1.36,3.00
2011.03.04 13:00:05.817,0.8506,0.85076,1.18,1.50
2011.03.04 13:00:06.257,0.85056,0.85076,1.93,2.25
2011.03.04 13:00:06.476,0.85055,0.85075,2.11,2.25
2011.03.04 13:00:07.396,0.85054,0.85072,1.18,1.50
2011.03.04 13:00:07.943,0.85052,0.85072,1.18,1.50
2011.03.04 13:00:13.135,0.85052,0.85072,1.18,2.25
2011.03.04 13:00:14.137,0.85054,0.85071,1.18,1.50
2011.03.04 13:00:14.248,0.85054,0.85073,1.18,1.50
2011.03.04 13:00:14.686,0.85055,0.85069,1.18,1.50
2011.03.04 13:00:14.797,0.85052,0.85069,1.93,1.69
2011.03.04 13:00:14.906,0.85052,0.85069,1.18,2.44
2011.03.04 13:00:15.015,0.85046,0.85067,1.18,2.25
2011.03.04 13:00:16.375,0.85046,0.85062,1.18,1.50
2011.03.04 13:00:16.484,0.85044,0.85062,1.18,1.50
2011.03.04 13:00:19.054,0.85044,0.85061,1.18,1.50
2011.03.04 13:00:20.284,0.85044,0.85063,1.18,1.50
2011.03.04 13:00:20.735,0.8504,0.85061,2.11,1.50
2011.03.04 13:00:21.708,0.8504,0.8506,2.11,1.50
2011.03.04 13:00:22.036,0.85039,0.85057,1.50,1.50
2011.03.04 13:00:22.144,0.85039,0.85058,1.50,1.50
2011.03.04 13:00:22.724,0.85037,0.85058,3.61,1.50
2011.03.04 13:00:23.376,0.85037,0.85056,3.61,1.50
2011.03.04 13:00:23.488,0.85037,0.85058,3.61,1.50
2011.03.04 13:00:23.704,0.85037,0.85056,2.68,1.50
2011.03.04 13:00:24.376,0.85037,0.85057,2.68,1.50
2011.03.04 13:00:24.845,0.85034,0.85056,1.18,1.50
2011.03.04 13:00:24.955,0.85036,0.85057,1.69,2.25
2011.03.04 13:00:25.827,0.85038,0.85056,1.18,1.50
2011.03.04 13:00:26.641,0.85038,0.85058,1.18,2.25
2011.03.04 13:00:28.175,0.85038,0.85059,1.18,2.25
2011.03.04 13:00:28.696,0.85042,0.85059,1.18,1.50
2011.03.04 13:00:29.584,0.85042,0.85059,1.18,1.50
2011.03.04 13:00:30.364,0.85041,0.8506,1.18,1.50
2011.03.04 13:00:31.026,0.85041,0.85061,1.18,1.50
2011.03.04 13:00:31.706,0.85041,0.85062,1.18,1.50
2011.03.04 13:00:32.364,0.85041,0.85061,1.18,1.50
2011.03.04 13:00:32.695,0.85041,0.85059,1.18,1.50
2011.03.04 13:00:33.796,0.85041,0.8506,1.18,1.50
2011.03.04 13:00:34.355,0.85041,0.85061,1.18,1.50
2011.03.04 13:00:34.786,0.8504,0.85061,1.93,2.25
2011.03.04 13:00:35.225,0.8504,0.8506,1.18,2.44
2011.03.04 13:00:35.445,0.85035,0.85055,1.18,2.44
2011.03.04 13:00:35.665,0.85033,0.85051,1.18,1.50
2011.03.04 13:00:36.214,0.85033,0.85053,1.18,2.25
2011.03.04 13:00:37.344,0.85033,0.85051,1.18,1.50
2011.03.04 13:00:37.869,0.85033,0.8505,1.18,1.50
2011.03.04 13:00:38.807,0.85034,0.85048,1.18,1.50
2011.03.04 13:00:39.686,0.85032,0.85049,1.18,1.50
2011.03.04 13:00:41.915,0.85034,0.85052,1.18,1.50
2011.03.04 13:00:42.244,0.85035,0.85052,1.93,1.50
2011.03.04 13:00:42.356,0.85036,0.85054,1.18,1.50
2011.03.04 13:00:42.985,0.85038,0.85054,1.18,1.50
2011.03.04 13:00:47.314,0.85038,0.85055,1.18,1.50
2011.03.04 13:00:49.288,0.85039,0.85055,2.07,1.50
2011.03.04 13:00:49.405,0.85043,0.8506,1.36,1.50
2011.03.04 13:00:49.965,0.85043,0.85061,1.18,1.50
2011.03.04 13:00:50.514,0.85043,0.8506,1.36,1.50
2011.03.04 13:00:53.396,0.85043,0.85061,1.36,1.50
2011.03.04 13:00:54.294,0.85041,0.85061,4.29,1.50
2011.03.04 13:00:54.407,0.85041,0.85061,3.68,2.25
2011.03.04 13:00:54.515,0.85038,0.85058,1.18,2.25
2011.03.04 13:00:54.847,0.85038,0.85055,1.18,1.50
2011.03.04 13:00:56.336,0.85037,0.85052,1.18,1.50
2011.03.04 13:00:56.667,0.85033,0.85052,1.18,1.50
2011.03.04 13:00:57.215,0.85033,0.85051,1.18,1.50
2011.03.04 13:00:57.546,0.85034,0.85054,1.36,1.50
2011.03.04 13:00:57.657,0.85034,0.85056,1.36,2.25
2011.03.04 13:00:57.885,0.85036,0.85058,1.36,2.25
2011.03.04 13:00:58.215,0.85036,0.85055,1.18,1.50
2011.03.04 13:00:58.765,0.85036,0.85056,1.18,1.50
2011.03.04 13:00:58.985,0.85036,0.85058,1.36,1.50
2011.03.04 13:01:00.705,0.85036,0.85058,1.18,3.00
2011.03.04 13:01:01.238,0.85036,0.85058,1.18,2.25
2011.03.04 13:01:01.757,0.8504,0.8506,1.69,1.50
2011.03.04 13:01:01.977,0.85042,0.85065,1.93,1.50
2011.03.04 13:01:02.086,0.85046,0.85066,2.25,1.50
2011.03.04 13:01:02.196,0.85043,0.85068,1.36,3.00
2011.03.04 13:01:02.305,0.85043,0.85068,1.36,3.00
2011.03.04 13:01:02.635,0.85035,0.85056,1.93,2.25
2011.03.04 13:01:02.854,0.85035,0.85056,1.93,2.25
2011.03.04 13:01:03.184,0.85035,0.85056,1.93,2.25
2011.03.04 13:01:03.527,0.85036,0.85056,1.18,1.50
2011.03.04 13:01:03.964,0.85038,0.85058,1.18,1.50
2011.03.04 13:01:04.844,0.85037,0.85058,1.18,1.50
2011.03.04 13:01:10.015,0.85037,0.8506,1.18,2.25
2011.03.04 13:01:10.235,0.85044,0.85064,1.36,3.00
2011.03.04 13:01:11.794,0.85044,0.85067,1.36,2.25
2011.03.04 13:01:12.534,0.85045,0.85064,1.32,1.50
2011.03.04 13:01:12.756,0.85047,0.85066,1.18,1.50
2011.03.04 13:01:13.285,0.85047,0.85069,2.68,3.00
2011.03.04 13:01:13.834,0.85047,0.85067,2.68,3.00
2011.03.04 13:01:14.386,0.85046,0.85067,1.18,1.50
2011.03.04 13:01:14.606,0.85047,0.85068,1.18,1.50
2011.03.04 13:01:14.825,0.85046,0.85067,2.11,1.50
2011.03.04 13:01:15.175,0.85046,0.85067,2.11,1.50
2011.03.04 13:01:19.767,0.85046,0.85067,2.86,1.50
2011.03.04 13:01:23.565,0.85046,0.85064,1.93,2.25
2011.03.04 13:01:24.046,0.85044,0.85065,1.93,2.25
2011.03.04 13:01:26.475,0.85044,0.85067,1.18,1.50
2011.03.04 13:01:26.804,0.85044,0.85065,1.18,2.25
2011.03.04 13:01:28.924,0.85045,0.85067,1.18,3.00
2011.03.04 13:01:29.035,0.85047,0.85067,1.18,3.00
2011.03.04 13:01:29.144,0.85047,0.85067,1.18,2.25
2011.03.04 13:01:29.364,0.85047,0.85068,1.18,1.50
2011.03.04 13:01:33.066,0.85046,0.85067,1.93,1.50
2011.03.04 13:01:39.647,0.85046,0.85067,2.68,1.50
2011.03.04 13:01:40.524,0.85045,0.85067,1.18,1.50
2011.03.04 13:01:41.985,0.85045,0.85067,1.18,1.50
2011.03.04 13:01:43.498,0.85044,0.85067,1.18,1.50
2011.03.04 13:01:44.244,0.85044,0.85063,1.18,2.25
2011.03.04 13:01:45.626,0.85044,0.85063,1.18,2.25
2011.03.04 13:01:46.066,0.85044,0.85062,2.60,2.25
2011.03.04 13:01:47.767,0.85042,0.85063,1.36,2.25
2011.03.04 13:01:48.314,0.85044,0.85064,1.18,1.50
2011.03.04 13:01:49.306,0.85043,0.85064,1.18,1.50
2011.03.04 13:01:49.874,0.85044,0.85064,1.18,1.50
2011.03.04 13:01:56.534,0.85044,0.85067,1.18,2.25
2011.03.04 13:01:56.759,0.85046,0.85067,1.18,2.25
2011.03.04 13:01:59.514,0.85046,0.85067,1.18,1.50
2011.03.04 13:02:00.676,0.85046,0.85067,1.18,1.50
2011.03.04 13:02:10.975,0.85047,0.85066,1.18,1.50
2011.03.04 13:02:11.526,0.85047,0.85066,1.36,1.50
2011.03.04 13:02:12.074,0.85047,0.85068,2.11,1.50
2011.03.04 13:02:12.404,0.85048,0.8507,1.36,2.25
2011.03.04 13:02:12.626,0.85051,0.8507,1.18,2.25
2011.03.04 13:02:13.197,0.85051,0.8507,1.18,2.25
2011.03.04 13:02:15.095,0.85051,0.8507,1.18,2.25
2011.03.04 13:02:20.755,0.85053,0.85071,1.36,1.50
2011.03.04 13:02:21.306,0.85051,0.85073,2.86,3.00
2011.03.04 13:02:25.536,0.85053,0.85075,1.36,1.50
2011.03.04 13:02:26.085,0.85056,0.85074,2.25,2.25
2011.03.04 13:02:26.575,0.85056,0.85077,2.68,3.00
2011.03.04 13:02:27.214,0.85056,0.85078,1.18,2.25
2011.03.04 13:02:27.877,0.85061,0.85081,2.07,1.50
2011.03.04 13:02:28.478,0.85066,0.85087,1.69,1.50
2011.03.04 13:02:35.274,0.85067,0.85087,1.36,2.25
2011.03.04 13:02:37.826,0.85066,0.85088,4.36,2.25
2011.03.04 13:02:38.285,0.85066,0.85082,1.93,1.50
2011.03.04 13:02:38.411,0.85062,0.85086,1.93,3.00
2011.03.04 13:02:38.767,0.85063,0.85087,1.36,2.25
2011.03.04 13:02:38.987,0.8507,0.8509,1.18,2.25
2011.03.04 13:02:41.294,0.8507,0.85093,1.18,3.94
2011.03.04 13:02:41.625,0.85072,0.85094,1.18,3.00
2011.03.04 13:02:42.524,0.85074,0.85094,1.18,2.25
2011.03.04 13:02:48.765,0.85076,0.85096,1.36,2.25
2011.03.04 13:02:56.899,0.85076,0.85093,1.36,2.25
2011.03.04 13:02:57.454,0.85076,0.85096,1.36,2.25
2011.03.04 13:03:01.116,0.85076,0.85094,1.36,2.25
2011.03.04 13:03:04.995,0.85074,0.85095,1.93,2.25
2011.03.04 13:03:05.325,0.85072,0.85092,1.36,2.25
2011.03.04 13:03:06.375,0.85074,0.85091,1.36,1.50
2011.03.04 13:03:08.808,0.85072,0.85089,1.18,1.50
2011.03.04 13:03:09.134,0.85072,0.85088,1.18,2.25
2011.03.04 13:03:09.687,0.85072,0.85089,2.11,1.50
2011.03.04 13:03:09.905,0.85072,0.85092,2.11,2.25
2011.03.04 13:03:11.466,0.85072,0.85091,1.18,2.25
2011.03.04 13:03:13.136,0.85067,0.85088,1.36,2.25
2011.03.04 13:03:13.746,0.85067,0.85085,2.11,1.50
2011.03.04 13:03:14.736,0.85067,0.85087,2.11,2.25
2011.03.04 13:03:15.285,0.85067,0.85087,1.36,2.25
2011.03.04 13:03:17.379,0.85067,0.85084,1.36,1.50
2011.03.04 13:03:18.285,0.85067,0.85086,1.36,2.25
2011.03.04 13:03:25.144,0.85067,0.85088,1.44,2.25
2011.03.04 13:03:30.774,0.85067,0.85088,1.44,2.25
2011.03.04 13:03:42.976,0.85067,0.85086,3.61,2.25
2011.03.04 13:03:46.166,0.85067,0.85088,2.86,2.25
2011.03.04 13:03:46.606,0.85062,0.85082,2.11,2.25
2011.03.04 13:03:47.554,0.85062,0.85084,2.11,1.50
2011.03.04 13:03:49.156,0.85063,0.85084,1.69,1.50
2011.03.04 13:03:49.375,0.85063,0.85084,1.69,1.50
2011.03.04 13:03:49.594,0.85063,0.85084,1.69,1.50
2011.03.04 13:03:50.025,0.85063,0.85085,1.69,3.00
2011.03.04 13:03:51.616,0.85063,0.85084,1.69,1.50
2011.03.04 13:03:52.056,0.85065,0.85085,1.36,2.25
2011.03.04 13:03:52.387,0.85067,0.85089,1.18,2.25
2011.03.04 13:03:52.716,0.85068,0.85091,1.93,1.50
2011.03.04 13:03:53.257,0.85068,0.85091,1.18,1.50
2011.03.04 13:03:55.076,0.85068,0.85091,1.93,1.50
2011.03.04 13:03:57.489,0.85068,0.85091,1.93,1.50
2011.03.04 13:03:57.718,0.85065,0.85088,1.18,3.00
2011.03.04 13:03:57.937,0.85066,0.85088,1.18,3.00
2011.03.04 13:03:58.266,0.85069,0.85089,1.93,1.50
2011.03.04 13:04:01.457,0.85069,0.85089,1.18,1.50
2011.03.04 13:04:02.786,0.8507,0.85089,1.18,1.50
2011.03.04 13:04:03.115,0.85069,0.85089,1.18,1.50
2011.03.04 13:04:03.665,0.85069,0.8509,1.93,1.50
2011.03.04 13:04:04.376,0.85069,0.85089,1.93,1.50
2011.03.04 13:04:08.505,0.85071,0.85091,1.18,3.00
2011.03.04 13:04:08.969,0.85072,0.85094,1.93,2.25
2011.03.04 13:04:09.627,0.85072,0.85092,1.18,2.25
2011.03.04 13:04:10.395,0.85076,0.85095,1.18,2.25
2011.03.04 13:04:11.415,0.85076,0.85095,1.18,2.25
2011.03.04 13:04:12.014,0.85076,0.85096,1.18,2.25
2011.03.04 13:04:12.234,0.85072,0.85096,1.18,3.00
2011.03.04 13:04:17.965,0.85076,0.85093,1.18,2.25
2011.03.04 13:04:18.297,0.85076,0.85094,1.36,1.50
2011.03.04 13:04:18.405,0.85076,0.85102,1.36,2.25
2011.03.04 13:04:19.115,0.85077,0.85099,1.18,2.25
2011.03.04 13:04:22.235,0.85077,0.85095,2.68,1.50
2011.03.04 13:04:22.564,0.85081,0.85096,1.18,1.50
2011.03.04 13:04:23.237,0.85081,0.85096,1.18,2.25
2011.03.04 13:04:23.456,0.85076,0.85094,1.18,2.25
2011.03.04 13:04:23.567,0.85076,0.85096,1.18,2.25
2011.03.04 13:04:23.785,0.85076,0.85098,1.18,2.25
2011.03.04 13:04:26.211,0.85076,0.851,1.18,3.00
2011.03.04 13:04:26.546,0.85076,0.85093,1.18,2.25
2011.03.04 13:04:27.686,0.85076,0.85096,1.18,2.25
2011.03.04 13:04:29.376,0.85076,0.85096,1.18,2.25
2011.03.04 13:04:31.956,0.85082,0.85097,1.18,2.25
2011.03.04 13:04:32.394,0.85082,0.85097,1.18,2.25
2011.03.04 13:04:32.615,0.85076,0.85095,1.36,2.25
2011.03.04 13:04:33.194,0.85076,0.85093,1.36,1.50
2011.03.04 13:04:33.635,0.85076,0.85093,1.18,2.44
2011.03.04 13:04:33.748,0.85072,0.8509,1.18,1.69
2011.03.04 13:04:34.826,0.85069,0.85091,1.18,2.44
2011.03.04 13:04:35.464,0.85069,0.85093,2.86,2.93
2011.03.04 13:04:36.564,0.85073,0.85094,1.18,2.25
2011.03.04 13:04:37.005,0.85073,0.85094,1.18,2.25
2011.03.04 13:04:38.985,0.85073,0.85094,1.93,2.25
2011.03.04 13:04:39.315,0.85077,0.85093,1.18,1.50
2011.03.04 13:04:39.874,0.85077,0.85093,1.18,2.25
2011.03.04 13:04:41.765,0.85075,0.85093,1.18,2.25
2011.03.04 13:04:42.179,0.85074,0.85091,1.18,2.25
2011.03.04 13:04:42.975,0.85074,0.85092,1.93,1.50
2011.03.04 13:04:43.087,0.85074,0.85092,2.86,1.50
2011.03.04 13:04:43.415,0.85074,0.85092,1.18,2.25
2011.03.04 13:04:43.745,0.85074,0.85093,1.18,2.25
2011.03.04 13:04:43.964,0.85074,0.85095,1.18,2.25
2011.03.04 13:04:44.564,0.85074,0.85094,1.18,2.25
2011.03.04 13:04:49.786,0.85075,0.85092,1.18,1.50
2011.03.04 13:04:51.627,0.85075,0.8509,1.18,1.50
2011.03.04 13:04:51.736,0.85075,0.85092,1.18,1.50
2011.03.04 13:04:52.189,0.85074,0.85092,1.18,2.25
2011.03.04 13:04:52.746,0.85075,0.85092,1.18,1.50
2011.03.04 13:04:54.095,0.85075,0.8509,1.18,1.50
2011.03.04 13:04:54.804,0.85074,0.85092,1.93,1.50
2011.03.04 13:04:58.236,0.85074,0.85088,1.18,1.50
2011.03.04 13:04:58.345,0.85071,0.85088,1.18,1.50
2011.03.04 13:04:58.876,0.85071,0.85089,1.18,3.68
2011.03.04 13:04:59.326,0.85071,0.85087,1.18,1.50
2011.03.04 13:04:59.887,0.85069,0.85087,1.18,1.50
2011.03.04 13:05:00.926,0.85069,0.85087,1.18,1.50
2011.03.04 13:05:01.257,0.85074,0.85092,1.18,1.50
2011.03.04 13:05:01.995,0.85073,0.85088,1.93,1.50
2011.03.04 13:05:04.734,0.85074,0.85088,1.18,1.50
2011.03.04 13:05:05.694,0.85074,0.85088,1.18,1.50
2011.03.04 13:05:05.806,0.85074,0.85088,1.18,1.50
2011.03.04 13:05:06.775,0.85074,0.85088,1.18,1.50
2011.03.04 13:05:08.126,0.85074,0.85088,1.18,1.50
2011.03.04 13:05:08.284,0.85074,0.85088,1.18,1.50
2011.03.04 13:05:08.634,0.85074,0.85088,1.18,1.50
2011.03.04 13:05:08.854,0.85074,0.85089,1.18,1.50
2011.03.04 13:05:09.184,0.85074,0.85089,1.18,1.50
2011.03.04 13:05:10.335,0.85074,0.85091,1.18,1.50
2011.03.04 13:05:10.665,0.85074,0.85091,1.18,1.50
2011.03.04 13:05:11.357,0.85074,0.85091,1.18,1.50
2011.03.04 13:05:12.016,0.85074,0.8509,1.18,1.50
2011.03.04 13:05:12.674,0.85074,0.8509,1.18,1.50
2011.03.04 13:05:13.020,0.85073,0.8509,1.18,1.50
2011.03.04 13:05:13.617,0.85074,0.85089,1.18,1.50
2011.03.04 13:05:13.725,0.85074,0.85086,1.18,1.50
2011.03.04 13:05:13.834,0.85071,0.85088,1.18,1.50
2011.03.04 13:05:13.944,0.8507,0.85088,1.18,1.50
2011.03.04 13:05:20.626,0.8507,0.85087,1.18,1.50
2011.03.04 13:05:25.205,0.85066,0.85087,1.18,1.50
2011.03.04 13:05:25.645,0.85066,0.85087,1.18,2.25
2011.03.04 13:05:26.437,0.85066,0.85086,1.18,1.50
2011.03.04 13:05:27.897,0.85066,0.85086,1.18,1.50
2011.03.04 13:05:28.894,0.85066,0.85086,1.18,1.50
2011.03.04 13:05:31.498,0.85066,0.85087,1.18,1.50
2011.03.04 13:05:32.175,0.85062,0.85086,1.36,1.50
2011.03.04 13:05:32.725,0.85062,0.85086,1.36,1.50
2011.03.04 13:05:33.595,0.85065,0.85087,1.18,2.25
2011.03.04 13:05:41.614,0.85065,0.85086,1.18,1.50
2011.03.04 13:05:44.746,0.85065,0.85086,1.18,2.25
2011.03.04 13:05:45.297,0.85064,0.85085,1.93,4.43
2011.03.04 13:05:45.515,0.85065,0.85084,1.18,1.50
2011.03.04 13:05:45.734,0.85065,0.85086,1.18,2.25
2011.03.04 13:05:49.796,0.85064,0.85086,1.18,2.25
2011.03.04 13:05:50.016,0.85059,0.85082,1.18,2.25
2011.03.04 13:05:50.126,0.85057,0.85079,1.18,3.00
2011.03.04 13:05:50.676,0.85057,0.85079,2.11,1.50
2011.03.04 13:05:51.238,0.85059,0.85082,1.36,2.25
2011.03.04 13:05:51.576,0.85059,0.8508,1.18,1.50
2011.03.04 13:05:51.796,0.85059,0.85082,1.36,1.50
2011.03.04 13:05:52.016,0.85063,0.85083,1.18,2.25
2011.03.04 13:05:52.875,0.85062,0.85083,1.93,2.25
2011.03.04 13:05:53.284,0.85064,0.85081,1.18,1.50
2011.03.04 13:05:57.706,0.85064,0.85084,1.18,4.50
2011.03.04 13:05:58.945,0.85064,0.85084,1.18,3.75
2011.03.04 13:06:02.304,0.85064,0.85084,1.18,3.75
2011.03.04 13:06:04.995,0.85062,0.85084,1.93,4.50
2011.03.04 13:06:15.086,0.85064,0.85083,1.36,2.25
2011.03.04 13:06:18.246,0.85065,0.85087,1.93,1.50
2011.03.04 13:06:19.147,0.85065,0.85087,1.93,1.50
2011.03.04 13:06:20.386,0.85067,0.85086,1.18,1.50
2011.03.04 13:06:20.938,0.85067,0.85089,3.69,1.50
2011.03.04 13:06:21.047,0.85072,0.85093,1.18,3.00
2011.03.04 13:06:21.764,0.85073,0.85093,1.18,1.50
2011.03.04 13:06:23.777,0.85073,0.85093,1.55,1.50
2011.03.04 13:06:24.105,0.85079,0.851,1.69,1.50
2011.03.04 13:06:24.765,0.8508,0.851,1.32,1.50
2011.03.04 13:06:24.987,0.85081,0.85098,2.18,1.50
2011.03.04 13:06:25.316,0.85077,0.851,2.68,1.50
2011.03.04 13:06:25.866,0.85077,0.851,2.68,1.50
2011.03.04 13:06:27.075,0.85075,0.85097,1.18,1.50
2011.03.04 13:06:29.747,0.85075,0.85097,1.18,3.00
2011.03.04 13:06:29.857,0.85076,0.85097,1.13,1.50
2011.03.04 13:06:30.185,0.85082,0.85106,2.37,2.25
2011.03.04 13:06:30.515,0.85085,0.85105,1.18,2.25
2011.03.04 13:06:31.065,0.85085,0.85106,1.18,3.75
2011.03.04 13:06:34.996,0.85086,0.85103,1.74,2.25
2011.03.04 13:06:35.217,0.85085,0.85104,3.35,2.25
2011.03.04 13:06:35.326,0.85086,0.85104,1.93,2.25
2011.03.04 13:06:37.785,0.85086,0.85104,1.93,2.25
2011.03.04 13:06:38.116,0.85087,0.85106,1.18,2.25
2011.03.04 13:06:38.697,0.85087,0.85104,1.18,2.25
2011.03.04 13:06:41.145,0.85087,0.85104,1.18,2.25
2011.03.04 13:06:46.446,0.85087,0.85107,1.18,1.50
2011.03.04 13:06:47.885,0.85087,0.85106,1.18,1.50
2011.03.04 13:06:48.104,0.85087,0.85106,1.18,1.50
2011.03.04 13:06:54.776,0.85087,0.85107,2.11,1.50
2011.03.04 13:06:54.996,0.85087,0.85107,2.11,1.50
2011.03.04 13:06:55.594,0.85087,0.85106,1.18,1.50
2011.03.04 13:06:56.796,0.85089,0.85107,1.36,1.50
2011.03.04 13:06:57.016,0.85087,0.85106,1.36,1.50
2011.03.04 13:06:57.235,0.85087,0.85106,1.36,1.50
2011.03.04 13:06:58.506,0.85086,0.85107,2.86,1.50
2011.03.04 13:06:58.947,0.85086,0.85107,5.04,1.50
2011.03.04 13:06:59.056,0.85086,0.85107,4.10,1.50
2011.03.04 13:07:00.245,0.85086,0.85106,1.93,2.25
2011.03.04 13:07:00.468,0.85086,0.85107,2.30,1.50
2011.03.04 13:07:00.577,0.85087,0.85106,1.36,2.25
2011.03.04 13:07:01.126,0.85087,0.85106,1.18,1.50
2011.03.04 13:07:02.336,0.85087,0.85106,1.18,1.50
2011.03.04 13:07:03.218,0.85087,0.85106,1.36,1.50
2011.03.04 13:07:05.107,0.85087,0.85106,1.36,1.50
2011.03.04 13:07:06.293,0.85087,0.85106,1.36,1.50
2011.03.04 13:07:06.515,0.85086,0.85106,2.68,1.50
2011.03.04 13:07:06.858,0.85088,0.85106,1.36,1.50
2011.03.04 13:07:07.796,0.85086,0.85106,2.86,1.50
2011.03.04 13:07:08.825,0.85086,0.85106,1.18,1.50
2011.03.04 13:07:11.755,0.85086,0.85106,1.36,1.50
2011.03.04 13:07:12.537,0.85088,0.85106,1.36,1.50
2011.03.04 13:07:12.865,0.85091,0.85106,4.29,1.50
2011.03.04 13:07:15.145,0.85091,0.85107,4.29,1.50
2011.03.04 13:07:15.477,0.85094,0.85116,1.18,2.25
2011.03.04 13:07:15.696,0.85093,0.85114,1.18,1.50
2011.03.04 13:07:17.285,0.85091,0.85114,1.18,1.50
2011.03.04 13:07:17.815,0.85093,0.85114,1.18,1.50
2011.03.04 13:07:19.736,0.85093,0.85114,1.18,1.50
2011.03.04 13:07:20.066,0.85091,0.85114,3.35,3.00
2011.03.04 13:07:21.177,0.85093,0.85114,1.18,3.00
2011.03.04 13:07:21.286,0.85096,0.85114,1.18,2.25
2011.03.04 13:07:21.395,0.85096,0.85114,1.18,1.50
2011.03.04 13:07:21.979,0.85096,0.85115,1.18,1.50
2011.03.04 13:07:22.744,0.85096,0.85115,1.18,2.25
2011.03.04 13:07:25.016,0.85097,0.85117,1.18,2.25
2011.03.04 13:07:25.238,0.85098,0.85118,2.11,1.58
2011.03.04 13:07:25.576,0.85097,0.85116,1.93,2.25
2011.03.04 13:07:29.175,0.85096,0.85117,1.18,2.25
2011.03.04 13:07:29.727,0.85096,0.85118,1.18,3.00
2011.03.04 13:07:30.166,0.85094,0.85115,1.36,3.00
2011.03.04 13:07:30.727,0.85098,0.85116,1.69,1.50
2011.03.04 13:07:30.948,0.85101,0.85124,1.18,1.50
2011.03.04 13:07:31.166,0.85101,0.85124,1.18,1.50
2011.03.04 13:07:31.606,0.85104,0.85124,1.18,2.25
2011.03.04 13:07:31.936,0.85102,0.85124,1.18,3.00
2011.03.04 13:07:32.519,0.85102,0.85124,1.18,3.00
2011.03.04 13:07:35.536,0.85104,0.85125,1.93,1.50
2011.03.04 13:07:35.755,0.85104,0.85126,1.93,2.25
2011.03.04 13:07:36.084,0.85105,0.85128,1.93,1.50
2011.03.04 13:07:36.437,0.85109,0.85132,1.93,1.69
2011.03.04 13:07:36.766,0.8511,0.85132,1.36,1.50
2011.03.04 13:07:36.877,0.8511,0.85132,2.11,1.50
2011.03.04 13:07:37.316,0.8511,0.85132,1.36,3.00
2011.03.04 13:07:37.876,0.8511,0.85132,1.36,1.50
2011.03.04 13:07:37.988,0.85109,0.85131,1.93,1.32
2011.03.04 13:07:38.095,0.85108,0.85131,1.18,3.49
2011.03.04 13:07:38.426,0.85105,0.85129,1.36,1.50
2011.03.04 13:07:39.545,0.85107,0.85129,1.18,1.50
2011.03.04 13:07:40.327,0.85108,0.85129,3.12,1.50
2011.03.04 13:07:40.545,0.85112,0.85135,1.36,1.50
2011.03.04 13:07:40.766,0.85112,0.85135,1.36,1.50
2011.03.04 13:07:41.314,0.85112,0.85133,1.18,2.25
2011.03.04 13:07:43.286,0.8511,0.85132,1.18,1.50
2011.03.04 13:07:43.507,0.85109,0.85132,2.68,1.50
2011.03.04 13:07:44.116,0.85109,0.85132,1.18,1.50
2011.03.04 13:07:44.996,0.85109,0.85132,1.18,1.50
2011.03.04 13:07:45.334,0.85109,0.85132,1.18,1.50
2011.03.04 13:07:46.326,0.8511,0.85132,1.18,1.50
2011.03.04 13:07:46.545,0.8511,0.85132,1.36,1.50
2011.03.04 13:07:47.050,0.85117,0.85136,1.50,1.88
2011.03.04 13:07:47.492,0.85117,0.85136,1.50,1.88
2011.03.04 13:07:47.610,0.85112,0.85136,1.18,1.88
2011.03.04 13:07:48.145,0.85112,0.85136,1.93,1.88
2011.03.04 13:07:48.476,0.85112,0.85136,1.18,1.88
2011.03.04 13:07:48.586,0.85109,0.85133,2.86,1.50
2011.03.04 13:07:48.807,0.85109,0.85133,1.18,1.50
2011.03.04 13:07:49.029,0.85109,0.85133,1.18,3.00
2011.03.04 13:07:49.367,0.85107,0.8513,1.93,1.50
2011.03.04 13:07:50.386,0.85107,0.8513,1.93,1.50
2011.03.04 13:07:50.937,0.85106,0.8513,1.18,1.69
2011.03.04 13:07:51.156,0.85106,0.8513,1.18,1.69
2011.03.04 13:07:51.534,0.85104,0.85126,1.18,1.50
2011.03.04 13:07:52.475,0.85104,0.85126,2.68,1.50
2011.03.04 13:07:53.095,0.85107,0.85131,1.93,1.50
2011.03.04 13:07:53.645,0.85108,0.85131,1.18,1.50
2011.03.04 13:07:54.195,0.85109,0.85131,1.36,1.50
2011.03.04 13:07:54.415,0.85108,0.85131,1.36,1.50
2011.03.04 13:07:55.075,0.85107,0.85131,4.36,3.00
2011.03.04 13:07:55.405,0.85108,0.85131,1.36,1.50
2011.03.04 13:07:59.575,0.85109,0.85131,1.36,1.50
2011.03.04 13:08:00.238,0.85108,0.85131,1.36,1.50
2011.03.04 13:08:00.675,0.85108,0.85131,1.36,1.50
2011.03.04 13:08:01.237,0.85109,0.85131,1.36,1.50
2011.03.04 13:08:03.257,0.85107,0.85131,2.11,1.50
2011.03.04 13:08:03.804,0.85108,0.85131,1.36,1.50
2011.03.04 13:08:04.135,0.85107,0.85131,2.11,1.50
2011.03.04 13:08:04.685,0.85107,0.85131,2.86,1.50
2011.03.04 13:08:07.617,0.85109,0.85131,1.36,1.50
2011.03.04 13:08:07.944,0.85107,0.85131,2.86,1.50
2011.03.04 13:08:08.055,0.85109,0.85131,1.36,1.50
2011.03.04 13:08:08.877,0.85109,0.85132,1.36,1.50
2011.03.04 13:08:09.425,0.85109,0.85133,2.86,1.50
2011.03.04 13:08:10.378,0.85112,0.85135,1.18,2.63
2011.03.04 13:08:10.597,0.85111,0.85134,1.18,1.50
2011.03.04 13:08:11.145,0.85112,0.85134,1.18,1.50
2011.03.04 13:08:11.696,0.85111,0.85134,1.18,1.50
2011.03.04 13:08:12.027,0.85105,0.85127,1.69,1.50
2011.03.04 13:08:12.355,0.85103,0.85127,2.44,1.50
2011.03.04 13:08:13.157,0.85106,0.85127,1.18,1.50
2011.03.04 13:08:13.270,0.85106,0.85127,2.11,1.50
2011.03.04 13:08:13.498,0.85107,0.8513,1.36,1.50
2011.03.04 13:08:14.908,0.85107,0.85129,1.18,1.50
2011.03.04 13:08:15.017,0.85107,0.85129,2.11,1.50
2011.03.04 13:08:15.565,0.85109,0.8513,1.69,1.50
2011.03.04 13:08:16.457,0.85109,0.85129,1.69,1.50
2011.03.04 13:08:17.062,0.85109,0.85129,1.69,1.50
2011.03.04 13:08:17.505,0.85107,0.85129,4.85,1.50
2011.03.04 13:08:17.615,0.85108,0.85129,1.69,1.50
2011.03.04 13:08:18.055,0.85105,0.85129,2.11,3.00
2011.03.04 13:08:18.604,0.85107,0.85129,1.36,1.50
2011.03.04 13:08:20.056,0.85105,0.85129,2.11,1.50
2011.03.04 13:08:20.607,0.85105,0.85126,1.93,1.50
2011.03.04 13:08:23.800,0.85106,0.85127,2.25,1.50
2011.03.04 13:08:24.028,0.85105,0.85126,3.00,1.50
2011.03.04 13:08:24.248,0.85107,0.85126,1.50,1.50
2011.03.04 13:08:24.585,0.85105,0.85126,2.25,1.50
2011.03.04 13:08:25.836,0.85105,0.85126,1.50,1.50
2011.03.04 13:08:26.165,0.85104,0.85126,1.50,1.50
2011.03.04 13:08:26.605,0.85101,0.85122,2.68,1.50
2011.03.04 13:08:26.714,0.85104,0.85122,1.50,1.50
2011.03.04 13:08:27.390,0.85103,0.85122,1.50,1.50
2011.03.04 13:08:28.445,0.85101,0.85122,1.93,1.50
2011.03.04 13:08:29.025,0.851,0.85122,2.68,1.50
2011.03.04 13:08:29.354,0.851,0.8512,1.50,1.50
2011.03.04 13:08:29.574,0.85096,0.85119,4.93,1.69
2011.03.04 13:08:29.906,0.85098,0.85114,1.50,1.69
2011.03.04 13:08:30.345,0.85094,0.85115,1.18,2.18
2011.03.04 13:08:30.785,0.85099,0.85118,1.50,1.50
2011.03.04 13:08:31.115,0.85097,0.85118,1.93,1.69
2011.03.04 13:08:31.687,0.85099,0.85118,1.50,1.50
2011.03.04 13:08:31.906,0.85101,0.8512,1.50,2.25
2011.03.04 13:08:32.454,0.85098,0.8512,2.86,2.25
2011.03.04 13:08:33.055,0.85101,0.8512,1.50,2.25
2011.03.04 13:08:33.466,0.85101,0.8512,1.93,1.50
2011.03.04 13:08:33.581,0.85099,0.85122,2.68,1.50
2011.03.04 13:08:33.805,0.85101,0.85122,1.93,1.50
2011.03.04 13:08:35.336,0.85103,0.85122,1.50,1.50
2011.03.04 13:08:35.566,0.85104,0.85123,1.50,1.50
2011.03.04 13:08:35.676,0.85104,0.85126,1.93,2.44
2011.03.04 13:08:36.055,0.85104,0.85126,1.93,1.50
2011.03.04 13:08:36.385,0.85104,0.85126,1.93,1.50
2011.03.04 13:08:36.715,0.85101,0.85121,1.93,1.50
2011.03.04 13:08:37.155,0.85101,0.85123,1.18,1.50
2011.03.04 13:08:37.706,0.85101,0.85123,2.68,1.50
2011.03.04 13:08:38.255,0.85101,0.85123,2.68,1.50
2011.03.04 13:08:38.806,0.85101,0.85121,1.18,1.50
2011.03.04 13:08:40.636,0.85101,0.85123,1.18,1.50
2011.03.04 13:08:40.746,0.85101,0.85123,1.18,1.50
2011.03.04 13:08:41.334,0.85101,0.85123,1.18,1.50
2011.03.04 13:08:41.886,0.85104,0.85124,1.18,1.50
2011.03.04 13:08:42.326,0.85104,0.85126,1.18,1.50
2011.03.04 13:08:42.548,0.85104,0.85125,1.18,3.68
2011.03.04 13:08:42.795,0.85104,0.85125,1.18,3.68
2011.03.04 13:08:43.345,0.85104,0.85126,1.18,1.69
2011.03.04 13:08:43.565,0.85104,0.85125,1.18,1.50
2011.03.04 13:08:43.786,0.85104,0.85126,1.18,3.68
2011.03.04 13:08:44.334,0.85103,0.85124,1.18,1.50
2011.03.04 13:08:44.665,0.851,0.85123,1.18,1.50
2011.03.04 13:08:44.994,0.851,0.85123,1.18,1.50
2011.03.04 13:08:45.215,0.85103,0.85125,1.18,1.50
2011.03.04 13:08:45.325,0.85103,0.85126,1.18,1.50
2011.03.04 13:08:47.075,0.85103,0.85127,1.18,1.50
2011.03.04 13:08:47.296,0.85107,0.85126,1.50,1.50
2011.03.04 13:08:47.487,0.85103,0.85126,1.18,1.50
2011.03.04 13:08:47.815,0.85103,0.85125,1.18,1.50
2011.03.04 13:08:48.676,0.851,0.85122,1.18,1.50
2011.03.04 13:08:48.895,0.851,0.85122,1.18,1.50
2011.03.04 13:08:51.225,0.85097,0.8512,2.68,1.50
2011.03.04 13:08:51.554,0.85094,0.85114,1.93,2.37
2011.03.04 13:08:51.668,0.85095,0.85114,1.18,2.18
2011.03.04 13:08:51.777,0.85095,0.85117,1.18,1.69
2011.03.04 13:08:51.886,0.85095,0.85117,1.18,1.50
2011.03.04 13:08:52.105,0.85095,0.85118,1.18,1.50
2011.03.04 13:08:54.826,0.85095,0.85118,2.68,1.50
2011.03.04 13:08:55.046,0.85096,0.85118,2.44,1.50
2011.03.04 13:08:55.895,0.85096,0.85118,2.25,2.25
2011.03.04 13:08:56.486,0.85095,0.85118,1.18,1.50
2011.03.04 13:08:56.746,0.85092,0.85114,2.25,1.50
2011.03.04 13:08:56.860,0.85091,0.85114,1.18,2.25
2011.03.04 13:08:57.415,0.85091,0.85114,1.18,1.50
2011.03.04 13:08:59.196,0.85091,0.85114,1.18,1.50
2011.03.04 13:09:00.155,0.85091,0.85114,1.18,1.50
2011.03.04 13:09:03.445,0.85091,0.85112,1.18,1.50
2011.03.04 13:09:05.946,0.85091,0.85114,2.68,2.25
2011.03.04 13:09:06.524,0.85091,0.85114,2.68,1.50
2011.03.04 13:09:07.124,0.85091,0.85112,2.68,1.50
2011.03.04 13:09:12.136,0.85091,0.85111,1.93,1.50
2011.03.04 13:09:12.541,0.85091,0.85112,2.68,1.50
2011.03.04 13:09:16.735,0.85091,0.85114,1.18,2.25
2011.03.04 13:09:22.385,0.85091,0.85113,1.18,1.50
2011.03.04 13:09:30.375,0.85091,0.85113,1.18,1.50
2011.03.04 13:09:31.186,0.85091,0.85111,1.18,1.50
2011.03.04 13:09:31.708,0.8509,0.85111,1.18,1.50
2011.03.04 13:09:31.816,0.85088,0.85111,2.68,3.68
2011.03.04 13:09:32.035,0.85088,0.85107,1.50,1.50
2011.03.04 13:09:32.875,0.85087,0.85107,2.68,1.50
2011.03.04 13:09:35.865,0.85087,0.85109,1.18,1.69
2011.03.04 13:09:36.306,0.85087,0.85109,1.18,2.25
2011.03.04 13:09:36.527,0.8509,0.85109,2.25,1.50
2011.03.04 13:09:36.635,0.85091,0.85111,1.18,1.50
2011.03.04 13:09:37.226,0.85091,0.85111,1.93,1.50
2011.03.04 13:09:38.066,0.85091,0.85114,2.68,2.25
2011.03.04 13:09:38.569,0.85091,0.85111,1.93,1.50
2011.03.04 13:09:38.678,0.85091,0.85111,1.93,1.50
2011.03.04 13:09:46.196,0.8509,0.85111,1.18,1.50
2011.03.04 13:09:47.076,0.85089,0.85111,1.18,1.50
2011.03.04 13:09:51.465,0.85088,0.85111,1.18,1.69
2011.03.04 13:09:51.575,0.85086,0.85108,2.68,1.50
2011.03.04 13:09:52.696,0.85086,0.85109,1.18,1.50
2011.03.04 13:09:53.135,0.85086,0.85109,2.68,1.50
2011.03.04 13:09:55.895,0.85086,0.85108,2.68,1.50
2011.03.04 13:09:56.118,0.85086,0.85106,1.50,1.69
2011.03.04 13:09:56.336,0.85081,0.85103,1.18,1.50
2011.03.04 13:09:56.696,0.85081,0.85103,1.18,1.50
2011.03.04 13:09:57.136,0.85082,0.85103,1.18,1.50
2011.03.04 13:09:57.692,0.85083,0.85104,1.93,1.50
2011.03.04 13:09:57.810,0.85085,0.85107,1.18,1.50
2011.03.04 13:09:58.996,0.85084,0.85107,1.18,1.69
2011.03.04 13:09:59.217,0.85085,0.85107,1.18,1.69
2011.03.04 13:09:59.336,0.85085,0.85103,1.18,1.50
2011.03.04 13:09:59.665,0.85085,0.85107,1.18,1.50
2011.03.04 13:10:04.066,0.85085,0.85108,1.18,1.50
2011.03.04 13:10:04.615,0.85085,0.85108,1.18,2.25
2011.03.04 13:10:04.725,0.85085,0.85107,1.18,1.50
2011.03.04 13:10:07.541,0.85085,0.85107,1.18,1.50
2011.03.04 13:10:08.105,0.85085,0.85107,1.18,1.69
2011.03.04 13:10:08.435,0.85084,0.85105,1.18,3.12
2011.03.04 13:10:08.764,0.85084,0.85107,1.93,1.50
2011.03.04 13:10:09.204,0.85085,0.85107,1.18,1.50
2011.03.04 13:10:10.236,0.85085,0.85108,1.18,1.50
2011.03.04 13:10:10.685,0.85085,0.85107,1.18,1.50
2011.03.04 13:10:11.235,0.85085,0.85107,1.18,1.50
2011.03.04 13:10:11.455,0.85085,0.85107,1.18,1.50
2011.03.04 13:10:11.785,0.85085,0.85108,1.18,2.44
2011.03.04 13:10:12.337,0.85089,0.85112,1.18,1.50
2011.03.04 13:10:14.245,0.8509,0.85112,1.18,1.50
2011.03.04 13:10:14.906,0.85089,0.85112,1.18,1.50
2011.03.04 13:10:16.565,0.85094,0.85112,1.50,1.50
2011.03.04 13:10:18.294,0.85092,0.85112,1.50,1.50
2011.03.04 13:10:18.624,0.85095,0.85112,1.50,1.50
2011.03.04 13:10:18.778,0.85095,0.85112,1.50,1.50
2011.03.04 13:10:19.314,0.85094,0.85112,1.50,1.50
2011.03.04 13:10:19.866,0.85093,0.85112,1.50,1.50
2011.03.04 13:10:20.442,0.85093,0.85112,1.50,1.50
2011.03.04 13:10:21.267,0.85092,0.85112,1.50,1.50
2011.03.04 13:10:22.435,0.85092,0.85112,1.50,1.50
2011.03.04 13:10:22.985,0.85094,0.85112,1.50,1.69
2011.03.04 13:10:23.097,0.85094,0.85112,1.50,1.69
2011.03.04 13:10:23.444,0.85092,0.85112,1.50,1.69
2011.03.04 13:10:24.366,0.85091,0.85112,1.50,1.69
2011.03.04 13:10:25.155,0.85092,0.85112,1.50,1.69
2011.03.04 13:10:25.664,0.85093,0.85112,1.50,1.69
2011.03.04 13:10:26.255,0.85092,0.85112,1.50,1.69
2011.03.04 13:10:27.564,0.85093,0.85112,1.50,1.50
2011.03.04 13:10:28.364,0.85091,0.85112,1.50,1.50
2011.03.04 13:10:29.814,0.85091,0.85112,1.50,1.50
2011.03.04 13:10:32.160,0.85092,0.85112,1.50,1.50
2011.03.04 13:10:34.224,0.85092,0.85112,1.50,1.50
2011.03.04 13:10:34.604,0.85092,0.85112,1.50,1.50
2011.03.04 13:10:37.484,0.85093,0.85112,1.50,1.50
2011.03.04 13:10:41.614,0.85094,0.85112,1.50,1.50
2011.03.04 13:10:43.964,0.85095,0.85112,1.50,1.50
2011.03.04 13:10:45.887,0.85094,0.85112,1.50,1.50
2011.03.04 13:10:47.305,0.85094,0.85112,1.50,1.50
2011.03.04 13:10:47.656,0.85092,0.85112,1.50,1.50
2011.03.04 13:10:47.766,0.85094,0.85112,1.50,1.50
2011.03.04 13:10:50.724,0.85094,0.85112,1.50,1.50
2011.03.04 13:10:51.165,0.85095,0.85112,1.50,1.50
2011.03.04 13:10:57.244,0.85095,0.85112,1.50,1.50
2011.03.04 13:11:08.558,0.85096,0.85112,1.50,1.50
2011.03.04 13:11:09.227,0.85095,0.85112,1.50,1.50
2011.03.04 13:11:09.665,0.85097,0.85112,1.50,1.50
2011.03.04 13:11:12.189,0.85097,0.85115,1.50,3.68
2011.03.04 13:11:12.406,0.85097,0.85115,2.25,2.93
2011.03.04 13:11:12.517,0.85104,0.85117,1.50,1.50
2011.03.04 13:11:13.023,0.85098,0.85117,1.50,1.50
2011.03.04 13:11:13.466,0.85099,0.85117,1.50,1.50
2011.03.04 13:11:14.726,0.85099,0.85117,1.50,1.50
2011.03.04 13:11:14.946,0.85098,0.85117,1.50,1.50
2011.03.04 13:11:15.468,0.85098,0.85117,2.07,1.50
2011.03.04 13:11:15.577,0.85099,0.8512,1.32,1.50
2011.03.04 13:11:15.686,0.85111,0.8512,1.50,1.50
2011.03.04 13:11:15.797,0.85111,0.85121,1.50,1.50
2011.03.04 13:11:16.126,0.8511,0.85123,1.50,1.50
2011.03.04 13:11:16.676,0.85109,0.85123,1.50,1.50
2011.03.04 13:11:16.895,0.85106,0.85123,1.50,1.50
2011.03.04 13:11:17.515,0.8511,0.85123,1.50,1.50
2011.03.04 13:11:19.339,0.8511,0.85123,1.50,1.50
2011.03.04 13:11:21.147,0.85106,0.85123,1.50,1.50
2011.03.04 13:11:21.256,0.85104,0.85123,1.50,1.50
2011.03.04 13:11:25.406,0.85104,0.85125,2.25,2.25
2011.03.04 13:11:25.626,0.85108,0.85125,1.50,2.25
2011.03.04 13:11:25.737,0.85106,0.85123,1.50,1.50
2011.03.04 13:11:26.285,0.85106,0.85123,1.50,1.50
2011.03.04 13:11:27.177,0.85106,0.85123,1.50,1.50
2011.03.04 13:11:27.286,0.85112,0.85123,1.50,1.50
2011.03.04 13:11:27.835,0.85112,0.85125,1.50,1.50
2011.03.04 13:11:30.825,0.85111,0.85125,1.50,2.25
2011.03.04 13:11:31.158,0.85111,0.85123,1.50,1.50
2011.03.04 13:11:31.267,0.85107,0.85123,1.50,1.50
2011.03.04 13:11:31.830,0.85106,0.85123,1.50,1.50
2011.03.04 13:11:31.949,0.85103,0.85123,1.50,1.50
2011.03.04 13:11:32.837,0.85104,0.85123,1.50,1.50
2011.03.04 13:11:33.060,0.85104,0.85123,2.25,1.50
2011.03.04 13:11:33.290,0.85109,0.85123,1.50,1.50
2011.03.04 13:11:33.405,0.85106,0.85123,1.50,1.50
2011.03.04 13:11:33.735,0.85104,0.85123,1.50,1.50
2011.03.04 13:11:33.846,0.85104,0.85123,1.50,1.50
2011.03.04 13:11:35.259,0.851,0.8512,2.25,1.50
2011.03.04 13:11:35.815,0.851,0.8512,1.50,1.50
2011.03.04 13:11:35.926,0.85102,0.8512,1.50,1.50
2011.03.04 13:11:36.475,0.85104,0.8512,1.50,1.50
2011.03.04 13:11:36.982,0.85105,0.8512,1.50,1.50
2011.03.04 13:11:37.756,0.85101,0.8512,1.50,1.50
2011.03.04 13:11:37.888,0.85103,0.8512,1.50,1.50
2011.03.04 13:11:38.287,0.85105,0.8512,1.50,1.50
2011.03.04 13:11:39.907,0.85105,0.8512,1.50,1.50
2011.03.04 13:11:40.206,0.85103,0.8512,1.50,1.50
2011.03.04 13:11:47.208,0.85103,0.8512,1.50,1.50
2011.03.04 13:11:47.428,0.85099,0.8512,1.93,1.50
2011.03.04 13:11:52.138,0.85101,0.8512,1.50,1.50
2011.03.04 13:11:52.247,0.85101,0.8512,1.50,1.50
2011.03.04 13:11:52.467,0.85101,0.8512,1.50,1.50
2011.03.04 13:11:52.897,0.85103,0.8512,1.50,1.50
2011.03.04 13:11:53.116,0.851,0.8512,1.50,1.50
2011.03.04 13:11:53.895,0.85099,0.8512,1.93,1.50
2011.03.04 13:11:54.686,0.85097,0.85117,3.19,1.50
2011.03.04 13:11:55.355,0.85097,0.85117,1.69,1.50
2011.03.04 13:11:56.366,0.85097,0.85117,1.69,1.50
2011.03.04 13:11:56.589,0.85091,0.85113,2.68,1.50
2011.03.04 13:11:56.706,0.85093,0.85113,1.50,1.50
2011.03.04 13:11:59.236,0.85093,0.85114,2.25,2.25
2011.03.04 13:11:59.778,0.85097,0.85117,1.50,1.50
2011.03.04 13:12:01.366,0.85097,0.8512,2.11,1.50
2011.03.04 13:12:01.475,0.85099,0.8512,1.50,1.50
2011.03.04 13:12:02.265,0.85099,0.8512,2.25,1.50
2011.03.04 13:12:05.056,0.85101,0.8512,1.50,1.50
2011.03.04 13:12:05.608,0.85099,0.8512,2.25,1.50
2011.03.04 13:12:06.587,0.85102,0.8512,1.50,1.50
2011.03.04 13:12:07.465,0.85102,0.85124,2.25,1.50
2011.03.04 13:12:07.796,0.85107,0.85124,1.50,1.50
2011.03.04 13:12:08.386,0.85105,0.85124,1.50,1.50
2011.03.04 13:12:08.495,0.85105,0.85125,2.25,1.50
2011.03.04 13:12:09.155,0.85107,0.85124,1.50,1.50
2011.03.04 13:12:10.955,0.85103,0.85124,2.25,1.50
2011.03.04 13:12:12.106,0.85107,0.85124,1.50,1.50
2011.03.04 13:12:14.717,0.85107,0.85127,2.44,1.50
2011.03.04 13:12:14.826,0.85114,0.85127,1.50,1.50
2011.03.04 13:12:15.156,0.85111,0.85126,1.50,1.50
2011.03.04 13:12:15.266,0.85111,0.85126,1.50,1.50
2011.03.04 13:12:15.377,0.85108,0.85126,1.50,1.50
2011.03.04 13:12:15.947,0.85107,0.85122,1.50,1.50
2011.03.04 13:12:16.166,0.85107,0.85126,1.50,1.50
2011.03.04 13:12:16.495,0.8511,0.85128,1.50,1.50
2011.03.04 13:12:20.448,0.85108,0.85129,1.50,1.50
2011.03.04 13:12:21.516,0.85112,0.85124,1.50,1.50
2011.03.04 13:12:21.845,0.8511,0.85124,1.50,1.50
2011.03.04 13:12:21.955,0.85106,0.85124,3.00,1.50
2011.03.04 13:12:22.485,0.85106,0.85124,1.50,1.50
2011.03.04 13:12:22.595,0.8511,0.85126,1.50,1.50
2011.03.04 13:12:23.207,0.85108,0.85124,1.50,1.50
2011.03.04 13:12:23.976,0.85107,0.85125,2.25,1.69
2011.03.04 13:12:24.305,0.85109,0.85125,1.50,1.69
2011.03.04 13:12:25.262,0.85113,0.85132,2.25,1.50
2011.03.04 13:12:25.808,0.85116,0.85132,1.50,1.50
2011.03.04 13:12:25.915,0.85114,0.85132,1.50,1.50
2011.03.04 13:12:26.807,0.85116,0.85132,1.50,1.50
2011.03.04 13:12:26.916,0.85114,0.85132,1.50,1.50
2011.03.04 13:12:27.459,0.85115,0.85132,1.50,1.50
2011.03.04 13:12:27.788,0.85118,0.85133,1.50,1.50
2011.03.04 13:12:35.305,0.85116,0.85134,1.50,1.50
2011.03.04 13:12:40.625,0.85116,0.85135,1.50,1.50
2011.03.04 13:12:45.435,0.85117,0.85133,1.50,1.50
2011.03.04 13:12:45.767,0.85116,0.85133,1.50,1.50
2011.03.04 13:12:48.345,0.85116,0.85133,1.50,1.50
2011.03.04 13:12:51.036,0.85117,0.85133,1.50,1.50
2011.03.04 13:12:51.145,0.85117,0.85134,1.50,1.50
2011.03.04 13:12:51.585,0.85117,0.85133,1.50,1.50
2011.03.04 13:12:53.365,0.85117,0.85133,1.50,1.50
2011.03.04 13:12:53.904,0.85116,0.85133,1.50,1.50
2011.03.04 13:12:54.835,0.85116,0.85133,1.50,1.50
2011.03.04 13:12:55.165,0.85116,0.85133,1.50,1.50
2011.03.04 13:12:55.496,0.85118,0.85133,1.50,1.50
2011.03.04 13:12:58.093,0.85121,0.85136,1.50,2.25
2011.03.04 13:12:58.206,0.85122,0.85139,1.50,1.50
2011.03.04 13:12:58.756,0.85124,0.85139,1.50,1.50
2011.03.04 13:12:59.329,0.85123,0.85139,1.50,1.50
2011.03.04 13:12:59.876,0.85123,0.85139,1.50,1.50
2011.03.04 13:13:02.816,0.85125,0.85139,1.50,1.50
2011.03.04 13:13:09.725,0.85121,0.85139,1.50,1.50
2011.03.04 13:13:09.929,0.85123,0.85139,1.50,1.50
2011.03.04 13:13:10.546,0.85121,0.85139,1.50,1.50
2011.03.04 13:13:12.146,0.85121,0.85139,1.50,1.50
2011.03.04 13:13:12.697,0.8512,0.85139,1.50,3.87
2011.03.04 13:13:13.256,0.8512,0.85139,1.50,1.50
2011.03.04 13:13:13.696,0.8512,0.85139,2.25,1.50
2011.03.04 13:13:13.805,0.85122,0.85139,1.50,1.50
2011.03.04 13:13:15.847,0.85124,0.85139,1.50,1.50
2011.03.04 13:13:21.795,0.85123,0.85139,1.50,1.50
2011.03.04 13:13:22.378,0.85122,0.85139,1.50,1.50
2011.03.04 13:13:23.539,0.8512,0.85139,1.50,2.44
2011.03.04 13:13:23.877,0.85118,0.85137,1.50,1.50
2011.03.04 13:13:24.206,0.85118,0.85137,1.50,1.50
2011.03.04 13:13:25.465,0.85118,0.85137,1.50,1.50
2011.03.04 13:13:26.426,0.85117,0.85137,1.50,1.50
2011.03.04 13:13:26.756,0.85117,0.85139,2.68,1.50
2011.03.04 13:13:27.195,0.85122,0.85139,1.50,1.50
2011.03.04 13:13:27.739,0.8512,0.85139,1.50,1.50
2011.03.04 13:13:35.227,0.85118,0.85139,1.93,1.50
2011.03.04 13:13:36.467,0.8512,0.85139,1.50,1.50
2011.03.04 13:13:37.127,0.8512,0.85139,3.19,1.50
2011.03.04 13:13:37.347,0.85119,0.85139,1.93,1.50
2011.03.04 13:13:38.195,0.85119,0.85139,1.93,1.50
2011.03.04 13:13:38.797,0.85117,0.85139,2.68,1.50
2011.03.04 13:13:40.189,0.85119,0.85139,1.93,1.50
2011.03.04 13:13:41.315,0.85121,0.85139,1.50,1.50
2011.03.04 13:13:43.119,0.85121,0.85142,2.68,1.50
2011.03.04 13:13:43.827,0.85121,0.85142,1.93,1.50
2011.03.04 13:13:44.597,0.85123,0.85143,1.50,1.50
2011.03.04 13:13:45.277,0.85122,0.85143,2.68,1.50
2011.03.04 13:13:47.359,0.85126,0.85144,1.50,2.25
2011.03.04 13:13:47.696,0.85122,0.85143,2.68,1.50
2011.03.04 13:13:47.806,0.85127,0.85143,1.50,1.50
2011.03.04 13:13:50.737,0.8512,0.85141,2.25,1.50
2011.03.04 13:13:50.846,0.8512,0.8514,1.50,1.50
2011.03.04 13:13:51.395,0.85119,0.8514,1.50,1.50
2011.03.04 13:13:51.966,0.85119,0.8514,1.50,1.50
2011.03.04 13:13:52.299,0.85121,0.8514,1.50,1.50
2011.03.04 13:13:52.958,0.85121,0.8514,1.50,1.50
2011.03.04 13:13:53.067,0.85126,0.85144,1.50,1.50
2011.03.04 13:13:53.178,0.85126,0.85145,2.25,1.50
2011.03.04 13:13:53.725,0.85128,0.85147,1.50,1.50
2011.03.04 13:13:54.385,0.85128,0.85147,1.50,1.50
2011.03.04 13:13:55.495,0.85128,0.85147,1.50,1.50
2011.03.04 13:13:55.847,0.8513,0.85147,1.50,1.50
2011.03.04 13:13:56.447,0.85131,0.85149,1.50,1.50
2011.03.04 13:13:57.447,0.85128,0.85149,1.93,1.58
2011.03.04 13:13:57.668,0.85124,0.85145,1.50,1.50
2011.03.04 13:14:00.698,0.85124,0.85141,1.50,1.50
2011.03.04 13:14:00.917,0.85126,0.85141,1.50,1.50
2011.03.04 13:14:01.029,0.85126,0.85145,2.25,1.50
2011.03.04 13:14:01.147,0.85131,0.85145,1.50,1.50
2011.03.04 13:14:01.479,0.85127,0.85145,1.50,1.50
2011.03.04 13:14:02.047,0.85126,0.85145,2.25,1.50
2011.03.04 13:14:03.096,0.85132,0.85147,1.50,2.25
2011.03.04 13:14:03.315,0.8513,0.85146,1.50,1.50
2011.03.04 13:14:03.906,0.8513,0.85144,1.50,1.50
2011.03.04 13:14:04.347,0.85129,0.85149,1.50,1.50
2011.03.04 13:14:06.506,0.8513,0.85149,1.50,1.50
2011.03.04 13:14:06.869,0.8513,0.85144,1.50,1.50
2011.03.04 13:14:07.411,0.85121,0.85145,1.50,1.50
2011.03.04 13:14:07.637,0.85123,0.85141,1.50,1.50
2011.03.04 13:14:08.274,0.85123,0.85141,1.50,1.50
2011.03.04 13:14:09.426,0.85118,0.85141,2.68,1.50
2011.03.04 13:14:11.226,0.85121,0.85141,1.50,1.50
2011.03.04 13:14:11.335,0.85121,0.85141,1.50,1.50
2011.03.04 13:14:12.066,0.85121,0.85141,1.50,1.50
2011.03.04 13:14:12.479,0.85121,0.8514,1.50,1.13
2011.03.04 13:14:12.591,0.85117,0.85135,1.50,1.69
2011.03.04 13:14:12.707,0.85118,0.85137,1.02,2.93
2011.03.04 13:14:12.818,0.85119,0.85134,3.19,1.50
2011.03.04 13:14:12.928,0.85128,0.85144,1.69,2.25
2011.03.04 13:14:13.037,0.85131,0.85147,1.69,1.50
2011.03.04 13:14:13.585,0.85131,0.8515,1.69,1.50
2011.03.04 13:14:14.477,0.8513,0.8515,1.69,1.50
2011.03.04 13:14:15.026,0.8513,0.8515,1.69,1.50
2011.03.04 13:14:16.386,0.8513,0.8515,1.69,1.50
2011.03.04 13:14:16.497,0.8513,0.8515,1.69,1.50
2011.03.04 13:14:17.326,0.8513,0.8515,1.69,1.50
2011.03.04 13:14:17.902,0.85132,0.85153,4.62,1.50
2011.03.04 13:14:18.020,0.85137,0.85156,1.50,1.50
2011.03.04 13:14:18.250,0.85137,0.85155,1.50,1.50
2011.03.04 13:14:18.437,0.85132,0.85155,1.36,1.50
2011.03.04 13:14:19.987,0.85132,0.85155,1.18,1.50
2011.03.04 13:14:20.097,0.85133,0.85155,1.18,1.50
2011.03.04 13:14:20.646,0.85135,0.85155,1.93,1.50
2011.03.04 13:14:21.086,0.85132,0.85155,2.68,1.50
2011.03.04 13:14:24.635,0.85135,0.85155,1.93,1.50
2011.03.04 13:14:26.276,0.85134,0.85155,1.93,1.50
2011.03.04 13:14:30.197,0.85135,0.85155,1.36,1.50
2011.03.04 13:14:30.306,0.85138,0.85155,1.50,1.50
2011.03.04 13:14:30.636,0.85136,0.85155,2.44,1.50
2011.03.04 13:14:30.749,0.85141,0.85159,1.69,1.50
2011.03.04 13:14:30.968,0.85147,0.85165,1.50,1.50
2011.03.04 13:14:34.168,0.85145,0.85165,1.18,1.50
2011.03.04 13:14:34.717,0.85142,0.85165,3.43,1.50
2011.03.04 13:14:38.439,0.85142,0.85165,3.43,1.50
2011.03.04 13:14:38.987,0.85144,0.85165,1.93,1.50
2011.03.04 13:14:39.206,0.85144,0.85165,1.93,1.50
2011.03.04 13:14:39.726,0.85142,0.85165,2.68,1.50
2011.03.04 13:14:40.275,0.85142,0.85165,2.68,1.50
2011.03.04 13:14:40.975,0.85142,0.85165,2.68,1.50
2011.03.04 13:14:41.478,0.85142,0.85165,2.68,1.50
2011.03.04 13:14:42.835,0.85144,0.85165,1.93,1.50
2011.03.04 13:14:44.276,0.85149,0.85165,1.50,1.50
2011.03.04 13:14:45.109,0.85149,0.85168,1.32,1.50
2011.03.04 13:14:45.337,0.85153,0.85173,1.18,1.50
2011.03.04 13:14:45.557,0.85155,0.85173,1.50,1.50
2011.03.04 13:14:47.726,0.85154,0.85173,1.50,1.50
2011.03.04 13:14:48.287,0.85155,0.85173,1.50,1.50
2011.03.04 13:14:48.728,0.85153,0.85173,1.93,1.50
2011.03.04 13:14:49.626,0.85153,0.85173,2.68,1.50
2011.03.04 13:14:49.736,0.85153,0.85173,2.68,1.50
2011.03.04 13:14:49.847,0.85157,0.85178,1.50,1.50
2011.03.04 13:14:50.507,0.85156,0.85178,1.93,1.50
2011.03.04 13:14:50.947,0.85158,0.85178,1.50,1.50
2011.03.04 13:14:51.277,0.85156,0.85178,1.93,1.50
2011.03.04 13:14:52.019,0.85156,0.85178,1.93,1.69
2011.03.04 13:14:52.346,0.85155,0.85178,2.68,3.87
2011.03.04 13:14:52.677,0.85156,0.85176,2.86,1.50
2011.03.04 13:14:52.788,0.85159,0.8518,2.11,1.50
2011.03.04 13:14:53.006,0.85161,0.8518,1.50,1.50
2011.03.04 13:14:53.557,0.85161,0.8518,1.50,1.50
2011.03.04 13:14:53.888,0.85158,0.85178,1.69,3.68
2011.03.04 13:14:53.998,0.85157,0.85178,1.50,3.68
2011.03.04 13:14:54.107,0.85162,0.85177,1.50,1.69
2011.03.04 13:14:54.217,0.85157,0.85178,1.50,1.50
2011.03.04 13:14:54.326,0.85159,0.85178,1.50,1.50
2011.03.04 13:14:55.655,0.8516,0.85178,1.50,1.50
2011.03.04 13:14:56.658,0.85162,0.85178,1.50,1.50
2011.03.04 13:14:56.875,0.85162,0.85178,1.50,1.50
2011.03.04 13:14:57.859,0.85162,0.85184,1.93,1.50
2011.03.04 13:14:58.076,0.85165,0.85184,1.50,1.50
2011.03.04 13:14:58.427,0.85167,0.85184,1.50,1.50
2011.03.04 13:14:58.537,0.85165,0.85184,1.50,1.50
2011.03.04 13:14:58.648,0.85165,0.85184,1.50,1.50
2011.03.04 13:14:58.866,0.85167,0.85184,1.50,1.50
2011.03.04 13:14:59.467,0.85166,0.85184,1.50,1.50
2011.03.04 13:15:00.248,0.85169,0.85184,1.50,1.50
2011.03.04 13:15:00.580,0.85167,0.85182,1.50,1.69
2011.03.04 13:15:01.577,0.85164,0.85177,1.50,1.50
2011.03.04 13:15:02.730,0.85163,0.85177,1.50,1.50
2011.03.04 13:15:02.852,0.85166,0.85183,1.50,2.25
2011.03.04 13:15:02.968,0.85168,0.85183,1.50,2.25
2011.03.04 13:15:03.518,0.85171,0.85185,1.50,1.50
2011.03.04 13:15:04.054,0.8517,0.85185,1.50,1.50
2011.03.04 13:15:04.386,0.85168,0.85185,1.50,1.50
2011.03.04 13:15:04.671,0.8517,0.85185,1.50,1.50
2011.03.04 13:15:05.005,0.85166,0.85185,1.50,1.50
2011.03.04 13:15:05.225,0.85168,0.85185,1.50,1.50
2011.03.04 13:15:05.809,0.85166,0.85185,1.50,1.50
2011.03.04 13:15:06.379,0.85169,0.85185,1.50,1.50
2011.03.04 13:15:06.609,0.85162,0.85185,1.18,1.50
2011.03.04 13:15:06.837,0.85161,0.85182,2.11,3.68
2011.03.04 13:15:07.567,0.8516,0.85182,1.36,1.50
2011.03.04 13:15:08.136,0.85161,0.85182,2.86,1.50
2011.03.04 13:15:08.247,0.85162,0.85185,1.36,2.25
2011.03.04 13:15:10.975,0.85164,0.85182,1.50,1.50
2011.03.04 13:15:12.246,0.85164,0.85182,1.50,1.50
2011.03.04 13:15:17.786,0.85165,0.85182,1.50,1.50
2011.03.04 13:15:18.747,0.85167,0.85182,1.50,1.50
2011.03.04 13:15:18.966,0.85165,0.85186,1.50,1.50
2011.03.04 13:15:19.516,0.85163,0.85186,1.18,1.50
2011.03.04 13:15:20.394,0.85164,0.85186,1.93,1.50
2011.03.04 13:15:20.513,0.85165,0.85186,1.50,1.50
2011.03.04 13:15:21.063,0.85163,0.85186,2.68,1.50
2011.03.04 13:15:22.167,0.85164,0.85186,1.93,1.69
2011.03.04 13:15:22.386,0.85162,0.85182,1.50,1.50
2011.03.04 13:15:22.495,0.8516,0.85182,1.93,1.50
2011.03.04 13:15:22.975,0.85162,0.85182,1.50,1.50
2011.03.04 13:15:26.169,0.85157,0.85179,2.11,1.50
2011.03.04 13:15:26.386,0.85161,0.85179,1.50,1.50
2011.03.04 13:15:26.937,0.85162,0.85179,1.50,1.50
2011.03.04 13:15:28.387,0.85163,0.85179,1.50,1.50
2011.03.04 13:15:28.829,0.85157,0.85179,3.43,1.50
2011.03.04 13:15:29.266,0.85157,0.85179,3.43,1.50
2011.03.04 13:15:29.488,0.85157,0.85179,4.18,1.50
2011.03.04 13:15:29.706,0.85161,0.85179,1.50,1.50
2011.03.04 13:15:30.473,0.85161,0.85179,1.50,1.50
2011.03.04 13:15:30.698,0.85158,0.85179,1.50,1.50
2011.03.04 13:15:31.415,0.85159,0.85179,1.50,1.50
2011.03.04 13:15:31.527,0.85159,0.85179,1.50,1.50
2011.03.04 13:15:31.636,0.85162,0.85179,1.50,1.50
2011.03.04 13:15:32.044,0.85161,0.85179,1.50,1.50
2011.03.04 13:15:32.485,0.85157,0.85179,3.43,1.50
2011.03.04 13:15:32.706,0.85159,0.85179,1.50,1.50
2011.03.04 13:15:33.256,0.85159,0.85179,1.50,1.50
2011.03.04 13:15:34.286,0.85159,0.85179,1.50,1.50
2011.03.04 13:15:34.396,0.85157,0.85179,3.43,1.50
2011.03.04 13:15:34.505,0.85157,0.85179,3.43,1.50
2011.03.04 13:15:35.124,0.85155,0.85179,1.18,1.69
2011.03.04 13:15:35.569,0.85154,0.85174,1.18,2.93
2011.03.04 13:15:36.116,0.85153,0.85173,1.18,2.25
2011.03.04 13:15:38.098,0.85155,0.85176,1.50,1.69
2011.03.04 13:15:38.208,0.85155,0.85176,1.50,1.69
2011.03.04 13:15:38.757,0.85153,0.85174,1.18,2.93
2011.03.04 13:15:39.366,0.85153,0.85174,1.18,2.93
2011.03.04 13:15:41.945,0.85153,0.85174,1.18,4.43
2011.03.04 13:15:42.496,0.85154,0.85173,1.93,2.93
2011.03.04 13:15:42.826,0.85153,0.85173,1.18,2.93
2011.03.04 13:15:43.155,0.8515,0.85173,1.18,3.68
2011.03.04 13:15:45.756,0.8515,0.85173,1.18,3.68
2011.03.04 13:15:46.196,0.8515,0.85173,1.18,3.68
2011.03.04 13:15:46.416,0.8515,0.85173,1.18,3.68
2011.03.04 13:15:46.956,0.8515,0.85173,1.18,3.68
2011.03.04 13:15:47.287,0.85151,0.85173,1.36,1.50
2011.03.04 13:15:47.506,0.85153,0.85173,2.82,1.50
2011.03.04 13:15:48.386,0.85153,0.85176,3.24,1.50
2011.03.04 13:15:48.716,0.85153,0.85176,1.18,1.50
2011.03.04 13:15:50.398,0.85153,0.85176,1.18,1.50
2011.03.04 13:15:50.522,0.85151,0.85173,1.93,1.50
2011.03.04 13:15:50.857,0.85149,0.85173,1.18,1.50
2011.03.04 13:15:56.536,0.85151,0.85173,1.18,1.50
2011.03.04 13:15:57.086,0.8515,0.85173,1.18,1.50
2011.03.04 13:15:58.718,0.85154,0.85176,1.18,1.50
2011.03.04 13:15:58.827,0.85154,0.85176,1.18,1.50
2011.03.04 13:15:59.376,0.85154,0.85176,1.18,1.50
2011.03.04 13:16:00.096,0.85154,0.85176,1.18,1.50
2011.03.04 13:16:01.546,0.85154,0.85176,1.18,1.50
2011.03.04 13:16:01.875,0.85153,0.85174,1.50,1.50
2011.03.04 13:16:02.427,0.85151,0.85174,3.05,1.50
2011.03.04 13:16:02.646,0.85157,0.85174,1.50,1.50
2011.03.04 13:16:03.145,0.85159,0.85174,1.50,1.50
2011.03.04 13:16:04.478,0.85159,0.85177,1.50,1.50
2011.03.04 13:16:04.588,0.85154,0.85177,1.93,1.50
2011.03.04 13:16:06.597,0.85154,0.85177,1.93,1.50
2011.03.04 13:16:06.927,0.85159,0.85177,1.50,1.50
2011.03.04 13:16:07.285,0.85161,0.85177,1.50,1.50
2011.03.04 13:16:09.637,0.85161,0.85177,1.50,1.50
2011.03.04 13:16:09.747,0.85157,0.85177,1.50,1.50
2011.03.04 13:16:09.856,0.85155,0.85177,1.93,1.50
2011.03.04 13:16:13.167,0.85156,0.85177,1.32,1.50
2011.03.04 13:16:13.386,0.85163,0.85183,2.18,1.50
2011.03.04 13:16:13.606,0.8516,0.85183,1.18,1.50
2011.03.04 13:16:14.816,0.8516,0.85183,1.18,3.00
2011.03.04 13:16:14.929,0.85157,0.85179,1.18,1.50
2011.03.04 13:16:15.149,0.85157,0.85179,1.18,1.50
2011.03.04 13:16:15.731,0.85155,0.85177,2.68,1.50
2011.03.04 13:16:15.848,0.85155,0.85177,2.68,1.50
2011.03.04 13:16:15.956,0.85155,0.85177,1.93,1.50
2011.03.04 13:16:16.545,0.85155,0.85177,1.93,1.50
2011.03.04 13:16:17.146,0.85161,0.85177,1.50,1.50
2011.03.04 13:16:17.463,0.85159,0.85177,1.50,1.50
2011.03.04 13:16:17.579,0.85155,0.85177,1.93,1.50
2011.03.04 13:16:18.867,0.85154,0.85177,2.68,1.50
2011.03.04 13:16:18.976,0.85157,0.85177,1.50,1.50
2011.03.04 13:16:19.556,0.85156,0.85177,1.50,1.50
2011.03.04 13:16:20.795,0.85157,0.85177,1.50,1.50
2011.03.04 13:16:21.826,0.85157,0.85177,1.50,1.50
2011.03.04 13:16:22.047,0.85154,0.85174,1.50,1.50
2011.03.04 13:16:22.625,0.85154,0.85174,1.50,1.50
2011.03.04 13:16:24.047,0.85154,0.85174,1.50,1.50
2011.03.04 13:16:24.266,0.8516,0.85174,1.50,1.50
2011.03.04 13:16:24.599,0.85157,0.85174,1.50,1.50
2011.03.04 13:16:24.708,0.85157,0.85174,1.50,1.50
2011.03.04 13:16:24.816,0.85159,0.85174,1.50,1.50
2011.03.04 13:16:25.259,0.8516,0.85175,1.50,1.50
2011.03.04 13:16:27.336,0.85159,0.85177,1.50,1.50
2011.03.04 13:16:29.026,0.85159,0.85177,1.50,1.50
2011.03.04 13:16:30.137,0.85155,0.85174,1.50,1.50
2011.03.04 13:16:30.247,0.85153,0.85173,1.50,1.50
2011.03.04 13:16:30.663,0.85149,0.85171,1.50,1.50
2011.03.04 13:16:32.056,0.85151,0.85168,2.18,1.50
2011.03.04 13:16:32.276,0.85152,0.85171,1.50,2.25
2011.03.04 13:16:32.940,0.85151,0.85171,3.68,1.50
2011.03.04 13:16:33.276,0.8515,0.85169,1.50,1.50
2011.03.04 13:16:33.386,0.8515,0.85169,1.50,1.50
2011.03.04 13:16:33.716,0.85147,0.85169,4.93,1.50
2011.03.04 13:16:33.828,0.85151,0.85169,2.18,1.50
2011.03.04 13:16:33.938,0.85154,0.85176,1.50,1.50
2011.03.04 13:16:34.396,0.85157,0.85176,1.50,1.50
2011.03.04 13:16:38.715,0.85156,0.85176,1.93,1.50
2011.03.04 13:16:39.041,0.85158,0.85176,1.50,1.50
2011.03.04 13:16:39.495,0.85156,0.85176,1.93,1.50
2011.03.04 13:16:41.980,0.85155,0.85174,1.50,1.50
2011.03.04 13:16:42.207,0.8515,0.85168,1.50,1.50
2011.03.04 13:16:42.534,0.85147,0.85168,3.00,1.50
2011.03.04 13:16:43.256,0.8515,0.85168,2.18,1.50
2011.03.04 13:16:43.587,0.85154,0.85168,1.50,1.50
2011.03.04 13:16:43.916,0.85152,0.85168,1.50,1.50
2011.03.04 13:16:44.026,0.85152,0.85168,1.50,1.50
2011.03.04 13:16:44.247,0.85149,0.85168,1.69,1.50
2011.03.04 13:16:44.357,0.85149,0.85168,1.50,1.50
2011.03.04 13:16:44.906,0.85148,0.85168,1.50,1.50
2011.03.04 13:16:47.155,0.85148,0.85168,1.50,1.50
2011.03.04 13:16:47.706,0.85148,0.85165,1.50,1.50
2011.03.04 13:16:48.318,0.85147,0.85165,1.50,1.50
2011.03.04 13:16:48.647,0.85155,0.85175,2.44,1.50
2011.03.04 13:16:48.867,0.85163,0.85178,1.50,1.50
2011.03.04 13:16:49.196,0.85161,0.85178,1.50,1.69
2011.03.04 13:16:49.308,0.85159,0.8518,1.50,1.50
2011.03.04 13:16:49.417,0.85159,0.85181,1.50,1.50
2011.03.04 13:16:49.746,0.8516,0.85181,1.50,2.44
2011.03.04 13:16:50.297,0.8516,0.85181,1.50,2.44
2011.03.04 13:16:51.008,0.85161,0.85181,1.50,2.44
2011.03.04 13:16:52.348,0.85161,0.85174,1.50,1.69
2011.03.04 13:16:52.458,0.85151,0.8517,1.50,1.50
2011.03.04 13:16:52.677,0.85149,0.8517,1.50,1.50
2011.03.04 13:16:52.897,0.85149,0.8517,1.50,2.25
2011.03.04 13:16:53.005,0.85147,0.8517,1.93,2.25
2011.03.04 13:16:53.117,0.85147,0.85167,1.93,1.50
2011.03.04 13:16:53.698,0.85148,0.85167,1.50,1.50
2011.03.04 13:16:54.536,0.85148,0.85167,1.50,1.50
2011.03.04 13:16:56.849,0.85148,0.85167,1.50,1.50
2011.03.04 13:16:58.617,0.85148,0.85168,1.50,1.50
2011.03.04 13:16:58.730,0.85162,0.85168,1.69,1.50
2011.03.04 13:16:58.958,0.85162,0.85176,1.50,1.50
2011.03.04 13:16:59.070,0.8516,0.85176,1.50,1.50
2011.03.04 13:16:59.728,0.85159,0.85176,1.50,1.50
2011.03.04 13:17:00.698,0.85161,0.85176,1.50,1.50
2011.03.04 13:17:01.311,0.85159,0.85182,2.44,1.50
2011.03.04 13:17:01.537,0.85159,0.85182,1.50,1.50
2011.03.04 13:17:02.239,0.85159,0.85175,1.50,1.50
2011.03.04 13:17:02.459,0.85155,0.85175,1.50,1.69
2011.03.04 13:17:02.786,0.85152,0.85175,1.93,1.50
2011.03.04 13:17:03.006,0.85153,0.85175,1.93,1.50
2011.03.04 13:17:04.506,0.85153,0.85175,1.93,1.50
2011.03.04 13:17:04.947,0.85152,0.85173,1.18,1.50
2011.03.04 13:17:05.167,0.85149,0.85172,1.93,1.50
2011.03.04 13:17:06.516,0.85149,0.85172,1.93,1.50
2011.03.04 13:17:06.737,0.85149,0.85172,1.93,1.50
2011.03.04 13:17:06.956,0.85149,0.85172,1.93,1.50
2011.03.04 13:17:07.507,0.85149,0.85172,1.18,1.50
2011.03.04 13:17:08.326,0.8515,0.85172,1.18,1.50
2011.03.04 13:17:08.767,0.85149,0.85172,1.55,1.50
2011.03.04 13:17:09.096,0.85156,0.85173,1.50,1.50
2011.03.04 13:17:09.750,0.85155,0.85173,1.50,1.50
2011.03.04 13:17:10.606,0.85155,0.85173,1.50,1.50
2011.03.04 13:17:11.186,0.85155,0.85173,1.50,1.50
2011.03.04 13:17:11.297,0.85152,0.85173,1.93,1.50
2011.03.04 13:17:11.519,0.8515,0.85172,1.50,1.50
2011.03.04 13:17:11.848,0.8515,0.85169,1.93,1.50
2011.03.04 13:17:12.396,0.8515,0.85169,1.93,1.50
2011.03.04 13:17:14.526,0.8515,0.85169,1.93,1.50
2011.03.04 13:17:14.746,0.8515,0.85172,1.93,1.50
2011.03.04 13:17:14.855,0.85152,0.85172,1.50,1.50
2011.03.04 13:17:16.596,0.85152,0.85172,1.93,1.50
2011.03.04 13:17:18.146,0.85155,0.85172,1.50,1.50
2011.03.04 13:17:18.758,0.85154,0.85172,1.50,1.50
2011.03.04 13:17:19.528,0.85154,0.85169,1.50,1.50
2011.03.04 13:17:19.747,0.8515,0.85169,1.93,1.50
2011.03.04 13:17:22.857,0.85148,0.85169,2.68,2.07
2011.03.04 13:17:23.076,0.85143,0.85164,2.68,1.50
2011.03.04 13:17:23.296,0.85144,0.85164,1.93,1.50
2011.03.04 13:17:23.847,0.85143,0.85164,1.93,1.50
2011.03.04 13:17:24.406,0.85144,0.85162,1.50,1.50
2011.03.04 13:17:24.679,0.85142,0.85162,1.93,1.50
2011.03.04 13:17:25.225,0.85143,0.85162,1.50,1.50
2011.03.04 13:17:26.775,0.85143,0.85162,1.50,1.50
2011.03.04 13:17:28.997,0.85147,0.85168,1.93,1.50
2011.03.04 13:17:29.107,0.85147,0.85168,1.93,1.50
2011.03.04 13:17:29.657,0.8515,0.85168,1.50,1.50
2011.03.04 13:17:30.261,0.8515,0.85168,1.50,1.50
2011.03.04 13:17:31.316,0.85147,0.85168,1.93,1.50
2011.03.04 13:17:31.537,0.85148,0.85169,1.18,1.50
2011.03.04 13:17:31.647,0.85149,0.85169,1.88,1.50
2011.03.04 13:17:31.761,0.85151,0.85174,1.55,1.50
2011.03.04 13:17:31.878,0.85153,0.85174,1.93,1.50
2011.03.04 13:17:31.986,0.85156,0.85175,1.18,1.50
2011.03.04 13:17:32.535,0.85156,0.8518,2.68,1.50
2011.03.04 13:17:33.980,0.85156,0.8518,3.43,1.50
2011.03.04 13:17:34.317,0.85159,0.85179,1.18,1.50
2011.03.04 13:17:36.742,0.85159,0.85179,1.18,1.50
2011.03.04 13:17:37.187,0.85159,0.85179,1.18,1.50
2011.03.04 13:17:37.518,0.85156,0.85179,1.18,1.13
2011.03.04 13:17:37.957,0.85152,0.85176,1.18,1.50
2011.03.04 13:17:40.259,0.85153,0.85176,1.18,1.50
2011.03.04 13:17:40.479,0.85159,0.85183,1.18,3.00
2011.03.04 13:17:40.699,0.85162,0.85183,1.50,2.25
2011.03.04 13:17:40.817,0.85163,0.85183,1.50,2.25
2011.03.04 13:17:40.929,0.85164,0.85186,1.18,1.50
2011.03.04 13:17:41.475,0.85164,0.85186,1.18,1.50
2011.03.04 13:17:43.117,0.85165,0.8518,1.93,2.18
2011.03.04 13:17:43.337,0.85158,0.8518,1.93,3.68
2011.03.04 13:17:43.948,0.85157,0.8518,2.68,3.68
2011.03.04 13:17:44.596,0.85155,0.85176,2.68,1.50
2011.03.04 13:17:44.705,0.85155,0.85176,1.93,1.50
2011.03.04 13:17:45.807,0.85155,0.85176,1.93,1.50
2011.03.04 13:17:46.397,0.85157,0.85176,1.50,1.50
2011.03.04 13:17:46.727,0.85157,0.85174,1.50,2.25
2011.03.04 13:17:47.056,0.85154,0.85174,2.68,2.25
2011.03.04 13:17:47.276,0.85154,0.85174,2.68,2.25
2011.03.04 13:17:50.826,0.85154,0.85174,1.18,2.25
2011.03.04 13:17:51.046,0.85155,0.85174,1.93,2.25
2011.03.04 13:17:51.596,0.85155,0.85174,1.93,2.25
2011.03.04 13:17:51.706,0.85155,0.85174,1.93,2.25
2011.03.04 13:17:53.027,0.85155,0.85174,1.93,2.25
2011.03.04 13:17:53.578,0.85156,0.85176,1.93,1.50
2011.03.04 13:17:55.870,0.85155,0.85176,1.93,1.50
2011.03.04 13:17:59.877,0.85154,0.85176,1.18,1.69
2011.03.04 13:18:00.096,0.85151,0.85174,1.93,1.50
2011.03.04 13:18:00.947,0.85151,0.85173,1.93,2.25
2011.03.04 13:18:01.495,0.85154,0.85173,1.50,2.25
2011.03.04 13:18:02.060,0.85152,0.85173,1.93,2.25
2011.03.04 13:18:02.647,0.85153,0.85173,1.50,2.25
2011.03.04 13:18:03.050,0.85153,0.85173,1.50,2.25
2011.03.04 13:18:03.276,0.85153,0.85173,1.50,2.25
2011.03.04 13:18:03.836,0.85154,0.85173,1.50,2.25
2011.03.04 13:18:05.387,0.85156,0.85173,1.50,2.25
2011.03.04 13:18:05.607,0.85154,0.85173,1.50,2.25
2011.03.04 13:18:06.156,0.85154,0.85173,1.50,2.25
2011.03.04 13:18:06.766,0.85155,0.85173,1.50,2.25
2011.03.04 13:18:10.747,0.85155,0.85173,1.50,2.25
2011.03.04 13:18:11.316,0.85155,0.85173,1.50,2.25
2011.03.04 13:18:12.267,0.85155,0.8517,1.50,1.69
2011.03.04 13:18:12.376,0.85152,0.8517,1.93,1.69
2011.03.04 13:18:12.597,0.85151,0.8517,1.93,1.69
2011.03.04 13:18:13.048,0.85151,0.8517,1.93,1.69
2011.03.04 13:18:13.375,0.85151,0.8517,1.93,1.69
2011.03.04 13:18:13.837,0.85154,0.8517,1.50,1.69
2011.03.04 13:18:14.386,0.85149,0.8517,1.93,1.69
2011.03.04 13:18:15.300,0.8515,0.85171,1.93,1.50
2011.03.04 13:18:15.408,0.85151,0.85173,1.36,2.25
2011.03.04 13:18:15.737,0.85152,0.85173,1.18,2.25
2011.03.04 13:18:16.298,0.85151,0.85173,1.18,2.25
2011.03.04 13:18:16.518,0.85148,0.85171,1.18,1.50
2011.03.04 13:18:16.627,0.85148,0.85171,1.18,1.50
2011.03.04 13:18:17.877,0.85148,0.85171,1.93,1.50
2011.03.04 13:18:18.096,0.85148,0.85171,1.18,1.50
2011.03.04 13:18:18.928,0.85149,0.85171,1.18,1.50
2011.03.04 13:18:19.147,0.85148,0.85171,1.18,1.50
2011.03.04 13:18:19.366,0.85146,0.85169,3.43,1.50
2011.03.04 13:18:19.586,0.85146,0.85169,2.68,1.50
2011.03.04 13:18:19.806,0.85146,0.85169,1.18,1.50
2011.03.04 13:18:20.136,0.85146,0.85169,1.18,1.50
2011.03.04 13:18:20.356,0.85146,0.85169,2.68,1.50
2011.03.04 13:18:21.036,0.85146,0.85169,1.18,1.50
2011.03.04 13:18:22.865,0.85146,0.85169,1.18,1.50
2011.03.04 13:18:23.417,0.85146,0.85169,1.18,1.50
2011.03.04 13:18:23.526,0.85146,0.85169,1.18,1.50
2011.03.04 13:18:24.109,0.85146,0.85169,2.68,2.07
2011.03.04 13:18:24.438,0.85141,0.85164,2.68,3.00
2011.03.04 13:18:24.548,0.85141,0.85164,2.68,3.00
2011.03.04 13:18:25.096,0.85142,0.85163,1.93,3.12
2011.03.04 13:18:25.426,0.85143,0.85164,2.68,2.44
2011.03.04 13:18:25.647,0.85144,0.85164,2.68,2.25
2011.03.04 13:18:25.757,0.85147,0.85164,1.50,2.25
2011.03.04 13:18:26.088,0.85143,0.85164,1.18,2.25
2011.03.04 13:18:26.196,0.85138,0.8516,3.43,1.50
2011.03.04 13:18:26.306,0.85138,0.8516,2.68,1.50
2011.03.04 13:18:26.748,0.85135,0.85157,1.18,1.50
2011.03.04 13:18:26.858,0.85136,0.85157,2.68,1.50
2011.03.04 13:18:27.076,0.85135,0.85157,2.68,1.50
2011.03.04 13:18:28.019,0.8514,0.85157,1.50,1.50
2011.03.04 13:18:28.127,0.8514,0.85161,1.50,1.50
2011.03.04 13:18:28.696,0.85139,0.85161,2.68,1.50
2011.03.04 13:18:28.919,0.85136,0.85158,1.93,1.50
2011.03.04 13:18:29.249,0.85142,0.8516,1.50,1.50
2011.03.04 13:18:29.360,0.85139,0.8516,1.50,1.50
2011.03.04 13:18:30.357,0.85141,0.85161,1.50,2.25
2011.03.04 13:18:30.686,0.85139,0.85158,1.50,1.50
2011.03.04 13:18:31.268,0.85138,0.85158,1.93,1.50
2011.03.04 13:18:31.595,0.85139,0.85158,1.50,1.50
2011.03.04 13:18:32.348,0.85141,0.85163,1.93,1.69
2011.03.04 13:18:33.127,0.85141,0.8516,1.93,1.50
2011.03.04 13:18:33.457,0.85134,0.85155,1.50,3.12
2011.03.04 13:18:34.070,0.85133,0.8515,1.93,1.50
2011.03.04 13:18:34.627,0.85132,0.85153,1.93,2.44
2011.03.04 13:18:35.296,0.85133,0.85153,1.50,2.44
2011.03.04 13:18:35.887,0.85133,0.85153,1.50,2.25
2011.03.04 13:18:36.898,0.85133,0.85157,2.68,1.50
2011.03.04 13:18:37.007,0.85138,0.85158,1.50,1.50
2011.03.04 13:18:37.559,0.85138,0.85159,1.93,1.50
2011.03.04 13:18:37.999,0.8514,0.85163,1.93,3.00
2011.03.04 13:18:38.336,0.85142,0.85163,1.93,3.00
2011.03.04 13:18:39.779,0.85146,0.85163,1.50,3.00
2011.03.04 13:18:40.108,0.85146,0.85168,1.93,1.50
2011.03.04 13:18:41.726,0.85146,0.85168,1.93,1.50
2011.03.04 13:18:43.906,0.85145,0.85168,1.18,1.50
2011.03.04 13:18:45.928,0.85148,0.85168,1.93,1.50
2011.03.04 13:18:46.757,0.85147,0.85168,1.93,1.50
2011.03.04 13:18:46.867,0.85148,0.85171,1.18,1.69
2011.03.04 13:18:47.196,0.85148,0.85171,1.18,1.69
2011.03.04 13:18:48.807,0.85148,0.85171,1.18,1.69
2011.03.04 13:18:51.557,0.85148,0.85171,1.18,1.50
2011.03.04 13:18:52.368,0.85148,0.85171,1.18,1.50
2011.03.04 13:18:52.697,0.85146,0.85165,1.50,1.50
2011.03.04 13:18:52.807,0.85142,0.85165,1.93,1.50
2011.03.04 13:18:53.138,0.85138,0.85157,1.50,1.50
2011.03.04 13:18:54.103,0.85138,0.8516,1.93,1.50
2011.03.04 13:18:54.219,0.85142,0.8516,1.50,1.50
2011.03.04 13:18:55.247,0.85142,0.85158,1.50,3.12
2011.03.04 13:18:55.467,0.85137,0.85158,1.18,3.12
2011.03.04 13:18:57.097,0.85139,0.8516,1.93,2.44
2011.03.04 13:18:57.206,0.85139,0.8516,1.93,2.44
2011.03.04 13:18:57.669,0.85139,0.85156,1.93,3.12
2011.03.04 13:18:58.437,0.85139,0.85155,1.50,1.02
2011.03.04 13:18:58.547,0.85136,0.85156,1.93,3.87
2011.03.04 13:18:59.061,0.85136,0.85156,1.93,1.50
2011.03.04 13:18:59.995,0.85137,0.85159,1.18,1.50
2011.03.04 13:19:00.638,0.85139,0.85159,1.93,1.50
2011.03.04 13:19:02.238,0.85137,0.85159,1.36,1.50
2011.03.04 13:19:02.458,0.85137,0.85159,1.18,1.50
2011.03.04 13:19:03.009,0.85134,0.85158,1.18,1.69
2011.03.04 13:19:03.117,0.85134,0.85156,1.18,1.50
2011.03.04 13:19:03.338,0.85132,0.85157,1.36,1.50
2011.03.04 13:19:03.448,0.85135,0.85157,3.12,1.50
2011.03.04 13:19:03.557,0.85135,0.85157,3.12,1.50
2011.03.04 13:19:03.777,0.85137,0.85157,1.36,1.50
2011.03.04 13:19:04.307,0.85135,0.85158,3.35,1.69
2011.03.04 13:19:04.638,0.85133,0.85155,1.18,3.00
2011.03.04 13:19:04.978,0.85133,0.85155,1.18,3.00
2011.03.04 13:19:05.848,0.85133,0.85154,1.18,2.25
2011.03.04 13:19:06.068,0.85133,0.85155,1.18,3.00
2011.03.04 13:19:06.616,0.85135,0.85155,1.93,1.58
2011.03.04 13:19:06.728,0.85135,0.85151,1.93,1.69
2011.03.04 13:19:06.947,0.85128,0.85151,2.68,1.69
2011.03.04 13:19:07.496,0.85128,0.85151,1.18,2.25
2011.03.04 13:19:07.606,0.85125,0.85146,1.18,1.50
2011.03.04 13:19:08.995,0.85125,0.85146,2.11,1.50
2011.03.04 13:19:09.110,0.85131,0.85152,1.93,1.50
2011.03.04 13:19:10.556,0.85133,0.85152,1.50,1.50
2011.03.04 13:19:10.888,0.8513,0.8515,1.18,1.13
2011.03.04 13:19:10.999,0.85126,0.85148,1.93,1.69
2011.03.04 13:19:11.107,0.85126,0.85147,1.18,1.02
2011.03.04 13:19:11.438,0.85126,0.85143,1.18,2.25
2011.03.04 13:19:11.987,0.85126,0.8515,2.86,1.69
2011.03.04 13:19:12.509,0.85126,0.8515,3.61,2.07
2011.03.04 13:19:12.728,0.85126,0.85147,2.68,1.69
2011.03.04 13:19:15.199,0.85132,0.85152,1.50,2.25
2011.03.04 13:19:15.757,0.85132,0.85152,1.93,2.25
2011.03.04 13:19:16.529,0.8513,0.8515,1.18,1.09
2011.03.04 13:19:16.637,0.85127,0.85149,2.25,1.09
2011.03.04 13:19:16.750,0.85126,0.85148,1.36,1.65
2011.03.04 13:19:17.079,0.85124,0.85147,1.69,1.50
2011.03.04 13:19:17.426,0.85124,0.85144,1.69,2.25
2011.03.04 13:19:17.865,0.85128,0.85144,2.25,1.50
2011.03.04 13:19:18.865,0.85132,0.85153,2.68,1.50
2011.03.04 13:19:20.786,0.85133,0.85155,1.18,2.25
2011.03.04 13:19:20.948,0.85133,0.85153,1.18,1.50
2011.03.04 13:19:21.828,0.85132,0.85153,1.93,1.50
2011.03.04 13:19:22.157,0.85126,0.8515,2.68,1.50
2011.03.04 13:19:22.706,0.85126,0.8515,1.18,1.50
2011.03.04 13:19:23.879,0.8512,0.8514,2.25,1.50
2011.03.04 13:19:24.097,0.85116,0.85139,1.93,1.50
2011.03.04 13:19:24.426,0.85116,0.85139,2.68,2.25
2011.03.04 13:19:24.646,0.85116,0.85138,1.50,1.50
2011.03.04 13:19:26.489,0.85116,0.85138,1.50,1.50
2011.03.04 13:19:26.818,0.85115,0.85138,2.68,1.50
2011.03.04 13:19:27.259,0.85113,0.85136,1.18,1.50
2011.03.04 13:19:28.026,0.85113,0.85136,1.18,2.25
2011.03.04 13:19:28.807,0.85114,0.85136,2.25,1.50
2011.03.04 13:19:29.356,0.85113,0.85136,1.18,2.25
2011.03.04 13:19:29.578,0.85115,0.85139,1.18,2.25
2011.03.04 13:19:29.797,0.85117,0.85139,2.63,1.50
2011.03.04 13:19:30.271,0.85122,0.85143,2.25,3.00
2011.03.04 13:19:30.607,0.8512,0.85143,1.18,1.50
2011.03.04 13:19:31.148,0.85118,0.85143,1.18,1.50
2011.03.04 13:19:31.927,0.85117,0.85143,1.18,1.50
2011.03.04 13:19:32.038,0.85116,0.85139,3.00,1.50
2011.03.04 13:19:32.146,0.85116,0.85139,1.50,1.50
2011.03.04 13:19:32.256,0.85116,0.85139,1.50,1.50
2011.03.04 13:19:32.817,0.85115,0.85137,1.18,1.50
2011.03.04 13:19:33.388,0.85116,0.85138,1.93,1.50
2011.03.04 13:19:33.937,0.85117,0.85139,1.18,1.50
2011.03.04 13:19:34.367,0.85117,0.85137,1.18,1.13
2011.03.04 13:19:34.736,0.85111,0.85127,1.50,1.50
2011.03.04 13:19:34.855,0.85104,0.85128,1.18,2.25
2011.03.04 13:19:34.968,0.85104,0.85128,1.18,2.25
2011.03.04 13:19:40.176,0.85104,0.85127,1.18,1.50
2011.03.04 13:19:40.728,0.85104,0.85127,1.18,3.68
2011.03.04 13:19:40.836,0.85104,0.85127,1.18,3.68
2011.03.04 13:19:41.726,0.85104,0.85127,1.18,2.93
2011.03.04 13:19:43.086,0.85104,0.85127,1.18,3.68
2011.03.04 13:19:43.728,0.85104,0.85127,1.18,1.50
2011.03.04 13:19:46.826,0.85104,0.85127,1.18,1.50
2011.03.04 13:19:49.117,0.85104,0.85127,1.18,1.50
2011.03.04 13:19:49.665,0.85104,0.85127,1.18,3.00
2011.03.04 13:19:53.997,0.85104,0.85127,1.18,3.00
2011.03.04 13:19:54.327,0.85104,0.85126,1.18,2.93
2011.03.04 13:19:58.098,0.85103,0.85125,1.50,3.00
2011.03.04 13:19:58.208,0.851,0.85122,1.18,1.50
2011.03.04 13:19:58.651,0.85093,0.85116,2.68,1.69
2011.03.04 13:19:58.768,0.85094,0.85116,2.25,2.44
2011.03.04 13:19:58.987,0.85092,0.85115,1.93,1.50
2011.03.04 13:19:59.320,0.85092,0.85112,1.93,1.69
2011.03.04 13:19:59.547,0.85089,0.85109,2.11,1.50
2011.03.04 13:19:59.769,0.85087,0.8511,2.25,1.50
2011.03.04 13:19:59.877,0.85085,0.85109,1.36,1.50
2011.03.04 13:19:59.986,0.85085,0.85107,2.86,1.50
2011.03.04 13:20:00.428,0.85084,0.85102,1.93,1.69
2011.03.04 13:20:00.539,0.85078,0.85097,1.50,1.50
2011.03.04 13:20:00.953,0.85083,0.85103,1.93,1.50
2011.03.04 13:20:01.071,0.85083,0.85103,2.68,1.50
2011.03.04 13:20:01.192,0.85083,0.85101,2.25,2.93
2011.03.04 13:20:01.528,0.85083,0.85093,1.50,1.50
2011.03.04 13:20:01.637,0.85083,0.85095,1.50,1.50
2011.03.04 13:20:01.747,0.85077,0.851,1.18,2.44
2011.03.04 13:20:02.297,0.85076,0.85097,1.50,1.50
2011.03.04 13:20:02.407,0.85074,0.85097,2.68,1.50
2011.03.04 13:20:02.956,0.85075,0.85097,1.18,1.50
2011.03.04 13:20:04.548,0.85077,0.85099,1.74,1.50
2011.03.04 13:20:04.767,0.8508,0.85103,1.36,2.25
2011.03.04 13:20:04.986,0.8508,0.85103,1.36,2.25
2011.03.04 13:20:05.726,0.8508,0.85103,1.36,1.50
2011.03.04 13:20:06.276,0.85083,0.85104,1.18,1.50
2011.03.04 13:20:06.936,0.85082,0.85104,1.18,1.50
2011.03.04 13:20:07.046,0.85084,0.85105,1.18,1.50
2011.03.04 13:20:07.377,0.85086,0.85109,1.18,1.50
2011.03.04 13:20:07.926,0.85087,0.85109,1.18,1.50
2011.03.04 13:20:08.667,0.85087,0.85109,1.18,1.50
2011.03.04 13:20:09.337,0.85087,0.8511,1.18,1.50
2011.03.04 13:20:09.557,0.85087,0.85109,1.18,1.50
2011.03.04 13:20:10.550,0.85087,0.85109,1.18,1.50
2011.03.04 13:20:10.780,0.85085,0.85109,1.18,1.50
2011.03.04 13:20:11.287,0.85085,0.85109,1.93,1.50
2011.03.04 13:20:11.397,0.85087,0.85109,1.18,1.50
2011.03.04 13:20:12.169,0.85086,0.85109,1.18,1.50
2011.03.04 13:20:12.711,0.85087,0.85109,1.18,1.50
2011.03.04 13:20:13.268,0.85087,0.85109,1.18,1.50
2011.03.04 13:20:13.817,0.85087,0.85111,1.18,1.50
2011.03.04 13:20:14.427,0.85091,0.85112,1.18,3.68
2011.03.04 13:20:14.770,0.85088,0.85111,1.18,1.50
2011.03.04 13:20:15.097,0.85088,0.85109,1.18,1.50
2011.03.04 13:20:16.227,0.85088,0.8511,1.18,2.25
2011.03.04 13:20:16.447,0.85091,0.85111,1.18,1.50
2011.03.04 13:20:16.557,0.85091,0.85112,1.18,2.93
2011.03.04 13:20:17.606,0.85091,0.85113,2.68,3.00
2011.03.04 13:20:17.827,0.85094,0.8512,2.25,1.50
2011.03.04 13:20:18.356,0.85098,0.85119,1.18,1.50
2011.03.04 13:20:18.696,0.85099,0.8512,1.18,1.50
2011.03.04 13:20:19.308,0.85099,0.85119,1.18,1.50
2011.03.04 13:20:20.262,0.85097,0.85119,1.18,1.50
2011.03.04 13:20:21.246,0.85097,0.85119,1.93,1.50
2011.03.04 13:20:23.919,0.85098,0.85119,2.79,1.50
2011.03.04 13:20:24.028,0.85099,0.85121,2.11,1.50
2011.03.04 13:20:24.137,0.85102,0.85124,1.18,1.50
2011.03.04 13:20:24.997,0.85101,0.85124,1.93,1.50
2011.03.04 13:20:25.217,0.85102,0.85124,1.18,1.50
2011.03.04 13:20:26.097,0.85104,0.85126,1.18,1.50
2011.03.04 13:20:26.426,0.85104,0.85126,1.18,1.50
2011.03.04 13:20:29.447,0.85104,0.85126,1.93,1.50
2011.03.04 13:20:30.987,0.85106,0.85126,1.18,1.50
2011.03.04 13:20:31.886,0.85104,0.85126,1.93,1.50
2011.03.04 13:20:32.219,0.85104,0.85126,1.93,1.50
2011.03.04 13:20:32.766,0.85104,0.85126,1.18,1.50
2011.03.04 13:20:34.746,0.85104,0.85123,1.18,1.50
2011.03.04 13:20:36.417,0.85104,0.85123,1.18,2.25
2011.03.04 13:20:37.076,0.85104,0.85123,1.18,2.25
2011.03.04 13:20:38.771,0.85104,0.85123,1.18,2.25
2011.03.04 13:20:39.107,0.85106,0.85126,1.18,1.50
2011.03.04 13:20:39.548,0.85104,0.85126,1.18,1.50
2011.03.04 13:20:39.877,0.85104,0.85126,1.18,1.50
2011.03.04 13:20:41.330,0.85104,0.85126,1.18,1.50
2011.03.04 13:20:43.049,0.85104,0.85126,2.11,1.50
2011.03.04 13:20:43.596,0.85104,0.85126,1.36,1.50
2011.03.04 13:20:44.607,0.85104,0.85126,1.36,1.50
2011.03.04 13:20:45.622,0.85104,0.85124,1.18,2.25
2011.03.04 13:20:45.739,0.85101,0.85123,1.18,1.50
2011.03.04 13:20:46.321,0.85102,0.85123,1.93,2.25
2011.03.04 13:20:46.569,0.8511,0.85133,1.18,3.00
2011.03.04 13:20:46.677,0.8511,0.85132,1.18,1.50
2011.03.04 13:20:50.426,0.85108,0.85132,1.74,1.50
2011.03.04 13:20:50.867,0.85107,0.85128,2.86,1.50
2011.03.04 13:20:52.309,0.85105,0.85128,1.18,1.50
2011.03.04 13:20:52.637,0.85105,0.85128,1.18,3.00
2011.03.04 13:20:53.967,0.85105,0.85128,1.18,3.00
2011.03.04 13:20:54.299,0.85105,0.85128,1.36,1.50
2011.03.04 13:20:54.518,0.85105,0.85128,2.11,1.50
2011.03.04 13:20:55.120,0.85108,0.85128,1.18,1.50
2011.03.04 13:20:55.462,0.85108,0.85128,4.10,1.50
2011.03.04 13:20:55.691,0.8511,0.85133,1.93,3.00
2011.03.04 13:20:57.016,0.8511,0.85133,1.18,1.50
2011.03.04 13:20:58.687,0.8511,0.85133,1.18,1.50
2011.03.04 13:20:58.798,0.85106,0.85128,2.68,1.50
2011.03.04 13:20:59.346,0.85106,0.85128,1.93,1.50
2011.03.04 13:20:59.851,0.85106,0.85124,1.93,1.50
2011.03.04 13:21:00.737,0.85106,0.85124,1.18,2.25
2011.03.04 13:21:01.507,0.85107,0.85128,1.18,3.00
2011.03.04 13:21:01.837,0.85106,0.85128,1.18,1.50
2011.03.04 13:21:02.057,0.85104,0.85127,1.18,1.50
2011.03.04 13:21:04.120,0.85104,0.85127,1.18,3.00
2011.03.04 13:21:05.276,0.85104,0.85127,1.18,3.00
2011.03.04 13:21:06.067,0.85104,0.85127,1.18,3.00
2011.03.04 13:21:06.656,0.85104,0.85127,1.18,3.00
2011.03.04 13:21:08.778,0.85104,0.85127,1.18,3.00
2011.03.04 13:21:09.698,0.85104,0.85122,1.18,2.25
2011.03.04 13:21:10.766,0.85104,0.85124,1.18,2.25
2011.03.04 13:21:11.979,0.85104,0.85124,1.18,2.25
2011.03.04 13:21:12.197,0.85099,0.85122,2.11,1.50
2011.03.04 13:21:14.377,0.85099,0.85122,1.36,1.50
2011.03.04 13:21:14.707,0.85099,0.85122,2.11,1.50
2011.03.04 13:21:14.926,0.85102,0.85122,1.36,1.50
2011.03.04 13:21:15.037,0.85102,0.85123,2.11,1.50
2011.03.04 13:21:15.699,0.85102,0.85124,1.18,1.50
2011.03.04 13:21:16.247,0.85105,0.85125,2.86,1.50
2011.03.04 13:21:16.357,0.85107,0.85127,1.18,1.50
2011.03.04 13:21:16.915,0.85104,0.85128,3.12,1.50
2011.03.04 13:21:17.516,0.85104,0.85127,3.12,2.25
2011.03.04 13:21:20.368,0.85101,0.85124,1.18,2.25
2011.03.04 13:21:20.478,0.85103,0.85124,1.36,2.25
2011.03.04 13:21:22.966,0.85101,0.85125,1.93,1.50
2011.03.04 13:21:23.476,0.85102,0.85125,1.18,1.50
2011.03.04 13:21:24.027,0.85101,0.85124,1.93,2.25
2011.03.04 13:21:24.517,0.85101,0.85125,1.93,1.50
2011.03.04 13:21:25.219,0.85103,0.85123,1.18,2.25
2011.03.04 13:21:26.657,0.85103,0.85125,1.18,1.50
2011.03.04 13:21:27.206,0.85103,0.85125,1.18,1.50
2011.03.04 13:21:28.076,0.85104,0.85128,1.93,1.50
2011.03.04 13:21:28.986,0.85104,0.85126,1.18,1.13
2011.03.04 13:21:29.217,0.851,0.85123,1.18,1.50
2011.03.04 13:21:30.777,0.85101,0.85123,1.18,1.50
2011.03.04 13:21:31.326,0.85101,0.85123,1.18,3.00
2011.03.04 13:21:31.768,0.851,0.85123,1.18,3.00
2011.03.04 13:21:32.330,0.851,0.85122,1.18,1.13
2011.03.04 13:21:32.557,0.85095,0.85118,1.18,2.93
2011.03.04 13:21:33.106,0.85095,0.85114,1.93,2.25
2011.03.04 13:21:34.486,0.85095,0.85114,1.18,2.25
2011.03.04 13:21:36.598,0.85096,0.85114,1.18,1.50
2011.03.04 13:21:37.556,0.85096,0.85119,1.18,1.50
2011.03.04 13:21:38.928,0.85095,0.85119,1.18,1.50
2011.03.04 13:21:43.496,0.85092,0.85114,2.68,2.25
2011.03.04 13:21:44.806,0.85092,0.85114,1.18,2.25
2011.03.04 13:21:45.317,0.85092,0.85114,1.18,2.25
2011.03.04 13:21:45.756,0.85092,0.85114,3.43,2.25
2011.03.04 13:21:46.198,0.85096,0.85114,1.18,2.25
2011.03.04 13:21:46.637,0.85096,0.85114,1.18,2.25
2011.03.04 13:21:46.966,0.85092,0.85114,2.68,2.25
2011.03.04 13:21:48.839,0.85092,0.85114,2.68,2.25
2011.03.04 13:21:48.948,0.85092,0.85114,2.68,2.25
2011.03.04 13:21:49.796,0.85092,0.85114,2.68,2.25
2011.03.04 13:21:51.056,0.85093,0.85114,1.18,2.25
2011.03.04 13:21:51.968,0.85094,0.85114,1.18,2.25
2011.03.04 13:21:52.187,0.85093,0.85114,1.93,2.25
2011.03.04 13:21:52.708,0.85092,0.85114,1.18,2.25
2011.03.04 13:21:54.278,0.85092,0.85114,1.18,2.25
2011.03.04 13:21:54.867,0.85092,0.85114,1.18,3.00
2011.03.04 13:21:55.427,0.85091,0.85112,1.18,1.77
2011.03.04 13:21:55.538,0.8509,0.8511,1.93,1.69
2011.03.04 13:21:56.308,0.85088,0.8511,1.18,1.69
2011.03.04 13:21:56.858,0.85088,0.85103,1.18,1.50
2011.03.04 13:22:00.760,0.85085,0.85103,1.93,1.50
2011.03.04 13:22:01.197,0.85087,0.85103,1.50,1.50
2011.03.04 13:22:01.529,0.85091,0.85112,1.93,1.50
2011.03.04 13:22:01.637,0.85091,0.85112,1.93,1.50
2011.03.04 13:22:01.859,0.85089,0.85112,1.18,1.69
2011.03.04 13:22:02.078,0.85092,0.85112,2.68,1.50
2011.03.04 13:22:02.516,0.85092,0.85112,1.93,1.50
2011.03.04 13:22:03.066,0.85089,0.85112,2.68,1.77
2011.03.04 13:22:03.655,0.85089,0.85112,2.68,1.77
2011.03.04 13:22:04.636,0.85089,0.85104,1.18,2.44
2011.03.04 13:22:04.753,0.85083,0.85104,3.43,3.19
2011.03.04 13:22:05.288,0.85083,0.85104,2.68,3.19
2011.03.04 13:22:06.218,0.85085,0.85104,1.18,1.50
2011.03.04 13:22:06.438,0.85085,0.85104,1.18,1.50
2011.03.04 13:22:06.978,0.85086,0.85104,1.93,1.50
2011.03.04 13:22:09.876,0.85086,0.85108,1.18,1.50
2011.03.04 13:22:10.329,0.85086,0.85108,1.18,1.69
2011.03.04 13:22:10.549,0.85086,0.85108,1.93,1.69
2011.03.04 13:22:10.877,0.85086,0.85108,1.18,3.00
2011.03.04 13:22:11.207,0.85086,0.85108,1.18,3.00
2011.03.04 13:22:12.089,0.85086,0.85108,1.18,1.50
2011.03.04 13:22:12.681,0.85086,0.85106,1.18,1.50
2011.03.04 13:22:16.386,0.85089,0.85113,2.25,3.00
2011.03.04 13:22:16.607,0.85091,0.85112,1.18,2.25
2011.03.04 13:22:17.166,0.85091,0.85113,1.93,1.50
2011.03.04 13:22:18.706,0.85091,0.85113,2.68,1.50
2011.03.04 13:22:19.397,0.85091,0.85113,2.68,1.50
2011.03.04 13:22:20.017,0.85091,0.85113,2.68,1.50
2011.03.04 13:22:21.908,0.8509,0.85109,3.43,1.50
2011.03.04 13:22:22.457,0.85089,0.85109,1.18,1.50
2011.03.04 13:22:23.037,0.85087,0.85109,1.18,1.50
2011.03.04 13:22:23.820,0.85086,0.85107,1.18,1.88
2011.03.04 13:22:23.939,0.85085,0.85106,1.18,3.30
2011.03.04 13:22:24.047,0.85081,0.851,1.18,1.50
2011.03.04 13:22:24.598,0.8508,0.851,1.18,1.50
2011.03.04 13:22:25.147,0.85079,0.851,1.18,1.50
2011.03.04 13:22:26.777,0.8508,0.851,1.18,1.50
2011.03.04 13:22:27.328,0.85081,0.85102,1.18,1.50
2011.03.04 13:22:31.219,0.8508,0.85101,3.91,1.50
2011.03.04 13:22:31.329,0.85084,0.85104,1.93,1.50
2011.03.04 13:22:31.657,0.85084,0.85107,2.68,1.50
2011.03.04 13:22:32.206,0.85086,0.85108,1.18,1.50
2011.03.04 13:22:32.919,0.85086,0.85108,1.18,1.50
2011.03.04 13:22:34.057,0.85089,0.8511,1.18,1.50
2011.03.04 13:22:35.646,0.8509,0.8511,1.18,1.50
2011.03.04 13:22:36.827,0.85089,0.8511,3.35,1.50
2011.03.04 13:22:36.939,0.85093,0.85115,1.74,2.25
2011.03.04 13:22:39.087,0.85093,0.85116,2.11,1.50
2011.03.04 13:22:40.268,0.85093,0.85116,1.18,3.94
2011.03.04 13:22:40.598,0.85089,0.85113,1.93,3.19
2011.03.04 13:22:41.126,0.85089,0.85113,1.18,3.19
2011.03.04 13:22:41.677,0.85089,0.85113,1.93,3.19
2011.03.04 13:22:43.077,0.85087,0.85109,1.93,1.50
2011.03.04 13:22:43.187,0.85087,0.85109,1.93,1.50
2011.03.04 13:22:43.406,0.85089,0.85109,1.18,1.50
2011.03.04 13:22:43.846,0.85089,0.85111,1.18,1.50
2011.03.04 13:22:44.388,0.85092,0.85113,1.18,2.25
2011.03.04 13:22:46.528,0.85092,0.85114,1.18,1.50
2011.03.04 13:22:46.749,0.85092,0.85115,1.18,1.50
2011.03.04 13:22:47.425,0.85093,0.85117,1.18,1.58
2011.03.04 13:22:47.543,0.85092,0.85112,1.18,1.58
2011.03.04 13:22:48.107,0.85089,0.85112,1.93,1.58
2011.03.04 13:22:53.528,0.85089,0.85112,1.18,1.50
2011.03.04 13:22:53.636,0.85087,0.85108,2.68,1.50
2011.03.04 13:22:53.748,0.85085,0.85106,1.18,1.13
2011.03.04 13:22:53.857,0.85082,0.85104,1.93,2.93
2011.03.04 13:22:54.528,0.85082,0.85103,1.93,3.00
2011.03.04 13:22:56.107,0.85082,0.85103,1.93,3.00
2011.03.04 13:22:57.768,0.85082,0.85103,1.18,3.00
2011.03.04 13:22:57.987,0.85079,0.85101,1.93,1.50
2011.03.04 13:22:58.210,0.8508,0.85103,1.13,1.50
2011.03.04 13:22:58.766,0.85083,0.85103,1.93,1.50
2011.03.04 13:22:58.876,0.85082,0.85104,1.18,1.50
2011.03.04 13:22:59.977,0.85083,0.85104,1.88,1.50
2011.03.04 13:23:00.088,0.85087,0.85106,1.13,1.50
2011.03.04 13:23:00.309,0.85089,0.8511,1.93,1.50
2011.03.04 13:23:00.417,0.85088,0.8511,1.18,1.50
2011.03.04 13:23:00.530,0.85083,0.85106,3.61,1.50
2011.03.04 13:23:00.761,0.85081,0.85106,1.18,1.32
2011.03.04 13:23:00.989,0.85081,0.85103,2.68,2.93
2011.03.04 13:23:01.764,0.85083,0.85102,1.18,1.50
2011.03.04 13:23:01.885,0.85086,0.85107,1.18,1.50
2011.03.04 13:23:02.437,0.85085,0.85106,1.18,1.50
2011.03.04 13:23:03.519,0.85086,0.85106,1.18,1.50
2011.03.04 13:23:03.629,0.85087,0.85109,1.93,1.50
2011.03.04 13:23:03.850,0.85087,0.85109,1.93,1.50
2011.03.04 13:23:05.697,0.85087,0.85112,2.68,1.88
2011.03.04 13:23:06.249,0.85087,0.8511,1.18,1.50
2011.03.04 13:23:06.357,0.85081,0.85104,1.93,1.50
2011.03.04 13:23:06.948,0.85082,0.85104,1.18,1.50
2011.03.04 13:23:08.579,0.85084,0.85106,1.18,1.50
2011.03.04 13:23:08.911,0.85085,0.85106,1.18,1.50
2011.03.04 13:23:09.030,0.85079,0.85104,2.68,2.93
2011.03.04 13:23:09.259,0.8508,0.85101,1.18,1.50
2011.03.04 13:23:09.807,0.8508,0.85104,1.18,3.00
2011.03.04 13:23:11.277,0.85078,0.85103,3.43,2.25
2011.03.04 13:23:16.068,0.85083,0.85104,1.50,1.50
2011.03.04 13:23:16.178,0.85083,0.85107,1.93,1.50
2011.03.04 13:23:16.679,0.85083,0.85107,1.93,1.50
2011.03.04 13:23:17.007,0.85083,0.85106,1.93,1.50
2011.03.04 13:23:17.117,0.85082,0.85104,1.93,1.50
2011.03.04 13:23:20.398,0.85084,0.85104,1.18,1.50
2011.03.04 13:23:20.878,0.85087,0.85107,1.18,2.25
2011.03.04 13:23:21.208,0.85086,0.85111,4.10,1.50
2011.03.04 13:23:21.317,0.85085,0.85111,1.18,1.50
2011.03.04 13:23:23.139,0.85086,0.8511,3.35,2.25
2011.03.04 13:23:23.468,0.8509,0.85113,1.18,2.25
2011.03.04 13:23:24.029,0.85095,0.85111,1.32,2.25
2011.03.04 13:23:24.139,0.85096,0.85111,2.18,2.25
2011.03.04 13:23:24.249,0.85096,0.85111,3.91,2.25
2011.03.04 13:23:24.359,0.85097,0.85113,1.69,1.50
2011.03.04 13:23:24.909,0.85096,0.85113,1.18,1.50
2011.03.04 13:23:25.016,0.85094,0.85113,1.18,2.25
2011.03.04 13:23:25.128,0.85091,0.85113,1.93,2.25
2011.03.04 13:23:25.587,0.85093,0.85115,1.18,2.25
2011.03.04 13:23:25.696,0.85094,0.85115,1.18,2.25
2011.03.04 13:23:26.528,0.85093,0.85115,1.50,1.50
2011.03.04 13:23:26.918,0.85093,0.85111,1.50,1.50
2011.03.04 13:23:27.032,0.85091,0.85113,1.74,1.50
2011.03.04 13:23:27.367,0.85094,0.85116,1.18,2.25
2011.03.04 13:23:27.696,0.85094,0.85116,1.18,2.25
2011.03.04 13:23:28.058,0.85094,0.85116,1.18,2.25
2011.03.04 13:23:28.167,0.8509,0.85112,1.93,2.25
2011.03.04 13:23:28.277,0.85091,0.85112,1.18,2.25
2011.03.04 13:23:28.618,0.85093,0.85116,1.36,3.00
2011.03.04 13:23:28.948,0.85097,0.85117,1.69,2.25
2011.03.04 13:23:29.386,0.85097,0.85117,2.44,3.00
2011.03.04 13:23:30.057,0.85094,0.85117,1.18,1.50
2011.03.04 13:23:30.279,0.85096,0.85118,1.36,3.00
2011.03.04 13:23:30.497,0.85096,0.85117,1.36,1.50
2011.03.04 13:23:30.608,0.85096,0.85117,1.18,2.52
2011.03.04 13:23:30.827,0.85089,0.85111,1.18,1.50
2011.03.04 13:23:31.047,0.85089,0.85111,1.18,1.50
2011.03.04 13:23:31.160,0.85089,0.85111,2.11,1.50
2011.03.04 13:23:31.501,0.85098,0.85119,1.18,1.50
2011.03.04 13:23:35.416,0.85098,0.85119,1.18,1.50
2011.03.04 13:23:36.557,0.85099,0.85119,1.18,1.50
2011.03.04 13:23:36.777,0.85097,0.85119,2.68,1.50
2011.03.04 13:23:36.999,0.85096,0.85115,1.50,2.18
2011.03.04 13:23:37.107,0.85092,0.85115,1.18,2.93
2011.03.04 13:23:37.656,0.85091,0.85113,1.18,1.50
2011.03.04 13:23:38.859,0.8509,0.85113,1.18,1.50
2011.03.04 13:23:40.787,0.85091,0.85113,1.18,1.50
2011.03.04 13:23:41.008,0.85091,0.85113,1.18,3.00
2011.03.04 13:23:41.579,0.8509,0.85113,1.93,1.50
2011.03.04 13:23:43.567,0.8509,0.85109,1.50,1.50
2011.03.04 13:23:43.897,0.85084,0.85109,1.18,2.25
2011.03.04 13:23:44.447,0.85085,0.85106,1.18,1.50
2011.03.04 13:23:46.097,0.85084,0.85105,1.18,2.25
2011.03.04 13:23:46.317,0.85081,0.85103,1.18,1.50
2011.03.04 13:23:46.647,0.85081,0.85103,1.18,1.50
2011.03.04 13:23:46.977,0.85084,0.85104,1.18,1.50
2011.03.04 13:23:47.308,0.85084,0.85107,1.18,1.50
2011.03.04 13:23:48.568,0.85087,0.85111,1.93,1.50
2011.03.04 13:23:48.788,0.85089,0.85111,1.18,1.50
2011.03.04 13:23:49.337,0.85089,0.85111,1.18,1.50
2011.03.04 13:23:51.229,0.85089,0.85111,1.18,1.50
2011.03.04 13:23:51.557,0.85087,0.85111,2.68,3.00
2011.03.04 13:23:51.778,0.85086,0.85108,1.18,1.50
2011.03.04 13:23:53.779,0.85085,0.85108,1.18,1.50
2011.03.04 13:23:54.775,0.85086,0.85108,1.18,1.50
2011.03.04 13:23:55.106,0.85084,0.85108,1.93,1.50
2011.03.04 13:23:55.909,0.85084,0.85108,1.93,1.50
2011.03.04 13:23:56.786,0.85084,0.85104,1.93,1.50
2011.03.04 13:23:58.708,0.85084,0.85104,1.18,2.25
2011.03.04 13:24:01.678,0.85084,0.85104,1.93,2.25
2011.03.04 13:24:02.468,0.85085,0.85104,1.18,2.25
2011.03.04 13:24:03.607,0.85085,0.85107,1.18,2.25
2011.03.04 13:24:04.206,0.85086,0.85108,1.18,1.50
2011.03.04 13:24:04.756,0.85085,0.85108,1.18,1.50
2011.03.04 13:24:06.498,0.85084,0.85103,1.93,1.32
2011.03.04 13:24:06.718,0.85081,0.85102,1.18,2.44
2011.03.04 13:24:06.827,0.8508,0.851,1.18,2.44
2011.03.04 13:24:07.267,0.85077,0.85099,1.36,1.50
2011.03.04 13:24:07.778,0.85079,0.85101,1.18,1.50
2011.03.04 13:24:08.297,0.85078,0.85099,1.36,1.50
2011.03.04 13:24:08.897,0.85079,0.85099,1.18,1.50
2011.03.04 13:24:09.339,0.85074,0.85096,1.36,1.50
2011.03.04 13:24:09.668,0.85071,0.8509,1.18,2.18
2011.03.04 13:24:09.779,0.85071,0.8509,1.18,2.18
2011.03.04 13:24:09.890,0.85063,0.85085,1.18,1.50
2011.03.04 13:24:10.007,0.85062,0.85083,1.18,1.50
2011.03.04 13:24:10.340,0.85063,0.85083,1.18,1.50
2011.03.04 13:24:11.070,0.85063,0.85085,1.18,1.50
2011.03.04 13:24:12.927,0.85063,0.85085,1.18,1.50
2011.03.04 13:24:13.148,0.85066,0.85087,1.36,1.50
2011.03.04 13:24:13.258,0.85069,0.85089,2.25,1.50
2011.03.04 13:24:13.918,0.85066,0.85089,1.18,1.50
2011.03.04 13:24:14.468,0.85067,0.85089,2.25,1.50
2011.03.04 13:24:16.598,0.85071,0.85093,2.25,1.50
2011.03.04 13:24:16.817,0.85071,0.85096,2.68,1.50
2011.03.04 13:24:17.887,0.85077,0.85099,1.18,1.50
2011.03.04 13:24:18.216,0.85079,0.85103,2.25,3.00
2011.03.04 13:24:18.547,0.85079,0.85102,2.25,1.50
2011.03.04 13:24:18.879,0.85081,0.85103,1.18,3.00
2011.03.04 13:24:19.209,0.8508,0.85102,1.18,1.50
2011.03.04 13:24:19.647,0.85081,0.85102,2.68,1.50
2011.03.04 13:24:20.169,0.85082,0.85102,1.50,1.50
2011.03.04 13:24:22.487,0.85082,0.85103,2.25,3.00
2011.03.04 13:24:23.209,0.85082,0.85102,2.25,1.50
2011.03.04 13:24:23.518,0.85082,0.85103,2.25,2.25
2011.03.04 13:24:23.627,0.85084,0.85103,1.18,1.50
2011.03.04 13:24:23.847,0.85084,0.85106,1.18,1.50
2011.03.04 13:24:24.397,0.85087,0.85107,1.93,1.50
2011.03.04 13:24:24.836,0.85085,0.85107,1.18,1.50
2011.03.04 13:24:25.167,0.85083,0.85106,1.18,1.50
2011.03.04 13:24:26.629,0.85083,0.85104,1.18,2.25
2011.03.04 13:24:29.708,0.85083,0.85104,2.68,2.25
2011.03.04 13:24:30.687,0.85085,0.85104,1.18,1.50
2011.03.04 13:24:30.798,0.85088,0.85106,1.50,1.50
2011.03.04 13:24:31.018,0.85088,0.85108,1.50,2.44
2011.03.04 13:24:31.238,0.85083,0.85106,1.18,1.50
2011.03.04 13:24:31.789,0.85089,0.85108,2.44,1.50
2011.03.04 13:24:32.226,0.85087,0.85109,1.93,1.50
2011.03.04 13:24:32.778,0.85087,0.85109,1.18,1.50
2011.03.04 13:24:34.606,0.85089,0.85111,1.18,2.25
2011.03.04 13:24:35.157,0.85089,0.85109,1.18,1.50
2011.03.04 13:24:36.711,0.85087,0.85109,2.68,1.50
2011.03.04 13:24:39.418,0.85087,0.85109,1.18,1.50
2011.03.04 13:24:39.859,0.85087,0.85109,1.18,1.50
2011.03.04 13:24:39.969,0.85086,0.85106,1.18,1.50
2011.03.04 13:24:40.518,0.85085,0.85103,1.18,1.50
2011.03.04 13:24:40.629,0.85083,0.85103,2.68,3.00
2011.03.04 13:24:40.969,0.85081,0.85103,3.00,2.25
2011.03.04 13:24:41.321,0.85081,0.85102,3.00,1.50
2011.03.04 13:24:41.879,0.85079,0.85099,1.18,1.50
2011.03.04 13:24:42.427,0.85079,0.85098,1.18,1.50
2011.03.04 13:24:43.438,0.85077,0.85098,1.18,1.50
2011.03.04 13:24:44.039,0.85079,0.851,1.18,2.25
2011.03.04 13:24:44.369,0.85076,0.85098,1.18,1.50
2011.03.04 13:24:44.588,0.85076,0.85093,1.18,1.50
2011.03.04 13:24:46.388,0.85076,0.85098,1.18,1.50
2011.03.04 13:24:46.498,0.85076,0.85101,1.18,2.25
2011.03.04 13:24:46.828,0.85081,0.85104,2.68,1.50
2011.03.04 13:24:46.938,0.85083,0.85103,2.25,2.25
2011.03.04 13:24:48.609,0.85081,0.851,2.25,1.50
2011.03.04 13:24:48.717,0.85078,0.85098,1.18,1.50
2011.03.04 13:24:49.266,0.85076,0.85098,1.18,1.50
2011.03.04 13:24:51.518,0.85078,0.851,1.18,1.69
2011.03.04 13:24:54.228,0.8508,0.851,1.13,1.50
2011.03.04 13:24:54.339,0.85082,0.85101,1.55,2.25
2011.03.04 13:24:54.448,0.85082,0.85104,1.55,2.25
2011.03.04 13:24:54.558,0.85083,0.85104,1.18,1.50
2011.03.04 13:24:54.667,0.85084,0.85107,2.25,1.50
2011.03.04 13:24:55.477,0.85086,0.85107,1.18,1.50
2011.03.04 13:24:56.138,0.85085,0.85107,1.18,1.50
2011.03.04 13:24:56.466,0.85086,0.85107,1.18,1.50
2011.03.04 13:24:59.318,0.85086,0.85108,1.55,1.50
2011.03.04 13:24:59.830,0.85089,0.85108,1.50,1.50
2011.03.04 13:25:00.389,0.85088,0.85108,3.19,1.50
2011.03.04 13:25:00.838,0.85087,0.85107,3.00,1.50
2011.03.04 13:25:01.395,0.85086,0.85107,1.36,1.50
2011.03.04 13:25:01.618,0.85086,0.85107,2.49,1.50
2011.03.04 13:25:01.839,0.8509,0.85112,2.25,1.50
2011.03.04 13:25:02.061,0.85088,0.85111,1.18,1.50
2011.03.04 13:25:02.616,0.85086,0.85108,2.68,1.50
2011.03.04 13:25:04.678,0.85086,0.85109,1.18,1.50
2011.03.04 13:25:07.888,0.85088,0.85109,2.37,2.25
2011.03.04 13:25:08.218,0.85094,0.85109,2.37,1.50
2011.03.04 13:25:08.328,0.85094,0.85114,2.37,1.50
2011.03.04 13:25:08.877,0.8509,0.85112,1.29,1.58
2011.03.04 13:25:09.538,0.85087,0.85108,1.05,1.50
2011.03.04 13:25:10.087,0.85086,0.85106,1.29,1.50
2011.03.04 13:25:10.697,0.85086,0.85107,1.29,1.50
2011.03.04 13:25:11.358,0.85086,0.85107,1.18,1.50
2011.03.04 13:25:11.467,0.85084,0.85106,1.18,1.50
2011.03.04 13:25:11.579,0.85079,0.851,1.18,1.50
2011.03.04 13:25:11.798,0.85077,0.85094,3.43,1.50
2011.03.04 13:25:13.748,0.85079,0.85099,1.18,1.50
2011.03.04 13:25:14.816,0.85079,0.85099,1.18,1.50
2011.03.04 13:25:15.809,0.85078,0.85099,1.18,1.50
2011.03.04 13:25:16.397,0.85079,0.85101,1.18,1.50
2011.03.04 13:25:16.729,0.85079,0.851,1.18,1.50
2011.03.04 13:25:17.390,0.85077,0.85099,1.93,1.50
2011.03.04 13:25:17.827,0.85079,0.85101,1.18,1.50
2011.03.04 13:25:19.520,0.8508,0.85101,2.25,1.50
2011.03.04 13:25:20.078,0.85079,0.85101,2.68,1.50
2011.03.04 13:25:20.626,0.85079,0.85101,2.68,1.50
2011.03.04 13:25:25.328,0.8508,0.85099,1.50,1.50
2011.03.04 13:25:25.768,0.85077,0.85098,1.18,1.09
2011.03.04 13:25:25.877,0.85074,0.85096,1.18,1.50
2011.03.04 13:25:26.592,0.85073,0.85096,1.93,1.50
2011.03.04 13:25:27.107,0.85074,0.85096,1.18,1.58
2011.03.04 13:25:27.758,0.85073,0.85096,1.93,1.58
2011.03.04 13:25:28.526,0.85074,0.85096,1.18,1.58
2011.03.04 13:25:30.759,0.85074,0.85096,2.68,1.50
2011.03.04 13:25:31.427,0.85073,0.85096,1.18,1.50
2011.03.04 13:25:31.757,0.85072,0.85093,1.50,1.58
2011.03.04 13:25:31.977,0.85069,0.85093,3.19,1.58
2011.03.04 13:25:32.417,0.85071,0.85096,2.44,1.50
2011.03.04 13:25:36.028,0.85076,0.85095,1.50,1.50
2011.03.04 13:25:36.449,0.85073,0.85095,1.18,1.50
2011.03.04 13:25:40.949,0.85073,0.85095,1.18,1.50
2011.03.04 13:25:42.638,0.85075,0.85097,2.11,1.58
2011.03.04 13:25:42.967,0.85078,0.85097,1.69,2.25
2011.03.04 13:25:43.078,0.8508,0.85101,1.69,2.25
2011.03.04 13:25:44.467,0.85079,0.851,1.69,1.50
2011.03.04 13:25:45.277,0.85077,0.851,1.36,1.50
2011.03.04 13:25:45.497,0.85079,0.851,1.69,1.50
2011.03.04 13:25:47.073,0.85081,0.85103,2.86,1.50
2011.03.04 13:25:47.192,0.85087,0.85105,1.36,1.50
2011.03.04 13:25:47.532,0.85087,0.85105,2.11,1.50
2011.03.04 13:25:48.887,0.85085,0.85105,1.18,1.50
2011.03.04 13:25:49.708,0.85085,0.85105,1.18,1.50
2011.03.04 13:25:50.758,0.85087,0.85107,1.18,1.58
2011.03.04 13:25:51.969,0.85086,0.8511,1.18,1.50
2011.03.04 13:25:55.369,0.85087,0.8511,1.18,1.50
2011.03.04 13:25:55.808,0.85089,0.8511,1.18,1.50
2011.03.04 13:25:56.139,0.85091,0.85112,1.50,1.50
2011.03.04 13:25:56.467,0.85096,0.85115,1.50,1.50
2011.03.04 13:25:56.577,0.85093,0.85115,1.93,1.50
2011.03.04 13:25:57.060,0.85093,0.85112,1.93,1.50
2011.03.04 13:25:57.180,0.85092,0.85113,2.25,1.58
2011.03.04 13:25:59.579,0.85091,0.85113,1.50,1.58
2011.03.04 13:26:00.312,0.85112,0.85133,1.18,2.25
2011.03.04 13:26:00.432,0.85112,0.85134,1.18,3.00
2011.03.04 13:26:00.878,0.85114,0.85134,1.18,2.25
2011.03.04 13:26:01.098,0.85114,0.85134,1.18,2.25
2011.03.04 13:26:02.999,0.85114,0.85134,1.18,2.25
2011.03.04 13:26:03.219,0.85117,0.85139,2.68,1.50
2011.03.04 13:26:03.328,0.85118,0.8514,1.93,1.50
2011.03.04 13:26:03.658,0.85118,0.8514,1.93,1.50
2011.03.04 13:26:03.990,0.8512,0.8514,1.18,1.50
2011.03.04 13:26:04.539,0.85119,0.8514,2.68,1.50
2011.03.04 13:26:04.647,0.85122,0.8514,1.50,1.50
2011.03.04 13:26:04.866,0.8512,0.85141,2.68,1.50
2011.03.04 13:26:05.417,0.85123,0.8514,1.50,1.50
2011.03.04 13:26:05.967,0.85122,0.85145,2.68,1.50
2011.03.04 13:26:06.477,0.85132,0.85153,1.50,1.50
2011.03.04 13:26:06.590,0.85132,0.85153,1.50,1.50
2011.03.04 13:26:06.918,0.85133,0.85153,1.50,1.50
2011.03.04 13:26:07.361,0.85137,0.85153,1.50,1.50
2011.03.04 13:26:07.697,0.85137,0.85155,1.50,1.50
2011.03.04 13:26:08.027,0.85137,0.85155,1.50,1.50
2011.03.04 13:26:08.576,0.85136,0.85155,1.50,1.50
2011.03.04 13:26:10.457,0.85134,0.85155,1.93,1.50
2011.03.04 13:26:14.199,0.85135,0.85153,1.50,3.00
2011.03.04 13:26:14.312,0.85131,0.85153,1.93,1.50
2011.03.04 13:26:14.430,0.85133,0.85153,1.50,1.50
2011.03.04 13:26:14.879,0.8513,0.85153,1.36,1.50
2011.03.04 13:26:15.757,0.85133,0.85153,1.50,1.50
2011.03.04 13:26:16.197,0.8513,0.85153,1.36,1.50
2011.03.04 13:26:16.746,0.8513,0.85153,2.11,1.50
2011.03.04 13:26:16.967,0.85131,0.85153,1.18,1.50
2011.03.04 13:26:17.078,0.85134,0.85156,1.18,1.50
2011.03.04 13:26:17.407,0.85139,0.85156,1.50,1.50
2011.03.04 13:26:17.517,0.85135,0.85154,1.50,1.50
2011.03.04 13:26:17.737,0.85135,0.85154,1.50,1.50
2011.03.04 13:26:17.847,0.85133,0.85154,1.50,1.50
2011.03.04 13:26:18.398,0.85131,0.85154,1.93,1.50
2011.03.04 13:26:19.529,0.8513,0.85152,1.18,1.13
2011.03.04 13:26:19.640,0.85129,0.85149,2.25,1.50
2011.03.04 13:26:19.759,0.85126,0.85149,1.93,1.50
2011.03.04 13:26:19.868,0.85125,0.85145,1.50,1.50
2011.03.04 13:26:20.417,0.85123,0.85145,1.18,2.25
2011.03.04 13:26:21.547,0.85123,0.85145,1.18,1.50
2011.03.04 13:26:21.882,0.8514,0.85153,1.50,1.69
2011.03.04 13:26:22.108,0.85145,0.85165,1.69,1.50
2011.03.04 13:26:22.219,0.85145,0.85165,2.44,1.50
2011.03.04 13:26:22.327,0.85146,0.85168,1.69,1.50
2011.03.04 13:26:22.548,0.85147,0.85169,1.18,1.50
2011.03.04 13:26:22.767,0.85144,0.85168,1.18,1.50
2011.03.04 13:26:23.347,0.85144,0.85166,1.18,1.50
2011.03.04 13:26:24.567,0.85141,0.85169,1.93,1.50
2011.03.04 13:26:24.679,0.85145,0.85169,1.50,2.44
2011.03.04 13:26:24.788,0.85142,0.85169,2.86,1.50
2011.03.04 13:26:25.117,0.85144,0.85166,2.86,1.50
2011.03.04 13:26:25.337,0.85142,0.85166,2.68,1.50
2011.03.04 13:26:25.447,0.85142,0.85166,1.93,1.50
2011.03.04 13:26:25.557,0.85144,0.85166,1.50,1.50
2011.03.04 13:26:26.106,0.85144,0.85162,1.50,1.50
2011.03.04 13:26:27.008,0.85142,0.85162,1.50,1.50
2011.03.04 13:26:27.559,0.85139,0.85158,1.50,1.69
2011.03.04 13:26:27.888,0.85138,0.85157,1.50,1.50
2011.03.04 13:26:27.997,0.85135,0.85157,1.50,1.88
2011.03.04 13:26:28.108,0.85132,0.85151,1.18,1.50
2011.03.04 13:26:28.413,0.85131,0.8515,1.93,1.50
2011.03.04 13:26:28.648,0.85127,0.85148,1.93,1.50
2011.03.04 13:26:29.639,0.85128,0.85149,2.68,1.69
2011.03.04 13:26:30.188,0.85128,0.85148,1.18,1.50
2011.03.04 13:26:30.738,0.85129,0.85148,2.25,1.50
2011.03.04 13:26:31.287,0.85132,0.85149,1.50,1.50
2011.03.04 13:26:31.757,0.85129,0.8515,2.68,1.50
2011.03.04 13:26:32.088,0.85129,0.85153,2.25,3.00
2011.03.04 13:26:32.200,0.85132,0.85153,1.32,3.00
2011.03.04 13:26:32.319,0.85138,0.85154,1.50,1.50
2011.03.04 13:26:32.540,0.85136,0.85154,2.25,1.50
2011.03.04 13:26:32.760,0.85139,0.85162,1.18,1.50
2011.03.04 13:26:32.869,0.8514,0.85162,1.18,1.50
2011.03.04 13:26:33.088,0.85145,0.85167,1.50,1.50
2011.03.04 13:26:33.306,0.85144,0.85167,1.50,1.50
2011.03.04 13:26:33.417,0.85147,0.85167,1.50,1.50
2011.03.04 13:26:33.878,0.85147,0.85166,1.50,1.50
2011.03.04 13:26:34.428,0.85143,0.85166,1.18,1.50
2011.03.04 13:26:43.602,0.8514,0.85162,1.18,1.50
2011.03.04 13:26:45.589,0.8514,0.85162,2.68,1.50
2011.03.04 13:26:45.921,0.85137,0.85158,2.25,1.50
2011.03.04 13:26:46.040,0.85136,0.85158,1.93,1.50
2011.03.04 13:26:46.158,0.85136,0.85152,1.50,1.50
2011.03.04 13:26:46.268,0.85131,0.85152,1.50,1.50
2011.03.04 13:26:46.792,0.85129,0.85152,1.18,1.50
2011.03.04 13:26:46.907,0.85129,0.85152,1.18,1.50
2011.03.04 13:26:47.129,0.8513,0.85154,1.18,1.50
2011.03.04 13:26:47.459,0.85128,0.85154,1.18,2.07
2011.03.04 13:26:48.071,0.85129,0.8515,2.68,1.50
2011.03.04 13:26:48.988,0.85129,0.85148,2.25,1.50
2011.03.04 13:26:49.098,0.85124,0.85148,2.25,1.50
2011.03.04 13:26:49.431,0.8513,0.85144,1.50,1.50
2011.03.04 13:26:49.550,0.85126,0.85144,1.50,1.50
2011.03.04 13:26:50.103,0.85125,0.85144,1.50,1.02
2011.03.04 13:26:50.217,0.85122,0.85144,1.18,1.02
2011.03.04 13:26:50.767,0.85122,0.85146,1.18,1.69
2011.03.04 13:26:52.518,0.85122,0.85146,1.18,1.69
2011.03.04 13:26:52.740,0.85126,0.85146,2.25,1.50
2011.03.04 13:26:52.852,0.85127,0.85149,2.68,1.50
2011.03.04 13:26:52.968,0.85129,0.85149,1.18,1.50
2011.03.04 13:26:53.322,0.8513,0.85154,1.18,3.00
2011.03.04 13:26:54.087,0.85131,0.85154,1.18,3.00
2011.03.04 13:26:54.967,0.85131,0.85154,1.18,2.25
2011.03.04 13:26:55.517,0.85134,0.85154,1.18,2.25
2011.03.04 13:26:55.869,0.85134,0.85154,1.18,2.25
2011.03.04 13:26:56.308,0.85134,0.85154,1.18,1.69
2011.03.04 13:26:58.029,0.85134,0.85153,1.18,2.44
2011.03.04 13:26:59.128,0.85134,0.85153,2.68,2.25
2011.03.04 13:26:59.677,0.85134,0.85153,1.18,2.25
2011.03.04 13:27:00.227,0.85134,0.85153,1.18,2.44
2011.03.04 13:27:01.318,0.85134,0.85153,1.18,2.44
2011.03.04 13:27:01.538,0.85134,0.85153,1.18,2.25
2011.03.04 13:27:01.758,0.85135,0.85153,1.93,1.50
2011.03.04 13:27:02.198,0.85134,0.85153,1.50,3.00
2011.03.04 13:27:02.417,0.8513,0.85153,2.25,2.25
2011.03.04 13:27:03.579,0.8513,0.85153,1.50,2.25
2011.03.04 13:27:04.101,0.85129,0.8515,1.18,1.50
2011.03.04 13:27:05.537,0.8513,0.85151,2.68,1.50
2011.03.04 13:27:05.867,0.85128,0.85149,1.18,1.50
2011.03.04 13:27:06.417,0.85126,0.85148,1.50,1.50
2011.03.04 13:27:06.637,0.85123,0.85146,1.18,1.50
2011.03.04 13:27:06.858,0.85122,0.85143,1.36,1.50
2011.03.04 13:27:07.407,0.85123,0.85144,1.18,1.50
2011.03.04 13:27:08.117,0.85125,0.85146,1.18,1.50
2011.03.04 13:27:08.447,0.85126,0.85149,1.18,1.50
2011.03.04 13:27:09.013,0.85127,0.85149,1.18,1.50
2011.03.04 13:27:09.240,0.8513,0.85149,1.50,1.50
2011.03.04 13:27:09.348,0.8513,0.8515,2.25,2.25
2011.03.04 13:27:09.679,0.8513,0.85154,2.68,2.82
2011.03.04 13:27:11.029,0.85127,0.8515,2.68,1.69
2011.03.04 13:27:11.577,0.85127,0.8515,2.68,1.69
2011.03.04 13:27:14.027,0.85129,0.8515,1.93,1.69
2011.03.04 13:27:14.140,0.8513,0.8515,1.36,1.50
2011.03.04 13:27:14.468,0.85137,0.85153,1.50,1.69
2011.03.04 13:27:14.882,0.85132,0.85152,1.18,1.69
2011.03.04 13:27:15.109,0.85132,0.85153,1.18,2.25
2011.03.04 13:27:16.707,0.85132,0.85153,1.18,2.25
2011.03.04 13:27:17.148,0.85135,0.85158,1.93,1.58
2011.03.04 13:27:17.697,0.85135,0.85158,1.36,1.50
2011.03.04 13:27:18.417,0.85134,0.85158,2.68,1.50
2011.03.04 13:27:18.748,0.85136,0.85158,2.11,1.50
2011.03.04 13:27:19.187,0.85136,0.85158,2.86,1.50
2011.03.04 13:27:19.467,0.85136,0.85158,2.86,1.50
2011.03.04 13:27:19.909,0.85139,0.85158,1.50,1.50
2011.03.04 13:27:20.470,0.85138,0.85158,1.50,1.50
2011.03.04 13:27:20.590,0.85135,0.85158,2.68,1.50
2011.03.04 13:27:21.137,0.85136,0.85158,1.18,1.50
2011.03.04 13:27:21.768,0.85134,0.85158,1.18,1.50
2011.03.04 13:27:25.287,0.85134,0.85158,1.18,1.50
2011.03.04 13:27:25.507,0.85132,0.85154,1.36,1.50
2011.03.04 13:27:26.057,0.85127,0.85151,1.18,1.50
2011.03.04 13:27:29.788,0.85127,0.85151,1.18,3.00
2011.03.04 13:27:30.011,0.85125,0.85145,1.50,1.50
2011.03.04 13:27:30.239,0.85121,0.85145,1.18,1.50
2011.03.04 13:27:30.461,0.85119,0.8514,1.93,1.50
2011.03.04 13:27:31.838,0.85119,0.8514,1.18,1.50
2011.03.04 13:27:32.278,0.85118,0.8514,1.18,1.50
2011.03.04 13:27:32.498,0.85118,0.8514,1.93,1.50
2011.03.04 13:27:33.047,0.85119,0.8514,1.18,1.50
2011.03.04 13:27:33.377,0.85118,0.8514,1.18,1.50
2011.03.04 13:27:34.798,0.8512,0.85142,1.18,2.25
2011.03.04 13:27:34.907,0.85123,0.85144,1.18,2.63
2011.03.04 13:27:35.017,0.85122,0.85144,1.18,2.63
2011.03.04 13:27:35.584,0.85122,0.85139,1.18,1.13
2011.03.04 13:27:35.809,0.85123,0.85144,1.18,2.25
2011.03.04 13:27:36.028,0.85125,0.85144,1.93,2.25
2011.03.04 13:27:36.248,0.85125,0.85144,1.18,2.25
2011.03.04 13:27:39.868,0.85125,0.85143,1.18,2.25
2011.03.04 13:27:41.808,0.85125,0.85143,1.18,2.25
2011.03.04 13:27:42.878,0.85125,0.85143,1.18,2.25
2011.03.04 13:27:43.438,0.8512,0.85142,1.18,1.50
2011.03.04 13:27:44.240,0.8512,0.85135,1.18,1.13
2011.03.04 13:27:49.169,0.85108,0.85129,1.93,1.58
2011.03.04 13:27:49.387,0.85108,0.85129,1.93,1.50
2011.03.04 13:27:49.830,0.85107,0.85129,1.93,1.50
2011.03.04 13:27:50.859,0.85109,0.85129,1.50,1.50
2011.03.04 13:27:51.406,0.85107,0.85129,1.93,1.50
2011.03.04 13:27:52.570,0.85104,0.85126,1.18,1.50
2011.03.04 13:27:52.907,0.85101,0.85126,1.18,1.50
2011.03.04 13:27:54.512,0.85099,0.85121,1.18,1.50
2011.03.04 13:27:54.627,0.85099,0.85121,1.18,1.50
2011.03.04 13:27:55.508,0.85099,0.85121,1.18,1.50
2011.03.04 13:27:55.839,0.85101,0.85123,2.68,2.25
2011.03.04 13:27:56.057,0.85101,0.85124,1.18,1.50
2011.03.04 13:27:56.631,0.85102,0.85124,1.18,1.50
2011.03.04 13:27:56.749,0.85102,0.85124,1.27,1.50
2011.03.04 13:27:57.078,0.85115,0.85136,1.50,1.50
2011.03.04 13:27:57.188,0.85115,0.85136,1.50,1.50
2011.03.04 13:27:57.406,0.85115,0.85139,1.93,1.50
2011.03.04 13:27:57.517,0.85115,0.8514,1.93,1.50
2011.03.04 13:27:59.458,0.85117,0.8514,1.18,3.08
2011.03.04 13:27:59.570,0.85117,0.8514,1.18,1.50
2011.03.04 13:27:59.789,0.85118,0.85141,1.18,1.50
2011.03.04 13:27:59.897,0.8512,0.85141,1.18,1.50
2011.03.04 13:28:00.362,0.8512,0.85143,1.18,2.25
2011.03.04 13:28:00.698,0.85122,0.85143,1.18,2.25
2011.03.04 13:28:01.030,0.85122,0.85143,1.18,2.25
2011.03.04 13:28:01.797,0.85122,0.85143,1.18,2.25
2011.03.04 13:28:02.239,0.85125,0.85148,1.27,1.50
2011.03.04 13:28:02.349,0.85131,0.85151,2.25,1.50
2011.03.04 13:28:02.459,0.85136,0.85153,1.18,2.25
2011.03.04 13:28:02.571,0.85138,0.85158,1.18,1.58
2011.03.04 13:28:03.296,0.85137,0.85164,1.18,3.15
2011.03.04 13:28:03.407,0.8514,0.85164,1.18,3.15
2011.03.04 13:28:04.260,0.8514,0.85164,1.18,3.08
2011.03.04 13:28:04.602,0.8514,0.85164,1.18,3.00
2011.03.04 13:28:04.718,0.8514,0.8516,1.18,1.50
2011.03.04 13:28:04.938,0.85138,0.8516,1.18,1.50
2011.03.04 13:28:05.050,0.85138,0.85153,1.18,1.50
2011.03.04 13:28:09.063,0.85132,0.85153,2.68,1.50
2011.03.04 13:28:09.186,0.85126,0.85148,1.50,2.25
2011.03.04 13:28:09.409,0.85124,0.85144,1.18,1.50
2011.03.04 13:28:09.739,0.85121,0.85141,1.18,1.50
2011.03.04 13:28:10.068,0.85126,0.85141,1.60,1.50
2011.03.04 13:28:10.290,0.8513,0.85154,1.18,1.50
2011.03.04 13:28:10.518,0.85127,0.85154,2.68,1.50
2011.03.04 13:28:11.397,0.85128,0.85149,2.02,1.50
2011.03.04 13:28:11.727,0.85138,0.85157,1.50,1.50
2011.03.04 13:28:11.840,0.85141,0.85163,1.93,3.00
2011.03.04 13:28:12.061,0.85137,0.85158,1.27,1.50
2011.03.04 13:28:12.182,0.85132,0.85155,1.18,1.50
2011.03.04 13:28:12.409,0.8513,0.85154,1.93,3.10
2011.03.04 13:28:12.781,0.8513,0.85143,1.93,1.50
2011.03.04 13:28:12.890,0.85128,0.85143,1.18,1.50
2011.03.04 13:28:13.437,0.85123,0.85143,2.68,2.25
2011.03.04 13:28:13.768,0.8513,0.85148,1.50,1.50
2011.03.04 13:28:14.097,0.85133,0.85152,1.50,1.50
2011.03.04 13:28:14.648,0.85132,0.85154,2.68,3.00
2011.03.04 13:28:14.757,0.85133,0.85154,1.93,3.00
2011.03.04 13:28:15.197,0.85135,0.85154,2.68,2.25
2011.03.04 13:28:15.967,0.85139,0.85154,1.50,2.25
2011.03.04 13:28:18.738,0.85142,0.85165,1.18,1.50
2011.03.04 13:28:18.848,0.85149,0.85173,2.25,1.50
2011.03.04 13:28:18.958,0.85154,0.85178,1.18,1.50
2011.03.04 13:28:19.506,0.85158,0.85178,1.50,1.50
2011.03.04 13:28:19.617,0.85154,0.85178,2.68,1.50
2011.03.04 13:28:20.206,0.85157,0.85178,1.50,1.50
2011.03.04 13:28:20.759,0.85153,0.85169,1.50,1.50
2011.03.04 13:28:20.872,0.85146,0.85168,1.93,1.50
2011.03.04 13:28:20.990,0.8514,0.85164,1.18,1.50
2011.03.04 13:28:21.752,0.85136,0.85157,1.93,1.50
2011.03.04 13:28:22.377,0.85143,0.85157,1.50,1.50
2011.03.04 13:28:22.707,0.85175,0.85211,1.18,2.25
2011.03.04 13:28:22.817,0.85175,0.85211,1.18,1.50
2011.03.04 13:28:22.929,0.85169,0.85204,1.18,1.50
2011.03.04 13:28:23.150,0.85169,0.85201,1.93,1.50
2011.03.04 13:28:23.259,0.85171,0.85201,1.50,1.50
2011.03.04 13:28:23.806,0.85168,0.85194,1.18,1.50
2011.03.04 13:28:24.139,0.8517,0.85198,2.68,1.50
2011.03.04 13:28:24.467,0.8517,0.85192,1.18,1.50
2011.03.04 13:28:24.799,0.8517,0.85192,1.18,1.50
2011.03.04 13:28:25.221,0.85167,0.85191,1.18,1.50
2011.03.04 13:28:25.341,0.85167,0.85191,1.27,2.25
2011.03.04 13:28:25.458,0.85174,0.85201,1.27,1.50
2011.03.04 13:28:25.569,0.85179,0.85202,1.93,1.50
2011.03.04 13:28:25.899,0.8518,0.85206,1.18,1.50
2011.03.04 13:28:26.227,0.85182,0.85206,1.18,1.50
2011.03.04 13:28:26.778,0.85182,0.85206,1.18,1.50
2011.03.04 13:28:26.997,0.8518,0.85202,1.18,1.50
2011.03.04 13:28:27.878,0.8518,0.85203,1.18,2.25
2011.03.04 13:28:27.988,0.85185,0.85203,1.18,2.25
2011.03.04 13:28:28.210,0.85191,0.85211,2.25,1.50
2011.03.04 13:28:28.639,0.85211,0.85224,1.18,2.25
2011.03.04 13:28:28.748,0.85207,0.85226,1.50,1.50
2011.03.04 13:28:29.439,0.85207,0.85229,1.93,1.50
2011.03.04 13:28:29.878,0.8521,0.85234,1.18,1.50
2011.03.04 13:28:30.209,0.8521,0.85234,1.18,1.50
2011.03.04 13:28:30.322,0.8521,0.85234,1.18,1.50
2011.03.04 13:28:30.438,0.8521,0.85234,1.18,1.50
2011.03.04 13:28:30.657,0.85206,0.85228,1.93,1.50
2011.03.04 13:28:30.988,0.85206,0.85228,1.93,1.50
2011.03.04 13:28:31.208,0.85205,0.85228,1.93,1.50
2011.03.04 13:28:31.878,0.85207,0.8523,1.93,1.50
2011.03.04 13:28:31.994,0.85205,0.85228,1.93,1.50
2011.03.04 13:28:32.110,0.85205,0.85226,1.50,1.50
2011.03.04 13:28:32.329,0.85205,0.85223,1.50,2.25
2011.03.04 13:28:33.329,0.85205,0.85212,1.50,1.50
2011.03.04 13:28:33.657,0.85201,0.85212,1.50,1.50
2011.03.04 13:28:33.879,0.85201,0.85212,1.50,1.50
2011.03.04 13:28:34.318,0.85184,0.85208,1.18,1.50
2011.03.04 13:28:34.541,0.85184,0.85204,1.18,1.50
2011.03.04 13:28:35.407,0.85184,0.85204,1.18,1.50
2011.03.04 13:28:35.847,0.85184,0.85204,1.18,1.50
2011.03.04 13:28:36.366,0.85184,0.85204,1.18,1.50
2011.03.04 13:28:37.170,0.85181,0.85206,1.18,2.25
2011.03.04 13:28:37.280,0.85181,0.85205,1.18,1.50
2011.03.04 13:28:37.400,0.85176,0.85197,1.93,1.50
2011.03.04 13:28:37.628,0.85186,0.85197,1.50,1.50
2011.03.04 13:28:38.069,0.85179,0.85194,1.50,1.50
2011.03.04 13:28:38.179,0.85166,0.85194,4.18,1.50
2011.03.04 13:28:38.288,0.85166,0.85189,4.18,1.50
2011.03.04 13:28:38.618,0.85166,0.85189,4.18,1.50
2011.03.04 13:28:38.837,0.85166,0.85188,1.93,1.50
2011.03.04 13:28:39.501,0.85162,0.85185,1.18,1.50
2011.03.04 13:28:39.729,0.8517,0.85192,1.50,1.50
2011.03.04 13:28:40.514,0.85168,0.85189,1.93,1.50
2011.03.04 13:28:40.634,0.85167,0.85189,1.18,1.50
2011.03.04 13:28:41.339,0.85167,0.85189,1.18,1.50
2011.03.04 13:28:41.560,0.85147,0.85168,2.18,1.50
2011.03.04 13:28:42.000,0.85141,0.85166,1.93,1.50
2011.03.04 13:28:42.108,0.8514,0.85166,1.18,1.50
2011.03.04 13:28:42.220,0.85136,0.85162,3.43,1.50
2011.03.04 13:28:42.448,0.85136,0.85161,1.50,1.50
2011.03.04 13:28:43.438,0.85136,0.8516,1.50,1.50
2011.03.04 13:28:43.768,0.85136,0.85154,1.50,1.50
2011.03.04 13:28:43.986,0.85127,0.85151,1.93,1.50
2011.03.04 13:28:44.207,0.85127,0.8515,1.93,1.50
2011.03.04 13:28:45.034,0.85128,0.8515,2.68,1.50
2011.03.04 13:28:45.380,0.85137,0.85159,1.93,2.25
2011.03.04 13:28:45.949,0.85128,0.85154,1.18,1.50
2011.03.04 13:28:46.500,0.85129,0.85154,1.18,1.50
2011.03.04 13:28:49.497,0.85126,0.8515,1.18,1.50
2011.03.04 13:28:49.717,0.85126,0.85148,1.18,1.50
2011.03.04 13:28:49.939,0.85122,0.85149,1.18,1.50
2011.03.04 13:28:50.048,0.85122,0.85149,1.18,1.50
2011.03.04 13:28:50.268,0.85121,0.85145,2.68,1.50
2011.03.04 13:28:50.948,0.85125,0.85147,1.18,1.50
2011.03.04 13:28:51.278,0.85118,0.85146,1.93,1.50
2011.03.04 13:28:51.390,0.85118,0.85142,1.18,1.50
2011.03.04 13:28:51.717,0.85119,0.8514,1.50,1.50
2011.03.04 13:28:51.827,0.85119,0.85142,1.50,1.50
2011.03.04 13:28:52.376,0.85116,0.8514,1.18,1.50
2011.03.04 13:28:52.708,0.85116,0.85142,1.18,2.25
2011.03.04 13:28:52.821,0.85126,0.85147,1.18,1.50
2011.03.04 13:28:52.938,0.85126,0.85147,1.18,1.50
2011.03.04 13:28:53.441,0.85123,0.85148,1.18,1.50
2011.03.04 13:28:53.777,0.85123,0.85148,1.18,1.50
2011.03.04 13:28:54.577,0.85122,0.85146,1.18,1.50
2011.03.04 13:28:57.449,0.85129,0.85152,1.93,1.50
2011.03.04 13:28:57.558,0.85129,0.85155,2.68,1.50
2011.03.04 13:28:57.668,0.85133,0.85156,1.18,1.50
2011.03.04 13:28:58.072,0.85133,0.85156,1.18,1.50
2011.03.04 13:28:58.195,0.85115,0.85138,1.93,1.50
2011.03.04 13:28:59.542,0.85117,0.85138,1.50,1.50
2011.03.04 13:29:00.518,0.85114,0.85138,1.18,1.50
2011.03.04 13:29:00.740,0.85113,0.85138,2.25,1.50
2011.03.04 13:29:00.850,0.85113,0.85138,2.25,1.50
2011.03.04 13:29:01.311,0.8511,0.85138,1.18,1.50
2011.03.04 13:29:01.650,0.85106,0.85129,2.25,1.50
2011.03.04 13:29:01.880,0.85106,0.85126,1.50,1.50
2011.03.04 13:29:03.201,0.85106,0.85129,1.50,1.50
2011.03.04 13:29:03.443,0.85106,0.85125,1.50,1.50
2011.03.04 13:29:04.977,0.85098,0.85126,1.18,1.50
2011.03.04 13:29:05.979,0.85098,0.85124,1.18,1.50
2011.03.04 13:29:06.200,0.85098,0.85126,1.18,1.50
2011.03.04 13:29:06.513,0.85095,0.85124,1.18,1.50
2011.03.04 13:29:06.624,0.85101,0.85123,1.18,2.25
2011.03.04 13:29:06.960,0.85098,0.85124,1.18,1.50
2011.03.04 13:29:07.289,0.85099,0.85126,1.93,1.50
2011.03.04 13:29:07.398,0.851,0.85126,1.18,1.50
2011.03.04 13:29:07.727,0.85104,0.85126,1.18,1.50
2011.03.04 13:29:08.939,0.85104,0.85128,1.18,1.50
2011.03.04 13:29:09.267,0.85114,0.85137,1.18,1.50
2011.03.04 13:29:09.378,0.85114,0.8514,1.18,1.50
2011.03.04 13:29:12.079,0.8511,0.85137,1.18,1.50
2011.03.04 13:29:12.188,0.8511,0.85136,1.18,1.50
2011.03.04 13:29:12.628,0.85109,0.85134,1.18,1.50
2011.03.04 13:29:13.618,0.85113,0.85136,1.18,1.50
2011.03.04 13:29:14.059,0.85109,0.85139,1.18,1.50
2011.03.04 13:29:16.437,0.85109,0.85138,1.18,1.50
2011.03.04 13:29:16.769,0.85105,0.85136,1.18,1.50
2011.03.04 13:29:16.879,0.85093,0.85124,1.18,1.50
2011.03.04 13:29:16.991,0.85093,0.85117,1.18,1.50
2011.03.04 13:29:17.108,0.85086,0.85117,1.18,1.50
2011.03.04 13:29:17.219,0.85086,0.85117,1.18,1.50
2011.03.04 13:29:17.642,0.85093,0.85119,1.18,1.50
2011.03.04 13:29:17.978,0.85093,0.8512,1.18,1.50
2011.03.04 13:29:18.093,0.85098,0.85126,1.18,2.25
2011.03.04 13:29:18.319,0.8509,0.85118,1.18,1.50
2011.03.04 13:29:18.947,0.8509,0.85119,1.18,1.50
2011.03.04 13:29:19.608,0.85094,0.85121,1.50,1.50
2011.03.04 13:29:19.828,0.85097,0.85124,1.18,1.50
2011.03.04 13:29:19.939,0.85094,0.85124,1.50,1.50
2011.03.04 13:29:20.269,0.85092,0.85123,1.18,1.50
2011.03.04 13:29:20.707,0.8509,0.8512,1.93,1.50
2011.03.04 13:29:20.927,0.85094,0.85123,1.93,1.50
2011.03.04 13:29:23.906,0.85092,0.8512,1.18,1.50
2011.03.04 13:29:24.706,0.85091,0.8512,1.18,1.50
2011.03.04 13:29:25.068,0.85086,0.85125,1.93,1.50
2011.03.04 13:29:25.507,0.85091,0.85125,1.50,1.50
2011.03.04 13:29:25.836,0.85094,0.85136,1.18,1.50
2011.03.04 13:29:26.436,0.85098,0.85135,1.18,1.50
2011.03.04 13:29:26.546,0.85096,0.85134,1.18,1.50
2011.03.04 13:29:27.348,0.85098,0.85134,1.18,1.50
2011.03.04 13:29:27.566,0.85098,0.85137,1.18,2.25
2011.03.04 13:29:29.166,0.85098,0.85137,1.18,1.50
2011.03.04 13:29:29.387,0.85096,0.85134,1.18,1.50
2011.03.04 13:29:29.828,0.85097,0.85134,1.18,1.50
2011.03.04 13:29:30.050,0.85098,0.85135,1.18,1.50
2011.03.04 13:29:30.597,0.85098,0.85137,1.18,1.50
2011.03.04 13:29:30.927,0.85098,0.8514,1.18,2.25
2011.03.04 13:29:31.037,0.85098,0.85137,1.18,1.50
2011.03.04 13:29:31.587,0.85123,0.8514,1.40,1.50
2011.03.04 13:29:31.697,0.85098,0.8514,1.18,1.50
2011.03.04 13:29:31.807,0.85098,0.85135,1.18,1.50
2011.03.04 13:29:32.247,0.851,0.85136,1.50,1.50
2011.03.04 13:29:32.577,0.85104,0.85141,1.18,1.50
2011.03.04 13:29:32.999,0.85106,0.85145,1.18,1.50
2011.03.04 13:29:33.359,0.85106,0.85144,1.18,1.50
2011.03.04 13:29:33.690,0.85096,0.85136,1.18,1.50
2011.03.04 13:29:34.458,0.85096,0.85134,1.18,1.50
2011.03.04 13:29:34.678,0.85086,0.85129,1.18,1.50
2011.03.04 13:29:34.899,0.85086,0.85129,1.18,1.50
2011.03.04 13:29:35.228,0.85089,0.85129,1.18,2.25
2011.03.04 13:29:35.447,0.85085,0.85124,1.18,1.50
2011.03.04 13:29:36.577,0.85082,0.85122,1.18,1.50
2011.03.04 13:29:37.766,0.85082,0.85122,1.18,1.50
2011.03.04 13:29:39.129,0.85085,0.85125,1.18,1.50
2011.03.04 13:29:39.458,0.85085,0.85128,1.18,1.50
2011.03.04 13:29:40.026,0.85085,0.85124,1.18,1.50
2011.03.04 13:29:40.138,0.85082,0.85122,1.18,2.25
2011.03.04 13:29:40.248,0.85084,0.85122,1.18,1.50
2011.03.04 13:29:40.359,0.85082,0.85126,1.50,1.50
2011.03.04 13:29:40.579,0.85089,0.85128,1.18,1.50
2011.03.04 13:29:40.907,0.851,0.85142,1.18,1.50
2011.03.04 13:29:41.019,0.85111,0.85153,1.18,1.50
2011.03.04 13:29:41.530,0.851,0.85142,3.00,1.50
2011.03.04 13:29:41.636,0.851,0.85137,2.25,1.50
2011.03.04 13:29:41.747,0.85125,0.85135,1.50,1.50
2011.03.04 13:29:41.966,0.85124,0.85142,1.50,1.50
2011.03.04 13:29:42.187,0.85132,0.85152,1.50,1.50
2011.03.04 13:29:42.406,0.85139,0.8515,1.50,1.50
2011.03.04 13:29:42.517,0.85107,0.8515,1.93,1.50
2011.03.04 13:29:42.627,0.85107,0.85143,2.25,1.50
2011.03.04 13:29:42.956,0.85115,0.85143,1.50,1.50
2011.03.04 13:29:43.067,0.85121,0.85178,1.50,1.50
2011.03.04 13:29:43.287,0.85125,0.85178,1.50,1.50
2011.03.04 13:29:43.397,0.85114,0.85183,2.25,1.50
2011.03.04 13:29:43.508,0.85114,0.85183,2.25,1.50
2011.03.04 13:29:43.836,0.85122,0.85178,1.50,1.50
2011.03.04 13:29:44.166,0.85124,0.85183,1.50,1.50
2011.03.04 13:29:44.657,0.85087,0.85173,1.50,1.50
2011.03.04 13:29:44.766,0.8508,0.85173,2.25,1.50
2011.03.04 13:29:45.106,0.85084,0.85173,1.50,1.50
2011.03.04 13:29:45.436,0.85083,0.85178,1.50,1.50
2011.03.04 13:29:45.765,0.8509,0.85184,1.93,2.25
2011.03.04 13:29:45.874,0.8509,0.85163,1.50,1.50
2011.03.04 13:29:46.094,0.85079,0.8516,2.25,1.50
2011.03.04 13:29:46.205,0.85112,0.8516,1.50,1.50
2011.03.04 13:29:46.425,0.85112,0.85166,1.50,1.50
2011.03.04 13:29:46.646,0.85112,0.85157,1.50,1.50
2011.03.04 13:29:47.796,0.85122,0.85167,1.50,1.50
2011.03.04 13:29:48.014,0.85122,0.8517,1.50,1.50
2011.03.04 13:29:48.563,0.85122,0.85162,1.50,1.50
2011.03.04 13:29:48.783,0.85122,0.85181,1.50,1.50
2011.03.04 13:29:49.473,0.85122,0.85181,1.50,1.50
2011.03.04 13:29:49.923,0.85122,0.85188,1.50,1.50
2011.03.04 13:29:50.259,0.85122,0.85188,1.50,1.50
2011.03.04 13:29:50.484,0.85122,0.85188,1.50,1.50
2011.03.04 13:29:50.814,0.85048,0.85171,1.93,1.73
2011.03.04 13:29:51.035,0.85112,0.85171,1.50,1.50
2011.03.04 13:29:51.363,0.85112,0.85161,1.50,1.50
2011.03.04 13:29:52.043,0.85122,0.85159,1.50,1.50
2011.03.04 13:29:52.484,0.85122,0.85159,1.50,1.50
2011.03.04 13:29:52.813,0.85122,0.85159,1.50,1.50
2011.03.04 13:29:52.923,0.85122,0.85155,1.50,1.50
2011.03.04 13:29:53.253,0.85122,0.85166,1.50,1.50
2011.03.04 13:29:53.365,0.85122,0.85163,1.50,1.50
2011.03.04 13:29:53.583,0.85122,0.85148,1.50,1.50
2011.03.04 13:29:53.938,0.85034,0.85147,1.18,1.50
2011.03.04 13:29:54.693,0.85032,0.85129,2.25,1.50
2011.03.04 13:29:55.137,0.85039,0.8513,1.18,1.50
2011.03.04 13:29:55.243,0.85026,0.85139,1.18,1.50
2011.03.04 13:29:55.463,0.85023,0.85138,1.18,1.50
2011.03.04 13:29:56.014,0.85022,0.85139,1.48,1.50
2011.03.04 13:29:56.343,0.85022,0.85138,1.55,1.50
2011.03.04 13:29:57.004,0.85023,0.8514,1.33,1.50
2011.03.04 13:29:57.223,0.85023,0.8514,1.18,1.50
2011.03.04 13:29:58.613,0.85023,0.8514,1.18,1.50
2011.03.04 13:29:58.943,0.85023,0.85139,1.18,1.50
2011.03.04 13:29:59.163,0.85023,0.85138,1.18,1.50
2011.03.04 13:29:59.383,0.85018,0.85138,1.18,1.50
2011.03.04 13:29:59.493,0.85048,0.85152,1.18,1.50
2011.03.04 13:29:59.822,0.85039,0.85146,1.18,1.50
2011.03.04 13:30:00.402,0.85039,0.8515,1.18,1.50
2011.03.04 13:30:00.622,0.85029,0.85132,1.18,1.50
2011.03.04 13:30:00.953,0.84964,0.85098,1.18,1.50
2011.03.04 13:30:01.065,0.84964,0.85091,1.18,1.50
2011.03.04 13:30:01.396,0.84964,0.85077,4.02,1.50
2011.03.04 13:30:01.614,0.85029,0.85148,2.25,1.50
2011.03.04 13:30:01.724,0.85058,0.85156,1.50,1.50
2011.03.04 13:30:02.113,0.85064,0.85185,1.50,1.50
2011.03.04 13:30:02.555,0.85039,0.85159,1.18,1.50
2011.03.04 13:30:02.665,0.85049,0.85168,1.18,1.50
2011.03.04 13:30:02.777,0.84989,0.85162,1.50,1.50
2011.03.04 13:30:02.887,0.84999,0.85126,1.50,1.50
2011.03.04 13:30:02.997,0.85003,0.85121,1.50,1.50
2011.03.04 13:30:03.325,0.85018,0.85121,1.50,1.50
2011.03.04 13:30:03.767,0.85063,0.85166,1.50,1.50
2011.03.04 13:30:03.987,0.85074,0.8518,1.50,1.50
2011.03.04 13:30:04.097,0.85081,0.85193,1.18,1.50
2011.03.04 13:30:04.208,0.85077,0.85194,1.18,3.00
2011.03.04 13:30:04.755,0.85093,0.85194,2.25,2.25
2011.03.04 13:30:05.088,0.85124,0.85194,1.50,1.50
2011.03.04 13:30:05.417,0.85124,0.85194,1.50,1.50
2011.03.04 13:30:05.917,0.85148,0.85222,1.50,1.50
2011.03.04 13:30:06.027,0.85148,0.85242,1.50,1.50
2011.03.04 13:30:06.136,0.85189,0.85276,1.50,1.50
2011.03.04 13:30:06.246,0.85188,0.85286,2.25,1.95
2011.03.04 13:30:06.356,0.85189,0.85282,1.50,1.73
2011.03.04 13:30:06.577,0.85196,0.85292,2.25,1.50
2011.03.04 13:30:06.686,0.85194,0.85286,1.58,1.50
2011.03.04 13:30:06.797,0.85188,0.85268,1.50,1.50
2011.03.04 13:30:07.018,0.85168,0.85257,1.50,2.55
2011.03.04 13:30:07.347,0.85199,0.85257,1.95,1.50
2011.03.04 13:30:07.678,0.85234,0.85275,1.50,2.25
2011.03.04 13:30:07.788,0.85234,0.85286,1.50,1.50
2011.03.04 13:30:07.899,0.85218,0.85297,1.50,3.80
2011.03.04 13:30:08.348,0.85244,0.85297,1.50,1.50
2011.03.04 13:30:08.459,0.85234,0.85296,2.25,1.50
2011.03.04 13:30:08.788,0.85228,0.85296,1.50,1.50
2011.03.04 13:30:08.901,0.85192,0.85296,2.68,1.88
2011.03.04 13:30:09.019,0.85238,0.85297,2.25,1.50
2011.03.04 13:30:09.127,0.85234,0.85296,2.25,1.50
2011.03.04 13:30:09.237,0.85243,0.85297,2.25,1.50
2011.03.04 13:30:09.567,0.85214,0.85296,1.50,1.50
2011.03.04 13:30:09.899,0.85238,0.85296,1.50,1.50
2011.03.04 13:30:10.010,0.85238,0.85296,1.50,1.88
2011.03.04 13:30:10.118,0.85245,0.85297,2.25,1.50
2011.03.04 13:30:10.341,0.85239,0.85296,1.50,1.50
2011.03.04 13:30:10.743,0.8523,0.85296,1.18,2.25
2011.03.04 13:30:10.861,0.85263,0.85297,1.50,1.50
2011.03.04 13:30:11.198,0.85288,0.85349,4.26,1.50
2011.03.04 13:30:11.528,0.85284,0.85341,2.23,1.50
2011.03.04 13:30:11.762,0.85264,0.85341,1.48,1.50
2011.03.04 13:30:12.231,0.85274,0.85336,1.48,1.50
2011.03.04 13:30:12.591,0.85269,0.85336,1.50,2.25
2011.03.04 13:30:12.710,0.85269,0.85336,2.23,2.25
2011.03.04 13:30:12.820,0.85273,0.85336,2.23,1.50
2011.03.04 13:30:13.243,0.85293,0.85342,2.23,3.00
2011.03.04 13:30:13.579,0.85289,0.85351,1.50,2.25
2011.03.04 13:30:13.798,0.85279,0.85347,1.48,1.50
2011.03.04 13:30:14.019,0.85293,0.85348,1.48,1.50
2011.03.04 13:30:14.129,0.85294,0.85348,1.48,1.50
2011.03.04 13:30:14.459,0.85326,0.85376,1.48,1.50
2011.03.04 13:30:14.568,0.85324,0.85376,1.50,2.25
2011.03.04 13:30:14.789,0.85324,0.85376,2.23,1.50
2011.03.04 13:30:15.153,0.85354,0.85376,1.48,1.50
2011.03.04 13:30:15.270,0.85344,0.85376,2.23,1.50
2011.03.04 13:30:15.600,0.85354,0.85385,2.23,1.50
2011.03.04 13:30:15.745,0.85343,0.85385,1.50,1.50
2011.03.04 13:30:15.861,0.85338,0.85385,1.48,1.50
2011.03.04 13:30:15.984,0.85338,0.85385,2.23,2.25
2011.03.04 13:30:16.209,0.85349,0.85385,2.23,2.25
2011.03.04 13:30:16.431,0.85334,0.85385,3.23,2.25
2011.03.04 13:30:16.550,0.85334,0.85385,1.48,2.25
2011.03.04 13:30:16.661,0.85333,0.85385,2.42,2.35
2011.03.04 13:30:16.888,0.8533,0.85386,1.13,3.00
2011.03.04 13:30:17.114,0.85329,0.85391,1.13,1.50
2011.03.04 13:30:17.229,0.85329,0.85391,2.61,3.10
2011.03.04 13:30:17.849,0.85334,0.85391,1.67,2.35
2011.03.04 13:30:17.963,0.85334,0.85382,1.67,1.60
2011.03.04 13:30:18.520,0.85319,0.85376,1.67,2.35
2011.03.04 13:30:18.628,0.85313,0.85376,3.17,1.60
2011.03.04 13:30:18.850,0.85314,0.85376,1.67,2.44
2011.03.04 13:30:18.961,0.85319,0.85376,1.69,2.35
2011.03.04 13:30:19.324,0.85314,0.85357,1.60,1.60
2011.03.04 13:30:19.550,0.85314,0.85356,1.69,1.50
2011.03.04 13:30:19.877,0.85323,0.85376,1.60,1.69
2011.03.04 13:30:19.988,0.85323,0.85376,1.58,1.60
2011.03.04 13:30:20.433,0.85318,0.85376,2.42,1.60
2011.03.04 13:30:20.556,0.85318,0.85367,2.42,1.60
2011.03.04 13:30:20.890,0.85319,0.85366,1.58,2.35
2011.03.04 13:30:20.998,0.85319,0.85366,1.60,2.35
2011.03.04 13:30:21.218,0.85319,0.85366,1.60,1.60
2011.03.04 13:30:21.439,0.8532,0.85374,1.55,1.60
2011.03.04 13:30:21.770,0.85325,0.85374,1.13,1.50
2011.03.04 13:30:22.099,0.85329,0.85374,1.86,1.50
2011.03.04 13:30:22.432,0.85306,0.85347,1.36,2.25
2011.03.04 13:30:22.775,0.85304,0.85346,2.28,2.25
2011.03.04 13:30:22.892,0.85304,0.85351,1.36,1.60
2011.03.04 13:30:23.008,0.85304,0.85341,1.55,1.50
2011.03.04 13:30:23.120,0.85304,0.85346,1.67,1.50
2011.03.04 13:30:23.230,0.85304,0.85352,1.13,1.50
2011.03.04 13:30:23.558,0.85298,0.85341,1.55,1.50
2011.03.04 13:30:23.889,0.85313,0.85353,1.13,1.50
2011.03.04 13:30:23.999,0.85321,0.85367,1.36,1.50
2011.03.04 13:30:24.550,0.85315,0.85361,1.74,1.50
2011.03.04 13:30:24.773,0.85311,0.85366,1.27,1.69
2011.03.04 13:30:25.276,0.85319,0.85371,2.65,1.60
2011.03.04 13:30:25.392,0.85319,0.85377,2.09,1.60
2011.03.04 13:30:25.847,0.85323,0.85366,1.27,3.10
2011.03.04 13:30:26.190,0.85308,0.85361,1.36,2.35
2011.03.04 13:30:26.631,0.85308,0.85357,2.75,1.60
2011.03.04 13:30:27.453,0.85318,0.85365,2.42,1.50
2011.03.04 13:30:27.606,0.85323,0.85373,2.42,1.60
2011.03.04 13:30:27.831,0.85324,0.85373,1.58,1.60
2011.03.04 13:30:27.951,0.85333,0.85373,2.33,1.50
2011.03.04 13:30:28.072,0.85334,0.85386,1.36,2.35
2011.03.04 13:30:28.301,0.85337,0.85381,1.27,1.60
2011.03.04 13:30:28.408,0.85337,0.85381,1.27,1.60
2011.03.04 13:30:28.522,0.85332,0.85386,1.34,2.35
2011.03.04 13:30:28.638,0.85333,0.85386,1.58,2.35
2011.03.04 13:30:28.749,0.85334,0.85383,1.69,1.60
2011.03.04 13:30:29.078,0.85344,0.85382,1.67,1.50
2011.03.04 13:30:29.302,0.85347,0.85386,1.27,1.50
2011.03.04 13:30:29.725,0.85352,0.85382,1.18,1.69
2011.03.04 13:30:29.839,0.85339,0.85379,1.27,1.60
2011.03.04 13:30:30.060,0.85336,0.85379,1.27,1.50
2011.03.04 13:30:30.393,0.85341,0.85379,1.27,1.50
2011.03.04 13:30:30.524,0.85341,0.85384,1.36,1.50
2011.03.04 13:30:30.642,0.85343,0.85384,1.27,1.50
2011.03.04 13:30:30.760,0.85346,0.85388,1.27,1.60
2011.03.04 13:30:30.869,0.85346,0.85389,1.27,1.60
2011.03.04 13:30:31.200,0.85344,0.85382,1.18,1.60
2011.03.04 13:30:31.310,0.8534,0.85382,1.18,1.60
2011.03.04 13:30:31.418,0.8534,0.85381,1.18,1.69
2011.03.04 13:30:31.528,0.85335,0.85375,1.27,1.50
2011.03.04 13:30:31.933,0.85335,0.85375,1.27,1.50
2011.03.04 13:30:32.056,0.85339,0.85379,1.36,1.50
2011.03.04 13:30:32.392,0.85354,0.85387,1.18,3.00
2011.03.04 13:30:32.511,0.85353,0.85381,1.18,2.25
2011.03.04 13:30:32.634,0.85351,0.85381,1.18,1.50
2011.03.04 13:30:32.973,0.85334,0.85367,1.43,1.50
2011.03.04 13:30:33.093,0.85334,0.85356,1.22,1.50
2011.03.04 13:30:33.211,0.85332,0.85356,1.50,1.50
2011.03.04 13:30:33.331,0.85327,0.85356,2.86,1.50
2011.03.04 13:30:33.450,0.85327,0.85356,1.18,1.50
2011.03.04 13:30:34.146,0.85327,0.8536,2.68,1.69
2011.03.04 13:30:34.266,0.85345,0.85371,1.18,1.50
2011.03.04 13:30:34.631,0.85326,0.85367,1.18,1.69
2011.03.04 13:30:34.753,0.85323,0.85351,1.36,2.25
2011.03.04 13:30:35.091,0.85327,0.8535,1.50,1.50
2011.03.04 13:30:35.432,0.85292,0.85332,1.36,1.50
2011.03.04 13:30:35.659,0.85293,0.8533,1.36,1.50
2011.03.04 13:30:35.879,0.85291,0.8533,1.18,1.69
2011.03.04 13:30:36.394,0.85288,0.85331,1.34,3.19
2011.03.04 13:30:36.510,0.85286,0.85323,1.50,1.50
2011.03.04 13:30:36.849,0.8528,0.85323,1.50,1.69
2011.03.04 13:30:36.959,0.85277,0.85316,1.50,1.50
2011.03.04 13:30:37.178,0.85277,0.85316,1.50,1.50
2011.03.04 13:30:37.510,0.85277,0.8531,1.50,1.50
2011.03.04 13:30:37.620,0.85266,0.8531,2.11,1.69
2011.03.04 13:30:37.729,0.85266,0.8531,2.11,1.69
2011.03.04 13:30:38.277,0.8526,0.85307,1.36,1.69
2011.03.04 13:30:38.817,0.85262,0.85309,1.69,1.69
2011.03.04 13:30:39.038,0.85261,0.8531,1.36,1.69
2011.03.04 13:30:39.259,0.85257,0.85304,3.05,1.50
2011.03.04 13:30:39.369,0.85263,0.85302,1.36,1.50
2011.03.04 13:30:39.699,0.85269,0.85309,1.36,1.50
2011.03.04 13:30:39.811,0.85269,0.85309,1.36,1.50
2011.03.04 13:30:40.152,0.85269,0.85309,1.18,1.69
2011.03.04 13:30:40.269,0.85263,0.85296,1.50,1.50
2011.03.04 13:30:40.379,0.85256,0.85296,1.18,1.50
2011.03.04 13:30:40.489,0.85256,0.85296,1.18,1.50
2011.03.04 13:30:40.708,0.85258,0.85296,2.65,1.50
2011.03.04 13:30:40.817,0.85261,0.85296,1.50,1.50
2011.03.04 13:30:41.173,0.85262,0.85304,1.18,1.50
2011.03.04 13:30:41.316,0.85273,0.85317,1.36,1.50
2011.03.04 13:30:41.650,0.85282,0.85322,1.18,1.50
2011.03.04 13:30:41.978,0.85287,0.85326,1.18,3.75
2011.03.04 13:30:42.311,0.85284,0.85326,1.18,1.50
2011.03.04 13:30:42.650,0.85284,0.85329,1.18,1.50
2011.03.04 13:30:42.981,0.85293,0.85331,1.36,2.25
2011.03.04 13:30:43.099,0.85297,0.85331,2.44,1.50
2011.03.04 13:30:43.209,0.853,0.85331,1.93,2.25
2011.03.04 13:30:43.700,0.85299,0.85329,1.18,1.50
2011.03.04 13:30:43.923,0.85293,0.8532,1.18,1.50
2011.03.04 13:30:44.041,0.85293,0.8532,1.18,1.50
2011.03.04 13:30:44.270,0.85286,0.85316,1.18,1.50
2011.03.04 13:30:44.380,0.85286,0.85316,1.18,1.50
2011.03.04 13:30:44.491,0.85282,0.85315,1.18,1.50
2011.03.04 13:30:44.610,0.85282,0.85316,1.18,1.50
2011.03.04 13:30:44.721,0.85283,0.85318,1.18,1.50
2011.03.04 13:30:45.057,0.85288,0.8532,1.18,1.50
2011.03.04 13:30:45.387,0.85292,0.85319,1.18,1.50
2011.03.04 13:30:45.828,0.85294,0.85325,1.18,1.50
2011.03.04 13:30:45.940,0.85294,0.85327,1.18,1.50
2011.03.04 13:30:46.363,0.85298,0.85332,1.18,1.50
2011.03.04 13:30:46.699,0.85304,0.85332,1.55,1.50
2011.03.04 13:30:47.030,0.853,0.85332,1.18,1.50
2011.03.04 13:30:47.138,0.85299,0.85326,1.18,1.50
2011.03.04 13:30:47.359,0.85291,0.85319,1.18,1.50
2011.03.04 13:30:47.909,0.8529,0.85325,1.18,1.50
2011.03.04 13:30:48.020,0.85292,0.85319,1.18,1.50
2011.03.04 13:30:48.240,0.85292,0.85321,1.55,1.50
2011.03.04 13:30:48.459,0.85299,0.85333,1.18,1.50
2011.03.04 13:30:48.813,0.85305,0.85335,1.18,1.50
2011.03.04 13:30:48.934,0.85295,0.85327,1.18,1.50
2011.03.04 13:30:49.051,0.85292,0.85327,1.18,1.50
2011.03.04 13:30:49.171,0.85292,0.85327,1.55,1.50
2011.03.04 13:30:49.291,0.85294,0.85327,3.03,1.50
2011.03.04 13:30:49.411,0.85294,0.85327,1.55,1.50
2011.03.04 13:30:49.641,0.85294,0.85327,1.93,1.50
2011.03.04 13:30:49.984,0.85294,0.85325,1.18,1.50
2011.03.04 13:30:50.100,0.85294,0.85325,1.15,1.50
2011.03.04 13:30:50.213,0.85293,0.85324,1.15,1.50
2011.03.04 13:30:50.439,0.85296,0.85328,1.18,1.50
2011.03.04 13:30:51.016,0.85296,0.85328,1.18,1.50
2011.03.04 13:30:51.288,0.85301,0.85331,1.18,1.50
2011.03.04 13:30:51.630,0.85296,0.85332,1.18,1.50
2011.03.04 13:30:52.070,0.85314,0.85341,2.97,3.75
2011.03.04 13:30:52.399,0.85314,0.8534,2.77,1.50
2011.03.04 13:30:52.727,0.85313,0.85338,1.77,1.50
2011.03.04 13:30:53.057,0.85313,0.85342,1.34,1.50
2011.03.04 13:30:53.167,0.85313,0.85342,1.34,1.50
2011.03.04 13:30:53.685,0.85314,0.85342,2.37,1.50
2011.03.04 13:30:54.229,0.85314,0.85342,1.14,1.50
2011.03.04 13:30:54.337,0.85314,0.85342,1.14,1.50
2011.03.04 13:30:54.450,0.85312,0.85341,1.18,2.25
2011.03.04 13:30:55.202,0.85298,0.85329,1.18,1.50
2011.03.04 13:30:55.543,0.85287,0.85313,1.18,1.50
2011.03.04 13:30:55.661,0.85285,0.85313,1.18,1.50
2011.03.04 13:30:55.781,0.85285,0.85313,1.18,1.50
2011.03.04 13:30:56.418,0.85285,0.85316,1.18,1.50
2011.03.04 13:30:56.751,0.8528,0.85312,1.55,1.50
2011.03.04 13:30:57.419,0.85278,0.85309,1.18,1.50
2011.03.04 13:30:57.637,0.85277,0.85309,1.18,1.50
2011.03.04 13:30:57.858,0.85277,0.85309,1.18,1.50
2011.03.04 13:30:57.969,0.85278,0.85309,1.18,1.50
2011.03.04 13:30:58.298,0.8528,0.85309,1.18,1.50
2011.03.04 13:30:58.628,0.85277,0.85309,1.18,1.50
2011.03.04 13:30:58.741,0.85279,0.85308,1.18,1.50
2011.03.04 13:30:59.146,0.85281,0.85308,1.18,1.50
2011.03.04 13:30:59.609,0.85287,0.85316,1.18,1.50
2011.03.04 13:30:59.721,0.85294,0.85318,1.50,2.25
2011.03.04 13:31:00.379,0.85293,0.85317,1.50,1.50
2011.03.04 13:31:00.930,0.85294,0.85318,1.50,2.25
2011.03.04 13:31:01.257,0.85294,0.85319,1.50,1.50
2011.03.04 13:31:01.803,0.85284,0.85306,2.80,1.50
2011.03.04 13:31:02.151,0.85272,0.853,1.18,1.50
2011.03.04 13:31:02.270,0.85275,0.85303,1.18,1.50
2011.03.04 13:31:02.709,0.85275,0.85306,1.18,1.50
2011.03.04 13:31:03.263,0.85279,0.85306,1.18,1.50
2011.03.04 13:31:03.817,0.85279,0.85309,1.18,1.50
2011.03.04 13:31:04.150,0.85279,0.85309,1.93,1.50
2011.03.04 13:31:04.259,0.85284,0.85309,1.13,1.50
2011.03.04 13:31:04.731,0.85293,0.85319,1.48,1.50
2011.03.04 13:31:04.865,0.85292,0.85323,1.18,1.50
2011.03.04 13:31:04.980,0.85297,0.85324,1.18,1.50
2011.03.04 13:31:05.506,0.85294,0.85327,1.18,1.50
2011.03.04 13:31:05.743,0.85294,0.85323,1.18,1.50
2011.03.04 13:31:06.072,0.85299,0.85327,1.18,1.50
2011.03.04 13:31:07.079,0.85299,0.85327,1.18,1.50
2011.03.04 13:31:07.730,0.85294,0.85321,1.18,1.50
2011.03.04 13:31:07.841,0.85294,0.85321,1.18,1.50
2011.03.04 13:31:08.290,0.85295,0.85324,1.18,1.50
2011.03.04 13:31:08.840,0.8529,0.8532,1.18,1.50
2011.03.04 13:31:08.951,0.85289,0.8532,1.18,1.50
2011.03.04 13:31:09.289,0.85289,0.85317,1.18,1.50
2011.03.04 13:31:09.511,0.85289,0.85317,1.55,1.50
2011.03.04 13:31:09.976,0.85294,0.85318,1.15,1.50
2011.03.04 13:31:10.105,0.85297,0.85328,1.18,1.50
2011.03.04 13:31:10.220,0.85296,0.85324,1.18,1.50
2011.03.04 13:31:10.770,0.85294,0.85321,1.18,1.50
2011.03.04 13:31:11.110,0.85297,0.85324,1.11,1.50
2011.03.04 13:31:11.219,0.85302,0.85331,1.18,1.50
2011.03.04 13:31:11.549,0.85303,0.85331,1.55,1.50
2011.03.04 13:31:11.834,0.85307,0.85335,1.18,1.50
2011.03.04 13:31:12.060,0.85307,0.85335,1.18,1.50
2011.03.04 13:31:12.170,0.85306,0.85336,1.18,1.50
2011.03.04 13:31:12.279,0.85304,0.85333,1.18,1.50
2011.03.04 13:31:12.701,0.85307,0.85333,1.13,1.50
2011.03.04 13:31:12.812,0.85311,0.8534,1.18,2.25
2011.03.04 13:31:13.389,0.85311,0.85338,1.18,1.50
2011.03.04 13:31:13.828,0.85313,0.8534,1.18,2.25
2011.03.04 13:31:13.940,0.85313,0.8534,1.18,2.25
2011.03.04 13:31:14.380,0.85304,0.85339,1.18,1.50
2011.03.04 13:31:14.492,0.85299,0.85328,1.18,1.50
2011.03.04 13:31:14.609,0.853,0.8533,1.18,1.50
2011.03.04 13:31:14.719,0.85305,0.85333,1.18,1.50
2011.03.04 13:31:15.294,0.8531,0.85337,1.18,1.50
2011.03.04 13:31:15.517,0.85307,0.85338,1.18,1.50
2011.03.04 13:31:16.039,0.85307,0.85338,1.18,1.50
2011.03.04 13:31:16.950,0.85308,0.8534,1.18,3.00
2011.03.04 13:31:17.060,0.85314,0.8534,1.18,1.50
2011.03.04 13:31:18.122,0.85319,0.85347,1.18,1.50
2011.03.04 13:31:18.651,0.8531,0.85338,1.18,1.50
2011.03.04 13:31:18.759,0.85315,0.85346,1.55,1.50
2011.03.04 13:31:18.869,0.85315,0.85343,1.18,1.50
2011.03.04 13:31:18.980,0.8531,0.85338,1.18,1.50
2011.03.04 13:31:19.092,0.85302,0.85331,2.30,1.50
2011.03.04 13:31:19.647,0.85302,0.85331,2.30,1.50
2011.03.04 13:31:20.065,0.85314,0.85343,1.18,1.50
2011.03.04 13:31:20.181,0.85313,0.85344,1.18,1.50
2011.03.04 13:31:20.298,0.85314,0.85343,2.98,1.50
2011.03.04 13:31:20.412,0.85315,0.85345,1.18,1.50
2011.03.04 13:31:20.971,0.8531,0.8534,1.18,1.50
2011.03.04 13:31:21.309,0.85304,0.85335,1.93,1.50
2011.03.04 13:31:21.419,0.85308,0.85338,1.18,2.25
2011.03.04 13:31:21.971,0.85299,0.85328,2.68,1.50
2011.03.04 13:31:22.387,0.85293,0.85323,1.18,1.50
2011.03.04 13:31:22.498,0.85289,0.85316,2.61,1.50
2011.03.04 13:31:22.828,0.85285,0.85316,1.18,2.25
2011.03.04 13:31:23.158,0.85283,0.85311,1.18,1.50
2011.03.04 13:31:23.268,0.85282,0.85311,1.18,1.50
2011.03.04 13:31:23.489,0.85283,0.85314,1.18,1.50
2011.03.04 13:31:23.818,0.85284,0.85314,1.13,1.50
2011.03.04 13:31:24.148,0.85293,0.85325,1.18,1.50
2011.03.04 13:31:24.257,0.85296,0.85325,1.18,1.50
2011.03.04 13:31:24.822,0.85302,0.85337,1.18,2.25
2011.03.04 13:31:25.071,0.85301,0.85331,1.18,1.50
2011.03.04 13:31:25.300,0.853,0.85329,1.18,1.50
2011.03.04 13:31:25.521,0.85302,0.85333,1.18,1.50
2011.03.04 13:31:25.638,0.85303,0.85333,1.18,1.50
2011.03.04 13:31:25.860,0.853,0.85332,1.18,1.50
2011.03.04 13:31:26.377,0.853,0.85328,1.18,1.50
2011.03.04 13:31:26.598,0.85304,0.85333,1.18,1.50
2011.03.04 13:31:27.207,0.85304,0.85335,1.18,1.50
2011.03.04 13:31:27.321,0.85308,0.85337,1.18,1.50
2011.03.04 13:31:27.987,0.85308,0.85335,1.18,1.50
2011.03.04 13:31:28.209,0.85308,0.85335,1.18,1.50
2011.03.04 13:31:28.319,0.85307,0.85331,1.50,1.50
2011.03.04 13:31:28.649,0.85307,0.85333,1.93,1.50
2011.03.04 13:31:28.758,0.85307,0.85335,1.93,1.50
2011.03.04 13:31:28.980,0.85307,0.85332,1.50,1.50
2011.03.04 13:31:29.101,0.85297,0.85325,2.25,1.50
2011.03.04 13:31:29.545,0.85297,0.85325,1.50,2.25
2011.03.04 13:31:29.659,0.85297,0.85325,2.25,2.25
2011.03.04 13:31:29.987,0.85308,0.85339,1.55,1.50
2011.03.04 13:31:30.098,0.85317,0.85339,1.50,1.50
2011.03.04 13:31:30.711,0.85319,0.85344,1.18,1.50
2011.03.04 13:31:30.845,0.85325,0.85359,1.18,1.50
2011.03.04 13:31:30.960,0.85326,0.85358,1.93,1.50
2011.03.04 13:31:31.287,0.85326,0.85354,2.68,1.50
2011.03.04 13:31:31.728,0.85326,0.85356,2.68,1.50
2011.03.04 13:31:32.712,0.85339,0.85365,1.18,1.50
2011.03.04 13:31:32.830,0.85338,0.85365,1.18,1.50
2011.03.04 13:31:33.050,0.85335,0.85367,1.18,1.50
2011.03.04 13:31:33.379,0.85335,0.85367,1.18,1.50
2011.03.04 13:31:33.602,0.85338,0.85369,1.18,1.50
2011.03.04 13:31:33.940,0.85338,0.85371,1.55,2.25
2011.03.04 13:31:34.052,0.85341,0.85372,1.18,1.50
2011.03.04 13:31:34.281,0.85341,0.85372,1.18,1.50
2011.03.04 13:31:34.510,0.8534,0.85366,1.18,1.50
2011.03.04 13:31:35.037,0.85337,0.85366,2.68,1.50
2011.03.04 13:31:35.150,0.85344,0.85372,1.18,1.65
2011.03.04 13:31:35.478,0.85344,0.85372,1.18,1.65
2011.03.04 13:31:35.810,0.85344,0.85372,1.18,1.50
2011.03.04 13:31:36.031,0.85344,0.85373,1.18,2.25
2011.03.04 13:31:36.153,0.85348,0.85376,1.18,1.50
2011.03.04 13:31:36.490,0.85345,0.85371,1.18,1.50
2011.03.04 13:31:36.821,0.85343,0.8537,1.18,1.50
2011.03.04 13:31:37.159,0.85352,0.85378,1.18,1.50
2011.03.04 13:31:37.587,0.85352,0.85378,1.18,1.50
2011.03.04 13:31:37.713,0.85352,0.85383,1.18,1.65
2011.03.04 13:31:38.268,0.85352,0.85379,1.18,1.50
2011.03.04 13:31:38.492,0.8536,0.85387,1.18,1.50
2011.03.04 13:31:38.828,0.85359,0.85391,1.18,1.65
2011.03.04 13:31:38.938,0.85359,0.85391,1.18,1.50
2011.03.04 13:31:39.488,0.85354,0.85382,1.18,3.75
2011.03.04 13:31:39.743,0.85354,0.85382,1.18,2.25
2011.03.04 13:31:40.377,0.8535,0.85376,1.18,1.50
2011.03.04 13:31:40.505,0.85343,0.85375,1.18,1.50
2011.03.04 13:31:40.620,0.85343,0.85371,1.18,1.50
2011.03.04 13:31:40.841,0.85335,0.85362,1.18,1.50
2011.03.04 13:31:41.070,0.85328,0.85359,1.18,1.50
2011.03.04 13:31:41.289,0.85328,0.85359,1.18,1.58
2011.03.04 13:31:41.399,0.85322,0.85353,1.18,1.65
2011.03.04 13:31:41.509,0.85322,0.85353,1.18,1.65
2011.03.04 13:31:41.729,0.85332,0.85357,1.18,1.05
2011.03.04 13:31:42.059,0.85333,0.85363,1.18,1.13
2011.03.04 13:31:42.389,0.85336,0.85365,1.18,1.50
2011.03.04 13:31:42.911,0.85336,0.85365,1.18,1.50
2011.03.04 13:31:43.691,0.85327,0.85355,1.18,1.50
2011.03.04 13:31:44.139,0.85324,0.85355,1.18,1.50
2011.03.04 13:31:44.360,0.85324,0.85355,1.18,1.50
2011.03.04 13:31:44.580,0.85328,0.85356,1.18,1.50
2011.03.04 13:31:45.285,0.85328,0.85356,1.18,1.50
2011.03.04 13:31:45.402,0.85328,0.85356,1.18,1.50
2011.03.04 13:31:45.961,0.85328,0.85352,1.18,1.50
2011.03.04 13:31:46.079,0.85324,0.85353,1.18,1.50
2011.03.04 13:31:46.410,0.85325,0.8535,1.18,1.50
2011.03.04 13:31:46.968,0.85325,0.8535,1.18,1.50
2011.03.04 13:31:47.189,0.85325,0.8535,1.18,1.50
2011.03.04 13:31:47.299,0.85333,0.8535,1.48,1.50
2011.03.04 13:31:47.409,0.8533,0.85351,1.15,1.50
2011.03.04 13:31:47.519,0.85329,0.85351,3.35,1.50
2011.03.04 13:31:48.005,0.85329,0.85362,4.10,2.25
2011.03.04 13:31:48.125,0.85338,0.85358,1.48,1.50
2011.03.04 13:31:48.242,0.85337,0.85361,1.93,1.50
2011.03.04 13:31:48.362,0.85337,0.85359,1.50,1.50
2011.03.04 13:31:48.590,0.85328,0.85354,1.90,1.50
2011.03.04 13:31:48.699,0.85337,0.85354,1.50,1.50
2011.03.04 13:31:48.919,0.85327,0.85354,1.93,1.50
2011.03.04 13:31:49.250,0.85323,0.85352,1.18,1.50
2011.03.04 13:31:49.470,0.85321,0.8535,1.18,1.50
2011.03.04 13:31:49.688,0.85318,0.85345,1.18,1.50
2011.03.04 13:31:50.348,0.85307,0.85341,2.68,1.50
2011.03.04 13:31:50.925,0.85314,0.85341,1.18,1.50
2011.03.04 13:31:51.049,0.85311,0.85341,1.18,1.50
2011.03.04 13:31:51.579,0.85316,0.85342,1.18,1.50
2011.03.04 13:31:52.019,0.85317,0.85341,1.93,1.50
2011.03.04 13:31:52.348,0.8531,0.85336,1.18,1.50
2011.03.04 13:31:52.457,0.8531,0.85336,1.18,1.50
2011.03.04 13:31:52.788,0.8531,0.85336,1.18,1.50
2011.03.04 13:31:53.122,0.85309,0.85332,1.18,1.50
2011.03.04 13:31:53.657,0.85313,0.85329,1.48,1.50
2011.03.04 13:31:53.773,0.85306,0.85329,1.18,1.50
2011.03.04 13:31:54.000,0.85304,0.85325,1.93,1.50
2011.03.04 13:31:54.112,0.85303,0.85325,1.18,1.50
2011.03.04 13:31:54.385,0.85303,0.85325,1.18,1.50
2011.03.04 13:31:54.830,0.85302,0.85326,1.18,1.50
2011.03.04 13:31:55.050,0.85302,0.85325,1.18,1.50
2011.03.04 13:31:55.158,0.85301,0.85321,1.18,1.50
2011.03.04 13:31:55.268,0.85297,0.85321,2.68,1.50
2011.03.04 13:31:55.598,0.85294,0.85315,1.18,1.50
2011.03.04 13:31:55.819,0.85291,0.85316,1.18,1.50
2011.03.04 13:31:56.546,0.85289,0.85314,1.18,1.50
2011.03.04 13:31:57.997,0.85282,0.85307,1.18,1.50
2011.03.04 13:31:58.107,0.85282,0.85307,1.18,1.50
2011.03.04 13:31:58.658,0.85281,0.85304,1.18,1.50
2011.03.04 13:31:58.879,0.85279,0.85303,1.18,1.50
2011.03.04 13:31:59.097,0.85279,0.85303,1.18,1.50
2011.03.04 13:31:59.684,0.85279,0.853,1.18,1.50
2011.03.04 13:32:00.127,0.85278,0.853,1.18,1.50
2011.03.04 13:32:00.567,0.85277,0.85301,1.18,1.50
2011.03.04 13:32:00.677,0.85275,0.85301,1.18,1.50
2011.03.04 13:32:01.228,0.85275,0.85301,1.18,1.50
2011.03.04 13:32:01.559,0.85279,0.85302,1.18,1.50
2011.03.04 13:32:01.888,0.85275,0.853,1.18,1.50
2011.03.04 13:32:01.999,0.85266,0.85294,3.00,1.50
2011.03.04 13:32:02.111,0.85274,0.85295,2.23,1.50
2011.03.04 13:32:02.340,0.8528,0.85305,1.18,2.33
2011.03.04 13:32:02.448,0.85284,0.85305,1.18,2.33
2011.03.04 13:32:02.895,0.85284,0.85309,1.18,1.50
2011.03.04 13:32:03.007,0.85288,0.8531,1.18,1.50
2011.03.04 13:32:03.339,0.85288,0.85316,1.18,1.50
2011.03.04 13:32:03.668,0.8529,0.85314,1.18,1.50
2011.03.04 13:32:03.778,0.8529,0.85313,1.18,1.50
2011.03.04 13:32:03.889,0.8529,0.85313,1.18,1.50
2011.03.04 13:32:04.218,0.85291,0.85312,1.18,1.50
2011.03.04 13:32:04.329,0.85287,0.85311,1.18,1.50
2011.03.04 13:32:04.439,0.85287,0.8531,1.18,1.50
2011.03.04 13:32:04.548,0.85284,0.8531,1.18,1.50
2011.03.04 13:32:04.658,0.85284,0.8531,1.18,1.50
2011.03.04 13:32:05.098,0.85284,0.8531,1.18,1.50
2011.03.04 13:32:05.210,0.85286,0.8531,1.18,1.50
2011.03.04 13:32:05.764,0.85289,0.85307,1.50,1.50
2011.03.04 13:32:05.988,0.85284,0.85307,1.18,1.50
2011.03.04 13:32:06.319,0.85284,0.85307,2.68,1.50
2011.03.04 13:32:06.427,0.85284,0.85301,1.50,1.50
2011.03.04 13:32:06.648,0.85279,0.85301,1.50,1.50
2011.03.04 13:32:06.758,0.85279,0.85296,1.50,1.50
2011.03.04 13:32:06.978,0.85282,0.85304,1.18,3.00
2011.03.04 13:32:07.200,0.85278,0.85304,1.18,2.25
2011.03.04 13:32:07.640,0.85278,0.85299,1.18,1.50
2011.03.04 13:32:07.860,0.85279,0.853,1.18,1.50
2011.03.04 13:32:07.969,0.85281,0.85302,1.18,3.00
2011.03.04 13:32:08.401,0.85281,0.85302,1.18,2.25
2011.03.04 13:32:09.068,0.85281,0.85302,1.18,3.00
2011.03.04 13:32:09.290,0.85277,0.85301,1.18,1.50
2011.03.04 13:32:09.398,0.85277,0.853,1.18,1.50
2011.03.04 13:32:09.508,0.85276,0.85299,1.93,1.50
2011.03.04 13:32:09.948,0.85266,0.85287,3.83,1.50
2011.03.04 13:32:10.060,0.85266,0.85285,1.50,1.50
2011.03.04 13:32:10.468,0.8526,0.85285,1.18,1.50
2011.03.04 13:32:11.117,0.8526,0.85285,1.18,1.50
2011.03.04 13:32:11.220,0.85266,0.85286,1.50,1.50
2011.03.04 13:32:11.660,0.85269,0.85289,2.18,2.25
2011.03.04 13:32:11.768,0.85269,0.85289,2.93,1.50
2011.03.04 13:32:11.880,0.85278,0.85289,1.18,1.50
2011.03.04 13:32:12.102,0.85278,0.85296,1.18,2.25
2011.03.04 13:32:12.219,0.85278,0.85303,1.18,1.50
2011.03.04 13:32:12.438,0.85278,0.85303,1.18,1.69
2011.03.04 13:32:12.663,0.85258,0.85283,1.93,1.50
2011.03.04 13:32:13.000,0.85257,0.85283,1.93,1.50
2011.03.04 13:32:13.548,0.85258,0.85283,2.60,1.50
2011.03.04 13:32:13.662,0.85257,0.85283,1.93,1.50
2011.03.04 13:32:13.997,0.85257,0.85278,1.93,1.50
2011.03.04 13:32:14.327,0.85257,0.85276,1.50,1.50
2011.03.04 13:32:14.440,0.85253,0.85276,1.18,1.50
2011.03.04 13:32:14.659,0.85254,0.85278,1.93,1.50
2011.03.04 13:32:14.768,0.85254,0.8528,2.68,1.50
2011.03.04 13:32:15.098,0.85257,0.85282,1.18,2.25
2011.03.04 13:32:15.429,0.85254,0.85277,1.50,2.25
2011.03.04 13:32:15.760,0.85251,0.85275,1.18,1.50
2011.03.04 13:32:15.978,0.85253,0.85276,1.18,1.50
2011.03.04 13:32:16.541,0.85257,0.85277,1.50,1.50
2011.03.04 13:32:16.660,0.85259,0.85277,1.55,1.50
2011.03.04 13:32:16.989,0.85271,0.85292,1.18,1.50
2011.03.04 13:32:17.100,0.85267,0.85292,1.18,1.50
2011.03.04 13:32:17.319,0.85267,0.85289,1.93,1.50
2011.03.04 13:32:17.979,0.85267,0.85289,1.50,1.50
2011.03.04 13:32:18.308,0.85267,0.85287,1.50,1.50
2011.03.04 13:32:18.774,0.85267,0.85289,1.50,2.25
2011.03.04 13:32:18.884,0.85269,0.85292,1.90,3.00
2011.03.04 13:32:18.999,0.8527,0.85292,1.18,2.25
2011.03.04 13:32:19.549,0.85279,0.85294,1.50,1.50
2011.03.04 13:32:19.658,0.85279,0.85301,1.93,1.50
2011.03.04 13:32:19.769,0.85276,0.85295,1.50,1.50
2011.03.04 13:32:20.359,0.85272,0.85295,1.18,1.50
2011.03.04 13:32:20.860,0.85276,0.85295,1.50,1.50
2011.03.04 13:32:21.078,0.85276,0.85298,2.11,1.50
2011.03.04 13:32:21.191,0.85284,0.85304,1.18,2.25
2011.03.04 13:32:21.730,0.85286,0.85304,1.50,3.00
2011.03.04 13:32:22.279,0.85286,0.85301,1.50,1.50
2011.03.04 13:32:22.830,0.85286,0.85304,1.93,3.00
2011.03.04 13:32:22.941,0.8528,0.85303,1.18,1.50
2011.03.04 13:32:23.058,0.8528,0.85303,1.18,1.50
2011.03.04 13:32:23.167,0.8528,0.85303,1.18,1.50
2011.03.04 13:32:23.498,0.85282,0.85303,1.18,1.50
2011.03.04 13:32:23.610,0.85279,0.85303,1.18,1.50
2011.03.04 13:32:23.718,0.85287,0.85306,1.50,1.50
2011.03.04 13:32:24.233,0.85279,0.85301,1.18,1.50
2011.03.04 13:32:24.349,0.85279,0.85301,1.18,1.50
2011.03.04 13:32:24.568,0.85276,0.85301,2.68,1.50
2011.03.04 13:32:24.789,0.85276,0.85297,2.68,1.50
2011.03.04 13:32:25.227,0.85287,0.85299,1.50,1.50
2011.03.04 13:32:25.338,0.85277,0.853,1.93,2.25
2011.03.04 13:32:25.447,0.85277,0.853,1.93,1.50
2011.03.04 13:32:25.558,0.85286,0.85301,1.50,1.50
2011.03.04 13:32:25.668,0.85277,0.85301,1.93,1.50
2011.03.04 13:32:25.778,0.85277,0.85301,1.93,1.50
2011.03.04 13:32:26.328,0.85276,0.85297,1.18,1.50
2011.03.04 13:32:26.659,0.85279,0.85302,1.18,1.50
2011.03.04 13:32:26.770,0.85283,0.85302,1.32,1.50
2011.03.04 13:32:27.175,0.8529,0.85317,2.60,1.50
2011.03.04 13:32:27.288,0.85289,0.8531,1.18,2.18
2011.03.04 13:32:27.508,0.85288,0.8531,1.18,1.69
2011.03.04 13:32:28.060,0.85281,0.85299,1.18,2.44
2011.03.04 13:32:28.387,0.85277,0.85291,1.50,1.50
2011.03.04 13:32:28.717,0.85266,0.85291,1.93,1.50
2011.03.04 13:32:29.048,0.85262,0.85287,1.93,1.50
2011.03.04 13:32:29.159,0.85261,0.85285,1.18,1.50
2011.03.04 13:32:29.769,0.85259,0.85284,1.18,1.69
2011.03.04 13:32:29.878,0.85259,0.85283,1.18,1.50
2011.03.04 13:32:30.207,0.85266,0.85291,1.18,1.50
2011.03.04 13:32:30.316,0.85266,0.85292,1.18,1.50
2011.03.04 13:32:30.757,0.85272,0.85295,2.68,1.50
2011.03.04 13:32:30.977,0.85272,0.85295,1.18,1.50
2011.03.04 13:32:31.087,0.85269,0.85292,1.36,1.50
2011.03.04 13:32:31.199,0.85267,0.85292,4.18,1.69
2011.03.04 13:32:31.748,0.85267,0.85288,1.93,1.50
2011.03.04 13:32:31.860,0.8526,0.85286,1.93,1.50
2011.03.04 13:32:31.970,0.8526,0.85282,1.93,1.50
2011.03.04 13:32:32.358,0.8526,0.85281,1.50,1.50
2011.03.04 13:32:32.484,0.85252,0.85274,1.18,1.50
2011.03.04 13:32:32.711,0.85247,0.85273,3.61,1.50
2011.03.04 13:32:32.832,0.85247,0.85271,1.93,1.50
2011.03.04 13:32:33.058,0.85248,0.85271,2.44,1.50
2011.03.04 13:32:33.280,0.85248,0.85275,2.86,2.25
2011.03.04 13:32:33.390,0.85257,0.85275,1.50,2.25
2011.03.04 13:32:33.611,0.85247,0.85269,1.50,1.50
2011.03.04 13:32:33.731,0.85247,0.85268,1.50,1.50
2011.03.04 13:32:33.851,0.8524,0.85262,1.50,1.50
2011.03.04 13:32:34.082,0.85234,0.85256,1.93,1.69
2011.03.04 13:32:34.201,0.85234,0.85254,1.93,1.50
2011.03.04 13:32:34.822,0.85237,0.85263,2.25,1.50
2011.03.04 13:32:35.160,0.85236,0.85261,1.50,1.50
2011.03.04 13:32:35.270,0.85236,0.8526,1.50,1.69
2011.03.04 13:32:35.489,0.85231,0.85253,2.25,1.50
2011.03.04 13:32:35.818,0.85237,0.85252,1.50,1.50
2011.03.04 13:32:36.189,0.85237,0.8525,1.50,1.50
2011.03.04 13:32:36.300,0.85226,0.85253,4.36,1.50
2011.03.04 13:32:36.407,0.85227,0.85253,1.18,1.50
2011.03.04 13:32:37.023,0.8523,0.85253,1.18,1.50
2011.03.04 13:32:37.120,0.85237,0.85256,1.50,1.50
2011.03.04 13:32:37.558,0.85234,0.85258,1.18,1.50
2011.03.04 13:32:37.890,0.85232,0.85255,1.18,1.50
2011.03.04 13:32:37.998,0.85229,0.85255,1.18,1.50
2011.03.04 13:32:38.547,0.85229,0.85255,1.18,1.50
2011.03.04 13:32:38.770,0.85229,0.85253,1.18,1.50
2011.03.04 13:32:38.989,0.85229,0.85256,1.18,1.50
2011.03.04 13:32:39.099,0.85229,0.85251,1.18,1.50
2011.03.04 13:32:39.699,0.85229,0.85251,1.93,2.25
2011.03.04 13:32:40.457,0.85229,0.8525,1.18,1.50
2011.03.04 13:32:41.011,0.85229,0.85254,1.18,1.50
2011.03.04 13:32:42.208,0.85222,0.85251,1.18,1.69
2011.03.04 13:32:42.429,0.85222,0.85248,1.18,1.50
2011.03.04 13:32:42.538,0.85223,0.85248,2.25,1.50
2011.03.04 13:32:42.649,0.85222,0.85244,1.50,1.50
2011.03.04 13:32:42.868,0.85222,0.85247,1.50,1.50
2011.03.04 13:32:42.979,0.85222,0.85245,1.18,1.50
2011.03.04 13:32:43.527,0.8522,0.85245,1.18,1.50
2011.03.04 13:32:43.639,0.85219,0.85244,1.93,1.50
2011.03.04 13:32:44.079,0.85217,0.85241,1.93,1.50
2011.03.04 13:32:44.554,0.85217,0.85233,1.50,1.50
2011.03.04 13:32:44.675,0.85208,0.85233,1.93,1.50
2011.03.04 13:32:44.790,0.85206,0.85233,2.68,1.50
2011.03.04 13:32:45.010,0.85207,0.85231,1.50,1.50
2011.03.04 13:32:45.338,0.85207,0.85229,1.50,1.50
2011.03.04 13:32:45.559,0.85201,0.85224,1.18,2.44
2011.03.04 13:32:45.669,0.85199,0.85224,1.50,1.50
2011.03.04 13:32:45.999,0.85215,0.85226,1.50,1.50
2011.03.04 13:32:46.551,0.85215,0.8523,1.50,1.50
2011.03.04 13:32:47.060,0.85215,0.85233,1.50,2.44
2011.03.04 13:32:47.294,0.85191,0.85219,1.18,1.69
2011.03.04 13:32:47.413,0.85197,0.85219,1.50,1.69
2011.03.04 13:32:47.858,0.85191,0.85216,1.18,2.25
2011.03.04 13:32:48.641,0.85184,0.8521,1.93,1.50
2011.03.04 13:32:48.752,0.85185,0.8521,1.93,1.50
2011.03.04 13:32:48.872,0.85186,0.8521,2.25,1.50
2011.03.04 13:32:49.099,0.85187,0.8521,2.68,1.50
2011.03.04 13:32:49.436,0.85187,0.8521,2.68,1.50
2011.03.04 13:32:49.552,0.85184,0.85214,2.68,2.25
2011.03.04 13:32:49.668,0.85191,0.85214,1.93,2.25
2011.03.04 13:32:50.112,0.8519,0.8521,2.25,1.50
2011.03.04 13:32:50.341,0.85183,0.8521,1.18,2.25
2011.03.04 13:32:50.570,0.85182,0.85207,1.93,1.50
2011.03.04 13:32:50.901,0.85186,0.85209,1.18,1.50
2011.03.04 13:32:51.230,0.85191,0.85214,1.18,1.50
2011.03.04 13:32:51.559,0.85195,0.85217,1.50,1.50
2011.03.04 13:32:52.063,0.85191,0.85216,1.18,2.25
2011.03.04 13:32:52.620,0.85191,0.85213,1.18,2.44
2011.03.04 13:32:52.731,0.8519,0.85211,2.25,2.93
2011.03.04 13:32:53.072,0.8519,0.85209,1.50,1.69
2011.03.04 13:32:53.302,0.85188,0.85209,1.50,1.50
2011.03.04 13:32:53.861,0.85186,0.8521,1.18,1.50
2011.03.04 13:32:53.979,0.85186,0.85212,1.18,1.50
2011.03.04 13:32:54.089,0.85189,0.85215,1.18,1.50
2011.03.04 13:32:54.421,0.85189,0.85212,1.18,1.50
2011.03.04 13:32:54.824,0.85186,0.85208,1.50,1.50
2011.03.04 13:32:54.938,0.85181,0.85203,1.18,1.50
2011.03.04 13:32:55.509,0.8518,0.85207,1.18,1.50
2011.03.04 13:32:55.841,0.85184,0.85208,2.11,1.50
2011.03.04 13:32:56.177,0.85191,0.8521,1.18,2.18
2011.03.04 13:32:56.287,0.85191,0.85215,1.18,3.68
2011.03.04 13:32:56.916,0.85197,0.85217,4.29,2.25
2011.03.04 13:32:57.349,0.85201,0.85226,1.18,3.00
2011.03.04 13:32:58.150,0.85203,0.85226,1.50,1.50
2011.03.04 13:32:58.729,0.852,0.85226,2.11,1.50
2011.03.04 13:33:00.120,0.85199,0.85224,1.36,1.50
2011.03.04 13:33:00.495,0.85198,0.85222,1.18,1.50
2011.03.04 13:33:00.613,0.85197,0.85218,3.00,1.50
2011.03.04 13:33:01.510,0.85197,0.85222,2.68,1.50
2011.03.04 13:33:02.390,0.85201,0.85226,1.50,2.25
2011.03.04 13:33:02.499,0.85203,0.85227,1.93,1.50
2011.03.04 13:33:03.157,0.85203,0.85227,1.18,1.50
2011.03.04 13:33:03.661,0.85203,0.85227,1.18,1.50
2011.03.04 13:33:04.111,0.85205,0.85231,2.11,1.50
2011.03.04 13:33:04.667,0.85208,0.85231,1.36,1.50
2011.03.04 13:33:04.780,0.85209,0.85233,1.18,1.50
2011.03.04 13:33:04.888,0.8521,0.85234,1.18,1.50
2011.03.04 13:33:06.028,0.85211,0.85234,1.18,1.50
2011.03.04 13:33:06.795,0.85217,0.85234,2.18,1.50
2011.03.04 13:33:06.897,0.85215,0.85238,1.18,1.50
2011.03.04 13:33:07.230,0.85212,0.85232,1.18,1.69
2011.03.04 13:33:07.338,0.85203,0.85228,1.18,1.50
2011.03.04 13:33:07.888,0.85201,0.85228,1.18,1.50
2011.03.04 13:33:08.110,0.85201,0.85224,1.18,1.50
2011.03.04 13:33:09.438,0.85197,0.85221,2.68,1.50
2011.03.04 13:33:09.555,0.85191,0.85215,1.18,1.50
2011.03.04 13:33:09.888,0.85189,0.85215,1.93,1.50
2011.03.04 13:33:10.547,0.85182,0.85205,1.18,1.50
2011.03.04 13:33:10.658,0.85182,0.85205,1.18,1.50
2011.03.04 13:33:11.213,0.85178,0.85202,1.50,1.50
2011.03.04 13:33:11.441,0.85178,0.85201,1.50,1.50
2011.03.04 13:33:12.051,0.85178,0.85194,1.50,2.25
2011.03.04 13:33:12.280,0.85166,0.8519,2.68,1.50
2011.03.04 13:33:13.049,0.85162,0.85188,1.33,1.50
2011.03.04 13:33:14.563,0.85162,0.85183,1.18,1.50
2011.03.04 13:33:14.679,0.85162,0.85187,1.18,1.09
2011.03.04 13:33:14.788,0.85158,0.85186,1.93,2.44
2011.03.04 13:33:15.120,0.85153,0.85172,2.18,1.50
2011.03.04 13:33:15.448,0.85152,0.85168,1.50,1.50
2011.03.04 13:33:15.558,0.85142,0.85167,1.93,1.50
2011.03.04 13:33:16.219,0.8514,0.85164,1.18,1.50
2011.03.04 13:33:16.551,0.85146,0.85169,1.18,1.50
2011.03.04 13:33:16.889,0.85152,0.85172,1.18,1.50
2011.03.04 13:33:17.267,0.85152,0.85176,1.18,3.00
2011.03.04 13:33:17.505,0.85136,0.85161,1.18,1.50
2011.03.04 13:33:18.061,0.85139,0.85164,1.90,2.25
2011.03.04 13:33:18.291,0.85143,0.8517,1.18,1.50
2011.03.04 13:33:18.411,0.85147,0.85171,1.18,1.50
2011.03.04 13:33:18.722,0.85145,0.85171,1.18,1.50
2011.03.04 13:33:19.169,0.85145,0.8517,1.18,3.00
2011.03.04 13:33:19.279,0.85145,0.85163,1.18,1.50
2011.03.04 13:33:19.641,0.85145,0.8517,1.18,1.50
2011.03.04 13:33:19.858,0.85145,0.85167,1.18,1.50
2011.03.04 13:33:20.407,0.85145,0.85167,1.18,1.50
2011.03.04 13:33:21.727,0.85141,0.85166,1.18,1.50
2011.03.04 13:33:21.837,0.8514,0.85164,2.68,1.50
2011.03.04 13:33:22.632,0.8514,0.85161,1.18,1.50
2011.03.04 13:33:22.868,0.85137,0.85161,1.18,1.50
2011.03.04 13:33:23.089,0.85134,0.85162,2.68,1.50
2011.03.04 13:33:23.420,0.85139,0.85162,1.18,1.50
2011.03.04 13:33:23.638,0.85143,0.85169,2.18,3.19
2011.03.04 13:33:23.750,0.85143,0.85169,2.52,1.50
2011.03.04 13:33:23.862,0.85145,0.85173,1.18,3.00
2011.03.04 13:33:24.527,0.85149,0.85174,1.18,2.25
2011.03.04 13:33:25.188,0.85149,0.85172,1.18,1.50
2011.03.04 13:33:25.626,0.85148,0.85172,1.18,2.25
2011.03.04 13:33:26.180,0.85145,0.85171,1.18,1.50
2011.03.04 13:33:26.730,0.85146,0.85172,1.18,2.25
2011.03.04 13:33:27.499,0.85145,0.8517,1.18,1.50
2011.03.04 13:33:28.648,0.85147,0.85171,1.18,2.25
2011.03.04 13:33:28.757,0.85149,0.85172,1.18,2.25
2011.03.04 13:33:29.091,0.8516,0.85166,1.18,1.50
2011.03.04 13:33:29.211,0.85158,0.85166,1.18,1.50
2011.03.04 13:33:29.437,0.85155,0.85178,1.18,1.50
2011.03.04 13:33:29.659,0.85155,0.85183,1.18,3.75
2011.03.04 13:33:29.988,0.85155,0.85183,1.18,2.25
2011.03.04 13:33:30.728,0.8516,0.85184,1.18,1.50
2011.03.04 13:33:31.062,0.85156,0.85178,1.18,1.50
2011.03.04 13:33:31.510,0.85156,0.85177,1.18,1.69
2011.03.04 13:33:31.839,0.85147,0.85172,2.68,1.69
2011.03.04 13:33:31.950,0.85144,0.85172,1.93,3.19
2011.03.04 13:33:32.061,0.85144,0.85168,1.93,1.50
2011.03.04 13:33:33.374,0.85146,0.85172,1.18,1.50
2011.03.04 13:33:33.496,0.85145,0.85169,1.18,1.50
2011.03.04 13:33:34.051,0.85144,0.85169,1.18,3.00
2011.03.04 13:33:34.438,0.85148,0.85169,1.50,1.50
2011.03.04 13:33:34.549,0.85144,0.85169,1.18,1.50
2011.03.04 13:33:34.768,0.85148,0.85169,1.50,1.50
2011.03.04 13:33:35.101,0.8514,0.85165,1.18,1.50
2011.03.04 13:33:35.430,0.85136,0.85159,1.18,1.50
2011.03.04 13:33:36.089,0.85131,0.85157,1.18,2.25
2011.03.04 13:33:36.408,0.85131,0.85156,1.18,1.50
2011.03.04 13:33:36.538,0.85129,0.8515,1.50,1.50
2011.03.04 13:33:36.982,0.85125,0.85152,1.18,1.50
2011.03.04 13:33:37.212,0.85129,0.85148,1.18,1.50
2011.03.04 13:33:37.328,0.85129,0.85151,1.18,2.25
2011.03.04 13:33:37.659,0.85127,0.85151,1.18,2.25
2011.03.04 13:33:38.101,0.85111,0.8514,1.93,1.50
2011.03.04 13:33:38.959,0.85111,0.85137,2.11,2.25
2011.03.04 13:33:39.067,0.85112,0.85139,1.18,1.69
2011.03.04 13:33:39.618,0.85113,0.85137,1.18,1.50
2011.03.04 13:33:40.948,0.85119,0.85142,1.18,1.50
2011.03.04 13:33:41.497,0.85119,0.85145,1.18,3.00
2011.03.04 13:33:42.652,0.85111,0.85136,1.18,3.12
2011.03.04 13:33:43.100,0.85114,0.85137,1.18,1.50
2011.03.04 13:33:43.208,0.85114,0.85141,2.68,1.50
2011.03.04 13:33:43.543,0.85117,0.8514,1.18,1.50
2011.03.04 13:33:44.099,0.85113,0.85138,1.18,1.58
2011.03.04 13:33:44.213,0.85113,0.85134,1.18,1.50
2011.03.04 13:33:44.547,0.85113,0.85138,1.18,1.50
2011.03.04 13:33:45.098,0.85117,0.8514,1.18,1.50
2011.03.04 13:33:45.224,0.85116,0.85143,1.18,3.00
2011.03.04 13:33:45.344,0.85119,0.85141,1.18,1.50
2011.03.04 13:33:45.901,0.85119,0.85141,1.36,1.50
2011.03.04 13:33:46.020,0.85119,0.85149,1.18,1.50
2011.03.04 13:33:46.680,0.8512,0.85144,1.18,1.50
2011.03.04 13:33:47.009,0.85114,0.85139,1.18,1.50
2011.03.04 13:33:48.251,0.8512,0.85145,1.18,2.25
2011.03.04 13:33:48.470,0.8512,0.85148,1.18,1.50
2011.03.04 13:33:48.689,0.85125,0.85148,1.18,1.50
2011.03.04 13:33:49.020,0.85125,0.85146,1.18,2.25
2011.03.04 13:33:49.239,0.85117,0.85143,1.36,1.50
2011.03.04 13:33:49.940,0.85116,0.85143,2.11,1.50
2011.03.04 13:33:50.267,0.85116,0.8514,1.36,1.50
2011.03.04 13:33:50.788,0.8511,0.85137,2.11,1.50
2011.03.04 13:33:50.900,0.8511,0.85134,2.11,1.50
2011.03.04 13:33:51.121,0.8511,0.85132,1.18,3.00
2011.03.04 13:33:51.240,0.85106,0.85127,1.50,1.69
2011.03.04 13:33:51.348,0.85104,0.85127,2.18,1.69
2011.03.04 13:33:51.568,0.85101,0.85127,1.50,1.69
2011.03.04 13:33:52.117,0.85099,0.85125,1.36,1.50
2011.03.04 13:33:52.348,0.85099,0.85127,2.86,1.69
2011.03.04 13:33:52.458,0.85105,0.85128,1.69,1.50
2011.03.04 13:33:52.790,0.85106,0.85131,1.36,1.50
2011.03.04 13:33:53.361,0.85108,0.85129,1.36,1.50
2011.03.04 13:33:53.588,0.85108,0.85129,1.36,1.50
2011.03.04 13:33:54.408,0.85105,0.8513,1.18,1.69
2011.03.04 13:33:54.630,0.85103,0.85126,1.18,1.50
2011.03.04 13:33:54.850,0.85103,0.85126,1.18,2.44
2011.03.04 13:33:54.960,0.85103,0.85126,1.18,1.50
2011.03.04 13:33:55.071,0.85103,0.85127,1.18,2.93
2011.03.04 13:33:55.857,0.85108,0.8513,1.18,1.50
2011.03.04 13:33:56.522,0.8511,0.85134,1.18,2.44
2011.03.04 13:33:57.431,0.85112,0.85133,1.36,1.50
2011.03.04 13:33:57.650,0.85115,0.85139,1.36,1.50
2011.03.04 13:33:57.760,0.85114,0.85143,2.11,3.00
2011.03.04 13:33:58.791,0.85114,0.85143,2.11,3.08
2011.03.04 13:33:59.240,0.85117,0.85144,2.86,2.25
2011.03.04 13:33:59.351,0.85124,0.8515,2.11,3.75
2011.03.04 13:33:59.469,0.85124,0.85151,2.11,1.50
2011.03.04 13:33:59.910,0.8513,0.85153,1.18,3.00
2011.03.04 13:34:00.458,0.85133,0.85154,1.50,1.50
2011.03.04 13:34:00.790,0.85128,0.85151,1.36,1.50
2011.03.04 13:34:01.663,0.8513,0.85153,1.18,1.09
2011.03.04 13:34:02.000,0.85129,0.85158,1.36,1.50
2011.03.04 13:34:02.112,0.85131,0.85156,1.36,2.25
2011.03.04 13:34:02.342,0.85136,0.8516,2.11,1.50
2011.03.04 13:34:02.459,0.85137,0.8516,1.36,3.00
2011.03.04 13:34:02.787,0.85137,0.8516,2.44,1.50
2011.03.04 13:34:03.119,0.85139,0.85163,1.36,1.50
2011.03.04 13:34:03.815,0.8514,0.85165,1.18,2.44
2011.03.04 13:34:04.032,0.85141,0.85166,1.18,1.69
2011.03.04 13:34:04.371,0.85145,0.85169,1.36,1.50
2011.03.04 13:34:05.390,0.85144,0.85168,1.18,1.50
2011.03.04 13:34:05.719,0.85138,0.85166,2.11,2.25
2011.03.04 13:34:05.938,0.85145,0.85166,1.18,1.50
2011.03.04 13:34:07.107,0.85145,0.85169,1.18,1.50
2011.03.04 13:34:07.657,0.85145,0.85167,1.18,1.50
2011.03.04 13:34:08.208,0.85145,0.85169,1.36,2.25
2011.03.04 13:34:08.541,0.85145,0.85168,1.18,1.69
2011.03.04 13:34:08.760,0.85145,0.85168,1.36,2.25
2011.03.04 13:34:08.981,0.85145,0.85166,1.18,1.50
2011.03.04 13:34:09.210,0.85141,0.85166,1.36,1.50
2011.03.04 13:34:09.318,0.85141,0.85163,1.18,3.19
2011.03.04 13:34:09.538,0.85136,0.8516,1.36,3.00
2011.03.04 13:34:10.172,0.85136,0.8516,1.36,1.50
2011.03.04 13:34:10.399,0.85141,0.85164,1.36,2.25
2011.03.04 13:34:10.729,0.85142,0.85165,1.36,3.00
2011.03.04 13:34:11.058,0.85144,0.8517,1.36,1.69
2011.03.04 13:34:11.609,0.85147,0.8517,1.36,1.50
2011.03.04 13:34:11.720,0.85148,0.85171,1.18,2.44
2011.03.04 13:34:12.267,0.85144,0.85169,1.36,1.50
2011.03.04 13:34:12.488,0.85143,0.85169,2.11,1.50
2011.03.04 13:34:12.868,0.85143,0.8517,2.11,3.19
2011.03.04 13:34:13.546,0.85151,0.85163,1.18,1.69
2011.03.04 13:34:13.768,0.8514,0.8516,2.44,1.50
2011.03.04 13:34:13.879,0.85144,0.85167,1.36,1.50
2011.03.04 13:34:14.196,0.85147,0.85167,1.69,1.50
2011.03.04 13:34:14.314,0.8515,0.85175,1.36,1.50
2011.03.04 13:34:14.431,0.85153,0.85177,1.69,2.25
2011.03.04 13:34:14.555,0.85152,0.85177,1.18,1.69
2011.03.04 13:34:15.012,0.8515,0.85178,1.36,3.19
2011.03.04 13:34:15.241,0.8515,0.85175,1.18,3.19
2011.03.04 13:34:15.469,0.8515,0.85175,1.69,2.44
2011.03.04 13:34:15.690,0.85145,0.85166,1.36,1.50
2011.03.04 13:34:16.018,0.85134,0.85157,2.11,1.50
2011.03.04 13:34:16.887,0.85134,0.85156,1.93,2.44
2011.03.04 13:34:17.005,0.85134,0.85151,1.50,1.50
2011.03.04 13:34:17.561,0.85133,0.8515,1.50,1.50
2011.03.04 13:34:17.780,0.85133,0.85156,1.93,1.50
2011.03.04 13:34:17.891,0.85133,0.85159,1.93,2.25
2011.03.04 13:34:18.338,0.85133,0.85159,1.93,1.50
2011.03.04 13:34:19.128,0.85133,0.85152,1.93,1.50
2011.03.04 13:34:19.457,0.85122,0.8515,4.10,1.50
2011.03.04 13:34:20.008,0.85123,0.85152,1.93,1.50
2011.03.04 13:34:20.449,0.85126,0.85153,1.93,1.50
2011.03.04 13:34:21.549,0.85128,0.85155,2.60,2.25
2011.03.04 13:34:21.878,0.85133,0.85159,1.18,1.50
2011.03.04 13:34:21.987,0.85132,0.85154,2.25,1.50
2011.03.04 13:34:22.481,0.8513,0.85154,1.18,2.44
2011.03.04 13:34:22.606,0.85122,0.8515,1.18,1.50
2011.03.04 13:34:22.719,0.85122,0.85148,1.18,1.69
2011.03.04 13:34:23.269,0.85125,0.85144,1.50,1.50
2011.03.04 13:34:23.880,0.85124,0.85144,1.93,1.50
2011.03.04 13:34:24.209,0.85126,0.85143,1.50,1.69
2011.03.04 13:34:24.435,0.85124,0.85142,1.93,1.69
2011.03.04 13:34:24.661,0.85121,0.85141,1.50,1.69
2011.03.04 13:34:25.101,0.85118,0.85141,1.18,2.44
2011.03.04 13:34:25.780,0.85118,0.85141,1.18,1.50
2011.03.04 13:34:27.820,0.85119,0.85141,1.36,1.50
2011.03.04 13:34:28.038,0.85121,0.85145,1.36,1.50
2011.03.04 13:34:28.519,0.85124,0.85148,1.18,1.50
2011.03.04 13:34:29.948,0.85124,0.85147,1.18,1.69
2011.03.04 13:34:30.280,0.85121,0.85144,1.18,2.44
2011.03.04 13:34:30.829,0.85121,0.85145,1.18,3.19
2011.03.04 13:34:31.049,0.85121,0.85145,1.18,2.44
2011.03.04 13:34:31.158,0.85123,0.85145,1.36,2.25
2011.03.04 13:34:31.600,0.85127,0.85145,1.50,2.25
2011.03.04 13:34:31.830,0.85118,0.85142,1.36,1.69
2011.03.04 13:34:32.051,0.85118,0.85141,1.18,1.69
2011.03.04 13:34:32.390,0.85117,0.85136,3.00,1.69
2011.03.04 13:34:32.610,0.85117,0.8514,1.50,1.69
2011.03.04 13:34:32.718,0.85112,0.8514,1.18,1.69
2011.03.04 13:34:32.828,0.85117,0.8514,1.50,1.69
2011.03.04 13:34:33.378,0.85117,0.85139,1.50,1.50
2011.03.04 13:34:34.039,0.85114,0.85139,1.18,1.50
2011.03.04 13:34:34.681,0.85114,0.85137,1.18,1.50
2011.03.04 13:34:35.011,0.85111,0.85134,1.18,1.69
2011.03.04 13:34:35.229,0.85106,0.85129,1.50,1.50
2011.03.04 13:34:35.565,0.85103,0.85127,1.18,1.69
2011.03.04 13:34:35.902,0.85089,0.85115,1.93,1.69
2011.03.04 13:34:36.021,0.85089,0.85115,1.93,1.69
2011.03.04 13:34:36.364,0.85086,0.85114,2.25,2.44
2011.03.04 13:34:36.484,0.85085,0.85111,2.25,1.50
2011.03.04 13:34:37.684,0.85085,0.85109,1.50,1.50
2011.03.04 13:34:37.805,0.85086,0.85108,1.50,1.50
2011.03.04 13:34:38.311,0.85082,0.85105,1.18,1.69
2011.03.04 13:34:38.530,0.85078,0.85102,2.11,1.50
2011.03.04 13:34:38.859,0.85086,0.85103,1.50,1.50
2011.03.04 13:34:39.188,0.85081,0.85105,1.18,1.50
2011.03.04 13:34:39.408,0.85079,0.85106,1.93,1.69
2011.03.04 13:34:39.627,0.85077,0.85102,3.75,1.50
2011.03.04 13:34:42.379,0.85077,0.851,2.25,1.69
2011.03.04 13:34:42.707,0.85072,0.85097,2.11,1.50
2011.03.04 13:34:43.040,0.85077,0.851,2.11,2.25
2011.03.04 13:34:45.073,0.85079,0.85101,2.11,1.50
2011.03.04 13:34:45.192,0.85082,0.85104,1.36,2.25
2011.03.04 13:34:45.640,0.85086,0.85112,2.11,3.00
2011.03.04 13:34:46.850,0.85087,0.85114,1.18,3.75
2011.03.04 13:34:47.246,0.8509,0.85114,1.18,3.00
2011.03.04 13:34:47.580,0.85093,0.85118,1.36,1.69
2011.03.04 13:34:48.130,0.85098,0.85119,1.93,1.69
2011.03.04 13:34:48.242,0.85101,0.85123,1.36,1.50
2011.03.04 13:34:48.360,0.85099,0.85123,1.36,1.69
2011.03.04 13:34:48.479,0.85099,0.85121,1.18,1.69
2011.03.04 13:34:48.592,0.85099,0.85123,1.18,3.19
2011.03.04 13:34:49.150,0.85103,0.85127,1.18,1.69
2011.03.04 13:34:50.599,0.85099,0.85125,1.18,1.50
2011.03.04 13:34:50.930,0.85103,0.85124,2.60,1.50
2011.03.04 13:34:51.042,0.85106,0.85129,2.11,2.25
2011.03.04 13:34:51.160,0.85106,0.85129,1.18,2.25
2011.03.04 13:34:51.602,0.85102,0.85127,1.18,1.50
2011.03.04 13:34:52.048,0.85106,0.85131,1.36,1.50
2011.03.04 13:34:52.600,0.85105,0.8513,1.18,1.50
2011.03.04 13:34:53.117,0.85107,0.85127,1.18,1.50
2011.03.04 13:34:53.232,0.85107,0.8513,1.18,1.50
2011.03.04 13:34:53.349,0.85105,0.85127,1.18,1.50
2011.03.04 13:34:53.792,0.85096,0.85126,2.68,3.00
2011.03.04 13:34:53.910,0.85096,0.85121,1.93,1.50
2011.03.04 13:34:54.683,0.85089,0.85117,1.93,1.50
2011.03.04 13:34:55.127,0.85089,0.85115,1.18,1.50
2011.03.04 13:34:55.460,0.85078,0.85108,2.30,2.25
2011.03.04 13:34:55.569,0.85086,0.85104,1.50,1.50
2011.03.04 13:34:55.678,0.85077,0.85101,2.68,1.50
2011.03.04 13:34:55.789,0.85077,0.85101,2.68,3.00
2011.03.04 13:34:56.169,0.85077,0.85099,1.93,1.69
2011.03.04 13:34:56.499,0.85077,0.85098,1.50,1.69
2011.03.04 13:34:57.049,0.85071,0.85095,1.18,1.50
2011.03.04 13:34:57.270,0.85072,0.85095,1.18,1.50
2011.03.04 13:34:58.597,0.85073,0.85095,1.50,1.50
2011.03.04 13:35:00.016,0.85076,0.851,1.18,1.50
2011.03.04 13:35:01.119,0.85074,0.85098,1.18,1.50
2011.03.04 13:35:01.449,0.85076,0.85099,1.93,3.00
2011.03.04 13:35:02.107,0.85071,0.85097,1.93,1.50
2011.03.04 13:35:03.117,0.85074,0.85097,1.18,1.50
2011.03.04 13:35:03.583,0.85078,0.85101,1.18,1.50
2011.03.04 13:35:04.029,0.8508,0.85103,1.18,1.69
2011.03.04 13:35:04.358,0.85081,0.85103,1.18,1.69
2011.03.04 13:35:04.578,0.85081,0.85103,1.18,1.69
2011.03.04 13:35:04.909,0.85079,0.85103,1.50,1.84
2011.03.04 13:35:05.128,0.85078,0.851,1.18,1.50
2011.03.04 13:35:05.348,0.85076,0.851,1.50,1.50
2011.03.04 13:35:05.459,0.85076,0.851,1.69,1.50
2011.03.04 13:35:05.791,0.85085,0.85106,2.44,2.25
2011.03.04 13:35:05.899,0.85087,0.8511,1.36,1.50
2011.03.04 13:35:06.117,0.85087,0.85114,1.36,3.19
2011.03.04 13:35:06.818,0.8509,0.85115,1.50,1.69
2011.03.04 13:35:07.158,0.85087,0.8511,1.18,1.50
2011.03.04 13:35:07.381,0.85084,0.85109,1.18,1.50
2011.03.04 13:35:07.492,0.85082,0.85106,1.50,1.69
2011.03.04 13:35:07.609,0.85077,0.85103,2.68,1.50
2011.03.04 13:35:08.158,0.85073,0.85102,1.50,2.25
2011.03.04 13:35:08.599,0.85073,0.851,1.50,1.69
2011.03.04 13:35:08.711,0.85073,0.851,1.50,1.69
2011.03.04 13:35:09.598,0.85072,0.851,1.50,3.00
2011.03.04 13:35:10.187,0.85072,0.85098,1.50,2.25
2011.03.04 13:35:10.838,0.85078,0.85099,1.18,2.25
2011.03.04 13:35:11.169,0.8508,0.85099,1.69,2.25
2011.03.04 13:35:11.607,0.85081,0.85102,1.36,1.50
2011.03.04 13:35:12.160,0.85086,0.85107,1.18,2.25
2011.03.04 13:35:12.654,0.85087,0.85107,1.36,2.25
2011.03.04 13:35:13.215,0.85079,0.85103,1.36,1.50
2011.03.04 13:35:13.331,0.85076,0.851,2.25,1.50
2011.03.04 13:35:13.814,0.85077,0.851,1.50,1.50
2011.03.04 13:35:14.042,0.85077,0.851,1.50,1.50
2011.03.04 13:35:14.601,0.85074,0.85097,1.18,1.50
2011.03.04 13:35:15.040,0.85069,0.85093,1.18,1.50
2011.03.04 13:35:15.479,0.85064,0.85086,1.18,1.50
2011.03.04 13:35:15.699,0.85063,0.85087,1.18,1.50
2011.03.04 13:35:15.812,0.85059,0.85083,1.18,1.50
2011.03.04 13:35:15.930,0.85059,0.85084,1.18,2.25
2011.03.04 13:35:16.161,0.8506,0.85084,1.18,3.00
2011.03.04 13:35:16.380,0.85056,0.8508,2.25,1.50
2011.03.04 13:35:17.088,0.85056,0.85078,2.25,1.50
2011.03.04 13:35:17.310,0.85058,0.85082,1.18,3.00
2011.03.04 13:35:17.648,0.85064,0.85089,1.36,2.25
2011.03.04 13:35:17.764,0.85065,0.85091,1.36,1.50
2011.03.04 13:35:17.884,0.8507,0.85095,1.36,1.50
2011.03.04 13:35:18.111,0.85067,0.8509,3.00,1.69
2011.03.04 13:35:18.439,0.85064,0.85089,1.18,1.69
2011.03.04 13:35:18.551,0.85062,0.85087,1.18,3.19
2011.03.04 13:35:18.782,0.85061,0.8508,1.50,1.69
2011.03.04 13:35:18.905,0.85057,0.85079,1.50,1.69
2011.03.04 13:35:19.529,0.85057,0.85076,1.50,1.50
2011.03.04 13:35:19.940,0.85053,0.85076,1.18,1.50
2011.03.04 13:35:20.054,0.85053,0.85079,1.18,2.25
2011.03.04 13:35:20.409,0.85053,0.85079,1.18,2.25
2011.03.04 13:35:20.852,0.85052,0.85075,1.93,1.50
2011.03.04 13:35:21.190,0.85051,0.85061,1.50,1.50
2011.03.04 13:35:21.742,0.85036,0.85059,2.25,1.50
2011.03.04 13:35:21.861,0.85037,0.85052,1.50,1.50
2011.03.04 13:35:21.981,0.85033,0.85047,1.50,1.50
2011.03.04 13:35:22.100,0.85021,0.85045,3.00,3.12
2011.03.04 13:35:22.212,0.85021,0.85038,1.50,1.50
2011.03.04 13:35:22.329,0.85021,0.85038,1.50,1.50
2011.03.04 13:35:23.698,0.85021,0.85033,1.50,1.50
2011.03.04 13:35:24.139,0.85021,0.85032,1.50,1.50
2011.03.04 13:35:24.580,0.85016,0.85033,1.50,2.44
2011.03.04 13:35:24.691,0.85006,0.85029,1.93,1.50
2011.03.04 13:35:25.019,0.85006,0.85031,2.68,1.50
2011.03.04 13:35:25.350,0.85006,0.85029,1.93,1.50
2011.03.04 13:35:25.459,0.85006,0.85027,1.93,1.50
2011.03.04 13:35:26.065,0.85004,0.85029,1.18,1.50
2011.03.04 13:35:26.182,0.85007,0.85029,1.69,1.50
2011.03.04 13:35:26.521,0.85003,0.85027,1.93,1.69
2011.03.04 13:35:26.749,0.85002,0.85024,2.68,1.69
2011.03.04 13:35:27.189,0.85,0.85026,2.25,1.50
2011.03.04 13:35:27.738,0.84998,0.85026,1.36,3.75
2011.03.04 13:35:27.961,0.84998,0.85023,1.18,1.69
2011.03.04 13:35:28.302,0.84986,0.85013,2.68,1.69
2011.03.04 13:35:28.419,0.84986,0.85012,1.18,1.69
2011.03.04 13:35:28.749,0.84984,0.85008,1.18,1.50
2011.03.04 13:35:28.859,0.84987,0.85008,1.50,1.50
2011.03.04 13:35:29.495,0.84988,0.85012,1.93,3.00
2011.03.04 13:35:29.609,0.84986,0.85011,1.18,2.44
2011.03.04 13:35:29.941,0.84986,0.85008,1.36,1.50
2011.03.04 13:35:30.819,0.84984,0.85006,1.18,1.69
2011.03.04 13:35:30.929,0.84982,0.85004,2.86,1.50
2011.03.04 13:35:31.041,0.84981,0.85004,1.18,1.50
2011.03.04 13:35:31.150,0.84979,0.85008,1.93,2.25
2011.03.04 13:35:31.258,0.84979,0.85001,1.18,1.50
2011.03.04 13:35:31.697,0.84977,0.85001,2.25,1.50
2011.03.04 13:35:32.284,0.84973,0.84986,1.50,3.12
2011.03.04 13:35:32.416,0.84958,0.84984,1.69,1.50
2011.03.04 13:35:32.531,0.84962,0.84988,1.93,1.50
2011.03.04 13:35:33.310,0.84965,0.84985,1.18,1.69
2011.03.04 13:35:33.530,0.84965,0.84986,1.18,1.69
2011.03.04 13:35:33.640,0.84962,0.8498,1.69,1.50
2011.03.04 13:35:33.859,0.84962,0.8499,1.69,1.50
2011.03.04 13:35:34.081,0.84967,0.84992,1.93,1.50
2011.03.04 13:35:34.521,0.84968,0.84992,1.18,1.50
2011.03.04 13:35:34.861,0.84971,0.84995,1.18,1.50
2011.03.04 13:35:36.179,0.84971,0.84992,1.18,1.09
2011.03.04 13:35:36.398,0.84964,0.8499,1.93,1.50
2011.03.04 13:35:36.619,0.84964,0.84991,2.68,1.50
2011.03.04 13:35:36.837,0.84968,0.84993,1.18,1.84
2011.03.04 13:35:37.169,0.84966,0.84989,1.18,1.69
2011.03.04 13:35:37.504,0.84959,0.84984,1.18,1.50
2011.03.04 13:35:37.732,0.8496,0.84983,1.36,1.05
2011.03.04 13:35:38.345,0.8496,0.84983,1.18,3.19
2011.03.04 13:35:38.570,0.8496,0.8498,1.18,1.58
2011.03.04 13:35:38.790,0.84952,0.84976,1.18,2.44
2011.03.04 13:35:38.897,0.84952,0.84976,1.18,1.50
2011.03.04 13:35:39.010,0.84952,0.84973,1.18,1.69
2011.03.04 13:35:39.121,0.8495,0.84973,1.18,2.44
2011.03.04 13:35:39.313,0.84948,0.84973,1.18,2.44
2011.03.04 13:35:39.652,0.8495,0.84973,1.18,2.33
2011.03.04 13:35:41.048,0.84948,0.84972,1.18,1.05
2011.03.04 13:35:41.159,0.84948,0.84974,1.18,1.58
2011.03.04 13:35:41.268,0.84952,0.84977,1.50,2.33
2011.03.04 13:35:41.810,0.84952,0.84979,1.93,1.84
2011.03.04 13:35:42.149,0.84956,0.84979,1.18,1.84
2011.03.04 13:35:42.478,0.84955,0.84979,1.18,1.09
2011.03.04 13:35:42.698,0.84955,0.84979,1.18,1.09
2011.03.04 13:35:43.138,0.84955,0.84978,1.18,1.77
2011.03.04 13:35:43.579,0.84958,0.84985,2.11,1.58
2011.03.04 13:35:43.689,0.84959,0.84985,1.18,1.58
2011.03.04 13:35:44.019,0.84964,0.84985,1.18,1.58
2011.03.04 13:35:44.238,0.84964,0.84987,1.18,1.84
2011.03.04 13:35:45.749,0.84966,0.84992,2.11,1.58
2011.03.04 13:35:45.968,0.84966,0.84996,3.61,3.08
2011.03.04 13:35:46.407,0.84967,0.84996,2.11,2.33
2011.03.04 13:35:46.958,0.84974,0.84997,1.18,1.65
2011.03.04 13:35:47.070,0.84974,0.84988,1.18,2.37
2011.03.04 13:35:47.179,0.84969,0.84988,1.93,2.37
2011.03.04 13:35:47.288,0.84969,0.8499,1.93,1.50
2011.03.04 13:35:47.399,0.84963,0.84986,1.18,1.50
2011.03.04 13:35:47.728,0.84964,0.84983,1.18,1.50
2011.03.04 13:35:48.278,0.84965,0.84988,2.11,1.50
2011.03.04 13:35:48.773,0.84971,0.84996,1.36,1.50
2011.03.04 13:35:49.110,0.8497,0.84991,1.18,1.02
2011.03.04 13:35:49.221,0.84967,0.8499,1.18,1.02
2011.03.04 13:35:49.329,0.84963,0.84991,1.18,3.27
2011.03.04 13:35:49.551,0.84964,0.84991,1.36,2.25
2011.03.04 13:35:49.662,0.84965,0.84991,1.36,2.25
2011.03.04 13:35:50.001,0.8497,0.84991,1.36,1.50
2011.03.04 13:35:50.329,0.84974,0.84991,1.18,1.50
2011.03.04 13:35:50.891,0.84977,0.85,1.69,2.25
2011.03.04 13:35:51.008,0.84978,0.85002,1.36,1.50
2011.03.04 13:35:51.339,0.84976,0.85002,1.36,1.69
2011.03.04 13:35:51.448,0.84976,0.85,2.11,1.65
2011.03.04 13:35:51.979,0.84974,0.85,2.11,1.50
2011.03.04 13:35:52.641,0.84978,0.85004,1.18,1.50
2011.03.04 13:35:52.760,0.84977,0.85002,2.25,1.65
2011.03.04 13:35:52.869,0.84973,0.85001,1.93,1.58
2011.03.04 13:35:53.419,0.84977,0.85,1.18,3.00
2011.03.04 13:35:53.750,0.84986,0.85009,2.11,2.25
2011.03.04 13:35:53.860,0.84988,0.85011,1.36,1.50
2011.03.04 13:35:55.512,0.8499,0.85012,1.36,3.08
2011.03.04 13:35:55.620,0.84988,0.85012,1.18,1.58
2011.03.04 13:35:55.949,0.84984,0.85009,1.18,2.25
2011.03.04 13:35:56.278,0.84981,0.85008,1.18,1.09
2011.03.04 13:35:56.388,0.84979,0.85004,2.68,1.50
2011.03.04 13:35:56.608,0.84981,0.85008,2.11,2.25
2011.03.04 13:35:56.939,0.84982,0.85007,1.18,4.62
2011.03.04 13:35:57.051,0.8498,0.85007,1.18,3.27
2011.03.04 13:35:57.610,0.84979,0.85002,1.50,1.69
2011.03.04 13:35:57.829,0.84977,0.85002,1.69,1.69
2011.03.04 13:35:57.939,0.84974,0.84997,1.93,1.02
2011.03.04 13:35:58.419,0.84969,0.84993,1.36,3.00
2011.03.04 13:35:58.534,0.84969,0.84994,1.36,1.50
2011.03.04 13:35:59.088,0.84969,0.84992,1.36,1.50
2011.03.04 13:35:59.753,0.84968,0.84992,1.18,1.50
2011.03.04 13:36:00.311,0.84967,0.84992,1.18,1.69
2011.03.04 13:36:00.749,0.84965,0.84988,1.18,2.37
2011.03.04 13:36:00.861,0.84968,0.84988,1.50,2.37
2011.03.04 13:36:01.380,0.84961,0.84984,1.93,1.50
2011.03.04 13:36:01.612,0.84961,0.84983,1.93,1.69
2011.03.04 13:36:01.858,0.84957,0.84978,1.93,1.69
2011.03.04 13:36:02.084,0.84947,0.84971,1.93,1.69
2011.03.04 13:36:02.199,0.84946,0.84971,1.18,1.69
2011.03.04 13:36:02.755,0.84947,0.84969,2.44,1.50
2011.03.04 13:36:02.873,0.84948,0.84974,1.18,1.69
2011.03.04 13:36:04.446,0.84952,0.84976,1.18,1.50
2011.03.04 13:36:05.219,0.84948,0.84972,1.18,1.50
2011.03.04 13:36:05.551,0.84946,0.84966,1.50,3.00
2011.03.04 13:36:05.772,0.8494,0.84966,1.36,1.50
2011.03.04 13:36:05.891,0.84942,0.84969,1.18,2.25
2011.03.04 13:36:06.375,0.84946,0.84972,2.11,1.50
2011.03.04 13:36:06.809,0.84946,0.84965,2.25,1.69
2011.03.04 13:36:06.916,0.84936,0.84963,1.18,2.44
2011.03.04 13:36:07.138,0.84939,0.84965,2.84,1.50
2011.03.04 13:36:07.471,0.84944,0.84972,1.18,1.69
2011.03.04 13:36:07.582,0.84943,0.84957,2.23,1.69
2011.03.04 13:36:07.921,0.84937,0.84949,1.50,1.69
2011.03.04 13:36:08.029,0.84937,0.84945,1.50,1.69
2011.03.04 13:36:08.249,0.84937,0.84944,1.50,2.25
2011.03.04 13:36:08.359,0.84927,0.84944,1.50,2.25
2011.03.04 13:36:08.471,0.84922,0.84945,1.18,1.50
2011.03.04 13:36:09.030,0.84922,0.84946,1.18,1.69
2011.03.04 13:36:09.250,0.84926,0.8495,1.18,1.50
2011.03.04 13:36:09.644,0.84927,0.84953,1.93,1.50
2011.03.04 13:36:09.979,0.8493,0.84955,1.18,2.25
2011.03.04 13:36:10.088,0.84933,0.84955,1.18,2.25
2011.03.04 13:36:10.419,0.84937,0.84961,1.50,2.25
2011.03.04 13:36:10.527,0.84937,0.84959,1.50,1.50
2011.03.04 13:36:10.639,0.84937,0.84962,1.50,1.50
2011.03.04 13:36:11.130,0.84939,0.84962,1.93,1.50
2011.03.04 13:36:11.503,0.84935,0.84955,1.50,1.50
2011.03.04 13:36:11.841,0.84937,0.84955,1.50,1.50
2011.03.04 13:36:12.256,0.84931,0.84947,1.50,1.50
2011.03.04 13:36:12.589,0.84913,0.84941,1.18,1.50
2011.03.04 13:36:12.918,0.84913,0.8494,1.18,1.50
2011.03.04 13:36:13.259,0.84917,0.84935,1.50,1.50
2011.03.04 13:36:13.369,0.84913,0.84935,1.18,1.50
2011.03.04 13:36:13.589,0.84912,0.84935,1.50,1.50
2011.03.04 13:36:14.138,0.8491,0.84935,1.18,1.50
2011.03.04 13:36:15.700,0.84906,0.84933,3.61,1.50
2011.03.04 13:36:16.252,0.84915,0.84934,1.50,3.00
2011.03.04 13:36:16.589,0.84918,0.84934,1.36,1.50
2011.03.04 13:36:17.057,0.84925,0.84934,1.36,1.50
2011.03.04 13:36:17.186,0.84926,0.8494,1.69,1.50
2011.03.04 13:36:17.519,0.84928,0.84936,1.36,1.50
2011.03.04 13:36:17.630,0.84928,0.84952,1.36,1.50
2011.03.04 13:36:17.851,0.84929,0.84954,1.36,1.50
2011.03.04 13:36:18.232,0.8493,0.84956,1.36,1.50
2011.03.04 13:36:18.460,0.84932,0.84956,1.36,1.50
2011.03.04 13:36:18.571,0.8493,0.84956,1.36,1.50
2011.03.04 13:36:18.694,0.84932,0.84956,1.36,1.50
2011.03.04 13:36:18.810,0.8493,0.84956,2.86,1.50
2011.03.04 13:36:19.031,0.84932,0.84954,1.50,1.50
2011.03.04 13:36:19.150,0.84928,0.84954,2.68,1.50
2011.03.04 13:36:19.483,0.8493,0.84951,1.93,3.12
2011.03.04 13:36:19.819,0.84928,0.84952,1.18,1.69
2011.03.04 13:36:19.929,0.84928,0.84944,1.18,1.50
2011.03.04 13:36:20.043,0.84928,0.8495,2.42,1.50
2011.03.04 13:36:20.161,0.84938,0.8495,1.48,1.50
2011.03.04 13:36:20.490,0.84945,0.84954,1.36,1.50
2011.03.04 13:36:20.601,0.84944,0.84967,1.36,2.25
2011.03.04 13:36:21.123,0.84941,0.84963,1.18,1.50
2011.03.04 13:36:21.788,0.84941,0.84963,1.18,2.44
2011.03.04 13:36:21.900,0.84934,0.84959,1.93,1.69
2011.03.04 13:36:22.010,0.84933,0.84958,1.18,1.69
2011.03.04 13:36:22.119,0.84933,0.84954,1.18,1.50
2011.03.04 13:36:22.561,0.84933,0.84959,1.18,3.19
2011.03.04 13:36:23.551,0.84932,0.84953,1.18,1.50
2011.03.04 13:36:23.769,0.84924,0.8495,1.18,1.50
2011.03.04 13:36:23.879,0.84921,0.84948,1.93,1.69
2011.03.04 13:36:23.993,0.84921,0.84944,1.50,2.25
2011.03.04 13:36:24.110,0.84918,0.84942,1.50,2.25
2011.03.04 13:36:24.221,0.84918,0.84938,1.50,1.69
2011.03.04 13:36:24.546,0.84918,0.84929,1.50,2.37
2011.03.04 13:36:24.683,0.84903,0.84928,2.11,1.50
2011.03.04 13:36:24.910,0.84908,0.84928,1.50,1.50
2011.03.04 13:36:25.241,0.84909,0.84931,1.36,1.50
2011.03.04 13:36:25.582,0.84912,0.84933,2.11,1.50
2011.03.04 13:36:25.702,0.84912,0.84933,1.36,1.50
2011.03.04 13:36:25.932,0.84915,0.84933,1.18,1.50
2011.03.04 13:36:26.050,0.84915,0.84941,1.18,1.69
2011.03.04 13:36:26.550,0.84915,0.84938,1.18,1.69
2011.03.04 13:36:27.242,0.84915,0.84938,1.18,1.69
2011.03.04 13:36:27.471,0.84912,0.84934,1.18,2.25
2011.03.04 13:36:27.578,0.8491,0.84934,1.18,3.00
2011.03.04 13:36:29.137,0.8491,0.84934,1.18,2.25
2011.03.04 13:36:29.472,0.84919,0.84937,1.69,1.50
2011.03.04 13:36:29.594,0.84919,0.84941,1.69,2.25
2011.03.04 13:36:30.326,0.84918,0.84944,1.93,2.44
2011.03.04 13:36:30.446,0.84917,0.84942,1.93,1.69
2011.03.04 13:36:30.889,0.84917,0.84938,1.93,1.69
2011.03.04 13:36:31.218,0.84914,0.84937,1.18,1.69
2011.03.04 13:36:31.439,0.84914,0.84934,1.18,1.50
2011.03.04 13:36:31.659,0.84914,0.84934,1.18,2.44
2011.03.04 13:36:31.769,0.84914,0.84934,1.18,1.50
2011.03.04 13:36:31.989,0.84914,0.84926,1.36,1.50
2011.03.04 13:36:32.318,0.84916,0.84926,1.18,1.50
2011.03.04 13:36:32.429,0.84917,0.84938,1.36,1.50
2011.03.04 13:36:32.538,0.84917,0.84943,1.36,2.44
2011.03.04 13:36:32.759,0.84922,0.84945,1.36,1.50
2011.03.04 13:36:33.724,0.84922,0.84951,1.18,5.37
2011.03.04 13:36:33.839,0.84923,0.84947,1.18,2.25
2011.03.04 13:36:34.170,0.84925,0.84947,1.36,1.50
2011.03.04 13:36:34.280,0.84928,0.84953,1.36,3.00
2011.03.04 13:36:34.719,0.84934,0.84953,1.36,1.50
2011.03.04 13:36:34.941,0.84934,0.84958,1.36,1.50
2011.03.04 13:36:35.173,0.84939,0.84963,1.69,3.00
2011.03.04 13:36:35.290,0.8494,0.84963,1.36,1.50
2011.03.04 13:36:35.402,0.8494,0.84968,1.18,2.44
2011.03.04 13:36:36.749,0.84936,0.84962,1.18,1.69
2011.03.04 13:36:37.368,0.84936,0.84959,1.18,1.50
2011.03.04 13:36:37.927,0.84936,0.84961,1.18,2.25
2011.03.04 13:36:38.039,0.84935,0.8496,1.18,2.25
2011.03.04 13:36:38.756,0.84932,0.84958,2.68,1.50
2011.03.04 13:36:38.979,0.8493,0.84954,2.11,1.50
2011.03.04 13:36:39.751,0.84933,0.84958,1.93,2.25
2011.03.04 13:36:40.096,0.84946,0.84962,1.18,1.50
2011.03.04 13:36:40.526,0.84946,0.84966,1.50,1.69
2011.03.04 13:36:40.748,0.84939,0.8496,1.69,1.50
2011.03.04 13:36:41.188,0.84938,0.84964,2.11,1.69
2011.03.04 13:36:41.408,0.8494,0.84964,1.36,1.50
2011.03.04 13:36:42.288,0.8494,0.84964,1.93,1.69
2011.03.04 13:36:43.160,0.8494,0.84969,2.11,1.50
2011.03.04 13:36:43.379,0.84944,0.84969,1.36,1.50
2011.03.04 13:36:43.786,0.84947,0.84971,1.18,1.50
2011.03.04 13:36:44.119,0.8495,0.84974,1.36,1.50
2011.03.04 13:36:44.451,0.84952,0.84979,1.93,1.02
2011.03.04 13:36:44.789,0.84956,0.8498,1.50,2.93
2011.03.04 13:36:45.118,0.84958,0.8498,1.18,2.18
2011.03.04 13:36:45.449,0.84961,0.8498,2.44,2.18
2011.03.04 13:36:45.559,0.84962,0.84989,1.36,2.93
2011.03.04 13:36:46.700,0.84964,0.84987,1.93,1.69
2011.03.04 13:36:47.028,0.8496,0.84982,4.18,1.50
2011.03.04 13:36:47.140,0.8496,0.84982,2.25,1.50
2011.03.04 13:36:47.361,0.84956,0.84983,1.93,1.50
2011.03.04 13:36:47.593,0.84958,0.8498,1.50,1.69
2011.03.04 13:36:47.711,0.84958,0.84983,1.50,2.25
2011.03.04 13:36:47.940,0.84957,0.84983,1.18,1.50
2011.03.04 13:36:48.050,0.84957,0.84984,1.18,1.50
2011.03.04 13:36:48.616,0.84956,0.8498,1.93,1.50
2011.03.04 13:36:48.950,0.84956,0.84975,1.50,1.50
2011.03.04 13:36:49.391,0.84954,0.84978,1.18,1.69
2011.03.04 13:36:49.941,0.84957,0.84982,1.18,1.50
2011.03.04 13:36:50.379,0.84958,0.84983,1.36,2.25
2011.03.04 13:36:50.600,0.84961,0.84983,1.18,2.25
2011.03.04 13:36:51.239,0.84961,0.84984,1.36,1.50
2011.03.04 13:36:51.562,0.84964,0.84992,1.93,1.50
2011.03.04 13:36:51.679,0.84964,0.84992,1.93,1.50
2011.03.04 13:36:51.900,0.84969,0.84994,1.93,2.25
2011.03.04 13:36:52.008,0.8497,0.84994,1.36,2.25
2011.03.04 13:36:52.119,0.84968,0.84995,2.11,3.00
2011.03.04 13:36:52.560,0.84974,0.84998,1.18,1.50
2011.03.04 13:36:52.778,0.84974,0.85,1.18,3.00
2011.03.04 13:36:55.650,0.84976,0.85,1.36,1.50
2011.03.04 13:36:55.981,0.8498,0.85003,1.36,1.50
2011.03.04 13:36:56.419,0.84982,0.85008,1.69,1.50
2011.03.04 13:36:56.969,0.8498,0.85003,1.36,1.50
2011.03.04 13:36:57.409,0.84982,0.85007,1.36,3.00
2011.03.04 13:36:57.628,0.84984,0.85004,1.36,1.50
2011.03.04 13:36:58.080,0.84982,0.85005,2.11,1.50
2011.03.04 13:36:58.670,0.84982,0.85005,1.36,1.50
2011.03.04 13:36:58.893,0.84986,0.85006,1.18,1.69
2011.03.04 13:36:59.013,0.8498,0.85006,1.93,1.69
2011.03.04 13:36:59.131,0.8498,0.85004,1.50,1.69
2011.03.04 13:36:59.459,0.84979,0.85006,1.36,1.50
2011.03.04 13:37:00.009,0.84981,0.85006,1.36,2.25
2011.03.04 13:37:00.338,0.8499,0.85013,1.18,4.65
2011.03.04 13:37:00.448,0.8499,0.85013,1.18,1.65
2011.03.04 13:37:00.670,0.84988,0.85016,1.18,1.65
2011.03.04 13:37:01.026,0.84988,0.85016,1.18,1.50
2011.03.04 13:37:01.250,0.84986,0.85015,1.93,1.50
2011.03.04 13:37:01.579,0.84991,0.85013,1.18,2.25
2011.03.04 13:37:02.239,0.84991,0.85013,1.18,3.19
2011.03.04 13:37:02.569,0.84985,0.85007,1.18,3.87
2011.03.04 13:37:02.899,0.84979,0.85003,2.68,3.19
2011.03.04 13:37:03.742,0.84975,0.85001,2.68,3.94
2011.03.04 13:37:03.860,0.84975,0.84997,1.18,3.12
2011.03.04 13:37:04.079,0.84974,0.84993,1.50,1.69
2011.03.04 13:37:04.188,0.84971,0.84993,1.18,1.69
2011.03.04 13:37:05.782,0.84971,0.84991,1.18,2.44
2011.03.04 13:37:06.119,0.84962,0.84985,1.18,2.44
2011.03.04 13:37:06.230,0.84961,0.84982,1.18,2.44
2011.03.04 13:37:06.450,0.84958,0.8498,1.93,3.12
2011.03.04 13:37:06.997,0.84956,0.8498,2.68,2.44
2011.03.04 13:37:07.549,0.84959,0.84982,1.18,2.44
2011.03.04 13:37:07.989,0.84965,0.84982,1.18,1.50
2011.03.04 13:37:08.678,0.84967,0.84985,1.50,1.69
2011.03.04 13:37:08.788,0.84962,0.84985,1.18,1.69
2011.03.04 13:37:09.120,0.84957,0.84979,1.50,1.50
2011.03.04 13:37:09.448,0.84949,0.84974,1.18,3.00
2011.03.04 13:37:09.668,0.84947,0.84973,1.36,1.50
2011.03.04 13:37:10.330,0.84945,0.84964,1.50,1.50
2011.03.04 13:37:10.439,0.84938,0.84964,1.36,1.50
2011.03.04 13:37:10.551,0.84936,0.84962,1.93,1.69
2011.03.04 13:37:10.768,0.84936,0.84957,1.50,1.50
2011.03.04 13:37:12.339,0.84936,0.84956,1.50,1.50
2011.03.04 13:37:12.679,0.84936,0.84956,1.50,2.18
2011.03.04 13:37:12.903,0.84936,0.8496,3.19,1.50
2011.03.04 13:37:13.130,0.84941,0.84968,2.68,3.68
2011.03.04 13:37:13.238,0.84941,0.84962,2.68,2.18
2011.03.04 13:37:13.458,0.84941,0.84968,1.18,1.50
2011.03.04 13:37:13.569,0.84944,0.84967,1.18,1.50
2011.03.04 13:37:16.131,0.8494,0.84964,1.18,1.50
2011.03.04 13:37:16.250,0.84941,0.84964,1.36,3.00
2011.03.04 13:37:16.578,0.84947,0.84963,1.50,2.25
2011.03.04 13:37:16.911,0.84938,0.84965,2.86,1.50
2011.03.04 13:37:17.130,0.84942,0.84964,1.18,1.50
2011.03.04 13:37:17.459,0.84947,0.84967,1.50,1.50
2011.03.04 13:37:19.319,0.84948,0.84966,1.50,1.50
2011.03.04 13:37:20.230,0.84947,0.84966,1.69,1.50
2011.03.04 13:37:20.672,0.84947,0.84962,1.50,1.69
2011.03.04 13:37:21.212,0.84947,0.84959,1.50,1.69
2011.03.04 13:37:21.313,0.84942,0.84959,1.50,1.69
2011.03.04 13:37:21.541,0.84942,0.84959,2.44,1.50
2011.03.04 13:37:21.760,0.84942,0.84966,2.44,1.50
2011.03.04 13:37:21.981,0.84947,0.84971,2.25,1.69
2011.03.04 13:37:22.382,0.84956,0.84974,1.50,1.50
2011.03.04 13:37:22.939,0.84956,0.84971,1.50,1.50
2011.03.04 13:37:23.268,0.84956,0.8497,1.50,1.50
2011.03.04 13:37:23.380,0.84956,0.84974,2.25,1.50
2011.03.04 13:37:23.930,0.84952,0.84974,1.18,1.50
2011.03.04 13:37:24.458,0.8495,0.84974,1.18,1.50
2011.03.04 13:37:24.575,0.8495,0.84972,1.18,3.87
2011.03.04 13:37:24.802,0.84945,0.84969,1.36,1.50
2011.03.04 13:37:24.924,0.84954,0.84971,2.25,1.50
2011.03.04 13:37:25.260,0.84965,0.84974,1.69,1.50
2011.03.04 13:37:25.368,0.84966,0.84989,2.44,1.50
2011.03.04 13:37:25.918,0.84967,0.84989,1.36,1.50
2011.03.04 13:37:26.469,0.84964,0.84988,1.18,1.69
2011.03.04 13:37:26.580,0.84964,0.84989,1.36,1.50
2011.03.04 13:37:26.908,0.84967,0.84994,2.86,1.50
2011.03.04 13:37:27.020,0.84967,0.84992,1.93,1.69
2011.03.04 13:37:27.129,0.84963,0.84992,1.93,2.44
2011.03.04 13:37:27.575,0.84963,0.84988,2.44,1.50
2011.03.04 13:37:27.685,0.84967,0.84991,1.93,1.50
2011.03.04 13:37:27.803,0.84967,0.84991,1.36,1.50
2011.03.04 13:37:27.920,0.84968,0.84994,1.36,3.00
2011.03.04 13:37:28.430,0.84968,0.84989,1.18,1.50
2011.03.04 13:37:28.867,0.84966,0.8499,1.93,1.50
2011.03.04 13:37:29.450,0.8497,0.84994,1.18,2.44
2011.03.04 13:37:29.889,0.84972,0.84998,1.36,1.50
2011.03.04 13:37:30.108,0.84973,0.85,2.86,1.50
2011.03.04 13:37:30.218,0.84977,0.85,1.50,1.50
2011.03.04 13:37:30.986,0.84978,0.85004,1.93,2.44
2011.03.04 13:37:31.626,0.84977,0.85003,1.93,1.69
2011.03.04 13:37:31.959,0.84977,0.85002,3.43,1.50
2011.03.04 13:37:32.399,0.84979,0.85002,1.18,1.50
2011.03.04 13:37:32.618,0.84983,0.85004,1.18,1.69
2011.03.04 13:37:33.169,0.84983,0.85005,1.36,1.50
2011.03.04 13:37:33.499,0.84984,0.85011,1.36,1.50
2011.03.04 13:37:33.967,0.84992,0.85014,1.36,1.50
2011.03.04 13:37:34.628,0.84989,0.85013,1.93,1.50
2011.03.04 13:37:34.851,0.84989,0.85014,2.86,1.50
2011.03.04 13:37:35.081,0.84992,0.85014,1.18,1.50
2011.03.04 13:37:35.299,0.84992,0.85014,1.18,2.25
2011.03.04 13:37:35.962,0.84986,0.85014,1.93,2.25
2011.03.04 13:37:36.083,0.84986,0.8501,3.61,1.50
2011.03.04 13:37:36.420,0.84987,0.8501,3.94,1.50
2011.03.04 13:37:37.631,0.84996,0.8502,1.50,1.69
2011.03.04 13:37:37.740,0.84996,0.85015,1.50,1.50
2011.03.04 13:37:39.458,0.84992,0.85015,1.18,1.50
2011.03.04 13:37:39.788,0.84986,0.85013,3.00,1.50
2011.03.04 13:37:40.127,0.84986,0.85012,3.00,1.50
2011.03.04 13:37:40.244,0.84986,0.85013,2.25,3.75
2011.03.04 13:37:40.581,0.84985,0.85009,1.18,3.12
2011.03.04 13:37:40.690,0.84985,0.85011,1.18,1.69
2011.03.04 13:37:40.799,0.84981,0.85009,1.18,1.50
2011.03.04 13:37:40.909,0.84981,0.85008,1.18,1.50
2011.03.04 13:37:41.237,0.84982,0.85004,1.18,1.50
2011.03.04 13:37:42.009,0.84983,0.85004,1.50,1.50
2011.03.04 13:37:42.558,0.84982,0.85004,1.18,1.50
2011.03.04 13:37:43.776,0.84983,0.85004,1.18,1.50
2011.03.04 13:37:43.892,0.84984,0.8501,1.18,1.50
2011.03.04 13:37:44.230,0.84988,0.85012,1.50,1.50
2011.03.04 13:37:44.338,0.84988,0.85012,3.00,1.50
2011.03.04 13:37:44.888,0.84991,0.85016,1.18,1.50
2011.03.04 13:37:45.219,0.84991,0.85014,1.18,1.69
2011.03.04 13:37:45.441,0.84991,0.85014,1.18,3.00
2011.03.04 13:37:45.951,0.84991,0.85014,1.18,2.25
2011.03.04 13:37:46.178,0.84991,0.85013,1.18,1.69
2011.03.04 13:37:46.290,0.84988,0.85014,2.68,3.75
2011.03.04 13:37:46.400,0.84989,0.85014,1.18,3.00
2011.03.04 13:37:46.620,0.84989,0.85009,1.18,1.50
2011.03.04 13:37:47.096,0.84985,0.84999,1.50,1.50
2011.03.04 13:37:47.428,0.84985,0.85003,1.50,2.25
2011.03.04 13:37:47.758,0.84981,0.85003,1.18,2.44
2011.03.04 13:37:48.199,0.8498,0.85003,1.18,2.44
2011.03.04 13:37:48.530,0.84979,0.85002,1.36,1.50
2011.03.04 13:37:48.857,0.84988,0.85012,1.18,3.19
2011.03.04 13:37:49.407,0.84989,0.85012,1.18,1.69
2011.03.04 13:37:49.738,0.84982,0.85003,1.18,1.69
2011.03.04 13:37:50.254,0.84978,0.85,1.93,1.50
2011.03.04 13:37:50.592,0.84979,0.85,1.18,1.50
2011.03.04 13:37:50.931,0.84978,0.85,1.93,1.69
2011.03.04 13:37:51.149,0.84975,0.84997,1.18,1.50
2011.03.04 13:37:52.000,0.84974,0.84996,1.18,1.69
2011.03.04 13:37:52.110,0.84971,0.84994,2.25,1.69
2011.03.04 13:37:52.218,0.8497,0.84994,1.18,1.69
2011.03.04 13:37:52.559,0.8497,0.84993,1.18,1.77
2011.03.04 13:37:52.778,0.84967,0.84991,1.18,1.69
2011.03.04 13:37:53.328,0.84965,0.84986,1.18,1.50
2011.03.04 13:37:53.730,0.84964,0.84986,1.18,1.50
2011.03.04 13:37:54.062,0.84966,0.84992,1.18,1.50
2011.03.04 13:37:54.179,0.84969,0.84992,1.18,1.50
2011.03.04 13:37:54.619,0.84971,0.84992,1.18,1.50
2011.03.04 13:37:54.839,0.84971,0.84996,1.18,1.50
2011.03.04 13:37:55.277,0.84971,0.84997,1.93,1.69
2011.03.04 13:37:55.898,0.84974,0.84997,1.18,1.69
2011.03.04 13:37:56.230,0.84975,0.84997,1.36,3.00
2011.03.04 13:37:56.561,0.84979,0.85002,1.18,1.69
2011.03.04 13:37:57.096,0.84979,0.84997,1.18,1.50
2011.03.04 13:37:57.429,0.84977,0.84999,2.68,1.69
2011.03.04 13:37:57.760,0.84977,0.84999,2.68,1.69
2011.03.04 13:37:58.321,0.84977,0.84999,1.18,1.69
2011.03.04 13:37:58.649,0.84974,0.84994,1.18,1.69
2011.03.04 13:37:58.868,0.84972,0.84991,2.25,1.50
2011.03.04 13:37:59.428,0.84966,0.84991,1.18,1.50
2011.03.04 13:37:59.538,0.84966,0.84991,1.18,1.50
2011.03.04 13:37:59.759,0.84966,0.84989,1.18,1.50
2011.03.04 13:38:00.299,0.84966,0.84989,1.18,1.50
2011.03.04 13:38:00.848,0.84966,0.84989,1.18,1.50
2011.03.04 13:38:01.067,0.84966,0.84989,1.18,1.50
2011.03.04 13:38:01.618,0.84966,0.84989,1.18,2.44
2011.03.04 13:38:01.728,0.84966,0.84989,1.18,2.44
2011.03.04 13:38:01.839,0.84966,0.84987,1.18,1.69
2011.03.04 13:38:02.059,0.84961,0.84983,1.18,1.69
2011.03.04 13:38:02.170,0.84961,0.84984,1.36,1.50
2011.03.04 13:38:02.281,0.84961,0.84987,1.36,2.25
2011.03.04 13:38:02.608,0.84965,0.84988,1.18,1.69
2011.03.04 13:38:03.434,0.84963,0.84988,2.68,1.69
2011.03.04 13:38:03.659,0.84968,0.84988,2.25,1.69
2011.03.04 13:38:03.879,0.84966,0.84988,1.18,1.69
2011.03.04 13:38:04.099,0.84966,0.84988,1.36,1.50
2011.03.04 13:38:04.428,0.84965,0.8499,2.11,1.50
2011.03.04 13:38:04.809,0.84965,0.84989,2.11,1.50
2011.03.04 13:38:05.138,0.84962,0.84986,1.18,1.69
2011.03.04 13:38:05.358,0.8496,0.84984,1.18,1.69
2011.03.04 13:38:05.583,0.8495,0.84974,1.18,1.69
2011.03.04 13:38:06.139,0.84955,0.84978,1.36,1.50
2011.03.04 13:38:06.579,0.84952,0.84978,1.93,4.62
2011.03.04 13:38:07.196,0.84953,0.84975,2.25,1.50
2011.03.04 13:38:07.421,0.84955,0.84978,1.18,2.25
2011.03.04 13:38:08.683,0.84955,0.84979,2.68,1.50
2011.03.04 13:38:09.192,0.84955,0.84979,2.68,1.50
2011.03.04 13:38:09.748,0.84955,0.84979,1.18,1.50
2011.03.04 13:38:10.429,0.84956,0.84979,2.25,1.50
2011.03.04 13:38:10.998,0.84955,0.84979,1.18,1.50
2011.03.04 13:38:11.328,0.84955,0.84979,1.18,1.50
2011.03.04 13:38:12.149,0.84955,0.84977,2.68,1.69
2011.03.04 13:38:12.481,0.84953,0.84978,1.50,3.87
2011.03.04 13:38:12.711,0.84952,0.84976,1.18,1.50
2011.03.04 13:38:12.939,0.84953,0.84978,2.68,3.87
2011.03.04 13:38:13.490,0.84955,0.84979,1.18,1.69
2011.03.04 13:38:13.601,0.84955,0.84979,1.18,1.69
2011.03.04 13:38:13.710,0.84955,0.84975,2.25,1.50
2011.03.04 13:38:13.821,0.84955,0.84975,2.25,1.50
2011.03.04 13:38:14.039,0.84949,0.84975,1.18,1.50
2011.03.04 13:38:14.554,0.8495,0.84971,2.25,1.50
2011.03.04 13:38:14.779,0.84949,0.84971,1.18,1.50
2011.03.04 13:38:15.002,0.84951,0.84973,1.18,1.69
2011.03.04 13:38:15.119,0.84949,0.84975,1.50,2.44
2011.03.04 13:38:15.340,0.8495,0.84975,2.25,1.50
2011.03.04 13:38:15.671,0.84949,0.84973,1.50,1.69
2011.03.04 13:38:15.779,0.84949,0.84971,1.50,1.50
2011.03.04 13:38:16.327,0.84947,0.84972,2.44,1.50
2011.03.04 13:38:16.818,0.8495,0.84974,1.18,1.69
2011.03.04 13:38:18.107,0.84952,0.84973,1.18,1.50
2011.03.04 13:38:18.657,0.84952,0.84973,1.18,1.50
2011.03.04 13:38:18.779,0.84952,0.84973,1.18,1.50
2011.03.04 13:38:19.318,0.84952,0.84973,1.18,1.50
2011.03.04 13:38:19.978,0.84952,0.84973,1.18,1.50
2011.03.04 13:38:20.088,0.84955,0.84973,1.18,1.50
2011.03.04 13:38:20.638,0.84954,0.84976,1.18,1.50
2011.03.04 13:38:21.970,0.84956,0.84977,1.93,1.50
2011.03.04 13:38:22.193,0.84964,0.84987,1.18,3.19
2011.03.04 13:38:22.313,0.84963,0.84987,1.18,2.44
2011.03.04 13:38:22.542,0.84964,0.84987,1.18,3.68
2011.03.04 13:38:22.974,0.84962,0.84984,1.18,1.50
2011.03.04 13:38:24.498,0.84964,0.84984,1.18,2.25
2011.03.04 13:38:25.608,0.84964,0.84987,1.18,1.50
2011.03.04 13:38:25.830,0.84962,0.84984,2.68,1.50
2011.03.04 13:38:26.160,0.84961,0.84984,1.93,1.50
2011.03.04 13:38:27.499,0.84962,0.84984,1.18,2.25
2011.03.04 13:38:28.819,0.84963,0.84984,1.18,1.69
2011.03.04 13:38:29.369,0.84963,0.84984,1.18,1.50
2011.03.04 13:38:29.589,0.84963,0.84984,1.18,1.50
2011.03.04 13:38:29.700,0.84968,0.84991,1.18,2.44
2011.03.04 13:38:30.949,0.84968,0.84991,1.18,1.69
2011.03.04 13:38:31.387,0.84971,0.84993,1.18,1.50
2011.03.04 13:38:31.732,0.84971,0.84991,1.18,1.69
2011.03.04 13:38:32.327,0.84965,0.84989,1.18,1.69
2011.03.04 13:38:32.440,0.84963,0.84987,1.93,1.50
2011.03.04 13:38:32.767,0.84964,0.84986,1.18,1.50
2011.03.04 13:38:33.098,0.84965,0.84986,1.18,1.50
2011.03.04 13:38:33.209,0.84965,0.84986,1.18,1.50
2011.03.04 13:38:33.428,0.84966,0.84989,1.18,2.25
2011.03.04 13:38:34.198,0.84964,0.84988,1.18,1.50
2011.03.04 13:38:34.308,0.84964,0.84988,1.18,2.25
2011.03.04 13:38:34.642,0.84965,0.84986,1.36,1.50
2011.03.04 13:38:34.760,0.84971,0.84994,1.18,1.50
2011.03.04 13:38:35.307,0.84975,0.84996,1.18,1.50
2011.03.04 13:38:36.708,0.84975,0.84996,1.18,1.69
2011.03.04 13:38:37.259,0.84975,0.84996,1.36,1.50
2011.03.04 13:38:37.370,0.84975,0.84996,2.11,1.50
2011.03.04 13:38:40.618,0.84981,0.85003,1.18,1.50
2011.03.04 13:38:40.949,0.84991,0.85013,1.69,5.93
2011.03.04 13:38:41.060,0.84987,0.85012,2.44,1.69
2011.03.04 13:38:41.388,0.84991,0.85014,1.69,1.50
2011.03.04 13:38:41.498,0.84993,0.85015,1.69,1.50
2011.03.04 13:38:42.142,0.84995,0.85017,1.69,1.50
2011.03.04 13:38:42.591,0.84991,0.85017,1.69,1.50
2011.03.04 13:38:42.702,0.84991,0.85017,1.50,2.25
2011.03.04 13:38:42.819,0.84988,0.85016,1.69,1.50
2011.03.04 13:38:43.368,0.84991,0.85014,1.69,1.50
2011.03.04 13:38:43.479,0.84988,0.85014,3.19,1.50
2011.03.04 13:38:43.808,0.84988,0.85014,1.69,1.50
2011.03.04 13:38:44.768,0.84986,0.85013,2.44,1.69
2011.03.04 13:38:45.098,0.8498,0.85005,1.18,1.69
2011.03.04 13:38:45.208,0.84979,0.85004,1.18,1.69
2011.03.04 13:38:45.538,0.84979,0.85001,1.18,1.50
2011.03.04 13:38:45.869,0.84973,0.84993,1.18,1.69
2011.03.04 13:38:46.314,0.84969,0.84994,1.18,1.69
2011.03.04 13:38:47.089,0.84971,0.84994,1.69,1.50
2011.03.04 13:38:47.200,0.84973,0.84994,2.11,1.50
2011.03.04 13:38:47.639,0.84973,0.84997,1.69,1.50
2011.03.04 13:38:47.861,0.84976,0.84998,2.11,1.50
2011.03.04 13:38:48.090,0.84976,0.84998,1.18,1.50
2011.03.04 13:38:49.660,0.84977,0.84999,1.36,1.50
2011.03.04 13:38:49.878,0.84978,0.85001,2.25,1.50
2011.03.04 13:38:50.729,0.84979,0.85,1.18,1.50
2011.03.04 13:38:51.317,0.84979,0.85001,1.93,1.50
2011.03.04 13:38:51.870,0.84977,0.84996,1.93,1.50
2011.03.04 13:38:51.978,0.84972,0.84996,1.18,2.25
2011.03.04 13:38:52.531,0.84973,0.84996,2.11,1.50
2011.03.04 13:38:52.751,0.84977,0.85001,2.25,2.25
2011.03.04 13:38:52.861,0.84978,0.85001,1.18,2.25
2011.03.04 13:38:53.961,0.84977,0.85001,2.68,2.25
2011.03.04 13:38:54.293,0.84974,0.84998,1.18,1.50
2011.03.04 13:38:54.738,0.84971,0.84997,1.18,2.25
2011.03.04 13:38:55.222,0.84971,0.84996,1.18,1.69
2011.03.04 13:38:55.346,0.84963,0.84985,1.18,1.50
2011.03.04 13:38:55.459,0.8496,0.84983,1.18,1.50
2011.03.04 13:38:56.011,0.8496,0.84983,1.18,1.50
2011.03.04 13:38:57.188,0.8496,0.84983,1.18,1.50
2011.03.04 13:38:57.518,0.84957,0.8498,1.18,1.50
2011.03.04 13:38:58.562,0.84958,0.8498,2.25,1.50
2011.03.04 13:38:58.682,0.84957,0.8498,1.18,1.50
2011.03.04 13:38:59.610,0.84954,0.8498,1.50,1.50
2011.03.04 13:38:59.721,0.84953,0.84976,1.18,1.50
2011.03.04 13:38:59.840,0.84953,0.84975,1.18,3.87
2011.03.04 13:39:00.170,0.84939,0.84968,2.68,2.44
2011.03.04 13:39:00.280,0.84939,0.84965,1.18,1.69
2011.03.04 13:39:00.499,0.84936,0.84961,2.25,1.50
2011.03.04 13:39:00.829,0.84934,0.84955,2.25,1.50
2011.03.04 13:39:01.161,0.84936,0.84958,1.18,1.50
2011.03.04 13:39:01.270,0.84936,0.84958,1.18,1.50
2011.03.04 13:39:01.599,0.84945,0.84958,1.50,1.50
2011.03.04 13:39:01.818,0.84937,0.84958,2.25,1.50
2011.03.04 13:39:02.150,0.84936,0.84958,1.18,1.50
2011.03.04 13:39:02.259,0.84937,0.84958,1.50,2.25
2011.03.04 13:39:02.478,0.84937,0.84958,2.25,1.50
2011.03.04 13:39:02.808,0.84937,0.84958,3.75,1.50
2011.03.04 13:39:03.533,0.84937,0.84958,2.25,1.50
2011.03.04 13:39:03.652,0.8494,0.84963,1.18,1.50
2011.03.04 13:39:03.880,0.8494,0.84963,2.68,1.50
2011.03.04 13:39:05.248,0.8494,0.84963,1.18,1.50
2011.03.04 13:39:05.782,0.84939,0.84961,3.61,1.50
2011.03.04 13:39:06.133,0.8494,0.84963,1.18,2.44
2011.03.04 13:39:06.948,0.84939,0.84963,1.18,4.69
2011.03.04 13:39:07.169,0.84937,0.84962,1.50,1.69
2011.03.04 13:39:07.718,0.84936,0.84956,2.25,1.50
2011.03.04 13:39:08.253,0.84936,0.84956,2.25,1.50
2011.03.04 13:39:09.059,0.84938,0.8496,1.18,1.50
2011.03.04 13:39:09.619,0.84938,0.84961,2.68,2.44
2011.03.04 13:39:10.191,0.84936,0.84957,1.18,1.69
2011.03.04 13:39:10.408,0.84934,0.84957,2.25,3.19
2011.03.04 13:39:11.948,0.84935,0.84957,2.25,2.44
2011.03.04 13:39:12.390,0.84938,0.84959,1.69,1.50
2011.03.04 13:39:12.718,0.8494,0.84963,2.25,1.50
2011.03.04 13:39:13.598,0.8494,0.84963,1.36,1.50
2011.03.04 13:39:14.109,0.8494,0.84963,1.36,1.50
2011.03.04 13:39:14.723,0.8494,0.84963,1.36,1.50
2011.03.04 13:39:14.841,0.8494,0.84961,1.18,1.69
2011.03.04 13:39:14.952,0.8494,0.84961,1.18,1.69
2011.03.04 13:39:15.072,0.84936,0.84956,1.18,1.69
2011.03.04 13:39:15.301,0.84936,0.84959,1.18,2.44
2011.03.04 13:39:15.408,0.84933,0.84954,2.25,1.50
2011.03.04 13:39:16.007,0.84933,0.84954,2.25,1.50
2011.03.04 13:39:16.559,0.84931,0.84953,2.68,1.50
2011.03.04 13:39:16.891,0.84931,0.84954,2.68,3.00
2011.03.04 13:39:17.221,0.8494,0.84958,1.69,1.50
2011.03.04 13:39:17.551,0.84947,0.84968,1.18,1.50
2011.03.04 13:39:17.999,0.84947,0.84971,1.18,1.50
2011.03.04 13:39:18.218,0.84947,0.84971,1.18,1.50
2011.03.04 13:39:18.550,0.84947,0.84971,2.68,1.50
2011.03.04 13:39:18.659,0.84948,0.84973,1.18,2.33
2011.03.04 13:39:18.769,0.84948,0.8497,1.18,1.50
2011.03.04 13:39:19.678,0.84948,0.84968,1.18,1.50
2011.03.04 13:39:20.888,0.84948,0.84968,1.18,1.50
2011.03.04 13:39:21.439,0.84949,0.84968,1.69,1.50
2011.03.04 13:39:21.770,0.84948,0.84968,1.18,1.50
2011.03.04 13:39:21.989,0.84947,0.84966,2.68,1.50
2011.03.04 13:39:22.468,0.84947,0.84968,3.75,1.50
2011.03.04 13:39:22.582,0.84948,0.84969,2.25,1.50
2011.03.04 13:39:23.031,0.84947,0.84968,2.68,1.50
2011.03.04 13:39:23.260,0.84947,0.84969,2.86,1.50
2011.03.04 13:39:24.898,0.84947,0.84969,2.68,1.50
2011.03.04 13:39:25.679,0.84947,0.84969,2.68,1.50
2011.03.04 13:39:26.032,0.84947,0.84969,1.18,1.50
2011.03.04 13:39:26.368,0.84944,0.84968,2.86,1.50
2011.03.04 13:39:27.279,0.84952,0.84974,1.50,1.50
2011.03.04 13:39:27.403,0.84954,0.84978,1.18,1.50
2011.03.04 13:39:27.523,0.84956,0.84978,2.25,1.50
2011.03.04 13:39:27.863,0.84955,0.84978,3.19,1.50
2011.03.04 13:39:28.090,0.84958,0.84981,1.18,1.50
2011.03.04 13:39:28.638,0.84958,0.84981,1.18,1.50
2011.03.04 13:39:28.970,0.84964,0.84985,1.18,1.50
2011.03.04 13:39:29.080,0.84964,0.84987,1.18,2.44
2011.03.04 13:39:29.410,0.84964,0.84987,1.18,2.44
2011.03.04 13:39:29.740,0.84968,0.8499,1.18,1.69
2011.03.04 13:39:30.110,0.8497,0.84991,1.69,2.25
2011.03.04 13:39:30.461,0.84972,0.84994,1.18,1.50
2011.03.04 13:39:30.911,0.84975,0.84997,1.93,1.50
2011.03.04 13:39:31.020,0.84976,0.84997,1.18,1.50
2011.03.04 13:39:31.400,0.84977,0.84999,1.18,1.50
2011.03.04 13:39:31.840,0.84977,0.84999,2.68,2.25
2011.03.04 13:39:32.868,0.84979,0.85001,1.18,2.25
2011.03.04 13:39:32.979,0.84979,0.85001,2.68,1.50
2011.03.04 13:39:34.551,0.84978,0.85001,1.18,1.50
2011.03.04 13:39:34.881,0.84976,0.84995,1.18,1.69
2011.03.04 13:39:35.651,0.84974,0.84998,1.18,1.50
2011.03.04 13:39:36.238,0.84974,0.84998,1.18,1.50
2011.03.04 13:39:36.458,0.84974,0.84998,1.18,2.25
2011.03.04 13:39:36.679,0.84977,0.84998,2.11,1.50
2011.03.04 13:39:36.789,0.84978,0.85002,2.25,1.69
2011.03.04 13:39:37.392,0.84981,0.85002,1.36,1.50
2011.03.04 13:39:37.514,0.84985,0.85006,1.69,1.50
2011.03.04 13:39:37.740,0.84986,0.8501,1.36,2.25
2011.03.04 13:39:38.180,0.84988,0.85011,2.25,1.50
2011.03.04 13:39:38.619,0.84988,0.8501,3.00,1.50
2011.03.04 13:39:39.059,0.84987,0.85012,3.94,1.50
2011.03.04 13:39:39.668,0.8499,0.85012,1.18,1.50
2011.03.04 13:39:40.737,0.8499,0.85012,1.18,1.50
2011.03.04 13:39:41.313,0.8499,0.85012,2.11,1.50
2011.03.04 13:39:41.653,0.84992,0.85012,1.69,1.50
2011.03.04 13:39:41.774,0.84989,0.85012,1.93,1.50
2011.03.04 13:39:41.891,0.84992,0.85016,1.18,1.69
2011.03.04 13:39:43.748,0.84991,0.85011,1.18,1.69
2011.03.04 13:39:44.311,0.84991,0.85013,1.18,2.25
2011.03.04 13:39:44.846,0.84988,0.85011,1.18,1.50
2011.03.04 13:39:44.963,0.84989,0.85011,1.18,1.50
2011.03.04 13:39:45.192,0.84991,0.85012,1.18,1.50
2011.03.04 13:39:45.970,0.84991,0.85014,1.18,2.25
2011.03.04 13:39:46.298,0.8499,0.85011,1.18,1.50
2011.03.04 13:39:46.518,0.8499,0.85011,1.18,1.50
2011.03.04 13:39:47.010,0.84989,0.85011,1.18,1.50
2011.03.04 13:39:47.340,0.84991,0.85011,1.18,1.50
2011.03.04 13:39:48.481,0.84991,0.85014,1.18,1.50
2011.03.04 13:39:48.699,0.84991,0.85014,1.18,1.50
2011.03.04 13:39:49.580,0.84991,0.85014,1.18,1.50
2011.03.04 13:39:50.139,0.84995,0.85015,1.18,1.50
2011.03.04 13:39:50.958,0.84995,0.85017,1.18,1.50
2011.03.04 13:39:51.182,0.84999,0.85017,1.69,1.50
2011.03.04 13:39:51.518,0.85002,0.85019,1.36,1.50
2011.03.04 13:39:51.631,0.85002,0.85025,2.44,2.25
2011.03.04 13:39:51.958,0.85001,0.85023,1.18,1.50
2011.03.04 13:39:52.488,0.85001,0.85023,1.18,1.50
2011.03.04 13:39:54.148,0.85001,0.85024,1.18,1.50
2011.03.04 13:39:54.260,0.85003,0.85025,1.18,1.50
2011.03.04 13:39:54.811,0.85005,0.85028,1.18,2.25
2011.03.04 13:39:55.139,0.85005,0.85026,1.18,1.50
2011.03.04 13:39:55.520,0.85004,0.85025,1.18,1.50
2011.03.04 13:39:56.311,0.85003,0.85025,1.36,1.50
2011.03.04 13:39:56.902,0.85005,0.85026,1.18,1.50
2011.03.04 13:39:57.241,0.85003,0.85025,2.86,1.50
2011.03.04 13:39:57.359,0.85007,0.85025,1.50,1.50
2011.03.04 13:39:59.189,0.85007,0.85023,1.50,1.50
2011.03.04 13:39:59.409,0.85001,0.85022,1.50,1.69
2011.03.04 13:39:59.630,0.84997,0.85022,1.93,1.69
2011.03.04 13:40:00.092,0.8499,0.85015,1.36,1.50
2011.03.04 13:40:01.012,0.84989,0.85012,1.36,1.50
2011.03.04 13:40:01.240,0.84987,0.85009,2.68,1.50
2011.03.04 13:40:01.464,0.84985,0.85008,1.69,1.50
2011.03.04 13:40:01.968,0.84985,0.85002,1.50,1.50
2011.03.04 13:40:02.298,0.8498,0.85003,1.18,1.50
2011.03.04 13:40:02.520,0.84982,0.85003,1.69,1.50
2011.03.04 13:40:02.959,0.84979,0.85003,2.86,1.50
2011.03.04 13:40:03.459,0.84988,0.85007,1.69,1.50
2011.03.04 13:40:04.700,0.8499,0.85009,1.36,1.50
2011.03.04 13:40:04.809,0.84988,0.8501,2.86,1.50
2011.03.04 13:40:05.688,0.8499,0.8501,1.36,1.50
2011.03.04 13:40:06.614,0.8499,0.85012,1.36,1.50
2011.03.04 13:40:07.059,0.84991,0.85014,1.18,1.50
2011.03.04 13:40:07.391,0.84986,0.85007,2.68,1.50
2011.03.04 13:40:08.058,0.84986,0.85007,1.93,1.50
2011.03.04 13:40:08.612,0.84988,0.8501,1.18,1.69
2011.03.04 13:40:08.838,0.84989,0.8501,1.69,1.50
2011.03.04 13:40:09.168,0.84991,0.85013,2.11,1.50
2011.03.04 13:40:09.610,0.84991,0.8501,1.18,1.69
2011.03.04 13:40:09.832,0.84989,0.85011,1.36,1.50
2011.03.04 13:40:10.360,0.8499,0.85014,1.36,1.50
2011.03.04 13:40:10.483,0.84995,0.85019,1.36,1.50
2011.03.04 13:40:10.932,0.84997,0.85019,1.18,1.69
2011.03.04 13:40:11.268,0.84997,0.85019,1.18,1.69
2011.03.04 13:40:12.450,0.84997,0.85019,1.18,3.00
2011.03.04 13:40:12.561,0.84993,0.85018,1.18,1.50
2011.03.04 13:40:12.672,0.84995,0.85018,1.36,1.50
2011.03.04 13:40:13.009,0.84997,0.85019,1.36,1.50
2011.03.04 13:40:13.230,0.84998,0.85019,1.18,1.50
2011.03.04 13:40:13.558,0.84999,0.85022,2.68,1.50
2011.03.04 13:40:14.079,0.85001,0.85022,1.18,1.50
2011.03.04 13:40:14.409,0.85002,0.85024,1.36,1.50
2011.03.04 13:40:14.630,0.85004,0.85027,1.36,1.50
2011.03.04 13:40:15.068,0.85004,0.85026,1.93,1.50
2011.03.04 13:40:15.288,0.85003,0.85026,3.43,1.50
2011.03.04 13:40:15.839,0.85005,0.85026,1.93,1.50
2011.03.04 13:40:16.169,0.85008,0.85029,1.18,2.25
2011.03.04 13:40:16.391,0.85007,0.85031,1.18,1.50
2011.03.04 13:40:16.499,0.85007,0.85031,1.18,1.50
2011.03.04 13:40:16.919,0.85007,0.85031,1.36,1.50
2011.03.04 13:40:17.261,0.85011,0.85034,1.18,2.44
2011.03.04 13:40:17.591,0.85011,0.85031,1.18,1.50
2011.03.04 13:40:17.809,0.85009,0.85033,1.18,2.25
2011.03.04 13:40:17.918,0.85011,0.85033,1.18,2.25
2011.03.04 13:40:18.250,0.85011,0.85033,1.18,2.25
2011.03.04 13:40:18.800,0.85011,0.85031,1.18,1.50
2011.03.04 13:40:19.350,0.85008,0.85031,1.18,1.50
2011.03.04 13:40:19.459,0.85008,0.85031,1.18,1.50
2011.03.04 13:40:20.010,0.85013,0.85034,1.36,1.50
2011.03.04 13:40:20.335,0.85015,0.85036,2.68,1.50
2011.03.04 13:40:20.455,0.85018,0.85039,1.18,1.50
2011.03.04 13:40:21.008,0.85019,0.85039,1.36,1.50
2011.03.04 13:40:21.230,0.85019,0.85039,1.36,1.50
2011.03.04 13:40:21.342,0.85019,0.85039,1.36,1.50
2011.03.04 13:40:21.600,0.85019,0.85042,1.36,1.50
2011.03.04 13:40:21.710,0.85021,0.85043,1.36,1.50
2011.03.04 13:40:23.071,0.85026,0.85043,1.69,1.50
2011.03.04 13:40:23.181,0.85025,0.85043,2.25,1.50
2011.03.04 13:40:23.292,0.85032,0.85051,1.50,1.50
2011.03.04 13:40:23.806,0.85043,0.85066,1.18,2.44
2011.03.04 13:40:24.139,0.85043,0.85066,1.18,2.44
2011.03.04 13:40:25.189,0.85039,0.85065,1.18,1.69
2011.03.04 13:40:25.302,0.85039,0.8506,1.18,1.69
2011.03.04 13:40:25.420,0.85039,0.85058,1.93,1.50
2011.03.04 13:40:25.529,0.85032,0.85055,1.36,1.50
2011.03.04 13:40:26.098,0.85032,0.85055,1.36,1.50
2011.03.04 13:40:26.789,0.85032,0.85055,1.36,1.50
2011.03.04 13:40:27.711,0.85032,0.85055,1.18,2.44
2011.03.04 13:40:28.039,0.8503,0.85052,1.36,1.50
2011.03.04 13:40:28.258,0.8503,0.85056,1.36,1.50
2011.03.04 13:40:28.479,0.85032,0.85056,1.18,1.50
2011.03.04 13:40:28.588,0.85034,0.85056,1.18,1.50
2011.03.04 13:40:28.810,0.85034,0.85056,1.18,1.50
2011.03.04 13:40:29.578,0.85034,0.85053,1.18,2.25
2011.03.04 13:40:30.018,0.85036,0.85053,1.36,2.25
2011.03.04 13:40:30.129,0.85036,0.85056,2.11,1.50
2011.03.04 13:40:30.558,0.85034,0.85056,1.18,1.50
2011.03.04 13:40:31.112,0.85034,0.85056,2.11,1.50
2011.03.04 13:40:31.233,0.85037,0.8506,1.18,1.50
2011.03.04 13:40:31.789,0.85037,0.85062,1.18,1.69
2011.03.04 13:40:32.013,0.85037,0.85062,1.18,1.69
2011.03.04 13:40:32.130,0.85039,0.85062,1.36,1.50
2011.03.04 13:40:32.350,0.85034,0.85058,1.93,2.44
2011.03.04 13:40:32.461,0.8503,0.85051,2.25,1.50
2011.03.04 13:40:32.569,0.8503,0.85051,1.50,1.50
2011.03.04 13:40:32.959,0.85035,0.85051,1.50,1.50
2011.03.04 13:40:33.077,0.85036,0.8506,1.18,1.50
2011.03.04 13:40:33.192,0.85038,0.85064,2.11,3.00
2011.03.04 13:40:33.425,0.8504,0.85064,1.36,1.50
2011.03.04 13:40:33.758,0.8504,0.85064,1.36,1.50
2011.03.04 13:40:34.028,0.85039,0.85064,1.36,1.50
2011.03.04 13:40:34.589,0.85038,0.85064,2.11,1.50
2011.03.04 13:40:35.141,0.85038,0.85062,1.18,1.50
2011.03.04 13:40:35.938,0.85041,0.85063,1.18,2.25
2011.03.04 13:40:36.494,0.85042,0.85067,1.18,3.68
2011.03.04 13:40:36.720,0.85038,0.85061,1.18,1.50
2011.03.04 13:40:36.940,0.85038,0.85061,1.18,1.50
2011.03.04 13:40:37.051,0.85037,0.85056,1.50,1.50
2011.03.04 13:40:37.269,0.85037,0.85056,1.50,1.50
2011.03.04 13:40:37.602,0.85034,0.85053,1.50,1.50
2011.03.04 13:40:38.159,0.85034,0.85053,1.50,2.44
2011.03.04 13:40:38.269,0.85034,0.85053,1.50,1.50
2011.03.04 13:40:38.692,0.85034,0.85053,1.50,1.69
2011.03.04 13:40:39.251,0.85034,0.85047,1.50,1.50
2011.03.04 13:40:39.471,0.85034,0.85047,1.50,1.69
2011.03.04 13:40:40.020,0.8502,0.85043,1.18,1.50
2011.03.04 13:40:40.459,0.8502,0.85039,1.18,1.69
2011.03.04 13:40:41.849,0.85013,0.85039,1.18,3.94
2011.03.04 13:40:42.179,0.85009,0.85034,1.18,2.44
2011.03.04 13:40:42.511,0.85006,0.85028,1.93,2.44
2011.03.04 13:40:42.730,0.85005,0.85028,2.11,1.50
2011.03.04 13:40:42.949,0.85005,0.85031,2.11,1.50
2011.03.04 13:40:43.279,0.85007,0.85029,3.61,1.50
2011.03.04 13:40:43.722,0.85006,0.85025,1.50,1.50
2011.03.04 13:40:44.061,0.84992,0.85014,1.18,1.50
2011.03.04 13:40:44.552,0.84994,0.85016,1.18,1.50
2011.03.04 13:40:44.968,0.84992,0.85016,1.18,1.50
2011.03.04 13:40:45.566,0.84992,0.85014,1.93,2.25
2011.03.04 13:40:46.011,0.84994,0.85014,1.18,1.50
2011.03.04 13:40:46.121,0.84994,0.85018,1.18,2.44
2011.03.04 13:40:46.229,0.84994,0.85016,1.18,1.50
2011.03.04 13:40:46.560,0.84994,0.85017,1.18,1.50
2011.03.04 13:40:46.670,0.84994,0.85017,1.18,1.50
2011.03.04 13:40:47.442,0.84992,0.85014,2.68,1.69
2011.03.04 13:40:47.781,0.84986,0.85009,1.18,1.50
2011.03.04 13:40:48.246,0.84991,0.85013,1.18,3.00
2011.03.04 13:40:48.361,0.84991,0.85014,1.18,1.50
2011.03.04 13:40:48.912,0.84995,0.85018,1.18,1.50
2011.03.04 13:40:49.588,0.84994,0.85018,1.18,1.50
2011.03.04 13:40:49.918,0.84998,0.85022,1.18,1.69
2011.03.04 13:40:50.301,0.84999,0.85022,1.36,1.50
2011.03.04 13:40:50.752,0.84998,0.85022,1.18,1.69
2011.03.04 13:40:50.876,0.84997,0.85018,1.18,1.69
2011.03.04 13:40:50.990,0.84995,0.85018,1.18,1.69
2011.03.04 13:40:51.320,0.84995,0.85015,1.18,2.25
2011.03.04 13:40:51.541,0.84993,0.85016,2.68,1.50
2011.03.04 13:40:52.090,0.84993,0.85016,2.68,1.50
2011.03.04 13:40:52.419,0.84994,0.85016,1.18,1.50
2011.03.04 13:40:52.761,0.84997,0.85018,1.18,1.69
2011.03.04 13:40:53.819,0.84998,0.8502,1.18,1.50
2011.03.04 13:40:53.932,0.85,0.85018,1.18,1.69
2011.03.04 13:40:54.268,0.84996,0.85018,1.18,1.69
2011.03.04 13:40:54.600,0.84998,0.8502,1.18,3.68
2011.03.04 13:40:55.040,0.84998,0.8502,1.18,3.00
2011.03.04 13:40:55.369,0.84998,0.8502,1.18,1.50
2011.03.04 13:40:55.588,0.84997,0.85017,1.18,1.50
2011.03.04 13:40:56.418,0.84995,0.85017,1.18,1.69
2011.03.04 13:40:56.641,0.84995,0.85017,1.18,1.50
2011.03.04 13:40:56.862,0.84995,0.85019,1.36,1.50
2011.03.04 13:40:57.167,0.84997,0.85019,1.18,2.44
2011.03.04 13:40:57.282,0.84996,0.85019,1.18,2.44
2011.03.04 13:40:57.499,0.84991,0.85017,1.18,2.25
2011.03.04 13:40:57.613,0.84991,0.85016,1.18,3.00
2011.03.04 13:40:59.399,0.84994,0.85016,1.18,3.00
2011.03.04 13:40:59.512,0.84995,0.85017,1.18,3.08
2011.03.04 13:41:00.070,0.84989,0.85013,1.36,2.25
2011.03.04 13:41:00.290,0.84987,0.85012,2.68,1.69
2011.03.04 13:41:00.512,0.8499,0.85012,1.18,2.44
2011.03.04 13:41:00.633,0.84993,0.85016,1.18,2.44
2011.03.04 13:41:00.969,0.84996,0.85017,1.18,1.69
2011.03.04 13:41:01.079,0.84996,0.85017,1.18,1.69
2011.03.04 13:41:01.301,0.84996,0.85018,1.18,1.50
2011.03.04 13:41:01.800,0.84999,0.85021,1.18,1.69
2011.03.04 13:41:01.914,0.84999,0.85021,1.93,1.50
2011.03.04 13:41:03.441,0.84999,0.85023,2.11,1.50
2011.03.04 13:41:04.228,0.85002,0.85025,1.18,1.50
2011.03.04 13:41:04.856,0.84999,0.85022,1.18,1.50
2011.03.04 13:41:05.580,0.84998,0.85022,1.36,1.50
2011.03.04 13:41:05.799,0.85002,0.85026,1.18,1.50
2011.03.04 13:41:06.130,0.85007,0.85026,1.50,1.50
2011.03.04 13:41:06.462,0.85006,0.85031,2.86,1.50
2011.03.04 13:41:06.578,0.85006,0.85031,2.86,1.50
2011.03.04 13:41:07.490,0.85007,0.85031,1.93,1.50
2011.03.04 13:41:08.083,0.8501,0.85032,2.68,1.50
2011.03.04 13:41:08.640,0.85009,0.85032,1.18,1.50
2011.03.04 13:41:09.208,0.85009,0.85032,1.93,1.50
2011.03.04 13:41:09.540,0.85009,0.85032,1.18,1.50
2011.03.04 13:41:09.869,0.85009,0.85032,1.18,1.50
2011.03.04 13:41:10.200,0.85007,0.85031,1.36,1.50
2011.03.04 13:41:10.423,0.85011,0.85033,1.18,1.50
2011.03.04 13:41:10.651,0.8501,0.85033,1.93,1.69
2011.03.04 13:41:11.794,0.85004,0.8503,1.18,2.44
2011.03.04 13:41:12.013,0.85003,0.85021,1.93,1.69
2011.03.04 13:41:12.351,0.85001,0.85017,1.50,1.69
2011.03.04 13:41:12.462,0.84998,0.85017,1.50,2.44
2011.03.04 13:41:12.688,0.84998,0.85017,1.50,2.44
2011.03.04 13:41:12.799,0.84996,0.85017,1.50,2.44
2011.03.04 13:41:13.129,0.8499,0.85012,1.18,1.50
2011.03.04 13:41:13.239,0.8499,0.85012,1.18,1.69
2011.03.04 13:41:13.789,0.84989,0.85009,2.68,1.50
2011.03.04 13:41:14.009,0.8499,0.85012,2.86,1.50
2011.03.04 13:41:14.230,0.84992,0.85014,1.18,3.00
2011.03.04 13:41:14.795,0.84988,0.8501,1.93,1.50
2011.03.04 13:41:15.020,0.84989,0.8501,1.36,1.50
2011.03.04 13:41:16.339,0.84993,0.85012,1.50,1.50
2011.03.04 13:41:16.449,0.84994,0.85013,1.93,1.50
2011.03.04 13:41:17.008,0.84994,0.85016,1.93,1.50
2011.03.04 13:41:17.228,0.84994,0.85016,2.86,1.50
2011.03.04 13:41:17.559,0.84997,0.85016,1.50,1.50
2011.03.04 13:41:18.230,0.84996,0.85012,1.50,1.50
2011.03.04 13:41:18.668,0.8499,0.85012,2.11,1.50
2011.03.04 13:41:18.781,0.84995,0.85012,1.50,1.50
2011.03.04 13:41:18.889,0.8499,0.85012,2.11,1.50
2011.03.04 13:41:19.596,0.8499,0.85012,2.11,1.50
2011.03.04 13:41:19.931,0.8499,0.85012,1.18,1.69
2011.03.04 13:41:20.052,0.84987,0.85009,2.68,1.50
2011.03.04 13:41:20.169,0.84987,0.85009,2.68,1.50
2011.03.04 13:41:20.279,0.84989,0.85009,1.50,1.50
2011.03.04 13:41:20.941,0.84989,0.85009,1.50,1.50
2011.03.04 13:41:21.051,0.84987,0.85009,1.18,1.50
2011.03.04 13:41:21.672,0.84986,0.85009,2.11,1.50
2011.03.04 13:41:21.792,0.84987,0.85009,1.36,1.50
2011.03.04 13:41:22.020,0.84993,0.85009,1.50,1.50
2011.03.04 13:41:22.789,0.84993,0.85009,1.50,1.50
2011.03.04 13:41:23.449,0.84992,0.85014,1.93,1.50
2011.03.04 13:41:23.779,0.84994,0.85014,1.50,1.50
2011.03.04 13:41:24.160,0.84993,0.85014,1.50,1.50
2011.03.04 13:41:24.489,0.84989,0.85007,1.50,1.69
2011.03.04 13:41:24.813,0.84984,0.85007,1.18,1.69
2011.03.04 13:41:25.053,0.84986,0.85007,2.25,1.50
2011.03.04 13:41:25.173,0.84986,0.85007,3.00,1.50
2011.03.04 13:41:25.512,0.84988,0.85011,1.18,1.50
2011.03.04 13:41:25.741,0.84985,0.85007,1.18,1.50
2011.03.04 13:41:26.509,0.84985,0.85007,1.18,1.69
2011.03.04 13:41:26.732,0.8498,0.85003,1.93,1.50
2011.03.04 13:41:26.851,0.84983,0.85003,1.50,1.50
2011.03.04 13:41:27.302,0.8498,0.85003,1.93,1.50
2011.03.04 13:41:27.865,0.84979,0.85001,1.18,1.69
2011.03.04 13:41:27.984,0.84979,0.84996,1.18,1.69
2011.03.04 13:41:28.104,0.8497,0.84993,1.18,3.87
2011.03.04 13:41:28.222,0.84967,0.84992,2.68,1.50
2011.03.04 13:41:28.339,0.84967,0.84992,2.68,1.50
2011.03.04 13:41:29.001,0.84976,0.84993,1.50,3.00
2011.03.04 13:41:29.219,0.8497,0.84993,1.18,3.00
2011.03.04 13:41:29.330,0.8497,0.84994,1.18,2.25
2011.03.04 13:41:29.880,0.84979,0.84997,1.50,2.25
2011.03.04 13:41:30.199,0.84979,0.84995,1.50,1.50
2011.03.04 13:41:30.750,0.84971,0.84991,1.18,1.50
2011.03.04 13:41:31.301,0.84979,0.84983,1.50,1.50
2011.03.04 13:41:31.959,0.84963,0.84983,1.18,1.50
2011.03.04 13:41:32.431,0.84976,0.84984,1.50,2.25
2011.03.04 13:41:32.542,0.84963,0.84982,1.93,1.50
2011.03.04 13:41:33.052,0.84958,0.84982,2.68,1.50
2011.03.04 13:41:33.158,0.84958,0.84982,3.43,1.50
2011.03.04 13:41:33.268,0.84963,0.84982,1.50,1.50
2011.03.04 13:41:33.378,0.8496,0.84982,1.93,2.25
2011.03.04 13:41:33.489,0.84961,0.84982,1.18,1.50
2011.03.04 13:41:34.211,0.84962,0.84982,1.50,1.50
2011.03.04 13:41:34.538,0.84959,0.84982,2.68,1.50
2011.03.04 13:41:36.550,0.84959,0.84982,2.68,1.50
2011.03.04 13:41:37.151,0.84959,0.84978,1.50,1.50
2011.03.04 13:41:37.402,0.84959,0.84978,1.50,1.50
2011.03.04 13:41:37.739,0.84957,0.84971,1.50,2.25
2011.03.04 13:41:38.070,0.84951,0.84974,2.68,2.44
2011.03.04 13:41:38.182,0.84951,0.84974,1.93,2.44
2011.03.04 13:41:38.521,0.84952,0.84974,1.93,2.44
2011.03.04 13:41:39.038,0.84952,0.84972,1.50,1.50
2011.03.04 13:41:39.258,0.84952,0.84972,1.50,1.50
2011.03.04 13:41:39.782,0.84942,0.84963,2.25,1.50
2011.03.04 13:41:40.074,0.84942,0.84963,1.50,1.50
2011.03.04 13:41:40.414,0.84957,0.84969,2.25,1.50
2011.03.04 13:41:40.531,0.84963,0.84985,1.18,1.69
2011.03.04 13:41:40.652,0.84963,0.84985,1.18,2.44
2011.03.04 13:41:41.204,0.84957,0.84977,3.43,1.69
2011.03.04 13:41:41.310,0.8496,0.84981,1.50,1.50
2011.03.04 13:41:41.751,0.8496,0.84978,1.50,1.50
2011.03.04 13:41:41.860,0.84958,0.84978,1.50,1.50
2011.03.04 13:41:41.969,0.84958,0.84978,1.50,1.50
2011.03.04 13:41:42.078,0.84956,0.84978,2.68,1.50
2011.03.04 13:41:42.301,0.84958,0.84978,1.50,1.50
2011.03.04 13:41:42.639,0.84956,0.84978,1.93,1.50
2011.03.04 13:41:42.859,0.84956,0.84978,2.68,1.50
2011.03.04 13:41:43.079,0.84955,0.84978,1.18,1.50
2011.03.04 13:41:43.596,0.84955,0.84976,1.18,1.69
2011.03.04 13:41:43.819,0.84955,0.84976,1.18,1.69
2011.03.04 13:41:44.039,0.84955,0.84976,1.18,1.69
2011.03.04 13:41:44.589,0.84955,0.84976,1.18,1.69
2011.03.04 13:41:44.810,0.84955,0.84977,1.18,2.25
2011.03.04 13:41:44.920,0.84955,0.84975,1.18,1.69
2011.03.04 13:41:45.251,0.84955,0.84975,1.18,2.25
2011.03.04 13:41:45.361,0.84956,0.84978,2.68,1.50
2011.03.04 13:41:45.469,0.84958,0.8498,1.93,1.69
2011.03.04 13:41:45.989,0.84957,0.8498,2.68,1.50
2011.03.04 13:41:46.103,0.84959,0.8498,1.69,1.50
2011.03.04 13:41:46.443,0.84961,0.84983,1.93,1.50
2011.03.04 13:41:47.339,0.8496,0.84983,1.18,1.50
2011.03.04 13:41:48.246,0.84963,0.84983,1.36,1.50
2011.03.04 13:41:48.468,0.84967,0.84983,1.50,1.50
2011.03.04 13:41:49.892,0.84968,0.8499,1.18,1.69
2011.03.04 13:41:50.121,0.84969,0.8499,1.18,1.69
2011.03.04 13:41:50.340,0.8497,0.8499,1.18,1.50
2011.03.04 13:41:50.450,0.84971,0.84992,1.36,1.50
2011.03.04 13:41:50.562,0.84973,0.84995,1.18,1.50
2011.03.04 13:41:50.789,0.84976,0.84999,1.18,1.50
2011.03.04 13:41:51.509,0.84978,0.85,2.68,1.50
2011.03.04 13:41:52.071,0.84978,0.85,2.68,1.50
2011.03.04 13:41:53.369,0.8498,0.85,1.93,1.50
2011.03.04 13:41:53.591,0.8498,0.85,1.93,1.50
2011.03.04 13:41:53.920,0.84977,0.84998,1.50,1.50
2011.03.04 13:41:54.270,0.84977,0.84998,1.69,1.50
2011.03.04 13:41:54.670,0.84979,0.84998,1.50,1.50
2011.03.04 13:41:55.009,0.84983,0.85001,1.50,1.50
2011.03.04 13:41:55.121,0.84979,0.85001,3.43,1.50
2011.03.04 13:41:55.233,0.84983,0.85001,1.69,1.50
2011.03.04 13:41:55.574,0.84986,0.85009,1.93,1.50
2011.03.04 13:41:55.690,0.8499,0.8501,2.25,1.69
2011.03.04 13:41:56.019,0.84991,0.85013,2.11,1.50
2011.03.04 13:41:56.349,0.84993,0.85013,1.93,1.50
2011.03.04 13:41:56.679,0.84995,0.85017,1.18,3.94
2011.03.04 13:41:56.789,0.84992,0.85017,2.11,3.94
2011.03.04 13:41:57.061,0.84992,0.85017,1.36,2.44
2011.03.04 13:41:57.746,0.84992,0.85015,1.36,1.50
2011.03.04 13:41:57.873,0.84992,0.85015,1.18,1.50
2011.03.04 13:41:58.102,0.84994,0.85014,1.18,1.69
2011.03.04 13:41:58.444,0.84992,0.85013,1.18,2.44
2011.03.04 13:41:58.782,0.84992,0.85013,1.36,2.25
2011.03.04 13:41:58.903,0.84992,0.85014,1.36,1.50
2011.03.04 13:41:59.018,0.84992,0.85014,1.36,1.50
2011.03.04 13:41:59.939,0.84993,0.85018,1.36,1.69
2011.03.04 13:42:00.270,0.84996,0.85011,1.18,1.69
2011.03.04 13:42:00.804,0.84982,0.85005,1.18,1.50
2011.03.04 13:42:00.914,0.84983,0.85,1.50,1.50
2011.03.04 13:42:01.031,0.84978,0.85,2.68,1.50
2011.03.04 13:42:01.800,0.84981,0.84997,1.50,1.50
2011.03.04 13:42:01.908,0.84976,0.84997,3.43,1.50
2011.03.04 13:42:02.502,0.84976,0.84998,1.93,1.50
2011.03.04 13:42:03.170,0.84977,0.85,1.50,1.50
2011.03.04 13:42:03.719,0.84976,0.85,1.93,1.50
2011.03.04 13:42:04.280,0.84972,0.84994,1.18,1.50
2011.03.04 13:42:04.610,0.8499,0.85007,1.18,2.93
2011.03.04 13:42:04.722,0.8499,0.85016,1.18,1.69
2011.03.04 13:42:04.951,0.84991,0.85008,1.93,2.25
2011.03.04 13:42:05.281,0.84992,0.85008,1.50,2.25
2011.03.04 13:42:05.499,0.84985,0.85005,1.50,3.00
2011.03.04 13:42:05.721,0.84983,0.85005,1.93,3.19
2011.03.04 13:42:06.157,0.84981,0.85001,1.18,1.50
2011.03.04 13:42:06.270,0.84979,0.85001,1.18,2.44
2011.03.04 13:42:06.993,0.84979,0.85001,1.18,1.50
2011.03.04 13:42:07.100,0.84979,0.85001,1.18,1.50
2011.03.04 13:42:07.319,0.84979,0.85001,1.18,1.50
2011.03.04 13:42:08.010,0.84979,0.85001,1.93,1.50
2011.03.04 13:42:08.610,0.84979,0.85001,1.18,1.50
2011.03.04 13:42:08.940,0.84984,0.85007,1.18,1.50
2011.03.04 13:42:09.575,0.84984,0.85007,1.18,1.50
2011.03.04 13:42:10.450,0.84984,0.85007,1.18,1.50
2011.03.04 13:42:11.708,0.84984,0.85007,1.18,1.50
2011.03.04 13:42:12.038,0.84981,0.85004,1.93,1.50
2011.03.04 13:42:12.148,0.8498,0.85002,1.18,1.50
2011.03.04 13:42:12.697,0.8498,0.85002,1.18,1.50
2011.03.04 13:42:13.438,0.84986,0.85002,1.50,1.50
2011.03.04 13:42:13.658,0.84986,0.85002,1.50,1.50
2011.03.04 13:42:14.322,0.84988,0.85008,2.44,1.50
2011.03.04 13:42:14.698,0.84989,0.85012,2.11,1.50
2011.03.04 13:42:15.611,0.84989,0.85012,1.36,1.50
2011.03.04 13:42:16.158,0.84989,0.85012,1.36,1.50
2011.03.04 13:42:16.831,0.84989,0.85012,1.36,1.50
2011.03.04 13:42:17.169,0.84986,0.85008,1.50,1.50
2011.03.04 13:42:17.279,0.84982,0.85008,1.50,1.50
2011.03.04 13:42:17.670,0.84983,0.85004,1.69,1.50
2011.03.04 13:42:17.781,0.84984,0.85006,2.86,1.50
2011.03.04 13:42:17.890,0.84987,0.85008,1.18,1.50
2011.03.04 13:42:18.221,0.8499,0.85017,1.18,1.50
2011.03.04 13:42:18.631,0.84991,0.85016,1.18,1.50
2011.03.04 13:42:19.412,0.84993,0.85016,2.11,1.50
2011.03.04 13:42:19.533,0.84998,0.85019,1.36,1.50
2011.03.04 13:42:19.652,0.85,0.85023,1.18,1.69
2011.03.04 13:42:19.871,0.84996,0.85022,1.18,1.69
2011.03.04 13:42:20.652,0.84995,0.85018,1.18,1.50
2011.03.04 13:42:20.879,0.84996,0.85021,1.93,2.25
2011.03.04 13:42:20.991,0.85003,0.85024,1.69,2.25
2011.03.04 13:42:21.099,0.85005,0.85024,1.36,1.50
2011.03.04 13:42:21.321,0.85007,0.85031,2.11,1.50
2011.03.04 13:42:21.921,0.85014,0.85033,1.36,1.50
2011.03.04 13:42:22.044,0.85018,0.85042,1.36,1.50
2011.03.04 13:42:22.270,0.85018,0.85042,2.68,1.69
2011.03.04 13:42:22.489,0.85017,0.85038,1.50,1.69
2011.03.04 13:42:22.710,0.85017,0.85038,1.50,1.69
2011.03.04 13:42:23.039,0.85017,0.85038,1.50,1.69
2011.03.04 13:42:23.259,0.85013,0.85034,1.18,1.50
2011.03.04 13:42:23.478,0.85013,0.85037,2.11,1.50
2011.03.04 13:42:24.249,0.85014,0.85038,1.36,1.50
2011.03.04 13:42:24.798,0.85014,0.85038,1.36,1.50
2011.03.04 13:42:25.492,0.85014,0.85038,1.18,1.50
2011.03.04 13:42:25.942,0.85014,0.85038,1.18,1.50
2011.03.04 13:42:26.169,0.85014,0.85038,1.18,1.50
2011.03.04 13:42:26.503,0.8502,0.8504,2.25,1.50
2011.03.04 13:42:26.732,0.8502,0.85041,1.18,1.50
2011.03.04 13:42:26.852,0.85021,0.85045,2.25,1.69
2011.03.04 13:42:27.078,0.85019,0.85044,1.18,2.25
2011.03.04 13:42:27.678,0.85021,0.85044,1.50,2.25
2011.03.04 13:42:27.790,0.85021,0.85044,2.25,2.25
2011.03.04 13:42:28.010,0.85022,0.85044,1.18,2.25
2011.03.04 13:42:28.516,0.8502,0.8504,1.93,1.50
2011.03.04 13:42:28.958,0.85018,0.8504,1.36,1.50
2011.03.04 13:42:29.180,0.85018,0.8504,2.11,1.50
2011.03.04 13:42:29.729,0.85021,0.8504,1.50,1.50
2011.03.04 13:42:31.149,0.85021,0.8504,1.50,1.50
2011.03.04 13:42:31.478,0.85015,0.85037,1.93,1.50
2011.03.04 13:42:32.191,0.85017,0.85037,2.11,1.50
2011.03.04 13:42:32.521,0.85015,0.85037,2.68,1.50
2011.03.04 13:42:32.741,0.85015,0.85037,2.68,1.50
2011.03.04 13:42:33.162,0.85015,0.85037,3.43,1.50
2011.03.04 13:42:33.739,0.85017,0.85037,2.11,1.50
2011.03.04 13:42:33.962,0.85019,0.85037,1.50,1.50
2011.03.04 13:42:34.298,0.85016,0.85037,1.93,1.50
2011.03.04 13:42:34.758,0.85015,0.85037,1.18,1.50
2011.03.04 13:42:36.150,0.85011,0.85033,1.93,1.50
2011.03.04 13:42:36.479,0.85015,0.85033,1.50,1.50
2011.03.04 13:42:36.699,0.85015,0.85036,1.93,1.50
2011.03.04 13:42:36.918,0.85019,0.85041,1.50,1.50
2011.03.04 13:42:37.469,0.85019,0.85041,2.68,1.50
2011.03.04 13:42:38.129,0.8502,0.85042,2.11,1.50
2011.03.04 13:42:39.396,0.85022,0.85044,2.68,1.69
2011.03.04 13:42:39.952,0.85024,0.85044,1.36,3.00
2011.03.04 13:42:40.073,0.85027,0.85046,1.69,1.50
2011.03.04 13:42:40.192,0.85027,0.85047,1.93,1.50
2011.03.04 13:42:40.312,0.85026,0.85049,1.18,1.50
2011.03.04 13:42:40.433,0.85023,0.85047,2.68,1.69
2011.03.04 13:42:40.990,0.85023,0.85047,1.93,2.44
2011.03.04 13:42:41.429,0.85026,0.85046,1.69,1.50
2011.03.04 13:42:41.760,0.85029,0.85053,2.25,1.69
2011.03.04 13:42:42.198,0.8503,0.85052,1.18,1.69
2011.03.04 13:42:42.748,0.8503,0.85052,1.18,1.69
2011.03.04 13:42:43.660,0.85033,0.85053,3.61,1.50
2011.03.04 13:42:43.991,0.85041,0.85057,1.50,1.13
2011.03.04 13:42:44.099,0.85041,0.85059,1.50,1.13
2011.03.04 13:42:44.208,0.85043,0.8506,1.50,1.13
2011.03.04 13:42:44.760,0.8504,0.85058,1.18,1.13
2011.03.04 13:42:45.810,0.8504,0.85057,1.18,1.13
2011.03.04 13:42:46.469,0.85042,0.85062,1.18,1.88
2011.03.04 13:42:46.580,0.85043,0.85062,1.18,1.13
2011.03.04 13:42:47.251,0.85045,0.85064,3.43,1.13
2011.03.04 13:42:48.541,0.85046,0.85069,1.93,1.50
2011.03.04 13:42:49.178,0.85046,0.85069,2.68,1.50
2011.03.04 13:42:49.759,0.85048,0.85069,1.50,1.50
2011.03.04 13:42:49.870,0.85048,0.85069,2.25,1.50
2011.03.04 13:42:50.200,0.8505,0.85071,2.86,1.50
2011.03.04 13:42:50.789,0.85056,0.85074,1.50,1.50
2011.03.04 13:42:51.348,0.85052,0.85073,1.93,1.50
2011.03.04 13:42:51.899,0.85054,0.85073,1.50,1.50
2011.03.04 13:42:52.459,0.85056,0.85076,1.50,1.50
2011.03.04 13:42:52.791,0.85054,0.85076,1.50,1.50
2011.03.04 13:42:54.091,0.85056,0.85076,1.50,1.50
2011.03.04 13:42:54.199,0.85053,0.85076,1.50,1.50
2011.03.04 13:42:54.420,0.85053,0.85076,2.44,1.50
2011.03.04 13:42:54.639,0.85056,0.85077,2.86,1.50
2011.03.04 13:42:54.751,0.85056,0.85077,3.43,1.50
2011.03.04 13:42:54.859,0.85058,0.85081,1.50,1.69
2011.03.04 13:42:55.077,0.85056,0.85081,1.93,1.69
2011.03.04 13:42:55.619,0.85056,0.85081,1.93,1.69
2011.03.04 13:42:55.729,0.85056,0.85081,1.93,1.50
2011.03.04 13:42:56.661,0.85056,0.85081,1.93,1.50
2011.03.04 13:42:57.227,0.85056,0.85081,1.93,1.50
2011.03.04 13:42:57.977,0.85059,0.85081,1.93,1.50
2011.03.04 13:42:58.929,0.85059,0.85081,1.93,1.50
2011.03.04 13:42:59.259,0.85061,0.85081,1.50,1.50
2011.03.04 13:42:59.761,0.85063,0.85081,1.50,1.50
2011.03.04 13:42:59.868,0.85063,0.85084,1.50,1.50
2011.03.04 13:42:59.980,0.85058,0.85084,2.68,1.50
2011.03.04 13:43:00.091,0.85058,0.85081,2.68,1.69
2011.03.04 13:43:00.322,0.85055,0.85077,1.18,1.50
2011.03.04 13:43:00.551,0.85055,0.85077,1.18,1.50
2011.03.04 13:43:01.034,0.85051,0.85073,1.18,1.50
2011.03.04 13:43:01.591,0.8505,0.85069,1.18,1.69
2011.03.04 13:43:01.703,0.85047,0.85069,2.25,3.19
2011.03.04 13:43:01.818,0.85046,0.85067,1.50,1.69
2011.03.04 13:43:02.369,0.85046,0.85067,1.50,1.50
2011.03.04 13:43:02.589,0.85048,0.8507,2.11,1.50
2011.03.04 13:43:03.137,0.85047,0.8507,1.18,1.50
2011.03.04 13:43:03.360,0.85048,0.8507,1.36,1.50
2011.03.04 13:43:04.111,0.85047,0.8507,1.18,1.50
2011.03.04 13:43:04.790,0.85048,0.8507,1.18,1.50
2011.03.04 13:43:05.119,0.85051,0.85073,2.11,1.50
2011.03.04 13:43:05.451,0.85052,0.85077,1.93,1.50
2011.03.04 13:43:05.561,0.85052,0.85077,2.68,1.50
2011.03.04 13:43:05.889,0.85054,0.85077,1.18,1.69
2011.03.04 13:43:05.999,0.85054,0.85077,1.18,1.50
2011.03.04 13:43:06.849,0.85053,0.85076,1.18,1.69
2011.03.04 13:43:06.966,0.85049,0.85073,1.18,1.50
2011.03.04 13:43:08.199,0.85052,0.85075,2.86,2.25
2011.03.04 13:43:08.751,0.85049,0.85072,1.93,1.50
2011.03.04 13:43:09.298,0.85048,0.8507,1.18,1.50
2011.03.04 13:43:09.628,0.85048,0.8507,1.18,1.50
2011.03.04 13:43:10.207,0.85049,0.8507,1.36,1.50
2011.03.04 13:43:10.320,0.85049,0.85072,1.36,1.50
2011.03.04 13:43:10.540,0.85051,0.85073,2.11,1.50
2011.03.04 13:43:10.763,0.85058,0.85075,1.69,1.50
2011.03.04 13:43:11.099,0.85065,0.85077,1.36,1.50
2011.03.04 13:43:11.649,0.85066,0.85077,1.36,1.50
2011.03.04 13:43:12.198,0.85068,0.8509,1.18,1.50
2011.03.04 13:43:12.712,0.85068,0.8509,1.18,1.50
2011.03.04 13:43:12.938,0.85068,0.8509,1.18,1.69
2011.03.04 13:43:13.538,0.85068,0.85091,1.36,1.50
2011.03.04 13:43:14.219,0.85075,0.85092,1.50,1.50
2011.03.04 13:43:14.735,0.85074,0.85092,1.50,1.50
2011.03.04 13:43:14.960,0.85074,0.85091,1.50,1.50
2011.03.04 13:43:15.069,0.85072,0.85091,1.50,2.44
2011.03.04 13:43:15.179,0.85072,0.85091,1.50,2.44
2011.03.04 13:43:15.399,0.85066,0.85087,2.25,1.50
2011.03.04 13:43:15.729,0.85064,0.85087,2.68,1.50
2011.03.04 13:43:16.270,0.85067,0.85087,1.50,1.50
2011.03.04 13:43:16.379,0.85068,0.85087,1.50,1.50
2011.03.04 13:43:16.899,0.85069,0.85089,1.93,1.69
2011.03.04 13:43:17.448,0.85068,0.85089,1.93,1.69
2011.03.04 13:43:18.128,0.8507,0.85089,1.50,1.50
2011.03.04 13:43:18.589,0.85069,0.85089,1.93,1.50
2011.03.04 13:43:18.698,0.85069,0.85089,2.86,1.50
2011.03.04 13:43:19.250,0.85069,0.85089,2.86,1.50
2011.03.04 13:43:19.359,0.85069,0.85089,1.93,1.50
2011.03.04 13:43:19.469,0.85067,0.85089,1.36,1.50
2011.03.04 13:43:20.022,0.85066,0.85087,1.93,1.50
2011.03.04 13:43:20.142,0.85063,0.85085,1.18,1.50
2011.03.04 13:43:20.253,0.85067,0.85087,1.69,1.50
2011.03.04 13:43:20.588,0.85074,0.85097,1.18,1.50
2011.03.04 13:43:20.808,0.85077,0.85097,1.93,1.50
2011.03.04 13:43:21.362,0.85074,0.85097,1.93,1.50
2011.03.04 13:43:21.473,0.85077,0.85098,1.18,1.50
2011.03.04 13:43:21.593,0.8508,0.85102,1.93,1.50
2011.03.04 13:43:21.928,0.85086,0.85102,1.50,1.50
2011.03.04 13:43:22.148,0.85085,0.85102,1.50,1.50
2011.03.04 13:43:22.369,0.85083,0.85102,1.50,1.50
2011.03.04 13:43:22.479,0.85083,0.85102,1.50,1.50
2011.03.04 13:43:23.048,0.85084,0.85102,1.50,1.50
2011.03.04 13:43:23.270,0.85082,0.85102,1.93,1.50
2011.03.04 13:43:23.785,0.8508,0.851,1.93,1.50
2011.03.04 13:43:23.899,0.8508,0.85099,1.50,1.50
2011.03.04 13:43:24.120,0.8508,0.85098,1.50,1.50
2011.03.04 13:43:25.013,0.85076,0.85098,4.18,1.50
2011.03.04 13:43:25.459,0.85077,0.85098,1.93,1.50
2011.03.04 13:43:25.680,0.85077,0.85098,1.93,1.50
2011.03.04 13:43:26.558,0.85076,0.85098,2.86,1.50
2011.03.04 13:43:28.828,0.85076,0.85098,1.18,1.50
2011.03.04 13:43:29.187,0.85076,0.85094,1.18,1.69
2011.03.04 13:43:29.316,0.85068,0.85091,1.18,1.50
2011.03.04 13:43:29.541,0.85069,0.85091,1.93,1.50
2011.03.04 13:43:30.780,0.85068,0.85091,2.68,1.50
2011.03.04 13:43:31.108,0.85068,0.85091,1.18,1.50
2011.03.04 13:43:31.750,0.85069,0.85091,1.93,1.50
2011.03.04 13:43:32.298,0.85066,0.85088,1.36,1.50
2011.03.04 13:43:32.629,0.85068,0.85088,1.36,1.50
2011.03.04 13:43:32.958,0.85068,0.85088,4.29,1.50
2011.03.04 13:43:33.069,0.85068,0.85091,3.35,1.50
2011.03.04 13:43:33.179,0.85066,0.85091,2.11,1.50
2011.03.04 13:43:33.288,0.85066,0.85091,2.11,1.50
2011.03.04 13:43:33.898,0.85067,0.85088,2.11,1.50
2011.03.04 13:43:35.068,0.85066,0.85087,1.93,1.50
2011.03.04 13:43:35.481,0.85059,0.85081,1.93,1.50
2011.03.04 13:43:35.811,0.85068,0.85087,1.69,1.50
2011.03.04 13:43:36.029,0.85071,0.85092,1.50,1.50
2011.03.04 13:43:36.140,0.85072,0.85094,1.18,1.50
2011.03.04 13:43:36.360,0.85069,0.85094,1.18,1.69
2011.03.04 13:43:36.909,0.85064,0.85086,1.18,1.50
2011.03.04 13:43:37.131,0.85063,0.85087,1.18,1.50
2011.03.04 13:43:37.709,0.85067,0.85087,1.50,1.50
2011.03.04 13:43:38.402,0.85061,0.85083,1.18,1.50
2011.03.04 13:43:40.648,0.85061,0.85083,1.18,1.69
2011.03.04 13:43:41.090,0.85061,0.85083,1.18,1.50
2011.03.04 13:43:41.309,0.85061,0.85083,1.93,1.50
2011.03.04 13:43:42.079,0.85066,0.85088,2.68,1.50
2011.03.04 13:43:42.298,0.85069,0.85091,1.18,1.50
2011.03.04 13:43:42.630,0.85068,0.85091,1.18,1.50
2011.03.04 13:43:42.959,0.85068,0.85091,1.18,1.50
2011.03.04 13:43:43.179,0.85065,0.85089,1.50,1.69
2011.03.04 13:43:43.610,0.8506,0.85082,1.18,1.50
2011.03.04 13:43:44.708,0.85058,0.8508,1.18,1.50
2011.03.04 13:43:45.093,0.85057,0.8508,1.18,1.50
2011.03.04 13:43:45.433,0.85062,0.85085,2.86,1.50
2011.03.04 13:43:45.661,0.85063,0.85087,1.36,2.25
2011.03.04 13:43:45.772,0.85067,0.85087,1.50,1.50
2011.03.04 13:43:46.110,0.85067,0.85087,1.50,1.50
2011.03.04 13:43:46.329,0.85067,0.85087,1.50,1.50
2011.03.04 13:43:47.099,0.85067,0.8509,2.68,1.50
2011.03.04 13:43:47.208,0.85067,0.8509,2.68,1.50
2011.03.04 13:43:47.539,0.85071,0.85093,1.18,1.50
2011.03.04 13:43:48.068,0.85073,0.85096,1.18,1.50
2011.03.04 13:43:48.413,0.85075,0.85097,1.36,1.50
2011.03.04 13:43:48.531,0.85075,0.85097,1.36,1.50
2011.03.04 13:43:49.077,0.85077,0.85099,1.93,1.50
2011.03.04 13:43:49.770,0.85077,0.85099,1.93,1.50
2011.03.04 13:43:52.609,0.85076,0.85099,1.93,1.50
2011.03.04 13:43:54.387,0.85076,0.85099,1.93,1.50
2011.03.04 13:43:55.509,0.85076,0.85099,1.93,1.50
2011.03.04 13:43:55.838,0.85076,0.85099,1.93,1.50
2011.03.04 13:43:57.490,0.85078,0.85099,3.54,1.50
2011.03.04 13:43:57.600,0.85084,0.85107,1.18,1.50
2011.03.04 13:43:58.259,0.85085,0.85107,1.36,1.50
2011.03.04 13:43:58.370,0.85085,0.85107,1.36,1.50
2011.03.04 13:43:59.629,0.85087,0.85107,1.69,1.50
2011.03.04 13:43:59.958,0.85087,0.85107,1.69,1.50
2011.03.04 13:44:00.178,0.85087,0.85107,1.69,1.50
2011.03.04 13:44:00.752,0.85087,0.85107,1.69,1.50
2011.03.04 13:44:01.318,0.85087,0.85107,1.69,1.50
2011.03.04 13:44:02.442,0.85088,0.85108,1.69,1.50
2011.03.04 13:44:02.549,0.85089,0.85111,1.36,1.50
2011.03.04 13:44:02.769,0.85089,0.85111,2.11,1.50
2011.03.04 13:44:03.208,0.8509,0.85111,1.69,1.50
2011.03.04 13:44:03.430,0.85084,0.85106,1.18,1.50
2011.03.04 13:44:03.988,0.85084,0.85106,1.18,1.50
2011.03.04 13:44:05.038,0.85084,0.85106,1.18,1.50
2011.03.04 13:44:05.478,0.85084,0.85106,1.18,1.50
2011.03.04 13:44:06.858,0.85084,0.85106,1.18,1.50
2011.03.04 13:44:07.560,0.85084,0.85106,1.18,1.50
2011.03.04 13:44:08.538,0.85084,0.85106,1.18,1.50
2011.03.04 13:44:08.867,0.85084,0.85106,1.18,1.50
2011.03.04 13:44:09.350,0.85085,0.85106,1.36,1.50
2011.03.04 13:44:09.569,0.85084,0.85106,1.18,1.69
2011.03.04 13:44:09.788,0.85084,0.85106,1.93,1.69
2011.03.04 13:44:10.229,0.85084,0.85106,1.36,1.50
2011.03.04 13:44:10.558,0.85084,0.85106,1.36,1.50
2011.03.04 13:44:10.888,0.85079,0.85102,1.36,1.50
2011.03.04 13:44:10.998,0.85079,0.85102,2.11,1.50
2011.03.04 13:44:11.329,0.8508,0.85102,1.18,1.50
2011.03.04 13:44:11.548,0.8508,0.85102,1.18,1.50
2011.03.04 13:44:11.878,0.85082,0.85106,1.18,1.50
2011.03.04 13:44:12.389,0.85082,0.85106,1.18,1.50
2011.03.04 13:44:12.938,0.85082,0.85106,1.18,1.50
2011.03.04 13:44:13.050,0.85081,0.85103,1.18,1.50
2011.03.04 13:44:13.269,0.85078,0.85103,1.18,1.50
2011.03.04 13:44:13.488,0.85077,0.851,2.68,1.50
2011.03.04 13:44:13.820,0.85077,0.851,1.93,1.69
2011.03.04 13:44:14.040,0.85076,0.851,1.18,1.69
2011.03.04 13:44:14.260,0.85076,0.851,1.93,1.50
2011.03.04 13:44:15.696,0.85078,0.851,1.18,1.50
2011.03.04 13:44:15.918,0.85079,0.85103,1.18,1.50
2011.03.04 13:44:17.342,0.85079,0.85103,1.18,1.50
2011.03.04 13:44:17.670,0.85073,0.851,1.36,2.44
2011.03.04 13:44:17.781,0.85073,0.851,1.36,1.69
2011.03.04 13:44:18.112,0.85069,0.85092,1.36,1.50
2011.03.04 13:44:18.450,0.8507,0.85092,1.36,1.50
2011.03.04 13:44:18.559,0.8507,0.85092,1.36,1.50
2011.03.04 13:44:18.780,0.85072,0.85092,1.50,1.50
2011.03.04 13:44:18.889,0.85069,0.85092,2.86,1.50
2011.03.04 13:44:19.662,0.85071,0.85092,1.50,1.50
2011.03.04 13:44:20.081,0.85069,0.85092,1.36,1.50
2011.03.04 13:44:20.629,0.85071,0.85092,2.25,1.50
2011.03.04 13:44:20.738,0.85071,0.85092,2.25,1.50
2011.03.04 13:44:20.848,0.85072,0.85096,1.18,2.44
2011.03.04 13:44:22.058,0.85072,0.85096,1.93,2.44
2011.03.04 13:44:22.279,0.85074,0.85096,2.86,1.50
2011.03.04 13:44:22.980,0.85074,0.85092,1.50,1.50
2011.03.04 13:44:23.089,0.85072,0.85092,1.50,1.50
2011.03.04 13:44:23.198,0.85072,0.85092,1.50,1.50
2011.03.04 13:44:23.308,0.8507,0.85092,1.93,1.50
2011.03.04 13:44:25.177,0.85071,0.85092,1.50,1.50
2011.03.04 13:44:25.621,0.85071,0.85094,1.36,2.25
2011.03.04 13:44:26.517,0.85075,0.85094,1.50,1.50
2011.03.04 13:44:26.739,0.85075,0.85095,1.50,1.50
2011.03.04 13:44:27.074,0.85077,0.851,1.18,1.50
2011.03.04 13:44:27.424,0.85081,0.85098,1.50,1.50
2011.03.04 13:44:27.538,0.85078,0.85096,1.50,1.50
2011.03.04 13:44:27.647,0.85078,0.85096,1.50,1.50
2011.03.04 13:44:27.759,0.85083,0.85098,1.50,1.50
2011.03.04 13:44:27.873,0.85083,0.85102,1.50,1.50
2011.03.04 13:44:28.099,0.85089,0.85106,1.50,2.25
2011.03.04 13:44:28.429,0.8508,0.851,1.93,1.50
2011.03.04 13:44:28.543,0.85082,0.85102,1.50,2.25
2011.03.04 13:44:28.771,0.85083,0.85107,2.11,1.50
2011.03.04 13:44:28.879,0.85091,0.85107,1.50,1.50
2011.03.04 13:44:28.988,0.85091,0.8511,1.50,1.50
2011.03.04 13:44:29.429,0.85094,0.85109,4.50,1.50
2011.03.04 13:44:29.782,0.85099,0.85119,1.69,1.50
2011.03.04 13:44:29.886,0.85101,0.85126,1.93,1.50
2011.03.04 13:44:29.998,0.85105,0.85126,1.50,1.50
2011.03.04 13:44:30.111,0.85101,0.85126,1.93,1.50
2011.03.04 13:44:30.342,0.85101,0.85121,2.25,1.50
2011.03.04 13:44:30.561,0.85101,0.85121,1.50,1.50
2011.03.04 13:44:30.891,0.85101,0.85124,2.25,1.50
2011.03.04 13:44:31.108,0.85102,0.85125,1.93,1.50
2011.03.04 13:44:31.438,0.85105,0.85125,1.50,1.50
2011.03.04 13:44:31.769,0.85105,0.85125,1.50,1.50
2011.03.04 13:44:31.880,0.85105,0.85125,1.50,1.50
2011.03.04 13:44:32.099,0.85105,0.85125,1.50,1.50
2011.03.04 13:44:32.430,0.85103,0.85125,2.86,1.50
2011.03.04 13:44:32.543,0.85109,0.8513,1.69,1.50
2011.03.04 13:44:33.169,0.8511,0.85132,3.61,1.50
2011.03.04 13:44:33.499,0.85117,0.85138,1.36,1.50
2011.03.04 13:44:33.608,0.85117,0.8514,2.11,1.50
2011.03.04 13:44:33.938,0.85124,0.85146,1.18,1.50
2011.03.04 13:44:34.268,0.85124,0.85146,1.18,1.50
2011.03.04 13:44:34.618,0.85124,0.85146,1.18,1.50
2011.03.04 13:44:35.838,0.85124,0.85146,2.68,1.50
2011.03.04 13:44:35.951,0.85126,0.85146,1.36,1.50
2011.03.04 13:44:36.532,0.85131,0.85146,1.50,1.50
2011.03.04 13:44:36.665,0.85131,0.85155,1.18,1.50
2011.03.04 13:44:37.219,0.85128,0.8515,1.93,1.50
2011.03.04 13:44:37.909,0.85127,0.8515,2.68,1.50
2011.03.04 13:44:38.023,0.85127,0.85152,2.68,1.50
2011.03.04 13:44:38.140,0.85134,0.85155,1.50,1.50
2011.03.04 13:44:38.580,0.8513,0.85151,2.25,1.50
2011.03.04 13:44:38.688,0.85127,0.85151,2.68,1.50
2011.03.04 13:44:39.129,0.8513,0.85151,1.50,1.50
2011.03.04 13:44:39.651,0.85128,0.85151,1.93,1.50
2011.03.04 13:44:39.759,0.85131,0.85151,1.93,1.50
2011.03.04 13:44:39.869,0.85134,0.85153,1.50,1.50
2011.03.04 13:44:40.089,0.85132,0.85153,1.50,1.50
2011.03.04 13:44:40.528,0.85131,0.85153,1.93,1.50
2011.03.04 13:44:40.859,0.85131,0.85153,1.93,1.50
2011.03.04 13:44:41.299,0.85129,0.85149,1.93,1.50
2011.03.04 13:44:41.408,0.85129,0.85149,2.68,1.50
2011.03.04 13:44:41.848,0.85129,0.85149,1.93,1.50
2011.03.04 13:44:42.662,0.85131,0.85149,1.50,1.50
2011.03.04 13:44:42.781,0.85131,0.85149,1.50,1.50
2011.03.04 13:44:43.110,0.85129,0.85149,1.93,1.50
2011.03.04 13:44:43.222,0.85127,0.85149,1.93,1.50
2011.03.04 13:44:43.564,0.85131,0.85149,1.50,1.50
2011.03.04 13:44:43.900,0.85128,0.85145,1.50,1.50
2011.03.04 13:44:44.009,0.85126,0.85145,1.50,1.50
2011.03.04 13:44:44.587,0.85125,0.85145,1.93,1.50
2011.03.04 13:44:45.089,0.85126,0.85145,1.50,1.50
2011.03.04 13:44:45.199,0.85128,0.85145,1.50,1.50
2011.03.04 13:44:45.558,0.85126,0.85145,1.50,1.50
2011.03.04 13:44:46.119,0.85127,0.8515,1.93,1.50
2011.03.04 13:44:46.341,0.85129,0.8515,1.50,1.69
2011.03.04 13:44:46.888,0.85127,0.8515,1.93,3.19
2011.03.04 13:44:48.058,0.85126,0.8515,1.93,3.00
2011.03.04 13:44:48.609,0.85127,0.8515,1.18,1.50
2011.03.04 13:44:49.089,0.85128,0.8515,1.93,1.50
2011.03.04 13:44:49.639,0.85129,0.8515,1.50,1.50
2011.03.04 13:44:49.969,0.8513,0.85149,1.50,1.69
2011.03.04 13:44:50.408,0.85132,0.85149,1.50,1.69
2011.03.04 13:44:50.718,0.8513,0.85149,1.50,1.69
2011.03.04 13:44:50.828,0.85128,0.85149,1.93,1.69
2011.03.04 13:44:50.938,0.8513,0.85149,1.50,1.69
2011.03.04 13:44:51.488,0.85131,0.85149,1.50,1.69
2011.03.04 13:44:52.078,0.8513,0.85149,1.50,1.69
2011.03.04 13:44:53.128,0.85131,0.85149,1.50,1.69
2011.03.04 13:44:53.348,0.85129,0.85149,1.50,1.69
2011.03.04 13:44:53.570,0.85123,0.85145,1.93,1.69
2011.03.04 13:44:54.119,0.85123,0.85145,1.93,1.50
2011.03.04 13:44:54.668,0.85125,0.85145,1.93,1.50
2011.03.04 13:44:55.108,0.85127,0.85145,1.50,1.50
2011.03.04 13:44:55.218,0.85129,0.85149,1.93,1.50
2011.03.04 13:44:55.343,0.85131,0.85149,1.50,1.50
2011.03.04 13:44:55.568,0.85128,0.85149,1.93,1.50
2011.03.04 13:44:56.121,0.85133,0.8515,1.50,1.50
2011.03.04 13:44:56.546,0.85136,0.85155,1.50,3.12
2011.03.04 13:44:56.663,0.8513,0.85156,2.86,1.50
2011.03.04 13:44:56.889,0.85134,0.85152,1.50,1.50
2011.03.04 13:44:57.218,0.85133,0.85155,2.25,1.50
2011.03.04 13:44:57.441,0.85144,0.85159,1.50,1.50
2011.03.04 13:44:57.549,0.85147,0.85159,1.50,1.50
2011.03.04 13:44:57.773,0.85147,0.85168,3.54,1.50
2011.03.04 13:44:57.893,0.85152,0.85174,1.18,1.50
2011.03.04 13:44:58.009,0.85152,0.85174,3.61,1.50
2011.03.04 13:44:58.338,0.85154,0.85174,1.69,1.50
2011.03.04 13:44:58.671,0.8515,0.85174,2.11,1.69
2011.03.04 13:44:58.778,0.85148,0.85172,1.36,1.50
2011.03.04 13:44:58.890,0.85148,0.85169,1.36,1.50
2011.03.04 13:44:59.000,0.85147,0.85169,1.18,1.50
2011.03.04 13:44:59.107,0.85153,0.85169,1.50,1.50
2011.03.04 13:44:59.658,0.85152,0.85169,1.50,1.50
2011.03.04 13:45:00.409,0.85154,0.85176,2.11,1.50
2011.03.04 13:45:00.519,0.85157,0.85176,1.50,1.50
2011.03.04 13:45:01.067,0.85158,0.8518,1.50,1.50
2011.03.04 13:45:01.289,0.85158,0.8518,1.50,1.50
2011.03.04 13:45:01.510,0.85158,0.85179,2.11,1.50
2011.03.04 13:45:02.168,0.85158,0.85179,2.11,1.50
2011.03.04 13:45:02.278,0.85159,0.85179,2.11,1.50
2011.03.04 13:45:03.228,0.8516,0.85179,1.50,1.50
2011.03.04 13:45:03.820,0.8516,0.85183,2.68,1.50
2011.03.04 13:45:04.258,0.8516,0.85183,1.18,1.50
2011.03.04 13:45:04.700,0.85157,0.8518,2.11,1.50
2011.03.04 13:45:04.920,0.85158,0.8518,1.36,1.50
2011.03.04 13:45:05.251,0.85167,0.8519,1.18,1.50
2011.03.04 13:45:05.361,0.85167,0.8519,1.18,1.50
2011.03.04 13:45:05.472,0.85164,0.85184,1.18,1.50
2011.03.04 13:45:05.808,0.85162,0.85184,1.18,1.50
2011.03.04 13:45:06.539,0.85162,0.85184,1.18,1.50
2011.03.04 13:45:06.871,0.85164,0.85184,1.18,1.50
2011.03.04 13:45:07.089,0.85166,0.85189,1.18,1.50
2011.03.04 13:45:07.669,0.85166,0.85189,1.18,1.50
2011.03.04 13:45:07.789,0.85162,0.85185,1.18,1.50
2011.03.04 13:45:08.232,0.85162,0.85185,1.93,1.50
2011.03.04 13:45:08.449,0.85166,0.85188,1.18,1.50
2011.03.04 13:45:08.670,0.85169,0.85189,1.50,1.50
2011.03.04 13:45:08.999,0.85171,0.85192,1.50,1.50
2011.03.04 13:45:09.461,0.85171,0.85195,1.50,1.50
2011.03.04 13:45:09.571,0.85171,0.85195,2.44,1.50
2011.03.04 13:45:09.791,0.85174,0.85195,2.11,1.50
2011.03.04 13:45:09.901,0.85175,0.852,1.69,1.50
2011.03.04 13:45:10.338,0.85178,0.852,1.50,1.69
2011.03.04 13:45:10.910,0.85179,0.85196,1.50,1.50
2011.03.04 13:45:11.386,0.85177,0.85195,1.50,1.69
2011.03.04 13:45:11.722,0.85174,0.85196,1.93,1.69
2011.03.04 13:45:11.942,0.85174,0.85196,1.18,1.69
2011.03.04 13:45:12.059,0.85178,0.85198,1.36,1.50
2011.03.04 13:45:12.281,0.85178,0.852,2.11,1.50
2011.03.04 13:45:12.611,0.8518,0.852,2.44,1.50
2011.03.04 13:45:12.939,0.85184,0.85207,2.44,1.50
2011.03.04 13:45:13.488,0.85185,0.85207,1.36,1.50
2011.03.04 13:45:14.327,0.85185,0.85207,1.36,1.50
2011.03.04 13:45:14.649,0.85185,0.85207,2.86,1.50
2011.03.04 13:45:15.089,0.85185,0.85207,2.86,1.50
2011.03.04 13:45:16.458,0.85186,0.8521,1.18,1.50
2011.03.04 13:45:19.373,0.85183,0.85206,1.18,1.69
2011.03.04 13:45:19.602,0.8518,0.85199,2.44,1.50
2011.03.04 13:45:19.833,0.85178,0.85201,2.68,1.50
2011.03.04 13:45:20.062,0.85181,0.85201,1.50,1.50
2011.03.04 13:45:20.280,0.85184,0.85202,1.50,1.50
2011.03.04 13:45:20.391,0.85191,0.85204,1.50,2.25
2011.03.04 13:45:20.501,0.85189,0.85204,1.50,1.50
2011.03.04 13:45:20.942,0.85191,0.85204,1.50,1.69
2011.03.04 13:45:21.169,0.85178,0.85201,2.68,1.69
2011.03.04 13:45:22.340,0.85179,0.85199,1.50,1.50
2011.03.04 13:45:22.890,0.85177,0.85197,1.93,1.69
2011.03.04 13:45:23.109,0.85175,0.85192,1.50,1.50
2011.03.04 13:45:23.659,0.85173,0.85195,1.50,1.50
2011.03.04 13:45:24.139,0.85177,0.85195,1.50,1.50
2011.03.04 13:45:24.689,0.85177,0.85195,1.50,1.50
2011.03.04 13:45:25.006,0.85175,0.85195,1.50,1.50
2011.03.04 13:45:25.572,0.85177,0.85193,1.50,2.25
2011.03.04 13:45:25.691,0.85172,0.85193,2.68,2.25
2011.03.04 13:45:25.800,0.85172,0.85191,1.93,1.50
2011.03.04 13:45:26.132,0.85175,0.85191,1.50,1.50
2011.03.04 13:45:26.472,0.85175,0.85188,1.50,1.69
2011.03.04 13:45:26.591,0.85171,0.85182,1.50,1.50
2011.03.04 13:45:26.702,0.85169,0.85182,1.50,1.50
2011.03.04 13:45:27.031,0.85167,0.85184,1.50,1.50
2011.03.04 13:45:27.698,0.85168,0.85184,1.50,1.50
2011.03.04 13:45:29.228,0.85168,0.85184,1.50,1.50
2011.03.04 13:45:29.481,0.85165,0.85184,1.50,1.50
2011.03.04 13:45:29.702,0.85163,0.8518,1.50,1.50
2011.03.04 13:45:29.810,0.85163,0.8518,2.44,1.50
2011.03.04 13:45:29.923,0.85163,0.85183,2.25,1.50
2011.03.04 13:45:30.261,0.85163,0.85185,1.18,1.50
2011.03.04 13:45:30.480,0.85163,0.85185,1.18,1.50
2011.03.04 13:45:30.591,0.8516,0.8518,1.93,1.50
2011.03.04 13:45:30.810,0.85157,0.8518,2.68,1.50
2011.03.04 13:45:33.632,0.85154,0.85176,1.18,1.69
2011.03.04 13:45:33.959,0.85148,0.85171,1.18,1.50
2011.03.04 13:45:34.070,0.85149,0.85171,1.93,1.50
2011.03.04 13:45:34.289,0.85148,0.85171,2.68,1.50
2011.03.04 13:45:34.510,0.85148,0.85168,1.93,1.50
2011.03.04 13:45:34.731,0.85146,0.85168,2.25,1.50
2011.03.04 13:45:34.841,0.85143,0.85168,2.86,1.50
2011.03.04 13:45:35.170,0.8514,0.85163,2.68,1.50
2011.03.04 13:45:35.280,0.8514,0.85162,2.68,1.69
2011.03.04 13:45:35.609,0.85141,0.85161,1.93,1.69
2011.03.04 13:45:36.087,0.85143,0.85161,1.50,1.69
2011.03.04 13:45:36.869,0.85141,0.85161,1.93,1.69
2011.03.04 13:45:36.981,0.85141,0.85161,2.86,1.50
2011.03.04 13:45:37.311,0.85146,0.85165,1.50,1.50
2011.03.04 13:45:37.971,0.85147,0.85166,1.50,1.69
2011.03.04 13:45:38.302,0.85141,0.85162,1.18,1.69
2011.03.04 13:45:38.741,0.85138,0.85158,1.93,3.19
2011.03.04 13:45:40.238,0.85138,0.85158,1.93,3.19
2011.03.04 13:45:41.388,0.8514,0.85162,1.93,2.44
2011.03.04 13:45:41.719,0.8514,0.85152,1.93,1.69
2011.03.04 13:45:42.048,0.85138,0.85152,1.50,1.69
2011.03.04 13:45:42.598,0.85138,0.85152,1.50,1.50
2011.03.04 13:45:42.818,0.85136,0.85152,1.50,1.50
2011.03.04 13:45:43.069,0.8513,0.85152,1.93,1.50
2011.03.04 13:45:43.509,0.85129,0.85152,1.93,1.50
2011.03.04 13:45:43.619,0.85128,0.85148,1.18,1.50
2011.03.04 13:45:43.729,0.85124,0.85148,1.93,1.69
2011.03.04 13:45:44.141,0.85122,0.85144,2.68,1.50
2011.03.04 13:45:44.738,0.85122,0.85141,2.25,1.50
2011.03.04 13:45:45.288,0.85118,0.85141,1.93,1.50
2011.03.04 13:45:45.728,0.85121,0.85141,1.50,1.50
2011.03.04 13:45:46.337,0.85121,0.85141,1.50,1.50
2011.03.04 13:45:46.889,0.85119,0.85141,1.93,1.50
2011.03.04 13:45:47.269,0.85123,0.85141,1.50,1.50
2011.03.04 13:45:47.702,0.85113,0.85133,1.93,1.69
2011.03.04 13:45:48.251,0.85108,0.85128,1.93,1.50
2011.03.04 13:45:48.798,0.85107,0.85128,2.11,1.50
2011.03.04 13:45:48.909,0.85107,0.85128,2.11,1.50
2011.03.04 13:45:49.131,0.85107,0.85128,2.11,1.50
2011.03.04 13:45:49.239,0.85109,0.85128,1.69,1.50
2011.03.04 13:45:49.569,0.85112,0.85134,1.93,1.50
2011.03.04 13:45:50.010,0.85106,0.85128,2.68,1.50
2011.03.04 13:45:50.338,0.85107,0.85128,1.93,1.50
2011.03.04 13:45:50.668,0.85112,0.85128,1.50,1.50
2011.03.04 13:45:50.778,0.85109,0.85128,1.50,1.50
2011.03.04 13:45:51.439,0.85109,0.85128,1.50,1.50
2011.03.04 13:45:51.660,0.85109,0.85128,1.50,1.50
2011.03.04 13:45:52.105,0.85112,0.85128,1.50,1.50
2011.03.04 13:45:52.220,0.85108,0.85128,1.93,1.50
2011.03.04 13:45:52.438,0.85108,0.85128,1.93,1.50
2011.03.04 13:45:52.659,0.85112,0.85128,1.50,1.50
2011.03.04 13:45:52.991,0.8511,0.85131,1.50,1.50
2011.03.04 13:45:53.101,0.85112,0.85131,1.50,1.50
2011.03.04 13:45:53.569,0.85112,0.85134,1.18,1.50
2011.03.04 13:45:53.793,0.85112,0.85134,1.18,1.50
2011.03.04 13:45:54.338,0.85117,0.85134,1.50,1.50
2011.03.04 13:45:54.451,0.85117,0.85137,1.93,1.50
2011.03.04 13:45:54.891,0.85119,0.85139,1.18,1.50
2011.03.04 13:45:55.310,0.85121,0.85141,2.86,1.50
2011.03.04 13:45:55.641,0.85129,0.85149,1.50,1.50
2011.03.04 13:45:56.080,0.8513,0.85152,3.43,1.50
2011.03.04 13:45:57.209,0.85129,0.85152,1.93,1.50
2011.03.04 13:45:57.429,0.85132,0.85152,1.50,1.50
2011.03.04 13:45:57.962,0.85134,0.85152,1.50,1.50
2011.03.04 13:45:58.300,0.85134,0.85152,1.50,1.50
2011.03.04 13:45:58.870,0.85132,0.85152,1.50,1.50
2011.03.04 13:45:59.052,0.8513,0.85152,1.93,1.50
2011.03.04 13:45:59.158,0.85132,0.85152,1.50,1.50
2011.03.04 13:45:59.487,0.85134,0.85152,1.50,1.50
2011.03.04 13:46:00.089,0.85133,0.85152,1.50,1.50
2011.03.04 13:46:00.419,0.85131,0.85152,1.50,1.50
2011.03.04 13:46:00.639,0.85129,0.85152,1.93,1.69
2011.03.04 13:46:01.082,0.85131,0.85152,1.50,1.69
2011.03.04 13:46:01.408,0.85128,0.85152,1.18,1.69
2011.03.04 13:46:02.258,0.85128,0.85152,2.68,1.69
2011.03.04 13:46:02.374,0.85132,0.85152,1.50,1.50
2011.03.04 13:46:02.708,0.85128,0.85152,1.18,1.50
2011.03.04 13:46:03.148,0.85132,0.85152,1.50,1.50
2011.03.04 13:46:03.260,0.85128,0.85152,1.18,1.50
2011.03.04 13:46:03.910,0.85131,0.85152,1.50,1.50
2011.03.04 13:46:04.589,0.85128,0.85152,2.68,1.50
2011.03.04 13:46:06.158,0.85128,0.85152,2.68,1.50
2011.03.04 13:46:06.687,0.85128,0.85152,2.86,1.50
2011.03.04 13:46:06.805,0.85128,0.85152,1.18,1.50
2011.03.04 13:46:07.139,0.85128,0.85152,1.18,1.50
2011.03.04 13:46:07.482,0.85129,0.85152,1.36,1.50
2011.03.04 13:46:08.040,0.85128,0.85152,2.68,2.44
2011.03.04 13:46:08.499,0.85128,0.85152,1.18,1.69
2011.03.04 13:46:09.438,0.85128,0.85152,1.18,1.69
2011.03.04 13:46:11.309,0.85125,0.85149,1.18,1.50
2011.03.04 13:46:12.438,0.85125,0.85149,2.68,1.50
2011.03.04 13:46:12.550,0.85125,0.85151,2.68,2.44
2011.03.04 13:46:12.659,0.85128,0.85151,1.18,1.69
2011.03.04 13:46:12.771,0.85132,0.85154,1.36,1.50
2011.03.04 13:46:12.989,0.85135,0.85155,1.18,1.50
2011.03.04 13:46:13.429,0.85135,0.85155,1.18,1.50
2011.03.04 13:46:13.649,0.85139,0.85155,1.50,1.50
2011.03.04 13:46:13.868,0.85137,0.85155,1.93,1.50
2011.03.04 13:46:15.300,0.85139,0.85155,1.50,1.50
2011.03.04 13:46:15.409,0.85136,0.85155,1.93,1.50
2011.03.04 13:46:16.409,0.85136,0.85155,1.93,1.50
2011.03.04 13:46:16.522,0.85137,0.85157,1.36,1.50
2011.03.04 13:46:16.632,0.85141,0.85162,2.44,1.50
2011.03.04 13:46:16.741,0.85143,0.85165,1.36,1.50
2011.03.04 13:46:16.959,0.85141,0.85165,2.86,1.50
2011.03.04 13:46:17.303,0.85146,0.85165,1.50,1.50
2011.03.04 13:46:17.418,0.85146,0.85165,1.50,1.50
2011.03.04 13:46:18.748,0.85141,0.85165,1.18,1.50
2011.03.04 13:46:18.969,0.85139,0.85162,2.68,1.50
2011.03.04 13:46:19.939,0.85139,0.85162,2.86,1.50
2011.03.04 13:46:20.270,0.85142,0.85162,1.50,1.50
2011.03.04 13:46:20.599,0.85144,0.85162,1.50,1.50
2011.03.04 13:46:21.679,0.85143,0.85162,1.50,2.44
2011.03.04 13:46:22.010,0.85139,0.85162,1.36,1.50
2011.03.04 13:46:23.478,0.85142,0.85162,1.50,1.50
2011.03.04 13:46:23.851,0.85139,0.85162,1.18,1.50
2011.03.04 13:46:24.070,0.85138,0.85157,1.50,1.50
2011.03.04 13:46:24.180,0.85136,0.85157,1.93,1.50
2011.03.04 13:46:24.512,0.85135,0.85157,1.18,1.50
2011.03.04 13:46:25.221,0.85135,0.85155,1.93,1.50
2011.03.04 13:46:25.443,0.85135,0.85152,1.50,1.50
2011.03.04 13:46:26.000,0.85135,0.85155,1.93,1.50
2011.03.04 13:46:26.550,0.85136,0.85156,1.18,1.69
2011.03.04 13:46:26.878,0.85135,0.85156,1.93,1.69
2011.03.04 13:46:26.989,0.85135,0.85156,1.93,1.69
2011.03.04 13:46:27.430,0.85137,0.85154,1.50,1.50
2011.03.04 13:46:27.537,0.85135,0.85154,1.93,1.50
2011.03.04 13:46:27.869,0.8513,0.85154,2.68,2.44
2011.03.04 13:46:27.978,0.8513,0.85154,1.18,1.69
2011.03.04 13:46:28.308,0.85127,0.85149,2.68,1.50
2011.03.04 13:46:28.794,0.85129,0.85152,1.18,1.69
2011.03.04 13:46:30.518,0.85129,0.85152,1.18,1.69
2011.03.04 13:46:31.068,0.85129,0.85152,1.18,1.50
2011.03.04 13:46:31.650,0.85129,0.85152,1.18,1.50
2011.03.04 13:46:31.980,0.85129,0.85152,1.18,1.69
2011.03.04 13:46:32.091,0.85126,0.85149,1.93,1.50
2011.03.04 13:46:32.686,0.85127,0.85149,1.93,1.50
2011.03.04 13:46:33.782,0.85128,0.85149,1.50,1.50
2011.03.04 13:46:34.000,0.85129,0.85149,1.50,1.50
2011.03.04 13:46:34.558,0.8513,0.85149,1.50,1.50
2011.03.04 13:46:37.048,0.85131,0.85152,1.50,1.69
2011.03.04 13:46:37.267,0.85128,0.85152,2.68,1.69
2011.03.04 13:46:37.548,0.85128,0.85152,2.68,1.69
2011.03.04 13:46:39.368,0.85127,0.85148,1.93,1.50
2011.03.04 13:46:39.935,0.85129,0.85151,1.93,2.25
2011.03.04 13:46:40.493,0.85131,0.85151,1.93,1.50
2011.03.04 13:46:40.723,0.85134,0.85156,1.93,1.50
2011.03.04 13:46:41.058,0.8513,0.85149,1.69,1.50
2011.03.04 13:46:41.169,0.8513,0.85149,1.50,1.50
2011.03.04 13:46:41.389,0.8513,0.85149,1.50,1.50
2011.03.04 13:46:41.828,0.85128,0.85152,1.93,1.50
2011.03.04 13:46:41.939,0.85128,0.85152,2.68,1.50
2011.03.04 13:46:42.049,0.8513,0.85152,1.18,1.50
2011.03.04 13:46:42.862,0.85131,0.85154,1.18,1.69
2011.03.04 13:46:42.983,0.85131,0.85154,1.18,1.69
2011.03.04 13:46:43.649,0.85133,0.85154,1.50,1.69
2011.03.04 13:46:43.871,0.85133,0.85154,1.50,1.69
2011.03.04 13:46:44.202,0.85128,0.85151,2.68,1.50
2011.03.04 13:46:44.421,0.85128,0.85151,2.86,1.50
2011.03.04 13:46:44.530,0.85132,0.85151,1.50,1.50
2011.03.04 13:46:44.863,0.8513,0.85151,1.93,1.50
2011.03.04 13:46:44.980,0.85128,0.85147,2.25,1.50
2011.03.04 13:46:45.200,0.85125,0.85146,2.25,1.69
2011.03.04 13:46:45.440,0.8512,0.85141,2.11,1.50
2011.03.04 13:46:45.770,0.8512,0.85141,1.36,1.50
2011.03.04 13:46:46.357,0.85119,0.85141,2.11,1.50
2011.03.04 13:46:46.791,0.85119,0.85141,1.93,1.50
2011.03.04 13:46:47.009,0.85119,0.85138,1.50,1.50
2011.03.04 13:46:47.558,0.85116,0.85138,1.50,1.50
2011.03.04 13:46:47.668,0.85118,0.85138,1.50,1.50
2011.03.04 13:46:48.264,0.85117,0.85138,1.50,1.50
2011.03.04 13:46:48.822,0.85117,0.85138,1.50,1.50
2011.03.04 13:46:49.159,0.85119,0.85138,1.50,1.50
2011.03.04 13:46:49.809,0.85119,0.85138,1.50,1.50
2011.03.04 13:46:50.322,0.85115,0.85134,1.93,1.50
2011.03.04 13:46:50.783,0.85118,0.85134,1.50,1.50
2011.03.04 13:46:50.901,0.85117,0.85134,1.50,1.50
2011.03.04 13:46:51.560,0.85118,0.85137,1.50,1.50
2011.03.04 13:46:52.213,0.85119,0.85137,1.50,1.50
2011.03.04 13:46:52.877,0.8512,0.85137,1.50,1.50
2011.03.04 13:46:53.700,0.8512,0.85137,1.50,1.50
2011.03.04 13:46:54.298,0.8512,0.85137,1.50,1.50
2011.03.04 13:46:54.740,0.8512,0.85137,1.50,1.50
2011.03.04 13:46:55.079,0.85121,0.85137,1.50,1.50
2011.03.04 13:46:55.299,0.85119,0.85137,1.50,1.50
2011.03.04 13:46:55.953,0.85119,0.85137,1.93,1.50
2011.03.04 13:46:57.039,0.85121,0.85141,1.50,1.50
2011.03.04 13:46:57.501,0.85121,0.85141,1.50,1.50
2011.03.04 13:46:57.830,0.85123,0.8514,1.50,1.50
2011.03.04 13:46:58.401,0.85126,0.85148,1.18,1.50
2011.03.04 13:46:58.526,0.85129,0.85147,1.50,3.12
2011.03.04 13:46:58.641,0.85127,0.85145,1.50,1.50
2011.03.04 13:46:58.969,0.85127,0.85143,1.50,1.69
2011.03.04 13:46:59.301,0.85125,0.85135,1.93,1.69
2011.03.04 13:46:59.520,0.85115,0.85134,1.50,1.69
2011.03.04 13:46:59.629,0.85112,0.85134,1.50,1.69
2011.03.04 13:46:59.852,0.85108,0.85126,1.50,1.69
2011.03.04 13:47:00.080,0.85117,0.85126,1.50,1.69
2011.03.04 13:47:00.189,0.85107,0.85126,1.50,1.69
2011.03.04 13:47:00.300,0.85107,0.85131,1.50,4.62
2011.03.04 13:47:01.369,0.85108,0.85128,1.50,1.50
2011.03.04 13:47:01.699,0.85108,0.85128,1.50,1.50
2011.03.04 13:47:01.958,0.85108,0.85128,1.50,1.50
2011.03.04 13:47:02.179,0.85109,0.85128,2.25,1.50
2011.03.04 13:47:02.400,0.85114,0.85131,1.50,1.50
2011.03.04 13:47:02.728,0.85121,0.85131,1.50,1.50
2011.03.04 13:47:02.949,0.85114,0.85135,1.50,1.50
2011.03.04 13:47:03.170,0.85117,0.85135,1.50,1.50
2011.03.04 13:47:03.500,0.85116,0.85138,1.18,1.50
2011.03.04 13:47:04.131,0.85129,0.85144,1.50,1.50
2011.03.04 13:47:04.458,0.8512,0.8514,1.69,1.50
2011.03.04 13:47:04.789,0.85118,0.8514,1.93,1.50
2011.03.04 13:47:05.230,0.85117,0.8514,3.43,1.50
2011.03.04 13:47:05.449,0.8512,0.85144,1.18,1.50
2011.03.04 13:47:05.669,0.8512,0.85144,1.18,1.50
2011.03.04 13:47:05.890,0.85126,0.85144,1.50,1.50
2011.03.04 13:47:06.439,0.85126,0.85148,1.93,1.50
2011.03.04 13:47:06.769,0.85127,0.85151,1.50,1.50
2011.03.04 13:47:06.879,0.85129,0.85151,1.50,1.50
2011.03.04 13:47:06.988,0.8513,0.85151,1.50,1.50
2011.03.04 13:47:07.423,0.8513,0.85151,1.50,1.50
2011.03.04 13:47:09.026,0.8513,0.85151,1.50,1.50
2011.03.04 13:47:09.154,0.85121,0.85147,1.18,1.69
2011.03.04 13:47:09.273,0.85121,0.85147,1.18,1.69
2011.03.04 13:47:09.721,0.85121,0.85145,1.18,1.50
2011.03.04 13:47:10.159,0.85124,0.85148,1.50,1.50
2011.03.04 13:47:10.270,0.85127,0.85151,1.18,1.50
2011.03.04 13:47:10.490,0.85124,0.85151,1.93,1.50
2011.03.04 13:47:10.971,0.85123,0.85147,1.18,1.50
2011.03.04 13:47:11.090,0.8512,0.85146,1.18,1.50
2011.03.04 13:47:11.532,0.85124,0.85145,1.50,1.50
2011.03.04 13:47:11.640,0.85129,0.85145,1.48,1.50
2011.03.04 13:47:11.751,0.8513,0.85152,1.36,2.25
2011.03.04 13:47:11.971,0.85136,0.85159,1.18,1.50
2011.03.04 13:47:12.518,0.85138,0.85162,1.93,1.50
2011.03.04 13:47:12.960,0.85137,0.8516,1.18,1.50
2011.03.04 13:47:13.182,0.85134,0.85153,1.93,1.50
2011.03.04 13:47:14.059,0.85136,0.85159,1.18,2.44
2011.03.04 13:47:14.729,0.85136,0.8516,1.18,1.69
2011.03.04 13:47:14.951,0.85132,0.85154,2.68,1.50
2011.03.04 13:47:15.168,0.85129,0.85154,1.36,1.50
2011.03.04 13:47:15.279,0.85129,0.85154,1.36,1.50
2011.03.04 13:47:15.608,0.85128,0.85151,1.36,1.50
2011.03.04 13:47:15.828,0.85128,0.85151,1.36,1.50
2011.03.04 13:47:16.367,0.85128,0.85151,1.36,1.50
2011.03.04 13:47:17.040,0.85132,0.85155,1.18,1.69
2011.03.04 13:47:17.368,0.85139,0.85156,2.65,1.50
2011.03.04 13:47:17.764,0.85144,0.85167,1.18,1.50
2011.03.04 13:47:18.102,0.85144,0.85172,1.18,1.50
2011.03.04 13:47:18.220,0.85149,0.85172,2.68,1.50
2011.03.04 13:47:18.439,0.85155,0.85175,1.50,1.50
2011.03.04 13:47:20.340,0.85155,0.85176,1.93,1.50
2011.03.04 13:47:20.916,0.85156,0.85178,1.93,1.69
2011.03.04 13:47:21.661,0.85156,0.85178,1.93,1.69
2011.03.04 13:47:22.879,0.85154,0.85178,1.18,1.69
2011.03.04 13:47:23.100,0.85154,0.85174,1.18,1.50
2011.03.04 13:47:23.321,0.85152,0.85171,1.18,1.69
2011.03.04 13:47:23.542,0.8515,0.85161,1.18,1.50
2011.03.04 13:47:24.098,0.8515,0.85162,1.18,1.50
2011.03.04 13:47:24.430,0.85148,0.85161,1.18,1.50
2011.03.04 13:47:25.044,0.85147,0.85161,1.18,1.50
2011.03.04 13:47:27.769,0.85145,0.85161,1.36,1.50
2011.03.04 13:47:27.881,0.85143,0.85161,1.36,1.50
2011.03.04 13:47:28.001,0.85143,0.85161,1.36,1.50
2011.03.04 13:47:28.112,0.85143,0.85161,1.36,1.50
2011.03.04 13:47:28.773,0.85143,0.85162,1.18,2.25
2011.03.04 13:47:29.331,0.8515,0.85173,2.11,1.50
2011.03.04 13:47:29.551,0.8515,0.85173,2.86,1.50
2011.03.04 13:47:29.662,0.8515,0.85173,2.11,1.50
2011.03.04 13:47:30.329,0.85151,0.85174,1.36,1.50
2011.03.04 13:47:30.660,0.85155,0.85175,1.36,1.50
2011.03.04 13:47:30.769,0.85156,0.85182,2.11,1.50
2011.03.04 13:47:31.494,0.8516,0.85184,1.36,1.50
2011.03.04 13:47:31.828,0.85161,0.85183,1.36,1.50
2011.03.04 13:47:32.490,0.85163,0.85185,1.36,1.50
2011.03.04 13:47:32.709,0.85162,0.85186,1.36,1.50
2011.03.04 13:47:33.149,0.85165,0.85186,1.18,2.44
2011.03.04 13:47:33.699,0.85162,0.85186,1.36,1.50
2011.03.04 13:47:33.808,0.85162,0.85186,1.36,1.50
2011.03.04 13:47:34.142,0.85168,0.85188,1.36,1.50
2011.03.04 13:47:34.666,0.8517,0.85191,1.69,1.50
2011.03.04 13:47:34.796,0.85169,0.85198,2.11,2.44
2011.03.04 13:47:35.021,0.85169,0.85197,2.11,1.69
2011.03.04 13:47:35.572,0.85173,0.85196,1.18,1.69
2011.03.04 13:47:35.689,0.85172,0.85194,1.18,1.69
2011.03.04 13:47:35.799,0.8517,0.85194,1.18,1.69
2011.03.04 13:47:36.349,0.8517,0.85194,1.18,1.69
2011.03.04 13:47:37.178,0.8517,0.85194,1.18,1.69
2011.03.04 13:47:37.510,0.8517,0.85194,1.36,1.50
2011.03.04 13:47:39.570,0.85172,0.85194,1.36,1.50
2011.03.04 13:47:39.792,0.85177,0.85199,1.36,1.50
2011.03.04 13:47:39.900,0.85176,0.85199,2.11,1.50
2011.03.04 13:47:40.009,0.85177,0.85199,1.36,1.50
2011.03.04 13:47:40.340,0.85181,0.85205,1.36,1.69
2011.03.04 13:47:40.669,0.85184,0.85205,1.90,1.50
2011.03.04 13:47:40.780,0.85186,0.85206,1.93,1.50
2011.03.04 13:47:41.218,0.85188,0.8521,1.18,2.44
2011.03.04 13:47:41.770,0.85189,0.8521,1.36,1.50
2011.03.04 13:47:42.262,0.85192,0.8521,1.50,1.50
2011.03.04 13:47:42.809,0.85191,0.85215,2.11,1.50
2011.03.04 13:47:43.029,0.85194,0.85215,1.18,1.50
2011.03.04 13:47:43.140,0.85197,0.85215,1.50,1.50
2011.03.04 13:47:43.471,0.85195,0.85219,1.36,1.50
2011.03.04 13:47:43.581,0.85198,0.85219,2.44,1.50
2011.03.04 13:47:44.021,0.85203,0.85226,1.18,2.44
2011.03.04 13:47:44.238,0.852,0.85226,2.11,2.44
2011.03.04 13:47:45.010,0.852,0.85225,1.36,1.69
2011.03.04 13:47:45.231,0.85211,0.85225,1.50,1.50
2011.03.04 13:47:45.559,0.85214,0.85235,1.50,1.50
2011.03.04 13:47:45.670,0.85214,0.85235,1.50,1.50
2011.03.04 13:47:45.781,0.85212,0.85235,1.50,1.50
2011.03.04 13:47:45.889,0.85211,0.85235,1.18,1.50
2011.03.04 13:47:46.222,0.85214,0.85235,1.18,1.50
2011.03.04 13:47:46.549,0.85212,0.85236,1.18,1.50
2011.03.04 13:47:47.561,0.85212,0.85236,1.18,1.50
2011.03.04 13:47:47.839,0.85212,0.85236,1.18,1.50
2011.03.04 13:47:48.601,0.85211,0.85231,1.18,1.50
2011.03.04 13:47:48.932,0.85207,0.85229,1.18,1.69
2011.03.04 13:47:49.041,0.85203,0.85228,1.18,1.69
2011.03.04 13:47:49.150,0.85202,0.85228,1.18,3.19
2011.03.04 13:47:49.370,0.85203,0.85228,1.36,3.00
2011.03.04 13:47:49.591,0.85207,0.85228,1.18,1.50
2011.03.04 13:47:49.918,0.85206,0.85231,2.11,1.50
2011.03.04 13:47:50.028,0.8521,0.8523,1.18,1.50
2011.03.04 13:47:50.360,0.85209,0.8523,1.18,1.50
2011.03.04 13:47:50.692,0.85209,0.8523,1.18,1.50
2011.03.04 13:47:51.017,0.85203,0.85228,1.36,1.50
2011.03.04 13:47:51.144,0.85203,0.85228,1.36,1.50
2011.03.04 13:47:51.263,0.85204,0.85228,1.18,1.50
2011.03.04 13:47:51.379,0.85204,0.85228,1.18,1.50
2011.03.04 13:47:51.598,0.85207,0.85228,1.18,1.50
2011.03.04 13:47:51.931,0.85202,0.85223,1.18,2.25
2011.03.04 13:47:52.150,0.85202,0.85227,1.93,1.50
2011.03.04 13:47:52.698,0.85203,0.85227,1.18,1.50
2011.03.04 13:47:53.138,0.85202,0.85227,1.18,1.50
2011.03.04 13:47:53.581,0.85204,0.85227,1.18,1.50
2011.03.04 13:47:53.801,0.85202,0.85224,1.18,2.44
2011.03.04 13:47:54.022,0.85199,0.85221,1.18,1.69
2011.03.04 13:47:54.526,0.852,0.85225,1.93,2.44
2011.03.04 13:47:54.860,0.852,0.85225,1.93,1.69
2011.03.04 13:47:55.191,0.85199,0.85221,1.18,1.50
2011.03.04 13:47:55.741,0.85198,0.85221,1.18,2.44
2011.03.04 13:47:56.070,0.85192,0.85218,1.18,1.69
2011.03.04 13:47:56.529,0.85192,0.85219,1.18,1.69
2011.03.04 13:47:57.319,0.85195,0.85219,1.18,1.69
2011.03.04 13:47:57.979,0.85195,0.85219,1.18,1.50
2011.03.04 13:47:58.713,0.85195,0.85217,1.18,1.69
2011.03.04 13:47:58.940,0.85188,0.85214,1.18,2.44
2011.03.04 13:47:59.051,0.85189,0.85216,1.36,3.68
2011.03.04 13:47:59.272,0.85196,0.85216,1.18,2.93
2011.03.04 13:47:59.491,0.85196,0.85219,1.93,1.50
2011.03.04 13:47:59.708,0.85196,0.85219,1.18,1.50
2011.03.04 13:48:00.039,0.85193,0.85215,1.18,1.69
2011.03.04 13:48:01.043,0.85189,0.85209,1.18,1.50
2011.03.04 13:48:01.163,0.85184,0.8521,1.18,1.50
2011.03.04 13:48:01.500,0.8518,0.85202,1.18,1.50
2011.03.04 13:48:02.103,0.85179,0.85202,1.93,1.50
2011.03.04 13:48:02.659,0.8518,0.85202,1.18,1.50
2011.03.04 13:48:03.208,0.85181,0.85202,1.18,1.50
2011.03.04 13:48:03.541,0.85179,0.852,1.18,1.69
2011.03.04 13:48:03.760,0.85171,0.85196,1.18,1.69
2011.03.04 13:48:04.090,0.85169,0.85191,1.18,1.50
2011.03.04 13:48:04.199,0.85168,0.85192,1.93,1.50
2011.03.04 13:48:04.751,0.85173,0.85194,1.18,2.25
2011.03.04 13:48:05.514,0.85167,0.85191,1.18,1.50
2011.03.04 13:48:05.629,0.85167,0.85187,1.18,1.50
2011.03.04 13:48:05.739,0.85169,0.85188,1.18,1.50
2011.03.04 13:48:06.289,0.85169,0.85189,1.18,1.50
2011.03.04 13:48:06.619,0.85168,0.85192,1.18,1.50
2011.03.04 13:48:07.058,0.85168,0.85192,1.18,1.50
2011.03.04 13:48:08.193,0.85167,0.85192,1.36,1.50
2011.03.04 13:48:09.238,0.85166,0.85187,2.86,1.50
2011.03.04 13:48:10.120,0.85165,0.85187,1.36,1.50
2011.03.04 13:48:10.560,0.85168,0.85188,1.18,1.50
2011.03.04 13:48:11.230,0.85168,0.85188,1.18,1.50
2011.03.04 13:48:11.779,0.85166,0.85188,1.36,1.50
2011.03.04 13:48:12.220,0.85165,0.85188,1.93,1.50
2011.03.04 13:48:12.329,0.85164,0.85188,1.18,1.50
2011.03.04 13:48:12.880,0.85164,0.85188,1.18,1.69
2011.03.04 13:48:13.180,0.85162,0.85182,1.50,1.50
2011.03.04 13:48:13.402,0.85166,0.85189,1.93,1.50
2011.03.04 13:48:13.829,0.85166,0.85189,1.93,1.50
2011.03.04 13:48:14.688,0.85168,0.85189,1.18,1.50
2011.03.04 13:48:15.019,0.85165,0.85189,1.18,1.50
2011.03.04 13:48:15.240,0.85164,0.85186,1.18,1.50
2011.03.04 13:48:15.350,0.85161,0.85186,1.18,1.69
2011.03.04 13:48:16.010,0.85161,0.85186,1.36,1.50
2011.03.04 13:48:16.449,0.85161,0.85186,1.36,1.50
2011.03.04 13:48:16.670,0.85161,0.85186,1.36,1.50
2011.03.04 13:48:17.248,0.85161,0.85186,1.36,1.50
2011.03.04 13:48:17.800,0.85161,0.85186,1.36,1.50
2011.03.04 13:48:18.979,0.85161,0.85186,1.36,1.50
2011.03.04 13:48:20.108,0.85161,0.85186,1.36,1.50
2011.03.04 13:48:21.459,0.85161,0.85186,1.36,1.50
2011.03.04 13:48:23.087,0.85155,0.85178,1.93,1.50
2011.03.04 13:48:23.639,0.85154,0.85178,1.18,1.50
2011.03.04 13:48:23.969,0.8515,0.85174,1.18,1.50
2011.03.04 13:48:24.518,0.8515,0.85174,1.18,1.50
2011.03.04 13:48:25.180,0.8515,0.85174,1.18,1.50
2011.03.04 13:48:25.399,0.85152,0.85174,1.18,1.50
2011.03.04 13:48:25.962,0.85154,0.85177,1.18,1.50
2011.03.04 13:48:27.940,0.85154,0.85177,1.18,1.50
2011.03.04 13:48:28.402,0.85154,0.85177,1.18,1.50
2011.03.04 13:48:28.948,0.85154,0.85177,1.18,1.50
2011.03.04 13:48:29.329,0.85154,0.85177,1.18,1.50
2011.03.04 13:48:30.708,0.85154,0.85177,1.18,1.50
2011.03.04 13:48:31.040,0.85155,0.85177,1.18,1.50
2011.03.04 13:48:31.149,0.85156,0.85177,1.50,1.50
2011.03.04 13:48:31.478,0.8516,0.85184,1.18,1.50
2011.03.04 13:48:31.808,0.8516,0.85185,1.18,1.50
2011.03.04 13:48:33.691,0.8516,0.85185,1.18,1.50
2011.03.04 13:48:33.913,0.85162,0.85185,5.04,1.50
2011.03.04 13:48:34.470,0.85166,0.85192,1.36,1.50
2011.03.04 13:48:34.911,0.85168,0.85188,1.36,1.50
2011.03.04 13:48:35.238,0.8517,0.85192,1.18,1.50
2011.03.04 13:48:35.351,0.85173,0.85194,1.18,1.50
2011.03.04 13:48:35.898,0.85173,0.85194,1.18,1.50
2011.03.04 13:48:37.632,0.85176,0.85198,1.18,1.50
2011.03.04 13:48:37.850,0.85176,0.85198,1.18,1.50
2011.03.04 13:48:38.399,0.85176,0.85198,1.18,1.50
2011.03.04 13:48:38.510,0.85175,0.85195,1.18,1.50
2011.03.04 13:48:38.619,0.85172,0.85195,1.18,1.50
2011.03.04 13:48:44.510,0.85175,0.85198,1.36,1.50
2011.03.04 13:48:44.619,0.85176,0.85199,1.36,1.50
2011.03.04 13:48:49.271,0.85176,0.85199,1.36,1.50
2011.03.04 13:48:49.819,0.85172,0.85195,1.18,1.50
2011.03.04 13:48:51.248,0.85172,0.85195,1.18,1.50
2011.03.04 13:48:53.938,0.85173,0.85195,1.18,1.50
2011.03.04 13:48:54.270,0.85173,0.85195,3.59,1.50
2011.03.04 13:48:54.489,0.85179,0.85201,1.18,1.69
2011.03.04 13:48:55.369,0.85183,0.85197,1.48,1.69
2011.03.04 13:48:55.699,0.85184,0.85203,1.48,1.50
2011.03.04 13:48:55.808,0.85185,0.85206,1.18,1.50
2011.03.04 13:48:55.918,0.85186,0.85209,1.18,1.50
2011.03.04 13:48:56.720,0.85187,0.85212,1.36,1.50
2011.03.04 13:48:56.832,0.8519,0.85213,1.93,1.69
2011.03.04 13:48:57.489,0.85191,0.85213,1.18,1.69
2011.03.04 13:48:57.599,0.85192,0.85215,1.36,1.50
2011.03.04 13:48:58.272,0.85201,0.85218,1.69,1.50
2011.03.04 13:48:58.491,0.85208,0.8523,1.36,1.50
2011.03.04 13:49:00.629,0.85208,0.8523,1.36,3.00
2011.03.04 13:49:00.740,0.85212,0.8523,1.18,2.25
2011.03.04 13:49:01.069,0.85212,0.8523,1.18,2.25
2011.03.04 13:49:01.288,0.85209,0.8523,1.36,2.25
2011.03.04 13:49:02.282,0.85208,0.85228,1.36,1.50
2011.03.04 13:49:02.501,0.85213,0.85231,1.36,3.00
2011.03.04 13:49:03.134,0.85212,0.85237,1.18,2.44
2011.03.04 13:49:03.481,0.85212,0.8524,1.18,1.50
2011.03.04 13:49:03.922,0.85216,0.85239,1.18,1.50
2011.03.04 13:49:04.799,0.85216,0.85239,1.18,1.50
2011.03.04 13:49:05.699,0.85216,0.85241,1.93,1.50
2011.03.04 13:49:05.919,0.8522,0.85243,2.11,1.50
2011.03.04 13:49:06.142,0.85221,0.85245,1.36,1.50
2011.03.04 13:49:06.691,0.85223,0.85245,1.36,3.00
2011.03.04 13:49:07.019,0.85222,0.85245,1.36,1.50
2011.03.04 13:49:07.730,0.85222,0.85245,1.36,3.00
2011.03.04 13:49:08.060,0.85222,0.85245,1.36,1.50
2011.03.04 13:49:10.511,0.85222,0.85245,2.11,1.50
2011.03.04 13:49:10.840,0.85225,0.85245,1.36,1.50
2011.03.04 13:49:11.169,0.85226,0.8525,1.36,2.25
2011.03.04 13:49:11.500,0.85228,0.8525,1.36,1.50
2011.03.04 13:49:11.722,0.85232,0.85256,1.93,1.50
2011.03.04 13:49:12.133,0.85232,0.85256,1.18,3.00
2011.03.04 13:49:12.470,0.85232,0.85256,1.18,3.94
2011.03.04 13:49:12.798,0.85232,0.85254,1.18,2.44
2011.03.04 13:49:13.273,0.85232,0.85254,1.18,2.25
2011.03.04 13:49:13.490,0.85232,0.85256,1.18,1.50
2011.03.04 13:49:13.748,0.85232,0.85256,1.18,1.69
2011.03.04 13:49:14.700,0.85232,0.85256,1.18,1.69
2011.03.04 13:49:15.319,0.85232,0.85256,1.18,1.69
2011.03.04 13:49:16.020,0.85235,0.85256,1.69,1.50
2011.03.04 13:49:16.131,0.85241,0.8526,1.50,1.50
2011.03.04 13:49:16.239,0.85241,0.85267,1.93,2.25
2011.03.04 13:49:16.460,0.8524,0.85262,1.18,1.50
2011.03.04 13:49:16.862,0.85239,0.85262,1.18,1.50
2011.03.04 13:49:17.091,0.85239,0.85262,1.18,3.00
2011.03.04 13:49:17.530,0.85236,0.85258,1.18,1.50
2011.03.04 13:49:18.578,0.85236,0.85258,1.18,1.50
2011.03.04 13:49:18.689,0.85233,0.85255,1.18,1.50
2011.03.04 13:49:18.799,0.85232,0.85251,1.18,2.25
2011.03.04 13:49:19.023,0.85228,0.85251,1.18,1.69
2011.03.04 13:49:19.252,0.85223,0.85247,1.18,3.87
2011.03.04 13:49:19.799,0.85223,0.85249,2.11,1.50
2011.03.04 13:49:21.045,0.85223,0.85248,1.18,1.50
2011.03.04 13:49:22.274,0.85234,0.85256,1.18,1.50
2011.03.04 13:49:22.503,0.85237,0.85258,1.18,2.25
2011.03.04 13:49:23.840,0.85237,0.85259,1.18,2.25
2011.03.04 13:49:24.170,0.85232,0.85258,1.36,1.50
2011.03.04 13:49:24.280,0.85232,0.85252,1.18,1.69
2011.03.04 13:49:24.393,0.85232,0.85252,1.18,2.25
2011.03.04 13:49:24.914,0.85232,0.85254,1.18,2.44
2011.03.04 13:49:25.036,0.85232,0.85256,1.36,3.00
2011.03.04 13:49:25.149,0.85232,0.85256,1.18,3.19
2011.03.04 13:49:25.480,0.85232,0.85256,1.18,1.69
2011.03.04 13:49:25.700,0.85232,0.85256,1.18,1.69
2011.03.04 13:49:26.690,0.85232,0.85256,1.18,1.69
2011.03.04 13:49:27.930,0.85232,0.85256,1.93,1.69
2011.03.04 13:49:28.263,0.85232,0.85258,2.11,1.50
2011.03.04 13:49:29.490,0.85236,0.85258,1.18,2.25
2011.03.04 13:49:30.169,0.85234,0.85256,1.36,1.50
2011.03.04 13:49:30.501,0.85229,0.85253,1.18,3.19
2011.03.04 13:49:30.612,0.85229,0.85247,1.18,1.69
2011.03.04 13:49:30.722,0.85222,0.8524,1.18,1.69
2011.03.04 13:49:30.831,0.85222,0.85243,1.18,2.44
2011.03.04 13:49:31.400,0.85222,0.85244,1.18,1.50
2011.03.04 13:49:31.999,0.85219,0.85243,1.18,2.25
2011.03.04 13:49:32.111,0.85219,0.85243,1.18,2.44
2011.03.04 13:49:32.220,0.85219,0.85241,1.18,2.44
2011.03.04 13:49:32.701,0.85219,0.85242,1.18,2.44
2011.03.04 13:49:33.250,0.85219,0.85243,1.18,1.50
2011.03.04 13:49:34.023,0.85219,0.85243,1.18,1.50
2011.03.04 13:49:34.252,0.85224,0.85247,1.18,1.50
2011.03.04 13:49:35.166,0.85224,0.85247,1.36,3.00
2011.03.04 13:49:35.719,0.85224,0.85245,1.18,2.25
2011.03.04 13:49:36.170,0.85221,0.85248,1.18,4.69
2011.03.04 13:49:37.203,0.85218,0.8524,1.18,1.69
2011.03.04 13:49:37.651,0.8521,0.85234,1.18,1.69
2011.03.04 13:49:37.871,0.85208,0.85227,1.50,1.69
2011.03.04 13:49:38.094,0.852,0.8522,1.18,2.25
2011.03.04 13:49:38.320,0.852,0.8522,1.18,2.25
2011.03.04 13:49:38.929,0.85196,0.85217,1.18,1.50
2011.03.04 13:49:40.843,0.85191,0.85214,1.18,1.50
2011.03.04 13:49:41.294,0.85195,0.85216,1.69,1.50
2011.03.04 13:49:41.521,0.85198,0.85221,2.11,1.50
2011.03.04 13:49:41.630,0.85201,0.85221,1.36,1.50
2011.03.04 13:49:41.740,0.85198,0.85224,3.61,1.50
2011.03.04 13:49:41.850,0.852,0.85224,1.36,1.50
2011.03.04 13:49:41.965,0.85204,0.85225,1.18,1.50
2011.03.04 13:49:42.589,0.852,0.85231,1.18,2.44
2011.03.04 13:49:42.811,0.85202,0.85231,2.25,2.25
2011.03.04 13:49:43.141,0.85201,0.85232,2.86,3.00
2011.03.04 13:49:43.569,0.85205,0.85231,1.18,1.50
2011.03.04 13:49:44.300,0.85205,0.85232,1.18,2.44
2011.03.04 13:49:44.630,0.85215,0.85237,2.25,3.00
2011.03.04 13:49:44.849,0.85214,0.8524,1.36,1.69
2011.03.04 13:49:45.068,0.85212,0.8524,2.25,1.69
2011.03.04 13:49:45.510,0.85217,0.8524,1.18,1.69
2011.03.04 13:49:46.058,0.85217,0.8524,1.18,1.69
2011.03.04 13:49:46.522,0.85224,0.8524,1.69,1.50
2011.03.04 13:49:46.630,0.85224,0.8524,1.69,1.50
2011.03.04 13:49:46.850,0.85222,0.85245,1.18,1.50
2011.03.04 13:49:46.959,0.85222,0.85245,1.18,1.50
2011.03.04 13:49:47.386,0.85222,0.85245,2.11,1.50
2011.03.04 13:49:47.720,0.85225,0.85247,1.36,2.25
2011.03.04 13:49:48.049,0.85221,0.8524,1.18,2.25
2011.03.04 13:49:48.381,0.85221,0.85239,1.18,2.25
2011.03.04 13:49:48.600,0.85221,0.85239,1.18,2.25
2011.03.04 13:49:49.153,0.85219,0.8524,1.18,2.25
2011.03.04 13:49:49.272,0.85225,0.85241,1.50,1.50
2011.03.04 13:49:49.491,0.85226,0.85251,2.11,1.50
2011.03.04 13:49:49.603,0.85227,0.85251,1.36,1.50
2011.03.04 13:49:49.722,0.85225,0.85251,2.11,3.00
2011.03.04 13:49:49.940,0.85229,0.85251,1.18,1.50
2011.03.04 13:49:50.621,0.85229,0.85251,1.18,1.50
2011.03.04 13:49:51.058,0.85229,0.85251,1.18,1.50
2011.03.04 13:49:51.170,0.85226,0.85252,1.18,3.00
2011.03.04 13:49:53.072,0.85226,0.85248,1.18,2.25
2011.03.04 13:49:53.184,0.85222,0.85245,1.18,2.25
2011.03.04 13:49:53.411,0.85221,0.85243,1.18,1.50
2011.03.04 13:49:54.731,0.85218,0.85236,1.18,1.69
2011.03.04 13:49:54.843,0.85214,0.85236,1.18,2.25
2011.03.04 13:49:55.069,0.85214,0.85238,1.18,2.25
2011.03.04 13:49:56.639,0.85214,0.8524,1.18,1.69
2011.03.04 13:49:57.149,0.85211,0.85235,1.18,2.25
2011.03.04 13:49:57.260,0.85211,0.85237,1.18,1.50
2011.03.04 13:49:57.809,0.85212,0.85233,1.18,1.50
2011.03.04 13:49:58.250,0.85209,0.85232,1.18,1.69
2011.03.04 13:49:58.361,0.85209,0.8523,1.18,1.50
2011.03.04 13:49:58.911,0.85209,0.8523,1.18,1.50
2011.03.04 13:49:59.242,0.85209,0.8523,1.36,1.50
2011.03.04 13:49:59.571,0.85209,0.8523,1.18,1.50
2011.03.04 13:50:00.029,0.85209,0.8523,1.18,1.50
2011.03.04 13:50:01.613,0.85209,0.8523,1.18,1.50
2011.03.04 13:50:02.490,0.85209,0.85232,1.18,1.50
2011.03.04 13:50:02.933,0.85211,0.85237,1.36,3.00
2011.03.04 13:50:03.380,0.85216,0.85239,1.18,1.50
2011.03.04 13:50:03.929,0.85216,0.85239,1.18,1.50
2011.03.04 13:50:04.260,0.8522,0.85243,1.18,1.50
2011.03.04 13:50:04.481,0.8522,0.85243,1.36,1.50
2011.03.04 13:50:04.700,0.85224,0.85248,1.18,1.50
2011.03.04 13:50:05.996,0.85245,0.85251,1.36,1.50
2011.03.04 13:50:06.225,0.85254,0.85269,1.36,2.25
2011.03.04 13:50:06.451,0.85254,0.85276,1.36,1.50
2011.03.04 13:50:07.000,0.85256,0.8528,2.68,1.50
2011.03.04 13:50:08.521,0.85256,0.8528,1.18,1.50
2011.03.04 13:50:09.179,0.85256,0.8528,1.36,1.69
2011.03.04 13:50:09.290,0.85254,0.85276,2.11,1.50
2011.03.04 13:50:09.804,0.85254,0.85276,1.18,1.50
2011.03.04 13:50:12.030,0.85254,0.85276,1.18,1.50
2011.03.04 13:50:12.689,0.85254,0.85276,1.36,1.50
2011.03.04 13:50:13.240,0.85254,0.85276,1.36,3.00
2011.03.04 13:50:13.860,0.85255,0.85282,1.36,1.50
2011.03.04 13:50:13.974,0.85258,0.85282,1.18,1.69
2011.03.04 13:50:14.530,0.85258,0.85283,1.18,1.50
2011.03.04 13:50:14.751,0.85261,0.85285,1.18,1.69
2011.03.04 13:50:16.249,0.85261,0.85285,1.18,1.50
2011.03.04 13:50:17.453,0.85261,0.85285,1.36,1.50
2011.03.04 13:50:17.572,0.85265,0.85285,1.18,1.50
2011.03.04 13:50:17.911,0.85272,0.85291,1.18,2.25
2011.03.04 13:50:18.020,0.8527,0.8529,1.18,2.25
2011.03.04 13:50:18.410,0.85268,0.85289,1.18,2.25
2011.03.04 13:50:18.698,0.85267,0.85289,1.18,2.25
2011.03.04 13:50:19.043,0.85264,0.85285,1.18,1.50
2011.03.04 13:50:19.152,0.85264,0.85285,1.18,1.50
2011.03.04 13:50:21.724,0.85258,0.85281,1.18,1.69
2011.03.04 13:50:21.949,0.85254,0.8528,1.93,1.69
2011.03.04 13:50:22.281,0.85254,0.85277,1.18,1.50
2011.03.04 13:50:22.612,0.8525,0.85273,1.18,1.50
2011.03.04 13:50:23.012,0.85247,0.85271,1.18,2.25
2011.03.04 13:50:23.671,0.85247,0.85271,2.11,1.50
2011.03.04 13:50:25.099,0.85248,0.85273,1.36,1.50
2011.03.04 13:50:25.210,0.85249,0.85273,1.36,1.50
2011.03.04 13:50:25.539,0.85251,0.85273,1.18,1.50
2011.03.04 13:50:26.211,0.85251,0.85273,1.18,1.50
2011.03.04 13:50:27.954,0.85251,0.85273,1.18,1.50
2011.03.04 13:50:28.669,0.85251,0.85273,1.18,1.50
2011.03.04 13:50:28.780,0.8525,0.85273,1.18,1.50
2011.03.04 13:50:29.000,0.85249,0.85273,1.18,1.50
2011.03.04 13:50:32.180,0.85246,0.85271,1.18,1.50
2011.03.04 13:50:32.509,0.85246,0.85269,1.18,2.25
2011.03.04 13:50:32.840,0.85242,0.85266,1.36,1.69
2011.03.04 13:50:33.609,0.85242,0.85266,1.36,3.19
2011.03.04 13:50:34.106,0.85245,0.85266,1.93,2.25
2011.03.04 13:50:34.442,0.85247,0.85271,1.18,1.50
2011.03.04 13:50:34.989,0.85247,0.85271,1.18,1.50
2011.03.04 13:50:35.761,0.85247,0.85271,1.18,1.69
2011.03.04 13:50:35.875,0.85246,0.85266,1.18,2.25
2011.03.04 13:50:36.430,0.85242,0.85265,1.18,3.00
2011.03.04 13:50:36.755,0.85241,0.85265,1.36,2.25
2011.03.04 13:50:37.090,0.85241,0.85265,1.18,2.25
2011.03.04 13:50:37.751,0.85242,0.85265,1.18,3.00
2011.03.04 13:50:38.190,0.85242,0.85265,1.18,1.50
2011.03.04 13:50:39.422,0.85239,0.8526,1.93,1.69
2011.03.04 13:50:39.530,0.85238,0.8526,1.18,1.69
2011.03.04 13:50:39.950,0.85229,0.85252,4.85,1.50
2011.03.04 13:50:40.390,0.85225,0.85249,2.11,1.50
2011.03.04 13:50:42.843,0.85224,0.85244,1.36,1.50
2011.03.04 13:50:42.966,0.85222,0.85244,1.36,1.50
2011.03.04 13:50:43.520,0.85222,0.85244,2.11,1.50
2011.03.04 13:50:43.739,0.85223,0.85244,2.86,1.50
2011.03.04 13:50:43.854,0.85225,0.85244,4.69,1.50
2011.03.04 13:50:43.970,0.85228,0.85251,1.36,1.50
2011.03.04 13:50:44.191,0.85228,0.85251,1.36,1.50
2011.03.04 13:50:44.983,0.85231,0.85251,1.18,1.50
2011.03.04 13:50:46.011,0.85231,0.85251,1.18,1.50
2011.03.04 13:50:46.233,0.85231,0.85251,1.18,1.50
2011.03.04 13:50:46.777,0.85223,0.85246,1.36,1.50
2011.03.04 13:50:47.332,0.85223,0.85246,1.18,1.50
2011.03.04 13:50:47.769,0.85223,0.85246,1.18,1.50
2011.03.04 13:50:47.990,0.85223,0.85246,1.18,1.50
2011.03.04 13:50:48.930,0.85227,0.8525,1.18,1.50
2011.03.04 13:50:51.321,0.85227,0.8525,1.18,1.50
2011.03.04 13:50:51.981,0.85224,0.85246,1.18,1.50
2011.03.04 13:50:52.420,0.85224,0.85246,1.18,1.50
2011.03.04 13:50:53.440,0.8522,0.85244,1.18,1.50
2011.03.04 13:50:53.549,0.8522,0.85242,1.18,1.50
2011.03.04 13:50:54.002,0.8522,0.85242,1.18,1.50
2011.03.04 13:50:54.220,0.85215,0.85236,1.18,2.25
2011.03.04 13:50:54.802,0.85215,0.85234,1.18,2.25
2011.03.04 13:50:55.023,0.85215,0.85234,1.18,2.25
2011.03.04 13:50:55.254,0.85215,0.85234,1.18,2.25
2011.03.04 13:50:55.816,0.85214,0.8523,1.18,2.25
2011.03.04 13:50:55.935,0.85209,0.8523,1.18,2.25
2011.03.04 13:50:56.052,0.85209,0.8523,1.18,2.25
2011.03.04 13:50:56.490,0.8521,0.85231,1.93,1.69
2011.03.04 13:50:57.040,0.8521,0.85228,1.50,1.50
2011.03.04 13:50:57.260,0.85206,0.85228,1.18,1.50
2011.03.04 13:50:57.391,0.85206,0.85228,1.18,1.50
2011.03.04 13:50:58.081,0.85206,0.85228,1.18,1.50
2011.03.04 13:50:58.641,0.85203,0.85227,1.93,1.50
2011.03.04 13:50:58.751,0.85203,0.85225,1.93,1.50
2011.03.04 13:50:58.860,0.85202,0.85224,2.68,2.25
2011.03.04 13:50:59.469,0.85202,0.85224,2.68,2.25
2011.03.04 13:51:00.531,0.85203,0.85224,1.93,2.25
2011.03.04 13:51:00.644,0.85201,0.85221,1.55,1.50
2011.03.04 13:51:00.763,0.85195,0.85222,1.55,1.50
2011.03.04 13:51:01.102,0.85195,0.85222,1.55,2.44
2011.03.04 13:51:01.320,0.85194,0.85217,1.55,1.50
2011.03.04 13:51:02.243,0.85196,0.85214,1.88,1.50
2011.03.04 13:51:02.352,0.85196,0.85214,1.50,1.50
2011.03.04 13:51:02.463,0.85189,0.85214,2.11,1.50
2011.03.04 13:51:02.579,0.85189,0.85213,1.18,1.50
2011.03.04 13:51:03.130,0.85189,0.8521,1.18,1.50
2011.03.04 13:51:03.349,0.85189,0.8521,1.18,1.50
2011.03.04 13:51:04.358,0.85189,0.8521,1.18,1.50
2011.03.04 13:51:04.600,0.85189,0.8521,1.18,1.50
2011.03.04 13:51:05.339,0.85189,0.8521,1.18,1.50
2011.03.04 13:51:05.891,0.85189,0.8521,1.18,1.50
2011.03.04 13:51:06.111,0.85186,0.85209,1.18,1.50
2011.03.04 13:51:06.768,0.85185,0.85209,2.68,1.50
2011.03.04 13:51:07.318,0.85185,0.85206,3.43,1.50
2011.03.04 13:51:07.539,0.85185,0.85206,1.18,1.50
2011.03.04 13:51:07.648,0.85181,0.85206,2.68,1.50
2011.03.04 13:51:08.309,0.85184,0.85206,1.50,1.50
2011.03.04 13:51:08.732,0.85182,0.85203,1.18,1.50
2011.03.04 13:51:08.841,0.85182,0.85204,1.18,1.50
2011.03.04 13:51:08.951,0.85192,0.85205,1.18,1.50
2011.03.04 13:51:09.060,0.85192,0.85212,1.18,1.50
2011.03.04 13:51:09.390,0.85197,0.85217,1.18,1.69
2011.03.04 13:51:10.010,0.85197,0.85217,1.18,1.69
2011.03.04 13:51:10.469,0.85197,0.85217,1.18,1.69
2011.03.04 13:51:10.691,0.85197,0.8522,2.68,1.69
2011.03.04 13:51:10.800,0.852,0.85221,1.69,1.50
2011.03.04 13:51:11.104,0.85205,0.85227,5.04,1.50
2011.03.04 13:51:11.221,0.85208,0.85227,1.69,1.50
2011.03.04 13:51:11.551,0.852,0.85222,1.18,1.69
2011.03.04 13:51:11.883,0.852,0.85222,1.36,1.50
2011.03.04 13:51:12.322,0.85205,0.85223,1.36,1.50
2011.03.04 13:51:12.440,0.85205,0.85228,2.86,1.50
2011.03.04 13:51:13.080,0.85205,0.85228,1.36,1.50
2011.03.04 13:51:13.651,0.85206,0.85228,1.36,1.50
2011.03.04 13:51:13.762,0.85214,0.85236,1.18,2.25
2011.03.04 13:51:14.757,0.85208,0.8523,1.18,3.87
2011.03.04 13:51:15.091,0.85209,0.8523,1.36,3.68
2011.03.04 13:51:15.881,0.85209,0.8523,1.36,1.50
2011.03.04 13:51:15.991,0.85208,0.8523,2.68,1.50
2011.03.04 13:51:17.272,0.85208,0.8523,1.18,1.50
2011.03.04 13:51:17.503,0.85206,0.85229,1.93,1.50
2011.03.04 13:51:17.624,0.85206,0.85229,1.18,1.50
2011.03.04 13:51:18.181,0.85206,0.85227,1.18,1.50
2011.03.04 13:51:20.452,0.85206,0.85227,1.18,1.50
2011.03.04 13:51:20.560,0.85206,0.85227,1.18,1.50
2011.03.04 13:51:21.109,0.85207,0.85231,1.93,1.50
2011.03.04 13:51:21.220,0.85207,0.85231,2.86,1.50
2011.03.04 13:51:21.330,0.85211,0.85231,1.18,1.50
2011.03.04 13:51:21.660,0.85211,0.85232,1.36,1.50
2011.03.04 13:51:22.242,0.85213,0.85237,1.93,1.50
2011.03.04 13:51:23.230,0.85212,0.85234,2.79,1.50
2011.03.04 13:51:23.342,0.85207,0.85231,1.18,1.50
2011.03.04 13:51:23.449,0.85206,0.85223,1.93,1.50
2011.03.04 13:51:23.997,0.85194,0.85221,1.18,1.69
2011.03.04 13:51:24.550,0.85194,0.85217,1.18,1.50
2011.03.04 13:51:26.213,0.85197,0.85218,1.69,1.50
2011.03.04 13:51:26.444,0.85202,0.85226,3.54,1.50
2011.03.04 13:51:26.671,0.85202,0.85226,4.29,1.50
2011.03.04 13:51:26.779,0.85205,0.85229,1.18,1.50
2011.03.04 13:51:27.330,0.85205,0.85229,1.18,1.50
2011.03.04 13:51:28.369,0.85205,0.85229,1.18,1.50
2011.03.04 13:51:28.591,0.85206,0.85229,1.93,1.50
2011.03.04 13:51:28.921,0.85205,0.85229,3.54,1.50
2011.03.04 13:51:29.503,0.85203,0.85225,1.36,1.50
2011.03.04 13:51:29.949,0.85203,0.85225,1.18,1.50
2011.03.04 13:51:30.170,0.85203,0.85225,1.18,1.50
2011.03.04 13:51:30.609,0.85203,0.85225,1.18,1.50
2011.03.04 13:51:31.133,0.85203,0.85227,1.18,2.25
2011.03.04 13:51:31.471,0.85212,0.85234,1.18,1.50
2011.03.04 13:51:31.690,0.85213,0.85237,1.18,1.50
2011.03.04 13:51:32.590,0.85213,0.85237,1.18,1.50
2011.03.04 13:51:32.929,0.85214,0.85237,1.18,1.69
2011.03.04 13:51:33.259,0.85211,0.85233,1.18,1.50
2011.03.04 13:51:33.591,0.85211,0.85233,1.93,1.50
2011.03.04 13:51:34.769,0.85211,0.85233,1.18,1.50
2011.03.04 13:51:35.320,0.85211,0.85233,1.18,1.50
2011.03.04 13:51:35.760,0.85218,0.85235,2.18,1.50
2011.03.04 13:51:35.980,0.85218,0.85242,2.93,1.50
2011.03.04 13:51:36.309,0.8522,0.85243,1.18,1.50
2011.03.04 13:51:36.530,0.8522,0.85243,1.18,1.50
2011.03.04 13:51:37.078,0.8522,0.85243,1.18,1.50
2011.03.04 13:51:37.301,0.8522,0.85243,1.18,1.50
2011.03.04 13:51:37.631,0.85217,0.85239,1.18,1.69
2011.03.04 13:51:38.070,0.85216,0.85239,1.18,1.50
2011.03.04 13:51:38.288,0.85216,0.85239,1.93,1.50
2011.03.04 13:51:38.509,0.85219,0.85239,2.18,1.50
2011.03.04 13:51:38.923,0.85221,0.85242,1.18,1.50
2011.03.04 13:51:39.260,0.8522,0.85242,1.18,1.50
2011.03.04 13:51:39.701,0.8522,0.85242,1.18,1.50
2011.03.04 13:51:39.919,0.85215,0.85239,1.18,1.50
2011.03.04 13:51:41.039,0.85215,0.85239,1.18,1.50
2011.03.04 13:51:41.810,0.85213,0.85237,1.18,1.50
2011.03.04 13:51:42.371,0.85213,0.85233,1.18,2.93
2011.03.04 13:51:43.421,0.85206,0.85228,2.68,1.50
2011.03.04 13:51:43.531,0.85206,0.85228,2.68,1.50
2011.03.04 13:51:43.865,0.85203,0.85225,1.18,1.50
2011.03.04 13:51:44.090,0.85203,0.85225,2.11,1.50
2011.03.04 13:51:44.639,0.85203,0.85225,1.36,1.50
2011.03.04 13:51:45.189,0.85203,0.85225,1.36,1.50
2011.03.04 13:51:45.509,0.85203,0.85225,1.36,1.50
2011.03.04 13:51:45.620,0.85203,0.85225,1.36,1.50
2011.03.04 13:51:45.999,0.85203,0.85225,1.36,1.50
2011.03.04 13:51:46.330,0.85205,0.85225,1.36,1.50
2011.03.04 13:51:46.553,0.85206,0.85231,2.86,1.50
2011.03.04 13:51:46.879,0.85211,0.85232,1.93,1.50
2011.03.04 13:51:47.492,0.8521,0.85228,2.25,1.50
2011.03.04 13:51:47.829,0.85203,0.85229,1.36,1.50
2011.03.04 13:51:48.379,0.85204,0.85224,2.68,1.50
2011.03.04 13:51:48.711,0.85203,0.85224,1.36,1.50
2011.03.04 13:51:48.930,0.85201,0.85224,1.18,1.50
2011.03.04 13:51:49.619,0.85201,0.85224,1.18,1.50
2011.03.04 13:51:50.169,0.85201,0.85225,1.18,1.50
2011.03.04 13:51:50.389,0.85201,0.85225,1.18,1.50
2011.03.04 13:51:50.720,0.85202,0.85225,2.60,1.50
2011.03.04 13:51:50.830,0.85203,0.85224,1.18,1.50
2011.03.04 13:51:51.342,0.85203,0.85224,1.18,1.50
2011.03.04 13:51:52.004,0.85202,0.85225,4.43,1.69
2011.03.04 13:51:52.563,0.85199,0.85224,3.54,3.00
2011.03.04 13:51:54.232,0.852,0.85226,1.36,1.50
2011.03.04 13:51:54.960,0.85203,0.85226,1.18,1.50
2011.03.04 13:51:55.075,0.85208,0.85231,1.18,1.50
2011.03.04 13:51:57.699,0.85208,0.85231,1.18,1.50
2011.03.04 13:51:57.920,0.85209,0.85231,1.18,1.50
2011.03.04 13:51:58.029,0.85212,0.85234,1.18,1.50
2011.03.04 13:51:58.250,0.85216,0.85238,1.50,1.50
2011.03.04 13:51:58.360,0.85211,0.85238,1.18,3.68
2011.03.04 13:51:58.854,0.85212,0.85234,1.18,1.50
2011.03.04 13:51:59.831,0.85212,0.85234,1.18,1.50
2011.03.04 13:52:00.160,0.85215,0.85237,1.18,1.50
2011.03.04 13:52:00.270,0.85215,0.85237,1.18,1.50
2011.03.04 13:52:01.261,0.85215,0.85237,1.36,1.50
2011.03.04 13:52:01.480,0.85215,0.85237,1.36,1.50
2011.03.04 13:52:01.810,0.85219,0.85241,1.36,1.50
2011.03.04 13:52:02.720,0.85217,0.85239,1.36,1.50
2011.03.04 13:52:02.945,0.85216,0.85239,3.35,1.50
2011.03.04 13:52:03.501,0.85216,0.85239,1.18,1.50
2011.03.04 13:52:03.612,0.85217,0.85239,1.36,1.50
2011.03.04 13:52:03.722,0.85219,0.85239,1.69,1.50
2011.03.04 13:52:03.833,0.85221,0.85243,1.36,1.50
2011.03.04 13:52:04.060,0.85221,0.85243,1.36,1.50
2011.03.04 13:52:04.501,0.85219,0.85241,1.18,1.50
2011.03.04 13:52:04.722,0.85217,0.85237,1.18,3.12
2011.03.04 13:52:04.841,0.85217,0.8524,1.36,2.25
2011.03.04 13:52:05.063,0.85219,0.85243,1.18,1.50
2011.03.04 13:52:05.487,0.85221,0.85244,1.18,1.50
2011.03.04 13:52:05.603,0.85221,0.85244,1.18,1.50
2011.03.04 13:52:05.831,0.85221,0.85244,1.18,1.50
2011.03.04 13:52:06.160,0.8522,0.85241,1.18,1.50
2011.03.04 13:52:08.009,0.85217,0.85241,1.36,1.50
2011.03.04 13:52:08.229,0.85217,0.85241,1.36,1.50
2011.03.04 13:52:08.719,0.85217,0.85241,1.36,1.50
2011.03.04 13:52:09.048,0.85217,0.85237,1.18,1.50
2011.03.04 13:52:09.162,0.85217,0.85237,1.18,1.50
2011.03.04 13:52:09.990,0.85236,0.8526,1.18,2.25
2011.03.04 13:52:10.098,0.85236,0.85258,1.18,1.50
2011.03.04 13:52:10.321,0.85232,0.85255,2.68,1.50
2011.03.04 13:52:10.430,0.85238,0.85255,1.50,1.50
2011.03.04 13:52:10.540,0.85239,0.85255,2.25,1.50
2011.03.04 13:52:10.649,0.85239,0.85262,2.68,2.25
2011.03.04 13:52:10.978,0.85239,0.85263,2.68,1.69
2011.03.04 13:52:11.783,0.8524,0.85258,1.50,2.44
2011.03.04 13:52:11.900,0.85235,0.85256,1.18,2.93
2011.03.04 13:52:12.122,0.85235,0.85258,1.18,1.50
2011.03.04 13:52:12.449,0.85227,0.85242,5.60,1.50
2011.03.04 13:52:12.560,0.85209,0.85237,4.40,2.93
2011.03.04 13:52:12.670,0.8521,0.85232,1.18,1.50
2011.03.04 13:52:13.276,0.85213,0.85235,1.18,1.50
2011.03.04 13:52:13.721,0.85219,0.85237,1.36,1.50
2011.03.04 13:52:14.051,0.85224,0.85248,1.18,1.50
2011.03.04 13:52:14.269,0.8522,0.85242,1.18,1.50
2011.03.04 13:52:15.238,0.8522,0.85242,1.36,1.50
2011.03.04 13:52:15.350,0.85221,0.85241,2.79,1.50
2011.03.04 13:52:15.460,0.85215,0.85238,2.68,1.50
2011.03.04 13:52:15.900,0.85215,0.85238,1.18,1.50
2011.03.04 13:52:16.954,0.85215,0.85238,1.18,1.50
2011.03.04 13:52:17.709,0.85215,0.85238,1.18,1.50
2011.03.04 13:52:18.509,0.85215,0.85238,1.18,1.50
2011.03.04 13:52:18.951,0.85215,0.85238,1.18,1.50
2011.03.04 13:52:19.938,0.85215,0.85238,1.18,1.50
2011.03.04 13:52:20.928,0.85215,0.85238,1.18,1.50
2011.03.04 13:52:21.511,0.85215,0.85238,1.18,1.50
2011.03.04 13:52:21.909,0.85212,0.85235,1.18,1.50
2011.03.04 13:52:22.350,0.85208,0.85229,1.18,1.69
2011.03.04 13:52:22.462,0.85209,0.85229,1.18,1.69
2011.03.04 13:52:22.789,0.85209,0.85229,1.18,1.69
2011.03.04 13:52:23.011,0.85209,0.85231,1.18,3.19
2011.03.04 13:52:23.230,0.85209,0.85232,1.18,2.44
2011.03.04 13:52:23.451,0.85212,0.85233,1.18,1.69
2011.03.04 13:52:23.889,0.85216,0.85235,1.18,2.25
2011.03.04 13:52:24.379,0.85216,0.85237,1.18,3.00
2011.03.04 13:52:24.600,0.85213,0.85236,1.18,1.50
2011.03.04 13:52:25.040,0.85216,0.85236,1.18,2.25
2011.03.04 13:52:25.368,0.85216,0.85237,1.18,1.50
2011.03.04 13:52:26.060,0.85216,0.85237,1.18,1.50
2011.03.04 13:52:26.569,0.85216,0.85237,1.18,1.50
2011.03.04 13:52:27.119,0.85216,0.85237,1.36,1.50
2011.03.04 13:52:27.539,0.85216,0.85237,1.36,1.50
2011.03.04 13:52:28.068,0.85217,0.85239,1.18,1.50
2011.03.04 13:52:30.409,0.85217,0.85239,1.18,1.50
2011.03.04 13:52:30.849,0.85219,0.85239,1.18,1.50
2011.03.04 13:52:31.070,0.85219,0.8524,1.18,1.50
2011.03.04 13:52:31.291,0.85219,0.8524,1.18,1.50
2011.03.04 13:52:31.740,0.85219,0.8524,1.18,1.50
2011.03.04 13:52:32.179,0.85219,0.8524,1.18,1.50
2011.03.04 13:52:32.490,0.85218,0.85242,1.18,1.69
2011.03.04 13:52:32.941,0.8522,0.85243,1.36,1.50
2011.03.04 13:52:33.053,0.8522,0.85243,1.36,1.50
2011.03.04 13:52:33.280,0.85224,0.85247,1.36,1.50
2011.03.04 13:52:34.502,0.85225,0.85248,1.36,1.50
2011.03.04 13:52:34.613,0.85231,0.85249,2.79,1.50
2011.03.04 13:52:34.731,0.85232,0.85255,1.36,2.25
2011.03.04 13:52:35.281,0.85235,0.85256,1.18,1.50
2011.03.04 13:52:35.814,0.85244,0.8526,1.36,2.25
2011.03.04 13:52:36.154,0.85238,0.85257,1.18,2.18
2011.03.04 13:52:36.270,0.85234,0.85257,3.87,1.50
2011.03.04 13:52:36.710,0.85234,0.85255,3.68,2.25
2011.03.04 13:52:36.821,0.8523,0.85252,1.18,1.50
2011.03.04 13:52:37.149,0.85229,0.85252,1.18,1.69
2011.03.04 13:52:37.700,0.85232,0.85252,1.18,1.50
2011.03.04 13:52:40.239,0.85233,0.85256,1.18,1.50
2011.03.04 13:52:40.682,0.85233,0.85256,1.18,1.50
2011.03.04 13:52:41.231,0.85233,0.85256,1.93,1.50
2011.03.04 13:52:42.030,0.85234,0.85256,1.18,1.50
2011.03.04 13:52:42.379,0.85234,0.85256,1.18,1.50
2011.03.04 13:52:42.710,0.85234,0.85256,1.18,1.50
2011.03.04 13:52:43.040,0.85233,0.85256,1.93,1.50
2011.03.04 13:52:44.443,0.85233,0.85254,1.18,1.69
2011.03.04 13:52:44.672,0.8523,0.85249,2.18,1.50
2011.03.04 13:52:44.782,0.85227,0.85246,1.18,2.44
2011.03.04 13:52:45.113,0.85223,0.85241,1.69,1.50
2011.03.04 13:52:45.230,0.85217,0.85241,1.36,1.50
2011.03.04 13:52:45.789,0.85221,0.85242,1.18,1.50
2011.03.04 13:52:46.340,0.8522,0.85243,1.18,3.87
2011.03.04 13:52:46.561,0.85221,0.85244,1.18,2.25
2011.03.04 13:52:46.802,0.85221,0.85241,1.18,1.50
2011.03.04 13:52:47.021,0.85218,0.85242,1.18,1.50
2011.03.04 13:52:47.630,0.85219,0.85242,1.18,1.50
2011.03.04 13:52:47.850,0.85218,0.85242,1.18,1.50
2011.03.04 13:52:48.070,0.85219,0.85242,1.18,1.50
2011.03.04 13:52:48.180,0.85221,0.85244,1.18,5.93
2011.03.04 13:52:48.399,0.85223,0.85244,1.18,2.93
2011.03.04 13:52:48.511,0.85223,0.85245,1.93,1.50
2011.03.04 13:52:48.839,0.85226,0.85249,1.18,1.50
2011.03.04 13:52:49.170,0.85228,0.8525,1.93,1.50
2011.03.04 13:52:50.333,0.85228,0.8525,1.93,1.50
2011.03.04 13:52:50.855,0.85234,0.85253,2.60,1.50
2011.03.04 13:52:51.410,0.8523,0.85254,1.18,1.69
2011.03.04 13:52:51.521,0.8523,0.85252,1.18,1.69
2011.03.04 13:52:51.852,0.85226,0.85244,1.18,2.18
2011.03.04 13:52:51.961,0.85224,0.85245,1.18,1.50
2011.03.04 13:52:52.070,0.85222,0.85244,1.18,1.50
2011.03.04 13:52:52.841,0.85224,0.85244,1.18,1.50
2011.03.04 13:52:52.951,0.85224,0.85246,1.18,1.50
2011.03.04 13:52:53.060,0.85226,0.85248,1.18,1.50
2011.03.04 13:52:53.501,0.85225,0.85248,1.18,1.69
2011.03.04 13:52:53.830,0.85225,0.85243,1.18,1.50
2011.03.04 13:52:54.205,0.85226,0.85243,1.18,1.50
2011.03.04 13:52:54.327,0.85226,0.85248,1.18,1.50
2011.03.04 13:52:54.848,0.85226,0.85249,1.18,2.25
2011.03.04 13:52:55.583,0.85229,0.85249,2.93,1.50
2011.03.04 13:52:56.201,0.85229,0.85251,3.35,1.50
2011.03.04 13:52:56.971,0.85231,0.85252,1.69,1.50
2011.03.04 13:52:57.304,0.8523,0.85251,2.93,1.50
2011.03.04 13:52:57.537,0.8523,0.85254,1.18,1.69
2011.03.04 13:52:58.102,0.85224,0.85245,1.18,2.25
2011.03.04 13:52:58.325,0.85224,0.85244,1.18,2.25
2011.03.04 13:52:58.553,0.85226,0.85247,1.18,3.00
2011.03.04 13:52:58.991,0.85225,0.85241,1.18,1.50
2011.03.04 13:52:59.540,0.85224,0.85241,1.18,2.25
2011.03.04 13:52:59.761,0.85221,0.85238,1.93,1.50
2011.03.04 13:52:59.874,0.85221,0.85237,1.18,1.69
2011.03.04 13:52:59.992,0.85213,0.85235,2.11,2.25
2011.03.04 13:53:00.320,0.85213,0.85238,2.86,3.00
2011.03.04 13:53:00.650,0.85218,0.85239,1.93,1.50
2011.03.04 13:53:01.282,0.85219,0.8524,1.18,1.50
2011.03.04 13:53:01.733,0.85225,0.85242,2.18,1.50
2011.03.04 13:53:01.852,0.85221,0.85245,3.35,1.50
2011.03.04 13:53:01.961,0.85221,0.85245,2.60,1.50
2011.03.04 13:53:02.534,0.85221,0.85245,2.60,1.50
2011.03.04 13:53:02.981,0.85219,0.85241,1.18,1.50
2011.03.04 13:53:03.090,0.85219,0.85241,1.18,1.50
2011.03.04 13:53:04.130,0.85219,0.85241,1.18,1.50
2011.03.04 13:53:04.570,0.85221,0.8524,1.18,2.25
2011.03.04 13:53:05.243,0.85222,0.85245,1.18,3.00
2011.03.04 13:53:05.472,0.85219,0.85245,1.93,1.50
2011.03.04 13:53:05.910,0.85221,0.85243,1.18,1.50
2011.03.04 13:53:06.132,0.8522,0.85243,1.18,3.00
2011.03.04 13:53:06.462,0.8522,0.85243,1.18,3.00
2011.03.04 13:53:06.680,0.8522,0.85243,1.18,1.50
2011.03.04 13:53:07.351,0.85221,0.85243,1.18,1.50
2011.03.04 13:53:07.680,0.85221,0.85243,2.79,1.50
2011.03.04 13:53:08.010,0.85221,0.85243,2.79,1.50
2011.03.04 13:53:08.405,0.85221,0.85243,2.60,3.00
2011.03.04 13:53:08.742,0.85218,0.85239,1.18,2.93
2011.03.04 13:53:08.852,0.85218,0.85239,1.18,4.62
2011.03.04 13:53:09.074,0.85216,0.85238,3.54,2.25
2011.03.04 13:53:09.412,0.85217,0.8524,1.18,1.50
2011.03.04 13:53:10.990,0.85217,0.8524,1.18,1.69
2011.03.04 13:53:11.320,0.85217,0.85237,1.18,2.25
2011.03.04 13:53:11.876,0.85217,0.8524,1.18,1.50
2011.03.04 13:53:13.481,0.85217,0.8524,1.36,1.50
2011.03.04 13:53:13.814,0.85219,0.8524,1.18,2.44
2011.03.04 13:53:14.700,0.85219,0.85241,1.18,3.19
2011.03.04 13:53:15.173,0.85219,0.8524,1.18,2.44
2011.03.04 13:53:19.131,0.85219,0.85241,1.18,2.25
2011.03.04 13:53:19.459,0.85219,0.85242,1.18,1.50
2011.03.04 13:53:19.569,0.85217,0.85239,1.18,3.00
2011.03.04 13:53:22.350,0.85217,0.85239,1.18,3.00
2011.03.04 13:53:22.899,0.85217,0.85239,1.18,1.50
2011.03.04 13:53:23.010,0.85217,0.85239,1.18,1.50
2011.03.04 13:53:24.709,0.85217,0.85239,1.18,1.50
2011.03.04 13:53:25.212,0.85217,0.85239,1.18,1.50
2011.03.04 13:53:25.742,0.85217,0.85239,1.18,1.50
2011.03.04 13:53:27.542,0.8522,0.85244,1.18,3.00
2011.03.04 13:53:27.649,0.8522,0.85244,1.18,3.00
2011.03.04 13:53:29.100,0.8522,0.85242,1.18,2.25
2011.03.04 13:53:29.214,0.85217,0.85239,2.68,1.50
2011.03.04 13:53:29.333,0.85217,0.85239,2.68,1.50
2011.03.04 13:53:29.670,0.85217,0.85235,1.50,1.50
2011.03.04 13:53:29.793,0.85212,0.85235,1.36,1.50
2011.03.04 13:53:30.133,0.8521,0.85232,1.36,1.50
2011.03.04 13:53:32.672,0.85208,0.85232,3.35,1.69
2011.03.04 13:53:32.890,0.85208,0.85229,1.18,2.25
2011.03.04 13:53:33.438,0.85208,0.85231,1.18,2.44
2011.03.04 13:53:33.990,0.85207,0.85231,1.18,3.19
2011.03.04 13:53:34.381,0.85204,0.85228,1.36,1.50
2011.03.04 13:53:35.869,0.85204,0.85228,1.36,1.50
2011.03.04 13:53:36.862,0.85204,0.85226,1.18,2.25
2011.03.04 13:53:37.082,0.852,0.85223,1.18,1.50
2011.03.04 13:53:37.190,0.852,0.85223,1.18,1.50
2011.03.04 13:53:37.970,0.852,0.85223,1.18,1.50
2011.03.04 13:53:38.676,0.85197,0.8522,1.18,1.69
2011.03.04 13:53:39.011,0.85197,0.8522,1.18,1.69
2011.03.04 13:53:39.339,0.85197,0.8522,1.18,3.19
2011.03.04 13:53:39.889,0.85197,0.8522,1.18,3.19
2011.03.04 13:53:40.112,0.85197,0.85219,1.18,2.44
2011.03.04 13:53:41.551,0.85197,0.8522,1.18,1.50
2011.03.04 13:53:41.769,0.85197,0.85221,1.18,1.50
2011.03.04 13:53:42.102,0.852,0.85222,1.18,1.69
2011.03.04 13:53:42.325,0.852,0.85217,1.18,2.18
2011.03.04 13:53:43.079,0.852,0.85223,1.18,1.50
2011.03.04 13:53:43.303,0.852,0.85223,1.18,1.50
2011.03.04 13:53:44.044,0.852,0.85223,1.18,1.50
2011.03.04 13:53:45.074,0.85202,0.85225,1.18,2.25
2011.03.04 13:53:45.412,0.85202,0.85226,1.18,3.00
2011.03.04 13:53:45.630,0.85202,0.85226,1.18,3.00
2011.03.04 13:53:47.305,0.85202,0.85223,1.18,2.25
2011.03.04 13:53:47.861,0.85199,0.8522,1.93,2.44
2011.03.04 13:53:48.192,0.85199,0.8522,1.18,2.44
2011.03.04 13:53:48.411,0.85199,0.85223,1.36,1.69
2011.03.04 13:53:48.802,0.85199,0.8522,1.18,1.69
2011.03.04 13:53:50.313,0.85199,0.85223,1.18,1.50
2011.03.04 13:53:50.539,0.85199,0.85225,1.18,2.25
2011.03.04 13:53:51.751,0.85202,0.85225,1.18,1.50
2011.03.04 13:53:52.080,0.85202,0.85224,1.18,2.25
2011.03.04 13:53:52.632,0.85202,0.85224,1.36,2.25
2011.03.04 13:53:52.852,0.85206,0.85232,1.36,1.50
2011.03.04 13:53:53.069,0.85212,0.85233,1.18,2.25
2011.03.04 13:53:53.659,0.85212,0.85235,1.18,1.50
2011.03.04 13:53:54.269,0.85216,0.85238,1.18,4.62
2011.03.04 13:53:54.602,0.85216,0.85238,1.36,3.68
2011.03.04 13:53:55.010,0.85216,0.85243,2.11,2.25
2011.03.04 13:53:55.450,0.85222,0.85244,1.18,1.50
2011.03.04 13:53:55.999,0.85222,0.85244,1.18,3.00
2011.03.04 13:53:56.989,0.85222,0.85242,1.18,2.25
2011.03.04 13:53:57.321,0.85224,0.85243,1.18,2.93
2011.03.04 13:53:57.649,0.85224,0.8524,1.18,2.25
2011.03.04 13:53:58.391,0.85224,0.85245,1.18,2.25
2011.03.04 13:54:00.121,0.85224,0.85246,1.18,2.44
2011.03.04 13:54:00.341,0.85221,0.85244,1.18,3.00
2011.03.04 13:54:01.003,0.85218,0.8524,1.18,1.50
2011.03.04 13:54:01.329,0.85218,0.8524,1.18,1.50
2011.03.04 13:54:01.862,0.85218,0.8524,1.18,1.50
2011.03.04 13:54:03.479,0.85218,0.8524,1.18,1.50
2011.03.04 13:54:04.762,0.85219,0.85242,1.36,1.50
2011.03.04 13:54:04.981,0.85221,0.85244,1.36,1.50
2011.03.04 13:54:06.042,0.85221,0.85244,1.36,1.50
2011.03.04 13:54:06.481,0.85226,0.85244,2.18,1.50
2011.03.04 13:54:07.033,0.85224,0.85247,3.54,1.50
2011.03.04 13:54:07.622,0.85224,0.85247,3.54,1.50
2011.03.04 13:54:10.050,0.85224,0.85247,3.54,1.50
2011.03.04 13:54:10.270,0.85228,0.85252,1.18,3.00
2011.03.04 13:54:10.600,0.85228,0.85252,1.18,1.50
2011.03.04 13:54:11.201,0.85228,0.85252,1.18,1.50
2011.03.04 13:54:12.739,0.85228,0.85252,1.18,1.50
2011.03.04 13:54:13.684,0.85228,0.85252,1.90,3.00
2011.03.04 13:54:13.911,0.85229,0.85252,1.18,1.50
2011.03.04 13:54:14.019,0.8523,0.85252,1.15,1.50
2011.03.04 13:54:14.351,0.8523,0.85252,1.15,1.50
2011.03.04 13:54:15.583,0.85239,0.85252,2.37,1.50
2011.03.04 13:54:15.703,0.85239,0.85259,2.79,1.50
2011.03.04 13:54:16.042,0.85238,0.85265,1.36,3.00
2011.03.04 13:54:16.591,0.85243,0.85264,1.18,2.25
2011.03.04 13:54:19.301,0.85243,0.85262,1.18,1.50
2011.03.04 13:54:20.070,0.8524,0.8526,1.18,2.25
2011.03.04 13:54:20.290,0.8524,0.8526,1.18,2.25
2011.03.04 13:54:20.623,0.85235,0.85252,1.18,2.25
2011.03.04 13:54:20.743,0.85236,0.85258,1.36,1.50
2011.03.04 13:54:22.181,0.85235,0.85258,2.11,1.50
2011.03.04 13:54:22.292,0.85238,0.85258,1.90,1.50
2011.03.04 13:54:22.512,0.85235,0.85255,1.18,1.69
2011.03.04 13:54:22.741,0.85232,0.85255,1.21,3.19
2011.03.04 13:54:22.852,0.85232,0.85254,1.21,2.25
2011.03.04 13:54:23.518,0.85232,0.85254,2.71,2.25
2011.03.04 13:54:23.749,0.85232,0.85254,2.69,2.25
2011.03.04 13:54:23.969,0.85232,0.85254,2.68,2.25
2011.03.04 13:54:24.829,0.85232,0.85254,2.69,2.25
2011.03.04 13:54:25.380,0.85232,0.85254,1.21,2.25
2011.03.04 13:54:25.919,0.85232,0.85255,1.21,3.00
2011.03.04 13:54:26.520,0.85232,0.85254,1.21,2.25
2011.03.04 13:54:29.242,0.85229,0.85256,1.38,3.00
2011.03.04 13:54:29.464,0.8523,0.85252,1.21,1.50
2011.03.04 13:54:29.691,0.8523,0.85252,1.19,3.00
2011.03.04 13:54:31.252,0.8523,0.85252,1.18,3.94
2011.03.04 13:54:31.579,0.85222,0.85245,1.18,1.50
2011.03.04 13:54:31.800,0.85222,0.85243,1.18,2.44
2011.03.04 13:54:32.352,0.85221,0.85243,1.36,2.25
2011.03.04 13:54:32.462,0.8522,0.85243,2.68,2.44
2011.03.04 13:54:33.119,0.8522,0.85244,1.18,2.44
2011.03.04 13:54:34.180,0.8522,0.85244,1.18,3.94
2011.03.04 13:54:34.510,0.85213,0.85236,1.18,4.62
2011.03.04 13:54:34.620,0.85211,0.85236,1.18,4.62
2011.03.04 13:54:35.171,0.8521,0.85236,1.18,6.12
2011.03.04 13:54:35.505,0.85207,0.85231,1.18,3.19
2011.03.04 13:54:35.624,0.85202,0.85227,1.18,1.50
2011.03.04 13:54:35.961,0.85205,0.85224,1.18,2.25
2011.03.04 13:54:37.072,0.85203,0.85225,1.18,1.50
2011.03.04 13:54:37.621,0.85203,0.85225,1.18,1.50
2011.03.04 13:54:38.171,0.85204,0.85225,1.36,1.50
2011.03.04 13:54:38.391,0.85204,0.85225,1.36,1.50
2011.03.04 13:54:39.389,0.85205,0.85227,2.11,1.50
2011.03.04 13:54:39.623,0.85207,0.85228,1.93,1.50
2011.03.04 13:54:39.964,0.8521,0.85231,1.36,1.50
2011.03.04 13:54:40.302,0.85212,0.85232,1.69,2.25
2011.03.04 13:54:40.641,0.85215,0.85239,1.18,2.25
2011.03.04 13:54:40.972,0.8522,0.8524,1.18,2.25
2011.03.04 13:54:41.412,0.85218,0.85233,1.18,2.25
2011.03.04 13:54:41.522,0.85218,0.85236,1.18,2.93
2011.03.04 13:54:41.635,0.85208,0.85233,1.18,2.25
2011.03.04 13:54:41.859,0.85205,0.85229,1.18,3.00
2011.03.04 13:54:42.300,0.85205,0.85227,1.18,2.93
2011.03.04 13:54:43.097,0.85202,0.85224,1.18,3.19
2011.03.04 13:54:43.541,0.85202,0.85224,1.18,3.19
2011.03.04 13:54:43.870,0.85202,0.85222,1.18,2.25
2011.03.04 13:54:43.980,0.85198,0.85222,1.18,1.50
2011.03.04 13:54:45.259,0.85199,0.85222,1.36,1.50
2011.03.04 13:54:45.700,0.852,0.85222,1.18,1.50
2011.03.04 13:54:45.811,0.85201,0.85222,1.69,1.50
2011.03.04 13:54:46.139,0.852,0.85222,1.36,1.50
2011.03.04 13:54:46.800,0.852,0.85222,1.36,1.50
2011.03.04 13:54:46.909,0.85199,0.85222,1.18,1.50
2011.03.04 13:54:47.433,0.85198,0.85224,2.11,1.50
2011.03.04 13:54:47.551,0.85201,0.85222,1.18,2.25
2011.03.04 13:54:47.772,0.85204,0.85221,1.18,1.50
2011.03.04 13:54:48.102,0.8521,0.85233,1.18,1.50
2011.03.04 13:54:48.322,0.85213,0.85233,1.18,1.50
2011.03.04 13:54:48.541,0.85213,0.85236,1.18,3.00
2011.03.04 13:54:48.650,0.85213,0.85236,1.18,1.50
2011.03.04 13:54:48.872,0.85213,0.8524,1.93,1.50
2011.03.04 13:54:49.090,0.85213,0.8524,1.18,1.50
2011.03.04 13:54:49.640,0.85213,0.8524,1.93,1.50
2011.03.04 13:54:50.248,0.85214,0.8524,1.18,1.50
2011.03.04 13:54:50.582,0.85218,0.8524,1.18,1.50
2011.03.04 13:54:51.021,0.85218,0.8524,1.18,1.50
2011.03.04 13:54:51.240,0.85218,0.8524,1.18,1.50
2011.03.04 13:54:51.572,0.85218,0.8524,1.18,1.50
2011.03.04 13:54:53.000,0.85218,0.8524,1.18,1.50
2011.03.04 13:54:53.512,0.8522,0.85244,1.18,3.00
2011.03.04 13:54:54.400,0.8522,0.85243,1.18,2.25
2011.03.04 13:54:54.840,0.8522,0.85244,1.18,1.50
2011.03.04 13:54:55.170,0.8522,0.85244,1.18,1.50
2011.03.04 13:54:55.391,0.8522,0.85244,1.18,1.69
2011.03.04 13:54:55.723,0.8522,0.85243,1.36,2.25
2011.03.04 13:54:55.940,0.85221,0.85244,1.36,1.50
2011.03.04 13:54:56.159,0.8522,0.85244,1.36,1.50
2011.03.04 13:54:57.142,0.8522,0.85244,1.18,3.00
2011.03.04 13:54:57.469,0.8522,0.85244,1.18,1.50
2011.03.04 13:54:58.041,0.8522,0.85244,1.18,1.50
2011.03.04 13:54:58.641,0.8522,0.85242,1.18,2.25
2011.03.04 13:54:58.971,0.8522,0.85243,1.18,2.25
2011.03.04 13:54:59.190,0.8522,0.85244,1.18,3.19
2011.03.04 13:54:59.522,0.8522,0.85241,1.93,2.25
2011.03.04 13:54:59.740,0.8522,0.85244,1.93,1.50
2011.03.04 13:55:00.274,0.8522,0.85244,1.18,3.00
2011.03.04 13:55:00.502,0.8522,0.85244,1.93,3.00
2011.03.04 13:55:01.754,0.85221,0.85244,1.36,1.50
2011.03.04 13:55:01.880,0.8522,0.85243,1.18,2.25
2011.03.04 13:55:02.430,0.8522,0.85242,1.18,2.25
2011.03.04 13:55:03.013,0.8522,0.85242,1.18,2.25
2011.03.04 13:55:03.910,0.8522,0.85242,1.18,2.25
2011.03.04 13:55:04.571,0.8522,0.85241,1.18,2.25
2011.03.04 13:55:04.792,0.8522,0.85242,1.18,2.25
2011.03.04 13:55:04.903,0.85216,0.85239,1.36,1.50
2011.03.04 13:55:05.013,0.85218,0.85239,1.36,1.50
2011.03.04 13:55:05.971,0.85219,0.85239,1.18,1.50
2011.03.04 13:55:06.303,0.85219,0.85239,4.29,1.50
2011.03.04 13:55:06.531,0.85222,0.85245,1.36,2.25
2011.03.04 13:55:07.189,0.85222,0.85247,2.11,2.25
2011.03.04 13:55:07.519,0.85224,0.85247,1.18,3.00
2011.03.04 13:55:08.072,0.85221,0.85245,1.18,2.44
2011.03.04 13:55:08.292,0.85218,0.85239,1.36,2.25
2011.03.04 13:55:08.510,0.85218,0.8524,1.36,2.25
2011.03.04 13:55:08.744,0.85218,0.8524,1.36,2.25
2011.03.04 13:55:09.284,0.85218,0.85241,2.11,1.50
2011.03.04 13:55:09.850,0.85218,0.85241,1.18,1.50
2011.03.04 13:55:10.439,0.85219,0.85241,1.18,1.50
2011.03.04 13:55:10.550,0.8522,0.85242,1.18,1.50
2011.03.04 13:55:10.881,0.8522,0.85236,1.18,1.50
2011.03.04 13:55:11.211,0.85207,0.85231,1.36,1.50
2011.03.04 13:55:11.651,0.8521,0.85231,2.93,2.25
2011.03.04 13:55:11.872,0.85213,0.85234,1.18,1.50
2011.03.04 13:55:12.520,0.85216,0.85237,1.18,2.25
2011.03.04 13:55:12.630,0.85216,0.8524,1.18,1.50
2011.03.04 13:55:12.743,0.85216,0.85241,1.36,3.00
2011.03.04 13:55:12.861,0.85221,0.85243,1.69,1.50
2011.03.04 13:55:13.082,0.85221,0.85243,2.93,1.50
2011.03.04 13:55:13.623,0.8522,0.85243,1.18,1.50
2011.03.04 13:55:14.072,0.8522,0.85243,1.36,1.50
2011.03.04 13:55:14.401,0.85222,0.85242,1.18,1.50
2011.03.04 13:55:14.949,0.85222,0.85242,1.18,1.50
2011.03.04 13:55:17.172,0.85222,0.85242,1.18,1.50
2011.03.04 13:55:17.500,0.85219,0.85242,1.18,1.50
2011.03.04 13:55:17.610,0.85219,0.85242,1.18,1.50
2011.03.04 13:55:17.829,0.85219,0.85242,1.18,1.50
2011.03.04 13:55:18.051,0.85219,0.8524,1.18,1.50
2011.03.04 13:55:18.381,0.85216,0.85232,1.18,1.69
2011.03.04 13:55:18.492,0.85203,0.85224,1.18,1.50
2011.03.04 13:55:18.602,0.85204,0.85226,1.18,1.50
2011.03.04 13:55:18.711,0.85204,0.85227,1.18,1.50
2011.03.04 13:55:18.822,0.85204,0.85227,1.18,1.50
2011.03.04 13:55:19.152,0.85207,0.85228,1.18,1.50
2011.03.04 13:55:19.678,0.85207,0.8523,1.18,1.50
2011.03.04 13:55:19.782,0.85208,0.8523,1.18,1.50
2011.03.04 13:55:20.111,0.85207,0.8523,1.18,3.00
2011.03.04 13:55:20.333,0.85206,0.85227,1.18,2.25
2011.03.04 13:55:20.454,0.85205,0.85228,1.18,1.50
2011.03.04 13:55:20.962,0.85207,0.85229,1.18,1.50
2011.03.04 13:55:21.291,0.85211,0.85237,1.18,1.50
2011.03.04 13:55:22.541,0.85213,0.85237,1.18,1.50
2011.03.04 13:55:22.871,0.85213,0.85237,1.18,1.50
2011.03.04 13:55:23.421,0.85208,0.85228,1.18,3.12
2011.03.04 13:55:23.532,0.85205,0.8523,1.18,3.87
2011.03.04 13:55:23.640,0.85205,0.8523,1.18,3.87
2011.03.04 13:55:23.972,0.85196,0.85217,1.18,1.69
2011.03.04 13:55:24.304,0.85196,0.85218,1.93,4.43
2011.03.04 13:55:24.640,0.852,0.85221,1.18,3.12
2011.03.04 13:55:26.120,0.852,0.85222,1.18,1.50
2011.03.04 13:55:26.924,0.852,0.85222,1.18,1.69
2011.03.04 13:55:27.263,0.852,0.85217,1.18,1.69
2011.03.04 13:55:27.483,0.85191,0.8521,1.18,1.69
2011.03.04 13:55:27.711,0.85188,0.85211,1.93,2.93
2011.03.04 13:55:27.820,0.85189,0.85211,1.18,2.18
2011.03.04 13:55:27.934,0.85189,0.85214,1.18,3.00
2011.03.04 13:55:28.050,0.85189,0.85213,1.18,1.69
2011.03.04 13:55:28.380,0.85192,0.85213,1.93,2.44
2011.03.04 13:55:28.711,0.85194,0.85213,1.18,1.50
2011.03.04 13:55:29.962,0.85192,0.85216,1.18,2.93
2011.03.04 13:55:30.512,0.85193,0.85214,1.18,1.50
2011.03.04 13:55:30.854,0.85193,0.85214,1.93,1.50
2011.03.04 13:55:31.192,0.85197,0.85218,1.18,2.25
2011.03.04 13:55:31.740,0.85195,0.85217,1.18,2.93
2011.03.04 13:55:32.773,0.85195,0.85218,1.18,3.00
2011.03.04 13:55:33.210,0.85195,0.85213,1.18,2.25
2011.03.04 13:55:33.542,0.85195,0.85213,1.18,1.50
2011.03.04 13:55:33.775,0.85195,0.85215,1.18,2.25
2011.03.04 13:55:34.221,0.85195,0.85212,1.93,2.44
2011.03.04 13:55:34.982,0.85188,0.85211,1.18,2.44
2011.03.04 13:55:35.097,0.8519,0.85211,1.18,1.69
2011.03.04 13:55:35.322,0.85188,0.85211,1.93,2.44
2011.03.04 13:55:35.871,0.85189,0.85213,1.18,3.94
2011.03.04 13:55:36.203,0.85188,0.85211,1.18,3.12
2011.03.04 13:55:36.771,0.85186,0.8521,1.18,1.50
2011.03.04 13:55:37.610,0.85186,0.85206,1.18,1.69
2011.03.04 13:55:37.831,0.85183,0.85205,1.18,1.69
2011.03.04 13:55:37.939,0.85181,0.85205,1.93,1.69
2011.03.04 13:55:38.052,0.85181,0.85201,1.18,1.69
2011.03.04 13:55:38.599,0.85178,0.85199,1.18,1.50
2011.03.04 13:55:39.011,0.85177,0.85197,1.18,1.50
2011.03.04 13:55:39.134,0.8517,0.85185,1.18,1.69
2011.03.04 13:55:39.250,0.85167,0.85185,1.18,1.69
2011.03.04 13:55:39.473,0.85167,0.85187,2.11,2.25
2011.03.04 13:55:39.592,0.85167,0.85189,2.11,1.50
2011.03.04 13:55:39.700,0.85172,0.85191,1.18,1.69
2011.03.04 13:55:40.033,0.85172,0.85193,1.18,2.93
2011.03.04 13:55:40.361,0.85176,0.85198,1.36,1.50
2011.03.04 13:55:40.581,0.85177,0.85202,1.18,1.69
2011.03.04 13:55:41.131,0.8518,0.85202,1.18,1.69
2011.03.04 13:55:41.351,0.8518,0.85202,1.18,1.69
2011.03.04 13:55:41.681,0.8518,0.85198,1.18,3.68
2011.03.04 13:55:42.011,0.85175,0.85194,1.18,1.50
2011.03.04 13:55:42.498,0.85176,0.85194,1.18,1.50
2011.03.04 13:55:43.049,0.85176,0.85197,1.18,4.43
2011.03.04 13:55:43.581,0.85172,0.85192,1.18,3.12
2011.03.04 13:55:44.270,0.85172,0.85192,1.18,3.12
2011.03.04 13:55:44.801,0.85172,0.85192,1.18,3.12
2011.03.04 13:55:45.019,0.85169,0.85192,1.18,3.87
2011.03.04 13:55:45.461,0.8517,0.85192,1.18,1.50
2011.03.04 13:55:46.051,0.85174,0.85194,1.18,1.69
2011.03.04 13:55:46.381,0.85171,0.85194,2.11,1.50
2011.03.04 13:55:46.820,0.8517,0.85192,1.18,1.50
2011.03.04 13:55:47.260,0.85168,0.85192,1.93,1.50
2011.03.04 13:55:47.652,0.85168,0.85192,1.18,1.50
2011.03.04 13:55:47.760,0.85169,0.85192,1.18,1.50
2011.03.04 13:55:48.091,0.8517,0.85192,1.36,3.00
2011.03.04 13:55:48.311,0.8517,0.85193,1.18,3.00
2011.03.04 13:55:48.534,0.85168,0.85189,1.36,2.93
2011.03.04 13:55:48.760,0.85168,0.85192,1.18,1.50
2011.03.04 13:55:49.782,0.85168,0.8519,1.18,2.25
2011.03.04 13:55:50.188,0.8516,0.85183,1.55,1.50
2011.03.04 13:55:50.412,0.85162,0.85179,1.13,1.50
2011.03.04 13:55:50.630,0.85162,0.85179,1.13,1.50
2011.03.04 13:55:52.171,0.85157,0.85173,1.13,1.50
2011.03.04 13:55:52.499,0.85148,0.8517,1.13,2.25
2011.03.04 13:55:52.830,0.85146,0.85167,1.55,1.50
2011.03.04 13:55:54.732,0.85147,0.85168,1.18,1.50
2011.03.04 13:55:54.949,0.85147,0.85168,1.18,1.50
2011.03.04 13:55:55.280,0.85147,0.85163,1.18,1.50
2011.03.04 13:55:55.390,0.85145,0.85163,1.18,2.25
2011.03.04 13:55:55.500,0.8514,0.85159,1.18,1.69
2011.03.04 13:55:55.612,0.85139,0.85159,1.18,4.62
2011.03.04 13:55:56.160,0.85136,0.85158,1.18,1.69
2011.03.04 13:55:56.980,0.85136,0.85159,1.18,3.87
2011.03.04 13:55:57.091,0.85136,0.85155,1.18,2.18
2011.03.04 13:55:57.420,0.85131,0.85153,1.50,1.69
2011.03.04 13:55:58.354,0.85137,0.85151,1.18,1.50
2011.03.04 13:55:58.477,0.85139,0.85165,1.36,1.50
2011.03.04 13:55:58.590,0.85139,0.85166,1.36,3.00
2011.03.04 13:55:59.144,0.85145,0.85165,1.18,1.69
2011.03.04 13:55:59.260,0.85145,0.85167,1.18,3.00
2011.03.04 13:55:59.483,0.85141,0.85163,1.18,1.50
2011.03.04 13:56:00.152,0.85141,0.85163,1.18,1.50
2011.03.04 13:56:00.369,0.85141,0.85162,1.18,1.50
2011.03.04 13:56:01.359,0.85141,0.85163,1.18,3.00
2011.03.04 13:56:01.579,0.85146,0.85163,1.18,1.50
2011.03.04 13:56:02.670,0.85144,0.85168,1.93,1.50
2011.03.04 13:56:03.000,0.85141,0.85165,1.18,1.50
2011.03.04 13:56:03.111,0.85141,0.85167,1.18,3.75
2011.03.04 13:56:03.441,0.85146,0.85171,1.18,1.50
2011.03.04 13:56:04.539,0.85149,0.85171,1.18,1.50
2011.03.04 13:56:05.019,0.85149,0.85171,1.18,1.50
2011.03.04 13:56:07.342,0.85149,0.85171,1.18,1.50
2011.03.04 13:56:07.673,0.85152,0.85178,1.50,1.50
2011.03.04 13:56:07.792,0.85155,0.85181,1.18,2.25
2011.03.04 13:56:07.901,0.85155,0.85181,1.18,2.25
2011.03.04 13:56:08.344,0.85156,0.85179,1.18,1.50
2011.03.04 13:56:08.460,0.85155,0.85175,1.18,1.50
2011.03.04 13:56:09.010,0.85153,0.85175,1.18,1.50
2011.03.04 13:56:10.451,0.85155,0.85177,1.18,1.50
2011.03.04 13:56:11.871,0.85155,0.85175,1.18,1.69
2011.03.04 13:56:11.981,0.85149,0.85168,3.43,1.69
2011.03.04 13:56:12.310,0.85149,0.85166,1.18,2.18
2011.03.04 13:56:12.422,0.85149,0.85173,1.18,3.00
2011.03.04 13:56:12.529,0.85149,0.85173,1.18,2.25
2011.03.04 13:56:12.963,0.85149,0.85173,1.18,2.25
2011.03.04 13:56:13.588,0.85149,0.85173,1.18,2.25
2011.03.04 13:56:14.130,0.85149,0.85173,1.18,2.25
2011.03.04 13:56:14.681,0.85152,0.85174,1.18,1.69
2011.03.04 13:56:15.700,0.85152,0.85174,1.18,1.69
2011.03.04 13:56:16.391,0.85151,0.85173,1.18,1.50
2011.03.04 13:56:16.911,0.85149,0.8517,1.18,1.50
2011.03.04 13:56:17.240,0.85149,0.85172,1.18,1.50
2011.03.04 13:56:18.761,0.85149,0.85171,1.18,1.50
2011.03.04 13:56:19.640,0.85152,0.8517,1.18,2.18
2011.03.04 13:56:20.331,0.85146,0.8517,1.18,2.18
2011.03.04 13:56:20.660,0.85146,0.85168,1.18,1.50
2011.03.04 13:56:21.170,0.85147,0.85169,1.18,3.00
2011.03.04 13:56:21.500,0.85145,0.85167,1.18,2.44
2011.03.04 13:56:21.612,0.85144,0.85159,1.18,1.50
2011.03.04 13:56:22.052,0.8514,0.8516,1.18,2.25
2011.03.04 13:56:22.614,0.8514,0.8516,1.18,1.50
2011.03.04 13:56:23.062,0.85138,0.8516,1.50,4.62
2011.03.04 13:56:23.580,0.85137,0.8516,1.18,3.87
2011.03.04 13:56:24.130,0.85137,0.8516,1.18,3.87
2011.03.04 13:56:24.350,0.85137,0.85157,1.18,2.37
2011.03.04 13:56:24.460,0.85137,0.85157,1.18,2.18
2011.03.04 13:56:24.569,0.85137,0.85153,1.18,1.50
2011.03.04 13:56:24.679,0.85137,0.85158,1.18,1.50
2011.03.04 13:56:24.791,0.85137,0.85157,1.18,1.77
2011.03.04 13:56:24.900,0.85136,0.85155,1.18,1.69
2011.03.04 13:56:25.012,0.85135,0.85151,1.50,2.93
2011.03.04 13:56:25.122,0.85129,0.85151,1.18,3.00
2011.03.04 13:56:25.533,0.85129,0.85147,1.18,1.50
2011.03.04 13:56:25.979,0.85129,0.85146,1.18,1.50
2011.03.04 13:56:26.550,0.85129,0.85146,1.18,1.50
2011.03.04 13:56:26.660,0.85129,0.85148,1.18,1.50
2011.03.04 13:56:27.251,0.85129,0.85151,1.18,2.25
2011.03.04 13:56:27.583,0.85131,0.85147,1.50,1.50
2011.03.04 13:56:27.911,0.85133,0.85149,1.69,1.50
2011.03.04 13:56:28.311,0.85138,0.85159,1.18,3.00
2011.03.04 13:56:28.640,0.85141,0.85158,1.18,1.50
2011.03.04 13:56:28.860,0.85141,0.85162,1.18,2.25
2011.03.04 13:56:28.970,0.85142,0.85162,1.18,2.25
2011.03.04 13:56:29.080,0.85142,0.85161,1.18,3.12
2011.03.04 13:56:29.192,0.85142,0.85161,1.18,2.18
2011.03.04 13:56:29.410,0.85142,0.85163,1.18,1.50
2011.03.04 13:56:29.989,0.85142,0.85164,1.18,1.69
2011.03.04 13:56:30.489,0.85142,0.85166,1.18,3.19
2011.03.04 13:56:30.710,0.85142,0.85164,1.18,1.69
2011.03.04 13:56:30.930,0.85142,0.8516,1.18,2.37
2011.03.04 13:56:31.260,0.85142,0.8516,1.18,2.18
2011.03.04 13:56:31.481,0.85142,0.85164,1.18,3.00
2011.03.04 13:56:32.220,0.85142,0.85164,1.18,1.50
2011.03.04 13:56:33.481,0.85145,0.85166,1.18,1.50
2011.03.04 13:56:34.311,0.85146,0.85169,1.18,1.69
2011.03.04 13:56:34.859,0.85146,0.85169,1.18,3.94
2011.03.04 13:56:35.411,0.85146,0.85169,1.18,3.94
2011.03.04 13:56:37.323,0.85146,0.85169,1.18,3.19
2011.03.04 13:56:39.841,0.85143,0.85166,1.93,1.69
2011.03.04 13:56:39.950,0.85143,0.85166,1.18,1.69
2011.03.04 13:56:40.941,0.85143,0.85163,1.18,4.50
2011.03.04 13:56:41.163,0.85139,0.85161,1.18,1.50
2011.03.04 13:56:41.271,0.8514,0.85162,1.18,1.50
2011.03.04 13:56:41.599,0.85143,0.85163,1.18,2.25
2011.03.04 13:56:42.286,0.85144,0.85163,1.18,1.50
2011.03.04 13:56:43.013,0.85145,0.85163,1.18,1.50
2011.03.04 13:56:43.233,0.85143,0.85163,1.18,2.25
2011.03.04 13:56:43.531,0.85141,0.85163,1.18,2.25
2011.03.04 13:56:43.646,0.85141,0.85163,1.18,1.50
2011.03.04 13:56:43.980,0.85144,0.85163,1.18,1.50
2011.03.04 13:56:45.224,0.85145,0.85166,1.18,1.50
2011.03.04 13:56:45.453,0.85145,0.85166,1.18,1.50
2011.03.04 13:56:45.559,0.85145,0.85167,1.18,1.50
2011.03.04 13:56:46.139,0.85144,0.85167,1.18,2.44
2011.03.04 13:56:46.362,0.85144,0.85165,1.18,1.69
2011.03.04 13:56:47.295,0.85144,0.85163,1.18,1.50
2011.03.04 13:56:49.065,0.85144,0.85166,1.18,2.44
2011.03.04 13:56:49.302,0.85142,0.85165,1.93,1.77
2011.03.04 13:56:49.522,0.85142,0.85163,1.93,4.69
2011.03.04 13:56:50.071,0.85141,0.85163,1.18,3.12
2011.03.04 13:56:51.461,0.8514,0.85163,1.18,2.93
2011.03.04 13:56:51.683,0.85142,0.85164,1.18,2.25
2011.03.04 13:56:51.801,0.85142,0.85165,1.93,1.50
2011.03.04 13:56:52.240,0.85144,0.85168,1.18,1.50
2011.03.04 13:56:52.683,0.85143,0.85169,1.18,2.44
2011.03.04 13:56:52.806,0.85141,0.85164,1.18,1.50
2011.03.04 13:56:52.924,0.85137,0.85155,1.93,1.50
2011.03.04 13:56:53.043,0.85131,0.85155,1.18,2.25
2011.03.04 13:56:53.262,0.8513,0.85149,1.18,2.25
2011.03.04 13:56:54.031,0.85126,0.85146,1.18,1.50
2011.03.04 13:56:54.251,0.85126,0.85149,1.18,3.00
2011.03.04 13:56:54.671,0.85126,0.85147,1.18,2.25
2011.03.04 13:56:55.221,0.85126,0.85147,1.18,2.25
2011.03.04 13:56:55.551,0.85126,0.85144,1.18,1.50
2011.03.04 13:56:56.084,0.85126,0.85144,1.18,1.50
2011.03.04 13:56:56.411,0.85125,0.85144,1.18,3.94
2011.03.04 13:56:56.521,0.85123,0.85136,1.18,1.50
2011.03.04 13:56:56.742,0.85116,0.85136,1.93,2.25
2011.03.04 13:56:56.853,0.85116,0.85131,1.50,1.50
2011.03.04 13:56:57.567,0.85115,0.85131,1.18,1.50
2011.03.04 13:56:57.685,0.85115,0.85133,1.18,1.50
2011.03.04 13:56:58.235,0.85115,0.85134,1.18,1.50
2011.03.04 13:56:59.102,0.85115,0.85134,1.18,1.50
2011.03.04 13:56:59.650,0.85115,0.85137,1.18,3.00
2011.03.04 13:57:00.201,0.85115,0.85136,1.18,2.25
2011.03.04 13:57:00.752,0.85113,0.85133,1.50,2.44
2011.03.04 13:57:00.864,0.85111,0.85133,1.18,1.69
2011.03.04 13:57:01.542,0.85111,0.85133,1.18,1.69
2011.03.04 13:57:03.822,0.85108,0.85131,1.18,2.25
2011.03.04 13:57:04.162,0.85108,0.85131,1.18,1.50
2011.03.04 13:57:04.491,0.85108,0.85131,1.18,1.50
2011.03.04 13:57:05.261,0.85108,0.85131,1.18,1.50
2011.03.04 13:57:08.050,0.85108,0.85131,1.18,1.50
2011.03.04 13:57:08.710,0.85108,0.85131,1.18,1.50
2011.03.04 13:57:08.932,0.85111,0.85133,1.18,1.50
2011.03.04 13:57:09.044,0.85111,0.85137,1.18,1.50
2011.03.04 13:57:09.834,0.85118,0.8514,1.18,1.50
2011.03.04 13:57:09.951,0.85115,0.85138,1.18,1.50
2011.03.04 13:57:10.522,0.85115,0.85136,1.18,1.50
2011.03.04 13:57:12.192,0.85115,0.85138,1.18,2.25
2011.03.04 13:57:12.413,0.85119,0.85141,1.18,2.25
2011.03.04 13:57:12.850,0.85119,0.85139,1.18,1.02
2011.03.04 13:57:12.962,0.85117,0.85137,1.18,1.02
2011.03.04 13:57:13.072,0.8511,0.85133,1.18,1.50
2011.03.04 13:57:13.294,0.85107,0.85132,1.18,1.50
2011.03.04 13:57:13.849,0.85107,0.85132,1.18,1.50
2011.03.04 13:57:15.099,0.85107,0.85132,1.18,1.50
2011.03.04 13:57:15.539,0.85108,0.8513,1.18,1.50
2011.03.04 13:57:16.090,0.85108,0.85131,1.18,2.25
2011.03.04 13:57:17.850,0.85108,0.85131,1.18,1.50
2011.03.04 13:57:19.941,0.85107,0.85133,1.18,3.00
2011.03.04 13:57:21.711,0.85107,0.85133,1.18,3.00
2011.03.04 13:57:24.201,0.85107,0.85128,1.18,1.50
2011.03.04 13:57:24.422,0.85103,0.85128,1.18,1.69
2011.03.04 13:57:24.751,0.85104,0.85122,1.18,1.65
2011.03.04 13:57:24.972,0.85104,0.85124,1.18,1.50
2011.03.04 13:57:25.082,0.85101,0.85122,1.18,1.50
2011.03.04 13:57:25.192,0.85104,0.85125,1.18,1.50
2011.03.04 13:57:26.081,0.85103,0.85126,1.18,2.25
2011.03.04 13:57:26.620,0.85103,0.85126,1.18,1.50
2011.03.04 13:57:26.842,0.85104,0.85124,1.18,1.50
2011.03.04 13:57:28.823,0.851,0.85123,1.18,1.50
2011.03.04 13:57:28.931,0.851,0.85123,1.18,1.50
2011.03.04 13:57:30.120,0.851,0.85123,1.18,1.50
2011.03.04 13:57:30.451,0.851,0.85123,1.18,1.50
2011.03.04 13:57:31.631,0.851,0.85123,1.18,1.50
2011.03.04 13:57:33.180,0.85102,0.85124,1.18,2.25
2011.03.04 13:57:34.631,0.85102,0.85124,1.18,1.50
2011.03.04 13:57:35.401,0.85102,0.85123,1.18,1.50
2011.03.04 13:57:36.682,0.85102,0.85123,1.18,1.50
2011.03.04 13:57:37.014,0.85106,0.85128,1.18,1.50
2011.03.04 13:57:37.573,0.85106,0.85128,1.18,1.50
2011.03.04 13:57:38.121,0.85106,0.85128,1.18,1.50
2011.03.04 13:57:40.743,0.85106,0.85128,1.18,1.50
2011.03.04 13:57:41.833,0.85106,0.85128,1.18,1.50
2011.03.04 13:57:42.383,0.85104,0.85123,1.18,2.25
2011.03.04 13:57:43.193,0.85104,0.85122,1.18,1.50
2011.03.04 13:57:44.500,0.85102,0.85123,1.93,2.25
2011.03.04 13:57:44.833,0.85101,0.85121,1.18,1.69
2011.03.04 13:57:47.532,0.85101,0.85121,1.18,1.69
2011.03.04 13:57:48.833,0.85101,0.85121,1.18,1.69
2011.03.04 13:57:49.226,0.85105,0.85124,1.18,1.50
2011.03.04 13:57:49.563,0.85107,0.85129,1.18,2.44
2011.03.04 13:57:50.551,0.85107,0.8513,1.18,2.44
2011.03.04 13:57:51.116,0.85107,0.85129,1.18,2.44
2011.03.04 13:57:52.070,0.85109,0.85132,1.93,3.19
2011.03.04 13:57:52.291,0.85105,0.85128,1.18,1.50
2011.03.04 13:57:52.621,0.85109,0.85131,1.50,1.50
2011.03.04 13:57:52.951,0.8511,0.85134,1.36,3.75
2011.03.04 13:57:53.509,0.8511,0.85133,1.18,1.50
2011.03.04 13:57:54.059,0.8511,0.85134,1.36,3.75
2011.03.04 13:57:54.940,0.8511,0.85132,1.18,1.50
2011.03.04 13:57:55.050,0.8511,0.85133,1.18,1.50
2011.03.04 13:57:55.711,0.85111,0.85132,1.18,1.50
2011.03.04 13:57:55.931,0.85107,0.85131,1.18,2.25
2011.03.04 13:57:56.151,0.85107,0.85131,1.18,1.50
2011.03.04 13:57:56.370,0.85111,0.85133,1.18,1.50
2011.03.04 13:57:56.810,0.85111,0.85131,1.18,1.50
2011.03.04 13:57:57.251,0.85111,0.85134,1.18,5.25
2011.03.04 13:57:57.472,0.85115,0.85133,1.69,2.25
2011.03.04 13:57:58.533,0.85117,0.85138,2.25,1.50
2011.03.04 13:57:59.091,0.85117,0.85138,2.44,1.50
2011.03.04 13:57:59.832,0.85117,0.85138,2.25,2.44
2011.03.04 13:58:00.053,0.85116,0.85138,1.69,1.50
2011.03.04 13:58:00.384,0.85119,0.85142,1.18,3.00
2011.03.04 13:58:01.852,0.85119,0.85141,1.18,1.50
2011.03.04 13:58:02.072,0.85119,0.85139,1.18,1.69
2011.03.04 13:58:02.510,0.85116,0.85137,2.25,1.50
2011.03.04 13:58:03.170,0.85115,0.85138,1.36,2.25
2011.03.04 13:58:03.720,0.85117,0.85138,2.25,1.50
2011.03.04 13:58:04.490,0.85118,0.8514,1.18,1.50
2011.03.04 13:58:05.170,0.85121,0.85143,1.18,3.75
2011.03.04 13:58:05.282,0.85121,0.85143,1.18,3.00
2011.03.04 13:58:05.505,0.85121,0.85143,1.18,2.44
2011.03.04 13:58:05.843,0.85114,0.85136,2.68,1.69
2011.03.04 13:58:06.073,0.85114,0.85131,1.93,1.69
2011.03.04 13:58:06.182,0.85114,0.85131,1.50,1.69
2011.03.04 13:58:06.693,0.85108,0.85131,1.18,1.69
2011.03.04 13:58:07.964,0.85111,0.85133,1.18,3.00
2011.03.04 13:58:08.081,0.85112,0.85133,1.18,2.25
2011.03.04 13:58:08.673,0.85112,0.85133,1.18,1.50
2011.03.04 13:58:09.220,0.85112,0.85133,1.18,3.12
2011.03.04 13:58:10.484,0.85112,0.85133,1.18,4.62
2011.03.04 13:58:10.930,0.85112,0.85134,1.18,3.00
2011.03.04 13:58:11.731,0.85112,0.85134,1.18,3.00
2011.03.04 13:58:11.951,0.85112,0.85134,1.18,2.25
2011.03.04 13:58:12.503,0.85112,0.85134,1.18,1.50
2011.03.04 13:58:13.027,0.85115,0.85137,1.18,1.69
2011.03.04 13:58:13.137,0.85115,0.85136,1.18,1.69
2011.03.04 13:58:13.252,0.85111,0.85133,1.18,3.87
2011.03.04 13:58:13.801,0.85111,0.85132,1.18,1.69
2011.03.04 13:58:13.911,0.85111,0.85132,1.18,2.44
2011.03.04 13:58:14.023,0.85111,0.85132,1.18,3.19
2011.03.04 13:58:14.134,0.85107,0.85128,1.93,1.69
2011.03.04 13:58:14.251,0.85107,0.85127,1.18,2.44
2011.03.04 13:58:14.802,0.85107,0.85129,1.18,1.50
2011.03.04 13:58:15.712,0.85107,0.8513,1.18,1.69
2011.03.04 13:58:16.043,0.85111,0.85131,1.18,2.25
2011.03.04 13:58:16.679,0.85111,0.85131,1.18,2.44
2011.03.04 13:58:17.730,0.85111,0.85133,1.18,5.18
2011.03.04 13:58:18.431,0.85111,0.85133,1.18,2.25
2011.03.04 13:58:19.101,0.85111,0.85133,1.18,3.00
2011.03.04 13:58:20.632,0.85111,0.85132,1.18,1.50
2011.03.04 13:58:21.181,0.85109,0.85131,1.18,1.50
2011.03.04 13:58:21.730,0.85111,0.85133,1.18,3.19
2011.03.04 13:58:22.270,0.85111,0.85132,1.18,1.69
2011.03.04 13:58:22.843,0.85111,0.85131,1.36,1.50
2011.03.04 13:58:22.962,0.85111,0.85133,1.36,2.25
2011.03.04 13:58:23.183,0.85114,0.85135,1.18,1.69
2011.03.04 13:58:23.300,0.85113,0.85134,1.18,1.69
2011.03.04 13:58:23.521,0.85114,0.85136,1.18,2.44
2011.03.04 13:58:24.071,0.85114,0.85135,1.18,1.50
2011.03.04 13:58:24.731,0.85114,0.85135,1.18,1.50
2011.03.04 13:58:25.612,0.85114,0.85136,1.18,1.50
2011.03.04 13:58:25.835,0.85114,0.85132,1.18,1.50
2011.03.04 13:58:26.152,0.85114,0.85136,1.18,1.50
2011.03.04 13:58:27.460,0.85113,0.85134,1.36,1.50
2011.03.04 13:58:28.233,0.85114,0.85137,1.18,1.50
2011.03.04 13:58:28.563,0.85118,0.85137,1.18,1.50
2011.03.04 13:58:28.890,0.85114,0.85136,1.18,1.50
2011.03.04 13:58:29.000,0.85114,0.85136,1.18,1.50
2011.03.04 13:58:29.330,0.85114,0.85136,1.18,1.50
2011.03.04 13:58:29.765,0.85112,0.85136,1.93,1.50
2011.03.04 13:58:30.381,0.85113,0.85136,1.18,1.50
2011.03.04 13:58:30.832,0.85112,0.85133,1.18,2.93
2011.03.04 13:58:31.053,0.85112,0.85133,1.93,2.93
2011.03.04 13:58:31.600,0.85113,0.85134,1.18,2.25
2011.03.04 13:58:32.210,0.85114,0.85136,1.18,1.69
2011.03.04 13:58:32.770,0.85113,0.85136,1.18,1.69
2011.03.04 13:58:33.220,0.85114,0.85137,1.18,1.69
2011.03.04 13:58:33.880,0.85114,0.85138,1.18,2.25
2011.03.04 13:58:34.101,0.85114,0.85136,1.18,1.50
2011.03.04 13:58:35.155,0.85114,0.85138,1.18,2.25
2011.03.04 13:58:35.492,0.85114,0.85138,1.36,2.25
2011.03.04 13:58:36.130,0.85114,0.85136,1.36,1.50
2011.03.04 13:58:36.240,0.85114,0.85136,1.36,1.50
2011.03.04 13:58:36.351,0.85114,0.85138,1.36,1.50
2011.03.04 13:58:36.852,0.85114,0.85136,1.36,1.50
2011.03.04 13:58:37.140,0.85114,0.85138,1.36,2.25
2011.03.04 13:58:37.730,0.85114,0.85137,1.36,1.50
2011.03.04 13:58:37.841,0.85114,0.85137,1.36,1.50
2011.03.04 13:58:38.378,0.85114,0.85136,1.36,1.50
2011.03.04 13:58:38.872,0.85114,0.85138,1.36,1.50
2011.03.04 13:58:39.200,0.85114,0.85138,1.36,1.50
2011.03.04 13:58:39.762,0.85114,0.85138,1.36,1.50
2011.03.04 13:58:39.871,0.85114,0.85138,1.36,1.50
2011.03.04 13:58:39.985,0.85111,0.85133,1.18,1.50
2011.03.04 13:58:40.320,0.85111,0.85134,2.11,1.50
2011.03.04 13:58:40.432,0.85111,0.85137,2.11,3.75
2011.03.04 13:58:40.980,0.85116,0.85137,1.18,2.25
2011.03.04 13:58:41.651,0.85118,0.85137,1.18,1.50
2011.03.04 13:58:41.761,0.85119,0.85139,1.18,1.50
2011.03.04 13:58:41.873,0.8512,0.85143,1.18,2.25
2011.03.04 13:58:42.092,0.85123,0.85148,1.18,3.00
2011.03.04 13:58:42.422,0.85123,0.85148,1.18,1.50
2011.03.04 13:58:42.750,0.85121,0.85146,1.93,3.00
2011.03.04 13:58:42.860,0.85122,0.85143,1.18,1.50
2011.03.04 13:58:44.302,0.85129,0.85152,1.18,1.50
2011.03.04 13:58:44.413,0.85129,0.85152,1.18,2.25
2011.03.04 13:58:44.630,0.85129,0.85152,1.18,1.50
2011.03.04 13:58:44.961,0.85134,0.85154,1.18,2.25
2011.03.04 13:58:45.181,0.85129,0.85154,1.18,1.50
2011.03.04 13:58:45.621,0.8513,0.85153,1.18,3.00
2011.03.04 13:58:45.951,0.85127,0.8515,1.18,1.50
2011.03.04 13:58:46.614,0.85133,0.85153,1.18,1.50
2011.03.04 13:58:46.841,0.85134,0.85155,1.18,1.50
2011.03.04 13:58:47.994,0.85133,0.85155,1.18,1.50
2011.03.04 13:58:48.334,0.85127,0.85151,2.68,1.69
2011.03.04 13:58:48.455,0.85129,0.85151,1.18,2.44
2011.03.04 13:58:49.010,0.85129,0.85151,1.18,2.44
2011.03.04 13:58:52.241,0.85129,0.85151,1.18,2.44
2011.03.04 13:58:52.682,0.85129,0.85151,1.18,2.44
2011.03.04 13:58:53.231,0.85132,0.85153,1.18,1.50
2011.03.04 13:58:53.451,0.85133,0.85154,1.36,2.25
2011.03.04 13:58:54.120,0.85133,0.85155,1.18,1.50
2011.03.04 13:58:54.792,0.85131,0.85155,1.18,1.50
2011.03.04 13:58:55.010,0.85133,0.85155,1.18,1.50
2011.03.04 13:58:55.340,0.85131,0.85154,1.93,2.25
2011.03.04 13:58:56.032,0.85131,0.85154,1.18,2.25
2011.03.04 13:58:56.700,0.8513,0.85152,1.18,1.50
2011.03.04 13:58:57.250,0.8513,0.85152,1.18,1.50
2011.03.04 13:58:57.832,0.85129,0.85152,1.93,1.50
2011.03.04 13:58:58.162,0.85129,0.85152,1.18,1.50
2011.03.04 13:58:58.538,0.85133,0.85155,2.68,2.25
2011.03.04 13:58:58.653,0.85131,0.85153,1.18,1.50
2011.03.04 13:58:58.870,0.8513,0.85154,1.18,1.69
2011.03.04 13:58:59.350,0.85128,0.85154,1.93,1.69
2011.03.04 13:58:59.863,0.85128,0.85147,1.93,1.69
2011.03.04 13:59:00.082,0.85119,0.8514,1.18,1.50
2011.03.04 13:59:00.743,0.85117,0.85137,2.25,2.93
2011.03.04 13:59:00.861,0.85114,0.85136,1.18,1.50
2011.03.04 13:59:00.970,0.85113,0.85136,1.18,1.50
2011.03.04 13:59:01.192,0.85111,0.85133,1.18,1.50
2011.03.04 13:59:01.815,0.85111,0.85135,1.18,1.50
2011.03.04 13:59:01.944,0.85111,0.85135,1.18,2.25
2011.03.04 13:59:02.284,0.85111,0.85135,1.18,1.50
2011.03.04 13:59:02.736,0.85111,0.85135,1.18,1.50
2011.03.04 13:59:03.070,0.85111,0.85133,1.18,1.50
2011.03.04 13:59:03.731,0.85111,0.85133,1.18,1.50
2011.03.04 13:59:04.955,0.85111,0.85135,1.18,1.50
2011.03.04 13:59:05.184,0.85111,0.85135,1.18,2.25
2011.03.04 13:59:05.525,0.85116,0.85138,1.18,1.50
2011.03.04 13:59:05.644,0.85116,0.85139,1.18,1.50
2011.03.04 13:59:06.200,0.85116,0.85139,1.18,1.50
2011.03.04 13:59:07.041,0.85116,0.85139,1.18,1.50
2011.03.04 13:59:07.592,0.85119,0.85141,1.18,1.50
2011.03.04 13:59:07.927,0.85116,0.85139,1.18,1.50
2011.03.04 13:59:08.046,0.85116,0.85137,1.18,1.50
2011.03.04 13:59:08.570,0.85114,0.85136,1.93,1.50
2011.03.04 13:59:09.420,0.85115,0.85136,1.18,1.50
2011.03.04 13:59:10.911,0.85118,0.85141,1.50,2.25
2011.03.04 13:59:11.131,0.8512,0.85141,1.18,2.25
2011.03.04 13:59:11.529,0.8512,0.85141,1.18,1.50
2011.03.04 13:59:11.658,0.85122,0.85144,1.18,3.00
2011.03.04 13:59:12.215,0.85122,0.85146,1.18,1.50
2011.03.04 13:59:12.330,0.85122,0.85146,1.18,1.50
2011.03.04 13:59:12.663,0.85124,0.85145,1.18,1.50
2011.03.04 13:59:13.221,0.85126,0.85145,1.93,1.50
2011.03.04 13:59:13.993,0.85119,0.85142,1.50,2.25
2011.03.04 13:59:14.670,0.85117,0.8514,1.18,1.50
2011.03.04 13:59:17.031,0.85117,0.8514,1.18,1.50
2011.03.04 13:59:17.622,0.85117,0.85141,1.18,1.50
2011.03.04 13:59:17.843,0.85122,0.85144,1.18,1.50
2011.03.04 13:59:18.355,0.85122,0.85144,1.18,2.25
2011.03.04 13:59:18.475,0.85123,0.85146,1.50,1.50
2011.03.04 13:59:18.592,0.85125,0.85147,1.18,1.58
2011.03.04 13:59:18.701,0.8512,0.85139,1.18,1.50
2011.03.04 13:59:21.251,0.85115,0.85135,1.18,1.50
2011.03.04 13:59:21.472,0.85115,0.85138,2.11,1.50
2011.03.04 13:59:21.579,0.85117,0.85139,1.18,1.50
2011.03.04 13:59:22.981,0.85117,0.85139,1.18,1.50
2011.03.04 13:59:25.580,0.8512,0.85141,1.18,1.50
2011.03.04 13:59:25.693,0.85121,0.85141,1.18,1.50
2011.03.04 13:59:25.803,0.8512,0.85144,1.18,1.50
2011.03.04 13:59:26.350,0.85125,0.85146,1.18,1.50
2011.03.04 13:59:26.792,0.85125,0.85147,1.18,1.50
2011.03.04 13:59:27.523,0.85121,0.85143,1.18,2.25
2011.03.04 13:59:28.180,0.85122,0.85143,1.18,2.25
2011.03.04 13:59:28.951,0.85121,0.85145,1.36,1.50
2011.03.04 13:59:30.163,0.85121,0.85145,1.18,3.19
2011.03.04 13:59:30.275,0.85121,0.85144,1.18,3.19
2011.03.04 13:59:30.392,0.8512,0.85141,1.50,2.25
2011.03.04 13:59:30.890,0.85117,0.85139,2.68,2.25
2011.03.04 13:59:30.999,0.85117,0.85137,2.68,1.50
2011.03.04 13:59:31.561,0.85117,0.85139,2.68,1.50
2011.03.04 13:59:36.140,0.85117,0.85141,2.25,3.00
2011.03.04 13:59:36.693,0.8512,0.85141,1.18,1.50
2011.03.04 13:59:37.020,0.85121,0.85142,1.18,2.25
2011.03.04 13:59:37.353,0.85124,0.85147,3.35,1.50
2011.03.04 13:59:37.570,0.85124,0.85146,1.18,1.50
2011.03.04 13:59:37.680,0.85127,0.85146,1.50,1.50
2011.03.04 13:59:37.789,0.85124,0.85146,1.18,1.50
2011.03.04 13:59:38.763,0.85123,0.85146,1.18,1.50
2011.03.04 13:59:38.981,0.8512,0.85143,1.93,1.50
2011.03.04 13:59:40.343,0.85121,0.85142,1.18,2.25
2011.03.04 13:59:40.900,0.85121,0.85143,1.18,1.50
2011.03.04 13:59:41.132,0.85121,0.85143,1.18,1.50
2011.03.04 13:59:42.331,0.85121,0.85144,1.18,2.25
2011.03.04 13:59:43.159,0.85124,0.85144,1.18,1.50
2011.03.04 13:59:45.371,0.85124,0.85147,1.18,1.50
2011.03.04 13:59:45.702,0.85125,0.8515,1.50,1.50
2011.03.04 13:59:45.811,0.85127,0.85151,2.68,1.50
2011.03.04 13:59:46.032,0.85132,0.85154,1.18,3.00
2011.03.04 13:59:46.143,0.85132,0.85155,1.18,2.25
2011.03.04 13:59:46.585,0.85132,0.85153,1.18,1.69
2011.03.04 13:59:46.813,0.85129,0.8515,1.18,1.50
2011.03.04 13:59:47.131,0.85129,0.8515,1.18,1.50
2011.03.04 13:59:47.251,0.85129,0.8515,1.18,1.50
2011.03.04 13:59:48.200,0.85129,0.8515,1.18,1.50
2011.03.04 13:59:49.442,0.85129,0.85151,1.18,1.50
2011.03.04 13:59:49.770,0.85129,0.8515,1.18,1.50
2011.03.04 13:59:49.881,0.85129,0.85151,1.18,1.50
2011.03.04 13:59:50.410,0.85129,0.85152,1.18,2.25
2011.03.04 13:59:50.740,0.85129,0.85152,1.18,1.50
2011.03.04 13:59:51.071,0.85129,0.85152,1.18,1.50
2011.03.04 13:59:51.422,0.85129,0.85152,1.18,2.25
2011.03.04 13:59:52.870,0.85129,0.85152,1.18,2.25
2011.03.04 13:59:54.113,0.85127,0.85152,1.93,1.50
2011.03.04 13:59:54.223,0.85127,0.8515,1.18,1.50
2011.03.04 13:59:54.331,0.85125,0.8515,1.50,1.50
2011.03.04 13:59:54.440,0.85123,0.85147,1.18,1.50
2011.03.04 13:59:54.661,0.85122,0.85147,1.18,1.50
2011.03.04 13:59:54.993,0.85108,0.85132,1.93,3.68
2011.03.04 13:59:55.220,0.8511,0.85133,1.18,2.25
2011.03.04 13:59:55.441,0.85113,0.85136,1.18,1.50
2011.03.04 13:59:55.552,0.85111,0.85137,1.18,3.68
2011.03.04 13:59:56.263,0.8511,0.85137,1.18,3.68
2011.03.04 13:59:56.812,0.85109,0.85133,1.18,1.50
