2015.12.15 22:00:00.042,0.88578,0.88621,0.75,0.37
2015.12.15 22:00:00.092,0.88571,0.88621,0.37,0.37
2015.12.15 22:00:00.243,0.88572,0.88624,0.75,0.37
2015.12.15 22:00:01.003,0.88572,0.88622,0.75,0.37
2015.12.15 22:00:01.533,0.88571,0.88622,0.37,0.37
2015.12.15 22:00:01.874,0.88573,0.88622,0.75,0.37
2015.12.15 22:00:01.924,0.88571,0.88625,0.37,0.37
2015.12.15 22:00:02.025,0.88572,0.88632,1.12,0.75
2015.12.15 22:00:02.905,0.88573,0.88632,0.75,0.75
2015.12.15 22:00:04.554,0.88577,0.88632,0.75,0.75
2015.12.15 22:00:04.943,0.88577,0.88627,0.75,0.37
2015.12.15 22:00:05.645,0.88577,0.88632,0.75,0.75
2015.12.15 22:00:07.963,0.88582,0.88632,0.75,0.75
2015.12.15 22:00:08.290,0.88582,0.88628,0.75,0.37
2015.12.15 22:00:08.515,0.88577,0.88628,0.75,0.37
2015.12.15 22:00:10.945,0.88578,0.88628,0.75,0.37
2015.12.15 22:00:11.895,0.88583,0.88628,0.37,0.37
2015.12.15 22:00:14.087,0.88583,0.88623,0.37,0.37
2015.12.15 22:00:14.469,0.88583,0.88621,0.37,0.37
2015.12.15 22:00:14.939,0.88583,0.88625,0.37,0.37
2015.12.15 22:00:15.933,0.88583,0.88621,0.37,0.37
2015.12.15 22:00:17.244,0.88583,0.88623,0.37,0.37
2015.12.15 22:00:26.685,0.88583,0.88626,0.37,0.37
2015.12.15 22:00:26.735,0.88583,0.88624,0.37,0.37
2015.12.15 22:00:27.062,0.88583,0.88622,0.37,0.37
2015.12.15 22:00:27.757,0.88583,0.88623,0.37,0.37
2015.12.15 22:00:28.410,0.88583,0.88621,0.37,0.37
2015.12.15 22:00:28.944,0.88583,0.8862,0.37,0.37
2015.12.15 22:00:31.050,0.88583,0.88616,0.37,0.37
2015.12.15 22:00:32.699,0.88583,0.88621,0.37,0.75
2015.12.15 22:00:35.623,0.88583,0.88588,0.37,0.37
2015.12.15 22:00:35.673,0.88558,0.88585,0.37,0.37
2015.12.15 22:00:35.943,0.88554,0.88575,0.37,0.37
2015.12.15 22:00:38.353,0.88576,0.88588,0.37,0.37
2015.12.15 22:00:38.404,0.88576,0.88619,0.37,0.37
2015.12.15 22:00:40.757,0.88574,0.88619,0.37,0.37
2015.12.15 22:00:47.333,0.88556,0.88587,0.37,0.37
2015.12.15 22:00:47.708,0.88557,0.88575,0.75,0.37
2015.12.15 22:00:50.312,0.88558,0.88575,0.75,0.37
2015.12.15 22:00:51.522,0.88557,0.88575,0.75,0.37
2015.12.15 22:00:52.027,0.88557,0.88573,0.75,0.37
2015.12.15 22:01:13.893,0.88565,0.88581,0.37,0.75
2015.12.15 22:01:13.995,0.88565,0.88595,0.37,0.37
2015.12.15 22:01:14.096,0.88568,0.88602,0.37,0.37
2015.12.15 22:01:14.260,0.8857,0.88606,0.37,0.37
2015.12.15 22:01:21.153,0.8857,0.88609,0.37,0.37
2015.12.15 22:01:23.636,0.8857,0.88611,0.37,0.37
2015.12.15 22:01:35.952,0.8857,0.88616,0.37,0.37
2015.12.15 22:01:36.512,0.88572,0.88616,0.75,0.37
2015.12.15 22:01:36.912,0.88579,0.88618,0.37,0.37
2015.12.15 22:01:50.802,0.88579,0.88622,0.37,0.75
2015.12.15 22:02:01.593,0.88582,0.88622,0.75,0.75
2015.12.15 22:02:01.961,0.88582,0.88604,0.75,0.37
2015.12.15 22:02:05.442,0.88577,0.88604,0.75,0.37
2015.12.15 22:02:06.021,0.88573,0.88604,0.75,0.37
2015.12.15 22:02:14.916,0.88567,0.88604,1.12,0.37
2015.12.15 22:02:15.020,0.8857,0.88611,0.37,0.37
2015.12.15 22:02:15.071,0.8857,0.88608,0.37,0.37
2015.12.15 22:02:18.012,0.8857,0.8861,0.37,0.75
2015.12.15 22:02:36.120,0.8857,0.88598,0.37,0.75
2015.12.15 22:02:47.560,0.8857,0.88601,0.37,1.12
2015.12.15 22:02:52.089,0.88575,0.88601,0.37,1.12
2015.12.15 22:02:55.561,0.88575,0.88607,0.37,1.12
2015.12.15 22:02:55.662,0.88575,0.88602,0.37,0.37
2015.12.15 22:03:21.769,0.88575,0.88601,0.37,0.75
2015.12.15 22:03:22.169,0.88575,0.88598,0.37,0.37
2015.12.15 22:03:27.221,0.88566,0.88598,0.37,0.37
2015.12.15 22:03:27.471,0.88566,0.88594,0.37,0.37
2015.12.15 22:03:27.522,0.88554,0.88594,0.75,1.12
2015.12.15 22:03:28.201,0.88555,0.88594,0.75,1.12
2015.12.15 22:03:30.455,0.88555,0.8859,0.75,0.37
2015.12.15 22:03:30.607,0.88553,0.88589,0.37,0.37
2015.12.15 22:03:30.708,0.88551,0.88589,0.37,0.37
2015.12.15 22:03:33.584,0.88551,0.88586,0.37,0.75
2015.12.15 22:03:36.224,0.8855,0.88586,0.37,0.75
2015.12.15 22:03:36.834,0.8855,0.88583,0.37,0.75
2015.12.15 22:03:37.353,0.88544,0.88582,0.37,1.50
2015.12.15 22:03:37.403,0.88544,0.8858,0.37,0.75
2015.12.15 22:03:38.517,0.88544,0.88579,0.37,0.75
2015.12.15 22:03:42.810,0.88544,0.8858,0.37,0.75
2015.12.15 22:03:43.481,0.88543,0.8858,0.37,0.75
2015.12.15 22:03:44.318,0.88543,0.88582,0.37,1.12
2015.12.15 22:04:01.851,0.88547,0.88582,0.75,1.12
2015.12.15 22:04:01.968,0.88547,0.88587,0.75,1.12
2015.12.15 22:04:10.618,0.88548,0.88587,1.00,1.12
2015.12.15 22:04:10.669,0.88553,0.88587,1.37,1.12
2015.12.15 22:04:12.446,0.88549,0.8859,1.12,1.12
2015.12.15 22:04:12.991,0.88547,0.88593,1.87,1.37
2015.12.15 22:04:15.362,0.88553,0.88593,1.00,1.37
2015.12.15 22:04:15.682,0.88558,0.88593,1.00,1.37
2015.12.15 22:04:17.380,0.88561,0.88597,1.37,1.37
2015.12.15 22:04:20.976,0.88562,0.88599,1.87,1.37
2015.12.15 22:04:25.097,0.88565,0.88604,1.12,1.95
2015.12.15 22:04:25.148,0.88569,0.88604,1.00,1.95
2015.12.15 22:04:40.748,0.88569,0.88593,1.00,1.00
2015.12.15 22:04:40.899,0.88549,0.88592,1.37,1.00
2015.12.15 22:04:41.380,0.8855,0.88592,1.87,1.00
2015.12.15 22:04:56.691,0.8855,0.88593,1.37,1.00
2015.12.15 22:04:57.073,0.88555,0.88594,1.00,1.37
2015.12.15 22:05:06.110,0.88562,0.88595,1.37,1.37
2015.12.15 22:05:06.313,0.88562,0.88599,1.37,1.37
2015.12.15 22:05:11.562,0.88558,0.88601,1.00,1.47
2015.12.15 22:05:13.364,0.88569,0.88602,1.37,1.00
2015.12.15 22:05:13.878,0.88569,0.88605,1.37,2.25
2015.12.15 22:05:16.030,0.88565,0.88605,1.00,2.25
2015.12.15 22:05:19.266,0.88564,0.88605,1.00,2.25
2015.12.15 22:05:19.367,0.88555,0.88602,1.37,1.75
2015.12.15 22:05:19.469,0.88555,0.88599,1.37,1.12
2015.12.15 22:05:19.812,0.88555,0.88594,1.37,1.37
2015.12.15 22:05:22.576,0.88555,0.88588,1.37,1.00
2015.12.15 22:05:22.678,0.88551,0.88588,1.37,1.00
2015.12.15 22:05:26.436,0.88554,0.88589,1.37,1.00
2015.12.15 22:05:26.539,0.88554,0.88593,1.37,1.00
2015.12.15 22:05:26.648,0.88559,0.88595,1.37,1.37
2015.12.15 22:05:27.036,0.88559,0.8859,1.37,1.00
2015.12.15 22:05:27.137,0.88555,0.8859,1.37,1.00
2015.12.15 22:05:30.338,0.88556,0.8859,1.37,1.00
2015.12.15 22:05:30.853,0.88551,0.88592,1.37,3.00
2015.12.15 22:05:31.055,0.8855,0.88591,1.37,1.12
2015.12.15 22:05:35.680,0.88552,0.88587,1.00,1.37
2015.12.15 22:05:39.071,0.88555,0.88587,1.37,1.12
2015.12.15 22:05:39.403,0.88555,0.88584,1.37,1.00
2015.12.15 22:05:45.538,0.88555,0.88583,1.37,1.00
2015.12.15 22:05:49.206,0.88557,0.88587,1.00,1.00
2015.12.15 22:05:49.308,0.88559,0.88593,1.00,1.37
2015.12.15 22:05:54.008,0.8856,0.88593,1.00,1.87
2015.12.15 22:05:56.032,0.88557,0.88591,1.50,1.12
2015.12.15 22:05:56.537,0.88557,0.8859,1.00,1.50
2015.12.15 22:05:58.432,0.88557,0.88589,1.00,1.00
2015.12.15 22:05:58.483,0.88557,0.88588,1.00,1.37
2015.12.15 22:05:58.999,0.88558,0.88587,1.00,1.37
2015.12.15 22:06:01.877,0.88558,0.88588,1.00,1.50
2015.12.15 22:06:02.079,0.88558,0.88586,1.00,1.00
2015.12.15 22:06:03.176,0.88557,0.88586,1.00,1.50
2015.12.15 22:06:03.508,0.88557,0.88584,1.00,1.50
2015.12.15 22:06:06.480,0.88558,0.88584,1.00,1.50
2015.12.15 22:06:06.582,0.88558,0.88588,1.00,1.37
2015.12.15 22:06:09.898,0.88562,0.88588,1.00,1.37
2015.12.15 22:06:13.530,0.88562,0.88587,1.00,1.12
2015.12.15 22:06:14.059,0.88562,0.88586,1.00,1.00
2015.12.15 22:06:17.260,0.88562,0.88588,1.00,1.00
2015.12.15 22:06:17.361,0.88567,0.88588,1.00,1.00
2015.12.15 22:06:18.699,0.88563,0.88588,1.12,1.00
2015.12.15 22:06:18.750,0.88572,0.8859,1.00,1.00
2015.12.15 22:06:19.263,0.88574,0.88591,1.00,1.00
2015.12.15 22:06:19.464,0.88572,0.88591,1.00,1.00
2015.12.15 22:06:20.976,0.88573,0.88591,1.00,1.00
2015.12.15 22:06:21.226,0.88572,0.88593,1.00,1.00
2015.12.15 22:06:21.327,0.88572,0.88598,1.00,1.00
2015.12.15 22:06:21.378,0.88569,0.88598,1.12,1.00
2015.12.15 22:06:21.530,0.88569,0.88602,1.12,1.37
2015.12.15 22:06:23.479,0.8857,0.88602,1.00,1.37
2015.12.15 22:06:24.203,0.88568,0.88602,1.87,1.37
2015.12.15 22:06:25.525,0.88572,0.88602,1.00,1.37
2015.12.15 22:06:25.684,0.88569,0.88602,1.87,1.37
2015.12.15 22:06:26.687,0.88572,0.88602,1.00,1.37
2015.12.15 22:06:26.789,0.8857,0.88602,1.00,1.37
2015.12.15 22:06:29.502,0.88568,0.88602,1.87,1.37
2015.12.15 22:06:36.021,0.88568,0.88599,1.87,1.37
2015.12.15 22:06:39.539,0.88566,0.88596,1.87,1.37
2015.12.15 22:06:40.075,0.88566,0.88592,1.37,1.37
2015.12.15 22:06:40.177,0.88555,0.88586,1.12,1.37
2015.12.15 22:06:40.228,0.88552,0.8858,1.37,1.37
2015.12.15 22:06:41.550,0.88553,0.88579,1.37,1.37
2015.12.15 22:06:42.262,0.88553,0.88577,1.37,1.37
2015.12.15 22:06:49.848,0.88552,0.88578,1.37,1.37
2015.12.15 22:06:54.693,0.88552,0.88581,1.37,1.37
2015.12.15 22:06:57.466,0.88553,0.88584,1.37,1.37
2015.12.15 22:07:20.620,0.88555,0.8858,1.00,1.37
2015.12.15 22:07:20.722,0.88543,0.88581,1.12,1.37
2015.12.15 22:07:21.025,0.88553,0.88581,1.00,1.87
2015.12.15 22:07:28.691,0.88553,0.8858,1.00,1.37
2015.12.15 22:07:33.194,0.88553,0.88578,1.00,1.37
2015.12.15 22:07:38.616,0.8856,0.88578,1.00,1.37
2015.12.15 22:07:38.718,0.88561,0.88586,1.00,1.87
2015.12.15 22:07:38.770,0.88564,0.88586,1.00,1.87
2015.12.15 22:07:38.871,0.88569,0.88592,1.50,1.37
2015.12.15 22:07:38.922,0.88569,0.886,1.50,1.37
2015.12.15 22:07:38.973,0.88572,0.886,1.00,1.37
2015.12.15 22:07:39.493,0.88573,0.886,1.00,1.37
2015.12.15 22:08:01.072,0.88575,0.886,1.00,1.37
2015.12.15 22:08:01.420,0.88573,0.886,1.50,1.37
2015.12.15 22:08:04.922,0.88574,0.886,1.00,1.37
2015.12.15 22:08:05.029,0.88577,0.886,1.00,1.37
2015.12.15 22:08:05.080,0.88577,0.88603,1.00,1.37
2015.12.15 22:08:06.845,0.88577,0.88604,1.00,1.37
2015.12.15 22:08:08.535,0.88576,0.88604,1.50,1.37
2015.12.15 22:08:10.459,0.88577,0.88604,1.00,1.37
2015.12.15 22:08:10.764,0.88565,0.88599,1.00,1.00
2015.12.15 22:08:11.305,0.88564,0.88599,1.12,1.12
2015.12.15 22:08:14.581,0.88563,0.88597,1.37,1.12
2015.12.15 22:08:15.687,0.88557,0.88594,1.87,1.50
2015.12.15 22:08:18.861,0.88557,0.88594,1.37,1.75
2015.12.15 22:08:18.963,0.88557,0.88594,1.37,1.75
2015.12.15 22:08:19.014,0.88557,0.88594,1.37,1.00
2015.12.15 22:08:20.304,0.88557,0.88593,1.37,1.37
2015.12.15 22:08:20.405,0.88557,0.88594,1.37,1.50
2015.12.15 22:08:21.761,0.88557,0.88592,1.37,1.00
2015.12.15 22:08:22.065,0.88555,0.88588,1.37,1.37
2015.12.15 22:08:25.465,0.88556,0.88586,1.37,1.37
2015.12.15 22:08:28.418,0.88556,0.88582,1.37,1.00
2015.12.15 22:08:28.756,0.88558,0.88579,1.00,1.00
2015.12.15 22:08:30.976,0.88558,0.8858,1.00,1.00
2015.12.15 22:08:33.429,0.88558,0.88582,1.00,1.12
2015.12.15 22:08:33.530,0.88555,0.8859,1.37,1.00
2015.12.15 22:08:34.038,0.88556,0.88593,1.37,1.50
2015.12.15 22:08:37.185,0.88556,0.88594,1.87,1.75
2015.12.15 22:08:37.377,0.88556,0.88595,1.00,2.25
2015.12.15 22:08:37.915,0.88555,0.88591,1.50,1.00
2015.12.15 22:08:38.432,0.88556,0.88591,1.00,1.00
2015.12.15 22:08:42.776,0.88557,0.88591,1.00,1.00
2015.12.15 22:08:43.100,0.88557,0.88588,1.00,1.00
2015.12.15 22:08:45.423,0.88558,0.88583,1.00,1.37
2015.12.15 22:08:47.131,0.88567,0.88583,1.00,1.37
2015.12.15 22:08:49.685,0.88562,0.88583,1.00,1.37
2015.12.15 22:08:49.736,0.88562,0.88587,1.00,1.00
2015.12.15 22:08:49.787,0.88562,0.88593,1.00,1.00
2015.12.15 22:08:52.927,0.88562,0.88588,1.00,1.37
2015.12.15 22:09:24.713,0.88563,0.88588,1.00,2.25
2015.12.15 22:09:25.016,0.88563,0.88584,1.00,1.00
2015.12.15 22:09:38.979,0.88563,0.88585,1.00,2.25
2015.12.15 22:09:43.914,0.88557,0.88585,1.12,1.87
2015.12.15 22:09:44.015,0.88558,0.88587,1.00,1.00
2015.12.15 22:09:44.168,0.88558,0.88592,1.50,1.37
2015.12.15 22:09:44.343,0.88563,0.88592,1.00,1.37
2015.12.15 22:09:46.879,0.88563,0.88591,1.00,1.75
2015.12.15 22:09:47.031,0.88559,0.8859,1.00,1.50
2015.12.15 22:09:47.568,0.8856,0.8859,1.00,1.50
2015.12.15 22:09:49.649,0.88557,0.88588,2.25,1.50
2015.12.15 22:09:53.297,0.88567,0.88588,1.00,1.50
2015.12.15 22:09:57.685,0.88567,0.88586,1.00,1.00
2015.12.15 22:09:58.316,0.88567,0.88588,1.00,1.50
2015.12.15 22:10:01.453,0.88567,0.88584,1.00,1.00
2015.12.15 22:10:01.656,0.88562,0.88587,1.00,1.37
2015.12.15 22:10:01.757,0.88562,0.88592,1.00,1.37
2015.12.15 22:10:03.384,0.88563,0.88592,1.00,1.37
2015.12.15 22:10:04.924,0.88562,0.88592,1.00,1.37
2015.12.15 22:10:13.528,0.88561,0.88592,1.00,1.50
2015.12.15 22:10:21.561,0.8856,0.88592,1.00,1.37
2015.12.15 22:10:22.914,0.88562,0.88592,1.00,1.37
2015.12.15 22:10:23.116,0.8856,0.88592,1.00,1.37
2015.12.15 22:10:33.051,0.88561,0.88592,1.00,1.50
2015.12.15 22:10:33.314,0.88559,0.88592,1.00,1.50
2015.12.15 22:10:37.292,0.88561,0.88592,1.00,1.50
2015.12.15 22:10:38.364,0.88563,0.88592,1.00,1.50
2015.12.15 22:10:38.704,0.88563,0.88589,1.00,1.37
2015.12.15 22:11:03.112,0.8856,0.88589,1.00,1.37
2015.12.15 22:11:13.172,0.8856,0.8859,1.00,1.37
2015.12.15 22:11:23.165,0.88559,0.8859,1.00,1.37
2015.12.15 22:11:31.306,0.88558,0.8859,1.00,1.50
2015.12.15 22:11:58.107,0.88557,0.8859,1.50,1.87
2015.12.15 22:11:58.157,0.88557,0.88584,1.00,1.00
2015.12.15 22:11:58.360,0.88553,0.88584,1.50,1.00
2015.12.15 22:11:58.730,0.88553,0.88583,1.00,1.37
2015.12.15 22:12:14.598,0.88553,0.88582,1.00,1.37
2015.12.15 22:12:19.904,0.88553,0.88583,1.50,1.37
2015.12.15 22:12:44.462,0.88552,0.88583,1.00,1.37
2015.12.15 22:12:45.520,0.88553,0.88583,1.00,1.37
2015.12.15 22:12:46.071,0.88554,0.88583,1.00,1.37
2015.12.15 22:12:46.609,0.88553,0.88583,1.00,1.37
2015.12.15 22:12:50.648,0.88554,0.88583,1.00,1.37
2015.12.15 22:12:52.624,0.88553,0.88583,1.00,1.37
2015.12.15 22:12:54.455,0.88554,0.88583,1.00,1.37
2015.12.15 22:12:54.986,0.88553,0.88583,1.00,1.37
2015.12.15 22:12:55.507,0.88554,0.88583,1.50,1.37
2015.12.15 22:12:56.212,0.88553,0.88583,2.25,1.37
2015.12.15 22:13:07.079,0.88552,0.88582,1.00,1.37
2015.12.15 22:13:10.389,0.88554,0.88583,1.00,1.37
2015.12.15 22:13:11.696,0.88552,0.88583,2.25,1.37
2015.12.15 22:13:13.617,0.88553,0.88583,1.00,1.37
2015.12.15 22:13:14.184,0.88552,0.88583,2.25,1.37
2015.12.15 22:13:15.630,0.88552,0.88586,2.25,1.37
2015.12.15 22:13:15.899,0.88554,0.88586,1.00,1.37
2015.12.15 22:13:25.255,0.88555,0.88586,1.00,1.87
2015.12.15 22:13:25.770,0.88554,0.88586,1.00,1.37
2015.12.15 22:13:26.328,0.88553,0.88586,1.00,1.37
2015.12.15 22:13:26.873,0.88552,0.88585,1.00,1.37
2015.12.15 22:13:33.950,0.88553,0.88586,1.00,1.37
2015.12.15 22:13:40.806,0.88555,0.88586,1.00,1.37
2015.12.15 22:13:44.183,0.88554,0.88586,1.00,1.37
2015.12.15 22:13:45.613,0.88552,0.88584,1.00,1.00
2015.12.15 22:13:46.137,0.88552,0.88583,1.00,1.00
2015.12.15 22:13:48.562,0.88552,0.88586,1.00,1.87
2015.12.15 22:13:53.717,0.88553,0.88586,1.00,1.37
2015.12.15 22:14:07.174,0.88552,0.88586,1.50,1.37
2015.12.15 22:14:07.327,0.88552,0.88582,1.00,1.00
2015.12.15 22:14:09.944,0.88552,0.88585,1.00,1.37
2015.12.15 22:14:16.589,0.88553,0.88586,1.00,1.37
2015.12.15 22:14:17.120,0.88552,0.88586,1.50,1.37
2015.12.15 22:14:19.854,0.88553,0.88586,1.00,1.37
2015.12.15 22:14:20.362,0.88554,0.88586,1.00,1.37
2015.12.15 22:14:26.194,0.88553,0.88586,1.00,1.37
2015.12.15 22:14:28.184,0.88554,0.88586,1.00,1.37
2015.12.15 22:14:37.115,0.88552,0.88586,1.00,1.37
2015.12.15 22:14:37.166,0.88552,0.88579,1.00,1.37
2015.12.15 22:14:37.368,0.88552,0.88582,1.00,1.37
2015.12.15 22:14:37.939,0.88551,0.88582,1.50,1.37
2015.12.15 22:14:44.883,0.8855,0.88582,1.00,1.37
2015.12.15 22:14:47.368,0.88551,0.88582,1.00,1.37
2015.12.15 22:14:47.419,0.88553,0.88582,1.00,1.37
2015.12.15 22:14:54.745,0.8855,0.88582,1.00,1.37
2015.12.15 22:14:56.789,0.88551,0.88582,1.00,1.37
2015.12.15 22:14:57.387,0.88552,0.88582,1.00,1.37
2015.12.15 22:14:58.326,0.88551,0.88582,1.50,1.37
2015.12.15 22:14:58.973,0.88552,0.88582,1.50,1.37
2015.12.15 22:14:59.964,0.88553,0.88582,1.00,1.37
2015.12.15 22:15:05.717,0.88552,0.88582,1.00,1.37
2015.12.15 22:15:15.061,0.88553,0.88582,1.00,1.37
2015.12.15 22:15:15.622,0.88554,0.88582,1.00,1.37
2015.12.15 22:15:16.499,0.88553,0.88582,1.00,1.37
2015.12.15 22:15:17.490,0.88552,0.88582,1.00,1.37
2015.12.15 22:15:19.264,0.88555,0.88582,1.00,1.37
2015.12.15 22:15:19.386,0.88555,0.88585,1.00,1.37
2015.12.15 22:15:30.054,0.88554,0.88585,1.00,1.37
2015.12.15 22:15:30.106,0.88558,0.88585,1.00,1.37
2015.12.15 22:15:37.036,0.88557,0.88585,1.00,1.37
2015.12.15 22:15:37.753,0.88556,0.88585,1.00,1.37
2015.12.15 22:15:40.763,0.88557,0.88585,1.00,1.37
2015.12.15 22:15:41.357,0.88558,0.88585,1.00,1.37
2015.12.15 22:15:46.941,0.88559,0.88585,1.00,1.37
2015.12.15 22:15:49.307,0.88557,0.88585,1.00,1.37
2015.12.15 22:15:50.351,0.88556,0.88585,1.00,1.37
2015.12.15 22:15:53.447,0.88557,0.88585,1.00,1.37
2015.12.15 22:15:53.958,0.88558,0.88585,1.00,1.37
2015.12.15 22:16:07.125,0.88554,0.88584,1.00,1.37
2015.12.15 22:16:07.988,0.88553,0.88585,1.00,1.37
2015.12.15 22:16:09.446,0.88554,0.88588,1.00,2.62
2015.12.15 22:16:16.058,0.88557,0.88588,1.00,1.37
2015.12.15 22:16:16.589,0.88556,0.88588,1.00,1.37
2015.12.15 22:16:16.990,0.88558,0.88588,1.00,1.37
2015.12.15 22:16:17.508,0.88557,0.88588,1.00,1.37
2015.12.15 22:16:18.827,0.88556,0.88588,1.00,1.37
2015.12.15 22:16:23.010,0.88557,0.88588,1.00,1.37
2015.12.15 22:16:29.959,0.88553,0.88588,2.25,1.87
2015.12.15 22:16:30.259,0.88553,0.88582,1.50,1.00
2015.12.15 22:16:34.441,0.88553,0.88583,1.00,1.00
2015.12.15 22:16:36.980,0.88553,0.88585,2.25,1.00
2015.12.15 22:16:37.503,0.88553,0.88584,2.25,1.00
2015.12.15 22:16:39.075,0.88553,0.88582,2.25,1.00
2015.12.15 22:16:39.311,0.88553,0.88584,1.50,1.00
2015.12.15 22:16:40.400,0.88553,0.88583,2.25,1.00
2015.12.15 22:16:42.478,0.88553,0.88584,1.50,1.12
2015.12.15 22:16:42.580,0.88554,0.88582,1.00,1.00
2015.12.15 22:16:47.456,0.88553,0.88582,2.25,1.00
2015.12.15 22:16:48.180,0.88554,0.88582,1.00,1.00
2015.12.15 22:16:48.698,0.88553,0.88582,2.25,1.00
2015.12.15 22:16:49.771,0.88554,0.88582,1.00,1.00
2015.12.15 22:16:50.058,0.88554,0.88584,1.00,1.00
2015.12.15 22:16:50.656,0.88553,0.88583,2.25,1.00
2015.12.15 22:17:00.105,0.88553,0.88582,1.00,1.37
2015.12.15 22:17:00.206,0.88553,0.88584,1.00,1.50
2015.12.15 22:17:01.183,0.88555,0.88584,1.00,1.00
2015.12.15 22:17:01.730,0.88555,0.88585,1.00,1.00
2015.12.15 22:17:04.048,0.88554,0.88584,1.00,1.00
2015.12.15 22:17:04.705,0.88553,0.88583,1.00,1.00
2015.12.15 22:17:04.807,0.88553,0.88585,1.00,1.50
2015.12.15 22:17:04.910,0.88553,0.88583,1.00,1.00
2015.12.15 22:17:05.898,0.88553,0.88585,1.00,1.50
2015.12.15 22:17:06.117,0.88553,0.88583,1.00,1.00
2015.12.15 22:17:07.572,0.88557,0.88583,1.00,1.00
2015.12.15 22:17:08.069,0.88557,0.88581,1.00,1.37
2015.12.15 22:17:14.464,0.8856,0.88581,1.00,1.37
2015.12.15 22:17:14.681,0.88562,0.88589,1.37,1.50
2015.12.15 22:17:15.376,0.88557,0.88586,1.00,1.37
2015.12.15 22:17:15.885,0.88556,0.88584,1.00,1.12
2015.12.15 22:17:21.645,0.88555,0.88584,1.00,1.12
2015.12.15 22:17:26.374,0.88558,0.88585,1.00,1.37
2015.12.15 22:17:28.021,0.88559,0.88586,1.00,1.37
2015.12.15 22:17:28.072,0.88561,0.8859,1.00,1.37
2015.12.15 22:17:28.123,0.88566,0.8859,1.00,1.37
2015.12.15 22:17:28.174,0.88572,0.88602,1.00,1.75
2015.12.15 22:17:28.681,0.88573,0.88602,1.00,1.37
2015.12.15 22:17:33.951,0.88569,0.88602,1.00,1.87
2015.12.15 22:17:34.002,0.88566,0.88602,1.00,1.50
2015.12.15 22:17:34.054,0.88566,0.88599,1.00,1.37
2015.12.15 22:17:34.307,0.88562,0.88599,1.00,1.37
2015.12.15 22:17:36.437,0.88564,0.88599,1.00,1.37
2015.12.15 22:17:38.217,0.88563,0.88599,1.00,1.37
2015.12.15 22:17:39.415,0.88562,0.88599,1.00,1.37
2015.12.15 22:17:41.621,0.88563,0.88599,1.00,1.37
2015.12.15 22:17:44.556,0.88561,0.88599,1.00,1.37
2015.12.15 22:17:45.057,0.88562,0.88599,1.00,1.37
2015.12.15 22:17:56.585,0.88561,0.88599,1.00,1.37
2015.12.15 22:17:57.497,0.88562,0.88599,1.00,1.37
2015.12.15 22:17:58.058,0.8856,0.88599,1.00,1.37
2015.12.15 22:18:04.410,0.8856,0.886,1.12,1.37
2015.12.15 22:18:08.600,0.88561,0.886,1.00,1.37
2015.12.15 22:18:09.319,0.88561,0.886,1.87,1.37
2015.12.15 22:18:11.835,0.88565,0.886,1.00,1.37
2015.12.15 22:18:11.936,0.88565,0.88605,1.00,1.37
2015.12.15 22:18:12.038,0.88569,0.88605,1.00,1.37
2015.12.15 22:18:15.138,0.88568,0.88605,1.00,1.37
2015.12.15 22:18:15.441,0.88566,0.88605,1.00,1.37
2015.12.15 22:18:17.470,0.88569,0.88605,1.00,1.37
2015.12.15 22:18:18.106,0.88566,0.88605,1.00,1.37
2015.12.15 22:18:19.819,0.88566,0.88603,1.00,1.37
2015.12.15 22:18:20.611,0.88563,0.88603,1.00,1.37
2015.12.15 22:18:20.713,0.88563,0.88599,1.00,1.75
2015.12.15 22:18:22.217,0.88563,0.88595,1.00,1.37
2015.12.15 22:18:22.268,0.88555,0.88595,1.37,1.37
2015.12.15 22:18:22.564,0.88552,0.88595,1.37,1.75
2015.12.15 22:18:24.348,0.88552,0.88592,1.87,1.75
2015.12.15 22:18:34.146,0.88552,0.88593,1.00,2.25
2015.12.15 22:18:36.225,0.88558,0.88593,1.00,2.25
2015.12.15 22:18:36.622,0.88558,0.8859,1.00,1.37
2015.12.15 22:18:41.715,0.88553,0.8859,1.00,1.37
2015.12.15 22:18:46.159,0.88554,0.88589,1.00,1.37
2015.12.15 22:18:46.312,0.88557,0.8859,1.00,1.37
2015.12.15 22:18:47.761,0.88558,0.8859,1.00,1.37
2015.12.15 22:18:50.678,0.88555,0.8859,1.00,1.75
2015.12.15 22:18:50.960,0.88553,0.8859,1.00,1.75
2015.12.15 22:18:56.976,0.88552,0.8859,1.00,1.75
2015.12.15 22:18:57.078,0.88553,0.88588,1.00,1.37
2015.12.15 22:18:57.610,0.88552,0.88588,1.00,1.37
2015.12.15 22:19:04.788,0.88553,0.88588,1.00,1.37
2015.12.15 22:19:05.309,0.88552,0.88588,1.00,1.37
2015.12.15 22:19:08.551,0.88557,0.88588,1.00,1.37
2015.12.15 22:19:10.207,0.88557,0.88583,1.00,1.37
2015.12.15 22:19:16.484,0.88557,0.88584,1.00,1.37
2015.12.15 22:19:24.170,0.88558,0.88584,1.00,1.37
2015.12.15 22:19:24.560,0.88558,0.8858,1.00,1.37
2015.12.15 22:19:31.337,0.88546,0.8858,1.12,1.75
2015.12.15 22:19:36.152,0.88547,0.8858,1.00,1.75
2015.12.15 22:19:44.724,0.88547,0.88578,1.00,2.25
2015.12.15 22:19:58.316,0.88547,0.88577,1.00,1.87
2015.12.15 22:19:58.841,0.88547,0.88577,1.00,1.87
2015.12.15 22:19:59.524,0.88547,0.88577,1.00,1.87
2015.12.15 22:20:00.036,0.88547,0.88577,1.00,1.87
2015.12.15 22:20:00.489,0.88547,0.88577,1.00,1.50
2015.12.15 22:20:15.752,0.88549,0.88578,1.00,1.87
2015.12.15 22:20:16.062,0.88559,0.88581,1.00,1.37
2015.12.15 22:20:16.889,0.88557,0.88581,1.50,1.37
2015.12.15 22:20:16.990,0.88554,0.88578,1.00,1.37
2015.12.15 22:20:17.143,0.88552,0.88578,1.00,1.37
2015.12.15 22:20:26.658,0.88554,0.88578,1.00,1.37
2015.12.15 22:20:26.963,0.88566,0.88589,1.00,1.37
2015.12.15 22:20:27.676,0.88566,0.88587,1.00,1.37
2015.12.15 22:20:27.878,0.88557,0.88585,1.00,1.37
2015.12.15 22:20:28.537,0.88556,0.88585,1.50,1.37
2015.12.15 22:20:36.281,0.88556,0.88584,1.50,1.37
2015.12.15 22:20:38.178,0.88556,0.88591,1.50,1.00
2015.12.15 22:20:38.229,0.88562,0.88595,1.00,1.37
2015.12.15 22:20:38.742,0.88563,0.88595,1.00,1.37
2015.12.15 22:20:39.742,0.88566,0.88595,1.00,1.37
2015.12.15 22:20:41.515,0.88564,0.88595,1.00,1.37
2015.12.15 22:20:42.095,0.88566,0.88595,1.00,1.37
2015.12.15 22:20:43.585,0.88566,0.88598,1.00,1.37
2015.12.15 22:20:48.108,0.88565,0.88598,1.00,1.37
2015.12.15 22:20:48.737,0.88565,0.88588,1.00,1.37
2015.12.15 22:20:48.788,0.88557,0.88588,1.00,1.37
2015.12.15 22:20:49.357,0.88556,0.88588,1.00,1.37
2015.12.15 22:20:58.147,0.88555,0.88588,1.00,1.37
2015.12.15 22:21:10.070,0.88556,0.88588,1.00,1.37
2015.12.15 22:21:13.109,0.88555,0.88588,1.50,1.37
2015.12.15 22:21:19.927,0.88556,0.88588,1.00,1.37
2015.12.15 22:21:20.468,0.88555,0.88588,1.00,1.37
2015.12.15 22:21:34.061,0.88556,0.88588,1.00,1.37
2015.12.15 22:21:49.003,0.88556,0.8859,1.00,1.00
2015.12.15 22:21:50.133,0.88556,0.88591,1.00,1.00
2015.12.15 22:21:59.109,0.88555,0.88591,1.50,1.00
2015.12.15 22:22:05.892,0.88555,0.88588,1.50,1.75
2015.12.15 22:22:09.603,0.88557,0.88588,1.00,1.75
2015.12.15 22:22:17.760,0.88556,0.88588,1.00,1.75
2015.12.15 22:22:17.811,0.88556,0.8859,1.00,1.00
2015.12.15 22:22:17.862,0.88562,0.88595,1.00,1.37
2015.12.15 22:22:18.165,0.88566,0.88596,1.00,1.37
2015.12.15 22:22:19.156,0.88565,0.88596,1.00,1.37
2015.12.15 22:22:21.533,0.88566,0.88596,1.00,1.37
2015.12.15 22:22:21.634,0.88566,0.88601,1.00,1.37
2015.12.15 22:22:21.906,0.88569,0.88601,1.00,1.37
2015.12.15 22:22:23.526,0.88572,0.88601,1.00,1.37
2015.12.15 22:22:23.762,0.88572,0.88605,1.00,1.37
2015.12.15 22:22:23.914,0.88574,0.88605,1.00,1.37
2015.12.15 22:22:24.483,0.88574,0.88606,1.50,1.37
2015.12.15 22:22:26.110,0.88576,0.88606,1.00,1.37
2015.12.15 22:22:26.618,0.88577,0.88606,1.00,1.37
2015.12.15 22:22:26.821,0.88578,0.88609,1.00,1.37
2015.12.15 22:22:27.342,0.88579,0.88609,1.00,1.37
2015.12.15 22:22:27.867,0.88578,0.88609,1.50,1.37
2015.12.15 22:22:30.113,0.8858,0.88609,1.00,1.37
2015.12.15 22:22:30.421,0.88584,0.88609,1.00,1.37
2015.12.15 22:22:31.916,0.88582,0.88609,1.00,1.87
2015.12.15 22:22:31.967,0.88582,0.88606,1.00,1.37
2015.12.15 22:22:32.068,0.88564,0.88596,1.00,2.25
2015.12.15 22:22:32.171,0.88557,0.8859,1.00,1.37
2015.12.15 22:22:35.229,0.8856,0.88592,1.00,1.00
2015.12.15 22:22:35.773,0.8856,0.88595,1.00,1.37
2015.12.15 22:22:36.679,0.88561,0.88595,1.00,1.37
2015.12.15 22:22:37.627,0.8856,0.88595,1.00,1.37
2015.12.15 22:22:37.779,0.8856,0.88599,1.50,1.37
2015.12.15 22:22:38.002,0.88563,0.88599,1.00,1.37
2015.12.15 22:22:39.103,0.88561,0.88599,1.00,1.37
2015.12.15 22:22:39.939,0.88563,0.88599,1.00,1.37
2015.12.15 22:22:40.040,0.88563,0.88602,1.00,1.37
2015.12.15 22:22:40.091,0.88565,0.88602,1.00,1.37
2015.12.15 22:22:41.062,0.88567,0.88603,1.00,1.37
2015.12.15 22:22:41.567,0.88566,0.88603,1.00,1.37
2015.12.15 22:22:44.278,0.88567,0.88603,1.00,1.37
2015.12.15 22:22:44.814,0.88566,0.88602,1.50,1.37
2015.12.15 22:22:45.142,0.88572,0.88602,1.00,1.37
2015.12.15 22:22:46.270,0.88572,0.88603,1.50,1.37
2015.12.15 22:22:47.827,0.88575,0.88603,1.00,1.37
2015.12.15 22:22:48.377,0.88576,0.88603,1.00,1.37
2015.12.15 22:22:50.761,0.88576,0.88596,1.00,1.37
2015.12.15 22:22:50.863,0.88561,0.88593,1.37,1.87
2015.12.15 22:22:50.964,0.8856,0.88588,1.37,1.37
2015.12.15 22:22:53.270,0.88554,0.88591,1.50,1.37
2015.12.15 22:22:53.371,0.88557,0.88591,1.00,1.37
2015.12.15 22:22:53.675,0.88569,0.88591,1.00,1.37
2015.12.15 22:22:53.725,0.88562,0.88591,1.00,1.37
2015.12.15 22:22:53.776,0.88562,0.88594,1.00,1.37
2015.12.15 22:22:53.878,0.88558,0.88594,1.00,1.37
2015.12.15 22:22:55.607,0.88557,0.88594,1.00,1.37
2015.12.15 22:22:56.629,0.88558,0.88594,1.00,1.37
2015.12.15 22:23:04.134,0.88557,0.88594,1.00,1.75
2015.12.15 22:23:04.346,0.88553,0.8859,1.00,1.00
2015.12.15 22:23:04.599,0.88552,0.88588,1.00,1.00
2015.12.15 22:23:04.914,0.88556,0.88594,1.00,1.87
2015.12.15 22:23:05.217,0.88558,0.88594,1.00,1.00
2015.12.15 22:23:05.803,0.88558,0.88595,1.00,1.12
2015.12.15 22:23:06.582,0.88559,0.88595,1.00,1.12
2015.12.15 22:23:09.704,0.88558,0.88597,1.00,1.37
2015.12.15 22:23:10.778,0.88557,0.88595,1.50,1.12
2015.12.15 22:23:11.473,0.88557,0.88594,1.50,1.00
2015.12.15 22:23:11.837,0.88557,0.88592,1.00,1.00
2015.12.15 22:23:12.340,0.88558,0.88592,1.00,1.00
2015.12.15 22:23:13.251,0.88558,0.88593,1.00,1.00
2015.12.15 22:23:14.523,0.8856,0.88594,1.00,1.00
2015.12.15 22:23:14.827,0.88561,0.88598,1.50,1.87
2015.12.15 22:23:20.079,0.88562,0.88597,1.00,1.00
2015.12.15 22:23:20.604,0.88563,0.886,1.00,1.87
2015.12.15 22:23:22.139,0.88561,0.886,1.50,2.62
2015.12.15 22:23:22.903,0.88561,0.88597,1.50,1.00
2015.12.15 22:23:28.677,0.88562,0.88597,1.00,1.00
2015.12.15 22:23:28.933,0.8856,0.88594,1.00,1.00
2015.12.15 22:23:29.695,0.88561,0.88595,1.00,1.00
2015.12.15 22:23:31.256,0.8856,0.88596,1.50,1.00
2015.12.15 22:23:31.748,0.88562,0.88599,1.00,1.87
2015.12.15 22:23:32.756,0.88563,0.886,1.00,1.37
2015.12.15 22:23:38.647,0.88562,0.886,1.00,1.87
2015.12.15 22:23:38.982,0.8856,0.88595,1.50,1.00
2015.12.15 22:23:39.530,0.8856,0.88596,1.50,1.00
2015.12.15 22:23:42.862,0.88562,0.88597,1.00,1.00
2015.12.15 22:23:43.371,0.88563,0.886,1.00,2.62
2015.12.15 22:23:43.423,0.8856,0.886,1.00,2.62
2015.12.15 22:23:43.536,0.8856,0.88594,1.00,1.37
2015.12.15 22:23:43.587,0.88558,0.88594,1.00,1.37
2015.12.15 22:23:45.047,0.88556,0.88594,1.00,1.37
2015.12.15 22:23:46.969,0.88558,0.88594,1.00,1.37
2015.12.15 22:23:50.950,0.88558,0.88587,1.00,1.00
2015.12.15 22:23:51.051,0.8855,0.88585,1.00,1.00
2015.12.15 22:23:51.153,0.88548,0.88583,1.00,1.12
2015.12.15 22:23:51.634,0.88548,0.88579,1.00,1.00
2015.12.15 22:23:51.843,0.88549,0.88582,1.00,1.00
2015.12.15 22:23:52.266,0.88553,0.88584,1.00,1.37
2015.12.15 22:23:52.368,0.88552,0.88587,1.00,1.00
2015.12.15 22:23:52.470,0.88552,0.88592,1.00,1.87
2015.12.15 22:23:53.020,0.88553,0.88592,1.00,1.87
2015.12.15 22:23:55.035,0.88554,0.88592,1.00,1.87
2015.12.15 22:23:57.327,0.88553,0.88592,1.00,1.37
2015.12.15 22:23:57.381,0.88551,0.88592,1.50,1.37
2015.12.15 22:23:57.483,0.88551,0.88588,1.00,1.37
2015.12.15 22:23:57.635,0.88547,0.88588,1.50,1.37
2015.12.15 22:23:59.453,0.88547,0.88585,1.00,1.00
2015.12.15 22:24:00.999,0.88547,0.88588,1.00,1.87
2015.12.15 22:24:03.679,0.88547,0.88585,1.00,1.00
2015.12.15 22:24:09.187,0.88547,0.88588,1.00,1.37
2015.12.15 22:24:09.238,0.88547,0.88582,1.00,1.00
2015.12.15 22:24:10.403,0.88547,0.8858,1.00,1.00
2015.12.15 22:24:11.569,0.88547,0.88581,1.00,1.00
2015.12.15 22:24:11.728,0.88547,0.88583,1.00,1.00
2015.12.15 22:24:12.440,0.88547,0.88585,1.00,1.00
2015.12.15 22:24:12.693,0.88547,0.8858,1.00,1.00
2015.12.15 22:24:15.186,0.88547,0.88584,1.00,1.00
2015.12.15 22:24:16.431,0.88547,0.8858,1.00,1.00
2015.12.15 22:24:17.113,0.88547,0.88581,1.00,1.00
2015.12.15 22:24:17.508,0.88547,0.88585,1.00,1.00
2015.12.15 22:24:19.602,0.88549,0.88593,1.12,1.37
2015.12.15 22:24:19.804,0.88547,0.8859,2.62,1.00
2015.12.15 22:24:21.059,0.88547,0.88592,3.37,1.12
2015.12.15 22:24:23.213,0.88554,0.88597,1.00,1.87
2015.12.15 22:24:24.081,0.88553,0.88597,1.00,1.87
2015.12.15 22:24:24.601,0.88553,0.88594,1.50,1.00
2015.12.15 22:24:25.327,0.88553,0.88597,1.50,1.87
2015.12.15 22:24:27.233,0.88552,0.88596,1.87,1.37
2015.12.15 22:24:27.753,0.88553,0.88597,1.00,1.87
2015.12.15 22:24:28.415,0.88553,0.88591,1.00,1.37
2015.12.15 22:24:28.466,0.88551,0.88591,1.00,1.37
2015.12.15 22:24:28.517,0.88547,0.88591,1.87,1.37
2015.12.15 22:24:29.787,0.88547,0.88589,1.00,1.12
2015.12.15 22:24:29.891,0.88547,0.88588,1.00,1.37
2015.12.15 22:24:32.823,0.88547,0.88584,1.00,1.37
2015.12.15 22:24:42.338,0.88546,0.88583,1.37,1.37
2015.12.15 22:24:49.225,0.88546,0.88579,1.37,1.00
2015.12.15 22:24:49.672,0.88545,0.88576,1.37,1.37
2015.12.15 22:24:51.829,0.88542,0.88583,1.87,1.37
2015.12.15 22:24:52.133,0.88542,0.88581,1.87,1.37
2015.12.15 22:24:56.448,0.88541,0.88581,1.12,1.37
2015.12.15 22:24:56.753,0.88539,0.88574,1.37,1.00
2015.12.15 22:24:57.124,0.88537,0.88574,1.37,1.00
2015.12.15 22:24:58.148,0.88537,0.88572,1.37,1.00
2015.12.15 22:24:59.568,0.88538,0.88572,1.37,1.12
2015.12.15 22:25:00.201,0.88537,0.88572,1.37,1.00
2015.12.15 22:25:00.802,0.88537,0.88571,1.37,1.00
2015.12.15 22:25:01.330,0.88538,0.88571,1.37,1.00
2015.12.15 22:25:01.959,0.88537,0.88571,1.37,1.00
2015.12.15 22:25:02.261,0.88542,0.88569,1.00,1.00
2015.12.15 22:25:02.533,0.88537,0.88581,1.87,1.37
2015.12.15 22:25:02.736,0.8854,0.88582,1.87,1.37
2015.12.15 22:25:04.060,0.88543,0.88582,1.00,1.37
2015.12.15 22:25:05.034,0.88544,0.88582,1.00,1.37
2015.12.15 22:25:05.547,0.88542,0.88581,1.37,1.37
2015.12.15 22:25:07.118,0.88542,0.88581,1.87,1.37
2015.12.15 22:25:07.634,0.88542,0.88582,1.37,2.62
2015.12.15 22:25:07.937,0.88542,0.88577,1.37,1.87
2015.12.15 22:25:08.470,0.88542,0.88575,1.00,1.37
2015.12.15 22:25:09.785,0.88549,0.88575,1.00,1.37
2015.12.15 22:25:10.023,0.88549,0.8858,1.00,1.37
2015.12.15 22:25:10.085,0.88547,0.8858,1.12,1.37
2015.12.15 22:25:13.246,0.88546,0.88579,1.75,1.00
2015.12.15 22:25:13.348,0.88548,0.88579,1.50,1.00
2015.12.15 22:25:13.851,0.88548,0.8858,1.50,1.00
2015.12.15 22:25:15.822,0.88548,0.88581,2.25,1.50
2015.12.15 22:25:15.974,0.88556,0.88594,1.00,1.37
2015.12.15 22:25:16.076,0.88557,0.88597,1.37,1.37
2015.12.15 22:25:16.379,0.88561,0.88597,1.00,1.37
2015.12.15 22:25:16.752,0.88561,0.88599,1.00,1.37
2015.12.15 22:25:17.255,0.88561,0.886,1.12,1.37
2015.12.15 22:25:18.264,0.88563,0.886,1.00,1.37
2015.12.15 22:25:21.561,0.88562,0.886,1.00,1.37
2015.12.15 22:25:21.866,0.88561,0.88595,1.00,1.00
2015.12.15 22:25:22.495,0.88561,0.88594,1.00,1.00
2015.12.15 22:25:23.123,0.88561,0.88595,1.00,1.00
2015.12.15 22:25:26.236,0.88559,0.88594,1.37,1.00
2015.12.15 22:25:26.287,0.88557,0.88594,1.37,1.00
2015.12.15 22:25:26.540,0.88557,0.88589,1.37,1.00
2015.12.15 22:25:31.047,0.88557,0.88587,1.37,1.00
2015.12.15 22:25:34.420,0.88555,0.88587,1.37,1.50
2015.12.15 22:25:34.471,0.88555,0.88584,1.37,1.00
2015.12.15 22:25:35.071,0.88554,0.88583,1.37,1.00
2015.12.15 22:25:38.347,0.88554,0.88585,1.37,1.50
2015.12.15 22:25:39.822,0.88554,0.88588,1.87,1.00
2015.12.15 22:25:40.025,0.88558,0.88587,1.37,1.00
2015.12.15 22:25:40.178,0.88563,0.886,1.00,1.37
2015.12.15 22:25:40.380,0.88563,0.88602,1.00,1.37
2015.12.15 22:25:40.911,0.88562,0.88602,1.12,1.37
2015.12.15 22:25:46.180,0.88566,0.88602,1.00,1.37
2015.12.15 22:25:47.223,0.88567,0.88602,1.00,1.37
2015.12.15 22:25:48.535,0.8857,0.88602,1.00,1.37
2015.12.15 22:25:49.436,0.88569,0.88602,1.00,1.37
2015.12.15 22:25:49.817,0.88563,0.88602,1.00,1.37
2015.12.15 22:25:50.417,0.88561,0.88602,1.37,1.37
2015.12.15 22:25:50.518,0.88554,0.88591,1.00,1.12
2015.12.15 22:25:50.822,0.88544,0.88579,1.12,1.00
2015.12.15 22:25:51.348,0.88545,0.88579,1.00,1.00
2015.12.15 22:25:51.400,0.88545,0.88582,2.62,1.00
2015.12.15 22:25:51.501,0.88549,0.88583,1.00,1.12
2015.12.15 22:25:51.870,0.88551,0.88592,1.37,1.37
2015.12.15 22:25:51.921,0.88551,0.88594,1.87,1.37
2015.12.15 22:25:52.022,0.88556,0.88598,1.37,1.37
2015.12.15 22:26:08.483,0.88563,0.88598,1.00,1.37
2015.12.15 22:26:08.687,0.88559,0.88598,1.00,1.37
2015.12.15 22:26:09.219,0.88562,0.88598,1.00,1.37
2015.12.15 22:26:10.497,0.88564,0.88598,1.00,1.37
2015.12.15 22:26:10.802,0.88573,0.886,1.00,1.37
2015.12.15 22:26:12.175,0.88572,0.886,1.00,1.37
2015.12.15 22:26:12.676,0.88569,0.886,1.00,1.37
2015.12.15 22:26:12.727,0.88571,0.886,1.00,1.37
2015.12.15 22:26:13.139,0.88569,0.886,1.00,1.37
2015.12.15 22:26:13.251,0.88572,0.886,1.00,1.37
2015.12.15 22:26:13.554,0.88576,0.886,1.00,1.37
2015.12.15 22:26:13.858,0.88574,0.886,1.00,1.37
2015.12.15 22:26:14.365,0.88575,0.886,1.00,1.37
2015.12.15 22:26:14.933,0.88575,0.88602,1.00,1.12
2015.12.15 22:26:15.393,0.88577,0.88604,1.00,1.37
2015.12.15 22:26:18.439,0.88576,0.88604,1.00,1.37
2015.12.15 22:26:19.443,0.88577,0.88604,1.00,1.37
2015.12.15 22:26:20.449,0.88578,0.88604,1.00,1.37
2015.12.15 22:26:20.871,0.88578,0.88608,1.00,1.37
2015.12.15 22:26:21.609,0.88581,0.88608,1.00,1.37
2015.12.15 22:26:22.278,0.8858,0.88608,1.00,1.37
2015.12.15 22:26:22.799,0.88579,0.88608,1.00,1.37
2015.12.15 22:26:23.114,0.88579,0.88604,1.00,1.37
2015.12.15 22:26:23.788,0.88578,0.88604,1.00,1.37
2015.12.15 22:26:25.069,0.88577,0.88604,1.00,1.37
2015.12.15 22:26:25.611,0.88576,0.88604,1.00,1.37
2015.12.15 22:26:25.829,0.88567,0.88602,1.00,1.87
2015.12.15 22:26:25.880,0.88566,0.88594,1.00,1.37
2015.12.15 22:26:25.931,0.88557,0.88594,1.00,1.37
2015.12.15 22:26:27.575,0.88548,0.88594,1.12,1.37
2015.12.15 22:26:29.539,0.88549,0.88594,1.00,1.37
2015.12.15 22:26:29.640,0.88551,0.88594,1.00,1.37
2015.12.15 22:26:29.947,0.88556,0.88594,1.00,1.37
2015.12.15 22:26:30.249,0.8856,0.88594,1.00,1.37
2015.12.15 22:26:30.655,0.88562,0.88594,1.00,1.37
2015.12.15 22:26:37.133,0.88564,0.88594,1.00,1.37
2015.12.15 22:26:46.472,0.88562,0.88594,1.00,1.37
2015.12.15 22:26:47.131,0.88561,0.88594,1.00,1.37
2015.12.15 22:26:59.485,0.88562,0.88594,1.00,1.37
2015.12.15 22:27:02.865,0.88564,0.88594,1.00,1.37
2015.12.15 22:27:18.180,0.88562,0.88594,1.50,1.37
2015.12.15 22:27:18.231,0.88562,0.88596,1.50,1.37
2015.12.15 22:27:18.282,0.88564,0.88596,1.00,1.37
2015.12.15 22:27:22.617,0.88567,0.88596,1.00,1.37
2015.12.15 22:27:22.719,0.88571,0.88604,1.00,1.87
2015.12.15 22:27:24.570,0.88572,0.88604,1.00,1.37
2015.12.15 22:27:24.768,0.88574,0.88604,1.00,1.37
2015.12.15 22:27:34.358,0.88577,0.88604,1.00,1.37
2015.12.15 22:27:35.869,0.88573,0.88601,1.00,1.37
2015.12.15 22:27:36.338,0.8857,0.88596,1.00,1.37
2015.12.15 22:27:36.439,0.88568,0.88596,1.00,1.37
2015.12.15 22:27:40.067,0.88571,0.88596,1.00,1.37
2015.12.15 22:27:40.410,0.88573,0.88596,1.00,1.37
2015.12.15 22:27:46.558,0.88572,0.88596,1.00,1.37
2015.12.15 22:27:47.059,0.88571,0.88596,1.00,1.37
2015.12.15 22:27:48.508,0.88569,0.88596,1.00,1.37
2015.12.15 22:27:49.168,0.88567,0.88596,1.00,1.37
2015.12.15 22:27:53.897,0.88569,0.88596,1.00,1.37
2015.12.15 22:27:54.882,0.88569,0.886,1.00,1.37
2015.12.15 22:27:54.933,0.88572,0.886,1.00,1.37
2015.12.15 22:27:55.371,0.88574,0.886,1.00,1.37
2015.12.15 22:27:59.016,0.88574,0.88599,1.00,1.37
2015.12.15 22:28:01.171,0.88574,0.886,1.00,1.37
2015.12.15 22:28:01.599,0.88576,0.886,1.00,1.37
2015.12.15 22:28:02.372,0.88576,0.88599,1.00,1.37
2015.12.15 22:28:02.543,0.88578,0.88603,1.00,1.37
2015.12.15 22:28:02.809,0.8858,0.88603,1.00,1.37
2015.12.15 22:28:04.278,0.88578,0.88603,1.00,1.37
2015.12.15 22:28:05.036,0.88577,0.88603,1.00,1.37
2015.12.15 22:28:06.813,0.88578,0.88603,1.00,1.37
2015.12.15 22:28:08.442,0.8858,0.88606,1.00,1.37
2015.12.15 22:28:08.990,0.88581,0.88606,1.00,1.37
2015.12.15 22:28:11.320,0.8858,0.88606,1.00,1.37
2015.12.15 22:28:12.601,0.88572,0.88596,1.00,1.37
2015.12.15 22:28:12.703,0.88567,0.88596,1.00,1.37
2015.12.15 22:28:12.754,0.88563,0.88596,1.00,1.37
2015.12.15 22:28:12.855,0.88557,0.88596,1.12,1.37
2015.12.15 22:28:15.993,0.88551,0.88593,1.37,1.37
2015.12.15 22:28:16.344,0.8856,0.88593,1.00,1.37
2015.12.15 22:28:21.430,0.88563,0.88596,1.00,1.37
2015.12.15 22:28:21.769,0.88565,0.88596,1.00,1.37
2015.12.15 22:28:23.896,0.88565,0.88598,1.00,1.37
2015.12.15 22:28:23.947,0.88568,0.88598,1.00,1.37
2015.12.15 22:28:24.526,0.88569,0.88598,1.00,1.37
2015.12.15 22:28:24.828,0.88569,0.88593,1.00,1.37
2015.12.15 22:28:26.029,0.88572,0.88593,1.00,1.37
2015.12.15 22:28:27.018,0.88575,0.88596,1.00,1.37
2015.12.15 22:28:28.583,0.88576,0.88596,1.00,1.37
2015.12.15 22:28:30.536,0.8858,0.88599,1.00,1.37
2015.12.15 22:28:37.730,0.8858,0.8859,1.00,1.37
2015.12.15 22:28:37.832,0.88557,0.88586,1.37,1.37
2015.12.15 22:28:37.933,0.88557,0.88583,1.37,1.37
2015.12.15 22:28:40.053,0.88557,0.88585,1.87,1.37
2015.12.15 22:28:40.155,0.88557,0.88587,1.12,1.37
2015.12.15 22:28:40.257,0.88559,0.88587,1.37,1.37
2015.12.15 22:28:40.358,0.88559,0.88589,1.37,1.37
2015.12.15 22:28:42.170,0.88562,0.88589,1.37,1.37
2015.12.15 22:28:42.221,0.88562,0.88592,1.37,1.37
2015.12.15 22:28:42.423,0.88565,0.88598,1.00,1.00
2015.12.15 22:28:42.478,0.88575,0.88598,1.00,1.00
2015.12.15 22:28:42.529,0.88575,0.88603,1.00,1.37
2015.12.15 22:28:42.871,0.88579,0.88603,1.00,1.37
2015.12.15 22:28:45.927,0.88581,0.88603,1.00,1.37
2015.12.15 22:28:47.827,0.88576,0.886,1.00,1.37
2015.12.15 22:28:57.366,0.88578,0.886,1.00,1.37
2015.12.15 22:29:05.152,0.88578,0.88596,1.00,1.37
2015.12.15 22:29:05.304,0.88574,0.88596,1.00,1.37
2015.12.15 22:29:05.406,0.88571,0.88596,1.50,1.37
2015.12.15 22:29:06.857,0.88569,0.88596,1.50,1.37
2015.12.15 22:29:10.459,0.88567,0.88596,1.00,1.37
2015.12.15 22:29:10.872,0.88566,0.88592,1.00,1.37
2015.12.15 22:29:12.463,0.88565,0.88592,1.12,1.37
2015.12.15 22:29:13.015,0.88565,0.88593,1.00,1.37
2015.12.15 22:29:14.289,0.88565,0.88589,1.00,1.37
2015.12.15 22:29:14.826,0.88564,0.88589,1.00,1.37
2015.12.15 22:29:15.399,0.88564,0.88588,1.00,1.37
2015.12.15 22:29:15.956,0.88564,0.88589,1.00,1.37
2015.12.15 22:29:16.487,0.88564,0.88588,1.00,1.37
2015.12.15 22:29:17.963,0.88564,0.88589,1.00,1.37
2015.12.15 22:29:21.388,0.88564,0.88588,1.00,1.37
2015.12.15 22:29:22.169,0.88564,0.88589,1.00,1.37
2015.12.15 22:29:23.305,0.88564,0.88588,1.00,1.37
2015.12.15 22:29:24.296,0.88564,0.88589,1.00,1.37
2015.12.15 22:29:24.891,0.88563,0.88589,1.00,1.37
2015.12.15 22:29:26.808,0.88563,0.88586,1.00,1.37
2015.12.15 22:29:27.545,0.88562,0.88585,1.00,1.37
2015.12.15 22:29:31.725,0.8856,0.88585,1.12,1.37
2015.12.15 22:29:31.927,0.88556,0.88583,1.37,1.37
2015.12.15 22:29:33.104,0.88555,0.88583,1.37,1.37
2015.12.15 22:29:35.083,0.88553,0.88583,1.37,1.37
2015.12.15 22:29:35.261,0.88553,0.8858,1.37,1.37
2015.12.15 22:29:35.413,0.88551,0.8858,1.37,1.37
2015.12.15 22:29:40.981,0.88554,0.88582,1.37,1.37
2015.12.15 22:29:46.497,0.88554,0.88587,1.37,1.37
2015.12.15 22:29:46.599,0.88554,0.88587,1.75,1.37
2015.12.15 22:29:46.701,0.88563,0.88594,1.00,1.87
2015.12.15 22:29:46.903,0.88561,0.88588,1.37,1.37
2015.12.15 22:29:47.207,0.88558,0.88585,1.37,1.37
2015.12.15 22:29:47.309,0.88557,0.88585,1.00,1.37
2015.12.15 22:29:55.826,0.88557,0.88581,1.37,1.37
2015.12.15 22:29:55.928,0.88554,0.88581,1.37,1.37
2015.12.15 22:30:00.064,0.88549,0.88577,1.37,1.37
2015.12.15 22:30:00.707,0.8855,0.88576,1.37,1.37
2015.12.15 22:30:01.357,0.88547,0.88577,1.37,1.37
2015.12.15 22:30:01.853,0.88546,0.88573,1.37,1.37
2015.12.15 22:30:02.156,0.88546,0.88575,1.37,1.37
2015.12.15 22:30:04.263,0.88551,0.88579,1.37,1.37
2015.12.15 22:30:05.132,0.88551,0.88581,1.37,1.37
2015.12.15 22:30:05.234,0.88555,0.8858,1.37,1.37
2015.12.15 22:30:06.666,0.88554,0.88582,1.37,1.37
2015.12.15 22:30:08.407,0.88553,0.88578,1.37,1.37
2015.12.15 22:30:18.679,0.88551,0.88578,1.37,1.37
2015.12.15 22:30:19.598,0.88549,0.88575,1.37,1.37
2015.12.15 22:30:24.971,0.88548,0.88575,1.37,1.37
2015.12.15 22:30:38.120,0.88547,0.88576,1.37,1.37
2015.12.15 22:30:40.186,0.8855,0.88579,1.37,1.37
2015.12.15 22:30:42.727,0.88551,0.88582,1.37,1.37
2015.12.15 22:30:44.292,0.88553,0.88582,1.00,1.37
2015.12.15 22:30:45.337,0.88554,0.88583,1.37,1.37
2015.12.15 22:30:46.090,0.88554,0.88584,1.37,1.37
2015.12.15 22:30:50.290,0.88558,0.88584,1.00,1.37
2015.12.15 22:30:52.988,0.88562,0.88588,1.37,1.37
2015.12.15 22:30:53.505,0.88561,0.88589,1.87,1.37
2015.12.15 22:30:56.923,0.88562,0.88592,1.37,1.37
2015.12.15 22:30:57.468,0.88566,0.88592,1.00,1.37
2015.12.15 22:31:01.420,0.88569,0.88592,1.00,1.37
2015.12.15 22:31:01.522,0.88569,0.88595,1.50,1.37
2015.12.15 22:31:01.828,0.88572,0.88595,1.00,1.37
2015.12.15 22:31:16.835,0.88573,0.88595,1.00,1.37
2015.12.15 22:31:22.617,0.88575,0.88595,1.00,1.37
2015.12.15 22:31:23.293,0.88573,0.88595,1.00,1.37
2015.12.15 22:31:25.107,0.88573,0.88594,1.00,1.37
2015.12.15 22:31:27.502,0.88577,0.88599,1.37,1.37
2015.12.15 22:31:31.193,0.88576,0.88598,1.00,1.37
2015.12.15 22:31:32.671,0.88576,0.88599,1.00,1.37
2015.12.15 22:31:33.881,0.88576,0.88587,1.00,1.37
2015.12.15 22:31:33.984,0.88563,0.88587,1.50,1.37
2015.12.15 22:31:34.237,0.88557,0.88587,1.00,1.37
2015.12.15 22:31:38.527,0.88557,0.88586,1.00,1.37
2015.12.15 22:31:40.624,0.88549,0.88578,1.37,1.37
2015.12.15 22:31:41.687,0.88548,0.88576,1.37,1.37
2015.12.15 22:31:43.925,0.88547,0.88576,1.37,1.37
2015.12.15 22:31:46.671,0.88548,0.88575,1.37,1.37
2015.12.15 22:31:47.102,0.88546,0.88575,1.37,1.37
2015.12.15 22:31:51.024,0.88545,0.88573,1.37,1.37
2015.12.15 22:31:51.227,0.88542,0.88573,1.37,1.37
2015.12.15 22:31:59.206,0.88543,0.88575,1.37,1.37
2015.12.15 22:32:01.319,0.88546,0.88576,1.37,1.37
2015.12.15 22:32:02.049,0.88543,0.88573,1.37,1.37
2015.12.15 22:32:02.353,0.88542,0.8857,1.37,1.37
2015.12.15 22:32:06.074,0.8854,0.8857,1.37,1.37
2015.12.15 22:32:06.327,0.8854,0.88567,1.37,1.37
2015.12.15 22:32:06.688,0.88538,0.88567,1.37,1.37
2015.12.15 22:32:07.761,0.88541,0.88569,1.37,1.37
2015.12.15 22:32:08.555,0.88541,0.88569,1.00,1.37
2015.12.15 22:32:09.059,0.88539,0.88569,1.87,1.37
2015.12.15 22:32:26.511,0.88541,0.88569,1.00,1.37
2015.12.15 22:32:27.033,0.88539,0.88569,1.87,1.37
2015.12.15 22:32:27.897,0.88539,0.88573,1.37,1.37
2015.12.15 22:32:28.402,0.88541,0.88573,1.50,1.37
2015.12.15 22:32:28.454,0.88541,0.88573,1.87,1.37
2015.12.15 22:32:28.606,0.88541,0.88573,1.12,1.37
2015.12.15 22:32:29.123,0.88542,0.88573,1.00,1.37
2015.12.15 22:32:29.628,0.8854,0.88573,1.87,1.37
2015.12.15 22:32:30.172,0.88542,0.88573,1.00,1.37
2015.12.15 22:32:30.375,0.8854,0.88573,1.12,1.37
2015.12.15 22:32:30.660,0.88543,0.88573,1.37,1.37
2015.12.15 22:32:32.981,0.88543,0.8858,1.87,1.37
2015.12.15 22:32:33.251,0.88547,0.8858,1.87,1.37
2015.12.15 22:32:33.605,0.88549,0.8858,1.00,1.37
2015.12.15 22:32:33.909,0.88547,0.8858,1.87,1.37
2015.12.15 22:32:34.162,0.88549,0.8858,1.00,1.37
2015.12.15 22:32:34.815,0.88548,0.8858,1.00,1.37
2015.12.15 22:32:35.316,0.88547,0.8858,1.87,1.37
2015.12.15 22:32:35.620,0.88549,0.8858,1.00,1.37
2015.12.15 22:32:36.026,0.88551,0.8858,1.00,1.37
2015.12.15 22:32:36.533,0.88551,0.88579,1.37,1.37
2015.12.15 22:32:36.685,0.8855,0.88584,1.37,1.37
2015.12.15 22:32:37.095,0.88556,0.88584,1.00,1.37
2015.12.15 22:32:42.295,0.88554,0.88584,1.00,1.37
2015.12.15 22:32:42.854,0.88553,0.88584,1.00,1.37
2015.12.15 22:32:46.340,0.88555,0.88584,1.00,1.37
2015.12.15 22:32:46.441,0.88556,0.88588,1.00,1.37
2015.12.15 22:32:46.776,0.88558,0.88588,1.00,1.37
2015.12.15 22:32:49.514,0.88559,0.88588,1.00,1.37
2015.12.15 22:32:52.314,0.88559,0.88591,1.50,1.37
2015.12.15 22:32:52.417,0.88561,0.88591,1.00,1.37
2015.12.15 22:32:52.754,0.88564,0.88591,1.00,1.37
2015.12.15 22:32:55.232,0.88564,0.88594,1.00,1.37
2015.12.15 22:32:55.283,0.88568,0.88594,1.00,1.37
2015.12.15 22:32:55.785,0.8857,0.88594,1.00,1.37
2015.12.15 22:32:55.893,0.88568,0.88594,1.50,1.37
2015.12.15 22:33:07.264,0.88569,0.88594,1.00,1.37
2015.12.15 22:33:07.780,0.88568,0.88594,1.00,1.37
2015.12.15 22:33:08.329,0.88569,0.88594,1.00,1.37
2015.12.15 22:33:08.776,0.88563,0.88586,1.00,1.37
2015.12.15 22:33:08.827,0.88559,0.88586,1.00,1.37
2015.12.15 22:33:08.878,0.88556,0.88582,1.00,1.37
2015.12.15 22:33:09.384,0.88554,0.88582,1.37,1.37
2015.12.15 22:33:11.070,0.88552,0.88582,1.37,1.37
2015.12.15 22:33:11.172,0.8855,0.88582,1.37,1.37
2015.12.15 22:33:11.964,0.8855,0.88581,1.37,1.50
2015.12.15 22:33:12.575,0.8855,0.88582,1.37,1.37
2015.12.15 22:33:14.565,0.8855,0.88579,1.37,1.37
2015.12.15 22:33:15.581,0.88549,0.88578,1.37,1.37
2015.12.15 22:33:32.162,0.88548,0.88576,1.37,1.37
2015.12.15 22:33:32.567,0.88546,0.88576,1.37,1.37
2015.12.15 22:33:37.019,0.88546,0.88573,1.37,1.37
2015.12.15 22:33:37.591,0.88545,0.88573,1.37,1.37
2015.12.15 22:33:51.265,0.88547,0.88573,1.00,1.37
2015.12.15 22:33:51.519,0.88541,0.88569,1.87,1.37
2015.12.15 22:33:54.479,0.88541,0.88571,1.37,1.37
2015.12.15 22:34:18.459,0.88544,0.88571,1.37,1.37
2015.12.15 22:34:19.138,0.88544,0.88573,1.37,1.37
2015.12.15 22:34:19.758,0.88547,0.88574,1.37,1.00
2015.12.15 22:34:22.053,0.88547,0.88573,1.37,1.00
2015.12.15 22:34:22.357,0.88545,0.8857,1.37,1.12
2015.12.15 22:34:22.459,0.88542,0.8857,1.37,1.00
2015.12.15 22:34:22.995,0.88542,0.88569,1.37,1.00
2015.12.15 22:34:23.741,0.88542,0.88569,1.37,1.37
2015.12.15 22:34:29.155,0.88541,0.88568,1.37,1.00
2015.12.15 22:34:35.784,0.88542,0.88569,1.37,1.37
2015.12.15 22:34:35.885,0.88543,0.88572,1.37,1.50
2015.12.15 22:34:37.892,0.88542,0.88572,1.37,1.37
2015.12.15 22:34:46.620,0.88543,0.88571,1.37,1.37
2015.12.15 22:34:55.244,0.88541,0.88573,1.37,1.50
2015.12.15 22:34:55.346,0.88543,0.88574,1.37,1.00
2015.12.15 22:35:02.254,0.88546,0.88575,1.37,1.37
2015.12.15 22:35:03.151,0.88546,0.88577,1.37,1.37
2015.12.15 22:35:23.636,0.88546,0.88574,1.37,1.37
2015.12.15 22:35:52.784,0.88547,0.88574,1.37,1.37
2015.12.15 22:35:55.088,0.88547,0.88572,1.37,1.37
2015.12.15 22:35:57.116,0.88542,0.88573,1.87,1.37
2015.12.15 22:35:57.218,0.88542,0.88568,1.00,1.37
2015.12.15 22:35:57.729,0.8854,0.88568,1.87,1.37
2015.12.15 22:35:58.033,0.8854,0.88564,1.00,1.37
2015.12.15 22:35:58.553,0.8854,0.88563,1.00,1.37
2015.12.15 22:35:59.604,0.88536,0.88563,1.12,1.37
2015.12.15 22:35:59.857,0.88538,0.88563,1.00,1.37
2015.12.15 22:36:01.168,0.88538,0.88564,1.87,1.37
2015.12.15 22:36:01.220,0.88538,0.88567,1.87,1.37
2015.12.15 22:36:01.372,0.88541,0.88567,1.00,1.37
2015.12.15 22:36:01.424,0.88541,0.88569,1.00,1.37
2015.12.15 22:36:01.577,0.88545,0.8857,1.00,1.37
2015.12.15 22:36:01.896,0.8854,0.8857,1.87,1.37
2015.12.15 22:36:02.149,0.88543,0.88566,1.00,1.37
2015.12.15 22:36:02.781,0.88541,0.88566,1.00,1.37
2015.12.15 22:36:04.481,0.88543,0.88566,1.00,1.37
2015.12.15 22:36:04.793,0.88547,0.88565,1.00,1.37
2015.12.15 22:36:06.132,0.88547,0.88569,1.00,1.37
2015.12.15 22:36:06.440,0.88545,0.88569,1.00,1.37
2015.12.15 22:36:08.941,0.88546,0.88569,1.00,1.37
2015.12.15 22:36:09.462,0.88545,0.88569,1.00,1.37
2015.12.15 22:36:11.518,0.88547,0.88569,1.00,1.37
2015.12.15 22:36:11.720,0.88545,0.8857,1.00,1.37
2015.12.15 22:36:13.011,0.88546,0.8857,1.00,1.37
2015.12.15 22:36:14.017,0.88547,0.8857,1.00,1.37
2015.12.15 22:36:15.018,0.88548,0.8857,1.00,1.37
2015.12.15 22:36:15.362,0.88546,0.8857,1.50,1.37
2015.12.15 22:36:17.458,0.88547,0.8857,1.00,1.37
2015.12.15 22:36:18.010,0.88548,0.8857,1.00,1.37
2015.12.15 22:36:25.331,0.88547,0.8857,1.50,1.37
2015.12.15 22:36:25.921,0.88548,0.8857,1.00,1.37
2015.12.15 22:36:26.123,0.88551,0.88574,1.00,1.37
2015.12.15 22:36:26.685,0.88552,0.88574,1.50,1.37
2015.12.15 22:36:28.724,0.88553,0.88574,1.00,1.37
2015.12.15 22:36:31.297,0.88552,0.88574,1.00,1.37
2015.12.15 22:36:33.031,0.88551,0.88574,1.50,1.37
2015.12.15 22:36:33.372,0.88551,0.88571,1.50,1.37
2015.12.15 22:36:35.581,0.88551,0.8857,1.50,1.37
2015.12.15 22:36:43.271,0.88552,0.8857,1.00,1.37
2015.12.15 22:37:00.108,0.88551,0.8857,1.00,1.37
2015.12.15 22:37:01.647,0.88549,0.88568,1.00,1.37
2015.12.15 22:37:10.229,0.88548,0.88568,1.00,1.37
2015.12.15 22:37:10.628,0.88551,0.88568,1.00,1.37
2015.12.15 22:37:11.764,0.88543,0.88557,1.00,1.37
2015.12.15 22:37:11.866,0.88537,0.88557,1.00,1.37
2015.12.15 22:37:12.018,0.88535,0.88557,1.00,1.37
2015.12.15 22:37:12.330,0.88533,0.88557,1.00,1.37
2015.12.15 22:37:14.389,0.88534,0.88557,1.00,1.37
2015.12.15 22:37:16.503,0.88535,0.88557,1.00,1.37
2015.12.15 22:37:16.836,0.88538,0.88557,1.00,1.37
2015.12.15 22:37:20.262,0.88538,0.88558,1.00,1.37
2015.12.15 22:37:32.177,0.88538,0.88561,1.00,1.37
2015.12.15 22:37:32.228,0.8854,0.88561,1.00,1.37
2015.12.15 22:37:32.531,0.88543,0.88561,1.00,1.37
2015.12.15 22:37:38.169,0.88542,0.88561,1.00,1.37
2015.12.15 22:37:38.698,0.88541,0.88561,1.00,1.37
2015.12.15 22:37:39.001,0.88543,0.88561,1.00,1.37
2015.12.15 22:37:39.525,0.88542,0.88561,1.00,1.37
2015.12.15 22:37:40.376,0.88542,0.8856,1.00,1.37
2015.12.15 22:37:40.683,0.88545,0.88563,1.00,1.37
2015.12.15 22:37:42.482,0.88547,0.88565,1.00,1.37
2015.12.15 22:37:44.881,0.88547,0.88564,1.00,1.37
2015.12.15 22:37:45.442,0.88546,0.88564,1.00,1.37
2015.12.15 22:37:48.954,0.88547,0.88564,1.00,1.37
2015.12.15 22:37:49.460,0.88546,0.88564,1.00,1.37
2015.12.15 22:37:52.668,0.88545,0.88564,1.00,1.37
2015.12.15 22:37:54.468,0.88546,0.88564,1.00,1.37
2015.12.15 22:37:55.119,0.88547,0.88564,1.00,1.37
2015.12.15 22:38:02.906,0.88545,0.88564,1.00,1.37
2015.12.15 22:38:06.022,0.88546,0.88564,1.00,1.37
2015.12.15 22:38:07.883,0.88545,0.88564,1.00,1.37
2015.12.15 22:38:13.493,0.88546,0.88564,1.00,1.37
2015.12.15 22:38:15.415,0.88545,0.88564,1.00,1.37
2015.12.15 22:38:18.120,0.88546,0.88564,1.00,1.37
2015.12.15 22:38:18.689,0.88545,0.88564,1.00,1.37
2015.12.15 22:38:19.974,0.88544,0.88564,1.00,1.37
2015.12.15 22:38:20.076,0.88546,0.88564,1.00,1.37
2015.12.15 22:38:20.177,0.88544,0.88564,1.00,1.37
2015.12.15 22:38:20.518,0.88546,0.88565,1.00,1.37
2015.12.15 22:38:21.057,0.88544,0.88565,1.00,1.37
2015.12.15 22:38:24.580,0.88545,0.88565,1.00,1.37
2015.12.15 22:38:25.137,0.88546,0.88565,1.00,1.37
2015.12.15 22:38:32.095,0.88545,0.88565,1.00,1.37
2015.12.15 22:38:33.478,0.88547,0.88565,1.00,1.37
2015.12.15 22:38:34.383,0.88545,0.88565,1.00,1.37
2015.12.15 22:38:34.585,0.88547,0.88565,1.00,1.37
2015.12.15 22:38:35.238,0.88545,0.88565,1.00,1.37
2015.12.15 22:38:36.228,0.88543,0.88565,1.00,1.37
2015.12.15 22:38:37.008,0.88544,0.88565,1.00,1.37
2015.12.15 22:38:37.540,0.88543,0.88565,1.00,1.37
2015.12.15 22:38:38.347,0.88544,0.88565,1.00,1.37
2015.12.15 22:38:39.895,0.88545,0.88565,1.00,1.37
2015.12.15 22:38:43.157,0.88544,0.88565,1.00,1.37
2015.12.15 22:38:43.818,0.88545,0.88565,1.00,1.37
2015.12.15 22:38:44.335,0.88544,0.88565,1.00,1.37
2015.12.15 22:38:46.376,0.88545,0.88565,1.00,1.37
2015.12.15 22:38:46.924,0.88544,0.88565,1.00,1.37
2015.12.15 22:38:47.448,0.88546,0.88565,1.00,1.37
2015.12.15 22:38:49.574,0.88544,0.88565,1.00,1.37
2015.12.15 22:38:50.118,0.88545,0.88565,1.00,1.37
2015.12.15 22:38:54.417,0.88544,0.88565,1.00,1.37
2015.12.15 22:38:57.904,0.88543,0.88565,1.00,1.37
2015.12.15 22:38:58.124,0.88538,0.88565,1.00,1.37
2015.12.15 22:38:58.226,0.88538,0.88561,1.00,1.37
2015.12.15 22:38:58.530,0.8854,0.88561,1.00,1.37
2015.12.15 22:38:58.631,0.8854,0.88563,1.00,1.37
2015.12.15 22:38:59.165,0.8854,0.88562,1.00,1.37
2015.12.15 22:39:00.747,0.8854,0.88563,1.50,1.37
2015.12.15 22:39:00.899,0.88543,0.88563,1.00,1.37
2015.12.15 22:39:00.950,0.88543,0.88565,1.00,1.37
2015.12.15 22:39:02.337,0.88543,0.88564,1.00,1.37
2015.12.15 22:39:02.843,0.88544,0.88564,1.00,1.37
2015.12.15 22:39:03.506,0.88544,0.88565,1.00,1.37
2015.12.15 22:39:04.049,0.88543,0.88565,1.00,1.37
2015.12.15 22:39:04.555,0.88544,0.88564,1.00,1.37
2015.12.15 22:39:05.099,0.88543,0.88565,1.50,1.37
2015.12.15 22:39:05.201,0.88545,0.88565,1.00,1.37
2015.12.15 22:39:05.353,0.88545,0.88567,1.00,1.37
2015.12.15 22:39:06.748,0.88541,0.88567,1.00,1.37
2015.12.15 22:39:06.936,0.88541,0.88564,1.00,1.37
2015.12.15 22:39:07.037,0.88539,0.88564,1.50,1.37
2015.12.15 22:39:07.593,0.88539,0.88563,1.00,1.37
2015.12.15 22:39:08.120,0.88539,0.88564,1.00,1.37
2015.12.15 22:39:08.628,0.88539,0.88563,1.00,1.37
2015.12.15 22:39:09.179,0.88539,0.88564,1.00,1.37
2015.12.15 22:39:10.217,0.88538,0.88564,1.50,1.37
2015.12.15 22:39:10.659,0.8854,0.88563,1.00,1.37
2015.12.15 22:39:11.362,0.88541,0.88563,1.00,1.37
2015.12.15 22:39:11.565,0.88541,0.88566,1.50,1.37
2015.12.15 22:39:11.666,0.8854,0.88563,1.00,1.37
2015.12.15 22:39:16.298,0.88547,0.88563,1.00,1.37
2015.12.15 22:39:16.533,0.88547,0.88568,1.50,1.37
2015.12.15 22:39:16.995,0.88543,0.88568,1.50,1.37
2015.12.15 22:39:17.046,0.88545,0.88568,1.00,1.37
2015.12.15 22:39:17.953,0.88545,0.88569,1.50,1.37
2015.12.15 22:39:18.485,0.88546,0.88569,1.00,1.37
2015.12.15 22:39:20.042,0.88546,0.8857,1.00,1.37
2015.12.15 22:39:20.346,0.88551,0.88573,1.00,1.37
2015.12.15 22:39:20.549,0.88551,0.88575,1.00,1.37
2015.12.15 22:39:23.445,0.88549,0.88575,1.00,1.37
2015.12.15 22:39:23.753,0.88551,0.88575,1.00,1.37
2015.12.15 22:39:25.153,0.88551,0.88574,1.00,1.37
2015.12.15 22:39:25.668,0.88551,0.88575,1.00,1.37
2015.12.15 22:39:26.074,0.88551,0.88577,1.00,1.37
2015.12.15 22:39:27.529,0.8855,0.88577,1.00,1.37
2015.12.15 22:39:28.284,0.88551,0.88577,1.00,1.37
2015.12.15 22:39:28.487,0.88549,0.88577,1.50,1.37
2015.12.15 22:39:28.589,0.88549,0.88574,1.00,1.37
2015.12.15 22:39:29.119,0.88548,0.88574,1.00,1.37
2015.12.15 22:39:29.594,0.88548,0.88571,1.00,1.37
2015.12.15 22:39:30.166,0.88546,0.88571,1.50,1.37
2015.12.15 22:39:30.369,0.88548,0.88571,1.00,1.37
2015.12.15 22:39:30.874,0.88547,0.88571,1.00,1.37
2015.12.15 22:39:31.380,0.88544,0.88571,1.50,1.37
2015.12.15 22:39:31.915,0.88545,0.88571,1.00,1.37
2015.12.15 22:39:32.464,0.88546,0.88571,1.00,1.37
2015.12.15 22:39:32.971,0.88545,0.88571,1.00,1.37
2015.12.15 22:39:33.462,0.88547,0.88571,1.00,1.37
2015.12.15 22:39:33.563,0.88545,0.88571,1.00,1.37
2015.12.15 22:39:34.067,0.88546,0.88571,1.00,1.37
2015.12.15 22:39:35.987,0.88545,0.88571,1.00,1.37
2015.12.15 22:39:36.522,0.88546,0.88571,1.00,1.37
2015.12.15 22:39:37.127,0.88545,0.88571,1.00,1.37
2015.12.15 22:39:37.744,0.88546,0.88571,1.00,1.37
2015.12.15 22:39:38.274,0.88545,0.88571,1.00,1.37
2015.12.15 22:39:41.579,0.88545,0.88568,1.00,1.37
2015.12.15 22:39:41.725,0.88543,0.88567,1.00,1.37
2015.12.15 22:39:43.230,0.88542,0.88567,1.50,1.37
2015.12.15 22:39:43.766,0.88543,0.88567,1.00,1.37
2015.12.15 22:39:43.984,0.88543,0.88564,1.00,1.37
2015.12.15 22:39:44.540,0.88542,0.88564,1.50,1.37
2015.12.15 22:39:44.844,0.88544,0.88565,1.00,1.37
2015.12.15 22:39:45.022,0.88542,0.88565,1.50,1.37
2015.12.15 22:39:46.523,0.88543,0.88565,1.00,1.37
2015.12.15 22:39:47.529,0.88542,0.88565,1.00,1.37
2015.12.15 22:39:49.500,0.88543,0.88565,1.00,1.37
2015.12.15 22:39:50.355,0.88542,0.88567,1.50,1.37
2015.12.15 22:39:50.510,0.88545,0.88566,1.00,1.37
2015.12.15 22:39:51.471,0.88543,0.88566,1.00,1.37
2015.12.15 22:39:51.522,0.88543,0.88569,1.00,1.37
2015.12.15 22:39:51.623,0.88545,0.88569,1.00,1.37
2015.12.15 22:39:51.921,0.88543,0.88569,1.00,1.37
2015.12.15 22:39:52.455,0.88542,0.88569,1.50,1.37
2015.12.15 22:39:53.059,0.88543,0.88569,1.00,1.37
2015.12.15 22:39:53.167,0.88547,0.88569,1.00,1.37
2015.12.15 22:39:53.696,0.88547,0.88568,1.00,1.37
2015.12.15 22:39:54.399,0.88547,0.88569,1.00,1.37
2015.12.15 22:39:54.953,0.88547,0.88568,1.00,1.37
2015.12.15 22:39:55.460,0.88547,0.88569,1.00,1.37
2015.12.15 22:39:55.967,0.88547,0.8857,1.00,1.37
2015.12.15 22:39:59.648,0.88545,0.8857,1.00,1.37
2015.12.15 22:39:59.749,0.88547,0.8857,1.00,1.37
2015.12.15 22:40:00.571,0.88544,0.8857,1.00,1.37
2015.12.15 22:40:01.523,0.88543,0.8857,1.00,1.37
2015.12.15 22:40:02.121,0.88544,0.8857,1.00,1.37
2015.12.15 22:40:03.293,0.88542,0.8857,2.25,1.37
2015.12.15 22:40:03.496,0.88544,0.8857,1.00,1.37
2015.12.15 22:40:04.041,0.88543,0.8857,1.00,1.37
2015.12.15 22:40:04.350,0.88543,0.88566,1.00,1.37
2015.12.15 22:40:04.878,0.88542,0.88566,1.50,1.37
2015.12.15 22:40:08.373,0.88543,0.88566,1.00,1.37
2015.12.15 22:40:08.978,0.88542,0.88566,1.00,1.37
2015.12.15 22:40:12.744,0.88542,0.88565,1.50,1.37
2015.12.15 22:40:13.285,0.88542,0.88564,1.00,1.37
2015.12.15 22:40:17.920,0.88539,0.88564,1.00,1.37
2015.12.15 22:40:19.739,0.8854,0.88564,1.00,1.37
2015.12.15 22:40:20.416,0.88539,0.88564,1.00,1.37
2015.12.15 22:40:20.618,0.88541,0.88564,1.00,1.37
2015.12.15 22:40:21.499,0.8854,0.88564,1.00,1.37
2015.12.15 22:40:22.318,0.88538,0.88564,1.00,1.37
2015.12.15 22:40:22.420,0.88541,0.88564,1.00,1.37
2015.12.15 22:40:22.521,0.88538,0.88564,1.50,1.37
2015.12.15 22:40:22.724,0.88541,0.88564,1.00,1.37
2015.12.15 22:40:23.388,0.8854,0.88564,1.00,1.37
2015.12.15 22:40:23.901,0.88541,0.88564,1.00,1.37
2015.12.15 22:40:23.952,0.88539,0.88564,1.00,1.37
2015.12.15 22:40:24.182,0.88541,0.88564,1.00,1.37
2015.12.15 22:40:24.233,0.88539,0.88564,1.00,1.37
2015.12.15 22:40:24.773,0.88538,0.88564,1.50,1.37
2015.12.15 22:40:25.013,0.88541,0.88564,1.00,1.37
2015.12.15 22:40:25.115,0.88538,0.88564,1.50,1.37
2015.12.15 22:40:25.526,0.88541,0.88564,1.00,1.37
2015.12.15 22:40:25.627,0.88538,0.88564,1.50,1.37
2015.12.15 22:40:26.033,0.88542,0.88564,1.00,1.37
2015.12.15 22:40:26.134,0.88538,0.88564,1.00,1.37
2015.12.15 22:40:26.539,0.88541,0.88564,1.00,1.37
2015.12.15 22:40:26.640,0.88539,0.88564,1.00,1.37
2015.12.15 22:40:26.845,0.88541,0.88564,1.00,1.37
2015.12.15 22:40:26.947,0.88537,0.88564,1.87,1.37
2015.12.15 22:40:26.998,0.88539,0.88564,1.00,1.37
2015.12.15 22:40:27.377,0.88541,0.88564,1.00,1.37
2015.12.15 22:40:27.607,0.88538,0.88564,1.50,1.37
2015.12.15 22:40:27.658,0.88542,0.88564,1.00,1.37
2015.12.15 22:40:27.759,0.88538,0.88564,1.50,1.37
2015.12.15 22:40:27.810,0.8854,0.88564,1.00,1.37
2015.12.15 22:40:27.912,0.88538,0.88564,1.50,1.37
2015.12.15 22:40:31.923,0.88539,0.88564,1.00,1.37
2015.12.15 22:40:32.534,0.88538,0.88564,1.00,1.37
2015.12.15 22:40:33.059,0.88539,0.88564,1.50,1.37
2015.12.15 22:40:33.564,0.88538,0.88564,1.00,1.37
2015.12.15 22:40:34.589,0.88539,0.88564,1.00,1.37
2015.12.15 22:40:34.738,0.88537,0.88564,1.87,1.37
2015.12.15 22:40:35.706,0.88538,0.88564,1.00,1.37
2015.12.15 22:40:36.221,0.88539,0.88564,1.00,1.37
2015.12.15 22:40:36.789,0.8854,0.88564,1.00,1.37
2015.12.15 22:40:36.840,0.88538,0.88564,1.50,1.37
2015.12.15 22:40:37.167,0.88542,0.88564,1.00,1.37
2015.12.15 22:40:37.269,0.88538,0.88564,1.50,1.37
2015.12.15 22:40:37.774,0.88539,0.88564,1.00,1.37
2015.12.15 22:40:39.998,0.88542,0.88564,1.00,1.37
2015.12.15 22:40:40.320,0.88539,0.88564,1.00,1.37
2015.12.15 22:40:40.371,0.88541,0.88565,1.00,1.37
2015.12.15 22:40:42.480,0.88542,0.88565,1.00,1.37
2015.12.15 22:40:42.581,0.8854,0.88565,1.12,1.37
2015.12.15 22:40:42.632,0.88539,0.88553,1.87,1.00
2015.12.15 22:40:42.785,0.88529,0.88553,1.00,1.87
2015.12.15 22:40:42.836,0.88528,0.88549,1.00,1.37
2015.12.15 22:40:43.141,0.88533,0.88549,1.00,1.37
2015.12.15 22:40:43.380,0.88532,0.88553,1.00,1.37
2015.12.15 22:40:43.737,0.88532,0.8855,1.00,1.37
2015.12.15 22:40:51.460,0.88533,0.8855,1.00,1.37
2015.12.15 22:40:51.562,0.88533,0.88553,1.00,1.37
2015.12.15 22:40:59.202,0.88537,0.88553,1.00,1.37
2015.12.15 22:40:59.508,0.88537,0.88546,1.00,1.37
2015.12.15 22:41:00.057,0.88537,0.88548,1.00,1.37
2015.12.15 22:41:09.641,0.88537,0.88551,1.00,1.37
2015.12.15 22:41:11.457,0.88535,0.88555,1.00,1.37
2015.12.15 22:41:11.509,0.88541,0.88555,1.00,1.37
2015.12.15 22:41:11.560,0.88535,0.88555,1.00,1.37
2015.12.15 22:41:11.763,0.88541,0.88557,1.00,1.37
2015.12.15 22:41:11.864,0.88536,0.88557,1.00,1.37
2015.12.15 22:41:12.374,0.88535,0.88557,1.00,1.37
2015.12.15 22:41:14.461,0.88536,0.88557,1.00,1.37
2015.12.15 22:41:14.966,0.88535,0.88557,1.00,1.37
2015.12.15 22:41:16.147,0.88534,0.88557,1.00,1.37
2015.12.15 22:41:16.761,0.88533,0.88557,1.00,1.37
2015.12.15 22:41:17.064,0.88535,0.88557,1.00,1.37
2015.12.15 22:41:17.267,0.88532,0.88557,1.00,1.37
2015.12.15 22:41:17.453,0.88534,0.88557,1.00,1.37
2015.12.15 22:41:17.829,0.88532,0.88557,1.00,1.37
2015.12.15 22:41:19.906,0.88533,0.88557,1.00,1.37
2015.12.15 22:41:20.422,0.88534,0.88557,1.00,1.37
2015.12.15 22:41:21.007,0.88535,0.88557,1.00,1.37
2015.12.15 22:41:21.927,0.88532,0.88557,1.00,1.37
2015.12.15 22:41:22.913,0.88533,0.88557,1.00,1.37
2015.12.15 22:41:23.119,0.88535,0.88557,1.00,1.37
2015.12.15 22:41:23.685,0.88534,0.88557,1.00,1.37
2015.12.15 22:41:23.976,0.88532,0.88557,1.00,1.37
2015.12.15 22:41:25.522,0.88531,0.88557,1.00,1.37
2015.12.15 22:41:26.176,0.88533,0.88557,1.00,1.37
2015.12.15 22:41:26.418,0.88531,0.88557,1.00,1.37
2015.12.15 22:41:26.962,0.88532,0.88557,1.00,1.37
2015.12.15 22:41:29.158,0.8853,0.88557,1.00,1.37
2015.12.15 22:41:29.367,0.88532,0.88557,1.00,1.37
2015.12.15 22:41:37.850,0.88534,0.88557,1.00,1.37
2015.12.15 22:41:38.202,0.88532,0.88557,1.00,1.37
2015.12.15 22:41:38.863,0.88534,0.88557,1.00,1.37
2015.12.15 22:41:39.402,0.88533,0.88557,1.00,1.37
2015.12.15 22:41:45.558,0.88534,0.88557,1.00,1.37
2015.12.15 22:41:49.827,0.88533,0.88557,1.00,1.37
2015.12.15 22:41:52.356,0.88534,0.88557,1.00,1.37
2015.12.15 22:41:57.788,0.88532,0.88557,1.00,1.37
2015.12.15 22:41:59.373,0.88533,0.88557,1.00,1.37
2015.12.15 22:41:59.475,0.88534,0.88553,1.00,1.37
2015.12.15 22:41:59.779,0.88533,0.88551,1.00,1.37
2015.12.15 22:42:02.388,0.88534,0.88551,1.00,1.37
2015.12.15 22:42:03.004,0.88533,0.88551,1.00,1.37
2015.12.15 22:42:03.995,0.8854,0.88551,1.00,1.37
2015.12.15 22:42:04.097,0.88538,0.88551,1.00,1.37
2015.12.15 22:42:04.296,0.88538,0.88553,1.00,1.37
2015.12.15 22:42:06.840,0.88535,0.88553,1.00,1.37
2015.12.15 22:42:06.941,0.88533,0.88553,1.00,1.37
2015.12.15 22:42:07.144,0.88533,0.8855,1.00,1.37
2015.12.15 22:42:13.879,0.88537,0.8855,1.00,1.37
2015.12.15 22:42:13.982,0.8854,0.88555,1.00,1.37
2015.12.15 22:42:14.033,0.88537,0.88555,1.00,1.37
2015.12.15 22:42:20.494,0.88533,0.88555,1.50,1.37
2015.12.15 22:42:21.786,0.88533,0.88557,1.50,1.37
2015.12.15 22:42:22.587,0.88534,0.88557,1.00,1.37
2015.12.15 22:42:23.227,0.88533,0.88557,1.50,1.37
2015.12.15 22:42:24.000,0.88534,0.88557,1.00,1.37
2015.12.15 22:42:24.243,0.88535,0.88553,1.00,1.37
2015.12.15 22:42:24.295,0.88532,0.88553,1.50,1.37
2015.12.15 22:42:24.799,0.88532,0.88554,1.00,1.37
2015.12.15 22:42:52.313,0.88535,0.88554,1.00,1.37
2015.12.15 22:42:52.415,0.88532,0.88554,1.00,1.37
2015.12.15 22:42:53.856,0.88532,0.88555,1.00,1.37
2015.12.15 22:42:55.262,0.88532,0.88556,1.50,1.37
2015.12.15 22:42:58.375,0.88533,0.88556,1.00,1.37
2015.12.15 22:42:59.462,0.88532,0.88556,1.00,1.37
2015.12.15 22:43:00.226,0.88535,0.88556,1.00,1.37
2015.12.15 22:43:00.328,0.88532,0.88556,1.50,1.37
2015.12.15 22:43:01.121,0.88534,0.88556,1.00,1.37
2015.12.15 22:43:01.172,0.88534,0.88558,1.00,1.37
2015.12.15 22:43:01.345,0.88532,0.88558,1.50,1.37
2015.12.15 22:43:01.648,0.88534,0.88558,1.00,1.37
2015.12.15 22:43:01.901,0.88532,0.88558,1.50,1.37
2015.12.15 22:43:02.761,0.88534,0.88558,1.00,1.37
2015.12.15 22:43:02.864,0.88532,0.88558,1.50,1.37
2015.12.15 22:43:04.728,0.88533,0.88558,1.00,1.37
2015.12.15 22:43:05.531,0.88532,0.88558,1.50,1.37
2015.12.15 22:43:15.558,0.88529,0.88557,1.00,1.12
2015.12.15 22:43:15.609,0.88529,0.88552,1.00,1.37
2015.12.15 22:43:15.762,0.88526,0.88553,1.00,1.37
2015.12.15 22:43:15.813,0.88526,0.8855,1.00,1.37
2015.12.15 22:43:16.444,0.88526,0.88549,1.00,1.37
2015.12.15 22:43:16.964,0.88525,0.88549,1.00,1.87
2015.12.15 22:43:17.022,0.88523,0.88549,1.50,1.87
2015.12.15 22:43:20.065,0.88522,0.88549,2.25,1.87
2015.12.15 22:43:20.577,0.88522,0.88549,2.62,1.12
2015.12.15 22:43:27.483,0.88522,0.88549,1.87,1.37
2015.12.15 22:43:30.794,0.88523,0.88549,1.00,1.37
2015.12.15 22:43:33.127,0.88523,0.88551,1.87,1.12
2015.12.15 22:43:35.623,0.88525,0.88551,1.00,1.12
2015.12.15 22:43:36.129,0.88523,0.88551,2.62,1.12
2015.12.15 22:43:45.720,0.88525,0.88551,1.00,1.12
2015.12.15 22:43:45.974,0.88535,0.88551,1.00,1.00
2015.12.15 22:43:46.075,0.88525,0.88553,1.00,1.12
2015.12.15 22:43:46.177,0.88536,0.88553,1.00,1.12
2015.12.15 22:43:46.279,0.88532,0.88553,1.00,1.12
2015.12.15 22:43:48.537,0.88532,0.88555,1.00,1.37
2015.12.15 22:43:51.444,0.88532,0.88556,1.00,1.87
2015.12.15 22:43:51.495,0.88535,0.88556,1.00,1.87
2015.12.15 22:43:51.555,0.88532,0.88556,1.00,1.87
2015.12.15 22:43:53.607,0.88532,0.88554,1.00,1.00
2015.12.15 22:43:55.740,0.88532,0.88556,1.00,1.37
2015.12.15 22:44:01.468,0.88533,0.88555,1.00,1.00
2015.12.15 22:44:02.108,0.88532,0.88555,1.00,1.50
2015.12.15 22:44:05.725,0.88532,0.88553,1.00,1.37
2015.12.15 22:44:12.061,0.88532,0.88555,1.50,1.50
2015.12.15 22:44:12.981,0.88532,0.88555,1.50,1.00
2015.12.15 22:44:15.184,0.88532,0.88552,1.00,1.37
2015.12.15 22:44:15.795,0.88533,0.88552,1.00,1.37
2015.12.15 22:44:16.318,0.88533,0.88554,1.00,1.50
2015.12.15 22:44:16.840,0.88532,0.88554,1.50,1.50
2015.12.15 22:44:17.398,0.88529,0.88554,1.00,2.25
2015.12.15 22:44:17.500,0.88529,0.88549,1.00,1.37
2015.12.15 22:44:18.014,0.8853,0.88547,1.00,1.00
2015.12.15 22:44:19.772,0.88528,0.88547,1.00,1.00
2015.12.15 22:44:36.244,0.88528,0.8855,1.00,1.12
2015.12.15 22:44:46.407,0.88529,0.8855,1.00,1.00
2015.12.15 22:44:47.956,0.88529,0.88552,1.00,1.12
2015.12.15 22:44:58.157,0.88529,0.88551,1.00,1.00
2015.12.15 22:45:03.012,0.88529,0.88551,1.00,1.50
2015.12.15 22:45:04.655,0.88529,0.88551,1.00,1.12
2015.12.15 22:45:05.358,0.88529,0.88551,1.00,1.37
2015.12.15 22:45:05.982,0.8853,0.88551,1.00,1.12
2015.12.15 22:45:07.364,0.88531,0.88551,1.00,1.12
2015.12.15 22:45:11.367,0.88531,0.88551,1.00,1.37
2015.12.15 22:45:11.912,0.88531,0.88551,1.00,1.12
2015.12.15 22:45:15.881,0.8853,0.88551,1.00,1.12
2015.12.15 22:45:16.541,0.88531,0.88551,1.00,1.12
2015.12.15 22:45:25.961,0.88532,0.88552,1.00,1.37
2015.12.15 22:45:26.485,0.8853,0.88552,1.00,1.37
2015.12.15 22:45:30.164,0.88531,0.88551,1.00,1.12
2015.12.15 22:45:36.419,0.88532,0.88551,1.00,1.00
2015.12.15 22:45:38.334,0.88525,0.88541,1.87,1.00
2015.12.15 22:45:38.386,0.88525,0.88545,1.37,1.00
2015.12.15 22:45:38.437,0.88524,0.88545,1.00,1.87
2015.12.15 22:45:38.488,0.88517,0.88542,1.00,1.12
2015.12.15 22:45:38.540,0.88518,0.88542,1.37,1.00
2015.12.15 22:45:38.844,0.88522,0.88542,1.00,1.00
2015.12.15 22:45:39.349,0.88523,0.88542,1.00,1.00
2015.12.15 22:45:41.596,0.88523,0.88538,1.00,1.00
2015.12.15 22:45:41.900,0.88522,0.88535,1.00,1.00
2015.12.15 22:45:42.052,0.88522,0.88538,1.00,1.00
2015.12.15 22:45:46.760,0.88522,0.88539,1.00,1.00
2015.12.15 22:45:51.639,0.88522,0.88538,1.00,1.00
2015.12.15 22:45:54.797,0.88522,0.88541,1.50,1.87
2015.12.15 22:45:54.848,0.88528,0.88541,1.00,1.50
2015.12.15 22:45:55.353,0.88527,0.88542,1.00,1.00
2015.12.15 22:45:55.858,0.88522,0.88542,1.00,1.00
2015.12.15 22:45:59.106,0.88522,0.88545,1.00,1.00
2015.12.15 22:46:02.005,0.88522,0.88547,1.00,1.00
2015.12.15 22:46:02.762,0.88522,0.88546,1.00,1.00
2015.12.15 22:46:03.300,0.88522,0.88545,1.00,1.00
2015.12.15 22:46:04.558,0.88522,0.88547,1.50,1.00
2015.12.15 22:46:11.459,0.88523,0.88547,1.00,1.00
2015.12.15 22:46:11.964,0.88522,0.88547,1.50,1.00
2015.12.15 22:46:14.102,0.88523,0.88547,1.00,1.00
2015.12.15 22:46:15.644,0.88522,0.88547,1.00,1.00
2015.12.15 22:46:16.769,0.88522,0.88546,1.00,1.00
2015.12.15 22:46:17.073,0.88522,0.88544,1.00,1.00
2015.12.15 22:46:18.056,0.88527,0.88544,1.00,1.00
2015.12.15 22:46:18.371,0.88527,0.88547,1.00,1.87
2015.12.15 22:46:23.437,0.88527,0.88546,1.00,1.00
2015.12.15 22:46:28.493,0.88527,0.88549,1.00,1.12
2015.12.15 22:46:33.521,0.88527,0.88547,1.00,1.00
2015.12.15 22:46:43.487,0.88528,0.88547,1.00,1.00
2015.12.15 22:46:44.022,0.88528,0.88546,1.00,1.12
2015.12.15 22:46:45.443,0.88522,0.88546,1.50,1.12
2015.12.15 22:46:48.539,0.88522,0.88545,1.50,1.00
2015.12.15 22:46:50.606,0.8852,0.88541,1.12,1.00
2015.12.15 22:46:50.758,0.88517,0.8854,1.00,1.00
2015.12.15 22:46:50.910,0.88517,0.88537,1.00,1.00
2015.12.15 22:46:51.725,0.88512,0.88537,2.62,1.00
2015.12.15 22:46:52.231,0.88512,0.88537,1.00,1.00
2015.12.15 22:46:52.746,0.88512,0.88534,1.00,1.00
2015.12.15 22:46:56.372,0.88513,0.88535,1.12,1.00
2015.12.15 22:46:56.675,0.8852,0.88539,1.00,1.00
2015.12.15 22:46:57.605,0.88522,0.88539,1.00,1.00
2015.12.15 22:46:57.707,0.8852,0.88539,1.00,1.00
2015.12.15 22:47:00.001,0.88521,0.88539,1.00,1.00
2015.12.15 22:47:00.911,0.8852,0.88539,1.00,1.00
2015.12.15 22:47:01.792,0.8852,0.88538,1.00,1.00
2015.12.15 22:47:04.925,0.88518,0.88538,1.00,1.00
2015.12.15 22:47:05.447,0.88519,0.88538,1.00,1.00
2015.12.15 22:47:05.964,0.88518,0.88538,1.00,1.00
2015.12.15 22:47:06.817,0.88518,0.88539,1.00,1.00
2015.12.15 22:47:07.449,0.88519,0.88539,1.00,1.00
2015.12.15 22:47:08.176,0.88518,0.88539,1.50,1.00
2015.12.15 22:47:08.353,0.8852,0.88539,1.00,1.00
2015.12.15 22:47:08.404,0.8852,0.88541,1.00,1.00
2015.12.15 22:47:13.641,0.88519,0.88541,1.00,1.00
2015.12.15 22:47:17.011,0.88519,0.88543,1.50,1.00
2015.12.15 22:47:17.542,0.88519,0.88542,1.00,1.00
2015.12.15 22:47:18.523,0.88518,0.88542,1.00,1.00
2015.12.15 22:47:19.180,0.88518,0.88542,1.87,1.00
2015.12.15 22:47:22.175,0.88519,0.88543,1.12,1.50
2015.12.15 22:47:22.695,0.8852,0.88543,1.00,1.50
2015.12.15 22:47:24.869,0.88519,0.88543,1.12,1.50
2015.12.15 22:47:25.404,0.8852,0.88543,1.00,1.00
2015.12.15 22:47:25.607,0.88519,0.8854,1.00,1.00
2015.12.15 22:47:25.709,0.88517,0.8854,1.00,1.00
2015.12.15 22:47:25.760,0.88514,0.88537,1.37,1.00
2015.12.15 22:47:25.811,0.88513,0.88537,1.87,1.00
2015.12.15 22:47:26.880,0.88514,0.88537,1.00,1.00
2015.12.15 22:47:28.461,0.88513,0.88537,2.62,1.00
2015.12.15 22:47:28.613,0.88513,0.88534,1.87,1.00
2015.12.15 22:47:29.840,0.88514,0.88534,1.00,1.00
2015.12.15 22:47:30.043,0.88514,0.88538,1.00,1.00
2015.12.15 22:47:30.701,0.88512,0.88538,2.62,1.00
2015.12.15 22:47:31.425,0.88517,0.88538,1.00,1.00
2015.12.15 22:47:31.625,0.88512,0.88538,2.62,1.00
2015.12.15 22:47:35.075,0.88512,0.88535,1.87,1.00
2015.12.15 22:47:47.640,0.88513,0.88535,1.00,1.00
2015.12.15 22:47:48.467,0.88512,0.88535,1.50,1.00
2015.12.15 22:47:49.652,0.88513,0.88535,1.00,1.00
2015.12.15 22:47:49.754,0.88511,0.88535,1.87,1.00
2015.12.15 22:47:50.283,0.88512,0.88535,1.50,1.00
2015.12.15 22:47:51.555,0.88513,0.88535,1.00,1.00
2015.12.15 22:47:52.385,0.88512,0.88535,1.50,1.00
2015.12.15 22:47:55.328,0.88511,0.88534,1.12,1.00
2015.12.15 22:47:55.558,0.88514,0.88539,1.00,1.37
2015.12.15 22:47:56.103,0.88515,0.88539,1.00,1.37
2015.12.15 22:47:57.304,0.88514,0.88539,1.50,1.37
2015.12.15 22:47:57.709,0.88512,0.88537,1.50,1.00
2015.12.15 22:47:58.631,0.88516,0.88538,1.00,1.12
2015.12.15 22:47:58.783,0.88521,0.88544,1.00,1.12
2015.12.15 22:47:59.313,0.88522,0.88545,1.00,1.12
2015.12.15 22:48:00.464,0.88521,0.88545,1.00,1.12
2015.12.15 22:48:01.092,0.88522,0.88545,1.00,1.12
2015.12.15 22:48:02.532,0.88519,0.88545,1.00,1.12
2015.12.15 22:48:02.743,0.88519,0.88542,1.00,1.00
2015.12.15 22:48:03.097,0.88519,0.8854,1.00,1.00
2015.12.15 22:48:03.148,0.88515,0.8854,1.12,1.00
2015.12.15 22:48:03.711,0.88517,0.8854,1.00,1.00
2015.12.15 22:48:04.479,0.88515,0.8854,1.12,1.00
2015.12.15 22:48:06.070,0.88514,0.8854,1.50,1.00
2015.12.15 22:48:06.513,0.88514,0.88539,1.87,1.87
2015.12.15 22:48:11.591,0.88513,0.88538,1.00,1.00
2015.12.15 22:48:12.194,0.88514,0.88538,1.00,1.50
2015.12.15 22:48:13.410,0.88514,0.88537,1.00,1.00
2015.12.15 22:48:16.361,0.88513,0.88537,1.00,1.00
2015.12.15 22:48:16.668,0.88515,0.88537,1.00,1.00
2015.12.15 22:48:16.980,0.88513,0.88537,1.00,1.00
2015.12.15 22:48:18.394,0.88513,0.88538,1.00,1.00
2015.12.15 22:48:20.654,0.88514,0.88538,1.00,1.00
2015.12.15 22:48:21.653,0.88512,0.88538,1.50,1.00
2015.12.15 22:48:22.499,0.88513,0.88538,1.00,1.00
2015.12.15 22:48:22.600,0.88516,0.8854,1.00,1.37
2015.12.15 22:48:22.803,0.88516,0.88542,1.50,1.37
2015.12.15 22:48:22.904,0.88518,0.88542,1.00,1.37
2015.12.15 22:48:23.490,0.88518,0.88541,1.00,1.37
2015.12.15 22:48:23.817,0.8852,0.88542,1.00,1.37
2015.12.15 22:48:24.121,0.88524,0.88548,1.00,2.62
2015.12.15 22:48:24.173,0.8853,0.88548,1.00,1.37
2015.12.15 22:48:24.680,0.8853,0.88549,1.50,1.37
2015.12.15 22:48:24.933,0.8853,0.88551,1.50,1.37
2015.12.15 22:48:27.140,0.88529,0.88551,1.00,1.37
2015.12.15 22:48:27.761,0.88532,0.88551,1.00,1.37
2015.12.15 22:48:30.553,0.8853,0.8855,1.50,1.37
2015.12.15 22:48:31.070,0.8853,0.88551,1.00,1.37
2015.12.15 22:48:34.327,0.88532,0.88551,1.00,1.37
2015.12.15 22:48:34.378,0.8853,0.88551,1.50,1.37
2015.12.15 22:48:34.914,0.8853,0.8855,1.00,1.37
2015.12.15 22:48:35.454,0.8853,0.88551,1.00,1.37
2015.12.15 22:48:36.266,0.8853,0.8855,1.00,1.37
2015.12.15 22:48:36.771,0.8853,0.88551,1.00,1.37
2015.12.15 22:48:37.173,0.88533,0.88551,1.00,1.37
2015.12.15 22:48:38.855,0.88531,0.88551,1.50,1.37
2015.12.15 22:48:40.042,0.8853,0.88551,1.50,1.37
2015.12.15 22:48:40.574,0.8853,0.8855,1.50,1.37
2015.12.15 22:48:41.075,0.88531,0.88551,1.00,1.37
2015.12.15 22:48:41.630,0.88531,0.8855,1.00,1.37
2015.12.15 22:48:42.134,0.8853,0.8855,1.00,1.37
2015.12.15 22:48:42.640,0.8853,0.88551,1.00,1.37
2015.12.15 22:48:43.757,0.88531,0.88551,1.00,1.37
2015.12.15 22:48:44.268,0.8853,0.88551,1.50,1.37
2015.12.15 22:48:44.860,0.88531,0.88551,1.00,1.37
2015.12.15 22:48:45.369,0.8853,0.88551,1.50,1.37
2015.12.15 22:48:45.957,0.8853,0.8855,1.00,1.37
2015.12.15 22:48:47.336,0.88531,0.8855,1.00,1.37
2015.12.15 22:48:48.650,0.88531,0.88551,1.00,1.37
2015.12.15 22:48:49.539,0.88531,0.8855,1.00,1.37
2015.12.15 22:48:50.047,0.88531,0.88551,1.00,1.37
2015.12.15 22:48:50.595,0.88532,0.8855,1.00,1.37
2015.12.15 22:48:51.101,0.88532,0.88551,1.00,1.37
2015.12.15 22:48:53.772,0.88532,0.88553,1.00,1.37
2015.12.15 22:48:56.163,0.88534,0.88553,1.00,1.37
2015.12.15 22:48:56.922,0.88533,0.88553,1.00,1.37
2015.12.15 22:48:58.462,0.88532,0.88553,1.00,1.37
2015.12.15 22:49:00.476,0.88531,0.88553,1.50,1.37
2015.12.15 22:49:02.113,0.8853,0.88553,1.50,1.37
2015.12.15 22:49:04.186,0.88531,0.88553,1.00,1.37
2015.12.15 22:49:04.883,0.88529,0.88553,1.50,1.37
2015.12.15 22:49:05.067,0.88531,0.88553,1.00,1.37
2015.12.15 22:49:14.088,0.88529,0.88553,1.50,1.37
2015.12.15 22:49:15.786,0.88531,0.88553,1.00,1.37
2015.12.15 22:49:16.299,0.88529,0.88553,1.00,1.37
2015.12.15 22:49:17.308,0.8853,0.88553,1.50,1.37
2015.12.15 22:49:18.395,0.88531,0.88553,1.00,1.37
2015.12.15 22:49:18.919,0.8853,0.88553,1.50,1.37
2015.12.15 22:49:20.049,0.88533,0.88553,1.00,1.37
2015.12.15 22:49:20.303,0.88531,0.88553,1.00,1.37
2015.12.15 22:49:20.507,0.88529,0.88553,1.50,1.37
2015.12.15 22:49:21.264,0.8853,0.88553,1.00,1.37
2015.12.15 22:49:24.864,0.88531,0.88553,1.00,1.37
2015.12.15 22:49:30.215,0.8853,0.88553,1.00,1.37
2015.12.15 22:49:30.739,0.8853,0.88552,1.00,1.37
2015.12.15 22:49:31.273,0.88529,0.88552,1.00,1.37
2015.12.15 22:49:32.015,0.88529,0.88553,1.00,1.37
2015.12.15 22:49:32.597,0.88529,0.88552,1.00,1.37
2015.12.15 22:49:33.139,0.88529,0.88553,1.00,1.37
2015.12.15 22:49:34.526,0.88529,0.88552,1.00,1.37
2015.12.15 22:49:35.031,0.88529,0.88553,1.00,1.37
2015.12.15 22:49:35.840,0.8853,0.88552,1.00,1.37
2015.12.15 22:49:36.198,0.88532,0.88552,1.00,1.37
2015.12.15 22:49:36.716,0.88532,0.88553,1.00,1.37
2015.12.15 22:49:40.492,0.88531,0.88553,1.50,1.37
2015.12.15 22:49:40.947,0.88533,0.88553,1.00,1.37
2015.12.15 22:50:07.827,0.88534,0.88553,1.00,1.37
2015.12.15 22:50:08.333,0.88533,0.88553,1.50,1.37
2015.12.15 22:50:09.982,0.88534,0.88553,1.00,1.37
2015.12.15 22:50:10.873,0.88533,0.88553,1.50,1.37
2015.12.15 22:50:12.238,0.88534,0.88553,1.00,1.37
2015.12.15 22:50:12.838,0.88533,0.88553,1.50,1.37
2015.12.15 22:50:13.597,0.88533,0.88557,1.50,1.37
2015.12.15 22:50:14.170,0.88534,0.88557,1.00,1.37
2015.12.15 22:50:14.705,0.88536,0.88558,1.87,1.37
2015.12.15 22:50:15.113,0.88536,0.8856,1.37,1.37
2015.12.15 22:50:15.922,0.88536,0.88558,1.37,1.37
2015.12.15 22:50:40.583,0.88534,0.88554,1.00,1.37
2015.12.15 22:50:41.099,0.88533,0.88555,1.50,1.37
2015.12.15 22:50:42.587,0.88533,0.88554,1.50,1.37
2015.12.15 22:50:43.152,0.88533,0.88555,1.50,1.37
2015.12.15 22:50:44.960,0.88533,0.88554,1.00,1.37
2015.12.15 22:50:46.069,0.88533,0.88555,1.00,1.37
2015.12.15 22:50:46.594,0.88533,0.88554,1.00,1.37
2015.12.15 22:50:47.106,0.88533,0.88555,1.00,1.37
2015.12.15 22:50:47.729,0.88534,0.88555,1.00,1.37
2015.12.15 22:50:48.042,0.88536,0.88555,1.00,1.37
2015.12.15 22:50:48.546,0.88536,0.88556,1.00,1.37
2015.12.15 22:50:51.697,0.88536,0.88555,1.00,1.37
2015.12.15 22:50:52.365,0.88536,0.88556,1.00,1.37
2015.12.15 22:50:57.470,0.88536,0.88555,1.00,1.37
2015.12.15 22:50:57.999,0.88536,0.88556,1.00,1.37
2015.12.15 22:50:59.173,0.88536,0.88555,1.00,1.37
2015.12.15 22:50:59.819,0.88536,0.88556,1.00,1.37
2015.12.15 22:51:01.076,0.88536,0.88555,1.00,1.37
2015.12.15 22:51:01.590,0.88536,0.88556,1.00,1.37
2015.12.15 22:51:02.178,0.88535,0.88555,1.50,1.37
2015.12.15 22:51:02.876,0.88534,0.88555,1.50,1.37
2015.12.15 22:51:03.381,0.88534,0.88556,1.50,1.37
2015.12.15 22:51:03.923,0.88534,0.88555,1.50,1.37
2015.12.15 22:51:05.834,0.88534,0.88556,1.50,1.37
2015.12.15 22:51:06.391,0.88534,0.88555,1.50,1.37
2015.12.15 22:51:06.898,0.88534,0.88556,1.50,1.37
2015.12.15 22:51:07.953,0.88536,0.88556,1.00,1.37
2015.12.15 22:51:08.055,0.88534,0.88556,1.50,1.37
2015.12.15 22:51:08.590,0.88535,0.88556,1.00,1.37
2015.12.15 22:51:09.109,0.88534,0.88556,1.50,1.37
2015.12.15 22:51:11.814,0.88534,0.88555,1.50,1.37
2015.12.15 22:51:12.347,0.88534,0.88556,1.50,1.37
2015.12.15 22:51:12.849,0.88534,0.88555,1.50,1.37
2015.12.15 22:51:12.950,0.88536,0.88556,1.00,1.37
2015.12.15 22:51:14.199,0.88536,0.88555,1.00,1.37
2015.12.15 22:51:14.745,0.88536,0.88556,1.00,1.37
2015.12.15 22:51:16.609,0.88536,0.88555,1.00,1.37
2015.12.15 22:51:17.139,0.88536,0.88556,1.00,1.37
2015.12.15 22:51:17.968,0.88534,0.88556,1.50,1.37
2015.12.15 22:51:23.159,0.88534,0.88555,1.50,1.37
2015.12.15 22:51:23.699,0.88534,0.88556,1.50,1.37
2015.12.15 22:51:24.418,0.88534,0.88555,1.50,1.37
2015.12.15 22:51:25.117,0.88534,0.88556,1.50,1.37
2015.12.15 22:51:26.625,0.88534,0.88555,1.50,1.37
2015.12.15 22:51:27.154,0.88534,0.88556,1.50,1.37
2015.12.15 22:51:27.864,0.88535,0.88556,1.00,1.37
2015.12.15 22:51:28.753,0.88535,0.88555,1.50,1.37
2015.12.15 22:51:29.274,0.88535,0.88556,1.50,1.37
2015.12.15 22:51:29.487,0.88537,0.88555,1.00,1.37
2015.12.15 22:51:29.841,0.88538,0.88558,1.12,1.37
2015.12.15 22:51:31.499,0.88539,0.88558,1.00,1.37
2015.12.15 22:51:32.028,0.88538,0.88558,1.87,1.37
2015.12.15 22:51:34.951,0.88538,0.88555,1.12,1.37
2015.12.15 22:51:40.973,0.8854,0.88555,1.00,1.37
2015.12.15 22:51:41.075,0.88538,0.88555,1.12,1.37
2015.12.15 22:51:53.268,0.88537,0.88551,1.37,1.37
2015.12.15 22:51:53.811,0.88537,0.88552,1.37,1.37
2015.12.15 22:51:54.678,0.88536,0.88552,1.87,1.37
2015.12.15 22:51:56.017,0.88535,0.88553,1.00,1.37
2015.12.15 22:51:56.802,0.88536,0.88553,1.00,1.37
2015.12.15 22:51:57.005,0.88534,0.88549,1.00,1.37
2015.12.15 22:51:57.608,0.88534,0.8855,1.00,1.37
2015.12.15 22:51:58.713,0.88534,0.88549,1.00,1.37
2015.12.15 22:51:59.405,0.88534,0.8855,1.00,1.37
2015.12.15 22:52:00.183,0.88534,0.88549,1.00,1.37
2015.12.15 22:52:02.489,0.88533,0.88549,1.00,1.37
2015.12.15 22:52:02.641,0.88529,0.8855,1.12,1.37
2015.12.15 22:52:02.895,0.88529,0.88548,1.12,1.37
2015.12.15 22:52:06.580,0.8853,0.88548,1.00,1.37
2015.12.15 22:52:07.082,0.8853,0.88549,1.00,1.37
2015.12.15 22:52:07.595,0.88529,0.88549,1.12,1.37
2015.12.15 22:52:10.245,0.8853,0.88549,1.00,1.37
2015.12.15 22:52:10.763,0.88531,0.88549,1.00,1.37
2015.12.15 22:52:11.296,0.8853,0.88549,1.50,1.37
2015.12.15 22:52:12.280,0.88529,0.88549,1.12,1.37
2015.12.15 22:52:12.831,0.8853,0.88549,1.00,1.37
2015.12.15 22:52:13.337,0.88531,0.88549,1.00,1.37
2015.12.15 22:52:13.844,0.88532,0.88549,1.00,1.37
2015.12.15 22:52:14.612,0.88532,0.88551,1.00,1.37
2015.12.15 22:52:15.147,0.88533,0.88551,1.00,1.37
2015.12.15 22:52:15.656,0.88532,0.88551,1.00,1.37
2015.12.15 22:52:16.760,0.88532,0.88547,1.00,1.37
2015.12.15 22:52:17.141,0.8853,0.88547,1.87,1.37
2015.12.15 22:52:17.665,0.88529,0.88548,1.87,1.37
2015.12.15 22:52:20.520,0.88527,0.88544,1.00,1.37
2015.12.15 22:52:21.034,0.88527,0.88545,1.00,1.37
2015.12.15 22:52:21.455,0.88525,0.88545,1.00,1.37
2015.12.15 22:52:21.658,0.88527,0.88545,1.00,1.37
2015.12.15 22:52:22.140,0.88525,0.88545,1.00,1.37
2015.12.15 22:52:22.733,0.88526,0.88545,1.00,1.37
2015.12.15 22:52:23.189,0.88528,0.88545,1.00,1.37
2015.12.15 22:52:23.741,0.88525,0.88545,1.00,1.37
2015.12.15 22:52:23.918,0.88523,0.88545,1.00,1.37
2015.12.15 22:52:24.071,0.88522,0.88542,1.00,1.37
2015.12.15 22:52:26.053,0.88521,0.88542,1.00,1.37
2015.12.15 22:52:26.499,0.88519,0.88542,1.00,1.37
2015.12.15 22:52:26.600,0.88516,0.88542,1.50,1.37
2015.12.15 22:52:26.651,0.88516,0.88539,1.50,1.37
2015.12.15 22:52:27.201,0.88517,0.88539,1.00,1.37
2015.12.15 22:52:27.580,0.88517,0.88541,1.00,1.37
2015.12.15 22:52:27.834,0.88515,0.88541,1.00,1.37
2015.12.15 22:52:28.947,0.88515,0.88537,1.00,1.37
2015.12.15 22:52:28.998,0.88513,0.88537,1.50,1.37
2015.12.15 22:52:31.578,0.88513,0.88538,1.50,1.37
2015.12.15 22:52:31.629,0.88513,0.88535,1.00,1.00
2015.12.15 22:52:31.680,0.88508,0.88535,1.50,1.00
2015.12.15 22:52:32.344,0.88508,0.88534,1.50,1.12
2015.12.15 22:52:35.529,0.88506,0.88533,1.87,1.00
2015.12.15 22:52:38.337,0.88506,0.88532,1.87,1.00
2015.12.15 22:52:38.438,0.88506,0.8853,1.00,1.00
2015.12.15 22:52:38.489,0.88503,0.8853,1.00,1.12
2015.12.15 22:52:38.957,0.88503,0.88528,1.00,1.00
2015.12.15 22:52:42.209,0.88503,0.88529,1.00,1.50
2015.12.15 22:52:43.478,0.88501,0.88529,1.00,1.50
2015.12.15 22:52:44.975,0.88501,0.88528,1.50,1.00
2015.12.15 22:52:45.503,0.88502,0.88529,1.00,1.50
2015.12.15 22:52:46.414,0.88503,0.88529,1.00,1.00
2015.12.15 22:52:46.926,0.88502,0.88529,1.00,1.00
2015.12.15 22:52:47.535,0.88503,0.88529,1.00,1.00
2015.12.15 22:52:47.688,0.88505,0.88531,1.00,1.87
2015.12.15 22:52:49.090,0.88504,0.88529,1.00,1.00
2015.12.15 22:52:49.630,0.88503,0.88529,1.00,1.00
2015.12.15 22:52:50.133,0.88502,0.88529,1.00,1.00
2015.12.15 22:52:50.679,0.88503,0.88529,1.12,1.00
2015.12.15 22:52:51.655,0.88504,0.88529,1.00,1.00
2015.12.15 22:52:52.161,0.88503,0.88529,1.12,1.00
2015.12.15 22:52:54.247,0.88502,0.8853,2.62,1.00
2015.12.15 22:52:56.832,0.88504,0.8853,1.00,1.00
2015.12.15 22:52:57.350,0.88504,0.88532,1.00,1.87
2015.12.15 22:53:00.199,0.88504,0.88533,1.50,1.12
2015.12.15 22:53:01.361,0.88505,0.88533,1.00,1.12
2015.12.15 22:53:01.564,0.88507,0.88534,1.00,1.37
2015.12.15 22:53:02.033,0.88505,0.88531,1.37,1.00
2015.12.15 22:53:02.360,0.88509,0.88531,1.12,1.00
2015.12.15 22:53:02.615,0.88509,0.88533,1.12,1.00
2015.12.15 22:53:02.666,0.88508,0.88531,1.37,1.00
2015.12.15 22:53:02.717,0.88506,0.88531,1.37,1.00
2015.12.15 22:53:03.315,0.88506,0.8853,1.37,1.00
2015.12.15 22:53:03.836,0.88506,0.88532,1.37,1.00
2015.12.15 22:53:04.415,0.88506,0.88531,1.37,1.00
2015.12.15 22:53:05.431,0.88506,0.88532,1.37,1.00
2015.12.15 22:53:05.966,0.88506,0.88533,1.37,1.50
2015.12.15 22:53:07.401,0.88506,0.88531,1.37,1.00
2015.12.15 22:53:07.607,0.88506,0.88533,1.37,1.00
2015.12.15 22:53:08.127,0.88506,0.88534,1.37,1.00
2015.12.15 22:53:08.420,0.88506,0.88532,1.37,1.00
2015.12.15 22:53:08.623,0.88506,0.88534,1.37,1.00
2015.12.15 22:53:09.140,0.88506,0.88535,1.37,1.12
2015.12.15 22:53:09.292,0.88506,0.88532,1.37,1.00
2015.12.15 22:53:11.253,0.88506,0.88534,1.37,1.00
2015.12.15 22:53:11.767,0.88506,0.88533,1.37,1.00
2015.12.15 22:53:12.474,0.88506,0.88534,1.87,1.00
2015.12.15 22:53:12.996,0.88506,0.88535,1.87,1.12
2015.12.15 22:53:13.531,0.88508,0.88536,1.00,1.87
2015.12.15 22:53:14.040,0.88509,0.88536,1.00,1.37
2015.12.15 22:53:15.086,0.88508,0.88536,1.00,1.37
2015.12.15 22:53:16.498,0.88509,0.88537,1.00,1.12
2015.12.15 22:53:16.550,0.88512,0.88538,1.00,1.37
2015.12.15 22:53:16.652,0.88512,0.8854,1.00,1.37
2015.12.15 22:53:16.753,0.88513,0.88542,1.12,1.37
2015.12.15 22:53:16.956,0.88515,0.88542,1.00,1.37
2015.12.15 22:53:17.508,0.88516,0.88542,1.00,1.37
2015.12.15 22:53:17.811,0.88518,0.88542,1.00,1.37
2015.12.15 22:53:18.064,0.88515,0.88543,1.00,1.37
2015.12.15 22:53:18.317,0.88518,0.88543,1.00,1.37
2015.12.15 22:53:18.873,0.88516,0.88543,1.00,1.37
2015.12.15 22:53:19.385,0.88515,0.88543,1.00,1.37
2015.12.15 22:53:19.739,0.88518,0.88543,1.00,1.37
2015.12.15 22:53:19.841,0.88515,0.88543,1.50,1.37
2015.12.15 22:53:19.942,0.88517,0.88543,1.00,1.37
2015.12.15 22:53:20.448,0.88516,0.88543,1.00,1.37
2015.12.15 22:53:20.983,0.88517,0.88544,1.00,1.37
2015.12.15 22:53:21.402,0.8852,0.88544,1.00,1.37
2015.12.15 22:53:21.722,0.88518,0.88543,1.00,1.37
2015.12.15 22:53:21.833,0.8852,0.88543,1.00,1.37
2015.12.15 22:53:22.816,0.88519,0.88543,1.00,1.37
2015.12.15 22:53:23.134,0.88521,0.88543,1.00,1.37
2015.12.15 22:53:23.492,0.88518,0.88543,1.00,1.37
2015.12.15 22:53:23.932,0.8852,0.88543,1.00,1.37
2015.12.15 22:53:24.800,0.88517,0.88543,1.12,1.37
2015.12.15 22:53:25.004,0.8852,0.88543,1.00,1.37
2015.12.15 22:53:25.668,0.88519,0.88543,1.00,1.37
2015.12.15 22:53:25.972,0.88522,0.88546,1.00,1.37
2015.12.15 22:53:27.183,0.88522,0.88548,1.50,1.37
2015.12.15 22:53:27.340,0.88524,0.88548,1.00,1.37
2015.12.15 22:53:28.078,0.88525,0.88548,1.00,1.37
2015.12.15 22:53:28.652,0.88523,0.88548,1.00,1.37
2015.12.15 22:53:29.055,0.88523,0.8855,1.00,1.37
2015.12.15 22:53:30.054,0.88524,0.8855,1.00,1.37
2015.12.15 22:53:31.169,0.88523,0.8855,1.00,1.37
2015.12.15 22:53:31.819,0.88525,0.8855,1.00,1.37
2015.12.15 22:53:32.174,0.88523,0.88549,1.50,1.37
2015.12.15 22:53:32.276,0.88525,0.8855,1.00,1.37
2015.12.15 22:53:32.579,0.88527,0.8855,1.00,1.37
2015.12.15 22:53:32.883,0.88528,0.88552,1.00,1.37
2015.12.15 22:53:33.072,0.88526,0.88551,1.00,1.37
2015.12.15 22:53:33.174,0.88525,0.88549,1.00,1.37
2015.12.15 22:53:33.701,0.88526,0.88549,1.00,1.37
2015.12.15 22:53:34.223,0.88525,0.88549,1.00,1.37
2015.12.15 22:53:35.229,0.88526,0.88549,1.00,1.37
2015.12.15 22:53:35.583,0.88524,0.88549,1.00,1.37
2015.12.15 22:53:35.785,0.88527,0.88549,1.00,1.37
2015.12.15 22:53:36.383,0.88527,0.88548,1.00,1.37
2015.12.15 22:53:36.934,0.88527,0.88549,1.00,1.37
2015.12.15 22:53:37.272,0.88526,0.88552,1.00,1.37
2015.12.15 22:53:37.781,0.88527,0.88552,1.00,1.37
2015.12.15 22:53:38.202,0.88525,0.88548,1.00,1.37
2015.12.15 22:53:38.863,0.88526,0.88548,1.00,1.37
2015.12.15 22:53:38.964,0.88524,0.88548,1.00,1.37
2015.12.15 22:53:39.318,0.88526,0.88548,1.00,1.37
2015.12.15 22:53:39.830,0.88525,0.88548,1.00,1.37
2015.12.15 22:53:40.061,0.88523,0.88548,1.00,1.37
2015.12.15 22:53:40.569,0.88524,0.88548,1.00,1.37
2015.12.15 22:53:41.074,0.88526,0.88548,1.00,1.37
2015.12.15 22:53:41.892,0.88527,0.88548,1.00,1.37
2015.12.15 22:53:41.943,0.88525,0.88548,1.00,1.37
2015.12.15 22:53:42.485,0.88527,0.88548,1.00,1.37
2015.12.15 22:53:43.030,0.88525,0.88548,1.00,1.37
2015.12.15 22:53:43.182,0.88527,0.88548,1.00,1.37
2015.12.15 22:53:43.486,0.88525,0.88548,1.00,1.37
2015.12.15 22:53:43.990,0.88526,0.88548,1.00,1.37
2015.12.15 22:53:44.704,0.88527,0.88548,1.00,1.37
2015.12.15 22:53:45.243,0.88526,0.88548,1.00,1.37
2015.12.15 22:53:46.443,0.88525,0.88548,1.50,1.37
2015.12.15 22:53:47.137,0.88526,0.88548,1.00,1.37
2015.12.15 22:53:47.638,0.88525,0.88548,1.50,1.37
2015.12.15 22:53:48.426,0.88526,0.88551,1.00,1.37
2015.12.15 22:53:49.436,0.88525,0.88551,1.50,1.37
2015.12.15 22:53:50.098,0.88526,0.88551,1.00,1.37
2015.12.15 22:53:50.604,0.88525,0.88551,1.50,1.37
2015.12.15 22:53:51.825,0.88526,0.88551,1.00,1.37
2015.12.15 22:53:52.331,0.88527,0.88551,1.00,1.37
2015.12.15 22:53:52.720,0.88525,0.88551,1.50,1.37
2015.12.15 22:53:53.717,0.88527,0.88551,1.00,1.37
2015.12.15 22:53:54.181,0.88525,0.88551,1.50,1.37
2015.12.15 22:53:54.507,0.88527,0.88551,1.00,1.37
2015.12.15 22:53:55.382,0.88528,0.88551,1.00,1.37
2015.12.15 22:53:55.927,0.88527,0.88551,1.00,1.37
2015.12.15 22:53:56.029,0.88525,0.88551,1.00,1.37
2015.12.15 22:53:56.444,0.88527,0.88551,1.00,1.37
2015.12.15 22:53:57.154,0.88526,0.88551,1.00,1.37
2015.12.15 22:53:57.683,0.88525,0.88551,1.00,1.37
2015.12.15 22:53:57.986,0.88527,0.88551,1.00,1.37
2015.12.15 22:53:58.910,0.88528,0.88551,1.00,1.37
2015.12.15 22:53:59.534,0.88527,0.88551,1.00,1.37
2015.12.15 22:54:00.870,0.88528,0.88551,1.00,1.37
2015.12.15 22:54:00.972,0.88526,0.88551,1.50,1.37
2015.12.15 22:54:01.631,0.88527,0.88551,1.00,1.37
2015.12.15 22:54:02.185,0.88526,0.88551,1.00,1.37
2015.12.15 22:54:02.719,0.88527,0.88551,1.00,1.37
2015.12.15 22:54:03.306,0.88526,0.88551,1.00,1.37
2015.12.15 22:54:03.823,0.88527,0.88551,1.00,1.37
2015.12.15 22:54:04.165,0.88526,0.88548,1.00,1.37
2015.12.15 22:54:04.266,0.88524,0.88548,1.50,1.37
2015.12.15 22:54:04.809,0.88525,0.88548,1.00,1.37
2015.12.15 22:54:05.162,0.88523,0.88548,1.50,1.37
2015.12.15 22:54:05.828,0.88525,0.88548,1.00,1.37
2015.12.15 22:54:06.169,0.88523,0.88548,1.50,1.37
2015.12.15 22:54:07.375,0.88525,0.88548,1.00,1.37
2015.12.15 22:54:07.584,0.88523,0.88548,1.50,1.37
2015.12.15 22:54:07.996,0.88525,0.88548,1.00,1.37
2015.12.15 22:54:08.590,0.88527,0.88548,1.00,1.37
2015.12.15 22:54:08.957,0.88525,0.88548,1.00,1.37
2015.12.15 22:54:09.008,0.88523,0.88548,1.50,1.37
2015.12.15 22:54:09.160,0.88523,0.88551,1.50,1.37
2015.12.15 22:54:09.211,0.88525,0.88551,1.00,1.37
2015.12.15 22:54:12.420,0.88526,0.88551,1.00,1.37
2015.12.15 22:54:12.926,0.88525,0.88551,1.00,1.37
2015.12.15 22:54:14.334,0.88524,0.88551,1.00,1.37
2015.12.15 22:54:14.841,0.88525,0.8855,1.00,1.37
2015.12.15 22:54:15.145,0.88524,0.88548,1.00,1.37
2015.12.15 22:54:15.685,0.88523,0.88548,1.50,1.37
2015.12.15 22:54:16.226,0.88522,0.88548,1.50,1.37
2015.12.15 22:54:16.782,0.88523,0.88548,1.00,1.37
2015.12.15 22:54:17.311,0.88524,0.88548,1.00,1.37
2015.12.15 22:54:17.816,0.88523,0.88548,1.00,1.37
2015.12.15 22:54:18.334,0.88524,0.88548,1.00,1.37
2015.12.15 22:54:19.038,0.88526,0.88548,1.00,1.37
2015.12.15 22:54:19.792,0.88523,0.88548,1.50,1.37
2015.12.15 22:54:20.424,0.88522,0.88548,1.50,1.37
2015.12.15 22:54:20.955,0.88523,0.88548,1.00,1.37
2015.12.15 22:54:21.505,0.88524,0.88548,1.00,1.37
2015.12.15 22:54:22.208,0.88523,0.88548,1.50,1.37
2015.12.15 22:54:22.733,0.88525,0.88548,1.00,1.37
2015.12.15 22:54:22.847,0.88523,0.88548,1.50,1.37
2015.12.15 22:54:25.725,0.88522,0.88548,1.00,1.37
2015.12.15 22:54:26.106,0.88524,0.88548,1.00,1.37
2015.12.15 22:54:27.356,0.88525,0.88548,1.00,1.37
2015.12.15 22:54:27.905,0.88524,0.88548,1.00,1.37
2015.12.15 22:54:28.799,0.88525,0.88548,1.00,1.37
2015.12.15 22:54:29.336,0.88524,0.88548,1.00,1.37
2015.12.15 22:54:29.796,0.88526,0.88548,1.00,1.37
2015.12.15 22:54:30.251,0.88524,0.88548,1.50,1.37
2015.12.15 22:54:31.240,0.88526,0.88548,1.00,1.37
2015.12.15 22:54:31.756,0.88526,0.88549,1.00,1.37
2015.12.15 22:54:32.232,0.88524,0.88549,1.12,1.37
2015.12.15 22:54:32.817,0.88525,0.88549,1.00,1.37
2015.12.15 22:54:33.628,0.88524,0.88549,1.87,1.37
2015.12.15 22:54:33.877,0.88526,0.88549,1.00,1.37
2015.12.15 22:54:35.273,0.88524,0.88549,1.87,1.37
2015.12.15 22:54:35.815,0.88525,0.88549,1.00,1.37
2015.12.15 22:54:37.735,0.88526,0.88549,1.00,1.37
2015.12.15 22:54:38.686,0.88525,0.88549,1.50,1.37
2015.12.15 22:54:39.141,0.88527,0.88549,1.00,1.37
2015.12.15 22:54:39.192,0.88527,0.88551,1.00,1.37
2015.12.15 22:54:39.772,0.88526,0.88551,1.00,1.37
2015.12.15 22:54:42.442,0.88527,0.88551,1.00,1.37
2015.12.15 22:54:42.773,0.88525,0.88551,1.00,1.37
2015.12.15 22:54:45.882,0.88529,0.88551,1.00,1.37
2015.12.15 22:54:46.490,0.88528,0.88551,1.00,1.37
2015.12.15 22:54:47.087,0.88527,0.88551,1.50,1.37
2015.12.15 22:54:47.846,0.88527,0.88548,1.00,1.37
2015.12.15 22:54:48.406,0.88526,0.88548,1.00,1.37
2015.12.15 22:54:48.942,0.88527,0.88548,1.00,1.37
2015.12.15 22:54:49.449,0.88526,0.88548,1.50,1.37
2015.12.15 22:54:49.995,0.88527,0.88548,1.00,1.37
2015.12.15 22:54:50.525,0.88526,0.88548,1.00,1.37
2015.12.15 22:54:51.113,0.88524,0.88548,2.25,1.37
2015.12.15 22:54:51.634,0.88525,0.88548,1.00,1.37
2015.12.15 22:54:53.575,0.88526,0.88548,1.50,1.37
2015.12.15 22:54:54.103,0.88527,0.88548,1.00,1.37
2015.12.15 22:54:54.996,0.88525,0.88548,1.00,1.37
2015.12.15 22:54:55.516,0.88526,0.88548,1.50,1.37
2015.12.15 22:54:55.994,0.88524,0.88548,1.00,1.37
2015.12.15 22:54:57.421,0.88526,0.88548,1.00,1.37
2015.12.15 22:54:57.856,0.88524,0.88548,1.00,1.37
2015.12.15 22:54:58.186,0.88526,0.88548,1.00,1.37
2015.12.15 22:54:59.220,0.88526,0.88544,1.00,1.37
2015.12.15 22:54:59.322,0.88526,0.88546,1.00,1.37
2015.12.15 22:54:59.850,0.88525,0.88546,1.00,1.37
2015.12.15 22:55:00.405,0.88523,0.88547,1.00,1.37
2015.12.15 22:55:00.908,0.88522,0.88547,1.00,1.37
2015.12.15 22:55:02.014,0.88523,0.88547,1.00,1.37
2015.12.15 22:55:02.543,0.88524,0.88547,1.00,1.37
2015.12.15 22:55:03.067,0.88523,0.88547,1.00,1.37
2015.12.15 22:55:03.770,0.88524,0.88547,1.00,1.37
2015.12.15 22:55:04.460,0.88522,0.88547,1.00,1.87
2015.12.15 22:55:04.875,0.8852,0.88544,1.00,1.37
2015.12.15 22:55:05.575,0.88519,0.88544,1.00,1.37
2015.12.15 22:55:06.629,0.8852,0.88544,1.00,1.37
2015.12.15 22:55:07.436,0.88521,0.88544,1.00,1.37
2015.12.15 22:55:08.091,0.8852,0.88544,1.00,1.37
2015.12.15 22:55:08.599,0.88519,0.88544,1.00,1.37
2015.12.15 22:55:09.004,0.88524,0.88544,1.00,1.37
2015.12.15 22:55:09.055,0.88525,0.88549,1.00,1.37
2015.12.15 22:55:09.157,0.88524,0.88546,1.00,1.37
2015.12.15 22:55:09.490,0.88525,0.8855,1.00,1.37
2015.12.15 22:55:09.541,0.88525,0.88547,1.00,1.37
2015.12.15 22:55:09.744,0.8852,0.88543,1.50,1.37
2015.12.15 22:55:09.845,0.88521,0.88546,1.00,1.37
2015.12.15 22:55:10.150,0.88524,0.88545,1.00,1.37
2015.12.15 22:55:10.251,0.88521,0.88546,1.00,1.37
2015.12.15 22:55:10.302,0.88523,0.88546,1.00,1.37
2015.12.15 22:55:10.404,0.88521,0.88547,1.50,1.37
2015.12.15 22:55:10.669,0.88521,0.88544,1.00,1.37
2015.12.15 22:55:10.924,0.88518,0.88544,1.87,1.37
2015.12.15 22:55:11.076,0.88517,0.88544,1.12,1.37
2015.12.15 22:55:11.179,0.88517,0.8854,1.00,1.37
2015.12.15 22:55:11.682,0.88515,0.8854,1.37,1.37
2015.12.15 22:55:12.039,0.88514,0.88541,1.00,1.37
2015.12.15 22:55:12.585,0.88515,0.88541,1.00,1.37
2015.12.15 22:55:12.686,0.88513,0.88541,1.12,1.37
2015.12.15 22:55:13.433,0.88512,0.88539,1.37,1.00
2015.12.15 22:55:14.749,0.88512,0.8854,1.37,1.87
2015.12.15 22:55:15.270,0.88512,0.88538,1.37,1.00
2015.12.15 22:55:15.774,0.8851,0.88537,2.62,1.00
2015.12.15 22:55:15.825,0.8851,0.88535,1.87,1.00
2015.12.15 22:55:16.128,0.88511,0.88533,1.37,1.00
2015.12.15 22:55:16.659,0.8851,0.88533,1.37,1.00
2015.12.15 22:55:16.710,0.8851,0.88535,1.37,1.50
2015.12.15 22:55:18.791,0.8851,0.88534,1.37,1.00
2015.12.15 22:55:19.301,0.8851,0.88533,1.37,1.00
2015.12.15 22:55:20.962,0.8851,0.88535,1.37,1.00
2015.12.15 22:55:21.486,0.8851,0.88533,1.37,1.00
2015.12.15 22:55:22.117,0.8851,0.88534,1.37,1.00
2015.12.15 22:55:22.723,0.8851,0.88535,1.37,1.00
2015.12.15 22:55:23.321,0.8851,0.88536,1.37,1.00
2015.12.15 22:55:26.382,0.8851,0.88537,1.37,1.00
2015.12.15 22:55:26.790,0.88514,0.88537,1.37,1.00
2015.12.15 22:55:27.732,0.88514,0.88538,1.37,1.00
2015.12.15 22:55:27.884,0.88517,0.88542,1.87,1.00
2015.12.15 22:55:27.935,0.88517,0.88538,1.87,1.00
2015.12.15 22:55:27.986,0.88512,0.88538,1.87,1.00
2015.12.15 22:55:28.088,0.88518,0.88537,1.37,1.00
2015.12.15 22:55:28.240,0.88518,0.88542,1.37,1.00
2015.12.15 22:55:28.538,0.88518,0.88544,1.37,1.50
2015.12.15 22:55:29.066,0.88519,0.88546,1.37,1.12
2015.12.15 22:55:30.115,0.88518,0.88544,1.12,1.37
2015.12.15 22:55:30.433,0.88516,0.88544,1.12,1.37
2015.12.15 22:55:31.319,0.88518,0.88544,1.37,1.37
2015.12.15 22:55:31.826,0.88517,0.88544,1.37,1.87
2015.12.15 22:55:33.972,0.88517,0.88542,1.37,1.00
2015.12.15 22:55:34.319,0.88517,0.8854,1.37,1.00
2015.12.15 22:55:34.847,0.88517,0.88541,1.37,1.00
2015.12.15 22:55:36.099,0.88517,0.8854,1.37,1.00
2015.12.15 22:55:37.254,0.88517,0.88541,1.37,1.00
2015.12.15 22:55:39.772,0.88517,0.8854,1.37,1.00
2015.12.15 22:55:39.823,0.88514,0.8854,1.37,1.50
2015.12.15 22:55:39.874,0.88514,0.88537,1.37,1.50
2015.12.15 22:55:39.925,0.88512,0.88537,1.37,1.50
2015.12.15 22:55:40.941,0.88512,0.88539,1.37,1.00
2015.12.15 22:55:41.042,0.88516,0.88539,1.37,1.00
2015.12.15 22:55:41.567,0.88516,0.8854,1.37,1.00
2015.12.15 22:55:44.382,0.88516,0.88541,1.37,1.00
2015.12.15 22:55:47.643,0.88516,0.88542,1.37,1.50
2015.12.15 22:55:47.968,0.88516,0.8854,1.37,1.00
2015.12.15 22:55:48.608,0.88516,0.88541,1.37,1.00
2015.12.15 22:55:50.703,0.88516,0.88542,1.37,2.25
2015.12.15 22:55:52.547,0.88516,0.88541,1.37,1.00
2015.12.15 22:55:57.371,0.88516,0.88542,1.37,1.50
2015.12.15 22:55:57.877,0.88515,0.88543,1.37,1.00
2015.12.15 22:55:58.402,0.88517,0.88545,1.00,1.37
2015.12.15 22:55:58.933,0.88516,0.88545,1.12,1.87
2015.12.15 22:55:59.441,0.88519,0.88544,1.87,1.37
2015.12.15 22:56:03.415,0.88521,0.88544,1.00,1.37
2015.12.15 22:56:04.423,0.8852,0.88544,1.12,1.37
2015.12.15 22:56:05.156,0.88521,0.88544,1.00,1.37
2015.12.15 22:56:05.258,0.88521,0.88547,1.00,1.37
2015.12.15 22:56:06.626,0.8852,0.88547,1.00,1.37
2015.12.15 22:56:07.359,0.88522,0.88547,1.00,1.37
2015.12.15 22:56:07.820,0.88518,0.88546,1.87,1.12
2015.12.15 22:56:08.751,0.88518,0.88544,1.37,1.00
2015.12.15 22:56:09.337,0.88518,0.88546,1.37,1.12
2015.12.15 22:56:12.967,0.88518,0.88545,1.87,1.00
2015.12.15 22:56:13.507,0.88518,0.88546,1.37,1.87
2015.12.15 22:56:14.749,0.88518,0.88545,1.87,1.00
2015.12.15 22:56:14.901,0.88519,0.88542,1.37,1.12
2015.12.15 22:56:17.662,0.88517,0.88544,1.12,1.37
2015.12.15 22:56:17.814,0.88516,0.8854,1.87,1.00
2015.12.15 22:56:18.298,0.88517,0.88544,1.12,1.87
2015.12.15 22:56:18.571,0.88516,0.88541,1.37,1.00
2015.12.15 22:56:18.926,0.88517,0.88544,1.12,1.37
2015.12.15 22:56:19.630,0.88518,0.88544,1.00,1.87
2015.12.15 22:56:19.785,0.8852,0.88544,1.00,1.37
2015.12.15 22:56:20.310,0.88521,0.88544,1.00,1.37
2015.12.15 22:56:20.361,0.88519,0.88544,1.00,1.37
2015.12.15 22:56:20.895,0.8852,0.88544,1.00,1.37
2015.12.15 22:56:21.538,0.8852,0.88546,1.00,1.37
2015.12.15 22:56:22.045,0.88521,0.88546,1.00,1.37
2015.12.15 22:56:22.653,0.88522,0.88546,1.00,1.37
2015.12.15 22:56:23.312,0.88524,0.88546,1.00,1.37
2015.12.15 22:56:24.862,0.88522,0.88546,1.00,1.37
2015.12.15 22:56:24.964,0.88524,0.88546,1.00,1.37
2015.12.15 22:56:25.156,0.88522,0.88546,1.00,1.37
2015.12.15 22:56:25.667,0.88523,0.88546,1.00,1.37
2015.12.15 22:56:26.923,0.88523,0.88547,1.00,1.37
2015.12.15 22:56:27.475,0.88522,0.88547,1.00,1.37
2015.12.15 22:56:28.578,0.88523,0.88547,1.00,1.37
2015.12.15 22:56:29.084,0.88522,0.88547,1.00,1.37
2015.12.15 22:56:29.675,0.88523,0.88547,1.00,1.37
2015.12.15 22:56:30.183,0.88522,0.88547,1.00,1.37
2015.12.15 22:56:32.138,0.88523,0.88547,1.00,1.37
2015.12.15 22:56:33.365,0.88524,0.88547,1.00,1.37
2015.12.15 22:56:33.416,0.88527,0.88549,1.00,1.37
2015.12.15 22:56:33.772,0.8853,0.8855,1.00,1.37
2015.12.15 22:56:34.278,0.88529,0.8855,1.00,1.37
2015.12.15 22:56:34.845,0.88528,0.8855,1.00,1.37
2015.12.15 22:56:35.347,0.88529,0.8855,1.00,1.37
2015.12.15 22:56:35.852,0.88531,0.8855,1.00,1.37
2015.12.15 22:56:35.953,0.88529,0.8855,1.00,1.37
2015.12.15 22:56:36.498,0.8853,0.8855,1.00,1.37
2015.12.15 22:56:38.974,0.88533,0.88558,1.00,1.87
2015.12.15 22:56:39.076,0.88531,0.88558,1.00,1.37
2015.12.15 22:56:39.127,0.88531,0.88552,1.00,1.37
2015.12.15 22:56:39.600,0.88533,0.88555,1.00,1.37
2015.12.15 22:56:40.103,0.88532,0.88555,1.00,1.37
2015.12.15 22:56:40.619,0.88533,0.88555,1.00,1.37
2015.12.15 22:56:41.150,0.88534,0.88555,1.00,1.37
2015.12.15 22:56:41.673,0.88533,0.88555,1.00,1.37
2015.12.15 22:56:43.909,0.88534,0.88555,1.00,1.37
2015.12.15 22:56:44.675,0.88535,0.88555,1.00,1.37
2015.12.15 22:56:46.078,0.88534,0.88555,1.00,1.37
2015.12.15 22:56:47.834,0.88533,0.88555,1.00,1.37
2015.12.15 22:56:48.200,0.88535,0.88555,1.00,1.37
2015.12.15 22:56:48.740,0.88534,0.88555,1.00,1.37
2015.12.15 22:56:49.247,0.88535,0.88555,1.00,1.37
2015.12.15 22:56:49.501,0.88533,0.88555,1.00,1.37
2015.12.15 22:56:50.284,0.88534,0.88555,1.00,1.37
2015.12.15 22:56:50.792,0.88533,0.88555,1.00,1.37
2015.12.15 22:56:52.339,0.88532,0.88555,1.00,1.37
2015.12.15 22:56:53.002,0.88533,0.88555,1.00,1.37
2015.12.15 22:56:54.459,0.88532,0.88555,1.00,1.37
2015.12.15 22:56:54.969,0.88533,0.88555,1.00,1.37
2015.12.15 22:56:55.663,0.88536,0.88555,1.00,1.37
2015.12.15 22:56:56.113,0.88534,0.88555,1.00,1.37
2015.12.15 22:56:56.624,0.88535,0.88555,1.00,1.37
2015.12.15 22:56:58.698,0.88535,0.88557,1.00,1.37
2015.12.15 22:56:58.850,0.88538,0.88557,1.00,1.37
2015.12.15 22:56:59.356,0.88539,0.88557,1.00,1.37
2015.12.15 22:57:02.476,0.88537,0.88557,1.00,1.37
2015.12.15 22:57:02.578,0.88539,0.88557,1.00,1.37
2015.12.15 22:57:03.085,0.88538,0.88557,1.00,1.37
2015.12.15 22:57:04.118,0.88539,0.88557,1.00,1.37
2015.12.15 22:57:04.781,0.88538,0.88557,1.00,1.37
2015.12.15 22:57:05.140,0.8854,0.88558,1.00,1.37
2015.12.15 22:57:07.537,0.88539,0.88558,1.00,1.37
2015.12.15 22:57:08.203,0.8854,0.88558,1.00,1.37
2015.12.15 22:57:08.356,0.8854,0.8856,1.00,1.37
2015.12.15 22:57:08.857,0.88539,0.8856,1.00,1.37
2015.12.15 22:57:14.576,0.8854,0.8856,1.00,1.37
2015.12.15 22:57:15.373,0.88539,0.8856,1.00,1.37
2015.12.15 22:57:15.880,0.8854,0.8856,1.00,1.37
2015.12.15 22:57:17.332,0.88539,0.8856,1.00,1.37
2015.12.15 22:57:17.986,0.8854,0.8856,1.00,1.37
2015.12.15 22:57:19.646,0.88538,0.8856,1.00,1.37
2015.12.15 22:57:19.848,0.88536,0.8856,1.00,1.37
2015.12.15 22:57:20.953,0.88537,0.8856,1.00,1.37
2015.12.15 22:57:21.055,0.88535,0.8856,1.00,1.37
2015.12.15 22:57:21.590,0.88536,0.8856,1.00,1.37
2015.12.15 22:57:22.013,0.88536,0.88557,1.00,1.37
2015.12.15 22:57:23.701,0.88536,0.88556,1.00,1.37
2015.12.15 22:57:24.582,0.88537,0.88556,1.00,1.37
2015.12.15 22:57:25.106,0.88536,0.88556,1.00,1.37
2015.12.15 22:57:26.359,0.88538,0.88556,1.00,1.37
2015.12.15 22:57:26.797,0.88536,0.88556,1.00,1.37
2015.12.15 22:57:26.909,0.88538,0.88556,1.00,1.37
2015.12.15 22:57:27.111,0.88536,0.88556,1.00,1.37
2015.12.15 22:57:27.644,0.88537,0.88556,1.00,1.37
2015.12.15 22:57:28.163,0.88538,0.88556,1.00,1.37
2015.12.15 22:57:28.682,0.88537,0.88556,1.00,1.37
2015.12.15 22:57:29.217,0.88538,0.88556,1.00,1.37
2015.12.15 22:57:29.747,0.88537,0.88556,1.00,1.37
2015.12.15 22:57:30.222,0.88539,0.88556,1.00,1.37
2015.12.15 22:57:31.526,0.88539,0.88559,1.00,1.37
2015.12.15 22:57:32.162,0.8854,0.88559,1.00,1.37
2015.12.15 22:57:34.732,0.88538,0.88559,1.00,1.37
2015.12.15 22:57:35.364,0.88539,0.88559,1.00,1.37
2015.12.15 22:57:35.785,0.88541,0.88559,1.00,1.37
2015.12.15 22:57:35.938,0.88539,0.88559,1.00,1.37
2015.12.15 22:57:36.595,0.8854,0.88559,1.00,1.37
2015.12.15 22:57:38.925,0.88536,0.88559,1.00,1.37
2015.12.15 22:57:39.965,0.88537,0.88559,1.00,1.37
2015.12.15 22:57:40.735,0.88538,0.88559,1.00,1.37
2015.12.15 22:57:40.940,0.88526,0.88549,1.00,1.00
2015.12.15 22:57:40.991,0.88528,0.8855,1.00,1.00
2015.12.15 22:57:41.043,0.88522,0.88551,1.87,1.87
2015.12.15 22:57:41.145,0.88527,0.88551,1.12,1.12
2015.12.15 22:57:41.449,0.88529,0.88554,1.37,1.00
2015.12.15 22:57:41.550,0.88525,0.88552,1.37,1.12
2015.12.15 22:57:43.538,0.88525,0.88549,1.37,1.00
2015.12.15 22:57:43.639,0.88523,0.88549,1.87,1.00
2015.12.15 22:57:44.027,0.88523,0.88552,1.87,1.37
2015.12.15 22:57:45.143,0.88526,0.88552,1.00,1.37
2015.12.15 22:57:45.629,0.88528,0.88553,1.00,1.37
2015.12.15 22:57:46.034,0.88531,0.88554,1.00,1.37
2015.12.15 22:57:46.142,0.88529,0.88554,1.00,1.37
2015.12.15 22:57:46.446,0.88526,0.88554,1.37,1.87
2015.12.15 22:57:46.952,0.88526,0.88552,1.37,1.12
2015.12.15 22:57:47.525,0.88523,0.88553,1.87,1.12
2015.12.15 22:57:48.082,0.88525,0.88554,1.00,1.87
2015.12.15 22:57:48.234,0.88527,0.88554,1.00,2.62
2015.12.15 22:57:49.037,0.88526,0.88554,1.00,1.87
2015.12.15 22:57:49.515,0.88528,0.88554,1.00,1.37
2015.12.15 22:57:49.616,0.88524,0.88554,1.12,1.87
2015.12.15 22:57:49.667,0.88526,0.88553,1.37,1.12
2015.12.15 22:57:49.769,0.88524,0.88554,1.87,1.87
2015.12.15 22:57:50.174,0.88527,0.88554,1.00,1.37
2015.12.15 22:57:53.243,0.88528,0.88554,1.00,1.37
2015.12.15 22:57:53.952,0.88529,0.88555,1.00,1.37
2015.12.15 22:57:54.501,0.88528,0.88555,1.12,1.37
2015.12.15 22:57:55.007,0.88529,0.88555,1.00,1.37
2015.12.15 22:57:55.544,0.88529,0.88556,1.12,1.37
2015.12.15 22:57:56.268,0.8853,0.88556,1.00,1.37
2015.12.15 22:57:56.800,0.88529,0.88556,1.12,1.37
2015.12.15 22:57:58.436,0.8853,0.88556,1.00,1.37
2015.12.15 22:57:58.790,0.88533,0.88556,1.00,1.37
2015.12.15 22:57:59.059,0.88533,0.88559,1.00,1.37
2015.12.15 22:57:59.211,0.88531,0.88559,1.12,1.37
2015.12.15 22:57:59.414,0.88534,0.88559,1.00,1.37
2015.12.15 22:57:59.515,0.88532,0.88559,1.00,1.37
2015.12.15 22:57:59.805,0.88535,0.88559,1.00,1.37
2015.12.15 22:57:59.856,0.88533,0.88559,1.00,1.37
2015.12.15 22:58:00.210,0.88531,0.88559,1.12,1.37
2015.12.15 22:58:00.514,0.88529,0.88559,1.12,2.62
2015.12.15 22:58:00.666,0.88529,0.88555,1.12,1.37
2015.12.15 22:58:01.949,0.8853,0.88555,1.00,1.37
2015.12.15 22:58:02.467,0.88529,0.88555,1.12,1.37
2015.12.15 22:58:03.768,0.8853,0.88555,1.00,1.37
2015.12.15 22:58:04.318,0.88529,0.88555,1.12,1.37
2015.12.15 22:58:04.935,0.88531,0.88555,1.00,1.37
2015.12.15 22:58:05.137,0.88528,0.88555,1.87,1.37
2015.12.15 22:58:07.587,0.8853,0.88555,1.00,1.37
2015.12.15 22:58:08.578,0.88531,0.88555,1.00,1.37
2015.12.15 22:58:08.998,0.88531,0.88557,1.00,1.37
2015.12.15 22:58:09.680,0.8853,0.88557,1.00,1.37
2015.12.15 22:58:10.071,0.88527,0.88556,1.87,1.12
2015.12.15 22:58:10.490,0.88527,0.88554,1.37,1.37
2015.12.15 22:58:10.793,0.8853,0.88555,1.00,1.37
2015.12.15 22:58:11.415,0.88531,0.88555,1.00,1.37
2015.12.15 22:58:11.668,0.88531,0.88558,1.00,1.37
2015.12.15 22:58:11.971,0.88529,0.88558,1.00,1.37
2015.12.15 22:58:12.522,0.88527,0.88556,1.87,1.00
2015.12.15 22:58:12.826,0.8853,0.88558,1.00,1.37
2015.12.15 22:58:13.264,0.88528,0.88558,1.12,1.87
2015.12.15 22:58:13.526,0.8853,0.88558,1.00,1.37
2015.12.15 22:58:13.936,0.88528,0.88558,1.12,1.87
2015.12.15 22:58:14.129,0.8853,0.88558,1.00,1.37
2015.12.15 22:58:14.736,0.88529,0.88557,1.00,1.12
2015.12.15 22:58:15.054,0.88531,0.88558,1.00,1.37
2015.12.15 22:58:15.595,0.88528,0.88557,1.12,1.12
2015.12.15 22:58:16.203,0.88527,0.88556,1.87,1.00
2015.12.15 22:58:16.610,0.88528,0.88555,1.12,1.37
2015.12.15 22:58:16.933,0.8853,0.88556,1.00,1.37
2015.12.15 22:58:17.663,0.88529,0.88556,1.00,1.37
2015.12.15 22:58:18.288,0.88531,0.88556,1.00,1.37
2015.12.15 22:58:19.100,0.8853,0.88556,1.00,1.37
2015.12.15 22:58:19.756,0.88529,0.88556,1.00,1.37
2015.12.15 22:58:20.378,0.88528,0.88556,1.12,1.37
2015.12.15 22:58:20.701,0.88532,0.88556,1.00,1.37
2015.12.15 22:58:20.752,0.8853,0.88556,1.00,1.37
2015.12.15 22:58:21.257,0.88531,0.88556,1.00,1.37
2015.12.15 22:58:21.512,0.88529,0.88556,1.00,1.37
2015.12.15 22:58:22.061,0.8853,0.88556,1.00,1.37
2015.12.15 22:58:22.112,0.88531,0.88558,1.00,1.37
2015.12.15 22:58:22.653,0.8853,0.88558,1.00,1.37
2015.12.15 22:58:23.169,0.88529,0.88557,1.00,1.12
2015.12.15 22:58:23.703,0.8853,0.88558,1.00,1.37
2015.12.15 22:58:23.754,0.88532,0.88558,1.00,1.37
2015.12.15 22:58:23.859,0.8853,0.88558,1.00,1.37
2015.12.15 22:58:24.061,0.88532,0.88558,1.00,1.37
2015.12.15 22:58:24.733,0.8853,0.88558,1.00,1.37
2015.12.15 22:58:25.370,0.88531,0.88558,1.00,1.37
2015.12.15 22:58:25.876,0.8853,0.88558,1.00,1.37
2015.12.15 22:58:26.381,0.88529,0.88558,1.00,1.37
2015.12.15 22:58:26.891,0.8853,0.88558,1.00,1.37
2015.12.15 22:58:27.425,0.88531,0.88558,1.00,1.37
2015.12.15 22:58:27.577,0.88529,0.88558,1.00,1.37
2015.12.15 22:58:28.428,0.88529,0.88555,1.00,1.37
2015.12.15 22:58:28.784,0.88531,0.88554,1.37,1.37
2015.12.15 22:58:28.938,0.88531,0.88557,1.12,1.37
2015.12.15 22:58:33.637,0.88533,0.88557,1.00,1.37
2015.12.15 22:58:33.739,0.88531,0.88557,1.12,1.37
2015.12.15 22:58:34.300,0.88532,0.88557,1.00,1.37
2015.12.15 22:58:35.089,0.88531,0.88557,1.12,1.37
2015.12.15 22:58:35.607,0.88532,0.88557,1.00,1.37
2015.12.15 22:58:37.530,0.88531,0.88557,1.12,1.37
2015.12.15 22:58:38.033,0.88532,0.88557,1.00,1.37
2015.12.15 22:58:38.942,0.88533,0.88557,1.00,1.37
2015.12.15 22:58:39.144,0.8853,0.88557,1.87,1.37
2015.12.15 22:58:39.825,0.88532,0.88557,1.00,1.37
2015.12.15 22:58:40.331,0.8853,0.88557,1.87,1.37
2015.12.15 22:58:40.432,0.88533,0.88557,1.00,1.37
2015.12.15 22:58:40.584,0.8853,0.88557,1.87,1.37
2015.12.15 22:58:41.100,0.88532,0.88557,1.00,1.37
2015.12.15 22:58:41.607,0.8853,0.88557,1.87,1.37
2015.12.15 22:58:43.846,0.88532,0.88557,1.00,1.37
2015.12.15 22:58:44.355,0.88533,0.88557,1.00,1.37
2015.12.15 22:58:46.407,0.88532,0.88557,1.00,1.37
2015.12.15 22:58:46.923,0.88533,0.88557,1.00,1.37
2015.12.15 22:58:48.401,0.88532,0.88557,1.00,1.37
2015.12.15 22:58:48.502,0.88534,0.88557,1.00,1.37
2015.12.15 22:58:48.654,0.88533,0.88559,1.00,1.37
2015.12.15 22:58:48.806,0.88531,0.88559,1.12,1.37
2015.12.15 22:58:48.907,0.88533,0.88559,1.00,1.37
2015.12.15 22:58:49.625,0.88532,0.88559,1.00,1.37
2015.12.15 22:58:50.575,0.88531,0.88559,1.12,1.37
2015.12.15 22:58:50.777,0.88529,0.88559,1.12,2.62
2015.12.15 22:58:51.425,0.8853,0.88559,1.00,1.87
2015.12.15 22:58:53.962,0.88529,0.88559,1.12,2.62
2015.12.15 22:58:54.627,0.8853,0.88559,1.00,1.87
2015.12.15 22:58:55.138,0.88528,0.88557,1.37,1.00
2015.12.15 22:58:55.240,0.88528,0.88556,1.37,1.37
2015.12.15 22:58:59.700,0.8853,0.88556,1.00,1.37
2015.12.15 22:59:00.210,0.88528,0.88556,1.37,1.37
2015.12.15 22:59:00.748,0.8853,0.88556,1.00,1.37
2015.12.15 22:59:01.253,0.88529,0.88556,1.12,1.37
2015.12.15 22:59:01.890,0.8853,0.88556,1.00,1.37
2015.12.15 22:59:02.446,0.88529,0.88556,1.12,1.37
2015.12.15 22:59:05.367,0.8853,0.88556,1.00,1.37
2015.12.15 22:59:06.062,0.88529,0.88556,1.12,1.37
2015.12.15 22:59:08.172,0.8853,0.88556,1.00,1.37
2015.12.15 22:59:08.681,0.88529,0.88556,1.12,1.37
2015.12.15 22:59:10.041,0.88528,0.88554,1.87,1.00
2015.12.15 22:59:10.546,0.88528,0.88556,1.37,1.87
2015.12.15 22:59:11.067,0.88526,0.88556,1.87,2.62
2015.12.15 22:59:11.576,0.88527,0.88554,1.12,1.00
2015.12.15 22:59:12.099,0.88527,0.88555,1.12,1.12
2015.12.15 22:59:12.302,0.8853,0.88558,1.37,1.87
2015.12.15 22:59:12.555,0.8853,0.88559,1.37,1.12
2015.12.15 22:59:12.934,0.88531,0.88561,1.12,1.12
2015.12.15 22:59:13.283,0.88533,0.88562,1.37,1.00
2015.12.15 22:59:13.384,0.88535,0.88566,1.00,1.87
2015.12.15 22:59:13.914,0.88534,0.88564,1.12,1.00
2015.12.15 22:59:14.067,0.88534,0.88563,1.12,1.37
2015.12.15 22:59:14.371,0.88537,0.88564,1.37,1.87
2015.12.15 22:59:15.103,0.88536,0.88566,1.37,1.87
2015.12.15 22:59:16.170,0.88539,0.88566,1.37,1.37
2015.12.15 22:59:16.272,0.88539,0.88567,1.37,1.12
2015.12.15 22:59:16.526,0.88539,0.88569,1.87,1.12
2015.12.15 22:59:16.628,0.88539,0.88566,1.37,1.00
2015.12.15 22:59:17.326,0.88539,0.88564,1.37,1.00
2015.12.15 22:59:17.478,0.88537,0.88564,1.37,1.00
2015.12.15 22:59:17.840,0.88537,0.88561,1.37,1.00
2015.12.15 22:59:18.346,0.88536,0.88561,1.37,1.00
2015.12.15 22:59:18.397,0.88536,0.88563,1.37,1.00
2015.12.15 22:59:19.069,0.88536,0.88562,1.37,1.00
2015.12.15 22:59:19.595,0.88536,0.88563,1.37,1.12
2015.12.15 22:59:21.179,0.88534,0.88563,1.37,1.12
2015.12.15 22:59:21.688,0.88534,0.88562,1.37,1.00
2015.12.15 22:59:22.194,0.88535,0.88563,1.12,1.12
2015.12.15 22:59:22.807,0.88534,0.88564,1.37,1.12
2015.12.15 22:59:23.710,0.88537,0.88564,1.37,1.12
2015.12.15 22:59:24.022,0.88535,0.88564,1.37,1.12
2015.12.15 22:59:24.776,0.88535,0.88563,1.37,1.00
2015.12.15 22:59:25.447,0.88535,0.88564,1.37,1.12
2015.12.15 22:59:25.973,0.88535,0.88563,1.37,1.00
2015.12.15 22:59:26.125,0.88535,0.88561,1.37,1.00
2015.12.15 22:59:26.431,0.88535,0.88563,1.37,1.00
2015.12.15 22:59:26.979,0.88535,0.88564,1.37,1.12
2015.12.15 22:59:28.324,0.88536,0.88562,1.37,1.37
2015.12.15 22:59:28.594,0.88535,0.88564,1.37,1.37
2015.12.15 22:59:29.626,0.88535,0.88563,1.37,1.87
2015.12.15 22:59:29.829,0.88535,0.8856,1.37,1.37
2015.12.15 22:59:32.159,0.88537,0.8856,1.00,1.37
2015.12.15 22:59:32.210,0.88537,0.88564,1.00,1.12
2015.12.15 22:59:32.312,0.88538,0.88567,1.37,1.37
2015.12.15 22:59:32.413,0.88539,0.88569,1.12,2.62
2015.12.15 22:59:32.465,0.88541,0.88569,1.00,2.62
2015.12.15 22:59:33.097,0.8854,0.8857,1.87,1.37
2015.12.15 22:59:33.350,0.88542,0.88572,1.00,1.87
2015.12.15 22:59:33.853,0.88543,0.88572,1.00,1.37
2015.12.15 22:59:37.269,0.88547,0.88572,1.00,1.37
2015.12.15 22:59:37.326,0.88545,0.88572,1.00,1.37
2015.12.15 22:59:37.933,0.88547,0.88574,1.00,1.00
2015.12.15 22:59:37.984,0.88553,0.88576,1.00,1.37
2015.12.15 22:59:38.041,0.88553,0.88577,1.00,1.00
2015.12.15 22:59:38.092,0.88557,0.88577,1.00,1.00
2015.12.15 22:59:38.194,0.88554,0.88578,1.87,1.00
2015.12.15 22:59:38.731,0.88557,0.88578,1.00,1.00
2015.12.15 22:59:39.236,0.88558,0.88578,1.00,1.00
2015.12.15 22:59:39.764,0.88557,0.88578,1.00,1.00
2015.12.15 22:59:40.292,0.88557,0.88578,1.87,1.00
2015.12.15 22:59:41.566,0.88555,0.88578,1.87,1.00
2015.12.15 22:59:43.111,0.88556,0.88585,1.12,1.37
2015.12.15 22:59:43.162,0.88563,0.8859,1.00,2.62
2015.12.15 22:59:43.264,0.88561,0.88586,1.12,1.37
2015.12.15 22:59:43.366,0.88562,0.88588,1.00,1.12
2015.12.15 22:59:43.467,0.88563,0.88589,1.87,1.00
2015.12.15 22:59:44.921,0.88563,0.88589,1.00,1.00
2015.12.15 22:59:45.329,0.88562,0.88588,1.00,1.37
2015.12.15 22:59:45.834,0.8856,0.88587,1.50,1.12
2015.12.15 22:59:46.456,0.8856,0.88587,1.12,1.00
2015.12.15 22:59:47.071,0.8856,0.88585,1.12,1.00
2015.12.15 22:59:47.374,0.88557,0.88583,1.87,1.37
2015.12.15 22:59:47.475,0.88557,0.88585,1.50,1.00
2015.12.15 22:59:47.526,0.88561,0.88585,1.37,1.00
2015.12.15 22:59:47.678,0.88561,0.88588,1.37,1.50
2015.12.15 22:59:50.674,0.88561,0.88588,1.87,1.87
2015.12.15 22:59:50.775,0.88559,0.88588,1.87,1.37
2015.12.15 22:59:50.876,0.88563,0.88582,1.37,1.00
2015.12.15 22:59:50.978,0.88557,0.88582,1.87,1.00
2015.12.15 22:59:51.180,0.88556,0.88582,1.12,1.87
2015.12.15 22:59:51.282,0.8856,0.88583,1.00,1.37
2015.12.15 22:59:51.455,0.88558,0.88583,1.00,1.37
2015.12.15 22:59:51.506,0.8856,0.88588,1.37,1.50
2015.12.15 22:59:51.861,0.88559,0.88587,1.12,1.50
2015.12.15 22:59:51.963,0.88563,0.88587,1.37,1.00
2015.12.15 22:59:52.267,0.88566,0.88588,1.37,1.00
2015.12.15 22:59:52.671,0.88566,0.88585,1.37,1.00
2015.12.15 22:59:53.026,0.88564,0.88584,1.37,1.00
2015.12.15 22:59:53.482,0.88557,0.88583,1.47,1.50
2015.12.15 22:59:53.583,0.88556,0.88581,1.00,1.37
2015.12.15 22:59:53.685,0.88556,0.88583,1.00,1.12
2015.12.15 22:59:54.835,0.88555,0.88583,1.00,1.12
2015.12.15 22:59:55.593,0.88557,0.88583,1.00,1.12
2015.12.15 22:59:56.103,0.88557,0.88583,1.87,1.87
2015.12.15 22:59:57.345,0.88559,0.88583,1.00,1.87
2015.12.15 22:59:58.190,0.88559,0.88583,1.00,1.00
2015.12.15 22:59:58.496,0.88559,0.88581,1.00,1.00
2015.12.15 22:59:59.037,0.8856,0.88581,1.00,1.00
2015.12.15 22:59:59.348,0.88562,0.88581,1.00,1.00
2015.12.15 22:59:59.631,0.8856,0.88581,1.00,1.00
