2011.07.19 03:00:00.087,0.82508,0.82538,1.50,2.10
2011.07.19 03:00:00.443,0.82508,0.82536,1.50,1.35
2011.07.19 03:00:02.314,0.82512,0.82539,1.50,1.50
2011.07.19 03:00:04.986,0.82515,0.8254,1.88,2.10
2011.07.19 03:00:05.764,0.82519,0.82545,1.50,1.35
2011.07.19 03:00:06.321,0.82519,0.82547,1.50,1.35
2011.07.19 03:00:07.265,0.82518,0.82547,2.25,1.35
2011.07.19 03:00:07.645,0.82519,0.82547,1.50,1.35
2011.07.19 03:00:10.074,0.82519,0.82547,1.50,2.10
2011.07.19 03:00:10.625,0.82518,0.82545,2.25,1.50
2011.07.19 03:00:10.967,0.82521,0.82547,1.13,1.35
2011.07.19 03:00:11.304,0.82528,0.82552,1.50,1.50
2011.07.19 03:00:13.424,0.82528,0.82552,1.50,1.50
2011.07.19 03:00:13.865,0.82527,0.82551,1.50,1.50
2011.07.19 03:00:14.954,0.82527,0.82551,1.50,2.10
2011.07.19 03:00:15.284,0.82521,0.82542,1.50,1.50
2011.07.19 03:00:15.504,0.82521,0.82542,1.50,1.50
2011.07.19 03:00:15.725,0.82519,0.82542,2.25,1.50
2011.07.19 03:00:17.165,0.82516,0.82542,3.75,1.50
2011.07.19 03:00:17.950,0.82515,0.82541,1.50,1.50
2011.07.19 03:00:18.176,0.82514,0.82539,4.13,1.35
2011.07.19 03:00:20.263,0.82515,0.82542,1.13,2.85
2011.07.19 03:00:22.366,0.82514,0.82542,3.75,2.85
2011.07.19 03:00:28.544,0.82515,0.82542,1.13,1.35
2011.07.19 03:00:30.544,0.82514,0.82542,3.75,1.35
2011.07.19 03:00:34.591,0.82508,0.82538,1.88,2.10
2011.07.19 03:00:35.305,0.82513,0.82538,1.13,2.10
2011.07.19 03:00:36.215,0.82514,0.82541,1.50,1.35
2011.07.19 03:00:36.434,0.82515,0.82541,1.13,1.35
2011.07.19 03:00:46.735,0.82514,0.82534,1.50,1.50
2011.07.19 03:00:47.591,0.82514,0.82535,1.50,1.50
2011.07.19 03:00:51.394,0.82514,0.82535,1.50,1.50
2011.07.19 03:00:51.935,0.82514,0.82538,1.50,1.50
2011.07.19 03:00:55.354,0.82514,0.82538,1.50,2.25
2011.07.19 03:01:16.633,0.82512,0.82534,1.50,1.50
2011.07.19 03:01:24.194,0.82511,0.82534,3.75,1.50
2011.07.19 03:01:24.306,0.82511,0.82533,3.00,1.50
2011.07.19 03:01:24.646,0.82507,0.82535,1.50,2.10
2011.07.19 03:01:24.875,0.82507,0.82532,1.50,1.35
2011.07.19 03:01:24.994,0.82507,0.82532,1.50,1.35
2011.07.19 03:01:27.484,0.82512,0.82536,1.50,1.50
2011.07.19 03:01:29.364,0.82512,0.82536,1.50,1.50
2011.07.19 03:01:30.034,0.82512,0.82536,1.50,1.50
2011.07.19 03:01:32.564,0.82511,0.82536,1.50,1.50
2011.07.19 03:01:33.038,0.82511,0.82538,2.25,2.10
2011.07.19 03:01:34.436,0.82511,0.82536,2.25,2.85
2011.07.19 03:01:34.555,0.82511,0.82534,1.50,1.35
2011.07.19 03:01:34.674,0.82511,0.82534,1.50,1.35
2011.07.19 03:01:39.861,0.82511,0.82538,2.63,1.50
2011.07.19 03:01:42.236,0.82511,0.82536,2.25,1.35
2011.07.19 03:01:42.577,0.82512,0.82536,1.50,1.50
2011.07.19 03:01:42.915,0.82511,0.82536,1.50,1.50
2011.07.19 03:01:43.033,0.82511,0.82536,1.50,1.50
2011.07.19 03:01:43.583,0.8251,0.82534,1.50,1.35
2011.07.19 03:01:45.485,0.82509,0.82533,1.50,1.35
2011.07.19 03:01:45.719,0.8251,0.8253,1.50,1.35
2011.07.19 03:01:46.294,0.8251,0.82533,1.50,1.95
2011.07.19 03:01:46.964,0.82506,0.82533,1.50,1.95
2011.07.19 03:01:47.403,0.82506,0.82533,1.50,1.95
2011.07.19 03:01:50.554,0.82506,0.82533,1.50,1.95
2011.07.19 03:01:51.604,0.82506,0.82533,1.50,1.95
2011.07.19 03:01:52.155,0.82502,0.82528,3.00,1.35
2011.07.19 03:01:52.604,0.82502,0.82531,3.00,1.35
2011.07.19 03:01:55.093,0.82502,0.8253,3.00,2.25
2011.07.19 03:01:58.023,0.82504,0.8253,1.13,2.25
2011.07.19 03:01:58.244,0.82507,0.82531,1.50,1.35
2011.07.19 03:01:59.625,0.82507,0.82529,1.50,2.85
2011.07.19 03:01:59.964,0.82502,0.82527,1.13,1.35
2011.07.19 03:02:00.185,0.82504,0.82531,1.50,1.95
2011.07.19 03:02:02.985,0.82506,0.82531,1.13,1.95
2011.07.19 03:02:05.424,0.82509,0.82531,2.25,1.35
2011.07.19 03:02:05.644,0.82509,0.8253,1.50,1.35
2011.07.19 03:02:05.757,0.82509,0.8253,1.50,1.35
2011.07.19 03:02:06.480,0.8251,0.8253,1.50,1.35
2011.07.19 03:02:08.934,0.82509,0.82531,1.50,1.35
2011.07.19 03:02:09.155,0.82509,0.82531,1.50,1.35
2011.07.19 03:02:09.274,0.82509,0.82531,1.50,1.35
2011.07.19 03:02:10.595,0.8251,0.82531,1.50,1.35
2011.07.19 03:02:11.154,0.82508,0.82531,1.50,1.35
2011.07.19 03:02:12.216,0.82508,0.82531,1.50,1.35
2011.07.19 03:02:14.535,0.82508,0.82534,1.50,2.25
2011.07.19 03:02:22.014,0.82507,0.82533,1.50,1.35
2011.07.19 03:02:22.344,0.82507,0.82534,2.25,1.35
2011.07.19 03:02:23.444,0.82511,0.82534,1.50,1.35
2011.07.19 03:02:26.646,0.8251,0.82534,1.50,1.35
2011.07.19 03:02:26.877,0.82509,0.82534,1.50,2.10
2011.07.19 03:02:28.364,0.8251,0.82534,1.50,1.35
2011.07.19 03:02:32.139,0.82509,0.82535,1.13,1.35
2011.07.19 03:02:36.866,0.82512,0.82539,1.13,1.35
2011.07.19 03:02:37.203,0.82517,0.82538,1.50,2.25
2011.07.19 03:02:51.705,0.8252,0.82543,1.50,1.35
2011.07.19 03:02:52.155,0.82518,0.82544,1.50,1.50
2011.07.19 03:02:57.003,0.82516,0.8254,2.25,1.35
2011.07.19 03:02:57.744,0.82518,0.82542,1.50,1.50
2011.07.19 03:03:03.834,0.82518,0.82543,2.25,1.50
2011.07.19 03:03:04.834,0.82519,0.82545,1.50,1.50
2011.07.19 03:03:06.945,0.82525,0.8255,1.50,1.35
2011.07.19 03:03:13.536,0.82522,0.8255,2.25,1.35
2011.07.19 03:03:15.384,0.82522,0.82546,2.25,1.35
2011.07.19 03:03:19.494,0.82522,0.82546,1.50,1.35
2011.07.19 03:03:19.934,0.82523,0.8255,1.50,1.35
2011.07.19 03:03:20.901,0.82523,0.8255,1.50,1.35
2011.07.19 03:03:22.065,0.82522,0.82547,2.25,1.35
2011.07.19 03:03:22.403,0.82522,0.82547,2.25,1.35
2011.07.19 03:03:33.855,0.82522,0.82547,2.25,1.35
2011.07.19 03:03:34.403,0.82522,0.82547,2.25,1.35
2011.07.19 03:03:39.914,0.82521,0.82547,2.25,1.35
2011.07.19 03:03:40.943,0.82522,0.82547,2.25,1.35
2011.07.19 03:03:42.946,0.82522,0.82547,2.25,1.35
2011.07.19 03:03:43.396,0.82523,0.82547,1.50,1.35
2011.07.19 03:04:00.614,0.82524,0.82548,1.50,1.50
2011.07.19 03:04:00.944,0.82527,0.82555,1.50,1.35
2011.07.19 03:04:01.053,0.82527,0.82555,1.50,1.35
2011.07.19 03:04:01.164,0.82527,0.82555,1.50,1.35
2011.07.19 03:04:02.974,0.82527,0.82555,1.50,1.95
2011.07.19 03:04:11.965,0.82522,0.82552,2.25,1.35
2011.07.19 03:04:12.563,0.82522,0.82548,1.50,1.50
2011.07.19 03:04:17.654,0.82522,0.82548,2.25,1.50
2011.07.19 03:04:18.206,0.82523,0.82549,1.50,2.10
2011.07.19 03:04:20.734,0.82523,0.82547,2.25,1.50
2011.07.19 03:04:20.964,0.82523,0.82549,1.50,2.10
2011.07.19 03:04:24.377,0.82523,0.82549,1.50,2.10
2011.07.19 03:04:24.716,0.82526,0.82548,1.88,1.50
2011.07.19 03:04:26.404,0.82531,0.82554,1.50,1.35
2011.07.19 03:04:27.425,0.82531,0.82554,1.50,1.35
2011.07.19 03:04:27.848,0.82531,0.82554,1.50,1.35
2011.07.19 03:04:28.078,0.82533,0.82555,1.50,1.35
2011.07.19 03:04:28.414,0.82527,0.82553,2.25,1.50
2011.07.19 03:04:32.234,0.82527,0.82553,2.25,1.50
2011.07.19 03:04:37.805,0.82527,0.82553,1.50,1.50
2011.07.19 03:04:38.038,0.82523,0.82552,1.50,2.10
2011.07.19 03:04:38.266,0.82521,0.82547,1.50,1.35
2011.07.19 03:04:38.385,0.8252,0.82547,1.50,1.35
2011.07.19 03:04:38.915,0.8252,0.82547,1.50,1.35
2011.07.19 03:04:43.334,0.82519,0.82547,3.75,1.35
2011.07.19 03:04:46.735,0.82525,0.82551,1.50,1.50
2011.07.19 03:04:47.333,0.82525,0.82551,1.50,1.50
2011.07.19 03:04:53.145,0.82525,0.8255,1.50,1.50
2011.07.19 03:04:57.256,0.82524,0.82548,2.25,1.35
2011.07.19 03:04:57.486,0.82523,0.82549,1.50,1.50
2011.07.19 03:04:57.716,0.82523,0.82551,1.50,1.35
2011.07.19 03:04:57.836,0.82523,0.82549,1.50,1.35
2011.07.19 03:05:09.065,0.82523,0.82549,1.50,2.10
2011.07.19 03:05:12.754,0.82523,0.82549,1.50,2.10
2011.07.19 03:05:13.305,0.82523,0.82549,1.50,2.10
2011.07.19 03:05:21.819,0.82523,0.8255,1.50,1.50
2011.07.19 03:05:32.786,0.82523,0.82551,1.50,1.35
2011.07.19 03:05:34.126,0.82521,0.82549,2.25,1.50
2011.07.19 03:05:34.836,0.82519,0.82547,2.25,1.50
2011.07.19 03:05:35.284,0.82515,0.82543,1.50,1.35
2011.07.19 03:05:44.934,0.82515,0.82544,1.50,1.95
2011.07.19 03:05:50.214,0.82515,0.82544,1.50,1.95
2011.07.19 03:05:57.947,0.82515,0.82544,1.50,1.95
2011.07.19 03:05:59.064,0.82515,0.82544,1.50,2.33
2011.07.19 03:06:10.536,0.82513,0.82543,1.50,2.10
2011.07.19 03:06:22.814,0.82513,0.82543,1.50,1.35
2011.07.19 03:06:46.214,0.82512,0.82542,1.50,1.35
2011.07.19 03:06:51.326,0.82513,0.82542,1.13,1.35
2011.07.19 03:06:51.663,0.82518,0.82542,1.50,1.35
2011.07.19 03:06:53.049,0.82519,0.82542,1.50,1.35
2011.07.19 03:06:56.584,0.82518,0.82544,1.50,1.35
2011.07.19 03:06:57.190,0.82518,0.82544,1.50,1.35
2011.07.19 03:07:09.855,0.82518,0.82544,1.50,1.35
2011.07.19 03:07:21.138,0.82518,0.82544,2.25,1.35
2011.07.19 03:07:21.365,0.82518,0.82544,2.25,1.35
2011.07.19 03:07:27.264,0.8252,0.82544,1.50,1.35
2011.07.19 03:07:37.864,0.82517,0.82544,1.50,1.35
2011.07.19 03:07:55.854,0.82518,0.82544,1.50,1.35
2011.07.19 03:07:55.964,0.82513,0.82544,1.50,1.35
2011.07.19 03:07:56.075,0.82513,0.82544,1.50,1.35
2011.07.19 03:08:10.855,0.8251,0.8253,1.50,1.50
2011.07.19 03:08:10.966,0.82508,0.8253,2.25,1.50
2011.07.19 03:08:11.087,0.82504,0.8253,1.50,1.50
2011.07.19 03:08:11.206,0.82504,0.8253,1.50,1.50
2011.07.19 03:08:30.386,0.82502,0.82524,1.50,1.35
2011.07.19 03:08:30.510,0.82494,0.82517,2.25,1.50
2011.07.19 03:08:30.846,0.82488,0.82513,1.50,1.50
2011.07.19 03:08:31.076,0.82485,0.82513,2.25,1.50
2011.07.19 03:08:31.525,0.82485,0.82513,2.25,2.10
2011.07.19 03:08:45.559,0.82485,0.82513,2.25,2.10
2011.07.19 03:08:46.134,0.82493,0.82518,1.50,1.50
2011.07.19 03:08:52.815,0.82492,0.82519,1.50,1.35
2011.07.19 03:08:53.035,0.82492,0.82519,1.50,1.35
2011.07.19 03:08:55.455,0.82493,0.82523,1.50,2.85
2011.07.19 03:08:58.345,0.82492,0.8252,2.25,1.13
2011.07.19 03:08:58.569,0.82492,0.82516,1.50,1.50
2011.07.19 03:08:58.798,0.82491,0.82519,1.50,1.35
2011.07.19 03:09:04.445,0.82491,0.82519,1.50,1.35
2011.07.19 03:09:07.687,0.82491,0.82515,1.50,1.50
2011.07.19 03:09:08.024,0.82491,0.82519,1.50,1.35
2011.07.19 03:09:08.582,0.82491,0.82519,1.50,1.35
2011.07.19 03:09:09.325,0.82491,0.82519,2.25,1.35
2011.07.19 03:09:09.663,0.82493,0.82519,1.50,1.35
2011.07.19 03:09:13.877,0.82493,0.82519,1.50,1.35
2011.07.19 03:09:19.137,0.82492,0.82515,1.50,1.50
2011.07.19 03:09:19.694,0.82491,0.82515,1.50,1.50
2011.07.19 03:09:23.438,0.82491,0.82512,1.50,1.35
2011.07.19 03:09:40.605,0.82487,0.82512,1.50,1.35
2011.07.19 03:10:07.905,0.82487,0.82515,1.50,1.50
2011.07.19 03:10:31.017,0.82487,0.82515,1.50,1.50
2011.07.19 03:10:32.556,0.82488,0.82514,1.50,1.50
2011.07.19 03:10:33.325,0.82488,0.82514,1.50,1.50
2011.07.19 03:10:36.407,0.82488,0.82515,1.50,1.50
2011.07.19 03:10:37.125,0.82488,0.82515,1.50,1.50
2011.07.19 03:10:47.878,0.82488,0.82514,1.50,1.50
2011.07.19 03:11:06.224,0.82488,0.82515,1.50,1.50
2011.07.19 03:11:12.664,0.82488,0.82514,1.50,1.50
2011.07.19 03:11:49.455,0.82486,0.82509,1.50,2.10
2011.07.19 03:11:49.675,0.8248,0.82509,2.29,3.08
2011.07.19 03:11:50.224,0.8248,0.82505,1.54,2.10
2011.07.19 03:11:52.164,0.8248,0.82505,1.54,2.10
2011.07.19 03:11:55.346,0.82478,0.82505,1.54,2.10
2011.07.19 03:12:04.534,0.82477,0.82505,1.54,1.35
2011.07.19 03:12:06.148,0.82478,0.82504,1.17,1.35
2011.07.19 03:12:06.487,0.82483,0.82509,1.54,2.10
2011.07.19 03:12:06.827,0.82484,0.82511,1.50,1.35
2011.07.19 03:12:07.270,0.82488,0.82514,1.50,1.35
2011.07.19 03:12:13.234,0.82487,0.82515,1.50,1.35
2011.07.19 03:12:13.455,0.82487,0.82512,1.50,1.35
2011.07.19 03:12:13.785,0.82484,0.82509,1.50,1.35
2011.07.19 03:12:14.115,0.82479,0.82508,1.54,1.35
2011.07.19 03:12:15.291,0.82476,0.82504,1.54,1.50
2011.07.19 03:12:15.736,0.82475,0.825,1.54,1.35
2011.07.19 03:12:18.412,0.82475,0.825,1.54,1.35
2011.07.19 03:12:20.005,0.82474,0.82499,1.20,2.25
2011.07.19 03:12:39.955,0.82474,0.825,1.95,1.35
2011.07.19 03:12:40.505,0.82474,0.825,1.95,1.35
2011.07.19 03:12:48.339,0.82474,0.825,1.20,1.35
2011.07.19 03:13:01.349,0.82474,0.82496,1.20,1.35
2011.07.19 03:13:01.799,0.82472,0.82496,1.20,1.95
2011.07.19 03:13:05.485,0.82473,0.82494,1.20,1.35
2011.07.19 03:13:10.435,0.82473,0.82495,1.20,1.35
2011.07.19 03:13:15.427,0.82474,0.82495,1.20,1.35
2011.07.19 03:13:16.094,0.82473,0.82496,1.20,1.35
2011.07.19 03:13:23.186,0.82473,0.82496,1.20,1.35
2011.07.19 03:13:29.124,0.82472,0.82496,1.20,1.35
2011.07.19 03:13:43.645,0.82474,0.82496,1.20,1.35
2011.07.19 03:13:51.656,0.82469,0.82493,1.19,1.50
2011.07.19 03:13:53.476,0.82472,0.82495,1.19,2.10
2011.07.19 03:13:54.356,0.82473,0.82495,1.19,2.10
2011.07.19 03:13:56.236,0.82474,0.82496,1.19,2.10
2011.07.19 03:13:56.796,0.82475,0.82496,1.54,1.50
2011.07.19 03:13:57.026,0.82479,0.82504,1.54,1.50
2011.07.19 03:13:57.147,0.82477,0.82499,1.54,1.50
2011.07.19 03:13:57.707,0.82479,0.82504,1.54,1.50
2011.07.19 03:13:58.266,0.8248,0.82509,1.54,2.10
2011.07.19 03:13:58.485,0.8248,0.82507,1.54,1.13
2011.07.19 03:13:58.815,0.82478,0.82504,1.54,1.35
2011.07.19 03:14:05.504,0.82479,0.82504,1.54,1.35
2011.07.19 03:14:06.186,0.8248,0.82504,1.54,1.35
2011.07.19 03:14:10.476,0.8248,0.82505,1.54,1.35
2011.07.19 03:14:10.996,0.82478,0.82505,1.54,1.95
2011.07.19 03:14:20.405,0.82478,0.82505,1.54,1.95
2011.07.19 03:14:23.786,0.82476,0.82501,1.54,1.35
2011.07.19 03:14:30.378,0.82475,0.82501,2.29,1.95
2011.07.19 03:14:30.717,0.82475,0.82501,1.54,1.95
2011.07.19 03:14:31.279,0.82478,0.82501,1.54,1.95
2011.07.19 03:14:32.256,0.82477,0.82501,1.54,1.35
2011.07.19 03:14:38.326,0.82475,0.82501,1.54,1.95
2011.07.19 03:14:40.295,0.82473,0.825,1.01,1.35
2011.07.19 03:14:45.985,0.82473,0.82501,1.01,1.35
2011.07.19 03:14:56.107,0.82473,0.82501,1.76,1.95
2011.07.19 03:15:27.167,0.82473,0.825,1.01,1.35
2011.07.19 03:15:27.286,0.82473,0.825,1.01,1.35
2011.07.19 03:15:29.227,0.82476,0.82504,1.54,2.10
2011.07.19 03:15:29.676,0.8247,0.82499,1.65,1.50
2011.07.19 03:15:36.116,0.82468,0.82495,1.65,1.35
2011.07.19 03:15:44.557,0.82473,0.82499,1.65,1.13
2011.07.19 03:15:44.675,0.82473,0.82494,1.65,1.50
2011.07.19 03:15:44.895,0.82473,0.825,1.65,1.50
2011.07.19 03:15:47.006,0.82474,0.825,1.54,1.50
2011.07.19 03:15:49.915,0.82474,0.82499,1.50,1.50
2011.07.19 03:15:52.858,0.82473,0.82498,1.50,1.13
2011.07.19 03:15:53.415,0.8247,0.82497,1.50,1.50
2011.07.19 03:15:55.696,0.82469,0.82497,1.50,1.13
2011.07.19 03:15:56.036,0.8247,0.82497,1.50,1.13
2011.07.19 03:15:56.632,0.8247,0.82497,1.50,1.13
2011.07.19 03:15:59.666,0.82469,0.82495,1.50,1.50
2011.07.19 03:15:59.885,0.8247,0.82495,1.50,1.50
2011.07.19 03:16:01.854,0.8247,0.82495,1.50,1.50
2011.07.19 03:16:03.326,0.8247,0.82495,1.50,1.50
2011.07.19 03:16:06.186,0.82472,0.82497,1.50,1.50
2011.07.19 03:16:08.137,0.82469,0.82494,1.50,1.50
2011.07.19 03:16:10.175,0.82465,0.82493,1.50,1.35
2011.07.19 03:16:11.856,0.82469,0.82494,3.75,1.35
2011.07.19 03:16:12.425,0.82471,0.82495,1.50,2.10
2011.07.19 03:16:13.397,0.82471,0.82495,1.50,2.10
2011.07.19 03:16:13.955,0.82468,0.82492,1.50,1.50
2011.07.19 03:16:35.227,0.82467,0.8249,2.25,1.50
2011.07.19 03:16:35.456,0.82464,0.8249,3.75,2.25
2011.07.19 03:16:35.787,0.82462,0.82487,1.50,1.50
2011.07.19 03:16:37.997,0.82462,0.82488,1.50,1.50
2011.07.19 03:16:39.586,0.82464,0.82488,3.00,1.50
2011.07.19 03:16:41.079,0.8247,0.82495,1.50,1.50
2011.07.19 03:16:43.336,0.82468,0.82491,1.50,1.50
2011.07.19 03:16:43.935,0.82467,0.82489,1.50,1.50
2011.07.19 03:16:50.507,0.82467,0.82488,1.50,1.50
2011.07.19 03:16:51.368,0.82466,0.82487,1.50,1.50
2011.07.19 03:16:51.698,0.82465,0.82485,1.50,1.50
2011.07.19 03:16:51.820,0.82462,0.82482,3.00,1.50
2011.07.19 03:16:52.376,0.82461,0.82482,1.50,1.50
2011.07.19 03:16:53.826,0.82461,0.82482,1.50,1.50
2011.07.19 03:16:55.065,0.82461,0.82482,1.50,1.50
2011.07.19 03:16:55.508,0.82457,0.82483,1.50,1.50
2011.07.19 03:16:55.628,0.82454,0.82483,5.25,1.50
2011.07.19 03:16:57.815,0.82456,0.82483,1.50,2.10
2011.07.19 03:17:04.016,0.82457,0.82489,3.00,1.35
2011.07.19 03:17:04.127,0.82457,0.82489,3.00,1.35
2011.07.19 03:17:05.571,0.82461,0.82488,1.50,1.35
2011.07.19 03:17:05.905,0.82463,0.82488,1.50,1.35
2011.07.19 03:17:09.386,0.82462,0.82488,1.50,1.35
2011.07.19 03:17:09.716,0.8246,0.82488,1.50,1.95
2011.07.19 03:17:14.486,0.82457,0.82484,2.25,1.50
2011.07.19 03:17:15.047,0.8246,0.82484,1.50,1.50
2011.07.19 03:17:17.966,0.8246,0.82484,1.50,1.50
2011.07.19 03:17:18.296,0.8246,0.82488,1.50,2.48
2011.07.19 03:17:21.028,0.8246,0.82488,1.50,2.48
2011.07.19 03:17:21.567,0.82459,0.82485,1.50,1.13
2011.07.19 03:17:22.127,0.82457,0.82483,1.50,1.50
2011.07.19 03:17:25.718,0.82456,0.82483,1.50,1.50
2011.07.19 03:17:38.236,0.82456,0.82481,1.50,1.50
2011.07.19 03:17:41.056,0.82455,0.82481,1.50,1.50
2011.07.19 03:17:54.009,0.82455,0.82482,2.25,1.50
2011.07.19 03:17:55.199,0.82459,0.82483,1.50,1.50
2011.07.19 03:17:55.426,0.82459,0.82483,2.25,1.50
2011.07.19 03:17:55.866,0.82462,0.82492,1.50,2.48
2011.07.19 03:17:58.446,0.82462,0.82487,1.50,1.50
2011.07.19 03:17:59.485,0.82462,0.82486,1.50,1.50
2011.07.19 03:18:10.086,0.82462,0.82488,1.50,1.50
2011.07.19 03:18:11.686,0.82461,0.82488,1.50,1.50
2011.07.19 03:18:12.017,0.82462,0.82486,1.50,1.50
2011.07.19 03:18:12.580,0.82462,0.82485,1.50,1.50
2011.07.19 03:18:12.806,0.82462,0.82485,1.50,1.50
2011.07.19 03:18:19.917,0.82461,0.82483,1.50,1.50
2011.07.19 03:18:20.146,0.82457,0.82482,3.00,1.50
2011.07.19 03:18:20.475,0.82457,0.82481,2.25,1.13
2011.07.19 03:18:20.587,0.82452,0.82481,1.50,1.13
2011.07.19 03:18:21.145,0.82452,0.82479,1.50,1.50
2011.07.19 03:18:25.008,0.82452,0.82473,1.50,1.50
2011.07.19 03:18:25.238,0.82449,0.82476,1.50,1.35
2011.07.19 03:18:25.467,0.82449,0.82476,1.50,1.35
2011.07.19 03:18:30.785,0.82449,0.82477,1.50,2.10
2011.07.19 03:18:34.955,0.82449,0.82477,1.50,1.35
2011.07.19 03:18:35.396,0.82452,0.82478,1.50,2.10
2011.07.19 03:18:41.457,0.82451,0.82478,2.25,1.50
2011.07.19 03:18:41.937,0.8245,0.82477,1.50,1.35
2011.07.19 03:18:53.057,0.82452,0.82479,2.25,1.13
2011.07.19 03:18:53.398,0.82449,0.82474,1.50,1.50
2011.07.19 03:18:53.519,0.82449,0.82474,1.50,1.50
2011.07.19 03:18:54.730,0.82449,0.82478,1.50,1.13
2011.07.19 03:18:54.847,0.82452,0.82481,1.50,1.13
2011.07.19 03:18:54.978,0.82453,0.82481,1.50,1.13
2011.07.19 03:18:55.756,0.82453,0.82481,1.50,1.13
2011.07.19 03:18:58.178,0.82453,0.8248,1.50,1.50
2011.07.19 03:19:00.699,0.8245,0.82475,1.50,1.13
2011.07.19 03:19:00.818,0.82448,0.82473,1.50,1.50
2011.07.19 03:19:01.487,0.82448,0.82473,1.50,1.50
2011.07.19 03:19:02.343,0.82453,0.82478,1.50,1.50
2011.07.19 03:19:02.676,0.82453,0.82477,1.50,1.50
2011.07.19 03:19:03.288,0.82451,0.82476,2.25,1.50
2011.07.19 03:19:03.516,0.8245,0.82476,1.50,1.50
2011.07.19 03:19:05.856,0.82451,0.82476,1.50,1.50
2011.07.19 03:19:06.077,0.82452,0.82481,2.25,1.50
2011.07.19 03:19:22.526,0.82452,0.82478,2.25,1.50
2011.07.19 03:19:41.596,0.82454,0.82478,2.25,1.50
2011.07.19 03:19:41.705,0.82455,0.82481,1.50,1.50
2011.07.19 03:19:55.528,0.82455,0.82482,1.50,1.50
2011.07.19 03:19:56.106,0.82455,0.82482,1.50,1.50
2011.07.19 03:19:56.628,0.82455,0.82482,1.50,1.50
2011.07.19 03:19:57.766,0.82455,0.82482,1.50,1.50
2011.07.19 03:19:58.095,0.8245,0.82474,2.25,1.50
2011.07.19 03:19:58.427,0.82449,0.82474,1.50,1.50
2011.07.19 03:19:58.989,0.82444,0.82474,1.50,2.10
2011.07.19 03:20:17.407,0.82446,0.82474,3.75,1.50
2011.07.19 03:20:17.526,0.82448,0.82474,1.50,1.50
2011.07.19 03:20:20.128,0.8245,0.82474,1.50,1.50
2011.07.19 03:20:26.475,0.82449,0.82475,1.50,1.50
2011.07.19 03:20:27.442,0.82458,0.8248,1.50,1.35
2011.07.19 03:20:27.672,0.82458,0.82483,1.50,2.25
2011.07.19 03:20:27.897,0.82458,0.82484,1.50,1.50
2011.07.19 03:20:28.395,0.82458,0.82484,1.50,1.50
2011.07.19 03:20:39.556,0.82458,0.82484,1.50,1.50
2011.07.19 03:20:40.597,0.82458,0.82484,1.50,1.50
2011.07.19 03:21:10.838,0.82458,0.82478,1.50,1.50
2011.07.19 03:21:10.958,0.82456,0.82483,1.50,1.50
2011.07.19 03:21:11.516,0.82455,0.82481,1.50,1.50
2011.07.19 03:21:11.627,0.82454,0.82479,1.50,1.50
2011.07.19 03:21:12.789,0.82451,0.82477,1.50,3.00
2011.07.19 03:21:14.747,0.82451,0.82476,1.50,3.00
2011.07.19 03:21:17.686,0.82451,0.82475,1.50,1.50
2011.07.19 03:21:18.367,0.82451,0.82475,1.50,1.50
2011.07.19 03:21:20.869,0.82451,0.8248,1.50,1.50
2011.07.19 03:21:21.319,0.82455,0.82482,1.50,1.50
2011.07.19 03:21:21.437,0.82457,0.82482,1.50,1.50
2011.07.19 03:21:21.665,0.82455,0.82479,1.50,1.50
2011.07.19 03:21:24.366,0.82455,0.82479,1.50,1.50
2011.07.19 03:21:28.635,0.82452,0.82479,1.50,1.50
2011.07.19 03:21:28.856,0.82452,0.82479,1.50,1.50
2011.07.19 03:21:34.486,0.82455,0.8248,1.50,1.50
2011.07.19 03:21:34.595,0.82456,0.8248,1.50,1.50
2011.07.19 03:21:35.378,0.82456,0.8248,1.50,1.50
2011.07.19 03:21:49.128,0.82454,0.8248,3.75,1.50
2011.07.19 03:21:49.355,0.82454,0.8248,3.75,1.50
2011.07.19 03:22:20.219,0.82455,0.82479,1.50,1.50
2011.07.19 03:22:21.538,0.82457,0.82483,1.50,1.50
2011.07.19 03:22:21.972,0.82457,0.82483,1.50,1.50
2011.07.19 03:22:37.883,0.82461,0.82487,2.25,1.50
2011.07.19 03:22:38.343,0.82458,0.82488,3.00,1.13
2011.07.19 03:22:38.569,0.82454,0.82484,3.00,1.50
2011.07.19 03:22:38.689,0.82454,0.82484,3.00,1.50
2011.07.19 03:22:39.247,0.82452,0.82482,1.13,1.35
2011.07.19 03:22:40.236,0.82452,0.82482,3.00,1.35
2011.07.19 03:22:41.638,0.82452,0.82482,3.00,2.10
2011.07.19 03:22:41.772,0.82452,0.82482,3.00,2.10
2011.07.19 03:22:42.330,0.82453,0.82483,3.00,1.50
2011.07.19 03:22:42.559,0.82452,0.82483,1.13,1.50
2011.07.19 03:22:42.836,0.82452,0.82483,1.13,1.50
2011.07.19 03:22:45.209,0.82452,0.82482,1.13,1.35
2011.07.19 03:22:45.549,0.82451,0.82481,1.50,4.88
2011.07.19 03:22:45.778,0.82447,0.82478,1.13,1.50
2011.07.19 03:22:50.989,0.82447,0.82481,1.13,4.73
2011.07.19 03:22:54.377,0.82447,0.82478,1.13,1.50
2011.07.19 03:22:58.488,0.82445,0.82475,3.00,1.50
2011.07.19 03:23:00.670,0.82444,0.82475,1.35,1.50
2011.07.19 03:23:00.900,0.82444,0.82474,1.35,1.13
2011.07.19 03:23:01.132,0.82442,0.8247,1.50,1.50
2011.07.19 03:23:01.467,0.82446,0.82474,1.50,1.35
2011.07.19 03:23:01.807,0.82444,0.82472,3.00,3.23
2011.07.19 03:23:01.929,0.82441,0.82472,3.00,3.23
2011.07.19 03:23:03.029,0.82437,0.8247,1.35,1.50
2011.07.19 03:23:03.278,0.82441,0.82471,1.50,3.00
2011.07.19 03:23:04.250,0.82441,0.82472,1.50,2.85
2011.07.19 03:23:05.248,0.82442,0.82471,2.63,3.00
2011.07.19 03:23:05.366,0.82444,0.82471,1.50,1.50
2011.07.19 03:23:06.122,0.82445,0.82471,1.50,1.50
2011.07.19 03:23:06.800,0.82444,0.82475,1.88,1.50
2011.07.19 03:23:09.947,0.82445,0.82475,1.13,1.50
2011.07.19 03:23:10.287,0.82448,0.82479,1.73,1.50
2011.07.19 03:23:10.736,0.82453,0.82484,1.13,3.75
2011.07.19 03:23:11.448,0.82452,0.8248,1.50,1.50
2011.07.19 03:23:13.738,0.82454,0.82482,1.50,1.50
2011.07.19 03:23:13.967,0.82452,0.82484,1.50,1.50
2011.07.19 03:23:14.888,0.8245,0.82474,1.50,1.50
2011.07.19 03:23:17.167,0.82446,0.82474,1.50,1.50
2011.07.19 03:23:24.508,0.82444,0.82474,1.88,1.35
2011.07.19 03:23:28.507,0.82444,0.82468,1.73,1.50
2011.07.19 03:23:28.726,0.82441,0.82467,1.50,1.50
2011.07.19 03:23:30.066,0.8244,0.82467,2.25,1.50
2011.07.19 03:23:33.729,0.82441,0.82467,1.50,1.50
2011.07.19 03:23:40.040,0.82439,0.82466,1.50,1.88
2011.07.19 03:23:40.267,0.82432,0.82458,1.50,1.50
2011.07.19 03:23:40.389,0.8243,0.82457,1.50,1.50
2011.07.19 03:23:40.617,0.82431,0.82462,1.13,2.10
2011.07.19 03:23:40.956,0.82428,0.82457,3.75,1.50
2011.07.19 03:23:41.836,0.82428,0.82457,1.50,1.50
2011.07.19 03:23:42.550,0.82428,0.82457,1.50,1.50
2011.07.19 03:23:44.206,0.82427,0.82457,2.25,1.50
2011.07.19 03:23:47.548,0.82428,0.82454,1.50,1.50
2011.07.19 03:23:47.887,0.82427,0.82455,2.25,1.50
2011.07.19 03:23:50.159,0.8243,0.82455,1.50,1.50
2011.07.19 03:23:50.500,0.82435,0.82461,1.50,2.25
2011.07.19 03:23:50.727,0.82435,0.82464,1.50,1.50
2011.07.19 03:23:51.068,0.82437,0.82464,1.13,1.50
2011.07.19 03:23:51.408,0.82443,0.82471,1.50,2.10
2011.07.19 03:23:51.637,0.82441,0.82471,1.50,3.60
2011.07.19 03:23:52.256,0.8244,0.82471,1.50,3.60
2011.07.19 03:23:56.666,0.8244,0.82471,1.50,2.48
2011.07.19 03:24:08.881,0.8244,0.82471,1.50,2.48
2011.07.19 03:24:09.217,0.82439,0.82465,1.50,2.25
2011.07.19 03:24:09.778,0.82435,0.82463,1.50,1.50
2011.07.19 03:24:10.346,0.82435,0.82463,1.50,1.50
2011.07.19 03:24:11.488,0.8243,0.82458,1.50,1.50
2011.07.19 03:24:11.827,0.82425,0.82457,2.25,1.50
2011.07.19 03:24:11.937,0.82425,0.82458,1.50,4.35
2011.07.19 03:24:12.268,0.82427,0.82458,1.88,2.10
2011.07.19 03:24:12.606,0.82427,0.82458,1.88,2.10
2011.07.19 03:24:13.307,0.82428,0.82458,1.13,2.10
2011.07.19 03:24:13.850,0.82425,0.82457,1.50,1.50
2011.07.19 03:24:15.987,0.82422,0.82446,1.50,1.50
2011.07.19 03:24:16.218,0.82419,0.82446,2.25,1.50
2011.07.19 03:24:16.447,0.82419,0.82446,2.25,1.50
2011.07.19 03:24:16.887,0.8242,0.82449,3.00,2.10
2011.07.19 03:24:18.366,0.8242,0.8245,3.00,1.50
2011.07.19 03:24:18.918,0.8242,0.82449,3.00,1.50
2011.07.19 03:24:21.879,0.82422,0.82448,1.50,1.50
2011.07.19 03:24:26.243,0.82423,0.82448,1.50,1.50
2011.07.19 03:24:31.146,0.82426,0.82451,1.50,1.50
2011.07.19 03:24:32.946,0.82423,0.82447,1.50,1.50
2011.07.19 03:24:33.559,0.82423,0.82447,1.50,1.50
2011.07.19 03:24:33.901,0.82426,0.82454,1.50,1.50
2011.07.19 03:24:34.020,0.82428,0.82454,1.13,1.50
2011.07.19 03:24:34.250,0.82431,0.82459,1.50,1.35
2011.07.19 03:24:40.559,0.82429,0.82457,3.38,1.35
2011.07.19 03:24:40.898,0.82429,0.82457,1.13,2.10
2011.07.19 03:24:41.350,0.82427,0.82451,1.50,1.50
2011.07.19 03:24:41.467,0.82424,0.82446,1.50,1.50
2011.07.19 03:24:41.698,0.82421,0.82445,1.50,1.50
2011.07.19 03:24:41.817,0.82418,0.82445,3.00,1.50
2011.07.19 03:24:41.935,0.82418,0.82445,2.25,1.50
2011.07.19 03:24:42.520,0.82418,0.82445,1.50,1.50
2011.07.19 03:24:46.557,0.82418,0.82445,3.75,1.50
2011.07.19 03:24:46.789,0.82422,0.82448,1.50,1.50
2011.07.19 03:24:47.489,0.8242,0.82446,1.50,1.50
2011.07.19 03:24:48.064,0.82429,0.82454,2.25,1.13
2011.07.19 03:24:48.182,0.82427,0.82458,1.88,1.35
2011.07.19 03:24:51.085,0.82427,0.82456,1.50,1.50
2011.07.19 03:24:51.346,0.82427,0.82456,1.50,1.50
2011.07.19 03:24:52.005,0.82427,0.82456,1.50,1.50
2011.07.19 03:24:58.385,0.82422,0.82455,3.75,1.35
2011.07.19 03:25:04.437,0.82423,0.82454,1.13,1.50
2011.07.19 03:25:04.665,0.82423,0.82454,1.13,3.00
2011.07.19 03:25:06.436,0.82423,0.82455,1.13,2.10
2011.07.19 03:25:06.767,0.82423,0.82454,1.13,1.50
2011.07.19 03:25:06.996,0.82427,0.82454,1.13,1.50
2011.07.19 03:25:07.118,0.82428,0.82454,1.13,1.50
2011.07.19 03:25:07.512,0.8243,0.82458,1.13,1.35
2011.07.19 03:25:08.442,0.8243,0.82458,1.13,1.35
2011.07.19 03:25:09.021,0.82428,0.82458,3.38,1.35
2011.07.19 03:25:09.247,0.82425,0.82458,3.00,1.35
2011.07.19 03:25:12.569,0.82425,0.82457,3.00,1.35
2011.07.19 03:25:13.015,0.82425,0.82457,3.00,1.35
2011.07.19 03:25:14.576,0.82425,0.82457,3.00,1.35
2011.07.19 03:25:14.686,0.82428,0.82457,1.13,1.35
2011.07.19 03:25:15.235,0.8243,0.82458,1.13,1.35
2011.07.19 03:25:22.432,0.82424,0.82454,1.50,1.50
2011.07.19 03:25:22.766,0.82423,0.82455,1.73,3.00
2011.07.19 03:25:24.745,0.82423,0.82455,1.73,3.00
2011.07.19 03:25:38.598,0.82421,0.82449,3.75,1.50
2011.07.19 03:25:39.177,0.82419,0.82446,1.50,1.50
2011.07.19 03:25:39.517,0.82419,0.82448,1.50,2.25
2011.07.19 03:25:39.746,0.82423,0.82448,1.50,1.50
2011.07.19 03:25:42.088,0.82425,0.82449,1.50,1.50
2011.07.19 03:25:42.319,0.82429,0.82455,1.13,1.35
2011.07.19 03:25:42.547,0.82431,0.82459,1.50,1.35
2011.07.19 03:25:45.607,0.8243,0.82462,1.13,2.10
2011.07.19 03:25:50.525,0.8243,0.82462,1.13,2.10
2011.07.19 03:25:54.365,0.8243,0.82462,1.13,1.35
2011.07.19 03:26:10.755,0.8243,0.8246,1.13,1.50
2011.07.19 03:26:13.426,0.82425,0.82458,1.35,1.50
2011.07.19 03:26:18.657,0.82429,0.82461,1.13,3.60
2011.07.19 03:26:26.738,0.82433,0.82461,1.13,3.60
2011.07.19 03:26:26.968,0.82429,0.82461,3.38,2.10
2011.07.19 03:26:31.625,0.82429,0.82461,3.38,1.50
2011.07.19 03:26:32.127,0.82429,0.82461,3.38,1.50
2011.07.19 03:26:36.046,0.82428,0.82461,1.88,1.50
2011.07.19 03:26:37.370,0.82428,0.82461,1.88,1.50
2011.07.19 03:26:38.737,0.82428,0.82461,1.88,1.50
2011.07.19 03:26:40.356,0.82428,0.82461,1.88,1.50
2011.07.19 03:26:42.147,0.82432,0.82461,1.13,1.50
2011.07.19 03:26:42.705,0.82433,0.82461,1.50,1.50
2011.07.19 03:26:43.998,0.82432,0.82463,1.88,3.00
2011.07.19 03:26:46.386,0.82432,0.82464,1.88,1.35
2011.07.19 03:26:46.607,0.82433,0.82464,1.50,1.35
2011.07.19 03:26:47.390,0.82441,0.82468,1.50,1.50
2011.07.19 03:26:48.257,0.82441,0.82468,1.50,4.73
2011.07.19 03:26:49.458,0.82437,0.82468,1.88,3.75
2011.07.19 03:26:52.367,0.8244,0.82469,1.50,1.50
2011.07.19 03:27:01.365,0.8244,0.82469,1.50,1.50
2011.07.19 03:27:21.856,0.82441,0.82469,1.35,1.50
2011.07.19 03:27:23.918,0.82442,0.82468,1.50,1.50
2011.07.19 03:27:29.219,0.8244,0.82469,1.50,2.25
2011.07.19 03:27:29.666,0.8244,0.82469,1.50,1.50
2011.07.19 03:27:44.826,0.82445,0.82469,1.50,1.50
2011.07.19 03:27:45.048,0.82442,0.82468,1.50,1.50
2011.07.19 03:27:45.606,0.82441,0.82468,1.50,1.50
2011.07.19 03:27:56.476,0.8244,0.82461,1.50,1.50
2011.07.19 03:27:56.826,0.8244,0.82466,1.50,1.50
2011.07.19 03:28:11.059,0.8244,0.82466,1.50,1.50
2011.07.19 03:28:11.880,0.82441,0.82464,1.50,1.50
2011.07.19 03:28:12.000,0.82443,0.82469,1.50,1.50
2011.07.19 03:28:20.767,0.82442,0.82468,1.50,2.25
2011.07.19 03:28:22.282,0.82442,0.82467,1.50,1.50
2011.07.19 03:28:28.449,0.82442,0.82466,1.50,1.50
2011.07.19 03:28:28.679,0.8244,0.82468,1.50,4.50
2011.07.19 03:28:29.016,0.82441,0.82465,1.50,1.50
2011.07.19 03:28:30.308,0.82438,0.82465,1.50,1.50
2011.07.19 03:28:33.666,0.8244,0.82466,1.50,1.50
2011.07.19 03:28:33.885,0.82441,0.82467,1.50,1.88
2011.07.19 03:28:40.456,0.82436,0.82467,1.50,1.13
2011.07.19 03:28:57.267,0.82438,0.82467,1.50,1.50
2011.07.19 03:28:58.898,0.82441,0.82467,1.50,1.50
2011.07.19 03:29:02.980,0.82441,0.82467,1.50,1.50
2011.07.19 03:29:03.207,0.82442,0.82467,1.50,1.50
2011.07.19 03:29:05.518,0.82442,0.82469,1.50,1.50
2011.07.19 03:29:05.969,0.82441,0.82473,1.50,3.75
2011.07.19 03:29:06.416,0.82443,0.82475,1.50,1.50
2011.07.19 03:29:06.531,0.82448,0.82477,1.50,4.35
2011.07.19 03:29:07.160,0.82448,0.82476,1.50,1.50
2011.07.19 03:29:22.507,0.82443,0.82476,1.50,1.50
2011.07.19 03:29:22.959,0.82443,0.82471,2.25,1.50
2011.07.19 03:29:23.187,0.82443,0.82469,2.25,1.50
2011.07.19 03:29:24.386,0.82443,0.8247,1.50,1.50
2011.07.19 03:29:24.772,0.82446,0.82474,1.50,1.13
2011.07.19 03:29:25.356,0.82447,0.82477,1.50,1.88
2011.07.19 03:29:26.787,0.82444,0.82476,1.50,3.60
2011.07.19 03:29:27.666,0.82444,0.82475,1.50,3.75
2011.07.19 03:29:28.216,0.82441,0.82473,1.73,3.00
2011.07.19 03:29:28.547,0.8244,0.82471,1.50,1.50
2011.07.19 03:29:33.738,0.8244,0.8247,1.50,1.13
2011.07.19 03:29:34.296,0.8244,0.82471,1.50,1.50
2011.07.19 03:29:40.837,0.82441,0.82471,3.00,1.50
2011.07.19 03:29:42.020,0.82442,0.82475,1.50,4.73
2011.07.19 03:29:42.356,0.82447,0.82475,1.50,1.35
2011.07.19 03:29:42.907,0.82445,0.82475,1.50,1.35
2011.07.19 03:30:00.608,0.82446,0.82478,1.50,1.50
2011.07.19 03:30:00.947,0.82444,0.82477,2.85,1.50
2011.07.19 03:30:01.066,0.82444,0.82479,2.10,3.38
2011.07.19 03:30:01.527,0.82444,0.82477,2.85,1.88
2011.07.19 03:30:02.225,0.82445,0.82477,1.13,1.50
2011.07.19 03:30:16.890,0.82451,0.82476,1.50,1.50
2011.07.19 03:30:38.178,0.82447,0.82477,1.50,1.50
2011.07.19 03:30:38.768,0.82448,0.82477,1.50,1.50
2011.07.19 03:30:43.400,0.82448,0.82477,1.50,1.50
2011.07.19 03:30:43.737,0.82451,0.82478,1.50,3.75
2011.07.19 03:30:44.287,0.82447,0.82478,1.50,3.75
2011.07.19 03:30:44.516,0.82447,0.82478,1.50,3.75
2011.07.19 03:30:46.839,0.82448,0.82476,1.50,1.50
2011.07.19 03:31:03.966,0.82449,0.82477,1.50,1.50
2011.07.19 03:31:07.867,0.82448,0.82477,1.50,1.50
2011.07.19 03:31:13.381,0.82446,0.8247,3.75,1.50
2011.07.19 03:31:14.030,0.8244,0.82468,1.50,1.35
2011.07.19 03:31:14.259,0.82435,0.82465,1.50,1.50
2011.07.19 03:31:15.367,0.82436,0.82466,1.50,1.50
2011.07.19 03:31:15.927,0.8244,0.82471,1.50,1.50
2011.07.19 03:31:16.769,0.8244,0.82471,1.88,1.50
2011.07.19 03:31:17.326,0.8244,0.82471,1.88,1.50
2011.07.19 03:31:18.228,0.82441,0.82471,1.50,1.50
2011.07.19 03:31:18.568,0.82449,0.82473,1.50,1.35
2011.07.19 03:31:18.797,0.82449,0.82475,1.50,1.50
2011.07.19 03:31:20.439,0.82445,0.82475,1.50,1.50
2011.07.19 03:31:21.045,0.82445,0.82475,1.50,4.13
2011.07.19 03:31:21.489,0.82441,0.8247,1.50,1.50
2011.07.19 03:31:21.608,0.82439,0.8247,3.00,1.50
2011.07.19 03:31:23.937,0.82438,0.82469,1.50,1.50
2011.07.19 03:31:24.789,0.82438,0.82469,1.50,1.50
2011.07.19 03:31:25.237,0.8244,0.82469,1.50,1.50
2011.07.19 03:31:25.348,0.82442,0.82469,1.50,1.50
2011.07.19 03:31:25.577,0.82438,0.82468,1.50,1.50
2011.07.19 03:31:25.958,0.82436,0.82468,1.35,4.13
2011.07.19 03:31:27.245,0.82434,0.8246,3.00,1.13
2011.07.19 03:31:27.469,0.82429,0.82458,1.50,1.50
2011.07.19 03:31:31.018,0.82428,0.82458,1.13,1.50
2011.07.19 03:31:31.585,0.82432,0.82459,1.50,1.50
2011.07.19 03:31:32.136,0.82427,0.82459,1.50,2.10
2011.07.19 03:31:33.817,0.82427,0.82459,1.50,2.48
2011.07.19 03:31:43.351,0.82426,0.82459,2.48,1.50
2011.07.19 03:31:43.690,0.8243,0.82461,1.50,1.50
2011.07.19 03:31:44.247,0.82429,0.82459,1.50,1.50
2011.07.19 03:31:45.130,0.82429,0.82459,1.50,1.50
2011.07.19 03:31:45.687,0.82429,0.82459,1.50,1.50
2011.07.19 03:31:47.917,0.82429,0.82459,2.10,1.50
2011.07.19 03:31:52.430,0.82434,0.82459,1.50,1.50
2011.07.19 03:31:53.209,0.82434,0.82459,1.50,1.88
2011.07.19 03:31:53.769,0.8243,0.82458,1.50,1.88
2011.07.19 03:31:54.097,0.82428,0.82458,2.25,1.88
2011.07.19 03:32:00.347,0.82429,0.8246,3.75,1.50
2011.07.19 03:32:04.428,0.82434,0.82466,1.50,3.75
2011.07.19 03:32:04.987,0.82434,0.82466,1.50,3.75
2011.07.19 03:32:05.428,0.82431,0.82459,2.25,1.50
2011.07.19 03:32:05.767,0.82429,0.82459,1.50,1.50
2011.07.19 03:32:09.299,0.82428,0.82456,1.50,1.50
2011.07.19 03:32:11.091,0.82432,0.82457,3.60,1.50
2011.07.19 03:32:11.430,0.82435,0.82465,1.50,1.35
2011.07.19 03:32:12.678,0.82436,0.82466,1.35,1.50
2011.07.19 03:32:13.016,0.82436,0.82466,1.35,1.50
2011.07.19 03:32:13.568,0.82435,0.82464,1.50,1.13
2011.07.19 03:32:14.138,0.82432,0.82464,1.50,1.73
2011.07.19 03:32:16.357,0.82433,0.82464,1.50,1.35
2011.07.19 03:32:23.358,0.82436,0.82465,1.50,1.13
2011.07.19 03:32:30.948,0.82436,0.82468,1.50,1.35
2011.07.19 03:32:31.507,0.82436,0.82468,1.50,1.35
2011.07.19 03:32:32.036,0.82436,0.82468,1.50,3.60
2011.07.19 03:32:33.547,0.82436,0.82466,1.50,1.13
2011.07.19 03:32:36.271,0.82431,0.82459,1.50,1.50
2011.07.19 03:32:39.566,0.82431,0.82459,1.50,1.50
2011.07.19 03:32:39.898,0.82434,0.82463,1.50,1.50
2011.07.19 03:32:40.458,0.82436,0.82463,1.13,1.50
2011.07.19 03:32:41.017,0.82436,0.82466,1.13,3.00
2011.07.19 03:32:44.086,0.82438,0.8247,1.50,1.13
2011.07.19 03:32:44.306,0.82438,0.8247,1.50,1.13
2011.07.19 03:32:45.458,0.82439,0.82471,1.13,3.00
2011.07.19 03:32:49.477,0.82441,0.82469,1.50,1.50
2011.07.19 03:32:49.916,0.82438,0.82469,2.25,1.50
2011.07.19 03:33:02.247,0.82438,0.82469,2.25,1.50
2011.07.19 03:33:02.467,0.82441,0.82468,1.50,1.50
2011.07.19 03:33:02.797,0.8244,0.82472,1.50,1.50
2011.07.19 03:33:50.731,0.82443,0.82473,1.50,1.50
2011.07.19 03:33:50.959,0.82444,0.82472,1.50,2.10
2011.07.19 03:33:51.348,0.82443,0.82472,1.50,2.10
2011.07.19 03:33:59.857,0.82442,0.82472,1.50,1.35
2011.07.19 03:34:10.538,0.82445,0.82473,3.00,1.50
2011.07.19 03:34:10.767,0.82447,0.82479,1.50,3.38
2011.07.19 03:34:11.422,0.82447,0.82479,1.50,1.13
2011.07.19 03:34:44.627,0.82448,0.8248,1.50,3.98
2011.07.19 03:35:00.737,0.82449,0.8248,1.35,3.00
2011.07.19 03:35:02.431,0.82449,0.82478,1.35,1.13
2011.07.19 03:35:07.529,0.82449,0.8248,1.35,3.00
2011.07.19 03:35:07.970,0.82449,0.82481,1.35,1.13
2011.07.19 03:35:22.730,0.82447,0.82479,4.88,2.10
2011.07.19 03:35:23.069,0.82447,0.82478,3.75,1.13
2011.07.19 03:35:23.301,0.82444,0.82476,2.25,1.50
2011.07.19 03:35:38.467,0.82444,0.82476,2.25,2.10
2011.07.19 03:36:17.058,0.82452,0.82482,1.35,2.25
2011.07.19 03:36:17.178,0.82455,0.82482,1.50,1.50
2011.07.19 03:36:17.740,0.82457,0.82491,3.38,3.75
2011.07.19 03:36:18.188,0.82457,0.82489,1.13,1.35
2011.07.19 03:36:27.586,0.82457,0.82489,1.13,1.35
2011.07.19 03:36:28.156,0.82457,0.82489,3.38,1.35
2011.07.19 03:36:30.768,0.82457,0.82489,3.38,1.35
2011.07.19 03:36:31.109,0.82457,0.82489,1.13,1.35
2011.07.19 03:36:36.617,0.82458,0.82489,1.13,1.35
2011.07.19 03:36:58.319,0.82458,0.82486,1.13,1.50
2011.07.19 03:36:58.657,0.82458,0.82489,1.13,1.95
2011.07.19 03:37:12.233,0.82456,0.82484,1.50,1.50
2011.07.19 03:37:12.579,0.82451,0.82479,1.35,1.50
2011.07.19 03:37:14.017,0.82451,0.82479,1.35,1.50
2011.07.19 03:37:18.358,0.82451,0.82479,1.35,1.50
2011.07.19 03:37:19.073,0.82449,0.82477,1.50,1.13
2011.07.19 03:37:19.192,0.82447,0.82477,1.35,1.13
2011.07.19 03:37:20.917,0.82446,0.82478,1.88,4.35
2011.07.19 03:37:21.468,0.8245,0.82478,1.50,2.10
2011.07.19 03:37:26.147,0.8245,0.82478,1.50,2.10
2011.07.19 03:37:40.797,0.82447,0.82477,1.50,1.13
2011.07.19 03:37:41.497,0.82444,0.82474,1.50,1.50
2011.07.19 03:37:48.266,0.82443,0.82474,3.60,1.50
2011.07.19 03:37:49.049,0.82443,0.82474,3.60,1.50
2011.07.19 03:37:49.519,0.82446,0.82474,1.50,1.50
2011.07.19 03:37:49.637,0.82446,0.82474,1.50,1.50
2011.07.19 03:37:51.338,0.82446,0.82474,1.50,1.50
2011.07.19 03:38:00.908,0.82446,0.82474,1.50,1.50
2011.07.19 03:38:03.067,0.82446,0.82474,1.50,1.50
2011.07.19 03:38:03.887,0.82446,0.82474,1.50,1.50
2011.07.19 03:38:04.993,0.82445,0.82477,1.50,3.38
2011.07.19 03:38:05.330,0.82445,0.82477,1.50,3.38
2011.07.19 03:38:05.670,0.82447,0.82477,1.13,3.00
2011.07.19 03:38:20.037,0.8245,0.82478,1.50,1.50
2011.07.19 03:38:22.897,0.8245,0.82478,1.50,1.50
2011.07.19 03:38:25.356,0.8245,0.82478,1.50,1.50
2011.07.19 03:38:29.338,0.8245,0.82478,1.50,1.50
2011.07.19 03:38:33.869,0.8245,0.82478,1.50,1.50
2011.07.19 03:38:34.099,0.82448,0.82475,3.75,1.50
2011.07.19 03:38:38.407,0.82444,0.82475,1.50,1.50
2011.07.19 03:38:38.646,0.82444,0.82475,1.50,1.50
2011.07.19 03:38:42.033,0.82446,0.82478,1.88,2.10
2011.07.19 03:38:42.590,0.8245,0.82478,1.50,1.50
2011.07.19 03:38:43.989,0.82452,0.82484,2.10,1.35
2011.07.19 03:38:44.109,0.82453,0.82485,3.00,1.50
2011.07.19 03:38:44.447,0.82457,0.82486,1.50,1.50
2011.07.19 03:38:45.422,0.82457,0.82487,2.25,1.50
2011.07.19 03:38:49.267,0.82457,0.82487,2.25,1.50
2011.07.19 03:38:57.119,0.82457,0.82487,2.25,1.50
2011.07.19 03:38:57.458,0.8245,0.82479,2.10,1.13
2011.07.19 03:38:57.798,0.82448,0.82477,1.50,2.10
2011.07.19 03:38:58.519,0.82447,0.82475,1.50,1.50
2011.07.19 03:38:59.491,0.82447,0.82475,1.50,1.50
2011.07.19 03:39:00.049,0.82445,0.82478,1.50,4.73
2011.07.19 03:39:00.280,0.82446,0.82478,1.13,2.10
2011.07.19 03:39:00.933,0.82446,0.82478,1.88,1.35
2011.07.19 03:39:05.107,0.82446,0.82478,1.50,3.60
2011.07.19 03:39:16.777,0.82445,0.82478,1.13,3.00
2011.07.19 03:39:17.296,0.82448,0.82481,4.13,1.35
2011.07.19 03:39:17.521,0.82448,0.82481,4.13,1.35
2011.07.19 03:39:17.751,0.82449,0.82479,1.50,1.50
2011.07.19 03:39:22.009,0.82447,0.82475,1.50,1.50
2011.07.19 03:39:35.267,0.82446,0.82476,1.50,1.50
2011.07.19 03:39:39.258,0.82448,0.82479,3.38,1.35
2011.07.19 03:39:40.029,0.82447,0.82479,1.50,2.10
2011.07.19 03:39:40.372,0.82443,0.82476,1.50,3.00
2011.07.19 03:39:50.339,0.82446,0.82478,3.38,1.50
2011.07.19 03:39:50.568,0.82447,0.82479,1.50,1.50
2011.07.19 03:39:51.038,0.8245,0.82479,1.13,1.50
2011.07.19 03:39:51.271,0.82452,0.82482,1.35,1.50
2011.07.19 03:39:51.501,0.82453,0.82484,3.00,1.13
2011.07.19 03:39:53.827,0.82452,0.82483,1.35,1.13
2011.07.19 03:39:57.818,0.82452,0.82483,1.35,1.13
2011.07.19 03:39:58.877,0.82453,0.82484,3.00,1.13
2011.07.19 03:40:00.983,0.82456,0.82485,1.50,1.13
2011.07.19 03:40:01.543,0.82456,0.82487,3.00,1.35
2011.07.19 03:40:01.769,0.82459,0.82491,1.35,1.50
2011.07.19 03:40:05.586,0.82459,0.82491,1.35,1.50
2011.07.19 03:40:06.691,0.82462,0.82491,1.13,1.50
2011.07.19 03:40:07.246,0.82465,0.82494,1.50,1.35
2011.07.19 03:40:10.807,0.82465,0.82497,1.50,1.50
2011.07.19 03:40:11.826,0.82471,0.82501,1.50,5.10
2011.07.19 03:40:12.926,0.82473,0.82501,1.50,3.60
2011.07.19 03:40:13.508,0.82473,0.82501,1.50,3.60
2011.07.19 03:40:15.681,0.82473,0.82501,1.50,3.60
2011.07.19 03:40:23.040,0.82473,0.82498,1.50,1.13
2011.07.19 03:40:23.158,0.82471,0.82497,1.50,1.73
2011.07.19 03:40:25.408,0.82466,0.82497,1.50,1.73
2011.07.19 03:40:25.917,0.82466,0.82497,2.25,1.73
2011.07.19 03:40:27.386,0.82466,0.82497,2.25,1.35
2011.07.19 03:40:27.716,0.82466,0.82498,2.25,3.38
2011.07.19 03:40:28.260,0.82466,0.82495,2.25,1.13
2011.07.19 03:40:28.601,0.82469,0.82498,1.50,1.35
2011.07.19 03:40:28.989,0.82469,0.82498,1.50,1.35
2011.07.19 03:40:31.848,0.82468,0.82495,1.50,1.50
2011.07.19 03:40:33.957,0.82469,0.82499,1.50,3.00
2011.07.19 03:40:39.332,0.82469,0.82499,1.50,3.00
2011.07.19 03:40:39.867,0.8247,0.82496,1.50,1.13
2011.07.19 03:40:39.979,0.8247,0.82495,1.50,1.13
2011.07.19 03:40:48.500,0.82472,0.82499,1.50,1.35
2011.07.19 03:40:48.728,0.82472,0.82499,1.50,1.35
2011.07.19 03:41:00.877,0.82472,0.82501,1.50,3.38
2011.07.19 03:41:08.028,0.82471,0.825,1.50,1.73
2011.07.19 03:41:09.268,0.82471,0.82501,1.50,3.38
2011.07.19 03:41:23.078,0.82472,0.825,1.50,1.13
2011.07.19 03:41:23.528,0.8247,0.82499,1.50,3.60
2011.07.19 03:41:25.987,0.82474,0.82501,1.50,3.23
2011.07.19 03:41:26.539,0.82474,0.82501,1.50,3.23
2011.07.19 03:41:27.697,0.82472,0.82501,1.50,3.23
2011.07.19 03:41:34.558,0.82473,0.82498,1.50,3.38
2011.07.19 03:41:34.979,0.82466,0.82493,1.50,1.50
2011.07.19 03:41:46.626,0.82466,0.82497,2.25,1.13
2011.07.19 03:42:02.297,0.82466,0.82493,2.25,1.50
2011.07.19 03:42:04.857,0.82466,0.82494,2.25,1.50
2011.07.19 03:42:06.596,0.82466,0.82497,2.25,1.13
2011.07.19 03:42:07.066,0.82466,0.82493,2.25,1.50
2011.07.19 03:42:09.998,0.82466,0.82499,4.50,1.35
2011.07.19 03:42:11.776,0.82473,0.82501,1.50,1.35
2011.07.19 03:42:14.306,0.82472,0.82501,1.50,1.35
2011.07.19 03:42:25.519,0.82471,0.82495,1.50,3.00
2011.07.19 03:42:25.750,0.82466,0.82493,1.50,1.50
2011.07.19 03:42:25.976,0.82472,0.82496,1.50,1.50
2011.07.19 03:42:26.196,0.82472,0.82496,1.50,1.50
2011.07.19 03:42:27.086,0.82466,0.82496,2.25,1.50
2011.07.19 03:42:27.416,0.82466,0.82496,2.25,1.50
2011.07.19 03:42:47.567,0.82467,0.82496,3.00,1.50
2011.07.19 03:42:47.896,0.82475,0.82502,3.60,2.25
2011.07.19 03:42:48.245,0.82482,0.8251,1.50,1.35
2011.07.19 03:42:48.367,0.82484,0.82512,1.50,1.50
2011.07.19 03:42:48.706,0.82485,0.82514,1.50,3.00
2011.07.19 03:42:54.568,0.82486,0.82518,1.13,3.00
2011.07.19 03:42:58.762,0.8249,0.82518,1.35,3.00
2011.07.19 03:42:59.172,0.82493,0.82521,1.50,1.50
2011.07.19 03:42:59.616,0.82494,0.82521,1.13,1.50
2011.07.19 03:43:00.166,0.82494,0.82527,3.38,2.10
2011.07.19 03:43:00.275,0.82494,0.82527,3.38,2.10
2011.07.19 03:43:00.719,0.82493,0.82521,1.50,1.50
2011.07.19 03:43:02.006,0.82492,0.82521,1.50,1.50
2011.07.19 03:43:02.556,0.8249,0.8252,1.50,1.50
2011.07.19 03:43:06.756,0.82489,0.82521,1.50,1.50
2011.07.19 03:43:07.106,0.82489,0.82521,1.50,1.50
2011.07.19 03:43:07.325,0.82489,0.82521,1.50,1.50
2011.07.19 03:43:08.527,0.8249,0.82521,1.50,1.50
2011.07.19 03:43:09.358,0.82485,0.82518,2.10,1.88
2011.07.19 03:43:12.255,0.82489,0.82521,1.50,3.00
2011.07.19 03:43:15.348,0.82489,0.82522,1.50,3.75
2011.07.19 03:43:22.217,0.82497,0.82522,1.73,1.50
2011.07.19 03:43:22.340,0.825,0.82525,1.50,1.50
2011.07.19 03:43:22.459,0.82504,0.82533,1.13,1.35
2011.07.19 03:43:22.688,0.82506,0.82536,1.35,1.35
2011.07.19 03:43:22.807,0.82507,0.82537,1.50,1.50
2011.07.19 03:43:23.148,0.82514,0.82541,1.50,2.25
2011.07.19 03:43:23.378,0.82515,0.82542,1.35,1.05
2011.07.19 03:43:24.835,0.82515,0.82542,1.35,1.05
2011.07.19 03:43:25.387,0.82514,0.82542,1.50,1.05
2011.07.19 03:43:25.619,0.82512,0.82539,1.50,1.50
2011.07.19 03:43:25.847,0.8251,0.82539,1.50,1.50
2011.07.19 03:43:28.098,0.82507,0.82533,1.50,1.50
2011.07.19 03:43:28.326,0.82507,0.82533,1.50,1.50
2011.07.19 03:43:28.657,0.82507,0.82533,1.50,1.50
2011.07.19 03:43:29.357,0.82511,0.82538,2.10,1.50
2011.07.19 03:43:29.806,0.82513,0.8254,1.50,1.50
2011.07.19 03:43:30.364,0.82513,0.8254,1.50,1.50
2011.07.19 03:43:33.287,0.82513,0.8254,1.50,1.50
2011.07.19 03:43:36.798,0.82515,0.8254,3.60,1.50
2011.07.19 03:43:38.037,0.82514,0.82542,2.25,1.80
2011.07.19 03:43:47.538,0.82515,0.8254,1.50,1.50
2011.07.19 03:43:48.937,0.82513,0.8254,1.50,1.50
2011.07.19 03:43:49.277,0.82509,0.82539,1.50,1.88
2011.07.19 03:44:02.028,0.82506,0.82539,2.10,3.75
2011.07.19 03:44:11.601,0.82506,0.82536,2.10,1.13
2011.07.19 03:44:11.936,0.82501,0.82535,1.13,1.50
2011.07.19 03:44:14.806,0.82501,0.82535,1.13,1.50
2011.07.19 03:44:30.616,0.82504,0.82536,1.50,1.35
2011.07.19 03:44:35.600,0.8251,0.82539,1.50,1.50
2011.07.19 03:44:35.717,0.82511,0.82539,1.50,1.50
2011.07.19 03:44:40.436,0.8251,0.82541,1.50,2.70
2011.07.19 03:44:43.259,0.8251,0.82541,1.50,2.70
2011.07.19 03:44:43.597,0.8251,0.82541,1.50,2.10
2011.07.19 03:44:50.136,0.8251,0.82541,1.50,2.10
2011.07.19 03:44:54.996,0.82511,0.8254,1.50,1.50
2011.07.19 03:45:01.355,0.82509,0.82541,1.50,1.35
2011.07.19 03:45:01.687,0.82512,0.8254,1.50,1.50
2011.07.19 03:45:12.009,0.82511,0.82541,1.50,1.50
2011.07.19 03:45:12.459,0.82509,0.8254,1.50,2.25
2011.07.19 03:45:12.909,0.82509,0.82541,1.50,4.35
2011.07.19 03:45:25.107,0.82509,0.82539,1.50,1.35
2011.07.19 03:45:26.106,0.8251,0.82539,1.50,2.10
2011.07.19 03:45:28.188,0.82509,0.82539,1.50,1.35
2011.07.19 03:45:29.265,0.8251,0.82539,1.50,2.10
2011.07.19 03:45:31.349,0.82509,0.82539,1.50,1.35
2011.07.19 03:45:31.747,0.82509,0.82539,1.50,1.35
2011.07.19 03:45:42.959,0.8251,0.82539,1.50,1.35
2011.07.19 03:45:43.187,0.82509,0.82539,1.13,2.10
2011.07.19 03:45:43.522,0.82513,0.82539,1.50,1.50
2011.07.19 03:45:51.347,0.82513,0.82537,1.50,1.50
2011.07.19 03:45:51.785,0.82513,0.82537,1.50,1.50
2011.07.19 03:46:00.817,0.82509,0.82539,1.50,3.75
2011.07.19 03:46:01.158,0.82503,0.82534,1.50,3.00
2011.07.19 03:46:05.688,0.82503,0.82535,1.88,3.60
2011.07.19 03:46:06.346,0.82503,0.82535,1.88,1.35
2011.07.19 03:46:30.590,0.82503,0.82535,1.50,1.35
2011.07.19 03:46:31.727,0.82503,0.82535,1.50,3.60
2011.07.19 03:46:32.314,0.82503,0.82537,4.35,3.60
2011.07.19 03:46:34.278,0.82503,0.82537,4.35,3.60
2011.07.19 03:46:34.837,0.82503,0.82532,3.75,2.10
2011.07.19 03:46:34.959,0.82503,0.8253,3.75,1.50
2011.07.19 03:46:35.296,0.825,0.8253,1.50,2.10
2011.07.19 03:46:36.547,0.82497,0.82528,1.50,1.88
2011.07.19 03:46:36.988,0.82497,0.82527,1.50,1.35
2011.07.19 03:46:52.116,0.82494,0.82526,1.50,1.13
2011.07.19 03:47:41.386,0.82494,0.82526,1.35,1.88
2011.07.19 03:47:46.115,0.82494,0.82526,1.35,1.88
2011.07.19 03:47:46.857,0.82494,0.82526,1.35,1.88
2011.07.19 03:47:48.314,0.82494,0.82526,2.10,1.88
2011.07.19 03:47:52.925,0.82494,0.82526,2.48,1.50
2011.07.19 03:47:53.570,0.82494,0.82526,2.48,1.50
2011.07.19 03:47:56.237,0.82494,0.82527,2.10,1.50
2011.07.19 03:47:56.348,0.82495,0.82527,3.38,1.50
2011.07.19 03:48:01.566,0.82495,0.82527,3.00,1.50
2011.07.19 03:48:13.367,0.82495,0.82527,3.00,1.50
2011.07.19 03:48:13.809,0.82495,0.82527,3.00,1.50
2011.07.19 03:48:14.147,0.82495,0.82527,3.00,1.50
2011.07.19 03:48:14.707,0.82495,0.82527,3.00,1.50
2011.07.19 03:48:22.826,0.82495,0.82526,3.00,1.50
2011.07.19 03:48:49.677,0.82495,0.82528,3.00,3.60
2011.07.19 03:49:16.906,0.82494,0.82527,2.63,3.00
2011.07.19 03:49:17.455,0.82494,0.82526,2.63,1.35
2011.07.19 03:49:19.586,0.82495,0.82526,1.13,1.35
2011.07.19 03:50:19.981,0.82494,0.82527,2.25,2.10
2011.07.19 03:50:55.398,0.82494,0.82525,1.50,1.35
2011.07.19 03:51:03.059,0.82498,0.82525,1.50,2.25
2011.07.19 03:51:03.540,0.82498,0.8253,3.75,1.50
2011.07.19 03:51:15.818,0.82498,0.8253,3.00,2.48
2011.07.19 03:51:18.010,0.825,0.8253,1.13,1.35
2011.07.19 03:51:18.347,0.82501,0.8253,3.00,1.35
2011.07.19 03:51:27.016,0.82501,0.82531,3.00,1.50
2011.07.19 03:51:50.148,0.825,0.82528,1.13,1.35
2011.07.19 03:51:50.707,0.82497,0.82528,3.75,1.35
2011.07.19 03:52:19.528,0.82497,0.82528,3.38,1.35
2011.07.19 03:52:35.847,0.82501,0.82528,3.38,1.35
2011.07.19 03:53:04.778,0.825,0.8253,3.00,1.50
2011.07.19 03:53:05.117,0.82497,0.8253,1.50,3.75
2011.07.19 03:53:05.557,0.82492,0.82524,3.38,2.10
2011.07.19 03:53:45.857,0.82493,0.82525,1.73,1.50
2011.07.19 03:53:50.368,0.82495,0.82527,3.00,1.13
2011.07.19 03:53:50.708,0.82494,0.82527,1.50,1.13
2011.07.19 03:53:51.037,0.82493,0.82527,2.48,1.88
2011.07.19 03:54:01.080,0.82493,0.8252,1.50,1.50
2011.07.19 03:54:01.421,0.82491,0.82521,1.50,2.10
2011.07.19 03:54:01.760,0.82493,0.8252,1.50,1.50
2011.07.19 03:54:05.838,0.82491,0.82521,1.50,2.10
2011.07.19 03:54:06.167,0.82486,0.82518,1.35,3.00
2011.07.19 03:54:14.668,0.82485,0.82518,1.50,3.60
2011.07.19 03:54:16.059,0.82483,0.82516,3.60,1.13
2011.07.19 03:54:21.447,0.82489,0.82516,1.13,3.00
2011.07.19 03:54:21.559,0.8249,0.82517,1.13,2.10
2011.07.19 03:54:21.679,0.82493,0.82519,1.50,1.50
2011.07.19 03:54:21.908,0.82488,0.82521,3.60,2.25
2011.07.19 03:54:22.030,0.82495,0.82521,1.13,1.50
2011.07.19 03:54:22.371,0.82497,0.82528,1.50,4.35
2011.07.19 03:54:22.957,0.82496,0.82528,1.50,3.60
2011.07.19 03:54:25.378,0.82496,0.82525,1.50,3.00
2011.07.19 03:54:29.108,0.82497,0.82525,1.50,3.00
2011.07.19 03:54:29.227,0.82497,0.82525,1.50,3.00
2011.07.19 03:54:46.848,0.82497,0.82525,1.50,3.00
2011.07.19 03:54:48.117,0.82497,0.82525,1.50,3.00
2011.07.19 03:54:50.848,0.82497,0.82525,1.50,3.00
2011.07.19 03:54:51.425,0.82497,0.82525,1.50,3.00
2011.07.19 03:54:53.608,0.82495,0.82525,1.88,3.00
2011.07.19 03:55:01.091,0.82499,0.82529,1.50,3.75
2011.07.19 03:55:01.317,0.82499,0.82529,1.50,3.00
2011.07.19 03:55:01.647,0.82498,0.82528,1.50,1.50
2011.07.19 03:55:06.330,0.82498,0.82526,2.93,2.25
2011.07.19 03:55:06.668,0.82496,0.8252,1.50,1.50
2011.07.19 03:55:07.016,0.82496,0.82515,1.50,1.50
2011.07.19 03:55:07.239,0.82486,0.82512,1.50,1.50
2011.07.19 03:55:07.467,0.82486,0.82512,1.50,1.50
2011.07.19 03:55:07.689,0.82485,0.82512,1.50,1.50
2011.07.19 03:55:08.030,0.82481,0.82512,1.13,1.50
2011.07.19 03:55:15.858,0.82485,0.82514,3.00,1.50
2011.07.19 03:55:16.187,0.82483,0.82513,3.38,1.50
2011.07.19 03:55:18.028,0.82483,0.82513,3.00,1.50
2011.07.19 03:55:21.020,0.82486,0.82513,1.13,1.50
2011.07.19 03:55:21.577,0.82487,0.82515,1.50,1.35
2011.07.19 03:55:21.687,0.82487,0.82518,1.50,1.35
2011.07.19 03:55:22.651,0.82488,0.82518,1.13,1.35
2011.07.19 03:55:22.988,0.82488,0.82518,1.88,1.35
2011.07.19 03:55:24.710,0.82491,0.82521,1.73,1.50
2011.07.19 03:55:24.942,0.82494,0.82522,1.73,2.10
2011.07.19 03:55:25.279,0.82496,0.82527,3.00,1.35
2011.07.19 03:55:25.399,0.82497,0.82527,3.00,1.35
2011.07.19 03:55:27.205,0.82497,0.82527,3.00,1.35
2011.07.19 03:55:27.539,0.82497,0.82529,3.00,1.50
2011.07.19 03:55:28.098,0.82497,0.82529,3.00,1.50
2011.07.19 03:55:32.367,0.82497,0.82529,3.38,1.50
2011.07.19 03:55:33.140,0.82497,0.8253,3.00,1.88
2011.07.19 03:55:33.640,0.82497,0.82529,3.00,1.50
2011.07.19 03:55:34.447,0.82497,0.82529,3.00,2.10
2011.07.19 03:55:34.998,0.82497,0.82529,3.00,1.35
2011.07.19 03:55:51.189,0.82495,0.82529,4.13,3.98
2011.07.19 03:55:55.590,0.82497,0.82529,1.50,3.60
2011.07.19 03:55:56.101,0.825,0.82529,1.50,1.35
2011.07.19 03:55:56.329,0.825,0.82529,1.50,1.35
2011.07.19 03:55:57.439,0.82499,0.82529,2.25,1.73
2011.07.19 03:55:57.667,0.82494,0.82527,1.73,3.00
2011.07.19 03:56:01.188,0.82494,0.82524,3.00,1.50
2011.07.19 03:56:10.998,0.82495,0.82524,1.13,1.50
2011.07.19 03:56:11.438,0.82494,0.82523,1.50,1.50
2011.07.19 03:56:35.591,0.82497,0.82523,1.13,1.50
2011.07.19 03:56:35.818,0.82497,0.82527,1.13,1.35
2011.07.19 03:56:36.048,0.82497,0.8253,3.38,1.35
2011.07.19 03:56:36.378,0.82501,0.82531,3.00,1.50
2011.07.19 03:56:36.600,0.82501,0.82531,3.00,1.50
2011.07.19 03:56:38.989,0.82498,0.82531,3.00,1.50
2011.07.19 03:56:41.429,0.82496,0.82528,1.50,3.23
2011.07.19 03:56:41.658,0.82495,0.82525,1.50,1.50
2011.07.19 03:56:43.508,0.82495,0.82525,1.50,1.50
2011.07.19 03:56:49.827,0.82495,0.82527,1.50,1.50
2011.07.19 03:56:56.580,0.82496,0.82525,4.13,1.50
2011.07.19 03:56:56.917,0.82495,0.82525,1.50,1.50
2011.07.19 03:57:00.067,0.82497,0.82527,1.88,1.50
2011.07.19 03:57:00.399,0.82498,0.82531,1.88,1.50
2011.07.19 03:57:00.957,0.82499,0.82533,1.50,4.35
2011.07.19 03:57:01.178,0.82499,0.82533,1.50,4.35
2011.07.19 03:57:02.308,0.82498,0.82532,1.50,1.50
2011.07.19 03:57:02.528,0.82498,0.82528,1.50,1.50
2011.07.19 03:57:02.749,0.82498,0.82528,1.50,1.50
2011.07.19 03:57:03.330,0.82498,0.82528,1.50,1.50
2011.07.19 03:57:03.965,0.82498,0.82528,1.50,1.50
2011.07.19 03:57:09.699,0.82494,0.82528,4.13,4.13
2011.07.19 03:57:14.078,0.82498,0.82528,1.13,3.75
2011.07.19 03:57:14.628,0.825,0.82529,1.50,1.13
2011.07.19 03:57:14.957,0.82496,0.82528,1.50,1.50
2011.07.19 03:57:17.329,0.82496,0.82528,1.50,1.50
2011.07.19 03:57:22.501,0.82496,0.82528,1.88,1.50
2011.07.19 03:57:23.978,0.82498,0.82528,1.35,1.50
2011.07.19 03:57:24.702,0.82502,0.82528,1.13,1.50
2011.07.19 03:57:24.932,0.8251,0.82536,1.50,2.25
2011.07.19 03:57:25.164,0.82514,0.82534,1.13,1.50
2011.07.19 03:57:25.499,0.82525,0.82543,1.13,1.05
2011.07.19 03:57:25.732,0.82526,0.82556,1.50,1.88
2011.07.19 03:57:25.963,0.82526,0.82551,1.13,1.50
2011.07.19 03:57:26.519,0.82527,0.82556,1.35,1.50
2011.07.19 03:57:26.638,0.82527,0.82556,1.35,1.50
2011.07.19 03:57:27.188,0.82527,0.82556,1.35,1.50
2011.07.19 03:57:27.792,0.82527,0.82556,1.35,1.50
2011.07.19 03:57:33.541,0.82529,0.82559,1.50,3.00
2011.07.19 03:57:41.797,0.82529,0.82559,1.50,3.00
2011.07.19 03:57:42.241,0.82531,0.82561,1.35,1.50
2011.07.19 03:57:45.089,0.82534,0.82558,1.50,1.50
2011.07.19 03:57:45.979,0.82525,0.8255,1.50,1.50
2011.07.19 03:57:46.433,0.82521,0.8255,1.50,1.50
2011.07.19 03:57:46.662,0.82521,0.82545,1.50,1.50
2011.07.19 03:57:46.780,0.82516,0.82545,2.25,1.50
2011.07.19 03:57:46.900,0.82516,0.82543,1.50,1.50
2011.07.19 03:57:47.019,0.82515,0.82543,1.50,1.50
2011.07.19 03:57:47.141,0.82512,0.82544,1.50,4.13
2011.07.19 03:57:47.369,0.82511,0.82543,1.35,3.00
2011.07.19 03:57:48.896,0.82511,0.82544,1.73,1.50
2011.07.19 03:57:49.119,0.82514,0.82544,1.50,1.50
2011.07.19 03:57:49.883,0.82516,0.82542,1.50,1.50
2011.07.19 03:57:59.928,0.82517,0.82543,1.50,1.50
2011.07.19 03:58:00.258,0.82513,0.82543,2.25,1.13
2011.07.19 03:58:18.168,0.82514,0.82543,3.00,1.50
2011.07.19 03:58:18.828,0.82514,0.82544,3.75,1.50
2011.07.19 03:58:19.270,0.82517,0.82548,1.35,1.50
2011.07.19 03:58:27.281,0.82517,0.82541,1.50,1.50
2011.07.19 03:58:27.507,0.82514,0.8254,3.75,1.50
2011.07.19 03:58:27.618,0.82519,0.8254,2.25,1.50
2011.07.19 03:58:27.730,0.82519,0.8254,3.00,1.50
2011.07.19 03:58:27.959,0.8252,0.82548,1.13,1.50
2011.07.19 03:58:38.099,0.8252,0.82553,1.13,2.10
2011.07.19 03:58:38.550,0.82527,0.82556,1.50,1.50
2011.07.19 03:58:38.940,0.82528,0.82557,4.88,1.35
2011.07.19 03:58:41.730,0.82529,0.82557,2.25,1.35
2011.07.19 03:58:50.003,0.82527,0.82555,1.50,1.73
2011.07.19 03:58:50.339,0.82525,0.82553,1.50,1.50
2011.07.19 03:58:50.678,0.82527,0.82555,1.50,1.35
2011.07.19 03:58:50.898,0.82527,0.82555,1.50,1.35
2011.07.19 03:58:54.358,0.82526,0.82555,1.50,1.35
2011.07.19 03:58:54.907,0.82523,0.82555,1.50,1.35
2011.07.19 03:58:55.821,0.82522,0.82552,1.50,1.13
2011.07.19 03:58:58.109,0.82519,0.82552,3.75,1.13
2011.07.19 03:59:02.259,0.82519,0.82551,1.50,3.00
2011.07.19 03:59:07.929,0.82519,0.82549,1.13,1.50
2011.07.19 03:59:08.719,0.8252,0.8255,3.00,1.35
2011.07.19 03:59:12.113,0.8252,0.82553,3.00,1.50
2011.07.19 03:59:14.048,0.82518,0.82549,2.48,1.50
2011.07.19 03:59:15.089,0.82518,0.82549,1.88,1.50
2011.07.19 03:59:18.029,0.82518,0.82549,1.50,1.50
2011.07.19 03:59:21.531,0.82518,0.82549,1.50,1.50
2011.07.19 03:59:21.872,0.82523,0.82555,1.50,1.35
2011.07.19 03:59:22.209,0.82526,0.82555,1.13,1.35
2011.07.19 03:59:23.288,0.82527,0.82558,1.13,2.10
2011.07.19 03:59:24.165,0.82527,0.82558,1.13,1.35
2011.07.19 03:59:28.028,0.82527,0.82559,1.13,3.00
2011.07.19 03:59:28.359,0.82527,0.82557,1.13,3.75
2011.07.19 03:59:34.090,0.82528,0.82557,1.50,2.10
2011.07.19 03:59:35.492,0.82528,0.82555,1.50,1.13
2011.07.19 03:59:35.830,0.82521,0.82552,1.88,1.35
